vemquartile,administered_date,total_doses,cumulative_total_doses,pfizer_doses,cumulative_pfizer_doses,moderna_doses,cumulative_moderna_doses,jj_doses,cumulative_jj_doses,partially_vaccinated,total_partially_vaccinated,pct_age12pop_partially_vaccinated,fully_vaccinated,cumulative_fully_vaccinated,pct_age12pop_fully_vaccinated,at_least_one_dose,cumulative_at_least_one_dose,pct_age12pop_at_least_one_dose,age12_population
1,2020-12-15,150,150,150,150,0,0,0,0,150,150,1.7e-05,0,0,0.0,150,150,1.7e-05,8700223
1,2020-12-16,1177,1327,1177,1327,0,0,0,0,1177,1327,0.000153,0,0,0.0,1177,1327,0.000153,8700223
1,2020-12-17,4141,5468,4141,5468,0,0,0,0,4142,5469,0.000629,0,0,0.0,4142,5469,0.000629,8700223
1,2020-12-18,6325,11793,6305,11773,20,20,0,0,6326,11794,0.001356,1,1,0.0,6326,11795,0.001356,8700223
1,2020-12-19,2869,14662,2868,14641,1,21,0,0,2868,14661,0.001685,1,2,0.0,2868,14663,0.001685,8700223
1,2020-12-20,2123,16785,2116,16757,7,28,0,0,2124,16785,0.001929,0,2,0.0,2124,16787,0.001929,8700223
1,2020-12-21,7623,24408,7609,24366,14,42,0,0,7673,24458,0.002811,1,3,0.0,7674,24461,0.002812,8700223
1,2020-12-22,7283,31691,6943,31309,340,382,0,0,7285,31741,0.003648,2,5,1e-06,7285,31746,0.003649,8700223
1,2020-12-23,7837,39528,6584,37893,1253,1635,0,0,7832,39572,0.004548,2,7,1e-06,7833,39579,0.004549,8700223
1,2020-12-24,3303,42831,2362,40255,941,2576,0,0,3305,42877,0.004928,0,7,1e-06,3305,42884,0.004929,8700223
1,2020-12-25,236,43067,151,40406,85,2661,0,0,236,43113,0.004955,0,7,1e-06,236,43120,0.004956,8700223
1,2020-12-26,1349,44416,962,41368,387,3048,0,0,1348,44460,0.00511,1,8,1e-06,1348,44468,0.005111,8700223
1,2020-12-27,865,45281,533,41901,332,3380,0,0,865,45324,0.00521,1,9,1e-06,865,45333,0.005211,8700223
1,2020-12-28,7079,52360,4757,46658,2322,5702,0,0,7077,52401,0.006023,0,9,1e-06,7077,52410,0.006024,8700223
1,2020-12-29,8863,61223,4979,51637,3884,9586,0,0,8860,61260,0.007041,1,10,1e-06,8860,61270,0.007042,8700223
1,2020-12-30,11569,72792,6445,58082,5124,14710,0,0,11569,72829,0.008371,0,10,1e-06,11569,72839,0.008372,8700223
1,2020-12-31,5950,78742,1961,60043,3989,18699,0,0,5948,78775,0.009054,3,13,1e-06,5949,78788,0.009056,8700223
1,2021-01-01,560,79302,194,60237,366,19065,0,0,559,79333,0.009119,1,14,2e-06,559,79347,0.00912,8700223
1,2021-01-02,2897,82199,1760,61997,1137,20202,0,0,2899,82232,0.009452,0,14,2e-06,2899,82246,0.009453,8700223
1,2021-01-03,1021,83220,546,62543,475,20677,0,0,1019,83249,0.009569,2,16,2e-06,1019,83265,0.00957,8700223
1,2021-01-04,7352,90572,3580,66123,3772,24449,0,0,7356,90604,0.010414,1,17,2e-06,7356,90621,0.010416,8700223
1,2021-01-05,10785,101357,5195,71318,5590,30039,0,0,10033,99923,0.011485,736,753,8.7e-05,10055,100676,0.011572,8700223
1,2021-01-06,14009,115366,7029,78347,6980,37019,0,0,12122,110201,0.012666,1852,2605,0.000299,12130,112806,0.012966,8700223
1,2021-01-07,17429,132795,9089,87436,8340,45359,0,0,12979,118837,0.013659,4353,6958,0.0008,12989,125795,0.014459,8700223
1,2021-01-08,20089,152884,10403,97839,9686,55045,0,0,14203,127174,0.014617,5870,12828,0.001474,14207,140002,0.016092,8700223
1,2021-01-09,6684,159568,3376,101215,3308,58353,0,0,4830,130166,0.014961,1841,14669,0.001686,4833,144835,0.016647,8700223
1,2021-01-10,3066,162634,1745,102960,1321,59674,0,0,1883,130877,0.015043,1173,15842,0.001821,1884,146719,0.016864,8700223
1,2021-01-11,18024,180658,11810,114770,6214,65888,0,0,11491,135897,0.01562,6510,22352,0.002569,11530,158249,0.018189,8700223
1,2021-01-12,18850,199508,10726,125496,8124,74012,0,0,12908,142933,0.016429,5907,28259,0.003248,12943,171192,0.019677,8700223
1,2021-01-13,19708,219216,10664,136160,9044,83056,0,0,14559,152381,0.017515,5128,33387,0.003837,14576,185768,0.021352,8700223
1,2021-01-14,21851,241067,9376,145536,12475,95531,0,0,19111,168856,0.019408,2684,36071,0.004146,19159,204927,0.023554,8700223
1,2021-01-15,25092,266159,9238,154774,15854,111385,0,0,23154,190169,0.021858,1893,37964,0.004364,23206,228133,0.026222,8700223
1,2021-01-16,13857,280016,4534,159308,9323,120708,0,0,12993,202305,0.023253,860,38824,0.004462,12996,241129,0.027715,8700223
1,2021-01-17,5206,285222,2022,161330,3184,123892,0,0,4839,206785,0.023768,363,39187,0.004504,4843,245972,0.028272,8700223
1,2021-01-18,14287,299509,8592,169922,5695,129587,0,0,11119,214796,0.024689,3157,42344,0.004867,11168,257140,0.029556,8700223
1,2021-01-19,24661,324170,12866,182788,11795,141382,0,0,19465,229132,0.026336,5181,47525,0.005463,19517,276657,0.031799,8700223
1,2021-01-20,28671,352841,14035,196823,14636,156018,0,0,23012,246575,0.028341,5605,53130,0.006107,23048,299705,0.034448,8700223
1,2021-01-21,30853,383694,14352,211175,16501,172519,0,0,27682,271240,0.031176,3104,56234,0.006464,27769,327474,0.03764,8700223
1,2021-01-22,28177,411871,11189,222364,16988,189507,0,0,26187,295509,0.033966,1948,58182,0.006687,26217,353691,0.040653,8700223
1,2021-01-23,18689,430560,8198,230562,10491,199998,0,0,16761,310366,0.035673,1914,60096,0.006907,16771,370462,0.042581,8700223
1,2021-01-24,6664,437224,4160,234722,2504,202502,0,0,6007,315726,0.036289,652,60748,0.006982,6012,376474,0.043272,8700223
1,2021-01-25,25182,462406,10417,245139,14765,217267,0,0,19489,329638,0.037888,5672,66420,0.007634,19584,396058,0.045523,8700223
1,2021-01-26,28601,491007,13425,258564,15176,232443,0,0,22004,345111,0.039667,6548,72968,0.008387,22021,418079,0.048054,8700223
1,2021-01-27,32360,523367,15432,273996,16928,249371,0,0,24386,361610,0.041563,7912,80880,0.009296,24411,442490,0.05086,8700223
1,2021-01-28,34728,558095,16320,290316,18408,267779,0,0,27902,382804,0.043999,6767,87647,0.010074,27961,470451,0.054073,8700223
1,2021-01-29,33430,591525,16432,306748,16998,284777,0,0,26948,403437,0.046371,6348,93995,0.010804,26981,497432,0.057175,8700223
1,2021-01-30,20204,611729,8809,315557,11395,296172,0,0,18111,419489,0.048216,2067,96062,0.011041,18119,515551,0.059257,8700223
1,2021-01-31,7652,619381,4999,320556,2653,298825,0,0,6955,425751,0.048936,696,96758,0.011121,6958,522509,0.060057,8700223
1,2021-02-01,28550,647931,12447,333003,16103,314928,0,0,20911,439072,0.050467,7596,104354,0.011994,20917,543426,0.062461,8700223
1,2021-02-02,32058,679989,11539,344542,20519,335447,0,0,24141,455396,0.052343,7851,112205,0.012897,24175,567601,0.06524,8700223
1,2021-02-03,39111,719100,15032,359574,24079,359526,0,0,28275,473000,0.054366,10706,122911,0.014127,28310,595911,0.068494,8700223
1,2021-02-04,43538,762638,17003,376577,26535,386061,0,0,31635,492884,0.056652,11799,134710,0.015484,31683,627594,0.072135,8700223
1,2021-02-05,46597,809235,17268,393845,29329,415390,0,0,30706,507876,0.058375,15762,150472,0.017295,30754,658348,0.07567,8700223
1,2021-02-06,26519,835754,10554,404399,15965,431355,0,0,20692,522798,0.06009,5787,156259,0.01796,20709,679057,0.078051,8700223
1,2021-02-07,6278,842032,4056,408455,2222,433577,0,0,4666,525886,0.060445,1596,157855,0.018144,4684,683741,0.078589,8700223
1,2021-02-08,31325,873357,14359,422814,16966,450543,0,0,20935,536603,0.061677,10311,168166,0.019329,21028,704769,0.081006,8700223
1,2021-02-09,38138,911495,16847,439661,21291,471834,0,0,23570,545691,0.062721,14555,182721,0.021002,23643,728412,0.083723,8700223
1,2021-02-10,46681,958176,21972,461633,24709,496543,0,0,26959,553107,0.063574,19622,202343,0.023257,27038,755450,0.086831,8700223
1,2021-02-11,51325,1009501,25282,486915,26043,522586,0,0,30915,563984,0.064824,20138,222481,0.025572,31015,786465,0.090396,8700223
1,2021-02-12,49317,1058818,21328,508243,27989,550575,0,0,28445,571812,0.065724,20755,243236,0.027957,28583,815048,0.093681,8700223
1,2021-02-13,25987,1084805,11337,519580,14650,565225,0,0,15053,576077,0.066214,10864,254100,0.029206,15129,830177,0.09542,8700223
1,2021-02-14,11635,1096440,5492,525072,6143,571368,0,0,6643,577820,0.066414,4965,259065,0.029777,6708,836885,0.096191,8700223
1,2021-02-15,23564,1120004,9270,534342,14294,585662,0,0,14360,583194,0.067032,9102,268167,0.030823,14476,851361,0.097855,8700223
1,2021-02-16,46378,1166382,22250,556592,24128,609790,0,0,27302,591599,0.067998,19008,287175,0.033008,27413,878774,0.101006,8700223
1,2021-02-17,47811,1214193,24208,580800,23603,633393,0,0,25908,595867,0.068489,21785,308960,0.035512,26053,904827,0.104,8700223
1,2021-02-18,50255,1264448,25134,605934,25121,658514,0,0,26182,598392,0.068779,23877,332837,0.038256,26402,931229,0.107035,8700223
1,2021-02-19,45553,1310001,24718,630652,20835,679349,0,0,25750,604504,0.069481,19704,352541,0.040521,25816,957045,0.110002,8700223
1,2021-02-20,26978,1336979,16459,647111,10519,689868,0,0,15500,608644,0.069957,11435,363976,0.041835,15575,972620,0.111793,8700223
1,2021-02-21,11513,1348492,10264,657375,1249,691117,0,0,6832,610891,0.070216,4634,368610,0.042368,6881,979501,0.112583,8700223
1,2021-02-22,29862,1378354,19647,677022,10215,701332,0,0,17581,616346,0.070843,12225,380835,0.043773,17680,997181,0.114616,8700223
1,2021-02-23,42961,1421315,20933,697955,22028,723360,0,0,24118,622111,0.071505,18714,399549,0.045924,24479,1021660,0.117429,8700223
1,2021-02-24,52959,1474274,25688,723643,27271,750631,0,0,29698,629100,0.072308,23159,422708,0.048586,30148,1051808,0.120894,8700223
1,2021-02-25,65112,1539386,31694,755337,33418,784049,0,0,40821,646237,0.074278,24186,446894,0.051366,41323,1093131,0.125644,8700223
1,2021-02-26,72990,1612376,34304,789641,38686,822735,0,0,48164,670207,0.077033,24671,471565,0.054201,48641,1141772,0.131235,8700223
1,2021-02-27,50166,1662542,23215,812856,26944,849679,7,7,33379,687186,0.078985,16672,488237,0.056118,33651,1175423,0.135103,8700223
1,2021-02-28,19349,1681891,11488,824344,7859,857538,2,9,14287,696613,0.080068,5000,493237,0.056692,14427,1189850,0.136761,8700223
1,2021-03-01,44071,1725962,20410,844754,23626,881164,35,44,28501,709941,0.0816,15442,508679,0.058467,28770,1218620,0.140068,8700223
1,2021-03-02,61652,1787614,26883,871637,34762,915926,7,51,39765,728557,0.08374,21772,530451,0.06097,40388,1259008,0.14471,8700223
1,2021-03-03,69459,1857073,33146,904783,36292,952218,21,72,42447,744731,0.085599,26886,557337,0.06406,43060,1302068,0.149659,8700223
1,2021-03-04,77506,1934579,36399,941182,41072,993290,35,107,49950,767823,0.088253,27399,584736,0.067209,50491,1352559,0.155463,8700223
1,2021-03-05,76657,2011236,34740,975922,41712,1035002,205,312,51431,795074,0.091385,25017,609753,0.070085,52268,1404827,0.16147,8700223
1,2021-03-06,57061,2068297,27255,1003177,28467,1063469,1339,1651,38881,817545,0.093968,18116,627869,0.072167,40587,1445414,0.166135,8700223
1,2021-03-07,20146,2088443,12832,1016009,6502,1069971,812,2463,15163,828819,0.095264,4964,632833,0.072738,16238,1461652,0.168002,8700223
1,2021-03-08,44226,2132669,21113,1037122,21239,1091210,1874,4337,30991,848870,0.097569,13154,645987,0.074249,33205,1494857,0.171818,8700223
1,2021-03-09,65535,2198204,31678,1068800,31379,1122589,2478,6815,40495,867254,0.099682,24931,670918,0.077115,43315,1538172,0.176797,8700223
1,2021-03-10,72307,2270511,36121,1104921,31809,1154398,4377,11192,44934,889695,0.102261,27241,698159,0.080246,49682,1587854,0.182507,8700223
1,2021-03-11,88649,2359160,40530,1145451,40198,1194596,7921,19113,51935,913527,0.105,36486,734645,0.08444,60318,1648172,0.18944,8700223
1,2021-03-12,97239,2456399,42596,1188047,42310,1236906,12333,31446,56973,943233,0.108415,40085,774730,0.089047,69791,1717963,0.197462,8700223
1,2021-03-13,64757,2521156,29338,1217385,27753,1264659,7666,39112,41450,969489,0.111433,23201,797931,0.091714,49457,1767420,0.203147,8700223
1,2021-03-14,27562,2548718,14849,1232234,9146,1273805,3567,42679,15665,977079,0.112305,11842,809773,0.093075,19432,1786852,0.20538,8700223
1,2021-03-15,64339,2613057,28154,1260388,29479,1303284,6706,49385,38087,996155,0.114498,26077,835850,0.096072,45153,1832005,0.21057,8700223
1,2021-03-16,84707,2697764,38410,1298798,40762,1344046,5535,54920,52812,1023150,0.1176,31718,867568,0.099718,58713,1890718,0.217318,8700223
1,2021-03-17,91617,2789381,44301,1343099,40788,1384834,6528,61448,59056,1056714,0.121458,32395,899963,0.103441,65959,1956677,0.2249,8700223
1,2021-03-18,97259,2886640,50023,1393122,41621,1426455,5615,67063,59474,1084830,0.12469,37471,937434,0.107748,65587,2022264,0.232438,8700223
1,2021-03-19,102421,2989061,52948,1446070,43336,1469791,6137,73200,60637,1110605,0.127652,41532,978966,0.112522,67307,2089571,0.240174,8700223
1,2021-03-20,71953,3061014,37061,1483131,29697,1499488,5195,78395,46458,1137220,0.130712,25325,1004291,0.115433,51940,2141511,0.246144,8700223
1,2021-03-21,26919,3087933,18796,1501927,6321,1505809,1802,80197,17368,1147012,0.131837,9473,1013764,0.116522,19265,2160776,0.248359,8700223
1,2021-03-22,58548,3146481,30131,1532058,25136,1530945,3281,83478,39745,1171787,0.134685,18620,1032384,0.118662,43395,2204171,0.253346,8700223
1,2021-03-23,82132,3228613,41644,1573702,36877,1567822,3611,87089,51035,1195999,0.137468,30895,1063279,0.122213,55107,2259278,0.25968,8700223
1,2021-03-24,87066,3315679,43914,1617616,38822,1606644,4330,91419,52712,1219086,0.140121,34129,1097408,0.126136,57216,2316494,0.266257,8700223
1,2021-03-25,95569,3411248,48602,1666218,41161,1647805,5806,97225,53776,1237365,0.142222,41518,1138926,0.130908,59797,2376291,0.27313,8700223
1,2021-03-26,103564,3514812,50447,1716665,46861,1694666,6256,103481,56299,1253245,0.144047,46978,1185904,0.136307,62858,2439149,0.280355,8700223
1,2021-03-27,73531,3588343,38019,1754684,31325,1725991,4187,107668,38073,1260453,0.144876,35258,1221162,0.14036,42466,2481615,0.285236,8700223
1,2021-03-28,32507,3620850,21291,1775975,10006,1735997,1210,108878,16498,1262684,0.145132,15911,1237073,0.142189,18142,2499757,0.287321,8700223
1,2021-03-29,66341,3687191,32922,1808897,30330,1766327,3089,111967,36979,1273764,0.146406,29197,1266270,0.145545,40277,2540034,0.29195,8700223
1,2021-03-30,90942,3778133,44727,1853624,39922,1806249,6293,118260,47238,1283843,0.147564,43551,1309821,0.15055,53630,2593664,0.298115,8700223
1,2021-03-31,99796,3877929,52226,1905850,41620,1847869,5950,124210,55172,1300688,0.149501,44355,1354176,0.155648,61200,2654864,0.305149,8700223
1,2021-04-01,110536,3988465,52931,1958781,49196,1897065,8409,132619,56802,1312601,0.15087,53371,1407547,0.161783,65284,2720148,0.312653,8700223
1,2021-04-02,109917,4098382,50175,2008956,50138,1947203,9604,142223,56339,1325576,0.152361,53198,1460745,0.167897,66173,2786321,0.320259,8700223
1,2021-04-03,77619,4176001,39029,2047985,28997,1976200,9593,151816,36384,1330563,0.152934,41074,1501819,0.172618,46061,2832382,0.325553,8700223
1,2021-04-04,23658,4199659,11773,2059758,8432,1984632,3453,155269,9930,1330266,0.1529,13673,1515492,0.17419,13376,2845758,0.32709,8700223
1,2021-04-05,75397,4275056,36157,2095915,30094,2014726,9146,164415,34304,1332982,0.153212,40915,1556407,0.178893,43631,2889389,0.332105,8700223
1,2021-04-06,102663,4377719,48671,2144586,37501,2052227,16491,180906,46654,1340421,0.154067,55762,1612169,0.185302,63201,2952590,0.339369,8700223
1,2021-04-07,110347,4488066,53363,2197949,39571,2091798,17413,198319,50261,1348300,0.154973,59840,1672009,0.19218,67719,3020309,0.347153,8700223
1,2021-04-08,121245,4609311,57299,2255248,43109,2134907,20837,219156,53862,1356058,0.155865,67026,1739035,0.199884,74784,3095093,0.355749,8700223
1,2021-04-09,121808,4731119,55660,2310908,45606,2180513,20542,239698,53882,1362984,0.156661,67585,1806620,0.207652,74511,3169604,0.364313,8700223
1,2021-04-10,95234,4826353,42373,2353281,30259,2210772,22602,262300,37264,1365059,0.156899,57794,1864414,0.214295,59869,3229473,0.371194,8700223
1,2021-04-11,36218,4862571,20252,2373533,9354,2220126,6612,268912,14845,1365308,0.156928,21322,1885736,0.216746,21571,3251044,0.373674,8700223
1,2021-04-12,73585,4936156,32730,2406263,30915,2251041,9940,278852,31330,1364742,0.156863,42002,1927738,0.221573,41436,3292480,0.378436,8700223
1,2021-04-13,96551,5032707,51609,2457872,44604,2295645,338,279190,52237,1373610,0.157882,44060,1971798,0.226638,52928,3345408,0.38452,8700223
1,2021-04-14,104103,5136810,53785,2511657,50249,2345894,69,279259,53002,1376326,0.158194,50759,2022557,0.232472,53475,3398883,0.390666,8700223
1,2021-04-15,105228,5242038,57142,2568799,48000,2393894,86,279345,56577,1385078,0.1592,48121,2070678,0.238003,56873,3455756,0.397203,8700223
1,2021-04-16,109559,5351597,56358,2625157,53114,2447008,87,279432,55145,1386611,0.159376,53956,2124634,0.244205,55489,3511245,0.403581,8700223
1,2021-04-17,82595,5434192,44886,2670043,37699,2484707,10,279442,46489,1397416,0.160618,35907,2160541,0.248332,46712,3557957,0.40895,8700223
1,2021-04-18,29055,5463247,19413,2689456,9635,2494342,7,279449,14795,1398248,0.160714,14185,2174726,0.249962,15017,3572974,0.410676,8700223
1,2021-04-19,66043,5529290,33362,2722818,32666,2527008,15,279464,30210,1393121,0.160125,35525,2210251,0.254045,30398,3603372,0.41417,8700223
1,2021-04-20,85846,5615136,42684,2765502,43142,2570150,20,279484,40747,1389312,0.159687,44823,2255074,0.259197,41014,3644386,0.418884,8700223
1,2021-04-21,93120,5708256,47257,2812759,45766,2615916,97,279581,42032,1381049,0.158737,50613,2305687,0.265015,42350,3686736,0.423752,8700223
1,2021-04-22,94274,5802530,48611,2861370,45647,2661563,16,279597,43411,1374273,0.157958,50422,2356109,0.27081,43646,3730382,0.428769,8700223
1,2021-04-23,99297,5901827,50735,2912105,48537,2710100,25,279622,47513,1370694,0.157547,51338,2407447,0.276711,47759,3778141,0.434258,8700223
1,2021-04-24,74891,5976718,46568,2958673,28297,2738397,26,279648,42538,1381250,0.15876,32262,2439709,0.280419,42818,3820959,0.439179,8700223
1,2021-04-25,26922,6003640,17150,2975823,9761,2748158,11,279659,15433,1385435,0.159241,11392,2451101,0.281729,15577,3836536,0.44097,8700223
1,2021-04-26,64644,6068284,33643,3009466,30602,2778760,399,280058,31024,1383844,0.159058,33353,2484454,0.285562,31762,3868298,0.444621,8700223
1,2021-04-27,79871,6148155,42188,3051654,36395,2815155,1288,281346,34921,1375703,0.158123,44696,2529150,0.290699,36555,3904853,0.448822,8700223
1,2021-04-28,78969,6227124,41514,3093168,35967,2851122,1488,282834,34822,1368387,0.157282,43856,2573006,0.29574,36540,3941393,0.453022,8700223
1,2021-04-29,82231,6309355,44764,3137932,35862,2886984,1605,284439,33821,1355859,0.155842,48116,2621122,0.301271,35588,3976981,0.457113,8700223
1,2021-04-30,89566,6398921,48208,3186140,39513,2926497,1845,286284,37762,1344113,0.154492,51522,2672644,0.307193,39776,4016757,0.461684,8700223
1,2021-05-01,61858,6460779,40016,3226156,20467,2946964,1375,287659,26043,1336124,0.153574,35635,2708279,0.311288,27646,4044403,0.464862,8700223
1,2021-05-02,23169,6483948,16374,3242530,6226,2953190,569,288228,9423,1332498,0.153157,13648,2721927,0.312857,10022,4054425,0.466014,8700223
1,2021-05-03,55134,6539082,30413,3272943,22899,2976089,1822,290050,20327,1320108,0.151733,34594,2756521,0.316833,22204,4076629,0.468566,8700223
1,2021-05-04,73248,6612330,41782,3314725,29389,3005478,2077,292127,26691,1302669,0.149728,46296,2802817,0.322155,28857,4105486,0.471883,8700223
1,2021-05-05,75185,6687515,43131,3357856,29774,3035252,2280,294407,25811,1281749,0.147324,49086,2851903,0.327797,28166,4133652,0.47512,8700223
1,2021-05-06,75964,6763479,45475,3403331,28329,3063581,2160,296567,23835,1256101,0.144376,51799,2903702,0.33375,26151,4159803,0.478126,8700223
1,2021-05-07,80103,6843582,45792,3449123,32140,3095721,2171,298738,26817,1232246,0.141634,52906,2956608,0.339831,29051,4188854,0.481465,8700223
1,2021-05-08,54365,6897947,33927,3483050,18878,3114599,1560,300298,18217,1216260,0.139796,35859,2992467,0.343953,19873,4208727,0.483749,8700223
1,2021-05-09,17645,6915592,12554,3495604,4617,3119216,474,300772,5440,1210079,0.139086,12131,3004598,0.345347,5950,4214677,0.484433,8700223
1,2021-05-10,42096,6957688,21087,3516691,19241,3138457,1768,302540,14125,1198319,0.137734,27748,3032346,0.348537,15988,4230665,0.486271,8700223
1,2021-05-11,59524,7017212,31833,3548524,25588,3164045,2103,304643,19481,1180226,0.135655,39800,3072146,0.353111,21707,4252372,0.488766,8700223
1,2021-05-12,60243,7077455,31905,3580429,26323,3190368,2015,306658,20320,1162981,0.133673,39655,3111801,0.357669,22410,4274782,0.491342,8700223
1,2021-05-13,63506,7140961,36983,3617412,24594,3214962,1929,308587,24336,1150692,0.13226,38842,3150643,0.362134,26553,4301335,0.494394,8700223
1,2021-05-14,73423,7214384,44085,3661497,27023,3241985,2315,310902,29826,1139858,0.131015,43276,3193919,0.367108,32442,4333777,0.498123,8700223
1,2021-05-15,64342,7278726,42137,3703634,20508,3262493,1697,312599,25417,1128375,0.129695,38671,3232590,0.371553,27188,4360965,0.501247,8700223
1,2021-05-16,24029,7302755,17530,3721164,5882,3268375,617,313216,9678,1124465,0.129246,14247,3246837,0.37319,10337,4371302,0.502436,8700223
1,2021-05-17,53579,7356334,32720,3753884,19103,3287478,1756,314972,23073,1119086,0.128627,30268,3277105,0.376669,24889,4396191,0.505296,8700223
1,2021-05-18,63916,7420250,38438,3792322,23661,3311139,1817,316789,28054,1113438,0.127978,35605,3312710,0.380762,29957,4426148,0.50874,8700223
1,2021-05-19,65564,7485814,39943,3832265,23708,3334847,1913,318702,30006,1110142,0.127599,35298,3348008,0.384819,32002,4458150,0.512418,8700223
1,2021-05-20,63179,7548993,36667,3868932,24353,3359200,2159,320861,26658,1102970,0.126775,36221,3384229,0.388982,29049,4487199,0.515757,8700223
1,2021-05-21,69114,7618107,41310,3910242,25962,3385162,1842,322703,29157,1094511,0.125803,39577,3423806,0.393531,31118,4518317,0.519333,8700223
1,2021-05-22,54990,7673097,36308,3946550,17020,3402182,1662,324365,24096,1089740,0.125254,30648,3454454,0.397054,25877,4544194,0.522308,8700223
1,2021-05-23,19419,7692516,13510,3960060,5326,3407508,583,324948,9186,1089408,0.125216,10134,3464588,0.398218,9802,4553996,0.523434,8700223
1,2021-05-24,42292,7734808,23228,3983288,17253,3424761,1811,326759,17140,1083501,0.124537,24939,3489527,0.401085,19032,4573028,0.525622,8700223
1,2021-05-25,50210,7785018,28991,4012279,19570,3444331,1649,328408,21120,1077539,0.123852,28833,3518360,0.404399,22871,4595899,0.528251,8700223
1,2021-05-26,47896,7832914,27160,4039439,18868,3463199,1868,330276,20688,1073247,0.123359,26914,3545274,0.407492,22622,4618521,0.530851,8700223
1,2021-05-27,46539,7879453,26174,4065613,18481,3481680,1884,332160,20572,1070126,0.123,25693,3570967,0.410445,22572,4641093,0.533445,8700223
1,2021-05-28,51602,7931055,28762,4094375,21059,3502739,1781,333941,23428,1067586,0.122708,27889,3598856,0.413651,25349,4666442,0.536359,8700223
1,2021-05-29,30105,7961160,18226,4112601,10954,3513693,925,334866,14658,1067948,0.122749,15295,3614151,0.415409,15657,4682099,0.538159,8700223
1,2021-05-30,11513,7972673,7432,4120033,3534,3517227,547,335413,5611,1068300,0.12279,5837,3619988,0.41608,6189,4688288,0.53887,8700223
1,2021-05-31,5678,7978351,3230,4123263,2197,3519424,251,335664,2009,1066952,0.122635,3621,3623609,0.416496,2273,4690561,0.539131,8700223
1,2021-06-01,45086,8023437,25565,4148828,18028,3537452,1493,337157,17931,1059614,0.121792,26859,3650468,0.419583,19521,4710082,0.541375,8700223
1,2021-06-02,39532,8062969,22982,4171810,15092,3552544,1458,338615,16404,1054712,0.121228,22857,3673325,0.42221,17955,4728037,0.543439,8700223
1,2021-06-03,40814,8103783,25621,4197431,13563,3566107,1630,340245,16265,1048421,0.120505,24271,3697596,0.425,17980,4746017,0.545505,8700223
1,2021-06-04,49250,8153033,31670,4229101,15844,3581951,1736,341981,18512,1038334,0.119346,30431,3728027,0.428498,20344,4766361,0.547844,8700223
1,2021-06-05,39540,8192573,27023,4256124,10596,3592547,1921,343902,14465,1029916,0.118378,24867,3752894,0.431356,16449,4782810,0.549734,8700223
1,2021-06-06,12849,8205422,10287,4266411,2068,3594615,494,344396,4716,1027139,0.118059,8058,3760952,0.432282,5281,4788091,0.550341,8700223
1,2021-06-07,33514,8238936,23144,4289555,9044,3603659,1326,345722,12164,1019543,0.117186,21156,3782108,0.434714,13560,4801651,0.5519,8700223
1,2021-06-08,41580,8280516,28855,4318410,11150,3614809,1575,347297,14868,1009643,0.116048,26466,3808574,0.437756,16566,4818217,0.553804,8700223
1,2021-06-09,41480,8321996,28917,4347327,10977,3625786,1586,348883,13623,997359,0.114636,27590,3836164,0.440927,15306,4833523,0.555563,8700223
1,2021-06-10,38296,8360292,25973,4373300,10746,3636532,1577,350460,13321,987627,0.113517,24759,3860923,0.443773,15027,4848550,0.55729,8700223
1,2021-06-11,42969,8403261,28577,4401877,12766,3649298,1626,352086,15365,977395,0.112341,27322,3888245,0.446913,17090,4865640,0.559255,8700223
1,2021-06-12,32760,8436021,23653,4425530,7950,3657248,1157,353243,10667,967398,0.111192,21895,3910140,0.44943,11898,4877538,0.560622,8700223
1,2021-06-13,11365,8447386,8238,4433768,2674,3659922,453,353696,3403,963403,0.110733,7895,3918035,0.450337,3900,4881438,0.56107,8700223
1,2021-06-14,30252,8477638,20422,4454190,8592,3668514,1238,354934,11764,958151,0.110129,18315,3936350,0.452442,13063,4894501,0.562572,8700223
1,2021-06-15,36062,8513700,23895,4478085,10648,3679162,1519,356453,13535,951022,0.10931,22291,3958641,0.455005,15162,4909663,0.564315,8700223
1,2021-06-16,32610,8546310,22217,4500302,9068,3688230,1325,357778,12427,944889,0.108605,19959,3978600,0.457299,13826,4923489,0.565904,8700223
1,2021-06-17,15985,8562295,10827,4511129,4265,3692495,893,358671,5940,941830,0.108254,9942,3988542,0.458441,6883,4930372,0.566695,8700223
2,2020-12-15,239,239,239,239,0,0,0,0,239,239,2.8e-05,0,0,0.0,239,239,2.8e-05,8407551
2,2020-12-16,2075,2314,2075,2314,0,0,0,0,2074,2313,0.000275,0,0,0.0,2074,2313,0.000275,8407551
2,2020-12-17,6820,9134,6820,9134,0,0,0,0,6821,9134,0.001086,0,0,0.0,6821,9134,0.001086,8407551
2,2020-12-18,11055,20189,11036,20170,19,19,0,0,11055,20189,0.002401,0,0,0.0,11055,20189,0.002401,8407551
2,2020-12-19,5620,25809,5614,25784,6,25,0,0,5621,25810,0.00307,0,0,0.0,5621,25810,0.00307,8407551
2,2020-12-20,4242,30051,4233,30017,9,34,0,0,4238,30048,0.003574,0,0,0.0,4238,30048,0.003574,8407551
2,2020-12-21,12761,42812,12736,42753,25,59,0,0,12716,42764,0.005086,0,0,0.0,12716,42764,0.005086,8407551
2,2020-12-22,12123,54935,11610,54363,513,572,0,0,12122,54886,0.006528,0,0,0.0,12122,54886,0.006528,8407551
2,2020-12-23,11683,66618,9472,63835,2211,2783,0,0,11686,66572,0.007918,1,1,0.0,11687,66573,0.007918,8407551
2,2020-12-24,5859,72477,3495,67330,2364,5147,0,0,5855,72426,0.008614,3,4,0.0,5857,72430,0.008615,8407551
2,2020-12-25,482,72959,404,67734,78,5225,0,0,483,72909,0.008672,0,4,0.0,483,72913,0.008672,8407551
2,2020-12-26,2558,75517,1663,69397,895,6120,0,0,2559,75467,0.008976,1,5,1e-06,2559,75472,0.008977,8407551
2,2020-12-27,2227,77744,1210,70607,1017,7137,0,0,2224,77689,0.00924,2,7,1e-06,2224,77696,0.009241,8407551
2,2020-12-28,10981,88725,7142,77749,3839,10976,0,0,10981,88669,0.010546,1,8,1e-06,10981,88677,0.010547,8407551
2,2020-12-29,12689,101414,7147,84896,5542,16518,0,0,12693,101362,0.012056,0,8,1e-06,12693,101370,0.012057,8407551
2,2020-12-30,15386,116800,8656,93552,6730,23248,0,0,15399,116758,0.013887,5,13,2e-06,15401,116771,0.013889,8407551
2,2020-12-31,7545,124345,2824,96376,4721,27969,0,0,7539,124293,0.014783,4,17,2e-06,7539,124310,0.014786,8407551
2,2021-01-01,1170,125515,568,96944,602,28571,0,0,1169,125459,0.014922,3,20,2e-06,1169,125479,0.014925,8407551
2,2021-01-02,4829,130344,2750,99694,2079,30650,0,0,4827,130286,0.015496,0,20,2e-06,4827,130306,0.015499,8407551
2,2021-01-03,1381,131725,787,100481,594,31244,0,0,1376,131659,0.01566,3,23,3e-06,1376,131682,0.015662,8407551
2,2021-01-04,11625,143350,5556,106037,6069,37313,0,0,11614,143270,0.017041,3,26,3e-06,11614,143296,0.017044,8407551
2,2021-01-05,13846,157196,6902,112939,6944,44257,0,0,12659,154780,0.01841,1182,1208,0.000144,12692,155988,0.018553,8407551
2,2021-01-06,18954,176150,10447,123386,8507,52764,0,0,15212,166308,0.019781,3692,4900,0.000583,15220,171208,0.020364,8407551
2,2021-01-07,22988,199138,12899,136285,10089,62853,0,0,15567,174454,0.02075,7435,12335,0.001467,15581,186789,0.022217,8407551
2,2021-01-08,26411,225549,15966,152251,10445,73298,0,0,16310,180721,0.021495,10063,22398,0.002664,16330,203119,0.024159,8407551
2,2021-01-09,9732,235281,5662,157913,4070,77368,0,0,6235,183454,0.02182,3508,25906,0.003081,6241,209360,0.024901,8407551
2,2021-01-10,5253,240534,2919,160832,2334,79702,0,0,3032,184258,0.021916,2234,28140,0.003347,3038,212398,0.025263,8407551
2,2021-01-11,25942,266476,17818,178650,8124,87826,0,0,14985,188314,0.022398,10978,39118,0.004653,15034,227432,0.027051,8407551
2,2021-01-12,26234,292710,16310,194960,9924,97750,0,0,16673,195489,0.023252,9574,48692,0.005791,16749,244181,0.029043,8407551
2,2021-01-13,28458,321168,15083,210043,13375,111125,0,0,20506,208076,0.024749,7943,56635,0.006736,20530,264711,0.031485,8407551
2,2021-01-14,30311,351479,11577,221620,18734,129859,0,0,26084,229978,0.027354,4244,60879,0.007241,26146,290857,0.034595,8407551
2,2021-01-15,34969,386448,12669,234289,22300,152159,0,0,31708,258502,0.030746,3262,64141,0.007629,31786,322643,0.038375,8407551
2,2021-01-16,17981,404429,5959,240248,12022,164181,0,0,16659,273828,0.032569,1346,65487,0.007789,16672,339315,0.040358,8407551
2,2021-01-17,10539,414968,3556,243804,6983,171164,0,0,9822,282917,0.03365,741,66228,0.007877,9830,349145,0.041528,8407551
2,2021-01-18,19661,434629,11006,254810,8655,179819,0,0,14883,293058,0.034857,4796,71024,0.008448,14937,364082,0.043304,8407551
2,2021-01-19,32485,467114,16978,271788,15507,195326,0,0,24499,309687,0.036834,7987,79011,0.009398,24616,388698,0.046232,8407551
2,2021-01-20,37156,504270,18604,290392,18552,213878,0,0,28526,329699,0.039215,8605,87616,0.010421,28617,417315,0.049636,8407551
2,2021-01-21,40632,544902,17170,307562,23462,237340,0,0,36194,361639,0.043014,4417,92033,0.010946,36357,453672,0.05396,8407551
2,2021-01-22,39328,584230,16427,323989,22901,260241,0,0,36006,394356,0.046905,3318,95351,0.011341,36035,489707,0.058246,8407551
2,2021-01-23,24066,608296,10823,334812,13243,273484,0,0,21112,412565,0.049071,2931,98282,0.01169,21140,510847,0.06076,8407551
2,2021-01-24,12416,620712,6140,340952,6276,279760,0,0,11501,423175,0.050333,902,99184,0.011797,11512,522359,0.06213,8407551
2,2021-01-25,33751,654463,15554,356506,18197,297957,0,0,24969,439548,0.05228,8724,107908,0.012835,25097,547456,0.065115,8407551
2,2021-01-26,40057,694520,19649,376155,20408,318365,0,0,31061,461717,0.054917,8972,116880,0.013902,31141,578597,0.068819,8407551
2,2021-01-27,45441,739961,22665,398820,22776,341141,0,0,35352,487159,0.057943,9968,126848,0.015087,35410,614007,0.07303,8407551
2,2021-01-28,47771,787732,22433,421253,25338,366479,0,0,39160,517835,0.061592,8550,135398,0.016104,39226,653233,0.077696,8407551
2,2021-01-29,45430,833162,22038,443291,23392,389871,0,0,36816,546210,0.064967,8505,143903,0.017116,36880,690113,0.082083,8407551
2,2021-01-30,31121,864283,13423,456714,17698,407569,0,0,27806,570770,0.067888,3276,147179,0.017506,27836,717949,0.085393,8407551
2,2021-01-31,17119,881402,10205,466919,6914,414483,0,0,15948,585580,0.069649,1157,148336,0.017643,15967,733916,0.087292,8407551
2,2021-02-01,40805,922207,19693,486612,21112,435595,0,0,30013,604885,0.071945,10749,159085,0.018922,30054,763970,0.090867,8407551
2,2021-02-02,47489,969696,19308,505920,28181,463776,0,0,36175,629910,0.074922,11245,170330,0.020259,36270,800240,0.095181,8407551
2,2021-02-03,53770,1023466,23818,529738,29952,493728,0,0,39766,655863,0.078009,13905,184235,0.021913,39858,840098,0.099922,8407551
2,2021-02-04,55791,1079257,24081,553819,31710,525438,0,0,40785,681833,0.081098,14911,199146,0.023687,40881,880979,0.104784,8407551
2,2021-02-05,59526,1138783,26129,579948,33397,558835,0,0,40282,703229,0.083643,19063,218209,0.025954,40459,921438,0.109596,8407551
2,2021-02-06,38871,1177654,18159,598107,20712,579547,0,0,30984,726484,0.086409,7819,226028,0.026884,31074,952512,0.113292,8407551
2,2021-02-07,15558,1193212,10302,608409,5256,584803,0,0,11802,734619,0.087376,3733,229761,0.027328,11868,964380,0.114704,8407551
2,2021-02-08,42757,1235969,21767,630176,20990,605793,0,0,29292,750782,0.089299,13336,243097,0.028914,29499,993879,0.118213,8407551
2,2021-02-09,49136,1285105,23249,653425,25887,631680,0,0,30545,763262,0.090783,18394,261491,0.031102,30874,1024753,0.121885,8407551
2,2021-02-10,59134,1344239,27765,681190,31369,663049,0,0,34431,773603,0.092013,24446,285937,0.03401,34787,1059540,0.126022,8407551
2,2021-02-11,63706,1407945,29359,710549,34347,697396,0,0,35817,782318,0.093049,27594,313531,0.037292,36309,1095849,0.130341,8407551
2,2021-02-12,64846,1472791,27981,738530,36865,734261,0,0,34600,787583,0.093676,29992,343523,0.040859,35257,1131106,0.134535,8407551
2,2021-02-13,37545,1510336,15708,754238,21837,756098,0,0,21705,793904,0.094427,15761,359284,0.042733,22082,1153188,0.137161,8407551
2,2021-02-14,19840,1530176,9255,763493,10585,766683,0,0,11116,796698,0.09476,8682,367966,0.043766,11476,1164664,0.138526,8407551
2,2021-02-15,32823,1562999,14788,778281,18035,784718,0,0,18246,801339,0.095312,14459,382425,0.045486,19100,1183764,0.140798,8407551
2,2021-02-16,55799,1618798,27397,805678,28402,813120,0,0,29500,805302,0.095783,26212,408637,0.048604,30175,1213939,0.144387,8407551
2,2021-02-17,61037,1679835,31362,837040,29675,842795,0,0,30482,806117,0.09588,30492,439129,0.05223,31307,1245246,0.14811,8407551
2,2021-02-18,65652,1745487,33138,870178,32514,875309,0,0,32141,806117,0.09588,33286,472415,0.056189,33286,1278532,0.152069,8407551
2,2021-02-19,58784,1804271,32654,902832,26130,901439,0,0,29298,806746,0.095955,29336,501751,0.059679,29965,1308497,0.155634,8407551
2,2021-02-20,36955,1841226,24029,926861,12926,914365,0,0,20265,811088,0.096471,16606,518357,0.061654,20948,1329445,0.158125,8407551
2,2021-02-21,20490,1861716,17030,943891,3460,917825,0,0,9973,811420,0.096511,10446,528803,0.062896,10778,1340223,0.159407,8407551
2,2021-02-22,37467,1899183,25582,969473,11885,929710,0,0,18016,810757,0.096432,19358,548161,0.065199,18695,1358918,0.161631,8407551
2,2021-02-23,51605,1950788,26373,995846,25232,954942,0,0,22869,806969,0.095981,28553,576714,0.068595,24765,1383683,0.164576,8407551
2,2021-02-24,68275,2019063,35105,1030951,33170,988112,0,0,31603,804402,0.095676,36532,613246,0.07294,33965,1417648,0.168616,8407551
2,2021-02-25,74145,2093208,34919,1065870,39226,1027338,0,0,37919,809114,0.096237,36020,649266,0.077224,40732,1458380,0.173461,8407551
2,2021-02-26,82455,2175663,35137,1101007,47318,1074656,0,0,44760,818625,0.097368,37444,686710,0.081678,46955,1505335,0.179046,8407551
2,2021-02-27,60022,2235685,27732,1128739,32283,1106939,7,7,32906,825949,0.098239,26919,713629,0.08488,34243,1539578,0.183118,8407551
2,2021-02-28,29452,2265137,17653,1146392,11798,1118737,1,8,17496,832413,0.099008,11862,725491,0.08629,18326,1557904,0.185298,8407551
2,2021-03-01,56294,2321431,29526,1175918,26735,1145472,33,41,31042,839674,0.099871,25008,750499,0.089265,32269,1590173,0.189136,8407551
2,2021-03-02,67503,2388934,32479,1208397,35017,1180489,7,48,38352,851361,0.101261,29014,779513,0.092716,40701,1630874,0.193977,8407551
2,2021-03-03,79395,2468329,38471,1246868,40911,1221400,13,61,45052,864822,0.102863,34165,813678,0.096779,47626,1678500,0.199642,8407551
2,2021-03-04,87116,2555445,42833,1289701,44253,1265653,30,91,50514,881333,0.104826,36414,850092,0.101111,52925,1731425,0.205937,8407551
2,2021-03-05,80475,2635920,38100,1327801,42073,1307726,302,393,49497,902721,0.10737,30789,880881,0.104773,52177,1783602,0.212143,8407551
2,2021-03-06,62475,2698395,30537,1358338,30249,1337975,1689,2082,38562,920615,0.109499,23804,904685,0.107604,41698,1825300,0.217102,8407551
2,2021-03-07,27442,2725837,16057,1374395,10417,1348392,968,3050,17761,930830,0.110714,9624,914309,0.108749,19839,1845139,0.219462,8407551
2,2021-03-08,49743,2775580,22916,1397311,24376,1372768,2451,5501,31522,948329,0.112795,18119,932428,0.110904,35618,1880757,0.223699,8407551
2,2021-03-09,69557,2845137,31889,1429200,33908,1406676,3760,9261,38844,961693,0.114384,30600,963028,0.114543,43964,1924721,0.228928,8407551
2,2021-03-10,77358,2922495,36762,1465962,34077,1440753,6519,15780,41338,975070,0.115976,35836,998864,0.118806,49213,1973934,0.234781,8407551
2,2021-03-11,92172,3014667,42537,1508499,41309,1482062,8326,24106,48451,989813,0.117729,43450,1042314,0.123974,58193,2032127,0.241703,8407551
2,2021-03-12,93266,3107933,38479,1546978,42824,1524886,11963,36069,46748,1003659,0.119376,46313,1088627,0.129482,60159,2092286,0.248858,8407551
2,2021-03-13,68392,3176325,28811,1575789,31606,1556492,7975,44044,37660,1019990,0.121318,30615,1119242,0.133123,46946,2139232,0.254442,8407551
2,2021-03-14,36540,3212865,18267,1594056,13756,1570248,4517,48561,18631,1026076,0.122042,17826,1137068,0.135244,23912,2163144,0.257286,8407551
2,2021-03-15,66940,3279805,30245,1624301,31696,1601944,4999,53560,37146,1039727,0.123666,29606,1166674,0.138765,43257,2206401,0.262431,8407551
2,2021-03-16,85830,3365635,38017,1662318,43831,1645775,3982,57542,52298,1063771,0.126526,33369,1200043,0.142734,57413,2263814,0.26926,8407551
2,2021-03-17,92073,3457708,44228,1706546,43672,1689447,4173,61715,58693,1094354,0.130163,33136,1233179,0.146675,63719,2327533,0.276838,8407551
2,2021-03-18,97076,3554784,46344,1752890,46234,1735681,4498,66213,59591,1121812,0.133429,37207,1270386,0.151101,64665,2392198,0.28453,8407551
2,2021-03-19,96845,3651629,45780,1798670,44956,1780637,6109,72322,57821,1147524,0.136487,38755,1309141,0.15571,64467,2456665,0.292197,8407551
2,2021-03-20,69516,3721145,33685,1832355,31880,1812517,3951,76273,45705,1173963,0.139632,23586,1332727,0.158515,50025,2506690,0.298147,8407551
2,2021-03-21,32989,3754134,21356,1853711,9647,1822164,1986,78259,20392,1184293,0.140861,12484,1345211,0.16,22814,2529504,0.300861,8407551
2,2021-03-22,62364,3816498,34264,1887975,25462,1847626,2638,80897,41572,1208827,0.143779,20583,1365794,0.162448,45117,2574621,0.306227,8407551
2,2021-03-23,83060,3899558,44076,1932051,36080,1883706,2904,83801,52165,1234085,0.146783,30651,1396445,0.166094,55909,2630530,0.312877,8407551
2,2021-03-24,91228,3990786,49049,1981100,39023,1922729,3156,86957,53963,1255047,0.149276,36980,1433425,0.170493,57942,2688472,0.319769,8407551
2,2021-03-25,100789,4091575,50844,2031944,46044,1968773,3901,90858,57404,1274044,0.151536,43077,1476502,0.175616,62074,2750546,0.327152,8407551
2,2021-03-26,102820,4194395,51098,2083042,48232,2017005,3490,94348,56692,1289497,0.153374,45788,1522290,0.181062,61241,2811787,0.334436,8407551
2,2021-03-27,75238,4269633,37565,2120607,34379,2051384,3294,97642,37998,1294627,0.153984,37026,1559316,0.185466,42156,2853943,0.33945,8407551
2,2021-03-28,37480,4307113,23154,2143761,13520,2064904,806,98448,20241,1299354,0.154546,17124,1576440,0.187503,21851,2875794,0.342049,8407551
2,2021-03-29,70825,4377938,36091,2179852,32461,2097365,2273,100721,40567,1313011,0.15617,30082,1606522,0.191081,43739,2919533,0.347251,8407551
2,2021-03-30,91451,4469389,44798,2224650,42283,2139648,4370,105091,51638,1330004,0.158192,39624,1646146,0.195794,56617,2976150,0.353985,8407551
2,2021-03-31,100802,4570191,52025,2276675,43690,2183338,5087,110178,57528,1349977,0.160567,42994,1689140,0.200907,62967,3039117,0.361475,8407551
2,2021-04-01,117015,4687206,56585,2333260,51265,2234603,9165,119343,64052,1371015,0.163069,52627,1741767,0.207167,73665,3112782,0.370236,8407551
2,2021-04-02,111169,4798375,51358,2384618,49711,2284314,10100,129443,60128,1391027,0.16545,50699,1792466,0.213197,70711,3183493,0.378647,8407551
2,2021-04-03,76490,4874865,37518,2422136,29174,2313488,9798,139241,38086,1401103,0.166648,38212,1830678,0.217742,48288,3231781,0.38439,8407551
2,2021-04-04,28998,4903863,14910,2437046,10239,2323727,3849,143090,13097,1402280,0.166788,15814,1846492,0.219623,16991,3248772,0.386411,8407551
2,2021-04-05,78691,4982554,38650,2475696,31304,2355031,8737,151827,38332,1409913,0.167696,40208,1886700,0.224405,47841,3296613,0.392101,8407551
2,2021-04-06,103399,5085953,50387,2526083,38338,2393369,14674,166501,49258,1420366,0.168939,53903,1940603,0.230817,64356,3360969,0.399756,8407551
2,2021-04-07,109987,5195940,54919,2581002,38906,2432275,16162,182663,52079,1431258,0.170235,57647,1998250,0.237673,68539,3429508,0.407908,8407551
2,2021-04-08,118951,5314891,57256,2638258,43044,2475319,18651,201314,55409,1442707,0.171597,63227,2061477,0.245194,74676,3504184,0.41679,8407551
2,2021-04-09,118250,5433141,56985,2695243,43277,2518596,17988,219302,56124,1455935,0.17317,61783,2123260,0.252542,75011,3579195,0.425712,8407551
2,2021-04-10,87087,5520228,37758,2733001,30994,2549590,18335,237637,36072,1460259,0.173684,50769,2174029,0.258581,55093,3634288,0.432265,8407551
2,2021-04-11,44301,5564529,23033,2756034,12758,2562348,8510,246147,18198,1461728,0.173859,25974,2200003,0.26167,27443,3661731,0.435529,8407551
2,2021-04-12,79662,5644191,37147,2793181,33185,2595533,9330,255477,35758,1464162,0.174148,43660,2243663,0.266863,46094,3707825,0.441011,8407551
2,2021-04-13,101517,5745708,52674,2845855,48583,2644116,260,255737,55826,1475684,0.175519,45459,2289122,0.27227,56981,3764806,0.447789,8407551
2,2021-04-14,106445,5852153,55735,2901590,50659,2694775,51,255788,54766,1480539,0.176096,51416,2340538,0.278385,56271,3821077,0.454482,8407551
2,2021-04-15,112916,5965069,60029,2961619,52810,2747585,77,255865,59497,1488113,0.176997,53078,2393616,0.284698,60652,3881729,0.461696,8407551
2,2021-04-16,110075,6075144,57156,3018775,52869,2800454,50,255915,56241,1491776,0.177433,53541,2447157,0.291067,57204,3938933,0.468499,8407551
2,2021-04-17,82876,6158020,42154,3060929,40703,2841157,19,255934,46573,1503175,0.178789,36085,2483242,0.295359,47484,3986417,0.474147,8407551
2,2021-04-18,34205,6192225,20509,3081438,13690,2854847,6,255940,16397,1502866,0.178752,17697,2500939,0.297463,17388,4003805,0.476215,8407551
2,2021-04-19,73965,6266190,39836,3121274,34116,2888963,13,255953,33933,1497651,0.178132,39806,2540745,0.302198,34591,4038396,0.48033,8407551
2,2021-04-20,95192,6361382,47550,3168824,47619,2936582,23,255976,46478,1496527,0.177998,48427,2589172,0.307958,47303,4085699,0.485956,8407551
2,2021-04-21,99267,6460649,52581,3221405,46632,2983214,54,256030,47105,1492766,0.177551,51806,2640978,0.31412,48045,4133744,0.49167,8407551
2,2021-04-22,105568,6566217,54049,3275454,51498,3034712,21,256051,46330,1481106,0.176164,58893,2699871,0.321125,47233,4180977,0.497288,8407551
2,2021-04-23,104920,6671137,55245,3330699,49657,3084369,18,256069,48587,1474645,0.175395,55989,2755860,0.327784,49528,4230505,0.503179,8407551
2,2021-04-24,79617,6750754,47008,3377707,32570,3116939,39,256108,41611,1479527,0.175976,37698,2793558,0.332268,42580,4273085,0.508244,8407551
2,2021-04-25,36083,6786837,22281,3399988,13788,3130727,14,256122,19716,1483470,0.176445,16250,2809808,0.334201,20193,4293278,0.510645,8407551
2,2021-04-26,72464,6859301,39871,3439859,32296,3163023,297,256419,33505,1480017,0.176034,38728,2848536,0.338807,35275,4328553,0.514841,8407551
2,2021-04-27,86764,6946065,45435,3485294,39970,3202993,1359,257778,37332,1470863,0.174945,49103,2897639,0.344647,39949,4368502,0.519593,8407551
2,2021-04-28,85935,7032000,45488,3530782,38603,3241596,1844,259622,37953,1463862,0.174113,47700,2945339,0.350321,40699,4409201,0.524433,8407551
2,2021-04-29,88751,7120751,47885,3578667,39175,3280771,1691,261313,34444,1446610,0.172061,53982,2999321,0.356741,36730,4445931,0.528802,8407551
2,2021-04-30,92294,7213045,50737,3629404,39581,3320352,1976,263289,35698,1428713,0.169932,56219,3055540,0.363428,38322,4484253,0.53336,8407551
2,2021-05-01,61513,7274558,37611,3667015,22352,3342704,1550,264839,23960,1417783,0.168632,37284,3092824,0.367863,26354,4510607,0.536495,8407551
2,2021-05-02,29049,7303607,20135,3687150,7942,3350646,972,265811,11048,1412010,0.167945,17882,3110706,0.36999,12109,4522716,0.537935,8407551
2,2021-05-03,59616,7363223,35300,3722450,22280,3372926,2036,267847,20090,1395110,0.165935,39288,3149994,0.374662,22388,4545104,0.540598,8407551
2,2021-05-04,77914,7441137,46122,3768572,29430,3402356,2362,270209,25460,1371179,0.163089,52148,3202142,0.380865,28217,4573321,0.543954,8407551
2,2021-05-05,78175,7519312,46145,3814717,29691,3432047,2339,272548,24436,1344906,0.159964,53390,3255532,0.387215,27117,4600438,0.547179,8407551
2,2021-05-06,80574,7599886,48426,3863143,29246,3461293,2902,275450,24638,1317559,0.156711,55523,3311055,0.393819,28176,4628614,0.550531,8407551
2,2021-05-07,81756,7681642,47013,3910156,32321,3493614,2422,277872,25177,1289355,0.153357,56256,3367311,0.40051,28052,4656666,0.553867,8407551
2,2021-05-08,53383,7735025,32182,3942338,19503,3513117,1698,279570,16783,1272179,0.151314,36387,3403698,0.404838,19211,4675877,0.556152,8407551
2,2021-05-09,21262,7756287,15273,3957611,5250,3518367,739,280309,6386,1264732,0.150428,14803,3418501,0.406599,7356,4683233,0.557027,8407551
2,2021-05-10,48806,7805093,26452,3984063,20499,3538866,1855,282164,13941,1246494,0.148259,34645,3453146,0.41072,16407,4699640,0.558978,8407551
2,2021-05-11,63583,7868676,33774,4017837,27727,3566593,2082,284246,19265,1224478,0.14564,44058,3497204,0.41596,22042,4721682,0.5616,8407551
2,2021-05-12,63384,7932060,33723,4051560,27474,3594067,2187,286433,19472,1202905,0.143074,43647,3540851,0.421151,22074,4743756,0.564226,8407551
2,2021-05-13,68518,8000578,39917,4091477,26699,3620766,1902,288335,25580,1188460,0.141356,42687,3583538,0.426229,28242,4771998,0.567585,8407551
2,2021-05-14,77603,8078181,46294,4137771,29090,3649856,2219,290554,30155,1174368,0.13968,47116,3630654,0.431833,33024,4805022,0.571513,8407551
2,2021-05-15,65153,8143334,42727,4180498,20722,3670578,1704,292258,25203,1161906,0.138198,39736,3670390,0.436559,27274,4832296,0.574757,8407551
2,2021-05-16,30582,8173916,22766,4203264,6898,3677476,918,293176,12359,1157201,0.137638,18109,3688499,0.438713,13404,4845700,0.576351,8407551
2,2021-05-17,57273,8231189,36268,4239532,19079,3696555,1926,295102,22924,1148270,0.136576,34147,3722646,0.442774,25216,4870916,0.57935,8407551
2,2021-05-18,69226,8300415,40385,4279917,26895,3723450,1946,297048,27841,1137462,0.135291,41140,3763786,0.447667,30332,4901248,0.582958,8407551
2,2021-05-19,67922,8368337,40233,4320150,25723,3749173,1966,299014,27594,1127434,0.134098,40054,3803840,0.452431,30026,4931274,0.586529,8407551
2,2021-05-20,68204,8436541,39486,4359636,26566,3775739,2152,301166,26455,1115278,0.132652,41454,3845294,0.457362,29298,4960572,0.590014,8407551
2,2021-05-21,71606,8508147,42283,4401919,27189,3802928,2134,303300,28036,1102859,0.131175,43249,3888543,0.462506,30830,4991402,0.593681,8407551
2,2021-05-22,52503,8560650,33187,4435106,17594,3820522,1722,305022,21839,1096605,0.130431,30466,3919009,0.46613,24212,5015614,0.596561,8407551
2,2021-05-23,23252,8583902,15812,4450918,6719,3827241,721,305743,9985,1094355,0.130163,13154,3932163,0.467694,10904,5026518,0.597858,8407551
2,2021-05-24,43375,8627277,24342,4475260,17293,3844534,1740,307483,16615,1086494,0.129228,26557,3958720,0.470853,18696,5045214,0.600081,8407551
2,2021-05-25,50307,8677584,29522,4504782,18933,3863467,1852,309335,19422,1077707,0.128183,30600,3989320,0.474493,21813,5067027,0.602676,8407551
2,2021-05-26,48206,8725790,27078,4531860,19466,3882933,1662,310997,19221,1070333,0.127306,28671,4017991,0.477903,21297,5088324,0.605209,8407551
2,2021-05-27,46216,8772006,26202,4558062,18297,3901230,1717,312714,18854,1064301,0.126589,27140,4045131,0.481131,21108,5109432,0.607719,8407551
2,2021-05-28,49475,8821481,27389,4585451,20142,3921372,1944,314658,21062,1059653,0.126036,28176,4073307,0.484482,23528,5132960,0.610518,8407551
2,2021-05-29,28719,8850200,17176,4602627,10500,3931872,1043,315701,13440,1059208,0.125983,15137,4088444,0.486282,14692,5147652,0.612265,8407551
2,2021-05-30,12503,8862703,8035,4610662,3711,3935583,757,316458,5596,1058790,0.125933,6864,4095308,0.487099,6446,5154098,0.613032,8407551
2,2021-05-31,5845,8868548,3413,4614075,2130,3937713,302,316760,1838,1057029,0.125724,3963,4099271,0.48757,2202,5156300,0.613294,8407551
2,2021-06-01,44240,8912788,25510,4639585,17159,3954872,1571,318331,16179,1047412,0.12458,27796,4127067,0.490876,18179,5174479,0.615456,8407551
2,2021-06-02,37780,8950568,22201,4661786,14187,3969059,1392,319723,15187,1041981,0.123934,22357,4149424,0.493535,16926,5191405,0.617469,8407551
2,2021-06-03,40942,8991510,26398,4688184,13119,3982178,1425,321148,14221,1031565,0.122695,26502,4175926,0.496688,16086,5207491,0.619383,8407551
2,2021-06-04,47410,9038920,30938,4719122,14957,3997135,1515,322663,15861,1018238,0.12111,31283,4207209,0.500408,17956,5225447,0.621518,8407551
2,2021-06-05,37356,9076276,26655,4745777,9273,4006408,1428,324091,12046,1007087,0.119784,25096,4232305,0.503393,13945,5239392,0.623177,8407551
2,2021-06-06,14597,9090873,11968,4757745,2050,4008458,579,324670,4946,1003240,0.119326,9596,4241901,0.504535,5749,5245141,0.623861,8407551
2,2021-06-07,32808,9123681,22979,4780724,8571,4017029,1258,325928,10883,993895,0.118215,21792,4263693,0.507127,12447,5257588,0.625341,8407551
2,2021-06-08,40196,9163877,28538,4809262,10306,4027335,1352,327280,12686,981116,0.116695,27274,4290967,0.510371,14495,5272083,0.627065,8407551
2,2021-06-09,37637,9201514,26330,4835592,9830,4037165,1477,328757,11509,968569,0.115202,25945,4316912,0.513457,13398,5285481,0.628659,8407551
2,2021-06-10,37234,9238748,25947,4861539,9808,4046973,1479,330236,11718,956971,0.113823,25322,4342234,0.516468,13724,5299205,0.630291,8407551
2,2021-06-11,40536,9279284,26873,4888412,12022,4058995,1641,331877,13188,945052,0.112405,27102,4369336,0.519692,15183,5314388,0.632097,8407551
2,2021-06-12,28919,9308203,21299,4909711,6724,4065719,896,332773,8637,934670,0.11117,20166,4389502,0.52209,9784,5324172,0.633261,8407551
2,2021-06-13,12002,9320205,8737,4918448,2658,4068377,607,333380,3144,929824,0.110594,8795,4398297,0.523137,3949,5328121,0.63373,8407551
2,2021-06-14,29336,9349541,20851,4939299,7333,4075710,1152,334532,10555,923168,0.109802,18638,4416935,0.525353,11982,5340103,0.635156,8407551
2,2021-06-15,34863,9384404,23225,4962524,9665,4085375,1973,336505,11929,914799,0.108807,22718,4439653,0.528055,14349,5354452,0.636862,8407551
2,2021-06-16,31293,9415697,21581,4984105,8084,4093459,1628,338133,10940,907488,0.107937,20198,4459851,0.530458,12887,5367339,0.638395,8407551
2,2021-06-17,14309,9430006,9622,4993727,3547,4097006,1140,339273,4795,904123,0.107537,9432,4469283,0.53158,6067,5373406,0.639117,8407551
3,2020-12-15,301,301,301,301,0,0,0,0,301,301,3.7e-05,0,0,0.0,301,301,3.7e-05,8129050
3,2020-12-16,2312,2613,2312,2613,0,0,0,0,2313,2614,0.000322,0,0,0.0,2313,2614,0.000322,8129050
3,2020-12-17,7801,10414,7801,10414,0,0,0,0,7801,10415,0.001281,0,0,0.0,7801,10415,0.001281,8129050
3,2020-12-18,13351,23765,13338,23752,13,13,0,0,13351,23766,0.002924,0,0,0.0,13351,23766,0.002924,8129050
3,2020-12-19,7199,30964,7188,30940,11,24,0,0,7263,31029,0.003817,0,0,0.0,7263,31029,0.003817,8129050
3,2020-12-20,5648,36612,5641,36581,7,31,0,0,5695,36723,0.004518,1,1,0.0,5695,36724,0.004518,8129050
3,2020-12-21,14329,50941,14304,50885,25,56,0,0,14392,51114,0.006288,1,2,0.0,14392,51116,0.006288,8129050
3,2020-12-22,14759,65700,14183,65068,576,632,0,0,14799,65913,0.008108,0,2,0.0,14799,65915,0.008109,8129050
3,2020-12-23,14777,80477,12175,77243,2602,3234,0,0,14804,80717,0.009929,1,3,0.0,14805,80720,0.00993,8129050
3,2020-12-24,6786,87263,4855,82098,1931,5165,0,0,6784,87500,0.010764,1,4,0.0,6784,87504,0.010764,8129050
3,2020-12-25,722,87985,665,82763,57,5222,0,0,721,88221,0.010853,0,4,0.0,721,88225,0.010853,8129050
3,2020-12-26,4607,92592,2995,85758,1612,6834,0,0,4605,92826,0.011419,0,4,0.0,4605,92830,0.01142,8129050
3,2020-12-27,2978,95570,1851,87609,1127,7961,0,0,2978,95804,0.011785,0,4,0.0,2978,95808,0.011786,8129050
3,2020-12-28,13576,109146,8686,96295,4890,12851,0,0,13602,109405,0.013459,1,5,1e-06,13602,109410,0.013459,8129050
3,2020-12-29,14992,124138,8447,104742,6545,19396,0,0,15019,124422,0.015306,2,7,1e-06,15019,124429,0.015307,8129050
3,2020-12-30,17999,142137,10022,114764,7977,27373,0,0,17987,142409,0.017519,1,8,1e-06,17988,142417,0.01752,8129050
3,2020-12-31,8423,150560,3233,117997,5190,32563,0,0,8423,150831,0.018555,1,9,1e-06,8423,150840,0.018556,8129050
3,2021-01-01,1320,151880,611,118608,709,33272,0,0,1317,152147,0.018716,1,10,1e-06,1317,152157,0.018718,8129050
3,2021-01-02,4933,156813,2419,121027,2514,35786,0,0,4933,157080,0.019323,0,10,1e-06,4933,157090,0.019325,8129050
3,2021-01-03,1610,158423,845,121872,765,36551,0,0,1600,158676,0.01952,4,14,2e-06,1600,158690,0.019521,8129050
3,2021-01-04,11991,170414,5964,127836,6027,42578,0,0,11965,170634,0.020991,7,21,3e-06,11965,170655,0.020993,8129050
3,2021-01-05,15641,186055,8093,135929,7548,50126,0,0,14026,183083,0.022522,1603,1624,0.0002,14052,184707,0.022722,8129050
3,2021-01-06,20511,206566,10822,146751,9689,59815,0,0,16047,194715,0.023953,4423,6047,0.000744,16055,200762,0.024697,8129050
3,2021-01-07,26448,233014,15086,161837,11362,71177,0,0,17143,202598,0.024923,9276,15323,0.001885,17159,217921,0.026808,8129050
3,2021-01-08,30355,263369,18519,180356,11836,83013,0,0,18032,208350,0.02563,12302,27625,0.003398,18054,235975,0.029029,8129050
3,2021-01-09,12373,275742,6991,187347,5382,88395,0,0,7866,211726,0.026046,4500,32125,0.003952,7876,243851,0.029997,8129050
3,2021-01-10,7178,282920,4455,191802,2723,91118,0,0,4043,212641,0.026158,3133,35258,0.004337,4048,247899,0.030495,8129050
3,2021-01-11,28984,311904,18972,210774,10012,101130,0,0,16393,216494,0.026632,12584,47842,0.005885,16437,264336,0.032517,8129050
3,2021-01-12,32243,344147,19284,230058,12959,114089,0,0,19797,223949,0.027549,12427,60269,0.007414,19882,284218,0.034963,8129050
3,2021-01-13,34422,378569,17960,248018,16462,130551,0,0,24250,238045,0.029283,10172,70441,0.008665,24268,308486,0.037949,8129050
3,2021-01-14,34532,413101,14174,262192,20358,150909,0,0,28645,260868,0.032091,5857,76298,0.009386,28680,337166,0.041477,8129050
3,2021-01-15,38828,451929,14428,276620,24400,175309,0,0,34166,290456,0.035731,4653,80951,0.009958,34241,371407,0.045689,8129050
3,2021-01-16,21610,473539,7417,284037,14193,189502,0,0,19292,307465,0.037823,2304,83255,0.010242,19313,390720,0.048065,8129050
3,2021-01-17,13117,486656,4442,288479,8675,198177,0,0,12081,318531,0.039184,1034,84289,0.010369,12100,402820,0.049553,8129050
3,2021-01-18,24758,511414,12936,301415,11822,209999,0,0,19217,332232,0.04087,5558,89847,0.011053,19259,422079,0.051922,8129050
3,2021-01-19,40875,552289,20891,322306,19984,229983,0,0,31814,355095,0.043682,9037,98884,0.012164,31900,453979,0.055847,8129050
3,2021-01-20,45279,597568,22308,344614,22971,252954,0,0,35933,381810,0.046969,9304,108188,0.013309,36019,489998,0.060277,8129050
3,2021-01-21,47703,645271,20615,365229,27088,280042,0,0,42247,418743,0.051512,5384,113572,0.013971,42317,532315,0.065483,8129050
3,2021-01-22,49666,694937,19796,385025,29870,309912,0,0,45530,460204,0.056612,4138,117710,0.01448,45599,577914,0.071092,8129050
3,2021-01-23,30182,725119,12798,397823,17384,327296,0,0,26906,483898,0.059527,3266,120976,0.014882,26960,604874,0.074409,8129050
3,2021-01-24,17644,742763,8482,406305,9162,336458,0,0,16488,499263,0.061417,1154,122130,0.015024,16519,621393,0.076441,8129050
3,2021-01-25,40674,783437,18150,424455,22524,358982,0,0,30744,520183,0.063991,9909,132039,0.016243,30829,652222,0.080233,8129050
3,2021-01-26,47142,830579,22558,447013,24584,383566,0,0,37069,547293,0.067326,10062,142101,0.017481,37172,689394,0.084806,8129050
3,2021-01-27,51347,881926,24490,471503,26857,410423,0,0,40777,577650,0.07106,10500,152601,0.018772,40857,730251,0.089832,8129050
3,2021-01-28,51705,933631,24051,495554,27654,438077,0,0,42810,611707,0.07525,8810,161411,0.019856,42867,773118,0.095106,8129050
3,2021-01-29,50800,984431,24461,520015,26339,464416,0,0,41166,643475,0.079157,9448,170859,0.021018,41216,814334,0.100176,8129050
3,2021-01-30,37144,1021575,17811,537826,19333,483749,0,0,32457,671379,0.08259,4634,175493,0.021588,32538,846872,0.104178,8129050
3,2021-01-31,22259,1043834,12802,550628,9457,493206,0,0,20876,690903,0.084992,1370,176863,0.021757,20894,867766,0.106749,8129050
3,2021-02-01,45702,1089536,20944,571572,24758,517964,0,0,34965,715209,0.087982,10693,187556,0.023072,34999,902765,0.111054,8129050
3,2021-02-02,54161,1143697,22576,594148,31585,549549,0,0,41800,744785,0.09162,12274,199830,0.024582,41850,944615,0.116202,8129050
3,2021-02-03,59709,1203406,26593,620741,33116,582665,0,0,44465,774239,0.095243,15085,214915,0.026438,44539,989154,0.121681,8129050
3,2021-02-04,64129,1267535,27886,648627,36243,618908,0,0,47055,804520,0.098969,16884,231799,0.028515,47165,1036319,0.127483,8129050
3,2021-02-05,69924,1337459,29712,678339,40212,659120,0,0,48443,831876,0.102334,21257,253056,0.03113,48613,1084932,0.133464,8129050
3,2021-02-06,43336,1380795,21015,699354,22321,681441,0,0,33759,856273,0.105335,9545,262601,0.032304,33942,1118874,0.137639,8129050
3,2021-02-07,19697,1400492,12548,711902,7149,688590,0,0,15162,867039,0.106659,4520,267121,0.03286,15286,1134160,0.139519,8129050
3,2021-02-08,51396,1451888,24971,736873,26425,715015,0,0,33790,883516,0.108686,17499,284620,0.035013,33976,1168136,0.143699,8129050
3,2021-02-09,58383,1510271,28497,765370,29886,744901,0,0,34287,894229,0.110004,23921,308541,0.037955,34634,1202770,0.147959,8129050
3,2021-02-10,67892,1578163,31680,797050,36212,781113,0,0,36786,900665,0.110796,30883,339424,0.041754,37319,1240089,0.15255,8129050
3,2021-02-11,70397,1648560,34773,831823,35624,816737,0,0,37790,906727,0.111542,32265,371689,0.045724,38327,1278416,0.157265,8129050
3,2021-02-12,75152,1723712,32595,864418,42557,859294,0,0,41550,915745,0.112651,33307,404996,0.049821,42325,1320741,0.162472,8129050
3,2021-02-13,44551,1768263,20317,884735,24234,883528,0,0,25707,923288,0.113579,18745,423741,0.052127,26288,1347029,0.165706,8129050
3,2021-02-14,27111,1795374,13551,898286,13560,897088,0,0,15138,926950,0.114029,11924,435665,0.053594,15586,1362615,0.167623,8129050
3,2021-02-15,39881,1835255,17166,915452,22715,919803,0,0,22093,932274,0.114684,17704,453369,0.055771,23028,1385643,0.170456,8129050
3,2021-02-16,69737,1904992,33041,948493,36696,956499,0,0,36270,936237,0.115172,33334,486703,0.059872,37297,1422940,0.175044,8129050
3,2021-02-17,71458,1976450,36183,984676,35275,991774,0,0,34011,934089,0.114908,37232,523935,0.064452,35084,1458024,0.17936,8129050
3,2021-02-18,76609,2053059,40048,1024724,36561,1028335,0,0,35533,930039,0.114409,40927,564862,0.069487,36877,1494901,0.183896,8129050
3,2021-02-19,68456,2121515,39487,1064211,28969,1057304,0,0,34626,931634,0.114606,33727,598589,0.073636,35322,1530223,0.188241,8129050
3,2021-02-20,42170,2163685,26718,1090929,15452,1072756,0,0,22231,934515,0.11496,19849,618438,0.076078,22730,1552953,0.191037,8129050
3,2021-02-21,22904,2186589,19071,1110000,3833,1076589,0,0,10880,933833,0.114876,11947,630385,0.077547,11265,1564218,0.192423,8129050
3,2021-02-22,45391,2231980,29570,1139570,15821,1092410,0,0,21487,931978,0.114648,23827,654212,0.080478,21972,1586190,0.195126,8129050
3,2021-02-23,60912,2292892,33257,1172827,27655,1120065,0,0,26902,926999,0.114035,33866,688078,0.084644,28887,1615077,0.19868,8129050
3,2021-02-24,76787,2369679,37632,1210459,39155,1159220,0,0,34221,921327,0.113338,42404,730482,0.089861,36732,1651809,0.203198,8129050
3,2021-02-25,86188,2455867,41955,1252414,44233,1203453,0,0,43201,924365,0.113711,42758,773240,0.095121,45796,1697605,0.208832,8129050
3,2021-02-26,97098,2552965,44430,1296844,52668,1256121,0,0,51576,932959,0.114769,45183,818423,0.100679,53777,1751382,0.215447,8129050
3,2021-02-27,68399,2621364,31534,1328378,36862,1292983,3,3,36411,938875,0.115496,31803,850226,0.104591,37719,1789101,0.220087,8129050
3,2021-02-28,39395,2660759,23087,1351465,16306,1309289,2,5,20723,942025,0.115884,18523,868749,0.10687,21673,1810774,0.222753,8129050
3,2021-03-01,67683,2728442,36077,1387542,31584,1340873,22,27,37786,951447,0.117043,29725,898474,0.110526,39147,1849921,0.227569,8129050
3,2021-03-02,77985,2806427,38628,1426170,39350,1380223,7,34,45678,967016,0.118958,32182,930656,0.114485,47751,1897672,0.233443,8129050
3,2021-03-03,88767,2895194,42630,1468800,46120,1426343,17,51,49717,980149,0.120574,38863,969519,0.119266,51996,1949668,0.23984,8129050
3,2021-03-04,93068,2988262,45713,1514513,47339,1473682,16,67,53029,995633,0.122478,39838,1009357,0.124167,55322,2004990,0.246645,8129050
3,2021-03-05,89315,3077577,43916,1558429,45108,1518790,291,358,54593,1018238,0.125259,34503,1043860,0.128411,57108,2062098,0.25367,8129050
3,2021-03-06,64946,3142523,32938,1591367,29862,1548652,2146,2504,37310,1031667,0.126911,27503,1071363,0.131794,40932,2103030,0.258706,8129050
3,2021-03-07,37514,3180037,22426,1613793,13951,1562603,1137,3641,21648,1039810,0.127913,15811,1087174,0.133739,23954,2126984,0.261652,8129050
3,2021-03-08,58879,3238916,28137,1641930,27880,1590483,2862,6503,37391,1060281,0.130431,21345,1108519,0.136365,41816,2168800,0.266796,8129050
3,2021-03-09,76369,3315285,35470,1677400,36521,1627004,4378,10881,41302,1072184,0.131895,34950,1143469,0.140665,46853,2215653,0.27256,8129050
3,2021-03-10,82351,3397636,41211,1718611,35085,1662089,6055,16936,43169,1083828,0.133328,38988,1182457,0.145461,50632,2266285,0.278788,8129050
3,2021-03-11,96456,3494092,47138,1765749,40766,1702855,8552,25488,47477,1092226,0.134361,48738,1231195,0.151456,57136,2323421,0.285817,8129050
3,2021-03-12,101548,3595640,45406,1811155,44292,1747147,11850,37338,46707,1097324,0.134988,54641,1285836,0.158178,59739,2383160,0.293166,8129050
3,2021-03-13,69606,3665246,29596,1840751,32766,1779913,7244,44582,36622,1109689,0.136509,32874,1318710,0.162222,45239,2428399,0.298731,8129050
3,2021-03-14,40755,3706001,21533,1862284,15671,1795584,3551,48133,20814,1114818,0.13714,19872,1338582,0.164666,25001,2453400,0.301806,8129050
3,2021-03-15,75373,3781374,35810,1898094,35019,1830603,4544,52677,39911,1125010,0.138394,35273,1373855,0.169006,45465,2498865,0.307399,8129050
3,2021-03-16,94742,3876116,43682,1941776,46742,1877345,4318,56995,53605,1142932,0.140598,40933,1414788,0.174041,58855,2557720,0.314639,8129050
3,2021-03-17,97783,3973899,47598,1989374,45671,1923016,4514,61509,59708,1169973,0.143925,37864,1452652,0.178699,64905,2622625,0.322624,8129050
3,2021-03-18,102522,4076421,52114,2041488,45990,1969006,4418,65927,59356,1191394,0.14656,42930,1495582,0.18398,64351,2686976,0.33054,8129050
3,2021-03-19,102564,4178985,54989,2096477,43136,2012142,4439,70366,57653,1209377,0.148772,44668,1540250,0.189475,62651,2749627,0.338247,8129050
3,2021-03-20,71325,4250310,36843,2133320,30852,2042994,3630,73996,44232,1230830,0.151411,26921,1567171,0.192786,48374,2798001,0.344198,8129050
3,2021-03-21,35860,4286170,24456,2157776,9898,2052892,1506,75502,22397,1241838,0.152765,13376,1580547,0.194432,24384,2822385,0.347197,8129050
3,2021-03-22,70058,4356228,41190,2198966,26346,2079238,2522,78024,44933,1265390,0.155663,24925,1605472,0.197498,48477,2870862,0.353161,8129050
3,2021-03-23,89265,4445493,49303,2248269,37431,2116669,2531,80555,55101,1289808,0.158667,33927,1639399,0.201672,58345,2929207,0.360338,8129050
3,2021-03-24,98338,4543831,56649,2304918,38782,2155451,2907,83462,56568,1308452,0.16096,41440,1680839,0.206769,60084,2989291,0.367729,8129050
3,2021-03-25,106946,4650777,59446,2364364,44553,2200004,2947,86409,60732,1326873,0.163226,45910,1726749,0.212417,64331,3053622,0.375643,8129050
3,2021-03-26,110122,4760899,59185,2423549,47654,2247658,3283,89692,57350,1335873,0.164333,52483,1779232,0.218873,61483,3115105,0.383207,8129050
3,2021-03-27,74195,4835094,37793,2461342,33861,2281519,2541,92233,36192,1337473,0.16453,37807,1817039,0.223524,39407,3154512,0.388054,8129050
3,2021-03-28,43994,4879088,27848,2489190,15338,2296857,808,93041,22377,1339703,0.164804,21511,1838550,0.22617,23741,3178253,0.390975,8129050
3,2021-03-29,80306,4959394,42008,2531198,36462,2333319,1836,94877,44296,1350858,0.166177,35790,1874340,0.230573,46945,3225198,0.39675,8129050
3,2021-03-30,99912,5059306,49123,2580321,47159,2380478,3630,98507,56226,1367866,0.168269,43450,1917790,0.235918,60458,3285656,0.404187,8129050
3,2021-03-31,104601,5163907,56493,2636814,43289,2423767,4819,103326,56110,1380830,0.169864,48301,1966091,0.24186,61265,3346921,0.411724,8129050
3,2021-04-01,123179,5287086,62353,2699167,51146,2474913,9680,113006,66805,1401618,0.172421,56035,2022126,0.248753,76823,3423744,0.421174,8129050
3,2021-04-02,117589,5404675,57455,2756622,49849,2524762,10285,123291,62407,1419878,0.174667,54934,2077060,0.255511,73194,3496938,0.430178,8129050
3,2021-04-03,75872,5480547,38801,2795423,27858,2552620,9213,132504,37922,1429533,0.175855,37820,2114880,0.260163,47475,3544413,0.436018,8129050
3,2021-04-04,32338,5512885,17277,2812700,10861,2563481,4200,136704,14227,1429963,0.175908,18037,2132917,0.262382,18467,3562880,0.43829,8129050
3,2021-04-05,89021,5601906,45290,2857990,34630,2598111,9101,145805,43749,1438570,0.176967,45079,2177996,0.267927,53686,3616566,0.444894,8129050
3,2021-04-06,113024,5714930,55058,2913048,42815,2640926,15151,160956,53380,1448428,0.178179,59399,2237395,0.275234,69257,3685823,0.453414,8129050
3,2021-04-07,115919,5830849,60011,2973059,39654,2680580,16254,177210,56323,1461916,0.179838,59366,2296761,0.282537,72854,3758677,0.462376,8129050
3,2021-04-08,121181,5952030,60361,3033420,40759,2721339,20061,197271,56484,1474837,0.181428,64422,2361183,0.290462,77343,3836020,0.47189,8129050
3,2021-04-09,118012,6070042,58821,3092241,40097,2761436,19094,216365,52043,1481150,0.182205,65752,2426935,0.298551,72065,3908085,0.480755,8129050
3,2021-04-10,83575,6153617,37791,3130032,30575,2792011,15209,231574,34171,1482117,0.182324,49248,2476183,0.304609,50215,3958300,0.486933,8129050
3,2021-04-11,45097,6198714,24249,3154281,12848,2804859,8000,239574,17307,1480557,0.182132,27707,2503890,0.308018,26147,3984447,0.490149,8129050
3,2021-04-12,83734,6282448,42348,3196629,32644,2837503,8742,248316,38201,1483267,0.182465,45326,2549216,0.313593,48036,4032483,0.496058,8129050
3,2021-04-13,105195,6387643,57001,3253630,47981,2885484,213,248529,55770,1490933,0.183408,49213,2598429,0.319647,56879,4089362,0.503055,8129050
3,2021-04-14,107208,6494851,58600,3312230,48511,2933995,97,248626,53590,1492717,0.183627,53354,2651783,0.326211,55138,4144500,0.509838,8129050
3,2021-04-15,119155,6614006,67134,3379364,51953,2985948,68,248694,64277,1503284,0.184927,54606,2706389,0.332928,65173,4209673,0.517855,8129050
3,2021-04-16,114917,6728923,64555,3443919,50267,3036215,95,248789,60284,1510012,0.185755,54363,2760752,0.339616,61091,4270764,0.525371,8129050
3,2021-04-17,78665,6807588,43044,3486963,35609,3071824,12,248801,43890,1520340,0.187026,34574,2795326,0.343869,44902,4315666,0.530894,8129050
3,2021-04-18,37198,6844786,22099,3509062,15096,3086920,3,248804,17522,1519160,0.18688,19589,2814915,0.346278,18409,4334075,0.533159,8129050
3,2021-04-19,78420,6923206,43744,3552806,34624,3121544,52,248856,35507,1512512,0.186063,42740,2857655,0.351536,36092,4370167,0.537599,8129050
3,2021-04-20,98277,7021483,50908,3603714,47353,3168897,16,248872,47930,1511379,0.185923,50138,2907793,0.357704,49005,4419172,0.543627,8129050
3,2021-04-21,101356,7122839,55749,3659463,45540,3214437,67,248939,48023,1507426,0.185437,53039,2960832,0.364229,49086,4468258,0.549665,8129050
3,2021-04-22,109001,7231840,60681,3720144,48299,3262736,21,248960,47029,1493746,0.183754,61686,3022518,0.371817,48006,4516264,0.555571,8129050
3,2021-04-23,103345,7335185,58483,3778627,44839,3307575,23,248983,45397,1482535,0.182375,57624,3080142,0.378906,46413,4562677,0.56128,8129050
3,2021-04-24,72991,7408176,45228,3823855,27701,3335276,62,249045,35644,1482119,0.182324,37105,3117247,0.38347,36689,4599366,0.565794,8129050
3,2021-04-25,36308,7444484,23377,3847232,12918,3348194,13,249058,18722,1483785,0.182529,17462,3134709,0.385618,19128,4618494,0.568147,8129050
3,2021-04-26,72472,7516956,40678,3887910,31405,3379599,389,249447,30988,1475291,0.181484,41253,3175962,0.390693,32759,4651253,0.572177,8129050
3,2021-04-27,89672,7606628,46731,3934641,41209,3420808,1732,251179,35628,1459686,0.179564,53767,3229729,0.397307,38162,4689415,0.576871,8129050
3,2021-04-28,84800,7691428,47685,3982326,35001,3455809,2114,253293,34738,1447271,0.178037,49800,3279529,0.403433,37385,4726800,0.58147,8129050
3,2021-04-29,86954,7778382,49269,4031595,35502,3491311,2183,255476,30990,1425238,0.175327,55688,3335217,0.410284,33655,4760455,0.58561,8129050
3,2021-04-30,88599,7866981,49681,4081276,36453,3527764,2465,257941,32845,1405543,0.172904,55462,3390679,0.417106,35767,4796222,0.59001,8129050
3,2021-05-01,54622,7921603,34425,4115701,18753,3546517,1444,259385,19669,1392381,0.171285,34762,3425441,0.421383,21600,4817822,0.592667,8129050
3,2021-05-02,26765,7948368,18262,4133963,7494,3554011,1009,260394,9820,1386452,0.170555,16859,3442300,0.423457,10930,4828752,0.594012,8129050
3,2021-05-03,58983,8007351,34502,4168465,22134,3576145,2347,262741,17309,1364798,0.167891,41492,3483792,0.428561,19838,4848590,0.596452,8129050
3,2021-05-04,75638,8082989,43247,4211712,29748,3605893,2643,265384,22109,1336568,0.164419,53267,3537059,0.435113,25037,4873627,0.599532,8129050
3,2021-05-05,77039,8160028,45831,4257543,28528,3634421,2680,268064,21501,1305751,0.160628,55253,3592312,0.44191,24436,4898063,0.602538,8129050
3,2021-05-06,81477,8241505,51167,4308710,27798,3662219,2512,270576,20323,1268415,0.156035,60724,3653036,0.44938,23388,4921451,0.605415,8129050
3,2021-05-07,80936,8322441,50231,4358941,28099,3690318,2606,273182,21543,1233775,0.151774,59079,3712115,0.456648,24439,4945890,0.608422,8129050
3,2021-05-08,50640,8373081,31186,4390127,17764,3708082,1690,274872,13485,1212291,0.149131,36923,3749038,0.46119,15439,4961329,0.610321,8129050
3,2021-05-09,20352,8393433,14786,4404913,4789,3712871,777,275649,5549,1203965,0.148106,14719,3763757,0.463001,6393,4967722,0.611107,8129050
3,2021-05-10,46843,8440276,24975,4429888,19973,3732844,1895,277544,11100,1181658,0.145362,35561,3799318,0.467375,13254,4980976,0.612738,8129050
3,2021-05-11,61604,8501880,33814,4463702,25601,3758445,2189,279733,15707,1154328,0.142,45687,3845005,0.472996,18357,4999333,0.614996,8129050
3,2021-05-12,62856,8564736,35883,4499585,24584,3783029,2389,282122,17108,1128604,0.138836,45528,3890533,0.478596,19804,5019137,0.617432,8129050
3,2021-05-13,73067,8637803,46121,4545706,25065,3808094,1881,284003,27286,1112832,0.136896,45561,3936094,0.484201,29789,5048926,0.621097,8129050
3,2021-05-14,78194,8715997,49374,4595080,26715,3834809,2105,286108,30775,1099132,0.13521,47177,3983271,0.490004,33477,5082403,0.625215,8129050
3,2021-05-15,60995,8776992,41973,4637053,17822,3852631,1200,287308,25185,1090097,0.134099,35631,4018902,0.494388,26596,5108999,0.628487,8129050
3,2021-05-16,31695,8808687,23756,4660809,7256,3859887,683,287991,12725,1084714,0.133437,18873,4037775,0.496709,13490,5122489,0.630146,8129050
3,2021-05-17,56236,8864923,35790,4696599,18623,3878510,1823,289814,21084,1072908,0.131984,34911,4072686,0.501004,23105,5145594,0.632988,8129050
3,2021-05-18,63618,8928541,37565,4734164,24217,3902727,1836,291650,24343,1060450,0.130452,39027,4111713,0.505805,26569,5172163,0.636257,8129050
3,2021-05-19,62878,8991419,38397,4772561,22763,3925490,1718,293368,25192,1050173,0.129188,37459,4149172,0.510413,27182,5199345,0.639601,8129050
3,2021-05-20,60394,9051813,35380,4807941,23204,3948694,1810,295178,22287,1036801,0.127543,37854,4187026,0.51507,24482,5223827,0.642612,8129050
3,2021-05-21,65009,9116822,39593,4847534,23332,3972026,2084,297262,23954,1022399,0.125771,40782,4227808,0.520086,26380,5250207,0.645857,8129050
3,2021-05-22,44872,9161694,29678,4877212,13737,3985763,1457,298719,18639,1016754,0.125077,26048,4253856,0.523291,20403,5270610,0.648367,8129050
3,2021-05-23,20533,9182227,14250,4891462,5640,3991403,643,299362,8928,1014933,0.124853,11531,4265387,0.524709,9710,5280320,0.649562,8129050
3,2021-05-24,38375,9220602,22242,4913704,14396,4005799,1737,301099,14261,1007180,0.123899,23951,4289338,0.527656,16198,5296518,0.651554,8129050
3,2021-05-25,42313,9262915,23878,4937582,16784,4022583,1651,302750,15297,997566,0.122716,26786,4316124,0.530951,17172,5313690,0.653667,8129050
3,2021-05-26,41892,9304807,23982,4961564,16207,4038790,1703,304453,15994,989810,0.121762,25622,4341746,0.534103,17866,5331556,0.655865,8129050
3,2021-05-27,38863,9343670,21722,4983286,15392,4054182,1749,306202,15442,983993,0.121046,23281,4365027,0.536966,17464,5349020,0.658013,8129050
3,2021-05-28,42269,9385939,23927,5007213,16581,4070763,1761,307963,17786,979584,0.120504,24309,4389336,0.539957,19900,5368920,0.660461,8129050
3,2021-05-29,23169,9409108,14142,5021355,8197,4078960,830,308793,11121,979747,0.120524,11934,4401270,0.541425,12097,5381017,0.661949,8129050
3,2021-05-30,10500,9419608,6809,5028164,3056,4082016,635,309428,4551,979097,0.120444,5887,4407157,0.542149,5237,5386254,0.662593,8129050
3,2021-05-31,4595,9424203,2652,5030816,1675,4083691,268,309696,1473,977773,0.120281,3097,4410254,0.54253,1773,5388027,0.662811,8129050
3,2021-06-01,37373,9461576,21544,5052360,14407,4098098,1422,311118,13814,969892,0.119312,23363,4433617,0.545404,15482,5403509,0.664716,8129050
3,2021-06-02,31274,9492850,18008,5070368,11864,4109962,1402,312520,11935,964252,0.118618,19146,4452763,0.547759,13506,5417015,0.666377,8129050
3,2021-06-03,39326,9532176,26943,5097311,10963,4120925,1420,313940,11926,950625,0.116942,27233,4479996,0.551109,13606,5430621,0.668051,8129050
3,2021-06-04,45741,9577917,32414,5129725,11802,4132727,1525,315465,13615,934309,0.114935,31904,4511900,0.555034,15588,5446209,0.669969,8129050
3,2021-06-05,33991,9611908,25644,5155369,7169,4139896,1178,316643,8993,919888,0.113161,24801,4536701,0.558085,10380,5456589,0.671246,8129050
3,2021-06-06,14294,9626202,11935,5167304,1796,4141692,563,317206,4029,914442,0.112491,10215,4546916,0.559342,4769,5461358,0.671832,8129050
3,2021-06-07,30072,9656274,21874,5189178,6938,4148630,1260,318466,8853,903619,0.111159,21093,4568009,0.561936,10270,5471628,0.673096,8129050
3,2021-06-08,33976,9690250,24434,5213612,8283,4156913,1259,319725,10152,891673,0.10969,23625,4591634,0.564843,11679,5483307,0.674532,8129050
3,2021-06-09,32257,9722507,23329,5236941,7645,4164558,1283,321008,8779,878632,0.108085,23323,4614957,0.567712,10282,5493589,0.675797,8129050
3,2021-06-10,31959,9754466,23064,5260005,7405,4171963,1490,322498,9081,866684,0.106616,22743,4637700,0.570509,10795,5504384,0.677125,8129050
3,2021-06-11,34817,9789283,24600,5284605,8876,4180839,1341,323839,10455,854496,0.105116,24181,4661881,0.573484,11993,5516377,0.6786,8129050
3,2021-06-12,24667,9813950,18630,5303235,5156,4185995,881,324720,6615,844206,0.103851,17942,4679823,0.575691,7652,5524029,0.679542,8129050
3,2021-06-13,9913,9823863,7396,5310631,2033,4188028,484,325204,2393,839692,0.103295,7473,4687296,0.576611,2959,5526988,0.679906,8129050
3,2021-06-14,25237,9849100,18065,5328696,5788,4193816,1384,326588,8255,832654,0.102429,16855,4704151,0.578684,9817,5536805,0.681113,8129050
3,2021-06-15,28259,9877359,19160,5347856,7629,4201445,1470,328058,9673,825629,0.101565,18371,4722522,0.580944,11346,5548151,0.682509,8129050
3,2021-06-16,24426,9901785,17306,5365162,5815,4207260,1305,329363,8405,819647,0.100829,15862,4738384,0.582895,9880,5558031,0.683725,8129050
3,2021-06-17,11433,9913218,8310,5373472,2439,4209699,684,330047,3905,816849,0.100485,7452,4745836,0.583812,4654,5562685,0.684297,8129050
4,2020-12-15,453,453,453,453,0,0,0,0,453,453,5.6e-05,0,0,0.0,453,453,5.6e-05,8037679
4,2020-12-16,3010,3463,3010,3463,0,0,0,0,3010,3463,0.000431,0,0,0.0,3010,3463,0.000431,8037679
4,2020-12-17,8849,12312,8849,12312,0,0,0,0,8849,12312,0.001532,0,0,0.0,8849,12312,0.001532,8037679
4,2020-12-18,15972,28284,15962,28274,10,10,0,0,15972,28284,0.003519,0,0,0.0,15972,28284,0.003519,8037679
4,2020-12-19,10279,38563,10270,38544,9,19,0,0,10214,38498,0.00479,0,0,0.0,10214,38498,0.00479,8037679
4,2020-12-20,7386,45949,7379,45923,7,26,0,0,7341,45839,0.005703,0,0,0.0,7341,45839,0.005703,8037679
4,2020-12-21,16321,62270,16296,62219,25,51,0,0,16255,62093,0.007725,1,1,0.0,16255,62094,0.007725,8037679
4,2020-12-22,17140,79410,16404,78623,736,787,0,0,17093,79185,0.009852,1,2,0.0,17093,79187,0.009852,8037679
4,2020-12-23,17044,96454,14336,92959,2708,3495,0,0,17013,96197,0.011968,1,3,0.0,17013,96200,0.011969,8037679
4,2020-12-24,8563,105017,5967,98926,2596,6091,0,0,8562,104758,0.013033,1,4,0.0,8562,104762,0.013034,8037679
4,2020-12-25,904,105921,799,99725,105,6196,0,0,904,105662,0.013146,0,4,0.0,904,105666,0.013146,8037679
4,2020-12-26,6179,112100,3897,103622,2282,8478,0,0,6179,111841,0.013915,0,4,0.0,6179,111845,0.013915,8037679
4,2020-12-27,3426,115526,1994,105616,1432,9910,0,0,3426,115267,0.014341,0,4,0.0,3426,115271,0.014341,8037679
4,2020-12-28,15056,130582,9297,114913,5759,15669,0,0,15028,130294,0.01621,1,5,1e-06,15028,130299,0.016211,8037679
4,2020-12-29,15366,145948,8514,123427,6852,22521,0,0,15332,145625,0.018118,1,6,1e-06,15332,145631,0.018119,8037679
4,2020-12-30,18940,164888,11078,134505,7862,30383,0,0,18929,164552,0.020473,2,8,1e-06,18929,164560,0.020474,8037679
4,2020-12-31,8275,173163,3349,137854,4926,35309,0,0,8263,172806,0.021499,9,17,2e-06,8263,172823,0.021502,8037679
4,2021-01-01,1443,174606,634,138488,809,36118,0,0,1441,174245,0.021679,2,19,2e-06,1441,174264,0.021681,8037679
4,2021-01-02,5722,180328,3234,141722,2488,38606,0,0,5721,179965,0.02239,1,20,2e-06,5721,179985,0.022393,8037679
4,2021-01-03,2138,182466,1270,142992,868,39474,0,0,2122,182083,0.022654,4,24,3e-06,2122,182107,0.022657,8037679
4,2021-01-04,12978,195444,7051,150043,5927,45401,0,0,12931,194985,0.024259,29,53,7e-06,12931,195038,0.024265,8037679
4,2021-01-05,16904,212348,9994,160037,6910,52311,0,0,14789,207695,0.02584,2091,2144,0.000267,14801,209839,0.026107,8037679
4,2021-01-06,21566,233914,13226,173263,8340,60651,0,0,15564,217324,0.027038,5948,8092,0.001007,15577,225416,0.028045,8037679
4,2021-01-07,27934,261848,17019,190282,10915,71566,0,0,16852,223171,0.027766,11024,19116,0.002378,16871,242287,0.030144,8037679
4,2021-01-08,32812,294660,21051,211333,11761,83327,0,0,18301,227051,0.028248,14441,33557,0.004175,18321,260608,0.032423,8037679
4,2021-01-09,16290,310950,9635,220968,6655,89982,0,0,9463,229718,0.02858,6808,40365,0.005022,9475,270083,0.033602,8037679
4,2021-01-10,8760,319710,5666,226634,3094,93076,0,0,4136,229256,0.028523,4606,44971,0.005595,4144,274227,0.034118,8037679
4,2021-01-11,33389,353099,21908,248542,11481,104557,0,0,18805,233555,0.029058,14548,59519,0.007405,18847,293074,0.036463,8037679
4,2021-01-12,38545,391644,22218,270760,16327,120884,0,0,24352,243816,0.030334,14130,73649,0.009163,24391,317465,0.039497,8037679
4,2021-01-13,38790,430434,19164,289924,19626,140510,0,0,27431,259973,0.032344,11302,84951,0.010569,27459,344924,0.042913,8037679
4,2021-01-14,39241,469675,15056,304980,24185,164695,0,0,32070,284949,0.035452,7123,92074,0.011455,32099,377023,0.046907,8037679
4,2021-01-15,45544,515219,15958,320938,29586,194281,0,0,39904,319323,0.039728,5586,97660,0.01215,39960,416983,0.051879,8037679
4,2021-01-16,28764,543983,9455,330393,19309,213590,0,0,25613,341840,0.04253,3116,100776,0.012538,25633,442616,0.055068,8037679
4,2021-01-17,19141,563124,6752,337145,12389,225979,0,0,17613,357966,0.044536,1502,102278,0.012725,17628,460244,0.057261,8037679
4,2021-01-18,29484,592608,13664,350809,15820,241799,0,0,23490,375585,0.046728,5897,108175,0.013458,23516,483760,0.060187,8037679
4,2021-01-19,46170,638778,23183,373992,22987,264786,0,0,36794,403136,0.050156,9318,117493,0.014618,36869,520629,0.064774,8037679
4,2021-01-20,51953,690731,27517,401509,24436,289222,0,0,41492,434327,0.054036,10361,127854,0.015907,41552,562181,0.069943,8037679
4,2021-01-21,56957,747688,25233,426742,31724,320946,0,0,50486,478455,0.059527,6404,134258,0.016704,50532,612713,0.07623,8037679
4,2021-01-22,55278,802966,22166,448908,33112,354058,0,0,50150,523605,0.065144,5034,139292,0.01733,50184,662897,0.082474,8037679
4,2021-01-23,39524,842490,17434,466342,22090,376148,0,0,35185,554491,0.068986,4330,143622,0.017869,35216,698113,0.086855,8037679
4,2021-01-24,23927,866417,10500,476842,13427,389575,0,0,22049,574687,0.071499,1870,145492,0.018101,22066,720179,0.0896,8037679
4,2021-01-25,48032,914449,22182,499024,25850,415425,0,0,36914,600571,0.074719,11086,156578,0.01948,36970,757149,0.0942,8037679
4,2021-01-26,56994,971443,29092,528116,27902,443327,0,0,44734,633158,0.078774,12207,168785,0.020999,44794,801943,0.099773,8037679
4,2021-01-27,56366,1027809,26860,554976,29506,472833,0,0,45366,667648,0.083065,10928,179713,0.022359,45418,847361,0.105424,8037679
4,2021-01-28,56722,1084531,25668,580644,31054,503887,0,0,46743,704540,0.087655,9895,189608,0.02359,46787,894148,0.111245,8037679
4,2021-01-29,56625,1141156,27185,607829,29440,533327,0,0,46261,740620,0.092144,10217,199825,0.024861,46297,940445,0.117005,8037679
4,2021-01-30,37878,1179034,17284,625113,20594,553921,0,0,32524,767865,0.095533,5304,205129,0.025521,32549,972994,0.121054,8037679
4,2021-01-31,23980,1203014,12637,637750,11343,565264,0,0,22360,788639,0.098118,1603,206732,0.02572,22377,995371,0.123838,8037679
4,2021-02-01,49752,1252766,24076,661826,25676,590940,0,0,38138,815246,0.101428,11571,218303,0.02716,38178,1033549,0.128588,8037679
4,2021-02-02,55435,1308201,25535,687361,29900,620840,0,0,42591,845101,0.105142,12779,231082,0.02875,42634,1076183,0.133892,8037679
4,2021-02-03,62075,1370276,30584,717945,31491,652331,0,0,47732,878656,0.109317,14233,245315,0.030521,47788,1123971,0.139838,8037679
4,2021-02-04,67486,1437762,31445,749390,36041,688372,0,0,50813,913055,0.113597,16520,261835,0.032576,50919,1174890,0.146173,8037679
4,2021-02-05,73297,1511059,34081,783471,39216,727588,0,0,51048,942251,0.117229,21991,283826,0.035312,51187,1226077,0.152541,8037679
4,2021-02-06,48499,1559558,26405,809876,22094,749682,0,0,36947,967880,0.120418,11517,295343,0.036745,37146,1263223,0.157163,8037679
4,2021-02-07,26604,1586162,17640,827516,8964,758646,0,0,20146,981833,0.122154,6432,301775,0.037545,20385,1283608,0.159699,8037679
4,2021-02-08,58672,1644834,30256,857772,28416,787062,0,0,38258,1000074,0.124423,20283,322058,0.040069,38524,1322132,0.164492,8037679
4,2021-02-09,67247,1712081,34278,892050,32969,820031,0,0,39538,1012379,0.125954,27637,349695,0.043507,39942,1362074,0.169461,8037679
4,2021-02-10,77233,1789314,38693,930743,38540,858571,0,0,41067,1018054,0.12666,35937,385632,0.047978,41612,1403686,0.174638,8037679
4,2021-02-11,81350,1870664,42545,973288,38805,897376,0,0,42022,1021640,0.127106,39104,424736,0.052843,42690,1446376,0.179949,8037679
4,2021-02-12,84168,1954832,37724,1011012,46444,943820,0,0,43403,1025269,0.127558,40563,465299,0.05789,44192,1490568,0.185448,8037679
4,2021-02-13,58523,2013355,29741,1040753,28782,972602,0,0,29834,1027445,0.127829,28559,493858,0.061443,30735,1521303,0.189271,8037679
4,2021-02-14,36712,2050067,19048,1059801,17664,990266,0,0,18874,1029191,0.128046,17787,511645,0.063656,19533,1540836,0.191702,8037679
4,2021-02-15,46075,2096142,21591,1081392,24484,1014750,0,0,23665,1031691,0.128357,22344,533989,0.066436,24844,1565680,0.194793,8037679
4,2021-02-16,80070,2176212,36717,1118109,43353,1058103,0,0,40746,1034430,0.128698,39227,573216,0.071316,41966,1607646,0.200014,8037679
4,2021-02-17,81424,2257636,38462,1156571,42962,1101065,0,0,38795,1031888,0.128381,42464,615680,0.076599,39922,1647568,0.204981,8037679
4,2021-02-18,83218,2340854,45806,1202377,37412,1138477,0,0,38466,1027244,0.127804,44590,660270,0.082147,39946,1687514,0.20995,8037679
4,2021-02-19,82509,2423363,51870,1254247,30639,1169116,0,0,41308,1028193,0.127922,41058,701328,0.087255,42007,1729521,0.215177,8037679
4,2021-02-20,48982,2472345,32681,1286928,16301,1185417,0,0,26741,1033449,0.128576,22181,723509,0.090015,27437,1756958,0.21859,8037679
4,2021-02-21,29287,2501632,23537,1310465,5750,1191167,0,0,14094,1032701,0.128482,15126,738635,0.091897,14378,1771336,0.220379,8037679
4,2021-02-22,53145,2554777,36479,1346944,16666,1207833,0,0,25800,1031701,0.128358,27248,765883,0.095287,26248,1797584,0.223645,8037679
4,2021-02-23,73947,2628724,41042,1387986,32905,1240738,0,0,32596,1024750,0.127493,41218,807101,0.100415,34267,1831851,0.227908,8037679
4,2021-02-24,88808,2717532,46912,1434898,41896,1282634,0,0,40111,1018527,0.126719,48490,855591,0.106448,42267,1874118,0.233167,8037679
4,2021-02-25,99998,2817530,52228,1487126,47770,1330404,0,0,47971,1017187,0.126552,51873,907464,0.112901,50533,1924651,0.239454,8037679
4,2021-02-26,106520,2924050,53809,1540935,52711,1383115,0,0,54571,1022386,0.127199,51723,959187,0.119336,56922,1981573,0.246535,8037679
4,2021-02-27,77167,3001217,42119,1583054,35042,1418157,6,6,41368,1029588,0.128095,35658,994845,0.123773,42860,2024433,0.251868,8037679
4,2021-02-28,47476,3048693,29530,1612584,17940,1436097,6,12,26568,1036281,0.128928,20765,1015610,0.126356,27458,2051891,0.255284,8037679
4,2021-03-01,77889,3126582,45770,1658354,32085,1468182,34,46,42981,1045822,0.130115,34666,1050276,0.130669,44207,2096098,0.260784,8037679
4,2021-03-02,85151,3211733,49032,1707386,36112,1504294,7,53,50348,1063324,0.132292,34644,1084920,0.134979,52146,2148244,0.267272,8037679
4,2021-03-03,100268,3312001,53415,1760801,46840,1551134,13,66,56031,1077099,0.134006,44041,1128961,0.140459,57816,2206060,0.274465,8037679
4,2021-03-04,97225,3409226,53992,1814793,43216,1594350,17,83,53551,1088977,0.135484,43468,1172429,0.145867,55346,2261406,0.281351,8037679
4,2021-03-05,94387,3503613,51012,1865805,43061,1637411,314,397,56038,1109111,0.137989,38152,1210581,0.150613,58286,2319692,0.288602,8037679
4,2021-03-06,76171,3579784,43003,1908808,30553,1667964,2615,3012,46831,1130680,0.140672,29228,1239809,0.15425,50797,2370489,0.294922,8037679
4,2021-03-07,42716,3622500,27307,1936115,14223,1682187,1186,4198,25618,1141537,0.142023,17036,1256845,0.156369,27893,2398382,0.298392,8037679
4,2021-03-08,66408,3688908,34829,1970944,28380,1710567,3199,7397,43890,1167564,0.145261,22403,1279248,0.159156,48430,2446812,0.304418,8037679
4,2021-03-09,81220,3770128,41174,2012118,34911,1745478,5135,12532,43922,1180601,0.146883,37140,1316388,0.163777,50177,2496989,0.31066,8037679
4,2021-03-10,90980,3861108,47025,2059143,36500,1781978,7455,19987,46018,1190256,0.148085,44797,1361185,0.169351,54452,2551441,0.317435,8037679
4,2021-03-11,100514,3961622,52777,2111920,39334,1821312,8403,28390,46580,1192651,0.148383,53719,1414904,0.176034,56114,2607555,0.324416,8037679
4,2021-03-12,104539,4066161,51591,2163511,42666,1863978,10282,38672,44761,1189148,0.147947,59536,1474440,0.183441,56033,2663588,0.331388,8037679
4,2021-03-13,81075,4147236,37742,2201253,34913,1898891,8420,47092,38124,1194016,0.148552,42826,1517266,0.188769,47694,2711282,0.337322,8037679
4,2021-03-14,49618,4196854,28402,2229655,17577,1916468,3639,50731,23312,1195384,0.148723,26219,1543485,0.192031,27587,2738869,0.340754,8037679
4,2021-03-15,83650,4280504,45018,2274673,34381,1950849,4251,54982,42787,1202629,0.149624,40644,1584129,0.197088,47889,2786758,0.346712,8037679
4,2021-03-16,107577,4388081,55896,2330569,48275,1999124,3406,58388,57089,1213561,0.150984,50273,1634402,0.203343,61205,2847963,0.354327,8037679
4,2021-03-17,106578,4494659,57427,2387996,45659,2044783,3492,61880,62598,1236481,0.153836,43738,1678140,0.208784,66658,2914621,0.36262,8037679
4,2021-03-18,106418,4601077,58942,2446938,43827,2088610,3649,65529,60479,1255372,0.156186,45684,1723824,0.214468,64575,2979196,0.370654,8037679
4,2021-03-19,110786,4711863,63639,2510577,41958,2130568,5189,70718,63178,1276773,0.158848,47378,1771202,0.220362,68779,3047975,0.379211,8037679
4,2021-03-20,83490,4795353,49014,2559591,31473,2162041,3003,73721,51283,1299300,0.161651,32077,1803279,0.224353,54604,3102579,0.386004,8037679
4,2021-03-21,47961,4843314,34773,2594364,10928,2172969,2260,75981,28397,1310868,0.16309,19453,1822732,0.226773,31021,3133600,0.389864,8037679
4,2021-03-22,81926,4925240,53533,2647897,25666,2198635,2727,78708,50929,1334458,0.166025,30785,1853517,0.230604,54375,3187975,0.396629,8037679
4,2021-03-23,104077,5029317,62213,2710110,39717,2238352,2147,80855,62012,1357355,0.168874,41807,1895324,0.235805,64704,3252679,0.404679,8037679
4,2021-03-24,113194,5142511,73177,2783287,37607,2275959,2410,83265,64003,1375445,0.171125,48787,1944111,0.241875,66877,3319556,0.412999,8037679
4,2021-03-25,116764,5259275,71956,2855243,42420,2318379,2388,85653,66956,1395915,0.173671,49359,1993470,0.248016,69829,3389385,0.421687,8037679
4,2021-03-26,119437,5378712,72583,2927826,43812,2362191,3042,88695,65475,1411402,0.175598,53633,2047103,0.254688,69120,3458505,0.430287,8037679
4,2021-03-27,91561,5470273,54257,2982083,35523,2397714,1781,90476,46508,1415351,0.17609,44829,2091932,0.260266,48778,3507283,0.436355,8037679
4,2021-03-28,55572,5525845,36724,3018807,17977,2415691,871,91347,29615,1420363,0.176713,25812,2117744,0.263477,30824,3538107,0.44019,8037679
4,2021-03-29,93358,5619203,56096,3074903,35187,2450878,2075,93422,50675,1431210,0.178063,42461,2160205,0.26876,53308,3591415,0.446822,8037679
4,2021-03-30,116880,5736083,63880,3138783,48850,2499728,4150,97572,69518,1458166,0.181416,47154,2207359,0.274626,74110,3665525,0.456043,8037679
4,2021-03-31,120764,5856847,71425,3210208,43017,2542745,6322,103894,67759,1479784,0.184106,52681,2260040,0.281181,74299,3739824,0.465287,8037679
4,2021-04-01,142239,5999086,81272,3291480,47763,2590508,13204,117098,83868,1519117,0.188999,57974,2318014,0.288393,97307,3837131,0.477393,8037679
4,2021-04-02,136326,6135412,72994,3364474,49783,2640291,13549,130647,78922,1554816,0.193441,57131,2375145,0.295501,92830,3929961,0.488942,8037679
4,2021-04-03,101034,6236446,53966,3418440,33672,2673963,13396,144043,52724,1573095,0.195715,48121,2423266,0.301488,66400,3996361,0.497203,8037679
4,2021-04-04,46871,6283317,24729,3443169,14618,2688581,7524,151567,20440,1574778,0.195924,26333,2449599,0.304764,28016,4024377,0.500689,8037679
4,2021-04-05,109086,6392403,61427,3504596,34895,2723476,12764,164331,56998,1593243,0.198222,51899,2501498,0.311221,70364,4094741,0.509443,8037679
4,2021-04-06,138575,6530978,78013,3582609,40804,2764280,19758,184089,72080,1619460,0.201484,66277,2567775,0.319467,92494,4187235,0.520951,8037679
4,2021-04-07,137226,6668204,77789,3660398,38751,2803031,20686,204775,71198,1645885,0.204771,65788,2633563,0.327652,92213,4279448,0.532423,8037679
4,2021-04-08,139741,6807945,77877,3738275,36464,2839495,25400,230175,69562,1671594,0.20797,69913,2703476,0.33635,95622,4375070,0.54432,8037679
4,2021-04-09,137414,6945359,75407,3813682,39049,2878544,22958,253133,65749,1689910,0.210249,71455,2774931,0.34524,89771,4464841,0.555489,8037679
4,2021-04-10,103259,7048618,51208,3864890,33226,2911770,18825,271958,46504,1699761,0.211474,56553,2831484,0.352276,66404,4531245,0.56375,8037679
4,2021-04-11,62393,7111011,38054,3902944,13157,2924927,11182,283140,27413,1704568,0.212072,34886,2866370,0.356617,39693,4570938,0.568689,8037679
4,2021-04-12,102596,7213607,62422,3965366,30049,2954976,10125,293265,51886,1717384,0.213667,50426,2916796,0.36289,63242,4634180,0.576557,8037679
4,2021-04-13,130164,7343771,81670,4047036,48331,3003307,163,293428,78195,1744894,0.217089,51706,2968502,0.369323,79216,4713396,0.586413,8037679
4,2021-04-14,135336,7479107,86251,4133287,49008,3052315,77,293505,75138,1761457,0.21915,59888,3028390,0.376774,76451,4789847,0.595924,8037679
4,2021-04-15,155955,7635062,103849,4237136,52044,3104359,62,293567,96304,1799264,0.223854,59319,3087709,0.384154,97126,4886973,0.608008,8037679
4,2021-04-16,142917,7777979,90747,4327883,52092,3156451,78,293645,83595,1824659,0.227013,59044,3146753,0.3915,84439,4971412,0.618513,8037679
4,2021-04-17,100545,7878524,63467,4391350,37054,3193505,24,293669,58969,1843503,0.229358,41322,3188075,0.396641,60166,5031578,0.625999,8037679
4,2021-04-18,54306,7932830,36330,4427680,17973,3211478,3,293672,30889,1852053,0.230421,23300,3211375,0.39954,31850,5063428,0.629961,8037679
4,2021-04-19,100521,8033351,66381,4494061,34124,3245602,16,293688,51481,1855333,0.230829,48828,3260203,0.405615,52108,5115536,0.636444,8037679
4,2021-04-20,127520,8160871,74896,4568957,52610,3298212,14,293702,66984,1863160,0.231803,60273,3320476,0.413114,68100,5183636,0.644917,8037679
4,2021-04-21,127556,8288427,81802,4650759,45704,3343916,50,293752,64484,1865939,0.232149,62771,3383247,0.420923,65550,5249186,0.653072,8037679
4,2021-04-22,137295,8425722,90460,4741219,46813,3390729,22,293774,61506,1853107,0.230553,75469,3458716,0.430313,62637,5311823,0.660865,8037679
4,2021-04-23,130746,8556468,84420,4825639,46303,3437032,23,293797,56772,1837400,0.228598,73663,3532379,0.439477,57956,5369779,0.668076,8037679
4,2021-04-24,97425,8653893,66057,4891696,31319,3468351,49,293846,44833,1831014,0.227804,52327,3584706,0.445988,45941,5415720,0.673792,8037679
4,2021-04-25,49573,8703466,35251,4926947,14297,3482648,25,293871,26207,1834451,0.228231,23238,3607944,0.448879,26675,5442395,0.67711,8037679
4,2021-04-26,89586,8793052,58413,4985360,30778,3513426,395,294266,35340,1817569,0.226131,53976,3661920,0.455594,37094,5479489,0.681725,8037679
4,2021-04-27,111757,8904809,67964,5053324,41488,3554914,2305,296571,40240,1789708,0.222665,71225,3733145,0.464456,43364,5522853,0.68712,8037679
4,2021-04-28,101262,9006071,65718,5119042,33041,3587955,2503,299074,37075,1766004,0.219716,63921,3797066,0.472408,40217,5563070,0.692124,8037679
4,2021-04-29,102572,9108643,64988,5184030,35072,3623027,2512,301586,33027,1732875,0.215594,69246,3866312,0.481023,36117,5599187,0.696617,8037679
4,2021-04-30,102375,9211018,64561,5248591,35142,3658169,2672,304258,34966,1704069,0.21201,67076,3933388,0.489369,38270,5637457,0.701379,8037679
4,2021-05-01,68585,9279603,45698,5294289,21132,3679301,1755,306013,19897,1677881,0.208752,48470,3981858,0.495399,22282,5659739,0.704151,8037679
4,2021-05-02,37391,9316994,26542,5320831,9569,3688870,1280,307293,10499,1663015,0.206902,26793,4008651,0.498732,11927,5671666,0.705635,8037679
4,2021-05-03,78056,9395050,54415,5375246,21177,3710047,2464,309757,19139,1626270,0.202331,58694,4067345,0.506035,21949,5693615,0.708366,8037679
4,2021-05-04,98485,9493535,66846,5442092,28891,3738938,2748,312505,22319,1575788,0.19605,75922,4143267,0.515481,25440,5719055,0.711531,8037679
4,2021-05-05,99239,9592774,69522,5511614,26998,3765936,2719,315224,21599,1523047,0.189488,77341,4220608,0.525103,24600,5743655,0.714591,8037679
4,2021-05-06,109323,9702097,81639,5593253,24758,3790694,2926,318150,19385,1456960,0.181266,89515,4310123,0.53624,23428,5767083,0.717506,8037679
4,2021-05-07,102994,9805091,73871,5667124,26446,3817140,2677,320827,20384,1398143,0.173949,82282,4392405,0.546477,23465,5790548,0.720425,8037679
4,2021-05-08,66423,9871514,45457,5712581,19046,3836186,1920,322747,13154,1360512,0.169267,53064,4445469,0.553079,15433,5805981,0.722345,8037679
4,2021-05-09,33439,9904953,27296,5739877,5202,3841388,941,323688,7823,1343850,0.167194,25519,4470988,0.556254,8857,5814838,0.723447,8037679
4,2021-05-10,63196,9968149,42020,5781897,18874,3860262,2302,325990,11077,1305602,0.162435,51940,4522928,0.562716,13692,5828530,0.725151,8037679
4,2021-05-11,79088,10047237,48387,5830284,28529,3888791,2172,328162,15592,1260554,0.156831,63288,4586216,0.57059,18240,5846770,0.72742,8037679
4,2021-05-12,77370,10124607,51188,5881472,23738,3912529,2444,330606,18020,1222320,0.152074,59092,4645308,0.577941,20858,5867628,0.730015,8037679
4,2021-05-13,102107,10226714,75122,5956594,25467,3937996,1518,332124,40320,1203694,0.149756,61488,4706796,0.585591,42862,5910490,0.735348,8037679
4,2021-05-14,102350,10329064,72113,6028707,28140,3966136,2097,334221,40223,1184686,0.147392,61851,4768647,0.593287,42843,5953333,0.740678,8037679
4,2021-05-15,84172,10413236,65021,6093728,17832,3983968,1319,335540,37115,1176550,0.146379,46854,4815501,0.599116,38718,5992051,0.745495,8037679
4,2021-05-16,49210,10462446,39977,6133705,8546,3992514,687,336227,20115,1168524,0.145381,28967,4844468,0.60272,20941,6012992,0.748101,8037679
4,2021-05-17,70048,10532494,51113,6184818,17098,4009612,1837,338064,28215,1157150,0.143966,41648,4886116,0.607901,30274,6043266,0.751867,8037679
4,2021-05-18,80865,10613359,52595,6237413,26526,4036138,1744,339808,29457,1137644,0.141539,51065,4937181,0.614255,31559,6074825,0.755793,8037679
4,2021-05-19,75978,10689337,51474,6288887,22574,4058712,1930,341738,31666,1127458,0.140272,44062,4981243,0.619736,33876,6108701,0.760008,8037679
4,2021-05-20,67525,10756862,43290,6332177,22249,4080961,1986,343724,25838,1114225,0.138625,41433,5022676,0.624891,28200,6136901,0.763517,8037679
4,2021-05-21,72876,10829738,48203,6380380,22820,4103781,1853,345577,26724,1097188,0.136506,45899,5068575,0.630602,28862,6165763,0.767107,8037679
4,2021-05-22,48997,10878735,34319,6414699,13416,4117197,1262,346839,21287,1092433,0.135914,27566,5096141,0.634031,22811,6188574,0.769945,8037679
4,2021-05-23,22646,10901381,16203,6430902,5726,4122923,717,347556,9484,1089715,0.135576,13054,5109195,0.635656,10336,6198910,0.771231,8037679
4,2021-05-24,41596,10942977,26198,6457100,12413,4135336,2985,350541,14638,1080765,0.134462,26768,5135963,0.638986,17818,6216728,0.773448,8037679
4,2021-05-25,44546,10987523,27761,6484861,13980,4149316,2805,353346,16131,1071732,0.133338,28201,5164164,0.642494,19168,6235896,0.775833,8037679
4,2021-05-26,44095,11031618,26500,6511361,15017,4164333,2578,355924,16009,1062641,0.132207,27898,5192062,0.645965,18807,6254703,0.778173,8037679
4,2021-05-27,38573,11070191,23206,6534567,12227,4176560,3140,359064,14847,1057294,0.131542,23550,5215612,0.648895,18203,6272906,0.780437,8037679
4,2021-05-28,42906,11113097,27454,6562021,13864,4190424,1588,360652,19039,1054520,0.131197,23662,5239274,0.651839,20888,6293794,0.783036,8037679
4,2021-05-29,23350,11136447,15219,6577240,7202,4197626,929,361581,11197,1054749,0.131226,12042,5251316,0.653337,12271,6306065,0.784563,8037679
4,2021-05-30,11904,11148351,8357,6585597,3021,4200647,526,362107,5078,1053668,0.131091,6773,5258089,0.65418,5692,6311757,0.785271,8037679
4,2021-05-31,3525,11151876,2238,6587835,1128,4201775,159,362266,1142,1052642,0.130963,2354,5260443,0.654473,1328,6313085,0.785436,8037679
4,2021-06-01,39120,11190996,24395,6612230,12290,4214065,2435,364701,13772,1043929,0.129879,25165,5285608,0.657604,16452,6329537,0.787483,8037679
4,2021-06-02,32245,11223241,20159,6632389,9303,4223368,2783,367484,11146,1037097,0.129029,20938,5306546,0.660209,14106,6343643,0.789238,8037679
4,2021-06-03,47682,11270923,36605,6668994,8626,4231994,2451,369935,11124,1014605,0.126231,36417,5342963,0.66474,13925,6357568,0.790971,8037679
4,2021-06-04,54364,11325287,43847,6712841,9202,4241196,1315,371250,13639,989900,0.123157,40521,5383484,0.669781,15816,6373384,0.792938,8037679
4,2021-06-05,44325,11369612,37990,6750831,5344,4246540,991,372241,9199,965419,0.120112,34980,5418464,0.674133,10499,6383883,0.794245,8037679
4,2021-06-06,20932,11390544,18670,6769501,1706,4248246,556,372797,4654,954867,0.118799,16181,5434645,0.676146,5629,6389512,0.794945,8037679
4,2021-06-07,38348,11428892,31050,6800551,5384,4253630,1914,374711,8890,936642,0.116531,29339,5463984,0.679796,11114,6400626,0.796328,8037679
4,2021-06-08,40218,11469110,31584,6832135,6112,4259742,2522,377233,9700,918896,0.114324,30348,5494332,0.683572,12602,6413228,0.797896,8037679
4,2021-06-09,38542,11507652,30554,6862689,5637,4265379,2351,379584,8005,899296,0.111885,30384,5524716,0.687352,10784,6424012,0.799237,8037679
4,2021-06-10,36600,11544252,28834,6891523,5166,4270545,2600,382184,8661,883070,0.109866,27802,5552518,0.690811,11576,6435588,0.800677,8037679
4,2021-06-11,37748,11582000,29698,6921221,6055,4276600,1995,384179,9895,867614,0.107943,27718,5580236,0.69426,12262,6447850,0.802203,8037679
4,2021-06-12,26221,11608221,21840,6943061,3676,4280276,705,384884,6246,854935,0.106366,19884,5600120,0.696733,7205,6455055,0.803099,8037679
4,2021-06-13,10684,11618905,8434,6951495,1781,4282057,469,385353,2402,849704,0.105715,8228,5608348,0.697757,2997,6458052,0.803472,8037679
4,2021-06-14,28189,11647094,21077,6972572,4324,4286381,2788,388141,8135,840960,0.104627,19932,5628280,0.700237,11188,6469240,0.804864,8037679
4,2021-06-15,29460,11676554,20834,6993406,5251,4291632,3375,391516,8257,831822,0.10349,21073,5649353,0.702859,11935,6481175,0.806349,8037679
4,2021-06-16,25333,11701887,19093,7012499,3735,4295367,2505,394021,7805,824951,0.102635,17380,5666733,0.705021,10509,6491684,0.807657,8037679
4,2021-06-17,12808,11714695,8954,7021453,1528,4296895,2326,396347,3402,821402,0.102194,9360,5676093,0.706186,5811,6497495,0.80838,8037679
