hpiquartile,administered_date,total_doses,cumulative_total_doses,pfizer_doses,cumulative_pfizer_doses,moderna_doses,cumulative_moderna_doses,jj_doses,cumulative_jj_doses,partially_vaccinated,total_partially_vaccinated,pct_age16pop_partially_vaccinated,fully_vaccinated,cumulative_fully_vaccinated,pct_age16pop_fully_vaccinated,at_least_one_dose,cumulative_at_least_one_dose,pct_age16pop_at_least_one_dose,age16_population
1,2020-12-15,144,144,144,144,0,0,0,0,144,144,1.8e-05,0,0,0.0,144,144,1.8e-05,8051741
1,2020-12-16,1279,1423,1279,1423,0,0,0,0,1279,1423,0.000177,0,0,0.0,1279,1423,0.000177,8051741
1,2020-12-17,4102,5525,4102,5525,0,0,0,0,4102,5525,0.000686,0,0,0.0,4102,5525,0.000686,8051741
1,2020-12-18,6071,11596,6028,11553,43,43,0,0,6076,11601,0.001441,0,0,0.0,6076,11601,0.001441,8051741
1,2020-12-19,2782,14378,2782,14335,0,43,0,0,2782,14382,0.001786,1,1,0.0,2782,14383,0.001786,8051741
1,2020-12-20,2038,16416,2035,16370,3,46,0,0,2040,16422,0.00204,0,1,0.0,2040,16423,0.00204,8051741
1,2020-12-21,7858,24274,7845,24215,13,59,0,0,7914,24336,0.003022,0,1,0.0,7914,24337,0.003023,8051741
1,2020-12-22,7388,31662,6945,31160,443,502,0,0,7392,31727,0.00394,1,2,0.0,7392,31729,0.003941,8051741
1,2020-12-23,7588,39250,6325,37485,1263,1765,0,0,7587,39314,0.004883,0,2,0.0,7587,39316,0.004883,8051741
1,2020-12-24,3264,42514,2322,39807,942,2707,0,0,3265,42579,0.005288,0,2,0.0,3265,42581,0.005288,8051741
1,2020-12-25,230,42744,147,39954,83,2790,0,0,230,42809,0.005317,0,2,0.0,230,42811,0.005317,8051741
1,2020-12-26,1328,44072,966,40920,362,3152,0,0,1328,44136,0.005482,1,3,0.0,1328,44139,0.005482,8051741
1,2020-12-27,854,44926,529,41449,325,3477,0,0,855,44991,0.005588,0,3,0.0,855,44994,0.005588,8051741
1,2020-12-28,7185,52111,4979,46428,2206,5683,0,0,7185,52176,0.00648,0,3,0.0,7185,52179,0.00648,8051741
1,2020-12-29,8753,60864,4965,51393,3788,9471,0,0,8749,60923,0.007566,2,5,1e-06,8749,60928,0.007567,8051741
1,2020-12-30,11282,72146,6252,57645,5030,14501,0,0,11302,72225,0.00897,0,5,1e-06,11302,72230,0.008971,8051741
1,2020-12-31,5761,77907,1873,59518,3888,18389,0,0,5939,78164,0.009708,0,5,1e-06,5939,78169,0.009708,8051741
1,2021-01-01,490,78397,159,59677,331,18720,0,0,490,78654,0.009769,0,5,1e-06,490,78659,0.009769,8051741
1,2021-01-02,2732,81129,1619,61296,1113,19833,0,0,2831,81485,0.01012,0,5,1e-06,2831,81490,0.010121,8051741
1,2021-01-03,994,82123,530,61826,464,20297,0,0,995,82479,0.010244,1,6,1e-06,995,82485,0.010244,8051741
1,2021-01-04,7266,89389,3537,65363,3729,24026,0,0,7294,89772,0.011149,1,7,1e-06,7294,89779,0.01115,8051741
1,2021-01-05,10859,100248,5212,70575,5647,29673,0,0,10128,99179,0.012318,782,789,9.8e-05,10189,99968,0.012416,8051741
1,2021-01-06,14012,114260,7109,77684,6903,36576,0,0,12215,109613,0.013614,1787,2576,0.00032,12221,112189,0.013934,8051741
1,2021-01-07,17689,131949,9282,86966,8407,44983,0,0,13325,118708,0.014743,4235,6811,0.000846,13330,125519,0.015589,8051741
1,2021-01-08,20068,152017,10317,97283,9751,54734,0,0,14356,127360,0.015818,5709,12520,0.001555,14361,139880,0.017373,8051741
1,2021-01-09,6484,158501,3261,100544,3223,57957,0,0,4782,130388,0.016194,1758,14278,0.001773,4786,144666,0.017967,8051741
1,2021-01-10,3005,161506,1707,102251,1298,59255,0,0,1852,131095,0.016282,1147,15425,0.001916,1854,146520,0.018197,8051741
1,2021-01-11,18341,179847,12082,114333,6259,65514,0,0,11443,135814,0.016868,6766,22191,0.002756,11485,158005,0.019624,8051741
1,2021-01-12,19197,199044,10755,125088,8442,73956,0,0,13119,142953,0.017754,6057,28248,0.003508,13196,171201,0.021263,8051741
1,2021-01-13,19801,218845,10469,135557,9332,83288,0,0,14835,152815,0.018979,4990,33238,0.004128,14852,186053,0.023107,8051741
1,2021-01-14,22366,241211,9327,144884,13039,96327,0,0,19689,169964,0.021109,2601,35839,0.004451,19750,205803,0.02556,8051741
1,2021-01-15,25363,266574,9512,154396,15851,112178,0,0,23388,191446,0.023777,1971,37810,0.004696,23453,229256,0.028473,8051741
1,2021-01-16,14125,280699,4516,158912,9609,121787,0,0,13378,203986,0.025334,840,38650,0.0048,13380,242636,0.030135,8051741
1,2021-01-17,5950,286649,1932,160844,4018,125805,0,0,5755,209376,0.026004,370,39020,0.004846,5760,248396,0.03085,8051741
1,2021-01-18,14806,301455,8972,169816,5834,131639,0,0,11484,217600,0.027025,3321,42341,0.005259,11545,259941,0.032284,8051741
1,2021-01-19,24161,325616,12846,182662,11315,142954,0,0,19038,231572,0.02876,5110,47451,0.005893,19082,279023,0.034654,8051741
1,2021-01-20,27453,353069,13286,195948,14167,157121,0,0,22114,248396,0.03085,5318,52769,0.006554,22142,301165,0.037404,8051741
1,2021-01-21,31005,384074,14972,210920,16033,173154,0,0,28183,273789,0.034004,2884,55653,0.006912,28277,329442,0.040916,8051741
1,2021-01-22,27218,411292,10887,221807,16331,189485,0,0,25392,297328,0.036927,1873,57526,0.007145,25412,354854,0.044072,8051741
1,2021-01-23,18309,429601,8081,229888,10228,199713,0,0,16460,311936,0.038741,1863,59389,0.007376,16471,371325,0.046117,8051741
1,2021-01-24,6434,436035,4081,233969,2353,202066,0,0,5805,317105,0.039383,640,60029,0.007455,5809,377134,0.046839,8051741
1,2021-01-25,25351,461386,10146,244115,15205,217271,0,0,19887,331610,0.041185,5523,65552,0.008141,20028,397162,0.049326,8051741
1,2021-01-26,28368,489754,13316,257431,15052,232323,0,0,21824,346932,0.043088,6536,72088,0.008953,21858,419020,0.052041,8051741
1,2021-01-27,30882,520636,15329,272760,15553,247876,0,0,23112,362267,0.044992,7808,79896,0.009923,23143,442163,0.054915,8051741
1,2021-01-28,34280,554916,16246,289006,18034,265910,0,0,27821,383442,0.047622,6704,86600,0.010755,27879,470042,0.058378,8051741
1,2021-01-29,33583,588499,16438,305444,17145,283055,0,0,27522,404683,0.05026,6328,92928,0.011541,27569,497611,0.061802,8051741
1,2021-01-30,20538,609037,8600,314044,11938,294993,0,0,18561,421276,0.052321,1976,94904,0.011787,18569,516180,0.064108,8051741
1,2021-01-31,8370,617407,5152,319196,3218,298211,0,0,7941,428482,0.053216,737,95641,0.011878,7943,524123,0.065094,8051741
1,2021-02-01,27879,645286,12060,331256,15819,314030,0,0,20816,442049,0.054901,7253,102894,0.012779,20820,544943,0.06768,8051741
1,2021-02-02,31377,676663,11337,342593,20040,334070,0,0,23653,457986,0.05688,7747,110641,0.013741,23684,568627,0.070622,8051741
1,2021-02-03,38862,715525,14705,357298,24157,358227,0,0,28269,475666,0.059076,10618,121259,0.01506,28298,596925,0.074136,8051741
1,2021-02-04,43942,759467,17003,374301,26939,385166,0,0,32094,495857,0.061584,11949,133208,0.016544,32140,629065,0.078128,8051741
1,2021-02-05,46523,805990,17271,391572,29252,414418,0,0,30816,510946,0.063458,15771,148979,0.018503,30860,659925,0.081961,8051741
1,2021-02-06,26168,832158,10495,402067,15673,430091,0,0,20389,525609,0.065279,5740,154719,0.019216,20403,680328,0.084495,8051741
1,2021-02-07,6025,838183,3837,405904,2188,432279,0,0,4493,528597,0.06565,1522,156241,0.019405,4510,684838,0.085055,8051741
1,2021-02-08,30901,869084,14037,419941,16864,449143,0,0,20579,538858,0.066924,10395,166636,0.020696,20656,705494,0.08762,8051741
1,2021-02-09,37774,906858,16351,436292,21423,470566,0,0,22975,547050,0.067942,14853,181489,0.02254,23045,728539,0.090482,8051741
1,2021-02-10,46222,953080,21687,457979,24535,495101,0,0,26925,554616,0.068882,19431,200920,0.024954,26997,755536,0.093835,8051741
1,2021-02-11,51137,1004217,25506,483485,25631,520732,0,0,30666,564572,0.070118,20802,221722,0.027537,30758,786294,0.097655,8051741
1,2021-02-12,49307,1053524,21025,504510,28282,549014,0,0,28670,572692,0.071126,20676,242398,0.030105,28796,815090,0.101232,8051741
1,2021-02-13,26590,1080114,11009,515519,15581,564595,0,0,15217,576669,0.07162,11316,253714,0.03151,15293,830383,0.103131,8051741
1,2021-02-14,12169,1092283,5297,520816,6872,571467,0,0,6489,577614,0.071738,5655,259369,0.032213,6600,836983,0.103951,8051741
1,2021-02-15,23408,1115691,9179,529995,14229,585696,0,0,14231,582816,0.072384,9191,268560,0.033354,14393,851376,0.105738,8051741
1,2021-02-16,45309,1161000,21619,551614,23690,609386,0,0,27232,592015,0.073526,18220,286780,0.035617,27419,878795,0.109143,8051741
1,2021-02-17,47217,1208217,24055,575669,23162,632548,0,0,26319,597615,0.074222,20932,307712,0.038217,26532,905327,0.112439,8051741
1,2021-02-18,49883,1258100,24825,600494,25058,657606,0,0,26407,600803,0.074618,23518,331230,0.041138,26706,932033,0.115755,8051741
1,2021-02-19,45204,1303304,24441,624935,20763,678369,0,0,26636,608892,0.075622,18610,349840,0.043449,26699,958732,0.119071,8051741
1,2021-02-20,25530,1328834,15525,640460,10005,688374,0,0,14950,613088,0.076144,10831,360671,0.044794,15027,973759,0.120938,8051741
1,2021-02-21,9404,1338238,8326,648786,1078,689452,0,0,5878,615402,0.076431,3711,364382,0.045255,6025,979784,0.121686,8051741
1,2021-02-22,30448,1368686,20660,669446,9788,699240,0,0,19101,622915,0.077364,11775,376157,0.046717,19288,999072,0.124081,8051741
1,2021-02-23,42795,1411481,20555,690001,22240,721480,0,0,24329,629165,0.07814,18475,394632,0.049012,24725,1023797,0.127152,8051741
1,2021-02-24,54234,1465715,26962,716963,27272,748752,0,0,32350,639839,0.079466,22170,416802,0.051765,32844,1056641,0.131231,8051741
1,2021-02-25,64878,1530593,31753,748716,33125,781877,0,0,41272,657825,0.0817,23827,440629,0.054725,41813,1098454,0.136424,8051741
1,2021-02-26,72326,1602919,33730,782446,38596,820473,0,0,48893,683319,0.084866,23862,464491,0.057688,49356,1147810,0.142554,8051741
1,2021-02-27,48364,1651283,20776,803222,27583,848056,5,5,31973,698766,0.086784,16801,481292,0.059775,32248,1180058,0.146559,8051741
1,2021-02-28,18702,1669985,10871,814093,7831,855887,0,5,13711,707296,0.087844,5414,486706,0.060447,13944,1194002,0.148291,8051741
1,2021-03-01,42981,1712966,19295,833388,23680,879567,6,11,28304,720783,0.089519,15112,501818,0.062324,28599,1222601,0.151843,8051741
1,2021-03-02,57316,1770282,23358,856746,33955,913522,3,14,37033,738036,0.091662,20544,522362,0.064876,37797,1260398,0.156537,8051741
1,2021-03-03,69098,1839380,33352,890098,35732,949254,14,28,42185,754298,0.093681,26711,549073,0.068193,42973,1303371,0.161874,8051741
1,2021-03-04,75816,1915196,35198,925296,40587,989841,31,59,49099,777396,0.09655,26582,575655,0.071494,49680,1353051,0.168045,8051741
1,2021-03-05,74352,1989548,32843,958139,41310,1031151,199,258,50142,804582,0.099926,23980,599635,0.074473,51166,1404217,0.174399,8051741
1,2021-03-06,55791,2045339,27244,985383,27216,1058367,1331,1589,38827,828350,0.102878,16970,616605,0.07658,40738,1444955,0.179459,8051741
1,2021-03-07,19154,2064493,12223,997606,6140,1064507,791,2380,14400,839105,0.104214,4736,621341,0.077169,15491,1460446,0.181383,8051741
1,2021-03-08,42208,2106701,20250,1017856,20110,1084617,1848,4228,29405,858043,0.106566,12646,633987,0.078739,31584,1492030,0.185305,8051741
1,2021-03-09,58962,2165663,25752,1043608,30785,1115402,2425,6653,35946,874167,0.108569,22924,656911,0.081586,39048,1531078,0.190155,8051741
1,2021-03-10,70842,2236505,35114,1078722,31625,1147027,4103,10756,44694,897479,0.111464,26027,682938,0.084819,49339,1580417,0.196283,8051741
1,2021-03-11,86356,2322861,40092,1118814,38909,1185936,7355,18111,51655,922594,0.114583,34483,717421,0.089101,59598,1640015,0.203685,8051741
1,2021-03-12,95820,2418681,41760,1160574,41120,1227056,12940,31051,54992,950299,0.118024,40707,758128,0.094157,68412,1708427,0.212181,8051741
1,2021-03-13,63169,2481850,28966,1189540,26617,1253673,7586,38637,40534,976241,0.121246,22542,780670,0.096957,48484,1756911,0.218203,8051741
1,2021-03-14,26760,2508610,14278,1203818,8894,1262567,3588,42225,15801,984879,0.122319,10961,791631,0.098318,19599,1776510,0.220637,8051741
1,2021-03-15,65310,2573920,29634,1233452,28977,1291544,6699,48924,37913,1002792,0.124543,27137,818768,0.101688,45050,1821560,0.226232,8051741
1,2021-03-16,85363,2659283,39309,1272761,40595,1332139,5459,54383,53769,1031093,0.128058,31448,850216,0.105594,59749,1881309,0.233652,8051741
1,2021-03-17,93166,2752449,45886,1318647,40888,1373027,6392,60775,59329,1063608,0.132097,33718,883934,0.109782,66233,1947542,0.241878,8051741
1,2021-03-18,95225,2847674,49704,1368351,39825,1412852,5696,66471,57988,1091127,0.135514,36964,920898,0.114373,64483,2012025,0.249887,8051741
1,2021-03-19,102765,2950439,53396,1421747,42978,1455830,6391,72862,61226,1118067,0.13886,41270,962168,0.119498,68210,2080235,0.258358,8051741
1,2021-03-20,68531,3018970,35863,1457610,27725,1483555,4943,77805,45166,1145261,0.142238,23253,985421,0.122386,50447,2130682,0.264624,8051741
1,2021-03-21,26030,3045000,18056,1475666,6238,1489793,1736,79541,16783,1154881,0.143432,9152,994573,0.123523,18772,2149454,0.266955,8051741
1,2021-03-22,57417,3102417,30304,1505970,24203,1513996,2910,82451,39543,1180025,0.146555,17731,1012304,0.125725,42875,2192329,0.27228,8051741
1,2021-03-23,81828,3184245,41861,1547831,36659,1550655,3308,85759,54007,1210320,0.150318,27663,1039967,0.129161,57958,2250287,0.279478,8051741
1,2021-03-24,87275,3271520,45109,1592940,38041,1588696,4125,89884,52832,1233445,0.15319,34268,1074235,0.133416,57393,2307680,0.286606,8051741
1,2021-03-25,93008,3364528,48138,1641078,39492,1628188,5378,95262,53808,1253991,0.155742,38969,1113204,0.138256,59515,2367195,0.293998,8051741
1,2021-03-26,102497,3467025,49575,1690653,46810,1674998,6112,101374,57637,1273545,0.15817,44612,1157816,0.143797,64166,2431361,0.301967,8051741
1,2021-03-27,71475,3538500,37830,1728483,30024,1705022,3621,104995,37038,1280144,0.15899,34269,1192085,0.148053,40868,2472229,0.307043,8051741
1,2021-03-28,31442,3569942,20584,1749067,9636,1714658,1222,106217,16996,1284314,0.159508,14379,1206464,0.149839,18549,2490778,0.309347,8051741
1,2021-03-29,63805,3633747,32351,1781418,28899,1743557,2555,108772,36844,1297209,0.161109,26838,1233302,0.153172,39733,2530511,0.314281,8051741
1,2021-03-30,89299,3723046,44443,1825861,39356,1782913,5500,114272,51853,1317354,0.163611,37434,1270736,0.157821,57579,2588090,0.321432,8051741
1,2021-03-31,98334,3821380,52476,1878337,40173,1823086,5685,119957,56460,1337966,0.166171,41659,1312395,0.162995,62271,2650361,0.329166,8051741
1,2021-04-01,107036,3928416,51932,1930269,47216,1870302,7888,127845,56201,1351616,0.167866,50622,1363017,0.169282,64272,2714633,0.337149,8051741
1,2021-04-02,106377,4034793,48337,1978606,49018,1919320,9022,136867,54822,1364534,0.169471,51213,1414230,0.175643,64131,2778764,0.345113,8051741
1,2021-04-03,75818,4110611,38944,2017550,27854,1947174,9020,145887,36495,1371023,0.170277,39194,1453424,0.180511,45683,2824447,0.350787,8051741
1,2021-04-04,22644,4133255,11518,2029068,8060,1955234,3066,148953,9892,1371289,0.17031,12716,1466140,0.18209,12982,2837429,0.352399,8051741
1,2021-04-05,72667,4205922,35946,2065014,27918,1983152,8803,157756,35019,1377874,0.171127,37530,1503670,0.186751,44115,2881544,0.357878,8051741
1,2021-04-06,103154,4309076,50083,2115097,36856,2020008,16215,173971,47858,1387081,0.172271,55107,1558777,0.193595,64314,2945858,0.365866,8051741
1,2021-04-07,111166,4420242,54504,2169601,38878,2058886,17784,191755,51481,1397185,0.173526,59466,1618243,0.200981,69570,3015428,0.374506,8051741
1,2021-04-08,119122,4539364,57401,2227002,40811,2099697,20910,212665,54381,1408125,0.174885,64528,1682771,0.208995,75468,3090896,0.383879,8051741
1,2021-04-09,112593,4651957,50707,2277709,42663,2142360,19223,231888,50523,1416272,0.175896,61817,1744588,0.216672,69964,3160860,0.392569,8051741
1,2021-04-10,92784,4744741,41209,2318918,27816,2170176,23759,255647,36247,1420002,0.17636,56383,1800971,0.223675,60113,3220973,0.400034,8051741
1,2021-04-11,35643,4780384,19382,2338300,8917,2179093,7344,262991,14546,1421122,0.176499,21039,1822010,0.226288,22159,3243132,0.402786,8051741
1,2021-04-12,69445,4849829,31064,2369364,28458,2207551,9923,272914,30123,1422213,0.176634,39132,1861142,0.231148,40223,3283355,0.407782,8051741
1,2021-04-13,91033,4940862,48254,2417618,42489,2250040,290,273204,49613,1431276,0.17776,41305,1902447,0.236278,50368,3333723,0.414038,8051741
1,2021-04-14,88576,5029438,45148,2462766,43376,2293416,52,273256,45478,1434508,0.178161,42878,1945325,0.241603,46110,3379833,0.419764,8051741
1,2021-04-15,84987,5114425,46270,2509036,38661,2332077,56,273312,45705,1441890,0.179078,38912,1984237,0.246436,46294,3426127,0.425514,8051741
1,2021-04-16,86895,5201320,43742,2552778,43111,2375188,42,273354,43395,1442281,0.179127,43338,2027575,0.251818,43729,3469856,0.430945,8051741
1,2021-04-17,37729,5239049,24420,2577198,13306,2388494,3,273357,24054,1452841,0.180438,13614,2041189,0.253509,24174,3494030,0.433947,8051741
2,2020-12-15,227,227,227,227,0,0,0,0,233,233,3e-05,0,0,0.0,233,233,3e-05,7897587
2,2020-12-16,1904,2131,1904,2131,0,0,0,0,1913,2146,0.000272,0,0,0.0,1913,2146,0.000272,7897587
2,2020-12-17,6600,8731,6600,8731,0,0,0,0,6646,8792,0.001113,0,0,0.0,6646,8792,0.001113,7897587
2,2020-12-18,10792,19523,10771,19502,21,21,0,0,10851,19643,0.002487,0,0,0.0,10851,19643,0.002487,7897587
2,2020-12-19,5553,25076,5548,25050,5,26,0,0,5555,25198,0.003191,0,0,0.0,5555,25198,0.003191,7897587
2,2020-12-20,4234,29310,4227,29277,7,33,0,0,4230,29428,0.003726,0,0,0.0,4230,29428,0.003726,7897587
2,2020-12-21,12443,41753,12405,41682,38,71,0,0,12434,41862,0.005301,0,0,0.0,12434,41862,0.005301,7897587
2,2020-12-22,11764,53517,11314,52996,450,521,0,0,11767,53629,0.006791,0,0,0.0,11767,53629,0.006791,7897587
2,2020-12-23,11505,65022,9344,62340,2161,2682,0,0,11514,65143,0.008248,0,0,0.0,11514,65143,0.008248,7897587
2,2020-12-24,5768,70790,3414,65754,2354,5036,0,0,5767,70910,0.008979,0,0,0.0,5767,70910,0.008979,7897587
2,2020-12-25,477,71267,401,66155,76,5112,0,0,478,71388,0.009039,0,0,0.0,478,71388,0.009039,7897587
2,2020-12-26,2529,73796,1663,67818,866,5978,0,0,2532,73920,0.00936,0,0,0.0,2532,73920,0.00936,7897587
2,2020-12-27,2204,76000,1193,69011,1011,6989,0,0,2203,76122,0.009639,1,1,0.0,2203,76123,0.009639,7897587
2,2020-12-28,10613,86613,6915,75926,3698,10687,0,0,10614,86735,0.010982,1,2,0.0,10614,86737,0.010983,7897587
2,2020-12-29,12635,99248,7162,83088,5473,16160,0,0,12640,99375,0.012583,0,2,0.0,12640,99377,0.012583,7897587
2,2020-12-30,15403,114651,8755,91843,6648,22808,0,0,15463,114838,0.014541,0,2,0.0,15463,114840,0.014541,7897587
2,2020-12-31,7417,122068,2804,94647,4613,27421,0,0,7505,122342,0.015491,1,3,0.0,7505,122345,0.015491,7897587
2,2021-01-01,1063,123131,513,95160,550,27971,0,0,1066,123407,0.015626,1,4,1e-06,1066,123411,0.015626,7897587
2,2021-01-02,4839,127970,2798,97958,2041,30012,0,0,4836,128243,0.016238,0,4,1e-06,4836,128247,0.016239,7897587
2,2021-01-03,1406,129376,779,98737,627,30639,0,0,1385,129625,0.016413,3,7,1e-06,1385,129632,0.016414,7897587
2,2021-01-04,11584,140960,5485,104222,6099,36738,0,0,11571,141191,0.017878,5,12,2e-06,11571,141203,0.017879,7897587
2,2021-01-05,13465,154425,6806,111028,6659,43397,0,0,12353,152420,0.0193,1133,1145,0.000145,12362,153565,0.019445,7897587
2,2021-01-06,18509,172934,10260,121288,8249,51646,0,0,14869,163630,0.020719,3665,4810,0.000609,14875,168440,0.021328,7897587
2,2021-01-07,22524,195458,12593,133881,9931,61577,0,0,15319,171683,0.021739,7278,12088,0.001531,15331,183771,0.023269,7897587
2,2021-01-08,25756,221214,15816,149697,9940,71517,0,0,15842,177660,0.022495,9880,21968,0.002782,15857,199628,0.025277,7897587
2,2021-01-09,9363,230577,5389,155086,3974,75491,0,0,6109,180474,0.022852,3299,25267,0.003199,6113,205741,0.026051,7897587
2,2021-01-10,5239,235816,2905,157991,2334,77825,0,0,3035,181283,0.022954,2230,27497,0.003482,3039,208780,0.026436,7897587
2,2021-01-11,25430,261246,17470,175461,7960,85785,0,0,14980,185654,0.023508,10626,38123,0.004827,14997,223777,0.028335,7897587
2,2021-01-12,25324,286570,15840,191301,9484,95269,0,0,16139,192547,0.02438,9282,47405,0.006002,16175,239952,0.030383,7897587
2,2021-01-13,27530,314100,14585,205886,12945,108214,0,0,19819,204612,0.025908,7772,55177,0.006987,19837,259789,0.032895,7897587
2,2021-01-14,28955,343055,11243,217129,17712,125926,0,0,24933,225484,0.028551,4076,59253,0.007503,24948,284737,0.036054,7897587
2,2021-01-15,33918,376973,12525,229654,21393,147319,0,0,30797,253142,0.032053,3166,62419,0.007904,30824,315561,0.039957,7897587
2,2021-01-16,17306,394279,5558,235212,11748,159067,0,0,16074,267894,0.033921,1332,63751,0.008072,16084,331645,0.041993,7897587
2,2021-01-17,9950,404229,3507,238719,6443,165510,0,0,9273,276456,0.035005,717,64468,0.008163,9279,340924,0.043168,7897587
2,2021-01-18,18759,422988,10561,249280,8198,173708,0,0,14247,286136,0.036231,4589,69057,0.008744,14269,355193,0.044975,7897587
2,2021-01-19,31393,454381,16582,265862,14811,188519,0,0,23607,301993,0.038239,7860,76917,0.009739,23717,378910,0.047978,7897587
2,2021-01-20,36199,490580,18019,283881,18180,206699,0,0,27667,321173,0.040667,8573,85490,0.010825,27753,406663,0.051492,7897587
2,2021-01-21,39036,529616,16118,299999,22918,229617,0,0,34568,351392,0.044494,4474,89964,0.011391,34693,441356,0.055885,7897587
2,2021-01-22,38725,568341,16219,316218,22506,252123,0,0,35477,383644,0.048577,3256,93220,0.011804,35508,476864,0.060381,7897587
2,2021-01-23,23818,592159,10764,326982,13054,265177,0,0,20908,401692,0.050863,2888,96108,0.012169,20936,497800,0.063032,7897587
2,2021-01-24,12230,604389,6031,333013,6199,271376,0,0,11335,412151,0.052187,886,96994,0.012281,11345,509145,0.064468,7897587
2,2021-01-25,31936,636325,15441,348454,16495,287871,0,0,23491,427245,0.054098,8457,105451,0.013352,23551,532696,0.06745,7897587
2,2021-01-26,38993,675318,19536,367990,19457,307328,0,0,30295,448893,0.056839,8710,114161,0.014455,30358,563054,0.071294,7897587
2,2021-01-27,44005,719323,22497,390487,21508,328836,0,0,34386,473789,0.059992,9542,123703,0.015663,34438,597492,0.075655,7897587
2,2021-01-28,46767,766090,21947,412434,24820,353656,0,0,38463,503976,0.063814,8326,132029,0.016718,38513,636005,0.080532,7897587
2,2021-01-29,44130,810220,21669,434103,22461,376117,0,0,35819,531502,0.067299,8323,140352,0.017772,35849,671854,0.085071,7897587
2,2021-01-30,30670,840890,13430,447533,17240,393357,0,0,27522,555931,0.070393,3123,143475,0.018167,27552,699406,0.088559,7897587
2,2021-01-31,16780,857670,10433,457966,6347,399704,0,0,15591,570361,0.07222,1179,144654,0.018316,15609,715015,0.090536,7897587
2,2021-02-01,39448,897118,19188,477154,20260,419964,0,0,29138,589155,0.074599,10375,155029,0.01963,29169,744184,0.094229,7897587
2,2021-02-02,47186,944304,19826,496980,27360,447324,0,0,35997,613994,0.077745,11252,166281,0.021055,36091,780275,0.098799,7897587
2,2021-02-03,52806,997110,23739,520719,29067,476391,0,0,39503,640174,0.081059,13399,179680,0.022751,39579,819854,0.103811,7897587
2,2021-02-04,54874,1051984,24002,544721,30872,507263,0,0,40337,665969,0.084326,14630,194310,0.024604,40425,860279,0.108929,7897587
2,2021-02-05,58172,1110156,25694,570415,32478,539741,0,0,39832,687579,0.087062,18406,212716,0.026934,40016,900295,0.113996,7897587
2,2021-02-06,38996,1149152,18097,588512,20899,560640,0,0,31537,711789,0.090127,7405,220121,0.027872,31615,931910,0.117999,7897587
2,2021-02-07,15764,1164916,10535,599047,5229,565869,0,0,11929,719960,0.091162,3821,223942,0.028356,11992,943902,0.119518,7897587
2,2021-02-08,41970,1206886,21443,620490,20527,586396,0,0,29194,736550,0.093263,12791,236733,0.029975,29381,973283,0.123238,7897587
2,2021-02-09,47876,1254762,22814,643304,25062,611458,0,0,30322,749506,0.094903,17676,254409,0.032214,30632,1003915,0.127117,7897587
2,2021-02-10,58696,1313458,27731,671035,30965,642423,0,0,34941,760956,0.096353,23833,278242,0.035231,35283,1039198,0.131584,7897587
2,2021-02-11,60355,1373813,27393,698428,32962,675385,0,0,35071,771223,0.097653,25276,303518,0.038432,35543,1074741,0.136085,7897587
2,2021-02-12,63109,1436922,27583,726011,35526,710911,0,0,34287,777216,0.098412,28934,332452,0.042095,34927,1109668,0.140507,7897587
2,2021-02-13,36672,1473594,15411,741422,21261,732172,0,0,21501,783731,0.099237,15360,347812,0.04404,21875,1131543,0.143277,7897587
2,2021-02-14,19161,1492755,9148,750570,10013,742185,0,0,11311,787397,0.099701,8068,355880,0.045062,11734,1143277,0.144763,7897587
2,2021-02-15,31932,1524687,14461,765031,17471,759656,0,0,18162,792688,0.100371,13709,369589,0.046798,19000,1162277,0.147169,7897587
2,2021-02-16,55060,1579747,27510,792541,27550,787206,0,0,29334,797229,0.100946,25674,395263,0.050049,30215,1192492,0.150994,7897587
2,2021-02-17,59827,1639574,30965,823506,28862,816068,0,0,29768,797967,0.101039,30188,425451,0.053871,30926,1223418,0.15491,7897587
2,2021-02-18,63696,1703270,32509,856015,31187,847255,0,0,31302,798225,0.101072,32556,458007,0.057993,32814,1256232,0.159065,7897587
2,2021-02-19,56703,1759973,31826,887841,24877,872132,0,0,28162,798351,0.101088,28737,486744,0.061632,28863,1285095,0.16272,7897587
2,2021-02-20,36416,1796389,23690,911531,12726,884858,0,0,20038,802839,0.101656,16556,503300,0.063728,21044,1306139,0.165385,7897587
2,2021-02-21,17373,1813762,13922,925453,3451,888309,0,0,8731,804199,0.101828,8791,512091,0.064841,10151,1316290,0.16667,7897587
2,2021-02-22,35241,1849003,24157,949610,11084,899393,0,0,16491,803152,0.101696,18810,530901,0.067223,17763,1334053,0.168919,7897587
2,2021-02-23,48080,1897083,25037,974647,23043,922436,0,0,21307,800005,0.101297,27228,558129,0.070671,24081,1358134,0.171968,7897587
2,2021-02-24,64959,1962042,33012,1007659,31947,954383,0,0,29456,797157,0.100937,35673,593802,0.075188,32825,1390959,0.176125,7897587
2,2021-02-25,70566,2032608,32508,1040167,38058,992441,0,0,35845,801588,0.101498,35076,628878,0.079629,39507,1430466,0.181127,7897587
2,2021-02-26,78558,2111166,33870,1074037,44688,1037129,0,0,42548,810219,0.102591,36195,665073,0.084212,44826,1475292,0.186803,7897587
2,2021-02-27,57010,2168176,26200,1100237,30806,1067935,4,4,31642,817486,0.103511,25876,690949,0.087489,33143,1508435,0.190999,7897587
2,2021-02-28,27652,2195828,17011,1117248,10640,1078575,1,5,16593,824197,0.104361,11504,702453,0.088945,18215,1526650,0.193306,7897587
2,2021-03-01,53407,2249235,27954,1145202,25441,1104016,12,17,29740,831826,0.105327,24014,726467,0.091986,31643,1558293,0.197313,7897587
2,2021-03-02,60651,2309886,28176,1173378,32472,1136488,3,20,34821,843451,0.106799,26287,752754,0.095314,37912,1596205,0.202113,7897587
2,2021-03-03,75299,2385185,35553,1208931,39744,1176232,2,22,41854,855074,0.10827,33428,786182,0.099547,45051,1641256,0.207817,7897587
2,2021-03-04,80576,2465761,38289,1247220,42265,1218497,22,44,46973,871276,0.110322,33604,819786,0.103802,49806,1691062,0.214124,7897587
2,2021-03-05,75475,2541236,35594,1282814,39591,1258088,290,334,45866,890610,0.11277,29548,849334,0.107543,48882,1739944,0.220313,7897587
2,2021-03-06,58187,2599423,28369,1311183,28168,1286256,1650,1984,35397,906794,0.114819,22726,872060,0.110421,38910,1778854,0.22524,7897587
2,2021-03-07,26800,2626223,15480,1326663,10389,1296645,931,2915,17113,916744,0.116079,9668,881728,0.111645,19618,1798472,0.227724,7897587
2,2021-03-08,47520,2673743,21595,1348258,23529,1320174,2396,5311,30304,933833,0.118243,17252,898980,0.11383,34341,1832813,0.232073,7897587
2,2021-03-09,61431,2735174,24792,1373050,32925,1353099,3714,9025,32702,943623,0.119482,28645,927625,0.117457,38435,1871248,0.236939,7897587
2,2021-03-10,72214,2807388,32941,1405991,33217,1386316,6056,15081,38220,955896,0.121036,33897,961522,0.121749,46170,1917418,0.242785,7897587
2,2021-03-11,88656,2896044,40049,1446040,40915,1427231,7692,22773,47007,971122,0.122964,41493,1003015,0.127003,56719,1974137,0.249967,7897587
2,2021-03-12,89348,2985392,36385,1482425,41890,1469121,11073,33846,45438,985282,0.124757,43753,1046768,0.132543,57913,2032050,0.2573,7897587
2,2021-03-13,66362,3051754,27362,1509787,31193,1500314,7807,41653,36586,1001215,0.126775,29779,1076547,0.136313,45712,2077762,0.263088,7897587
2,2021-03-14,35376,3087130,17717,1527504,13309,1513623,4350,46003,18829,1008743,0.127728,16441,1092988,0.138395,23969,2101731,0.266123,7897587
2,2021-03-15,64357,3151487,28080,1555584,31496,1545119,4781,50784,36335,1023446,0.12959,27990,1120978,0.141939,42693,2144424,0.271529,7897587
2,2021-03-16,83792,3235279,36334,1591918,43528,1588647,3930,54714,51517,1048612,0.132776,32169,1153147,0.146013,57335,2201759,0.278789,7897587
2,2021-03-17,87805,3323084,41621,1633539,42319,1630966,3865,58579,56837,1079774,0.136722,30817,1183964,0.149915,61979,2263738,0.286637,7897587
2,2021-03-18,93375,3416459,43569,1677108,45531,1676497,4275,62854,58327,1109117,0.140437,34911,1218875,0.154335,64254,2327992,0.294773,7897587
2,2021-03-19,92686,3509145,43599,1720707,43325,1719822,5762,68616,56406,1136065,0.14385,36121,1254996,0.158909,63069,2391061,0.302758,7897587
2,2021-03-20,68271,3577416,32213,1752920,32208,1752030,3850,72466,45884,1164178,0.147409,22281,1277277,0.16173,50394,2441455,0.309139,7897587
2,2021-03-21,32705,3610121,21032,1773952,9699,1761729,1974,74440,20991,1176605,0.148983,11749,1289026,0.163218,24176,2465631,0.312201,7897587
2,2021-03-22,61299,3671420,33312,1807264,24942,1786671,3045,77485,41267,1202394,0.152248,19916,1308942,0.165739,45705,2511336,0.317988,7897587
2,2021-03-23,80614,3752034,42389,1849653,35248,1821919,2977,80462,53422,1233325,0.156165,27010,1335952,0.16916,57941,2569277,0.325324,7897587
2,2021-03-24,87500,3839534,46462,1896115,37701,1859620,3337,83799,53284,1257720,0.159254,34028,1369980,0.173468,58423,2627700,0.332722,7897587
2,2021-03-25,97410,3936944,48109,1944224,45616,1905236,3685,87484,56961,1279434,0.162003,40242,1410222,0.178564,61956,2689656,0.340567,7897587
2,2021-03-26,97823,4034767,48083,1992307,46370,1951606,3370,90854,55384,1297629,0.164307,42166,1452388,0.183903,60361,2750017,0.34821,7897587
2,2021-03-27,72166,4106933,35331,2027638,33646,1985252,3189,94043,37731,1305167,0.165261,34263,1486651,0.188241,41801,2791818,0.353503,7897587
2,2021-03-28,36501,4143434,22164,2049802,13561,1998813,776,94819,20648,1311536,0.166068,15794,1502445,0.190241,22163,2813981,0.356309,7897587
2,2021-03-29,68475,4211909,34902,2084704,31317,2030130,2256,97075,40369,1327659,0.168109,27983,1530428,0.193784,44106,2858087,0.361894,7897587
2,2021-03-30,88185,4300094,42516,2127220,41703,2071833,3966,101041,54721,1354031,0.171449,33341,1563769,0.198006,59713,2917800,0.369455,7897587
2,2021-03-31,97104,4397198,49153,2176373,43147,2114980,4804,105845,58320,1378931,0.174602,38623,1602392,0.202896,63523,2981323,0.377498,7897587
2,2021-04-01,112106,4509304,53019,2229392,50571,2165551,8516,114361,62582,1401587,0.17747,49330,1651722,0.209143,71986,3053309,0.386613,7897587
2,2021-04-02,105658,4614962,49085,2278477,47157,2212708,9416,123777,58505,1423104,0.180195,46941,1698663,0.215086,68458,3121767,0.395281,7897587
2,2021-04-03,73249,4688211,34818,2313295,28991,2241699,9440,133217,37158,1434312,0.181614,35972,1734635,0.219641,47180,3168947,0.401255,7897587
2,2021-04-04,28549,4716760,14194,2327489,10647,2252346,3708,136925,13132,1435864,0.18181,15373,1750008,0.221588,16925,3185872,0.403398,7897587
2,2021-04-05,76709,4793469,37471,2364960,30807,2283153,8431,145356,38081,1444781,0.18294,38535,1788543,0.226467,47452,3233324,0.409407,7897587
2,2021-04-06,100056,4893525,48528,2413488,37384,2320537,14144,159500,48593,1457107,0.1845,51274,1839817,0.232959,63600,3296924,0.41746,7897587
2,2021-04-07,105971,4999496,52802,2466290,37903,2358440,15266,174766,51369,1470335,0.186175,54458,1894275,0.239855,67686,3364610,0.42603,7897587
2,2021-04-08,114156,5113652,55189,2521479,41495,2399935,17472,192238,53822,1482412,0.187704,60145,1954420,0.247471,72222,3436832,0.435175,7897587
2,2021-04-09,108209,5221861,51402,2572881,40783,2440718,16024,208262,51849,1495464,0.189357,56143,2010563,0.254579,69195,3506027,0.443936,7897587
2,2021-04-10,81305,5303166,35208,2608089,29625,2470343,16472,224734,33969,1499845,0.189912,47188,2057751,0.260554,51569,3557596,0.450466,7897587
2,2021-04-11,42603,5345769,22195,2630284,12440,2482783,7968,232702,17912,1501974,0.190181,24611,2082362,0.263671,26740,3584336,0.453852,7897587
2,2021-04-12,74307,5420076,33779,2664063,32219,2515002,8309,241011,33926,1504835,0.190544,40185,2122547,0.268759,43046,3627382,0.459303,7897587
2,2021-04-13,95408,5515484,48829,2712892,46353,2561355,226,241237,52109,1515438,0.191886,43119,2165666,0.274219,53722,3681104,0.466105,7897587
2,2021-04-14,93744,5609228,48168,2761060,45544,2606899,32,241269,48123,1520313,0.192503,45458,2211124,0.279975,50333,3731437,0.472478,7897587
2,2021-04-15,94856,5704084,50562,2811622,44249,2651148,45,241314,49487,1526552,0.193293,45169,2256293,0.285694,51408,3782845,0.478987,7897587
2,2021-04-16,92038,5796122,47950,2859572,44061,2695209,27,241341,47141,1530166,0.193751,44673,2300966,0.291351,48287,3831132,0.485102,7897587
2,2021-04-17,40365,5836487,21873,2881445,18492,2713701,0,241341,24796,1539912,0.194985,15505,2316471,0.293314,25251,3856383,0.488299,7897587
3,2020-12-15,299,299,299,299,0,0,0,0,299,299,3.9e-05,0,0,0.0,299,299,3.9e-05,7688185
3,2020-12-16,2104,2403,2104,2403,0,0,0,0,2104,2403,0.000313,0,0,0.0,2104,2403,0.000313,7688185
3,2020-12-17,7472,9875,7472,9875,0,0,0,0,7471,9874,0.001284,0,0,0.0,7471,9874,0.001284,7688185
3,2020-12-18,12651,22526,12641,22516,10,10,0,0,12651,22525,0.00293,0,0,0.0,12651,22525,0.00293,7688185
3,2020-12-19,6931,29457,6920,29436,11,21,0,0,6995,29520,0.00384,0,0,0.0,6995,29520,0.00384,7688185
3,2020-12-20,5432,34889,5425,34861,7,28,0,0,5480,34999,0.004552,1,1,0.0,5480,35000,0.004552,7688185
3,2020-12-21,14010,48899,13999,48860,11,39,0,0,14075,49073,0.006383,1,2,0.0,14075,49075,0.006383,7688185
3,2020-12-22,14211,63110,13680,62540,531,570,0,0,14250,63323,0.008236,0,2,0.0,14250,63325,0.008237,7688185
3,2020-12-23,14347,77457,11793,74333,2554,3124,0,0,14375,77698,0.010106,0,2,0.0,14375,77700,0.010106,7688185
3,2020-12-24,6717,84174,4817,79150,1900,5024,0,0,6715,84412,0.010979,1,3,0.0,6715,84415,0.01098,7688185
3,2020-12-25,716,84890,662,79812,54,5078,0,0,715,85127,0.011072,0,3,0.0,715,85130,0.011073,7688185
3,2020-12-26,4572,89462,2981,82793,1591,6669,0,0,4570,89697,0.011667,0,3,0.0,4570,89700,0.011667,7688185
3,2020-12-27,2943,92405,1828,84621,1115,7784,0,0,2944,92641,0.01205,0,3,0.0,2944,92644,0.01205,7688185
3,2020-12-28,13254,105659,8477,93098,4777,12561,0,0,13281,105921,0.013777,1,4,1e-06,13281,105925,0.013778,7688185
3,2020-12-29,14701,120360,8294,101392,6407,18968,0,0,14732,120652,0.015693,1,5,1e-06,14732,120657,0.015694,7688185
3,2020-12-30,17712,138072,9922,111314,7790,26758,0,0,17702,138354,0.017996,0,5,1e-06,17702,138359,0.017996,7688185
3,2020-12-31,8012,146084,3017,114331,4995,31753,0,0,8011,146364,0.019038,1,6,1e-06,8011,146370,0.019038,7688185
3,2021-01-01,1103,147187,493,114824,610,32363,0,0,1100,147464,0.019181,0,6,1e-06,1100,147470,0.019181,7688185
3,2021-01-02,4892,152079,2406,117230,2486,34849,0,0,4893,152357,0.019817,0,6,1e-06,4893,152363,0.019818,7688185
3,2021-01-03,1549,153628,838,118068,711,35560,0,0,1556,153909,0.020019,4,10,1e-06,1556,153919,0.02002,7688185
3,2021-01-04,11735,165363,5906,123974,5829,41389,0,0,11710,165613,0.021541,6,16,2e-06,11710,165629,0.021543,7688185
3,2021-01-05,15269,180632,7867,131841,7402,48791,0,0,13761,177884,0.023137,1494,1510,0.000196,13765,179394,0.023334,7688185
3,2021-01-06,19638,200270,10244,142085,9394,58185,0,0,15510,189312,0.024624,4087,5597,0.000728,15515,194909,0.025352,7688185
3,2021-01-07,25470,225740,14525,156610,10945,69130,0,0,16581,197042,0.025629,8864,14461,0.001881,16594,211503,0.02751,7688185
3,2021-01-08,29547,255287,18116,174726,11431,80561,0,0,17601,202738,0.02637,11924,26385,0.003432,17620,229123,0.029802,7688185
3,2021-01-09,11900,267187,6691,181417,5209,85770,0,0,7666,206181,0.026818,4228,30613,0.003982,7671,236794,0.0308,7688185
3,2021-01-10,7115,274302,4443,185860,2672,88442,0,0,3990,207052,0.026931,3123,33736,0.004388,3994,240788,0.031319,7688185
3,2021-01-11,28122,302424,18340,204200,9782,98224,0,0,15962,210874,0.027428,12153,45889,0.005969,15975,256763,0.033397,7688185
3,2021-01-12,31291,333715,18652,222852,12639,110863,0,0,19202,218066,0.028364,12074,57963,0.007539,19266,276029,0.035903,7688185
3,2021-01-13,33786,367501,17733,240585,16053,126916,0,0,23924,232065,0.030185,9941,67904,0.008832,23940,299969,0.039017,7688185
3,2021-01-14,33754,401255,13944,254529,19810,146726,0,0,28011,254369,0.033086,5734,73638,0.009578,28038,328007,0.042664,7688185
3,2021-01-15,37942,439197,14218,268747,23724,170450,0,0,33427,283341,0.036854,4508,78146,0.010164,33480,361487,0.047019,7688185
3,2021-01-16,21355,460552,7580,276327,13775,184225,0,0,19063,300147,0.03904,2278,80424,0.010461,19084,380571,0.049501,7688185
3,2021-01-17,12599,473151,4453,280780,8146,192371,0,0,11585,310735,0.040417,1014,81438,0.010593,11602,392173,0.05101,7688185
3,2021-01-18,24362,497513,12663,293443,11699,204070,0,0,18942,324272,0.042178,5440,86878,0.0113,18977,411150,0.053478,7688185
3,2021-01-19,39812,537325,20529,313972,19283,223353,0,0,30957,346473,0.045066,8832,95710,0.012449,31033,442183,0.057515,7688185
3,2021-01-20,43843,581168,21577,335549,22266,245619,0,0,34757,372245,0.048418,9052,104762,0.013626,34824,477007,0.062044,7688185
3,2021-01-21,46004,627172,19714,355263,26290,271909,0,0,40806,407974,0.053065,5132,109894,0.014294,40861,517868,0.067359,7688185
3,2021-01-22,48212,675384,19219,374482,28993,300902,0,0,44175,448160,0.058292,4053,113947,0.014821,44239,562107,0.073113,7688185
3,2021-01-23,29566,704950,12609,387091,16957,317859,0,0,26309,471262,0.061297,3246,117193,0.015243,26348,588455,0.07654,7688185
3,2021-01-24,17258,722208,8413,395504,8845,326704,0,0,16120,486271,0.063249,1134,118327,0.015391,16143,604598,0.07864,7688185
3,2021-01-25,39493,761701,17602,413106,21891,348595,0,0,29861,506586,0.065891,9619,127946,0.016642,29934,634532,0.082533,7688185
3,2021-01-26,45702,807403,21860,434966,23842,372437,0,0,35948,532887,0.069312,9750,137696,0.01791,36051,670583,0.087223,7688185
3,2021-01-27,49365,856768,23986,458952,25379,397816,0,0,39149,561970,0.073095,10134,147830,0.019228,39217,709800,0.092323,7688185
3,2021-01-28,50137,906905,23411,482363,26726,424542,0,0,41607,595166,0.077413,8452,156282,0.020328,41648,751448,0.097741,7688185
3,2021-01-29,49174,956079,23740,506103,25434,449976,0,0,39943,626060,0.081431,9093,165375,0.02151,39987,791435,0.102942,7688185
3,2021-01-30,35674,991753,17124,523227,18550,468526,0,0,31432,653138,0.084953,4426,169801,0.022086,31504,822939,0.107039,7688185
3,2021-01-31,21727,1013480,12761,535988,8966,477492,0,0,20280,671993,0.087406,1438,171239,0.022273,20293,843232,0.109679,7688185
3,2021-02-01,44092,1057572,19938,555926,24154,501646,0,0,34149,696270,0.090564,9908,181147,0.023562,34185,877417,0.114125,7688185
3,2021-02-02,52744,1110316,22311,578237,30433,532079,0,0,40366,724312,0.094211,12372,193519,0.025171,40414,917831,0.119382,7688185
3,2021-02-03,58755,1169071,26284,604521,32471,564550,0,0,43861,753458,0.098002,14776,208295,0.027093,43922,961753,0.125095,7688185
3,2021-02-04,62739,1231810,27462,631983,35277,599827,0,0,46196,783214,0.101872,16537,224832,0.029244,46293,1008046,0.131116,7688185
3,2021-02-05,68674,1300484,29298,661281,39376,639203,0,0,47748,810231,0.105387,20895,245727,0.031962,47912,1055958,0.137348,7688185
3,2021-02-06,43038,1343522,20929,682210,22109,661312,0,0,33380,834165,0.1085,9631,255358,0.033214,33565,1089523,0.141714,7688185
3,2021-02-07,19251,1362773,12152,694362,7099,668411,0,0,14809,844668,0.109866,4431,259789,0.033791,14934,1104457,0.143656,7688185
3,2021-02-08,49974,1412747,23957,718319,26017,694428,0,0,32972,860732,0.111955,17097,276886,0.036014,33161,1137618,0.14797,7688185
3,2021-02-09,56868,1469615,27782,746101,29086,723514,0,0,33354,870924,0.113281,23502,300388,0.039071,33694,1171312,0.152352,7688185
3,2021-02-10,65607,1535222,30864,776965,34743,758257,0,0,35526,876974,0.114068,29993,330381,0.042973,36043,1207355,0.15704,7688185
3,2021-02-11,68007,1603229,33483,810448,34524,792781,0,0,36725,883123,0.114868,31104,361485,0.047018,37253,1244608,0.161886,7688185
3,2021-02-12,73042,1676271,31639,842087,41403,834184,0,0,40720,892306,0.116062,32285,393770,0.051218,41468,1286076,0.16728,7688185
3,2021-02-13,43609,1719880,20023,862110,23586,857770,0,0,25335,900080,0.117073,18141,411911,0.053577,25915,1311991,0.17065,7688185
3,2021-02-14,26474,1746354,13415,875525,13059,870829,0,0,15051,904208,0.11761,11382,423293,0.055058,15510,1327501,0.172668,7688185
3,2021-02-15,39156,1785510,16864,892389,22292,893121,0,0,21816,909698,0.118324,17280,440573,0.057305,22770,1350271,0.175629,7688185
3,2021-02-16,67629,1853139,32317,924706,35312,928433,0,0,35540,914196,0.118909,32089,472662,0.061479,36587,1386858,0.180388,7688185
3,2021-02-17,69163,1922302,35212,959918,33951,962384,0,0,33130,912526,0.118692,35899,508561,0.066148,34229,1421087,0.18484,7688185
3,2021-02-18,73760,1996062,38745,998663,35015,997399,0,0,34465,909110,0.118248,39249,547810,0.071253,35833,1456920,0.189501,7688185
3,2021-02-19,65680,2061742,37984,1036647,27696,1025095,0,0,33643,911319,0.118535,32124,579934,0.075432,34333,1491253,0.193967,7688185
3,2021-02-20,40402,2102144,25656,1062303,14746,1039841,0,0,21612,914707,0.118976,18716,598650,0.077866,22104,1513357,0.196842,7688185
3,2021-02-21,18936,2121080,15529,1077832,3407,1043248,0,0,8924,914111,0.118898,9956,608606,0.079161,9360,1522717,0.198059,7688185
3,2021-02-22,43330,2164410,28105,1105937,15225,1058473,0,0,20261,911897,0.11861,23028,631634,0.082156,20814,1543531,0.200767,7688185
3,2021-02-23,57504,2221914,31326,1137263,26178,1084651,0,0,25162,906804,0.117948,32290,663924,0.086356,27197,1570728,0.204304,7688185
3,2021-02-24,73343,2295257,35588,1172851,37755,1122406,0,0,32336,900771,0.117163,40929,704853,0.09168,34896,1605624,0.208843,7688185
3,2021-02-25,81395,2376652,39167,1212018,42228,1164634,0,0,40563,903301,0.117492,40661,745514,0.096969,43191,1648815,0.214461,7688185
3,2021-02-26,92946,2469598,42294,1254312,50652,1215286,0,0,49286,911381,0.118543,43389,788903,0.102612,51469,1700284,0.221155,7688185
3,2021-02-27,64932,2534530,29453,1283765,35476,1250762,3,3,34620,917123,0.11929,30190,819093,0.106539,35932,1736216,0.225829,7688185
3,2021-02-28,36552,2571082,21461,1305226,15091,1265853,0,3,18954,919592,0.119611,17487,836580,0.108814,19956,1756172,0.228425,7688185
3,2021-03-01,63553,2634635,33757,1338983,29794,1295647,2,5,35539,928650,0.120789,27897,864477,0.112442,36955,1793127,0.233232,7688185
3,2021-03-02,70503,2705138,33963,1372946,36539,1332186,1,6,41386,943148,0.122675,29004,893481,0.116215,43502,1836629,0.23889,7688185
3,2021-03-03,84494,2789632,39771,1412717,44713,1376899,10,16,46740,954626,0.124168,37605,931086,0.121106,49083,1885712,0.245274,7688185
3,2021-03-04,86971,2876603,42671,1455388,44284,1421183,16,32,49622,969394,0.126089,37197,968283,0.125944,51965,1937677,0.252033,7688185
3,2021-03-05,84568,2961171,41217,1496605,43069,1464252,282,314,51751,991085,0.12891,32640,1000923,0.13019,54331,1992008,0.2591,7688185
3,2021-03-06,61462,3022633,30712,1527317,28633,1492885,2117,2431,35103,1003603,0.130538,26258,1027181,0.133605,38776,2030784,0.264143,7688185
3,2021-03-07,36249,3058882,21323,1548640,13837,1506722,1089,3520,20857,1011898,0.131617,15351,1042532,0.135602,23646,2054430,0.267219,7688185
3,2021-03-08,56103,3114985,26736,1575376,26563,1533285,2804,6324,35482,1031242,0.134133,20528,1063060,0.138272,39872,2094302,0.272405,7688185
3,2021-03-09,67619,3182604,28750,1604126,34575,1567860,4294,10618,35225,1040282,0.135309,32322,1095382,0.142476,41362,2135664,0.277785,7688185
3,2021-03-10,77275,3259879,37896,1642022,33580,1601440,5799,16417,40421,1051816,0.136809,36722,1132104,0.147252,48256,2183920,0.284062,7688185
3,2021-03-11,91825,3351704,44997,1687019,38664,1640104,8164,24581,45164,1060271,0.137909,46481,1178585,0.153298,54936,2238856,0.291207,7688185
3,2021-03-12,98048,3449752,43441,1730460,42991,1683095,11616,36197,44722,1064594,0.138471,53173,1231758,0.160214,57496,2296352,0.298686,7688185
3,2021-03-13,67572,3517324,28354,1758814,32114,1715209,7104,43301,35589,1076781,0.140057,31903,1263661,0.164364,44090,2340442,0.304421,7688185
3,2021-03-14,39728,3557052,20900,1779714,15401,1730610,3427,46728,21672,1084611,0.141075,18005,1281666,0.166706,25835,2366277,0.307781,7688185
3,2021-03-15,72932,3629984,34157,1813871,34402,1765012,4373,51101,39011,1095590,0.142503,33787,1315453,0.171101,44766,2411043,0.313604,7688185
3,2021-03-16,91109,3721093,41778,1855649,45244,1810256,4087,55188,52177,1114528,0.144966,38780,1354233,0.176145,57718,2468761,0.321111,7688185
3,2021-03-17,93769,3814862,45027,1900676,44445,1854701,4297,59485,57988,1142003,0.14854,35644,1389877,0.180781,63119,2531880,0.329321,7688185
3,2021-03-18,97635,3912497,49126,1949802,44318,1899019,4191,63676,57494,1165165,0.151553,39972,1429849,0.18598,63134,2595014,0.337533,7688185
3,2021-03-19,97878,4010375,51814,2001616,41881,1940900,4183,67859,55900,1184123,0.154019,41824,1471673,0.19142,60782,2655796,0.345439,7688185
3,2021-03-20,69331,4079706,35606,2037222,30245,1971145,3480,71339,43938,1206996,0.156994,25255,1496928,0.194705,48128,2703924,0.351699,7688185
3,2021-03-21,34703,4114409,23658,2060880,9623,1980768,1422,72761,22701,1220304,0.158725,11935,1508863,0.196257,25243,2729167,0.354982,7688185
3,2021-03-22,67605,4182014,39552,2100432,25816,2006584,2237,74998,44607,1245771,0.162037,22853,1531716,0.19923,48320,2777487,0.361267,7688185
3,2021-03-23,86190,4268204,47457,2147889,36395,2042979,2338,77336,56362,1276208,0.165996,29661,1561377,0.203088,60098,2837585,0.369084,7688185
3,2021-03-24,95147,4363351,54994,2202883,37653,2080632,2500,79836,56362,1297921,0.16882,38535,1599912,0.2081,60248,2897833,0.37692,7688185
3,2021-03-25,102482,4465833,56891,2259774,42807,2123439,2784,82620,59515,1318705,0.171524,42735,1642647,0.213659,63519,2961352,0.385182,7688185
3,2021-03-26,106046,4571879,57154,2316928,45737,2169176,3155,85775,56948,1331382,0.173172,48885,1691532,0.220017,61562,3022914,0.39319,7688185
3,2021-03-27,71797,4643676,36195,2353123,33084,2202260,2518,88293,36289,1335508,0.173709,35366,1726898,0.224617,39492,3062406,0.398326,7688185
3,2021-03-28,42629,4686305,26757,2379880,15077,2217337,795,89088,22819,1339894,0.17428,19729,1746627,0.227183,24115,3086521,0.401463,7688185
3,2021-03-29,77741,4764046,40753,2420633,35293,2252630,1695,90783,44705,1354831,0.176222,32869,1779496,0.231459,47806,3134327,0.407681,7688185
3,2021-03-30,96971,4861017,47735,2468368,45910,2298540,3326,94109,59709,1381764,0.179726,37084,1816580,0.236282,64017,3198344,0.416008,7688185
3,2021-03-31,101820,4962837,54831,2523199,42303,2340843,4686,98795,57228,1399586,0.182044,44447,1861027,0.242063,62269,3260613,0.424107,7688185
3,2021-04-01,117884,5080721,59610,2582809,49021,2389864,9253,108048,65464,1422880,0.185074,52243,1913270,0.248858,75537,3336150,0.433932,7688185
3,2021-04-02,112819,5193540,55261,2638070,47907,2437771,9651,117699,61121,1442702,0.187652,51505,1964775,0.255558,71327,3407477,0.44321,7688185
3,2021-04-03,73388,5266928,37234,2675304,27329,2465100,8825,126524,37305,1453324,0.189033,35963,2000738,0.260235,46585,3454062,0.449269,7688185
3,2021-04-04,31254,5298182,16778,2692082,10597,2475697,3879,130403,13888,1453846,0.189101,17311,2018049,0.262487,17833,3471895,0.451588,7688185
3,2021-04-05,86246,5384428,43974,2736056,33543,2509240,8729,139132,43443,1464250,0.190455,42672,2060721,0.268037,53076,3524971,0.458492,7688185
3,2021-04-06,109349,5493777,53410,2789466,41183,2550423,14756,153888,52759,1476362,0.19203,56398,2117119,0.275373,68510,3593481,0.467403,7688185
3,2021-04-07,111912,5605689,58299,2847765,38334,2588757,15279,169167,55598,1491757,0.194032,56121,2173240,0.282673,71516,3664997,0.476705,7688185
3,2021-04-08,115342,5721031,58439,2906204,38052,2626809,18851,188018,55038,1506544,0.195956,60096,2233336,0.290489,74883,3739880,0.486445,7688185
3,2021-04-09,108092,5829123,53803,2960007,37187,2663996,17102,205120,48801,1514465,0.196986,59113,2292449,0.298178,67034,3806914,0.495164,7688185
3,2021-04-10,79474,5908597,35820,2995827,29375,2693371,14279,219399,32639,1515780,0.197157,46706,2339155,0.304253,48021,3854935,0.50141,7688185
3,2021-04-11,42920,5951517,23158,3018985,12344,2705715,7418,226817,16480,1514136,0.196943,26371,2365526,0.307683,24727,3879662,0.504627,7688185
3,2021-04-12,77941,6029458,38973,3057958,31101,2736816,7867,234684,36279,1517711,0.197408,41502,2407028,0.313081,45077,3924739,0.51049,7688185
3,2021-04-13,96986,6126444,52739,3110697,44059,2780875,188,234872,51543,1525384,0.198406,45281,2452309,0.318971,52954,3977693,0.517377,7688185
3,2021-04-14,93155,6219599,49936,3160633,43137,2824012,82,234954,46952,1528451,0.198805,46011,2498320,0.324956,49078,4026771,0.523761,7688185
3,2021-04-15,97758,6317357,55311,3215944,42406,2866418,41,234995,52898,1538101,0.20006,44668,2542988,0.330766,54318,4081089,0.530826,7688185
3,2021-04-16,92984,6410341,51749,3267693,41170,2907588,65,235060,47100,1540447,0.200365,45680,2588668,0.336707,48026,4129115,0.537073,7688185
3,2021-04-17,34440,6444781,20418,3288111,14018,2921606,4,235064,21201,1548792,0.201451,13184,2601852,0.338422,21529,4150644,0.539873,7688185
4,2020-12-15,443,443,443,443,0,0,0,0,443,443,5.8e-05,0,0,0.0,443,443,5.8e-05,7584050
4,2020-12-16,2917,3360,2917,3360,0,0,0,0,2917,3360,0.000443,0,0,0.0,2917,3360,0.000443,7584050
4,2020-12-17,8429,11789,8429,11789,0,0,0,0,8429,11789,0.001554,0,0,0.0,8429,11789,0.001554,7584050
4,2020-12-18,15251,27040,15242,27031,9,9,0,0,15251,27040,0.003565,0,0,0.0,15251,27040,0.003565,7584050
4,2020-12-19,10171,37211,10164,37195,7,16,0,0,10106,37146,0.004898,0,0,0.0,10106,37146,0.004898,7584050
4,2020-12-20,7332,44543,7320,44515,12,28,0,0,7285,44431,0.005858,0,0,0.0,7285,44431,0.005858,7584050
4,2020-12-21,16147,60690,16127,60642,20,48,0,0,16080,60511,0.007979,0,0,0.0,16080,60511,0.007979,7584050
4,2020-12-22,16944,77634,16236,76878,708,756,0,0,16901,77412,0.010207,0,0,0.0,16901,77412,0.010207,7584050
4,2020-12-23,16743,94377,14080,90958,2663,3419,0,0,16714,94126,0.012411,0,0,0.0,16714,94126,0.012411,7584050
4,2020-12-24,8492,102869,5923,96881,2569,5988,0,0,8492,102618,0.013531,0,0,0.0,8492,102618,0.013531,7584050
4,2020-12-25,897,103766,792,97673,105,6093,0,0,897,103515,0.013649,0,0,0.0,897,103515,0.013649,7584050
4,2020-12-26,6154,109920,3859,101532,2295,8388,0,0,6154,109669,0.01446,0,0,0.0,6154,109669,0.01446,7584050
4,2020-12-27,3412,113332,1993,103525,1419,9807,0,0,3412,113081,0.01491,0,0,0.0,3412,113081,0.01491,7584050
4,2020-12-28,14848,128180,9189,112714,5659,15466,0,0,14819,127899,0.016864,1,1,0.0,14819,127900,0.016864,7584050
4,2020-12-29,15141,143321,8384,121098,6757,22223,0,0,15107,143006,0.018856,0,1,0.0,15107,143007,0.018856,7584050
4,2020-12-30,18760,162081,11021,132119,7739,29962,0,0,18749,161753,0.021328,2,3,0.0,18749,161756,0.021328,7584050
4,2020-12-31,8131,170212,3301,135420,4830,34792,0,0,8126,169877,0.022399,2,5,1e-06,8126,169882,0.0224,7584050
4,2021-01-01,1124,171336,465,135885,659,35451,0,0,1123,170999,0.022547,1,6,1e-06,1123,171005,0.022548,7584050
4,2021-01-02,5615,176951,3177,139062,2438,37889,0,0,5614,176612,0.023287,1,7,1e-06,5614,176619,0.023288,7584050
4,2021-01-03,2102,179053,1248,140310,854,38743,0,0,2088,178696,0.023562,4,11,1e-06,2088,178707,0.023564,7584050
4,2021-01-04,12876,191929,7024,147334,5852,44595,0,0,12828,191493,0.025249,31,42,6e-06,12828,191535,0.025255,7584050
4,2021-01-05,16561,208490,9792,157126,6769,51364,0,0,14575,204114,0.026914,1964,2006,0.000265,14585,206120,0.027178,7584050
4,2021-01-06,21294,229784,13069,170195,8225,59589,0,0,15508,213901,0.028204,5732,7738,0.00102,15519,221639,0.029224,7584050
4,2021-01-07,27502,257286,16766,186961,10736,70325,0,0,16934,220232,0.029039,10614,18352,0.00242,16945,238584,0.031459,7584050
4,2021-01-08,32405,289691,20798,207759,11607,81932,0,0,18374,224654,0.029622,13966,32318,0.004261,18388,256972,0.033883,7584050
4,2021-01-09,15944,305635,9407,217166,6537,88469,0,0,9351,227443,0.02999,6572,38890,0.005128,9361,266333,0.035118,7584050
4,2021-01-10,8666,314301,5600,222766,3066,91535,0,0,4079,226962,0.029926,4566,43456,0.00573,4085,270418,0.035656,7584050
4,2021-01-11,32995,347296,21561,244327,11434,102969,0,0,18635,231297,0.030498,14320,57776,0.007618,18655,289073,0.038116,7584050
4,2021-01-12,37709,385005,21565,265892,16144,119113,0,0,23852,241327,0.03182,13858,71634,0.009445,23888,312961,0.041266,7584050
4,2021-01-13,38138,423143,18760,284652,19378,138491,0,0,27058,257378,0.033937,11028,82662,0.010899,27079,340040,0.044836,7584050
4,2021-01-14,38602,461745,14734,299386,23868,162359,0,0,31595,282035,0.037188,6965,89627,0.011818,31622,371662,0.049006,7584050
4,2021-01-15,44748,506493,15499,314885,29249,191608,0,0,39279,315918,0.041656,5415,95042,0.012532,39298,410960,0.054187,7584050
4,2021-01-16,28404,534897,9306,324191,19098,210706,0,0,25309,338181,0.044591,3059,98101,0.012935,25322,436282,0.057526,7584050
4,2021-01-17,18843,553740,6619,330810,12224,222930,0,0,17340,354057,0.046684,1478,99579,0.01313,17354,453636,0.059814,7584050
4,2021-01-18,29029,582769,13334,344144,15695,238625,0,0,23097,371348,0.048964,5836,105415,0.0139,23127,476763,0.062864,7584050
4,2021-01-19,45586,628355,23106,367250,22480,261105,0,0,36352,398590,0.052556,9178,114593,0.01511,36420,513183,0.067666,7584050
4,2021-01-20,50890,679245,26904,394154,23986,285091,0,0,40610,429062,0.056574,10188,124781,0.016453,40660,553843,0.073027,7584050
4,2021-01-21,55634,734879,24554,418708,31080,316171,0,0,49376,472275,0.062272,6196,130977,0.01727,49409,603252,0.079542,7584050
4,2021-01-22,54300,789179,21828,440536,32472,348643,0,0,49270,516645,0.068123,4930,135907,0.01792,49300,652552,0.086043,7584050
4,2021-01-23,39221,828400,17356,457892,21865,370508,0,0,34958,547377,0.072175,4254,140161,0.018481,34986,687538,0.090656,7584050
4,2021-01-24,23722,852122,10421,468313,13301,383809,0,0,21870,567415,0.074817,1846,142007,0.018724,21884,709422,0.093541,7584050
4,2021-01-25,47132,899254,21757,490070,25375,409184,0,0,36235,592831,0.078168,10873,152880,0.020158,36289,745711,0.098326,7584050
4,2021-01-26,55692,954946,28454,518524,27238,436422,0,0,43751,624752,0.082377,11886,164766,0.021725,43807,789518,0.104102,7584050
4,2021-01-27,54621,1009567,26462,544986,28159,464581,0,0,43803,657923,0.086751,10685,175451,0.023134,43856,833374,0.109885,7584050
4,2021-01-28,55735,1065302,25306,570292,30429,495010,0,0,45908,694133,0.091525,9739,185190,0.024418,45949,879323,0.115944,7584050
4,2021-01-29,55576,1120878,26716,597008,28860,523870,0,0,45412,729546,0.096195,10024,195214,0.02574,45437,924760,0.121935,7584050
4,2021-01-30,37230,1158108,16952,613960,20278,544148,0,0,32034,756453,0.099743,5149,200363,0.026419,32056,956816,0.126162,7584050
4,2021-01-31,23683,1181791,12438,626398,11245,555393,0,0,22110,777015,0.102454,1559,201922,0.026625,22121,978937,0.129078,7584050
4,2021-02-01,47795,1229586,22595,648993,25200,580593,0,0,37618,804516,0.10608,10156,212078,0.027964,37657,1016594,0.134044,7584050
4,2021-02-02,55422,1285008,26331,675324,29091,609684,0,0,41806,832876,0.109819,13487,225565,0.029742,41847,1058441,0.139561,7584050
4,2021-02-03,61355,1346363,30191,705515,31164,640848,0,0,47311,866302,0.114227,13938,239503,0.03158,47364,1105805,0.145807,7584050
4,2021-02-04,66683,1413046,31156,736671,35527,676375,0,0,50199,900272,0.118706,16329,255832,0.033733,50299,1156104,0.152439,7584050
4,2021-02-05,72003,1485049,33401,770072,38602,714977,0,0,50326,929288,0.122532,21438,277270,0.03656,50454,1206558,0.159092,7584050
4,2021-02-06,47846,1532895,25899,795971,21947,736924,0,0,36481,954632,0.125874,11338,288608,0.038055,36682,1243240,0.163928,7584050
4,2021-02-07,26177,1559072,17261,813232,8916,745840,0,0,19850,968424,0.127692,6291,294899,0.038884,20083,1263323,0.166576,7584050
4,2021-02-08,57572,1616644,29564,842796,28008,773848,0,0,37434,986106,0.130024,20014,314913,0.041523,37696,1301019,0.171547,7584050
4,2021-02-09,66239,1682883,33837,876633,32402,806250,0,0,38840,997998,0.131592,27344,342257,0.045129,39236,1340255,0.17672,7584050
4,2021-02-10,76327,1759210,38241,914874,38086,844336,0,0,40782,1003986,0.132381,35323,377580,0.049786,41311,1381566,0.182167,7584050
4,2021-02-11,79673,1838883,41548,956422,38125,882461,0,0,41368,1007904,0.132898,38106,415686,0.054811,42024,1423590,0.187708,7584050
4,2021-02-12,83108,1921991,37237,993659,45871,928332,0,0,42992,1011705,0.133399,39967,455653,0.06008,43768,1467358,0.193479,7584050
4,2021-02-13,57991,1979982,29428,1023087,28563,956895,0,0,29705,1014071,0.133711,28223,483876,0.063802,30589,1497947,0.197513,7584050
4,2021-02-14,36426,2016408,18948,1042035,17478,974373,0,0,18804,1015918,0.133955,17629,501505,0.066126,19476,1517423,0.200081,7584050
4,2021-02-15,45498,2061906,21308,1063343,24190,998563,0,0,23560,1018797,0.134334,21876,523381,0.069011,24755,1542178,0.203345,7584050
4,2021-02-16,78645,2140551,36047,1099390,42598,1041161,0,0,40356,1022205,0.134784,38213,561594,0.074049,41621,1583799,0.208833,7584050
4,2021-02-17,79696,2220247,37639,1137029,42057,1083218,0,0,38323,1020459,0.134553,41235,602829,0.079486,39489,1623288,0.21404,7584050
4,2021-02-18,81710,2301957,45157,1182186,36553,1119771,0,0,38099,1016566,0.13404,43488,646317,0.085221,39595,1662883,0.219261,7584050
4,2021-02-19,80266,2382223,50565,1232751,29701,1149472,0,0,40564,1018246,0.134262,39576,685893,0.090439,41256,1704139,0.2247,7584050
4,2021-02-20,47428,2429651,31940,1264691,15488,1164960,0,0,26308,1024066,0.135029,21178,707071,0.093231,26998,1731137,0.22826,7584050
4,2021-02-21,25335,2454986,19846,1284537,5489,1170449,0,0,11657,1022278,0.134793,13767,720838,0.095047,11979,1743116,0.22984,7584050
4,2021-02-22,51637,2506623,35612,1320149,16025,1186474,0,0,25142,1021510,0.134692,26421,747259,0.09853,25653,1768769,0.233222,7584050
4,2021-02-23,71541,2578164,39592,1359741,31949,1218423,0,0,31462,1014733,0.133798,39973,787232,0.103801,33196,1801965,0.237599,7584050
4,2021-02-24,86551,2664715,45474,1405215,41077,1259500,0,0,39287,1009114,0.133057,47096,834328,0.110011,41477,1843442,0.243068,7584050
4,2021-02-25,96435,2761150,50160,1455375,46275,1305775,0,0,46220,1007840,0.132889,50079,884407,0.116614,48805,1892247,0.249503,7584050
4,2021-02-26,102811,2863961,51752,1507127,51059,1356834,0,0,53062,1013675,0.133659,49553,933960,0.123148,55388,1947635,0.256807,7584050
4,2021-02-27,74128,2938089,40157,1547284,33966,1390800,5,5,39669,1020424,0.134549,34406,968366,0.127685,41155,1988790,0.262233,7584050
4,2021-02-28,44539,2982628,27663,1574947,16875,1407675,1,6,24841,1026570,0.135359,19637,988003,0.130274,25783,2014573,0.265633,7584050
4,2021-03-01,73518,3056146,42895,1617842,30619,1438294,4,10,40729,1035928,0.136593,32627,1020630,0.134576,41985,2056558,0.271169,7584050
4,2021-03-02,76623,3132769,42880,1660722,33740,1472034,3,13,45922,1053115,0.138859,30580,1051210,0.138608,47767,2104325,0.277467,7584050
4,2021-03-03,96214,3228983,50597,1711319,45611,1517645,6,19,53260,1065417,0.140481,42791,1094001,0.14425,55093,2159418,0.284732,7584050
4,2021-03-04,93082,3322065,51765,1763084,41305,1558950,12,31,51355,1077028,0.142012,41568,1135569,0.149731,53179,2212597,0.291743,7584050
4,2021-03-05,90489,3412554,48423,1811507,41759,1600709,307,338,53641,1096433,0.144571,36700,1172269,0.15457,56105,2268702,0.299141,7584050
4,2021-03-06,72655,3485209,40810,1852317,29249,1629958,2596,2934,44394,1116703,0.147244,28177,1200446,0.158286,48447,2317149,0.305529,7584050
4,2021-03-07,41082,3526291,26124,1878441,13820,1643778,1138,4072,24339,1127367,0.14865,16685,1217131,0.160486,27349,2344498,0.309135,7584050
4,2021-03-08,64194,3590485,33259,1911700,27826,1671604,3109,7181,42264,1152250,0.151931,21842,1238973,0.163366,46725,2391223,0.315296,7584050
4,2021-03-09,72289,3662774,33381,1945081,33843,1705447,5065,12246,37396,1161574,0.15316,34767,1273740,0.16795,44091,2435314,0.32111,7584050
4,2021-03-10,86798,3749572,44152,1989233,35429,1740876,7217,19463,43442,1170474,0.154334,43240,1316980,0.173651,52140,2487454,0.327985,7584050
4,2021-03-11,98324,3847896,51740,2040973,38490,1779366,8094,27557,45476,1172970,0.154663,52666,1369646,0.180596,55162,2542616,0.335258,7584050
4,2021-03-12,102163,3950059,50253,2091226,41821,1821187,10089,37646,43626,1169305,0.154179,58347,1427993,0.188289,54682,2597298,0.342468,7584050
4,2021-03-13,78994,4029053,36677,2127903,34079,1855266,8238,45884,36913,1173656,0.154753,41974,1469967,0.193823,46325,2643623,0.348577,7584050
4,2021-03-14,48691,4077744,27842,2155745,17307,1872573,3542,49426,24915,1179057,0.155465,23712,1493679,0.19695,29113,2672736,0.352415,7584050
4,2021-03-15,82147,4159891,43917,2199662,34087,1906660,4143,53569,42391,1187807,0.156619,39601,1533280,0.202172,48351,2721087,0.358791,7584050
4,2021-03-16,104933,4264824,54477,2254139,47135,1953795,3321,56890,56239,1200494,0.158292,48513,1581793,0.208568,61200,2782287,0.36686,7584050
4,2021-03-17,103127,4367951,55475,2309614,44316,1998111,3336,60226,60540,1222639,0.161212,42397,1624190,0.214159,64542,2846829,0.375371,7584050
4,2021-03-18,102899,4470850,57054,2366668,42295,2040406,3550,63776,58869,1242952,0.16389,43838,1668028,0.219939,64151,2910980,0.383829,7584050
4,2021-03-19,107066,4577916,61125,2427793,40905,2081311,5036,68812,61769,1265198,0.166824,45114,1713142,0.225887,67360,2978340,0.392711,7584050
4,2021-03-20,81336,4659252,47549,2475342,30824,2112135,2963,71775,50687,1288859,0.169943,30492,1743634,0.229908,54153,3032493,0.399851,7584050
4,2021-03-21,46726,4705978,33804,2509146,10666,2122801,2256,74031,28385,1302809,0.171783,18230,1761864,0.232312,32180,3064673,0.404095,7584050
4,2021-03-22,79355,4785333,52179,2561325,24656,2147457,2520,76551,50608,1328923,0.175226,28598,1790462,0.236083,54712,3119385,0.411309,7584050
4,2021-03-23,101124,4886457,60267,2621592,38830,2186287,2027,78578,63461,1358490,0.179125,37449,1827911,0.24102,67016,3186401,0.420145,7584050
4,2021-03-24,110049,4996506,71127,2692719,36652,2222939,2270,80848,63219,1378928,0.181819,46516,1874427,0.247154,66954,3253355,0.428973,7584050
4,2021-03-25,112682,5109188,69172,2761891,41257,2264196,2253,83101,65545,1401201,0.184756,46771,1921198,0.253321,69044,3322399,0.438077,7584050
4,2021-03-26,115688,5224876,70207,2832098,42506,2306702,2975,86076,64804,1419809,0.18721,50637,1971835,0.259998,69245,3391644,0.447207,7584050
4,2021-03-27,88953,5313829,52639,2884737,34545,2341247,1769,87845,46373,1426036,0.188031,42406,2014241,0.265589,48633,3440277,0.45362,7584050
4,2021-03-28,54167,5367996,35560,2920297,17744,2358991,863,88708,30181,1433501,0.189015,23894,2038135,0.26874,31359,3471636,0.457755,7584050
4,2021-03-29,90887,5458883,54570,2974867,34343,2393334,1974,90682,50815,1447983,0.190925,39912,2078047,0.274002,54394,3526030,0.464927,7584050
4,2021-03-30,113792,5572675,61837,3036704,47912,2441246,4043,94725,73193,1485793,0.19591,40446,2118493,0.279335,78256,3604286,0.475246,7584050
4,2021-03-31,117839,5690514,69627,3106331,42069,2483315,6143,100868,68785,1512145,0.199385,48828,2167321,0.285774,75180,3679466,0.485158,7584050
4,2021-04-01,137642,5828156,78550,3184881,46390,2529705,12702,113570,82240,1552741,0.204738,55204,2222525,0.293053,95800,3775266,0.49779,7584050
4,2021-04-02,132218,5960374,70917,3255798,48420,2578125,12881,126451,77447,1588948,0.209512,54581,2277106,0.300249,90788,3866054,0.509761,7584050
4,2021-04-03,97953,6058327,52145,3307943,32897,2611022,12911,139362,52117,1608692,0.212115,45705,2322811,0.306276,65449,3931503,0.518391,7584050
4,2021-04-04,45137,6103464,23827,3331770,14246,2625268,7064,146426,19789,1610327,0.212331,25294,2348105,0.309611,26929,3958432,0.521942,7584050
4,2021-04-05,105453,6208917,59749,3391519,33440,2658708,12264,158690,55635,1629232,0.214823,49702,2397807,0.316164,68607,4027039,0.530988,7584050
4,2021-04-06,134600,6343517,75613,3467132,39655,2698363,19332,178022,70339,1655828,0.21833,64093,2461900,0.324615,90689,4117728,0.542946,7584050
4,2021-04-07,133036,6476553,75566,3542698,37547,2735910,19923,197945,69329,1682220,0.22181,63516,2525416,0.33299,89908,4207636,0.554801,7584050
4,2021-04-08,133648,6610201,74993,3617691,34531,2770441,24124,222069,66903,1707563,0.225152,66542,2591958,0.341764,91885,4299521,0.566916,7584050
4,2021-04-09,127471,6737672,69663,3687354,37074,2807515,20734,242803,61885,1726071,0.227592,65414,2657372,0.35039,83922,4383443,0.577982,7584050
4,2021-04-10,98728,6836400,48523,3735877,32356,2839871,17849,260652,44710,1736061,0.228909,53875,2711247,0.357493,63865,4447308,0.586403,7584050
4,2021-04-11,59901,6896301,36489,3772366,12792,2852663,10620,271272,26483,1740683,0.229519,33352,2744599,0.361891,37974,4485282,0.59141,7584050
4,2021-04-12,95882,6992183,57930,3830296,28720,2881383,9232,280504,49168,1753438,0.231201,46496,2791095,0.368022,59251,4544533,0.599222,7584050
4,2021-04-13,123766,7115949,77696,3907992,45919,2927302,151,280655,74856,1780999,0.234835,48707,2839802,0.374444,76268,4620801,0.609279,7584050
4,2021-04-14,121831,7237780,76653,3984645,45122,2972424,56,280711,67972,1797421,0.237,53661,2893463,0.38152,70083,4690884,0.61852,7584050
4,2021-04-15,135907,7373687,91056,4075701,44821,3017245,30,280741,84269,1831691,0.241519,51424,2944887,0.3883,85694,4776578,0.629819,7584050
4,2021-04-16,113418,7487105,71060,4146761,42311,3059556,47,280788,62424,1844340,0.243187,50835,2995722,0.395003,63484,4840062,0.63819,7584050
4,2021-04-17,48834,7535939,31706,4178467,17128,3076684,0,280788,29872,1855686,0.244683,18900,3014622,0.397495,30246,4870308,0.642178,7584050
