vemquartile,administered_date,total_doses,cumulative_total_doses,pfizer_doses,cumulative_pfizer_doses,moderna_doses,cumulative_moderna_doses,jj_doses,cumulative_jj_doses,partially_vaccinated,total_partially_vaccinated,pct_age12pop_partially_vaccinated,fully_vaccinated,cumulative_fully_vaccinated,pct_age12pop_fully_vaccinated,at_least_one_dose,cumulative_at_least_one_dose,pct_age12pop_at_least_one_dose,age12_population
1,2020-12-15,156,156,156,156,0,0,0,0,156,156,1.8e-05,0,0,0.0,156,156,1.8e-05,8700223
1,2020-12-16,1226,1382,1226,1382,0,0,0,0,1226,1382,0.000159,0,0,0.0,1226,1382,0.000159,8700223
1,2020-12-17,4183,5565,4183,5565,0,0,0,0,4184,5566,0.00064,0,0,0.0,4184,5566,0.00064,8700223
1,2020-12-18,6378,11943,6355,11920,23,23,0,0,6380,11945,0.001373,1,1,0.0,6380,11946,0.001373,8700223
1,2020-12-19,2877,14820,2874,14794,3,26,0,0,2876,14820,0.001703,1,2,0.0,2876,14822,0.001704,8700223
1,2020-12-20,2128,16948,2119,16913,9,35,0,0,2129,16949,0.001948,0,2,0.0,2129,16951,0.001948,8700223
1,2020-12-21,7651,24599,7630,24543,21,56,0,0,7700,24649,0.002833,1,3,0.0,7701,24652,0.002833,8700223
1,2020-12-22,7314,31913,6970,31513,344,400,0,0,7315,31962,0.003674,2,5,1e-06,7315,31967,0.003674,8700223
1,2020-12-23,7837,39750,6579,38092,1258,1658,0,0,7832,39793,0.004574,2,7,1e-06,7833,39800,0.004575,8700223
1,2020-12-24,3304,43054,2362,40454,942,2600,0,0,3306,43099,0.004954,0,7,1e-06,3306,43106,0.004955,8700223
1,2020-12-25,239,43293,155,40609,84,2684,0,0,239,43338,0.004981,0,7,1e-06,239,43345,0.004982,8700223
1,2020-12-26,1364,44657,972,41581,392,3076,0,0,1363,44700,0.005138,1,8,1e-06,1363,44708,0.005139,8700223
1,2020-12-27,872,45529,539,42120,333,3409,0,0,872,45571,0.005238,1,9,1e-06,872,45580,0.005239,8700223
1,2020-12-28,7093,52622,4751,46871,2342,5751,0,0,7091,52662,0.006053,0,9,1e-06,7091,52671,0.006054,8700223
1,2020-12-29,8906,61528,4979,51850,3927,9678,0,0,8902,61562,0.007076,2,11,1e-06,8902,61573,0.007077,8700223
1,2020-12-30,11574,73102,6443,58293,5131,14809,0,0,11573,73134,0.008406,1,12,1e-06,11573,73146,0.008407,8700223
1,2020-12-31,5980,79082,1953,60246,4027,18836,0,0,5978,79109,0.009093,4,16,2e-06,5979,79125,0.009095,8700223
1,2021-01-01,592,79674,226,60472,366,19202,0,0,589,79696,0.00916,2,18,2e-06,589,79714,0.009162,8700223
1,2021-01-02,2919,82593,1767,62239,1152,20354,0,0,2919,82615,0.009496,0,18,2e-06,2919,82633,0.009498,8700223
1,2021-01-03,1039,83632,549,62788,490,20844,0,0,1037,83649,0.009615,3,21,2e-06,1037,83670,0.009617,8700223
1,2021-01-04,7385,91017,3591,66379,3794,24638,0,0,7389,91037,0.010464,1,22,3e-06,7389,91059,0.010466,8700223
1,2021-01-05,10868,101885,5248,71627,5620,30258,0,0,10071,100351,0.011534,779,801,9.2e-05,10093,101152,0.011626,8700223
1,2021-01-06,14085,115970,7067,78694,7018,37276,0,0,12161,110637,0.012717,1888,2689,0.000309,12174,113326,0.013026,8700223
1,2021-01-07,17539,133509,9172,87866,8367,45643,0,0,13019,119239,0.013705,4427,7116,0.000818,13029,126355,0.014523,8700223
1,2021-01-08,20211,153720,10498,98364,9713,55356,0,0,14263,127580,0.014664,5931,13047,0.0015,14272,140627,0.016164,8700223
1,2021-01-09,6693,160413,3397,101761,3296,58652,0,0,4839,130571,0.015008,1851,14898,0.001712,4842,145469,0.01672,8700223
1,2021-01-10,3096,163509,1767,103528,1329,59981,0,0,1908,131296,0.015091,1184,16082,0.001848,1909,147378,0.01694,8700223
1,2021-01-11,18073,181582,11847,115375,6226,66207,0,0,11527,136330,0.01567,6536,22618,0.0026,11570,158948,0.018269,8700223
1,2021-01-12,19133,200715,10962,126337,8171,74378,0,0,13140,143545,0.016499,5966,28584,0.003285,13181,172129,0.019784,8700223
1,2021-01-13,19859,220574,10746,137083,9113,83491,0,0,14697,153119,0.017599,5141,33725,0.003876,14715,186844,0.021476,8700223
1,2021-01-14,22038,242612,9452,146535,12586,96077,0,0,19285,169766,0.019513,2697,36422,0.004186,19344,206188,0.023699,8700223
1,2021-01-15,25195,267807,9248,155783,15947,112024,0,0,23250,191170,0.021973,1907,38329,0.004406,23311,229499,0.026379,8700223
1,2021-01-16,13891,281698,4543,160326,9348,121372,0,0,13014,203313,0.023369,874,39203,0.004506,13017,242516,0.027875,8700223
1,2021-01-17,5221,286919,2038,162364,3183,124555,0,0,4852,207800,0.023884,368,39571,0.004548,4855,247371,0.028433,8700223
1,2021-01-18,14340,301259,8607,170971,5733,130288,0,0,11158,215844,0.024809,3169,42740,0.004913,11213,258584,0.029722,8700223
1,2021-01-19,24695,325954,12770,183741,11925,142213,0,0,19537,230298,0.02647,5137,47877,0.005503,19591,278175,0.031973,8700223
1,2021-01-20,29451,355405,14732,198473,14719,156932,0,0,23523,248012,0.028506,5849,53726,0.006175,23563,301738,0.034682,8700223
1,2021-01-21,31249,386654,14667,213140,16582,173514,0,0,27969,272862,0.031363,3215,56941,0.006545,28065,329803,0.037907,8700223
1,2021-01-22,28415,415069,11291,224431,17124,190638,0,0,26346,297238,0.034164,2003,58944,0.006775,26379,356182,0.040939,8700223
1,2021-01-23,18733,433802,8196,232627,10537,201175,0,0,16772,312089,0.035871,1931,60875,0.006997,16782,372964,0.042868,8700223
1,2021-01-24,6687,440489,4159,236786,2528,203703,0,0,6028,317469,0.03649,654,61529,0.007072,6034,378998,0.043562,8700223
1,2021-01-25,25459,465948,10498,247284,14961,218664,0,0,19661,331487,0.038101,5750,67279,0.007733,19768,398766,0.045834,8700223
1,2021-01-26,28836,494784,13487,260771,15349,234013,0,0,22138,347011,0.039885,6636,73915,0.008496,22160,420926,0.048381,8700223
1,2021-01-27,32686,527470,15565,276336,17121,251134,0,0,24562,363549,0.041786,8059,81974,0.009422,24597,445523,0.051208,8700223
1,2021-01-28,35021,562491,16425,292761,18596,269730,0,0,28045,384756,0.044224,6907,88881,0.010216,28114,473637,0.05444,8700223
1,2021-01-29,33730,596221,16482,309243,17248,286978,0,0,27127,405463,0.046604,6460,95341,0.010958,27167,500804,0.057562,8700223
1,2021-01-30,20181,616402,8714,317957,11467,298445,0,0,18041,421406,0.048436,2110,97451,0.011201,18053,518857,0.059637,8700223
1,2021-01-31,7701,624103,5016,322973,2685,301130,0,0,6987,427687,0.049158,709,98160,0.011282,6990,525847,0.060441,8700223
1,2021-02-01,29042,653145,12545,335518,16497,317627,0,0,21195,441091,0.050699,7796,105956,0.012179,21200,547047,0.062877,8700223
1,2021-02-02,32769,685914,11834,347352,20935,338562,0,0,24494,457429,0.052577,8193,114149,0.01312,24531,571578,0.065697,8700223
1,2021-02-03,39693,725607,15273,362625,24420,362982,0,0,28577,475096,0.054607,10948,125097,0.014379,28615,600193,0.068986,8700223
1,2021-02-04,44070,769677,17151,379776,26919,389901,0,0,31765,494730,0.056864,12180,137277,0.015779,31814,632007,0.072643,8700223
1,2021-02-05,46816,816493,17168,396944,29648,419549,0,0,30669,509455,0.058557,15997,153274,0.017617,30722,662729,0.076174,8700223
1,2021-02-06,26556,843049,10488,407432,16068,435617,0,0,20638,524239,0.060256,5870,159144,0.018292,20654,683383,0.078548,8700223
1,2021-02-07,6273,849322,4036,411468,2237,437854,0,0,4626,527256,0.060603,1627,160771,0.018479,4644,688027,0.079082,8700223
1,2021-02-08,31629,880951,14440,425908,17189,455043,0,0,21068,537957,0.061833,10464,171235,0.019682,21165,709192,0.081514,8700223
1,2021-02-09,38611,919562,16985,442893,21626,476669,0,0,23803,547114,0.062885,14726,185961,0.021374,23883,733075,0.084259,8700223
1,2021-02-10,47383,966945,22261,465154,25122,501791,0,0,26973,553884,0.063663,20284,206245,0.023706,27054,760129,0.087369,8700223
1,2021-02-11,51856,1018801,25437,490591,26419,528210,0,0,30956,564364,0.064868,20583,226828,0.026072,31063,791192,0.090939,8700223
1,2021-02-12,50047,1068848,21528,512119,28519,556729,0,0,28707,572027,0.065749,21184,248012,0.028506,28847,820039,0.094255,8700223
1,2021-02-13,26388,1095236,11537,523656,14851,571580,0,0,15267,576319,0.066242,11051,259063,0.029777,15343,835382,0.096018,8700223
1,2021-02-14,11797,1107033,5568,529224,6229,577809,0,0,6716,578051,0.066441,5050,264113,0.030357,6782,842164,0.096798,8700223
1,2021-02-15,23944,1130977,9401,538625,14543,592352,0,0,14572,583492,0.067066,9247,273360,0.03142,14688,856852,0.098486,8700223
1,2021-02-16,47231,1178208,22522,561147,24709,617061,0,0,27537,591534,0.067991,19609,292969,0.033674,27651,884503,0.101664,8700223
1,2021-02-17,48571,1226779,24593,585740,23978,641039,0,0,26133,595533,0.06845,22281,315250,0.036235,26280,910783,0.104685,8700223
1,2021-02-18,51212,1277991,25619,611359,25593,666632,0,0,26512,597823,0.068714,24455,339705,0.039046,26745,937528,0.107759,8700223
1,2021-02-19,46662,1324653,25306,636665,21356,687988,0,0,26114,603611,0.069379,20389,360094,0.041389,26177,963705,0.110768,8700223
1,2021-02-20,27666,1352319,16860,653525,10806,698794,0,0,15784,607654,0.069843,11819,371913,0.042748,15862,979567,0.112591,8700223
1,2021-02-21,12375,1364694,10655,664180,1720,700514,0,0,7432,610254,0.070142,4881,376794,0.043309,7481,987048,0.113451,8700223
1,2021-02-22,31635,1396329,20834,685014,10801,711315,0,0,18190,615197,0.07071,13348,390142,0.044843,18291,1005339,0.115553,8700223
1,2021-02-23,45911,1442240,22278,707292,23633,734948,0,0,25207,620356,0.071303,20411,410553,0.047189,25570,1030909,0.118492,8700223
1,2021-02-24,55917,1498157,26994,734286,28923,763871,0,0,30747,626593,0.07202,24963,435516,0.050058,31200,1062109,0.122078,8700223
1,2021-02-25,68569,1566726,33289,767575,35280,799151,0,0,42391,643481,0.073961,26005,461521,0.053047,42893,1105002,0.127008,8700223
1,2021-02-26,76622,1643348,35887,803462,40735,839886,0,0,50050,667681,0.076743,26327,487848,0.056073,50527,1155529,0.132816,8700223
1,2021-02-27,52800,1696148,24215,827677,28576,868462,9,9,34631,684563,0.078683,18025,505873,0.058145,34907,1190436,0.136828,8700223
1,2021-02-28,20224,1716372,11999,839676,8223,876685,2,11,14821,694212,0.079792,5314,511187,0.058756,14963,1205399,0.138548,8700223
1,2021-03-01,46062,1762434,21317,860993,24696,901381,49,60,29581,707783,0.081352,16297,527484,0.060629,29868,1235267,0.141981,8700223
1,2021-03-02,64762,1827196,28003,888996,36750,938131,9,69,41186,726207,0.08347,23392,550876,0.063317,41816,1277083,0.146787,8700223
1,2021-03-03,71989,1899185,34231,923227,37732,975863,26,95,43747,742499,0.085343,28074,578950,0.066544,44366,1321449,0.151887,8700223
1,2021-03-04,80004,1979189,37516,960743,42452,1018315,36,131,51342,765923,0.088035,28469,607419,0.069816,51893,1373342,0.157851,8700223
1,2021-03-05,78999,2058188,35591,996334,43201,1061516,207,338,52676,793360,0.091188,26075,633494,0.072814,53512,1426854,0.164002,8700223
1,2021-03-06,58004,2116192,27576,1023910,29078,1090594,1350,1688,39273,815697,0.093756,18649,652143,0.074957,40986,1467840,0.168713,8700223
1,2021-03-07,20943,2137135,13034,1036944,6718,1097312,1191,2879,15501,827226,0.095081,5415,657558,0.075579,16944,1484784,0.17066,8700223
1,2021-03-08,46007,2183142,22482,1059426,21567,1118879,1958,4837,32226,848070,0.097477,13676,671234,0.077151,34520,1519304,0.174628,8700223
1,2021-03-09,66706,2249848,32255,1091681,31943,1150822,2508,7345,41026,866413,0.099585,25526,696760,0.080085,43869,1563173,0.17967,8700223
1,2021-03-10,73726,2323574,36714,1128395,32513,1183335,4499,11844,45362,888386,0.102111,28253,725013,0.083333,50226,1613399,0.185443,8700223
1,2021-03-11,90173,2413747,41451,1169846,40711,1224046,8011,19855,52502,911907,0.104814,37437,762450,0.087636,60958,1674357,0.19245,8700223
1,2021-03-12,98929,2512676,43590,1213436,42928,1266974,12411,32266,57808,941662,0.108234,40909,803359,0.092338,70664,1745021,0.200572,8700223
1,2021-03-13,65309,2577985,29538,1242974,28098,1295072,7673,39939,41663,967801,0.111239,23511,826870,0.09504,49650,1794671,0.206279,8700223
1,2021-03-14,27902,2605887,14922,1257896,9409,1304481,3571,43510,15626,974982,0.112064,12202,839072,0.096443,19383,1814054,0.208507,8700223
1,2021-03-15,65255,2671142,28774,1286670,29731,1334212,6750,50260,38346,993746,0.114221,26686,865758,0.09951,45450,1859504,0.213731,8700223
1,2021-03-16,85814,2756956,39125,1325795,41046,1375258,5643,55903,53177,1020510,0.117297,32409,898167,0.103235,59173,1918677,0.220532,8700223
1,2021-03-17,93076,2850032,45371,1371166,41161,1416419,6544,62447,59799,1054172,0.121166,33036,931203,0.107032,66698,1985375,0.228198,8700223
1,2021-03-18,98842,2948874,50958,1422124,42162,1458581,5722,68169,59732,1081363,0.124291,38749,969952,0.111486,65940,2051315,0.235777,8700223
1,2021-03-19,103722,3052596,53720,1475844,43700,1502281,6302,74471,60587,1105935,0.127116,42833,1012785,0.116409,67405,2118720,0.243525,8700223
1,2021-03-20,72518,3125114,37288,1513132,30013,1532294,5217,79688,46491,1132086,0.130121,25838,1038623,0.119379,51989,2170709,0.2495,8700223
1,2021-03-21,27256,3152370,19030,1532162,6419,1538713,1807,81495,16957,1140736,0.131116,10205,1048828,0.120552,18855,2189564,0.251668,8700223
1,2021-03-22,59275,3211645,30628,1562790,25341,1564054,3306,84801,39862,1165094,0.133915,19183,1068011,0.122757,43541,2233105,0.256672,8700223
1,2021-03-23,83409,3295054,42439,1605229,37330,1601384,3640,88441,51189,1188413,0.136596,31964,1099975,0.126431,55283,2288388,0.263026,8700223
1,2021-03-24,88307,3383361,44648,1649877,39291,1640675,4368,92809,52621,1210176,0.139097,35391,1135366,0.130498,57154,2345542,0.269596,8700223
1,2021-03-25,97151,3480512,49656,1699533,41661,1682336,5834,98643,53798,1226996,0.14103,43016,1178382,0.135443,59836,2405378,0.276473,8700223
1,2021-03-26,104886,3585398,51138,1750671,47427,1729763,6321,104964,55991,1241082,0.142649,48520,1226902,0.14102,62606,2467984,0.283669,8700223
1,2021-03-27,74250,3659648,38370,1789041,31663,1761426,4217,109181,38061,1247599,0.143399,35955,1262857,0.145152,42472,2510456,0.288551,8700223
1,2021-03-28,32809,3692457,21487,1810528,10103,1771529,1219,110400,16429,1249427,0.143609,16268,1279125,0.147022,18096,2528552,0.290631,8700223
1,2021-03-29,67403,3759860,33485,1844013,30748,1802277,3170,113570,36991,1259596,0.144777,30193,1309318,0.150492,40362,2568914,0.29527,8700223
1,2021-03-30,92295,3852155,45461,1889474,40440,1842717,6394,119964,47171,1268346,0.145783,44898,1354216,0.155653,53648,2622562,0.301436,8700223
1,2021-03-31,101119,3953274,52794,1942268,42116,1884833,6209,126173,55250,1284326,0.14762,45542,1399758,0.160888,61522,2684084,0.308507,8700223
1,2021-04-01,112813,4066087,54026,1996294,49992,1934825,8795,134968,57291,1295380,0.14889,55072,1454830,0.167218,66126,2750210,0.316108,8700223
1,2021-04-02,111536,4177623,51036,2047330,50776,1985601,9724,144692,56369,1306944,0.15022,54731,1509561,0.173508,66295,2816505,0.323728,8700223
1,2021-04-03,78163,4255786,39354,2086684,29143,2014744,9666,154358,36466,1311624,0.150758,41507,1551068,0.178279,46187,2862692,0.329037,8700223
1,2021-04-04,23795,4279581,11837,2098521,8488,2023232,3470,157828,9948,1311250,0.150715,13778,1564846,0.179863,13404,2876096,0.330577,8700223
1,2021-04-05,76502,4356083,36722,2135243,30411,2053643,9369,167197,34269,1313015,0.150917,42022,1606868,0.184693,43787,2919883,0.33561,8700223
1,2021-04-06,104375,4460458,49322,2184565,38441,2092084,16612,183809,47225,1320039,0.151725,56838,1663706,0.191226,63862,2983745,0.34295,8700223
1,2021-04-07,112068,4572526,54465,2239030,40014,2132098,17589,201398,50456,1326798,0.152502,61297,1725003,0.198271,68056,3051801,0.350773,8700223
1,2021-04-08,122538,4695064,58084,2297114,43442,2175540,21012,222410,54117,1333991,0.153328,67985,1792988,0.206085,75178,3126979,0.359414,8700223
1,2021-04-09,124358,4819422,56694,2353808,46752,2222292,20912,243322,54622,1340188,0.154041,69370,1862358,0.214059,75567,3202546,0.368099,8700223
1,2021-04-10,96224,4915646,42624,2396432,30855,2253147,22745,266067,37759,1342406,0.154296,58245,1920603,0.220753,60463,3263009,0.375049,8700223
1,2021-04-11,36703,4952349,20399,2416831,9435,2262582,6869,272936,14857,1342452,0.154301,21780,1942383,0.223257,21826,3284835,0.377558,8700223
1,2021-04-12,74577,5026926,33319,2450150,31209,2293791,10049,282985,31572,1341506,0.154192,42708,1985091,0.228166,41762,3326597,0.382358,8700223
1,2021-04-13,98285,5125211,52547,2502697,45398,2339189,340,283325,53124,1350465,0.155222,44850,2029941,0.233321,53809,3380406,0.388542,8700223
1,2021-04-14,105101,5230312,54473,2557170,50554,2389743,74,283399,53392,1352978,0.155511,51323,2081264,0.23922,53836,3434242,0.39473,8700223
1,2021-04-15,105965,5336277,57528,2614698,48347,2438090,90,283489,56270,1360415,0.156366,49099,2130363,0.244863,56536,3490778,0.401229,8700223
1,2021-04-16,110813,5447090,56809,2671507,53916,2492006,88,283577,55328,1361075,0.156441,54940,2185303,0.251178,55600,3546378,0.407619,8700223
1,2021-04-17,83447,5530537,45306,2716813,38130,2530136,11,283588,46615,1371271,0.157613,36593,2221896,0.255384,46789,3593167,0.412997,8700223
1,2021-04-18,30304,5560841,20454,2737267,9843,2539979,7,283595,15250,1371770,0.157671,14960,2236856,0.257103,15459,3608626,0.414774,8700223
1,2021-04-19,67156,5627997,33979,2771246,33165,2573144,12,283607,30340,1365802,0.156985,36448,2273304,0.261293,30480,3639106,0.418277,8700223
1,2021-04-20,88541,5716538,44554,2815800,43964,2617108,23,283630,41434,1360720,0.156401,46741,2320045,0.266665,41659,3680765,0.423066,8700223
1,2021-04-21,97823,5814361,51033,2866833,46689,2663797,101,283731,43737,1351281,0.155316,53513,2373558,0.272816,44074,3724839,0.428131,8700223
1,2021-04-22,97631,5911992,51014,2917847,46600,2710397,17,283748,44707,1343823,0.154458,52400,2425958,0.278839,44942,3769781,0.433297,8700223
1,2021-04-23,102577,6014569,52975,2970822,49575,2759972,27,283775,48995,1340019,0.154021,53053,2479011,0.284936,49249,3819030,0.438958,8700223
1,2021-04-24,76377,6090946,47366,3018188,28984,2788956,27,283802,43154,1350387,0.155213,33069,2512080,0.288737,43437,3862467,0.44395,8700223
1,2021-04-25,27337,6118283,17425,3035613,9898,2798854,14,283816,15621,1354567,0.155693,11596,2523676,0.29007,15776,3878243,0.445764,8700223
1,2021-04-26,66448,6184731,34851,3070464,31196,2830050,401,284217,31757,1352691,0.155478,34375,2558051,0.294021,32499,3910742,0.449499,8700223
1,2021-04-27,81757,6266488,43468,3113932,36981,2867031,1308,285525,35684,1344255,0.154508,45768,2603819,0.299282,37332,3948074,0.45379,8700223
1,2021-04-28,81524,6348012,43366,3157298,36648,2903679,1510,287035,35929,1336688,0.153638,45235,2649054,0.304481,37668,3985742,0.45812,8700223
1,2021-04-29,84961,6432973,46750,3204048,36581,2940260,1630,288665,34873,1323651,0.15214,49703,2698757,0.310194,36666,4022408,0.462334,8700223
1,2021-04-30,92527,6525500,50148,3254196,40496,2980756,1883,290548,38912,1311351,0.150726,53261,2752018,0.316316,40961,4063369,0.467042,8700223
1,2021-05-01,63150,6588650,40788,3294984,20936,3001692,1426,291974,26628,1303358,0.149807,36262,2788280,0.320484,28269,4091638,0.470291,8700223
1,2021-05-02,23434,6612084,16584,3311568,6270,3007962,580,292554,9471,1299582,0.149373,13854,2802134,0.322076,10078,4101716,0.47145,8700223
1,2021-05-03,56266,6668350,31195,3342763,23226,3031188,1845,294399,20732,1286937,0.14792,35278,2837412,0.326131,22633,4124349,0.474051,8700223
1,2021-05-04,75803,6744153,43648,3386411,30057,3061245,2098,296497,27226,1268083,0.145753,48261,2885673,0.331678,29407,4153756,0.477431,8700223
1,2021-05-05,78297,6822450,45389,3431800,30605,3091850,2303,298800,26668,1245870,0.1432,51265,2936938,0.33757,29052,4182808,0.48077,8700223
1,2021-05-06,79826,6902276,48500,3480300,29146,3120996,2180,300980,24934,1218649,0.140071,54488,2991426,0.343833,27267,4210075,0.483904,8700223
1,2021-05-07,83343,6985619,47439,3527739,33707,3154703,2197,303177,27865,1193758,0.13721,55017,3046443,0.350157,30126,4240201,0.487367,8700223
1,2021-05-08,57178,7042797,35856,3563595,19677,3174380,1645,304822,19451,1177564,0.135349,37384,3083827,0.354454,21190,4261391,0.489803,8700223
1,2021-05-09,18249,7061046,13076,3576671,4694,3179074,479,305301,5565,1171037,0.134599,12605,3096432,0.355903,6078,4267469,0.490501,8700223
1,2021-05-10,44277,7105323,22378,3599049,20068,3199142,1831,307132,14916,1158804,0.133192,29072,3125504,0.359244,16839,4284308,0.492437,8700223
1,2021-05-11,62565,7167888,33982,3633031,26427,3225569,2156,309288,20585,1139979,0.131029,41683,3167187,0.364035,22858,4307166,0.495064,8700223
1,2021-05-12,62709,7230597,33329,3666360,27321,3252890,2059,311347,20605,1120938,0.12884,41772,3208959,0.368836,22731,4329897,0.497677,8700223
1,2021-05-13,66772,7297369,39140,3705500,25641,3278531,1991,313338,25430,1107687,0.127317,40946,3249905,0.373543,27695,4357592,0.50086,8700223
1,2021-05-14,76416,7373785,46072,3751572,27949,3306480,2395,315733,30867,1096090,0.125984,45135,3295040,0.378731,33538,4391130,0.504715,8700223
1,2021-05-15,66507,7440292,43639,3795211,21110,3327590,1758,317491,26482,1084684,0.124673,39710,3334750,0.383295,28304,4419434,0.507968,8700223
1,2021-05-16,24993,7465285,18405,3813616,5967,3333557,621,318112,10190,1080855,0.124233,14687,3349437,0.384983,10858,4430292,0.509216,8700223
1,2021-05-17,54096,7519381,33062,3846678,19268,3352825,1766,319878,22929,1074707,0.123526,30900,3380337,0.388535,24752,4455044,0.512061,8700223
1,2021-05-18,64927,7584308,39122,3885800,23974,3376799,1831,321709,28152,1068285,0.122788,36492,3416829,0.392729,30070,4485114,0.515517,8700223
1,2021-05-19,66273,7650581,40348,3926148,24000,3400799,1925,323634,29593,1063497,0.122238,36388,3453217,0.396911,31600,4516714,0.519149,8700223
1,2021-05-20,64469,7715050,37343,3963491,24911,3425710,2215,325849,26494,1054783,0.121236,37627,3490844,0.401236,28913,4545627,0.522472,8700223
1,2021-05-21,69876,7784926,41765,4005256,26255,3451965,1856,327705,28811,1044889,0.120099,40657,3531501,0.405909,30763,4576390,0.526008,8700223
1,2021-05-22,55903,7840829,36712,4041968,17468,3469433,1723,329428,24313,1039702,0.119503,31319,3562820,0.409509,26132,4602522,0.529012,8700223
1,2021-05-23,20481,7861310,14314,4056282,5581,3475014,586,330014,9487,1038908,0.119412,10890,3573710,0.410761,10096,4612618,0.530172,8700223
1,2021-05-24,43729,7905039,24369,4080651,17523,3492537,1837,331851,17683,1032715,0.1187,25794,3599504,0.413725,19601,4632219,0.532425,8700223
1,2021-05-25,50836,7955875,29239,4109890,19904,3512441,1693,333544,21074,1026104,0.11794,29477,3628981,0.417114,22866,4655085,0.535054,8700223
1,2021-05-26,48458,8004333,27464,4137354,19102,3531543,1892,335436,20503,1020891,0.117341,27654,3656635,0.420292,22441,4677526,0.537633,8700223
1,2021-05-27,46987,8051320,26350,4163704,18723,3550266,1914,337350,20139,1016502,0.116836,26558,3683193,0.423345,22169,4699695,0.540181,8700223
1,2021-05-28,52488,8103808,29290,4192994,21371,3571637,1827,339177,23531,1013357,0.116475,28626,3711819,0.426635,25481,4725176,0.54311,8700223
1,2021-05-29,30669,8134477,18575,4211569,11131,3582768,963,340140,14620,1013103,0.116446,15891,3727710,0.428461,15637,4740813,0.544907,8700223
1,2021-05-30,11672,8146149,7529,4219098,3588,3586356,555,340695,5523,1013128,0.116449,6077,3733787,0.42916,6102,4746915,0.545608,8700223
1,2021-05-31,5727,8151876,3256,4222354,2217,3588573,254,340949,1992,1011710,0.116286,3677,3737464,0.429583,2259,4749174,0.545868,8700223
1,2021-06-01,45872,8197748,25927,4248281,18375,3606948,1570,342519,17375,1002567,0.115235,28161,3765625,0.432819,19018,4768192,0.548054,8700223
1,2021-06-02,40007,8237755,23194,4271475,15300,3622248,1513,344032,16129,996711,0.114562,23578,3789203,0.435529,17722,4785914,0.550091,8700223
1,2021-06-03,41393,8279148,25924,4297399,13781,3636029,1688,345720,15802,988988,0.113674,25285,3814488,0.438436,17562,4803476,0.55211,8700223
1,2021-06-04,50204,8329352,32102,4329501,16292,3652321,1810,347530,17965,976965,0.112292,31877,3846365,0.4421,19854,4823330,0.554392,8700223
1,2021-06-05,40359,8369711,27515,4357016,10838,3663159,2006,349536,14187,967256,0.111176,25954,3872319,0.445083,16245,4839575,0.556259,8700223
1,2021-06-06,13201,8382912,10562,4367578,2126,3665285,513,350049,4585,963882,0.110788,8532,3880851,0.446063,5158,4844733,0.556852,8700223
1,2021-06-07,34016,8416928,23423,4391001,9237,3674522,1356,351405,12100,955689,0.109846,21700,3902551,0.448558,13507,4858240,0.558404,8700223
1,2021-06-08,42264,8459192,29241,4420242,11367,3685889,1656,353061,14730,944909,0.108607,27256,3929807,0.45169,16476,4874716,0.560298,8700223
1,2021-06-09,42202,8501394,29263,4449505,11291,3697180,1648,354709,13758,932239,0.107151,28134,3957941,0.454924,15464,4890180,0.562075,8700223
1,2021-06-10,39130,8540524,26336,4475841,11093,3708273,1701,356410,13372,921908,0.105964,25507,3983448,0.457856,15176,4905356,0.56382,8700223
1,2021-06-11,44011,8584535,29190,4505031,13137,3721410,1684,358094,15691,911347,0.10475,28012,4011460,0.461076,17451,4922807,0.565825,8700223
1,2021-06-12,33767,8618302,24404,4529435,8150,3729560,1213,359307,11113,901307,0.103596,22434,4033894,0.463654,12394,4935201,0.56725,8700223
1,2021-06-13,11624,8629926,8442,4537877,2702,3732262,480,359787,3385,897036,0.103105,8169,4042063,0.464593,3898,4939099,0.567698,8700223
1,2021-06-14,30934,8660860,20826,4558703,8803,3741065,1305,361092,11589,890812,0.10239,19147,4061210,0.466794,12923,4952022,0.569183,8700223
1,2021-06-15,37257,8698117,24424,4583127,10975,3752040,1858,362950,13814,883403,0.101538,23173,4084383,0.469457,15764,4967786,0.570995,8700223
1,2021-06-16,35449,8733566,23923,4607050,9689,3761729,1837,364787,13289,876690,0.100766,21895,4106278,0.471974,15182,4982968,0.57274,8700223
1,2021-06-17,33591,8767157,22200,4629250,9445,3771174,1946,366733,13121,871622,0.100184,20231,4126509,0.474299,15163,4998131,0.574483,8700223
1,2021-06-18,39643,8806800,25742,4654992,11041,3782215,2860,369593,15411,866001,0.099538,23949,4150458,0.477052,18328,5016459,0.57659,8700223
1,2021-06-19,24025,8830825,16677,4671669,6147,3788362,1201,370794,9802,862989,0.099192,14053,4164511,0.478667,11041,5027500,0.577859,8700223
1,2021-06-20,8153,8838978,5971,4677640,1906,3790268,276,371070,3240,861668,0.09904,4848,4169359,0.479224,3527,5031027,0.578264,8700223
1,2021-06-21,20956,8859934,11856,4689496,6916,3797184,2184,373254,10928,864918,0.099413,9913,4179272,0.480364,13163,5044190,0.579777,8700223
1,2021-06-22,30805,8890739,20103,4709599,8562,3805746,2140,375394,12908,862347,0.099118,17683,4196955,0.482396,15112,5059302,0.581514,8700223
1,2021-06-23,29375,8920114,19711,4729310,7847,3813593,1817,377211,12827,860681,0.098926,16332,4213287,0.484273,14666,5073968,0.5832,8700223
1,2021-06-24,28390,8948504,18912,4748222,7807,3821400,1671,378882,12046,858328,0.098656,16139,4229426,0.486128,13786,5087754,0.584784,8700223
1,2021-06-25,31687,8980191,21471,4769693,8821,3830221,1395,380277,13949,856226,0.098414,17497,4246923,0.48814,15395,5103149,0.586554,8700223
1,2021-06-26,22219,9002410,16477,4786170,4915,3835136,827,381104,9705,854414,0.098206,12394,4259317,0.489564,10582,5113731,0.58777,8700223
1,2021-06-27,9151,9011561,6802,4792972,1917,3837053,432,381536,4058,853893,0.098146,5026,4264343,0.490142,4505,5118236,0.588288,8700223
1,2021-06-28,21105,9032666,15660,4808632,4195,3841248,1250,382786,9786,853853,0.098142,11126,4275469,0.491421,11086,5129322,0.589562,8700223
1,2021-06-29,26559,9059225,18156,4826788,7027,3848275,1376,384162,11698,852304,0.097963,14680,4290149,0.493108,13131,5142453,0.591071,8700223
1,2021-06-30,25864,9085089,17882,4844670,6930,3855205,1052,385214,12300,852381,0.097972,13347,4303496,0.494642,13424,5155877,0.592614,8700223
1,2021-07-01,23638,9108727,16434,4861104,5938,3861143,1266,386480,10948,852134,0.097944,12541,4316037,0.496083,12294,5168171,0.594027,8700223
1,2021-07-02,26328,9135055,18073,4879177,7216,3868359,1039,387519,12307,851732,0.097898,13831,4329868,0.497673,13429,5181600,0.595571,8700223
1,2021-07-03,14589,9149644,10201,4889378,3947,3872306,441,387960,6925,851599,0.097882,7532,4337400,0.498539,7399,5188999,0.596421,8700223
1,2021-07-04,1262,9150906,707,4890085,490,3872796,65,388025,606,851630,0.097886,647,4338047,0.498613,678,5189677,0.596499,8700223
1,2021-07-05,11006,9161912,7582,4897667,3060,3875856,364,388389,5221,851545,0.097876,5715,4343762,0.49927,5630,5195307,0.597146,8700223
1,2021-07-06,27081,9188993,19129,4916796,6818,3882674,1134,389523,10808,847499,0.097411,16088,4359850,0.501119,12042,5207349,0.598531,8700223
1,2021-07-07,23592,9212585,16543,4933339,5923,3888597,1126,390649,10152,845612,0.097194,13252,4373102,0.502643,11365,5218714,0.599837,8700223
1,2021-07-08,22672,9235257,15642,4948981,5945,3894542,1085,391734,9794,843839,0.096991,12743,4385845,0.504107,10970,5229684,0.601098,8700223
1,2021-07-09,26760,9262017,18933,4967914,6674,3901216,1153,392887,12067,842603,0.096848,14518,4400363,0.505776,13282,5242966,0.602624,8700223
1,2021-07-10,17659,9279676,12746,4980660,4156,3905372,757,393644,7853,841582,0.096731,9682,4410045,0.506889,8661,5251627,0.60362,8700223
1,2021-07-11,6741,9286417,4923,4985583,1617,3906989,201,393845,3248,841608,0.096734,3441,4413486,0.507284,3467,5255094,0.604018,8700223
1,2021-07-12,20062,9306479,14396,4999979,4788,3911777,878,394723,8888,840433,0.096599,11035,4424521,0.508553,9860,5264954,0.605152,8700223
1,2021-07-13,22070,9328549,15407,5015386,5869,3917646,794,395517,10311,840008,0.09655,11618,4436139,0.509888,11193,5276147,0.606438,8700223
1,2021-07-14,22065,9350614,15134,5030520,5958,3923604,973,396490,9912,839013,0.096436,11993,4448132,0.511266,10998,5287145,0.607702,8700223
1,2021-07-15,21484,9372098,15285,5045805,5479,3929083,720,397210,10311,839118,0.096448,11030,4459162,0.512534,11135,5298280,0.608982,8700223
1,2021-07-16,26459,9398557,18521,5064326,6952,3936035,986,398196,13043,839980,0.096547,13254,4472416,0.514058,14116,5312396,0.610605,8700223
1,2021-07-17,18378,9416935,13252,5077578,4424,3940459,702,398898,9010,840482,0.096605,9244,4481660,0.51512,9746,5322142,0.611725,8700223
1,2021-07-18,7421,9424356,5474,5083052,1661,3942120,286,399184,3795,841011,0.096665,3569,4485229,0.51553,4098,5326240,0.612196,8700223
1,2021-07-19,20735,9445091,15040,5098092,4875,3946995,820,400004,10407,842144,0.096796,10195,4495424,0.516702,11328,5337568,0.613498,8700223
1,2021-07-20,24430,9469521,16915,5115007,6657,3953652,858,400862,12557,843963,0.097005,11688,4507112,0.518046,13507,5351075,0.61505,8700223
1,2021-07-21,24807,9494328,17453,5132460,6162,3959814,1192,402054,12680,845975,0.097236,11977,4519089,0.519422,13989,5365064,0.616658,8700223
1,2021-07-22,23961,9518289,16917,5149377,6221,3966035,823,402877,13067,849244,0.097612,10709,4529798,0.520653,13978,5379042,0.618265,8700223
1,2021-07-23,28249,9546538,19918,5169295,7334,3973369,997,403874,15708,853652,0.098118,12362,4542160,0.522074,16770,5395812,0.620192,8700223
1,2021-07-24,17810,9564348,12559,5181854,4697,3978066,554,404428,10494,857520,0.098563,7205,4549365,0.522902,11073,5406885,0.621465,8700223
1,2021-07-25,7364,9571712,5286,5187140,1971,3980037,107,404535,5500,861319,0.099,1827,4551192,0.523112,5626,5412511,0.622112,8700223
1,2021-07-26,20834,9592546,14381,5201521,5722,3985759,731,405266,13424,868251,0.099796,7292,4558484,0.52395,14224,5426735,0.623747,8700223
1,2021-07-27,26207,9618753,18655,5220176,6641,3992400,911,406177,15487,874152,0.100475,10554,4569038,0.525163,16455,5443190,0.625638,8700223
1,2021-07-28,26894,9645647,19025,5239201,7023,3999423,846,407023,16550,881453,0.101314,10162,4579200,0.526331,17463,5460653,0.627645,8700223
1,2021-07-29,24829,9670476,17629,5256830,6506,4005929,694,407717,15580,888688,0.102145,9095,4588295,0.527377,16330,5476983,0.629522,8700223
1,2021-07-30,19812,9690288,14058,5270888,5074,4011003,680,408397,11998,893704,0.102722,7696,4595991,0.528261,12712,5489695,0.630983,8700223
2,2020-12-15,249,249,249,249,0,0,0,0,249,249,3e-05,0,0,0.0,249,249,3e-05,8407551
2,2020-12-16,2121,2370,2121,2370,0,0,0,0,2120,2369,0.000282,0,0,0.0,2120,2369,0.000282,8407551
2,2020-12-17,6932,9302,6932,9302,0,0,0,0,6933,9302,0.001106,0,0,0.0,6933,9302,0.001106,8407551
2,2020-12-18,11106,20408,11086,20388,20,20,0,0,11106,20408,0.002427,0,0,0.0,11106,20408,0.002427,8407551
2,2020-12-19,5629,26037,5623,26011,6,26,0,0,5630,26038,0.003097,0,0,0.0,5630,26038,0.003097,8407551
2,2020-12-20,4259,30296,4248,30259,11,37,0,0,4254,30291,0.003603,1,1,0.0,4254,30292,0.003603,8407551
2,2020-12-21,12808,43104,12779,43038,29,66,0,0,12763,43054,0.005121,0,1,0.0,12763,43055,0.005121,8407551
2,2020-12-22,12164,55268,11646,54684,518,584,0,0,12162,55216,0.006567,0,1,0.0,12162,55217,0.006568,8407551
2,2020-12-23,11730,66998,9505,64189,2225,2809,0,0,11733,66949,0.007963,1,2,0.0,11734,66951,0.007963,8407551
2,2020-12-24,5909,72907,3497,67686,2412,5221,0,0,5904,72851,0.008665,4,6,1e-06,5906,72857,0.008666,8407551
2,2020-12-25,486,73393,407,68093,79,5300,0,0,488,73339,0.008723,0,6,1e-06,488,73345,0.008724,8407551
2,2020-12-26,2559,75952,1661,69754,898,6198,0,0,2560,75898,0.009027,1,7,1e-06,2560,75905,0.009028,8407551
2,2020-12-27,2233,78185,1214,70968,1019,7217,0,0,2230,78126,0.009292,2,9,1e-06,2230,78135,0.009293,8407551
2,2020-12-28,11041,89226,7174,78142,3867,11084,0,0,11040,89164,0.010605,2,11,1e-06,11040,89175,0.010607,8407551
2,2020-12-29,12741,101967,7161,85303,5580,16664,0,0,12746,101910,0.012121,0,11,1e-06,12746,101921,0.012123,8407551
2,2020-12-30,15472,117439,8676,93979,6796,23460,0,0,15466,117373,0.01396,5,16,2e-06,15468,117389,0.013962,8407551
2,2020-12-31,7588,125027,2831,96810,4757,28217,0,0,7581,124949,0.014862,5,21,2e-06,7581,124970,0.014864,8407551
2,2021-01-01,1253,126280,621,97431,632,28849,0,0,1252,126197,0.01501,4,25,3e-06,1252,126222,0.015013,8407551
2,2021-01-02,4854,131134,2768,100199,2086,30935,0,0,4851,131046,0.015587,2,27,3e-06,4851,131073,0.01559,8407551
2,2021-01-03,1413,132547,795,100994,618,31553,0,0,1405,132447,0.015753,4,31,4e-06,1405,132478,0.015757,8407551
2,2021-01-04,11699,144246,5561,106555,6138,37691,0,0,11689,144133,0.017143,3,34,4e-06,11689,144167,0.017147,8407551
2,2021-01-05,13895,158141,6948,113503,6947,44638,0,0,12670,155621,0.01851,1217,1251,0.000149,12705,156872,0.018658,8407551
2,2021-01-06,19047,177188,10504,124007,8543,53181,0,0,15215,167074,0.019872,3773,5024,0.000598,15226,172098,0.020469,8407551
2,2021-01-07,23324,200512,13147,137154,10177,63358,0,0,15623,175009,0.020816,7704,12728,0.001514,15639,187737,0.02233,8407551
2,2021-01-08,26920,227432,16230,153384,10690,74048,0,0,16576,181323,0.021567,10288,23016,0.002738,16602,204339,0.024304,8407551
2,2021-01-09,9880,237312,5782,159166,4098,78146,0,0,6292,184043,0.02189,3579,26595,0.003163,6299,210638,0.025053,8407551
2,2021-01-10,5317,242629,2972,162138,2345,80491,0,0,3048,184828,0.021984,2269,28864,0.003433,3054,213692,0.025417,8407551
2,2021-01-11,26050,268679,18011,180149,8039,88530,0,0,14929,188691,0.022443,11117,39981,0.004755,14980,228672,0.027198,8407551
2,2021-01-12,26389,295068,16383,196532,10006,98536,0,0,16768,195926,0.023304,9622,49603,0.0059,16857,245529,0.029203,8407551
2,2021-01-13,28593,323661,15166,211698,13427,111963,0,0,20572,208527,0.024802,8002,57605,0.006852,20603,266132,0.031654,8407551
2,2021-01-14,30617,354278,11667,223365,18950,130913,0,0,26315,230610,0.027429,4309,61914,0.007364,26392,292524,0.034793,8407551
2,2021-01-15,35113,389391,12699,236064,22414,153327,0,0,31813,259224,0.030832,3291,65205,0.007756,31905,324429,0.038588,8407551
2,2021-01-16,18119,407510,5998,242062,12121,165448,0,0,16779,274660,0.032668,1355,66560,0.007917,16791,341220,0.040585,8407551
2,2021-01-17,10549,418059,3556,245618,6993,172441,0,0,9816,283738,0.033748,748,67308,0.008006,9826,351046,0.041754,8407551
2,2021-01-18,19771,437830,11049,256667,8722,181163,0,0,14952,293913,0.034958,4838,72146,0.008581,15013,366059,0.043539,8407551
2,2021-01-19,32635,470465,16960,273627,15675,196838,0,0,24590,310576,0.03694,8043,80189,0.009538,24706,390765,0.046478,8407551
2,2021-01-20,37653,508118,18988,292615,18665,215503,0,0,29024,331093,0.03938,8598,88787,0.01056,29115,419880,0.049941,8407551
2,2021-01-21,41027,549145,17436,310051,23591,239094,0,0,36510,363296,0.043211,4485,93272,0.011094,36688,456568,0.054305,8407551
2,2021-01-22,39632,588777,16564,326615,23068,262162,0,0,36269,396213,0.047126,3380,96652,0.011496,36297,492865,0.058622,8407551
2,2021-01-23,24148,612925,10791,337406,13357,275519,0,0,21169,414453,0.049295,2959,99611,0.011848,21199,514064,0.061143,8407551
2,2021-01-24,12446,625371,6107,343513,6339,281858,0,0,11526,425089,0.05056,904,100515,0.011955,11540,525604,0.062516,8407551
2,2021-01-25,33932,659303,15608,359121,18324,300182,0,0,25085,441519,0.052515,8795,109310,0.013001,25225,550829,0.065516,8407551
2,2021-01-26,40414,699717,19785,378906,20629,320811,0,0,31171,463559,0.055136,9218,118528,0.014098,31258,582087,0.069234,8407551
2,2021-01-27,45682,745399,22660,401566,23022,343833,0,0,35326,488718,0.058128,10228,128756,0.015314,35387,617474,0.073443,8407551
2,2021-01-28,47939,793338,22374,423940,25565,369398,0,0,39188,519297,0.061766,8684,137440,0.016347,39263,656737,0.078113,8407551
2,2021-01-29,45597,838935,21999,445939,23598,392996,0,0,36825,547541,0.065125,8645,146085,0.017375,36889,693626,0.0825,8407551
2,2021-01-30,31289,870224,13316,459255,17973,410969,0,0,27883,572088,0.068045,3368,149453,0.017776,27915,721541,0.085821,8407551
2,2021-01-31,17168,887392,10214,469469,6954,417923,0,0,15955,586874,0.069803,1191,150644,0.017918,15977,737518,0.087721,8407551
2,2021-02-01,41107,928499,19699,489168,21408,439331,0,0,29970,605805,0.072055,11078,161722,0.019235,30009,767527,0.09129,8407551
2,2021-02-02,47923,976422,19470,508638,28453,467784,0,0,36374,630812,0.075029,11462,173184,0.020599,36469,803996,0.095628,8407551
2,2021-02-03,54042,1030464,23798,532436,30244,498028,0,0,39781,656533,0.078088,14156,187340,0.022282,39877,843873,0.100371,8407551
2,2021-02-04,56242,1086706,24160,556596,32082,530110,0,0,40949,682398,0.081165,15183,202523,0.024088,41048,884921,0.105253,8407551
2,2021-02-05,60128,1146834,26218,582814,33910,564020,0,0,40552,703770,0.083707,19366,221889,0.026392,40738,925659,0.110099,8407551
2,2021-02-06,39368,1186202,18363,601177,21005,585025,0,0,31372,727316,0.086507,7920,229809,0.027334,31466,957125,0.113841,8407551
2,2021-02-07,15724,1201926,10442,611619,5282,590307,0,0,11936,735562,0.087488,3759,233568,0.027781,12005,969130,0.115269,8407551
2,2021-02-08,43072,1244998,21884,633503,21188,611495,0,0,29475,751793,0.089419,13453,247021,0.029381,29684,998814,0.1188,8407551
2,2021-02-09,49632,1294630,23427,656930,26205,637700,0,0,30651,764112,0.090884,18678,265699,0.031602,30997,1029811,0.122486,8407551
2,2021-02-10,59632,1354262,27909,684839,31723,669423,0,0,34394,773914,0.09205,24948,290647,0.03457,34750,1064561,0.12662,8407551
2,2021-02-11,64311,1418573,29539,714378,34772,704195,0,0,35803,782078,0.093021,28143,318790,0.037917,36307,1100868,0.130938,8407551
2,2021-02-12,65617,1484190,28206,742584,37411,741606,0,0,34838,787111,0.09362,30466,349256,0.041541,35499,1136367,0.13516,8407551
2,2021-02-13,38130,1522320,15908,758492,22222,763828,0,0,22001,793468,0.094376,16025,365281,0.043447,22382,1158749,0.137822,8407551
2,2021-02-14,20148,1542468,9358,767850,10790,774618,0,0,11195,796126,0.094692,8902,374183,0.044506,11560,1170309,0.139197,8407551
2,2021-02-15,33299,1575767,15002,782852,18297,792915,0,0,18455,800732,0.09524,14705,388888,0.046255,19311,1189620,0.141494,8407551
2,2021-02-16,56544,1632311,27715,810567,28829,821744,0,0,29767,804515,0.09569,26657,415545,0.049425,30440,1220060,0.145115,8407551
2,2021-02-17,61861,1694172,31819,842386,30042,851786,0,0,30704,804988,0.095746,31057,446602,0.053119,31530,1251590,0.148865,8407551
2,2021-02-18,66503,1760675,33508,875894,32995,884781,0,0,32374,804650,0.095706,33861,480463,0.057147,33523,1285113,0.152852,8407551
2,2021-02-19,59863,1820538,33143,909037,26720,911501,0,0,29713,805016,0.095749,29953,510416,0.060709,30319,1315432,0.156458,8407551
2,2021-02-20,37841,1858379,24561,933598,13280,924781,0,0,20552,809069,0.096231,17182,527598,0.062753,21235,1336667,0.158984,8407551
2,2021-02-21,21755,1880134,17601,951199,4154,928935,0,0,10786,809779,0.096316,10878,538476,0.064047,11588,1348255,0.160362,8407551
2,2021-02-22,39501,1919635,26980,978179,12521,941456,0,0,18678,808468,0.09616,20667,559143,0.066505,19356,1367611,0.162665,8407551
2,2021-02-23,53927,1973562,27517,1005696,26410,967866,0,0,23619,803946,0.095622,30040,589183,0.070078,25518,1393129,0.1657,8407551
2,2021-02-24,71241,2044803,36681,1042377,34560,1002426,0,0,32656,800608,0.095225,38367,627550,0.074641,35029,1428158,0.169866,8407551
2,2021-02-25,77326,2122129,36553,1078930,40773,1043199,0,0,39245,804876,0.095733,37801,665351,0.079137,42069,1470227,0.17487,8407551
2,2021-02-26,85944,2208073,36814,1115744,49130,1092329,0,0,46213,813872,0.096803,39413,704764,0.083825,48409,1518636,0.180628,8407551
2,2021-02-27,63014,2271087,29289,1145033,33717,1126046,8,8,34126,820699,0.097615,28642,733406,0.087232,35469,1554105,0.184846,8407551
2,2021-02-28,30985,2302072,18575,1163608,12409,1138455,1,9,18020,826723,0.098331,12834,746240,0.088758,18858,1572963,0.187089,8407551
2,2021-03-01,58755,2360827,30676,1194284,28029,1166484,50,59,32018,833582,0.099147,26412,772652,0.0919,33271,1606234,0.191047,8407551
2,2021-03-02,70353,2431180,33748,1228032,36594,1203078,11,70,39363,844498,0.100445,30797,803449,0.095563,41713,1647947,0.196008,8407551
2,2021-03-03,81443,2512623,39252,1267284,42176,1245254,15,85,46025,857929,0.102043,35200,838649,0.099749,48631,1696578,0.201792,8407551
2,2021-03-04,89119,2601742,43621,1310905,45467,1290721,31,116,51369,874219,0.10398,37494,876143,0.104209,53784,1750362,0.208189,8407551
2,2021-03-05,82819,2684561,38878,1349783,43632,1334353,309,425,50473,895284,0.106486,32113,908256,0.108029,53178,1803540,0.214514,8407551
2,2021-03-06,63321,2747882,30909,1380692,30710,1365063,1702,2127,38837,912911,0.108582,24344,932600,0.110924,41971,1845511,0.219506,8407551
2,2021-03-07,28617,2776499,16255,1396947,10820,1375883,1542,3669,18140,923297,0.109818,10406,943006,0.112162,20792,1866303,0.221979,8407551
2,2021-03-08,50868,2827367,23325,1420272,24976,1400859,2567,6236,31953,940648,0.111881,18807,961813,0.114399,36158,1902461,0.22628,8407551
2,2021-03-09,70722,2898089,32207,1452479,34659,1435518,3856,10092,39127,953518,0.113412,31450,993263,0.118139,44320,1946781,0.231551,8407551
2,2021-03-10,78571,2976660,37162,1489641,34852,1470370,6557,16649,41688,966429,0.114948,36654,1029917,0.122499,49565,1996346,0.237447,8407551
2,2021-03-11,93385,3070045,43068,1532709,41937,1512307,8380,25029,48716,980575,0.11663,44340,1074257,0.127773,58486,2054832,0.244403,8407551
2,2021-03-12,94252,3164297,38755,1571464,43525,1555832,11972,37001,46880,993726,0.118194,47104,1121361,0.133375,60255,2115087,0.25157,8407551
2,2021-03-13,69332,3233629,29006,1600470,32316,1588148,8010,45011,38072,1009980,0.120128,31118,1152479,0.137077,47372,2162459,0.257204,8407551
2,2021-03-14,37061,3270690,18325,1618795,14215,1602363,4521,49532,18596,1015480,0.120782,18357,1170836,0.13926,23857,2186316,0.260042,8407551
2,2021-03-15,67534,3338224,30476,1649271,32042,1634405,5016,54548,37178,1028640,0.122347,30126,1200962,0.142843,43286,2229602,0.26519,8407551
2,2021-03-16,86447,3424671,38259,1687530,44160,1678565,4028,58576,52238,1052036,0.12513,33994,1234956,0.146887,57390,2286992,0.272016,8407551
2,2021-03-17,93034,3517705,44566,1732096,44271,1722836,4197,62773,58924,1082148,0.128711,33826,1268782,0.15091,63938,2350930,0.279621,8407551
2,2021-03-18,98380,3616085,46928,1779024,46854,1769690,4598,67371,59702,1108656,0.131864,38350,1307132,0.155471,64858,2415788,0.287336,8407551
2,2021-03-19,97698,3713783,46229,1825253,45332,1815022,6137,73508,57708,1133341,0.1348,39672,1346804,0.16019,64357,2480145,0.29499,8407551
2,2021-03-20,70075,3783858,33970,1859223,32136,1847158,3969,77477,45689,1159216,0.137878,24145,1370949,0.163062,50020,2530165,0.30094,8407551
2,2021-03-21,33462,3817320,21612,1880835,9851,1857009,1999,79476,19950,1168235,0.138951,13360,1384309,0.164651,22379,2552544,0.303601,8407551
2,2021-03-22,62980,3880300,34667,1915502,25677,1882686,2636,82112,41683,1192393,0.141824,21054,1405363,0.167155,45212,2597756,0.308979,8407551
2,2021-03-23,84084,3964384,44681,1960183,36485,1919171,2918,85030,52270,1216902,0.144739,31519,1436882,0.170904,56028,2653784,0.315643,8407551
2,2021-03-24,92030,4056414,49411,2009594,39443,1958614,3176,88206,53709,1236628,0.147085,37974,1474856,0.17542,57700,2711484,0.322506,8407551
2,2021-03-25,101676,4158090,51262,2060856,46516,2005130,3898,92104,57265,1254524,0.149214,44026,1518882,0.180657,61922,2773406,0.329871,8407551
2,2021-03-26,103741,4261831,51412,2112268,48829,2053959,3500,95604,56394,1268521,0.150879,46940,1565822,0.18624,60937,2834343,0.337119,8407551
2,2021-03-27,75913,4337744,37853,2150121,34753,2088712,3307,98911,37839,1272724,0.151379,37801,1603623,0.190736,42004,2876347,0.342115,8407551
2,2021-03-28,37825,4375569,23353,2173474,13661,2102373,811,99722,20142,1276975,0.151884,17548,1621171,0.192823,21799,2898146,0.344708,8407551
2,2021-03-29,71600,4447169,36389,2209863,32933,2135306,2278,102000,40532,1289846,0.153415,30842,1652013,0.196492,43713,2941859,0.349907,8407551
2,2021-03-30,92240,4539409,45199,2255062,42656,2177962,4385,106385,51624,1306060,0.155344,40398,1692411,0.201297,56612,2998471,0.35664,8407551
2,2021-03-31,101444,4640853,52290,2307352,44040,2222002,5114,111499,57350,1325100,0.157608,43770,1736181,0.206503,62810,3061281,0.364111,8407551
2,2021-04-01,117868,4758721,56918,2364270,51696,2273698,9254,120753,63996,1345305,0.160012,53446,1789627,0.212859,73651,3134932,0.372871,8407551
2,2021-04-02,111840,4870561,51512,2415782,50113,2323811,10215,130968,59878,1364300,0.162271,51559,1841186,0.218992,70554,3205486,0.381263,8407551
2,2021-04-03,76921,4947482,37779,2453561,29308,2353119,9834,140802,38036,1373879,0.16341,38670,1879856,0.223591,48249,3253735,0.387002,8407551
2,2021-04-04,29028,4976510,14934,2468495,10232,2363351,3862,144664,13020,1374891,0.16353,15897,1895753,0.225482,16909,3270644,0.389013,8407551
2,2021-04-05,79241,5055751,38842,2507337,31543,2394894,8856,153520,38168,1381772,0.164349,40881,1936634,0.230345,47762,3318406,0.394694,8407551
2,2021-04-06,104122,5159873,50689,2558026,38706,2433600,14727,168247,49288,1391631,0.165522,54543,1991177,0.236832,64402,3382808,0.402354,8407551
2,2021-04-07,110686,5270559,55205,2613231,39191,2472791,16290,184537,52016,1401827,0.166734,58360,2049537,0.243773,68556,3451364,0.410508,8407551
2,2021-04-08,119517,5390076,57531,2670762,43222,2516013,18764,203301,55405,1412811,0.168041,63730,2113267,0.251353,74714,3526078,0.419394,8407551
2,2021-04-09,119084,5509160,57304,2728066,43640,2559653,18140,221441,56288,1425663,0.169569,62408,2175675,0.258776,75260,3601338,0.428346,8407551
2,2021-04-10,87734,5596894,37851,2765917,31437,2591090,18446,239887,36116,1429542,0.170031,51352,2227027,0.264884,55231,3656569,0.434915,8407551
2,2021-04-11,44515,5641409,23085,2789002,12948,2604038,8482,248369,18214,1430802,0.170181,26152,2253179,0.267995,27412,3683981,0.438175,8407551
2,2021-04-12,80161,5721570,37309,2826311,33410,2637448,9442,257811,35663,1432677,0.170404,44219,2297398,0.273254,46094,3730075,0.443658,8407551
2,2021-04-13,102153,5823723,53002,2879313,48890,2686338,261,258072,55902,1443762,0.171722,45972,2343370,0.278722,57057,3787132,0.450444,8407551
2,2021-04-14,106904,5930627,55998,2935311,50852,2737190,54,258126,54542,1447751,0.172197,52043,2395413,0.284912,56032,3843164,0.457109,8407551
2,2021-04-15,113291,6043918,60124,2995435,53081,2790271,86,258212,58998,1454019,0.172942,53885,2449298,0.291321,60153,3903317,0.464263,8407551
2,2021-04-16,110936,6154854,57495,3052930,53386,2843657,55,258267,56256,1456863,0.17328,54317,2503615,0.297782,57161,3960478,0.471062,8407551
2,2021-04-17,83625,6238479,42529,3095459,41081,2884738,15,258282,46705,1467787,0.17458,36664,2540279,0.302143,47588,4008066,0.476722,8407551
2,2021-04-18,35726,6274205,21655,3117114,14064,2898802,7,258289,17017,1467222,0.174512,18572,2558851,0.304352,18007,4026073,0.478864,8407551
2,2021-04-19,74948,6349153,40325,3157439,34605,2933407,18,258307,34078,1461347,0.173814,40591,2599442,0.309179,34716,4060789,0.482993,8407551
2,2021-04-20,97742,6446895,49465,3206904,48250,2981657,27,258334,47240,1459211,0.17356,50147,2649589,0.315144,48011,4108800,0.488704,8407551
2,2021-04-21,103943,6550838,56258,3263162,47625,3029282,60,258394,49000,1454788,0.173034,54455,2704044,0.321621,50032,4158832,0.494654,8407551
2,2021-04-22,108454,6659292,56072,3319234,52357,3081639,25,258419,47392,1442479,0.171569,60620,2764664,0.328831,48311,4207143,0.500401,8407551
2,2021-04-23,108045,6767337,57470,3376704,50557,3132196,18,258437,49913,1435633,0.170755,57698,2822362,0.335694,50852,4257995,0.506449,8407551
2,2021-04-24,81053,6848390,47725,3424429,33288,3165484,40,258477,42208,1440330,0.171314,38482,2860844,0.340271,43179,4301174,0.511585,8407551
2,2021-04-25,36618,6885008,22545,3446974,14058,3179542,15,258492,19911,1444169,0.17177,16553,2877397,0.34224,20392,4321566,0.51401,8407551
2,2021-04-26,74362,6959370,41186,3488160,32868,3212410,308,258800,34202,1440248,0.171304,39878,2917275,0.346983,35957,4357523,0.518287,8407551
2,2021-04-27,88446,7047816,46652,3534812,40428,3252838,1366,260166,37944,1430693,0.170168,50106,2967381,0.352942,40551,4398074,0.52311,8407551
2,2021-04-28,88327,7136143,47200,3582012,39255,3292093,1872,262038,38984,1423472,0.169309,48989,3016370,0.358769,41768,4439842,0.528078,8407551
2,2021-04-29,91300,7227443,49722,3631734,39862,3331955,1716,263754,35452,1405798,0.167207,55444,3071814,0.365364,37770,4477612,0.53257,8407551
2,2021-04-30,95048,7322491,52525,3684259,40515,3372470,2008,265762,36954,1387804,0.165066,57611,3129425,0.372216,39617,4517229,0.537282,8407551
2,2021-05-01,62574,7385065,38168,3722427,22818,3395288,1588,267350,24381,1376760,0.163753,37864,3167289,0.37672,26820,4544049,0.540472,8407551
2,2021-05-02,29260,7414325,20345,3742772,7937,3403225,978,268328,11112,1370923,0.163059,18014,3185303,0.378862,12177,4556226,0.541921,8407551
2,2021-05-03,60687,7475012,36021,3778793,22603,3425828,2063,270391,20424,1353694,0.161009,39982,3225285,0.383618,22753,4578979,0.544627,8407551
2,2021-05-04,80063,7555075,47807,3826600,29868,3455696,2388,272779,26008,1328789,0.158047,53696,3278981,0.390004,28791,4607770,0.548051,8407551
2,2021-05-05,80679,7635754,48052,3874652,30278,3485974,2349,275128,25270,1301762,0.154832,55012,3333993,0.396547,27985,4635755,0.55138,8407551
2,2021-05-06,83155,7718909,50509,3925161,29718,3515692,2928,278056,25335,1273335,0.151451,57326,3391319,0.403366,28899,4664654,0.554817,8407551
2,2021-05-07,83815,7802724,48392,3973553,32993,3548685,2430,280486,25764,1244336,0.148002,57651,3448970,0.410223,28652,4693306,0.558225,8407551
2,2021-05-08,55617,7858341,33694,4007247,20204,3568889,1719,282205,17445,1226304,0.145857,37926,3486896,0.414734,19894,4713200,0.560591,8407551
2,2021-05-09,21850,7880191,15720,4022967,5380,3574269,750,282955,6359,1218241,0.144898,15403,3502299,0.416566,7340,4720540,0.561464,8407551
2,2021-05-10,50302,7930493,27407,4050374,21016,3595285,1879,284834,14200,1199087,0.14262,35838,3538137,0.420828,16684,4737224,0.563449,8407551
2,2021-05-11,66246,7996739,35856,4086230,28267,3623552,2123,286957,19968,1175900,0.139862,45966,3584103,0.426296,22779,4760003,0.566158,8407551
2,2021-05-12,65102,8061841,34705,4120935,28177,3651729,2220,289177,19185,1152090,0.13703,45603,3629706,0.43172,21793,4781796,0.56875,8407551
2,2021-05-13,70860,8132701,41173,4162108,27741,3679470,1946,291123,25945,1136092,0.135128,44624,3674330,0.437027,28626,4810422,0.572155,8407551
2,2021-05-14,79777,8212478,47814,4209922,29701,3709171,2262,293385,30621,1120837,0.133313,48782,3723112,0.44283,33527,4843949,0.576143,8407551
2,2021-05-15,66346,8278824,43591,4253513,21036,3730207,1719,295104,25695,1108245,0.131815,40397,3763509,0.447634,27805,4871754,0.57945,8407551
2,2021-05-16,31611,8310435,23637,4277150,7047,3737254,927,296031,12853,1103529,0.131255,18624,3782133,0.44985,13908,4885662,0.581104,8407551
2,2021-05-17,57981,8368416,36730,4313880,19311,3756565,1940,297971,22842,1093776,0.130094,34895,3817028,0.454,25142,4910804,0.584094,8407551
2,2021-05-18,70104,8438520,41027,4354907,27110,3783675,1967,299938,27837,1082127,0.128709,41993,3859021,0.458995,30344,4941148,0.587704,8407551
2,2021-05-19,68785,8507305,40696,4395603,26080,3809755,2009,301947,27192,1070516,0.127328,41280,3900301,0.463905,29669,4970817,0.591232,8407551
2,2021-05-20,69431,8576736,40247,4435850,26998,3836753,2186,304133,26369,1056934,0.125712,42725,3943026,0.468986,29143,4999960,0.594699,8407551
2,2021-05-21,72790,8649526,42950,4478800,27681,3864434,2159,306292,27605,1042427,0.123987,44824,3987850,0.474318,30317,5030277,0.598305,8407551
2,2021-05-22,53388,8702914,33817,4512617,17796,3882230,1775,308067,22272,1036129,0.123238,30882,4018732,0.477991,24584,5054861,0.601229,8407551
2,2021-05-23,24408,8727322,16652,4529269,7031,3889261,725,308792,10254,1033222,0.122892,14026,4032758,0.479659,11119,5065980,0.602551,8407551
2,2021-05-24,44751,8772073,25413,4554682,17570,3906831,1768,310560,17161,1025123,0.121929,27369,4060127,0.482914,19270,5085250,0.604843,8407551
2,2021-05-25,50720,8822793,29685,4584367,19170,3926001,1865,312425,19251,1015616,0.120798,31161,4091288,0.486621,21654,5106904,0.607419,8407551
2,2021-05-26,48663,8871456,27241,4611608,19736,3945737,1686,314111,18977,1007265,0.119805,29356,4120644,0.490112,21005,5127909,0.609917,8407551
2,2021-05-27,46535,8917991,26361,4637969,18437,3964174,1737,315848,18552,1000318,0.118979,27738,4148382,0.493411,20791,5148700,0.61239,8407551
2,2021-05-28,49986,8967977,27601,4665570,20410,3984584,1975,317823,20963,994922,0.118337,28762,4177144,0.496832,23366,5172066,0.615169,8407551
2,2021-05-29,28960,8996937,17350,4682920,10552,3995136,1058,318881,13237,993821,0.118206,15566,4192710,0.498684,14465,5186531,0.61689,8407551
2,2021-05-30,12651,9009588,8149,4691069,3737,3998873,765,319646,5524,993104,0.11812,7072,4199782,0.499525,6355,5192886,0.617645,8407551
2,2021-05-31,5878,9015466,3434,4694503,2141,4001014,303,319949,1822,991282,0.117904,3996,4203778,0.5,2174,5195060,0.617904,8407551
2,2021-06-01,44726,9060192,25682,4720185,17382,4018396,1662,321611,15562,980019,0.116564,28864,4232642,0.503433,17601,5212661,0.619998,8407551
2,2021-06-02,38177,9098369,22461,4742646,14308,4032704,1408,323019,14933,973679,0.11581,22982,4255624,0.506167,16642,5229303,0.621977,8407551
2,2021-06-03,41349,9139718,26616,4769262,13267,4045971,1466,324485,13906,962230,0.114448,27204,4282828,0.509403,15755,5245058,0.623851,8407551
2,2021-06-04,47973,9187691,31333,4800595,15101,4061072,1539,326024,15498,947613,0.11271,32177,4315005,0.51323,17560,5262618,0.625939,8407551
2,2021-06-05,37838,9225529,26978,4827573,9396,4070468,1464,327488,11808,935500,0.111269,25803,4340808,0.516299,13690,5276308,0.627568,8407551
2,2021-06-06,14893,9240422,12218,4839791,2096,4072564,579,328067,4669,930778,0.110707,10159,4350967,0.517507,5437,5281745,0.628214,8407551
2,2021-06-07,33238,9273660,23250,4863041,8714,4081278,1274,329341,10784,920775,0.109518,22306,4373273,0.52016,12303,5294048,0.629678,8407551
2,2021-06-08,40592,9314252,28727,4891768,10494,4091772,1371,330712,12457,907088,0.10789,27887,4401160,0.523477,14200,5308248,0.631367,8407551
2,2021-06-09,38114,9352366,26606,4918374,10012,4101784,1496,332208,11523,894032,0.106337,26398,4427558,0.526617,13342,5321590,0.632954,8407551
2,2021-06-10,37733,9390099,26232,4944606,9976,4111760,1525,333733,11585,881666,0.104866,25947,4453505,0.529703,13581,5335171,0.634569,8407551
2,2021-06-11,41218,9431317,27346,4971952,12205,4123965,1667,335400,13206,869088,0.10337,27748,4481253,0.533003,15170,5350341,0.636373,8407551
2,2021-06-12,29369,9460686,21604,4993556,6853,4130818,912,336312,8662,858315,0.102089,20569,4501822,0.53545,9796,5360137,0.637538,8407551
2,2021-06-13,12208,9472894,8911,5002467,2679,4133497,618,336930,3102,853160,0.101475,9042,4510864,0.536525,3887,5364024,0.638001,8407551
2,2021-06-14,29850,9502744,21180,5023647,7475,4140972,1195,338125,10344,845567,0.100572,19339,4530203,0.538826,11746,5375770,0.639398,8407551
2,2021-06-15,35509,9538253,23627,5047274,9837,4150809,2045,340170,11931,836577,0.099503,23341,4553544,0.541602,14351,5390121,0.641105,8407551
2,2021-06-16,32884,9571137,22669,5069943,8426,4159235,1789,341959,11300,828563,0.09855,21414,4574958,0.544149,13400,5403521,0.642699,8407551
2,2021-06-17,30775,9601912,20543,5090486,8438,4167673,1794,343753,10875,821713,0.097735,19725,4594683,0.546495,12875,5416396,0.64423,8407551
2,2021-06-18,34663,9636575,22840,5113326,9953,4177626,1870,345623,12643,814682,0.096899,21800,4616483,0.549088,14769,5431165,0.645987,8407551
2,2021-06-19,20900,9657475,14548,5127874,5094,4182720,1258,346881,7901,811195,0.096484,12839,4629322,0.550615,9352,5440517,0.647099,8407551
2,2021-06-20,8266,9665741,5907,5133781,1895,4184615,464,347345,3058,809618,0.096297,5166,4634488,0.551229,3589,5444106,0.647526,8407551
2,2021-06-21,19293,9685034,11806,5145587,6170,4190785,1317,348662,9864,811667,0.09654,9313,4643801,0.552337,11362,5455468,0.648877,8407551
2,2021-06-22,26834,9711868,18378,5163965,7083,4197868,1373,350035,10523,807689,0.096067,16146,4659947,0.554257,12168,5467636,0.650324,8407551
2,2021-06-23,25856,9737724,17854,5181819,6385,4204253,1617,351652,10533,804951,0.095741,15181,4675128,0.556063,12443,5480079,0.651804,8407551
2,2021-06-24,25289,9763013,17209,5199028,6567,4210820,1513,353165,10445,802439,0.095443,14697,4689825,0.557811,12185,5492264,0.653254,8407551
2,2021-06-25,28642,9791655,19420,5218448,7741,4218561,1481,354646,11970,799605,0.095106,16512,4706337,0.559775,13678,5505942,0.654881,8407551
2,2021-06-26,18474,9810129,13613,5232061,3935,4222496,926,355572,7524,797437,0.094848,10863,4717200,0.561067,8695,5514637,0.655915,8407551
2,2021-06-27,8764,9818893,6688,5238749,1630,4224126,446,356018,3513,796317,0.094715,5202,4722402,0.561686,4082,5518719,0.6564,8407551
2,2021-06-28,19705,9838598,14968,5253717,3497,4227623,1240,357258,8676,795523,0.09462,10898,4733300,0.562982,10104,5528823,0.657602,8407551
2,2021-06-29,22584,9861182,15739,5269456,5772,4233395,1073,358331,9610,793602,0.094392,12840,4746140,0.564509,10919,5539742,0.658901,8407551
2,2021-06-30,21830,9883012,15479,5284935,5329,4238724,1022,359353,9717,792593,0.094272,11976,4758116,0.565934,10967,5550709,0.660205,8407551
2,2021-07-01,19701,9902713,13924,5298859,4904,4243628,873,360226,8753,791593,0.094153,10829,4768945,0.567222,9829,5560538,0.661374,8407551
2,2021-07-02,22635,9925348,15615,5314474,5997,4249625,1023,361249,9988,790311,0.094,12491,4781436,0.568707,11209,5571747,0.662707,8407551
2,2021-07-03,12424,9937772,8959,5323433,2996,4252621,469,361718,5674,789916,0.093953,6658,4788094,0.569499,6263,5578010,0.663452,8407551
2,2021-07-04,986,9938758,581,5324014,338,4252959,67,361785,421,789873,0.093948,554,4788648,0.569565,511,5578521,0.663513,8407551
2,2021-07-05,10971,9949729,8027,5332041,2536,4255495,408,362193,5038,789571,0.093912,5874,4794522,0.570264,5572,5584093,0.664176,8407551
2,2021-07-06,23493,9973222,17090,5349131,5435,4260930,968,363161,9084,785629,0.093443,14270,4808792,0.571961,10328,5594421,0.665404,8407551
2,2021-07-07,20400,9993622,14552,5363683,4753,4265683,1095,364256,8662,784047,0.093255,11603,4820395,0.573341,10021,5604442,0.666596,8407551
2,2021-07-08,18986,10012608,13227,5376910,4734,4270417,1025,365281,8013,782422,0.093062,10870,4831265,0.574634,9245,5613687,0.667696,8407551
2,2021-07-09,22300,10034908,15444,5392354,5630,4276047,1226,366507,9423,780535,0.092837,12743,4844008,0.57615,10856,5624543,0.668987,8407551
2,2021-07-10,14085,10048993,10385,5402739,3014,4279061,686,367193,6168,779721,0.092741,7824,4851832,0.57708,7010,5631553,0.669821,8407551
2,2021-07-11,6532,10055525,4797,5407536,1386,4280447,349,367542,3080,779811,0.092751,3407,4855239,0.577486,3497,5635050,0.670237,8407551
2,2021-07-12,18076,10073601,13285,5420821,3927,4284374,864,368406,7777,778468,0.092592,10189,4865428,0.578697,8846,5643896,0.671289,8407551
2,2021-07-13,19308,10092909,13621,5434442,4807,4289181,880,369286,8634,777644,0.092494,10534,4875962,0.57995,9710,5653606,0.672444,8407551
2,2021-07-14,18450,10111359,13178,5447620,4497,4293678,775,370061,8239,776770,0.09239,10093,4886055,0.581151,9219,5662825,0.67354,8407551
2,2021-07-15,18593,10129952,13506,5461126,4407,4298085,680,370741,8456,776092,0.092309,10026,4896081,0.582343,9348,5672173,0.674652,8407551
2,2021-07-16,22515,10152467,16209,5477335,5486,4303571,820,371561,10765,776262,0.092329,11620,4907701,0.583725,11790,5683963,0.676055,8407551
2,2021-07-17,14152,10166619,10323,5487658,3321,4306892,508,372069,6851,776540,0.092362,7212,4914913,0.584583,7490,5691453,0.676945,8407551
2,2021-07-18,6951,10173570,5193,5492851,1434,4308326,324,372393,3523,777071,0.092425,3385,4918298,0.584986,3916,5695369,0.677411,8407551
2,2021-07-19,18188,10191758,13562,5506413,3900,4312226,726,373119,9025,777960,0.092531,9050,4927348,0.586062,9939,5705308,0.678593,8407551
2,2021-07-20,20528,10212286,14638,5521051,5067,4317293,823,373942,10399,779399,0.092702,10000,4937348,0.587252,11439,5716747,0.679954,8407551
2,2021-07-21,20063,10232349,14594,5535645,4715,4322008,754,374696,10391,781191,0.092915,9546,4946894,0.588387,11338,5728085,0.681302,8407551
2,2021-07-22,19996,10252345,14286,5549931,4872,4326880,838,375534,10697,783740,0.093219,9155,4956049,0.589476,11704,5739789,0.682695,8407551
2,2021-07-23,23894,10276239,16737,5566668,6138,4333018,1019,376553,13039,787275,0.093639,10709,4966758,0.59075,14244,5754033,0.684389,8407551
2,2021-07-24,14570,10290809,10505,5577173,3574,4336592,491,377044,8135,789679,0.093925,6330,4973088,0.591503,8734,5762767,0.685428,8407551
2,2021-07-25,6575,10297384,4824,5581997,1615,4338207,136,377180,4861,793043,0.094325,1672,4974760,0.591701,5036,5767803,0.686027,8407551
2,2021-07-26,18586,10315970,13134,5595131,4704,4342911,748,377928,11772,798985,0.095032,6698,4981458,0.592498,12640,5780443,0.68753,8407551
2,2021-07-27,22191,10338161,16048,5611179,5313,4348224,830,378758,13011,803936,0.095621,9033,4990491,0.593572,13984,5794427,0.689193,8407551
2,2021-07-28,22076,10360237,15823,5627002,5384,4353608,869,379627,13074,809203,0.096247,8850,4999341,0.594625,14117,5808544,0.690872,8407551
2,2021-07-29,20436,10380673,14764,5641766,4863,4358471,809,380436,12384,814607,0.09689,7925,5007266,0.595568,13329,5821873,0.692458,8407551
2,2021-07-30,16383,10397056,11706,5653472,3971,4362442,706,381142,9620,818437,0.097345,6633,5013899,0.596357,10463,5832336,0.693702,8407551
3,2020-12-15,321,321,321,321,0,0,0,0,321,321,3.9e-05,0,0,0.0,321,321,3.9e-05,8129050
3,2020-12-16,2461,2782,2461,2782,0,0,0,0,2462,2783,0.000342,0,0,0.0,2462,2783,0.000342,8129050
3,2020-12-17,7848,10630,7848,10630,0,0,0,0,7848,10631,0.001308,0,0,0.0,7848,10631,0.001308,8129050
3,2020-12-18,13448,24078,13430,24060,18,18,0,0,13447,24078,0.002962,0,0,0.0,13447,24078,0.002962,8129050
3,2020-12-19,7266,31344,7253,31313,13,31,0,0,7329,31407,0.003864,0,0,0.0,7329,31407,0.003864,8129050
3,2020-12-20,5669,37013,5660,36973,9,40,0,0,5716,37122,0.004567,1,1,0.0,5716,37123,0.004567,8129050
3,2020-12-21,14385,51398,14359,51332,26,66,0,0,14449,51570,0.006344,1,2,0.0,14449,51572,0.006344,8129050
3,2020-12-22,14843,66241,14264,65596,579,645,0,0,14880,66447,0.008174,3,5,1e-06,14880,66452,0.008175,8129050
3,2020-12-23,14843,81084,12242,77838,2601,3246,0,0,14859,81305,0.010002,2,7,1e-06,14860,81312,0.010003,8129050
3,2020-12-24,6788,87872,4869,82707,1919,5165,0,0,6785,88088,0.010836,2,9,1e-06,6785,88097,0.010837,8129050
3,2020-12-25,724,88596,666,83373,58,5223,0,0,722,88810,0.010925,0,9,1e-06,722,88819,0.010926,8129050
3,2020-12-26,4623,93219,2999,86372,1624,6847,0,0,4621,93431,0.011493,0,9,1e-06,4621,93440,0.011495,8129050
3,2020-12-27,2986,96205,1856,88228,1130,7977,0,0,2986,96417,0.011861,0,9,1e-06,2986,96426,0.011862,8129050
3,2020-12-28,13643,109848,8726,96954,4917,12894,0,0,13668,110084,0.013542,1,10,1e-06,13668,110094,0.013543,8129050
3,2020-12-29,15044,124892,8469,105423,6575,19469,0,0,15071,125153,0.015396,2,12,1e-06,15071,125165,0.015397,8129050
3,2020-12-30,18060,142952,10071,115494,7989,27458,0,0,18065,143217,0.017618,2,14,2e-06,18066,143231,0.01762,8129050
3,2020-12-31,8458,151410,3247,118741,5211,32669,0,0,8457,151672,0.018658,2,16,2e-06,8457,151688,0.01866,8129050
3,2021-01-01,1588,152998,754,119495,834,33503,0,0,1585,153256,0.018853,1,17,2e-06,1585,153273,0.018855,8129050
3,2021-01-02,4941,157939,2424,121919,2517,36020,0,0,4941,158197,0.019461,0,17,2e-06,4941,158214,0.019463,8129050
3,2021-01-03,1618,159557,850,122769,768,36788,0,0,1609,159804,0.019658,2,19,2e-06,1609,159823,0.019661,8129050
3,2021-01-04,12056,171613,5973,128742,6083,42871,0,0,12027,171823,0.021137,8,27,3e-06,12027,171850,0.02114,8129050
3,2021-01-05,15749,187362,8154,136896,7595,50466,0,0,14075,184268,0.022668,1659,1686,0.000207,14104,185954,0.022875,8129050
3,2021-01-06,20625,207987,10911,147807,9714,60180,0,0,16068,195834,0.024091,4511,6197,0.000762,16077,202031,0.024853,8129050
3,2021-01-07,26670,234657,15245,163052,11425,71605,0,0,17192,203602,0.025046,9441,15638,0.001924,17209,219240,0.02697,8129050
3,2021-01-08,30695,265352,18755,181807,11940,83545,0,0,18202,209357,0.025754,12470,28108,0.003458,18225,237465,0.029212,8129050
3,2021-01-09,12467,277819,7049,188856,5418,88963,0,0,7932,212770,0.026174,4528,32636,0.004015,7941,245406,0.030189,8129050
3,2021-01-10,7229,285048,4486,193342,2743,91706,0,0,4071,213691,0.026287,3156,35792,0.004403,4077,249483,0.03069,8129050
3,2021-01-11,29170,314218,19097,212439,10073,101779,0,0,16509,217592,0.026767,12654,48446,0.00596,16555,266038,0.032727,8129050
3,2021-01-12,32645,346863,19496,231935,13149,114928,0,0,19995,225107,0.027692,12628,61074,0.007513,20143,286181,0.035205,8129050
3,2021-01-13,34587,381450,18052,249987,16535,131463,0,0,24356,239268,0.029434,10216,71290,0.00877,24377,310558,0.038203,8129050
3,2021-01-14,34779,416229,14221,264208,20558,152021,0,0,28847,262262,0.032262,5891,77181,0.009494,28885,339443,0.041757,8129050
3,2021-01-15,39024,455253,14453,278661,24571,176592,0,0,34334,291997,0.03592,4671,81852,0.010069,34406,373849,0.045989,8129050
3,2021-01-16,21799,477052,7432,286093,14367,190959,0,0,19463,309156,0.038031,2325,84177,0.010355,19484,393333,0.048386,8129050
3,2021-01-17,13158,490210,4462,290555,8696,199655,0,0,12116,320251,0.039396,1041,85218,0.010483,12136,405469,0.049879,8129050
3,2021-01-18,24809,515019,12962,303517,11847,211502,0,0,19192,333881,0.041073,5605,90823,0.011173,19235,424704,0.052245,8129050
3,2021-01-19,41147,556166,20902,324419,20245,231747,0,0,32011,356879,0.043902,9100,99923,0.012292,32098,456802,0.056194,8129050
3,2021-01-20,46252,602418,23040,347459,23212,254959,0,0,36667,384092,0.047249,9538,109461,0.013465,36751,493553,0.060715,8129050
3,2021-01-21,48126,650544,20877,368336,27249,282208,0,0,42599,421310,0.051828,5459,114920,0.014137,42677,536230,0.065965,8129050
3,2021-01-22,49839,700383,19856,388192,29983,312191,0,0,45605,462783,0.05693,4205,119125,0.014654,45678,581908,0.071584,8129050
3,2021-01-23,30385,730768,12804,400996,17581,329772,0,0,27084,486629,0.059863,3293,122418,0.015059,27139,609047,0.074922,8129050
3,2021-01-24,17902,748670,8494,409490,9408,339180,0,0,16712,502185,0.061777,1187,123605,0.015205,16743,625790,0.076982,8129050
3,2021-01-25,40918,789588,18235,427725,22683,361863,0,0,30915,523215,0.064364,9975,133580,0.016432,31005,656795,0.080796,8129050
3,2021-01-26,47421,837009,22635,450360,24786,386649,0,0,37219,550370,0.067704,10169,143749,0.017683,37324,694119,0.085387,8129050
3,2021-01-27,51551,888560,24542,474902,27009,413658,0,0,40860,580692,0.071434,10620,154369,0.01899,40942,735061,0.090424,8129050
3,2021-01-28,52023,940583,24134,499036,27889,441547,0,0,43055,614923,0.075645,8883,163252,0.020083,43114,778175,0.095728,8129050
3,2021-01-29,51122,991705,24522,523558,26600,468147,0,0,41335,646699,0.079554,9609,172861,0.021265,41385,819560,0.100819,8129050
3,2021-01-30,37420,1029125,17759,541317,19661,487808,0,0,32691,674802,0.083011,4674,177535,0.02184,32777,852337,0.104851,8129050
3,2021-01-31,22498,1051623,12795,554112,9703,497511,0,0,21074,694488,0.085433,1409,178944,0.022013,21095,873432,0.107446,8129050
3,2021-02-01,46007,1097630,21037,575149,24970,522481,0,0,35062,718689,0.08841,10894,189838,0.023353,35095,908527,0.111763,8129050
3,2021-02-02,54582,1152212,22766,597915,31816,554297,0,0,42082,748418,0.092067,12404,202242,0.024879,42133,950660,0.116946,8129050
3,2021-02-03,60185,1212397,26711,624626,33474,587771,0,0,44744,777924,0.095697,15311,217553,0.026762,44817,995477,0.122459,8129050
3,2021-02-04,64539,1276936,27927,652553,36612,624383,0,0,47249,808193,0.09942,17094,234647,0.028865,47363,1042840,0.128286,8129050
3,2021-02-05,70510,1347446,29795,682348,40715,665098,0,0,48674,835457,0.102774,21592,256239,0.031521,48856,1091696,0.134296,8129050
3,2021-02-06,43743,1391189,20971,703319,22772,687870,0,0,34077,860097,0.105805,9620,265859,0.032705,34260,1125956,0.13851,8129050
3,2021-02-07,19757,1410946,12564,715883,7193,695063,0,0,15158,870801,0.107122,4580,270439,0.033268,15284,1141240,0.14039,8129050
3,2021-02-08,51609,1462555,24944,740827,26665,721728,0,0,33817,887157,0.109134,17652,288091,0.03544,34008,1175248,0.144574,8129050
3,2021-02-09,58879,1521434,28513,769340,30366,752094,0,0,34427,897758,0.110438,24174,312265,0.038413,34775,1210023,0.148852,8129050
3,2021-02-10,68481,1589915,31873,801213,36608,788702,0,0,36701,903484,0.111143,31483,343748,0.042286,37209,1247232,0.153429,8129050
3,2021-02-11,70880,1660795,34865,836078,36015,824717,0,0,37646,908785,0.111795,32887,376635,0.046332,38188,1285420,0.158127,8129050
3,2021-02-12,75798,1736593,32691,868769,43107,867824,0,0,41753,917578,0.112876,33734,410369,0.050482,42527,1327947,0.163358,8129050
3,2021-02-13,45303,1781896,20524,889293,24779,892603,0,0,26071,925116,0.113804,19116,429485,0.052833,26654,1354601,0.166637,8129050
3,2021-02-14,27446,1809342,13722,903015,13724,906327,0,0,15226,928637,0.114237,12158,441643,0.054329,15679,1370280,0.168566,8129050
3,2021-02-15,40332,1849674,17365,920380,22967,929294,0,0,22267,933891,0.114883,17954,459597,0.056538,23208,1393488,0.171421,8129050
3,2021-02-16,70537,1920211,33377,953757,37160,966454,0,0,36599,937731,0.115356,33790,493387,0.060694,37630,1431118,0.17605,8129050
3,2021-02-17,72396,1992607,36566,990323,35830,1002284,0,0,34274,935196,0.115044,37882,531269,0.065354,35347,1466465,0.180398,8129050
3,2021-02-18,77497,2070104,40474,1030797,37023,1039307,0,0,35804,930851,0.114509,41493,572762,0.070459,37148,1503613,0.184968,8129050
3,2021-02-19,69595,2139699,40109,1070906,29486,1068793,0,0,35099,932321,0.11469,34328,607090,0.074682,35798,1539411,0.189372,8129050
3,2021-02-20,43219,2182918,27314,1098220,15905,1084698,0,0,22549,934827,0.114998,20547,627637,0.077209,23053,1562464,0.192207,8129050
3,2021-02-21,24292,2207210,19530,1117750,4762,1089460,0,0,11822,934668,0.114979,12373,640010,0.078731,12214,1574678,0.19371,8129050
3,2021-02-22,47574,2254784,30963,1148713,16611,1106071,0,0,22219,932165,0.114671,25205,665215,0.081832,22702,1597380,0.196503,8129050
3,2021-02-23,63607,2318391,34553,1183266,29054,1135125,0,0,27696,926174,0.113934,35680,700895,0.086221,29689,1627069,0.200155,8129050
3,2021-02-24,79857,2398248,39234,1222500,40623,1175748,0,0,35254,919607,0.113126,44341,745236,0.091676,37774,1664843,0.204802,8129050
3,2021-02-25,89543,2487791,43585,1266085,45958,1221706,0,0,44547,922073,0.113429,44682,789918,0.097172,47148,1711991,0.210602,8129050
3,2021-02-26,100579,2588370,46014,1312099,54565,1276271,0,0,53074,930286,0.11444,47070,836988,0.102963,55283,1767274,0.217402,8129050
3,2021-02-27,71347,2659717,32781,1344880,38562,1314833,4,4,37675,935852,0.115124,33427,870415,0.107075,38993,1806267,0.222199,8129050
3,2021-02-28,41564,2701281,24007,1368887,17553,1332386,4,8,21323,938098,0.115401,20034,890449,0.109539,22280,1828547,0.22494,8129050
3,2021-03-01,70036,2771317,37173,1406060,32824,1365210,39,47,38859,947420,0.116547,30923,921372,0.113343,40245,1868792,0.229891,8129050
3,2021-03-02,81093,2852410,39998,1446058,41087,1406297,8,55,46745,962075,0.11835,34179,955551,0.117548,48834,1917626,0.235898,8129050
3,2021-03-03,91245,2943655,43648,1489706,47574,1453871,23,78,50906,975187,0.119963,40093,995644,0.12248,53205,1970831,0.242443,8129050
3,2021-03-04,95367,3039022,46600,1536306,48746,1502617,21,99,53918,990217,0.121812,41190,1036834,0.127547,56220,2027051,0.249359,8129050
3,2021-03-05,91779,3130801,44923,1581229,46563,1549180,293,392,55818,1012890,0.124601,35679,1072513,0.131936,58352,2085403,0.256537,8129050
3,2021-03-06,66143,3196944,33509,1614738,30473,1579653,2161,2553,37744,1026017,0.126216,28240,1100753,0.13541,41367,2126770,0.261626,8129050
3,2021-03-07,39250,3236194,22690,1637428,14663,1594316,1897,4450,22066,1034042,0.127203,17100,1117853,0.137513,25125,2151895,0.264717,8129050
3,2021-03-08,60203,3296397,28695,1666123,28503,1622819,3005,7455,38081,1054704,0.129745,21954,1139807,0.140214,42616,2194511,0.269959,8129050
3,2021-03-09,77460,3373857,35768,1701891,37206,1660025,4486,11941,41581,1066187,0.131158,35723,1175530,0.144609,47206,2241717,0.275766,8129050
3,2021-03-10,83350,3457207,41482,1743373,35733,1695758,6135,18076,43530,1077642,0.132567,39583,1215113,0.149478,51038,2292755,0.282045,8129050
3,2021-03-11,97633,3554840,47678,1791051,41301,1737059,8654,26730,47848,1085699,0.133558,49494,1264607,0.155566,57551,2350306,0.289124,8129050
3,2021-03-12,102363,3657203,45575,1836626,44876,1781935,11912,38642,46946,1090497,0.134148,55162,1319769,0.162352,59960,2410266,0.2965,8129050
3,2021-03-13,70762,3727965,29778,1866404,33694,1815629,7290,45932,37395,1103291,0.135722,33224,1352993,0.166439,46018,2456284,0.302161,8129050
3,2021-03-14,41413,3769378,21630,1888034,16218,1831847,3565,49497,20848,1107847,0.136282,20475,1373468,0.168958,25031,2481315,0.30524,8129050
3,2021-03-15,76019,3845397,36048,1924082,35402,1867249,4569,54066,40023,1117673,0.137491,35752,1409220,0.173356,45578,2526893,0.310847,8129050
3,2021-03-16,95421,3940818,43997,1968079,47082,1914331,4342,58408,53651,1135054,0.139629,41508,1450728,0.178462,58889,2585782,0.318092,8129050
3,2021-03-17,98732,4039550,47966,2016045,46209,1960540,4557,62965,59916,1161604,0.142895,38561,1489289,0.183206,65111,2650893,0.326101,8129050
3,2021-03-18,104069,4143619,52898,2068943,46639,2007179,4532,67497,59639,1182193,0.145428,44116,1533405,0.188633,64705,2715598,0.334061,8129050
3,2021-03-19,103631,4247250,55565,2124508,43589,2050768,4477,71974,57611,1199094,0.147507,45723,1579128,0.194257,62624,2778222,0.341765,8129050
3,2021-03-20,72194,4319444,37214,2161722,31310,2082078,3670,75644,44429,1220141,0.150096,27548,1606676,0.197646,48595,2826817,0.347743,8129050
3,2021-03-21,36409,4355853,24751,2186473,10149,2092227,1509,77153,21857,1229542,0.151253,14441,1621117,0.199423,23842,2850659,0.350676,8129050
3,2021-03-22,70818,4426671,41633,2228106,26656,2118883,2529,79682,45021,1252561,0.154085,25543,1646660,0.202565,48562,2899221,0.356649,8129050
3,2021-03-23,90190,4516861,49902,2278008,37743,2156626,2545,82227,55136,1276172,0.156989,34769,1681429,0.206842,58380,2957601,0.363831,8129050
3,2021-03-24,99238,4616099,57096,2335104,39207,2195833,2935,85162,56203,1293257,0.159091,42652,1724081,0.212089,59737,3017338,0.37118,8129050
3,2021-03-25,107899,4723998,59908,2395012,45007,2240840,2984,88146,60567,1310470,0.161208,46972,1771053,0.217867,64185,3081523,0.379075,8129050
3,2021-03-26,111228,4835226,59660,2454672,48216,2289056,3352,91498,57072,1317937,0.162127,53794,1824847,0.224485,61261,3142784,0.386611,8129050
3,2021-03-27,75006,4910232,38115,2492787,34334,2323390,2557,94055,36133,1318671,0.162217,38618,1863465,0.229235,39352,3182136,0.391452,8129050
3,2021-03-28,44580,4954812,28085,2520872,15681,2339071,814,94869,22410,1320492,0.162441,22043,1885508,0.231947,23864,3206000,0.394388,8129050
3,2021-03-29,81008,5035820,42303,2563175,36844,2375915,1861,96730,44161,1330755,0.163704,36570,1922078,0.236446,46833,3252833,0.400149,8129050
3,2021-03-30,100701,5136521,49491,2612666,47560,2423475,3650,100380,56211,1346994,0.165701,44221,1966299,0.241885,60460,3313293,0.407587,8129050
3,2021-03-31,105384,5241905,56842,2669508,43677,2467152,4865,105245,56073,1359201,0.167203,49049,2015348,0.247919,61256,3374549,0.415122,8129050
3,2021-04-01,124104,5366009,62742,2732250,51576,2518728,9786,115031,66690,1378978,0.169636,56976,2072324,0.254928,76753,3451302,0.424564,8129050
3,2021-04-02,118227,5484236,57694,2789944,50166,2568894,10367,125398,62207,1396307,0.171768,55704,2128028,0.261781,73033,3524335,0.433548,8129050
3,2021-04-03,76299,5560535,39035,2828979,28005,2596899,9259,134657,37869,1405452,0.172893,38270,2166298,0.266488,47415,3571750,0.439381,8129050
3,2021-04-04,32494,5593029,17387,2846366,10876,2607775,4231,138888,14177,1405641,0.172916,18236,2184534,0.268732,18425,3590175,0.441648,8129050
3,2021-04-05,89758,5682787,45572,2891938,34922,2642697,9264,148152,43532,1413257,0.173853,45981,2230515,0.274388,53597,3643772,0.448241,8129050
3,2021-04-06,113816,5796603,55337,2947275,43242,2685939,15237,163389,53333,1422318,0.174967,60187,2290702,0.281792,69248,3713020,0.456759,8129050
3,2021-04-07,116607,5913210,60304,3007579,39957,2725896,16346,179735,56172,1434924,0.176518,60155,2350857,0.289192,72761,3785781,0.46571,8129050
3,2021-04-08,121696,6034906,60581,3068160,40899,2766795,20216,199951,56289,1447088,0.178014,65077,2415934,0.297198,77241,3863022,0.475212,8129050
3,2021-04-09,118911,6153817,59212,3127372,40483,2807278,19216,219167,52138,1452803,0.178717,66502,2482436,0.305378,72217,3935239,0.484096,8129050
3,2021-04-10,84630,6238447,37939,3165311,31363,2838641,15328,234495,34355,1453204,0.178767,50073,2532509,0.311538,50474,3985713,0.490305,8129050
3,2021-04-11,45410,6283857,24323,3189634,13054,2851695,8033,242528,17236,1451212,0.178522,28073,2560582,0.314992,26081,4011794,0.493513,8129050
3,2021-04-12,84195,6368052,42527,3232161,32824,2884519,8844,251372,38017,1453226,0.178769,45924,2606506,0.320641,47938,4059732,0.49941,8129050
3,2021-04-13,105834,6473886,57289,3289450,48336,2932855,209,251581,55683,1460118,0.179617,49885,2656391,0.326778,56777,4116509,0.506395,8129050
3,2021-04-14,107890,6581776,58956,3348406,48831,2981686,103,251684,53577,1461232,0.179754,54003,2710394,0.333421,55117,4171626,0.513175,8129050
3,2021-04-15,119582,6701358,67205,3415611,52298,3033984,79,251763,63669,1470219,0.18086,55568,2765962,0.340256,64555,4236181,0.521116,8129050
3,2021-04-16,115864,6817222,64949,3480560,50822,3084806,93,251856,60289,1476021,0.181574,55248,2821210,0.347053,61050,4297231,0.528626,8129050
3,2021-04-17,79734,6896956,43422,3523982,36298,3121104,14,251870,44332,1486181,0.182823,35155,2856365,0.351377,45315,4342546,0.534201,8129050
3,2021-04-18,38847,6935803,23429,3547411,15411,3136515,7,251877,18192,1484724,0.182644,20529,2876894,0.353903,19072,4361618,0.536547,8129050
3,2021-04-19,79406,7015209,44166,3591577,35184,3171699,56,251933,35683,1477465,0.181751,43505,2920399,0.359255,36246,4397864,0.541006,8129050
3,2021-04-20,101145,7116354,53197,3644774,47930,3219629,18,251951,48865,1475367,0.181493,52005,2972404,0.365652,49907,4447771,0.547145,8129050
3,2021-04-21,106177,7222531,59620,3704394,46484,3266113,73,252024,50025,1470780,0.180929,55768,3028172,0.372512,51181,4498952,0.553441,8129050
3,2021-04-22,112338,7334869,63094,3767488,49217,3315330,27,252051,48201,1456198,0.179135,63767,3091939,0.380357,49185,4548137,0.559492,8129050
3,2021-04-23,106695,7441564,61015,3828503,45650,3360980,30,252081,46724,1444369,0.17768,59593,3151532,0.387688,47764,4595901,0.565368,8129050
3,2021-04-24,74192,7515756,45815,3874318,28305,3389285,72,252153,36079,1443694,0.177597,37820,3189352,0.39234,37145,4633046,0.569937,8129050
3,2021-04-25,37051,7552807,23649,3897967,13385,3402670,17,252170,18901,1445024,0.177761,17995,3207347,0.394554,19325,4652371,0.572314,8129050
3,2021-04-26,74256,7627063,41996,3939963,31852,3434522,408,252578,31688,1436181,0.176673,42283,3249630,0.399755,33440,4685811,0.576428,8129050
3,2021-04-27,91427,7718490,47972,3987935,41706,3476228,1749,254327,36255,1420102,0.174695,54850,3304480,0.406503,38771,4724582,0.581197,8129050
3,2021-04-28,87111,7805601,49501,4037436,35465,3511693,2145,256472,35552,1407079,0.173093,51246,3355726,0.412807,38223,4762805,0.585899,8129050
3,2021-04-29,89404,7895005,51100,4088536,36082,3547775,2222,258694,31891,1384517,0.170317,57163,3412889,0.419839,34601,4797406,0.590156,8129050
3,2021-04-30,91080,7986085,51388,4139924,37207,3584982,2485,261179,33923,1364611,0.167868,56779,3469668,0.426823,36873,4834279,0.594692,8129050
3,2021-05-01,55536,8041621,34849,4174773,19210,3604192,1477,262656,20004,1351324,0.166234,35259,3504927,0.431161,21972,4856251,0.597395,8129050
3,2021-05-02,27041,8068662,18470,4193243,7554,3611746,1017,263673,9905,1345315,0.165495,17027,3521954,0.433255,11018,4867269,0.59875,8129050
3,2021-05-03,60044,8128706,35234,4228477,22432,3634178,2378,266051,17565,1323202,0.162774,42239,3564193,0.438451,20126,4887395,0.601226,8129050
3,2021-05-04,77886,8206592,45028,4273505,30169,3664347,2689,268740,22657,1293905,0.159171,54924,3619117,0.445208,25627,4913022,0.604378,8129050
3,2021-05-05,79385,8285977,47679,4321184,28996,3693343,2710,271450,22048,1261962,0.155241,56986,3676103,0.452218,25043,4938065,0.607459,8129050
3,2021-05-06,83715,8369692,52984,4374168,28198,3721541,2533,273983,20749,1223313,0.150487,62477,3738580,0.459904,23828,4961893,0.61039,8129050
3,2021-05-07,82616,8452308,51475,4425643,28510,3750051,2631,276614,21922,1187832,0.146122,60327,3798907,0.467325,24846,4986739,0.613447,8129050
3,2021-05-08,52627,8504935,32598,4458241,18310,3768361,1719,278333,13942,1165348,0.143356,38406,3837313,0.472049,15922,5002661,0.615405,8129050
3,2021-05-09,20996,8525931,15341,4473582,4867,3773228,788,279121,5529,1156361,0.14225,15370,3852683,0.47394,6383,5009044,0.616191,8129050
3,2021-05-10,48250,8574181,25925,4499507,20409,3793637,1916,281037,11204,1132909,0.139365,36834,3889517,0.478471,13382,5022426,0.617837,8129050
3,2021-05-11,64214,8638395,35956,4535463,26035,3819672,2223,283260,16174,1103987,0.135808,47785,3937302,0.48435,18863,5041289,0.620157,8129050
3,2021-05-12,64910,8703305,37283,4572746,25227,3844899,2400,285660,16588,1075214,0.132268,48059,3985361,0.490262,19286,5060575,0.62253,8129050
3,2021-05-13,75451,8778756,47543,4620289,25996,3870895,1912,287572,27574,1057685,0.130112,47625,4032986,0.49612,30096,5090671,0.626232,8129050
3,2021-05-14,80399,8859155,50798,4671087,27465,3898360,2136,289708,31148,1042614,0.128258,48954,4081940,0.502142,33883,5124554,0.6304,8129050
3,2021-05-15,62149,8921304,42876,4713963,18064,3916424,1209,290917,25704,1033507,0.127137,36238,4118178,0.5066,27131,5151685,0.633738,8129050
3,2021-05-16,33164,8954468,24794,4738757,7679,3924103,691,291608,13383,1028011,0.126461,19657,4137835,0.509018,14161,5165846,0.63548,8129050
3,2021-05-17,56911,9011379,36261,4775018,18812,3942915,1838,293446,20976,1015370,0.124906,35659,4173494,0.513405,23018,5188864,0.638311,8129050
3,2021-05-18,64507,9075886,38074,4813092,24574,3967489,1859,295305,24229,1001857,0.123244,39997,4213491,0.518325,26484,5215348,0.641569,8129050
3,2021-05-19,63886,9139772,38838,4851930,23304,3990793,1744,297049,24725,989689,0.121747,38909,4252400,0.523112,26741,5242089,0.644859,8129050
3,2021-05-20,61714,9201486,36107,4888037,23767,4014560,1840,298889,22157,974751,0.11991,39274,4291674,0.527943,24336,5266425,0.647852,8129050
3,2021-05-21,65838,9267324,39990,4928027,23751,4038311,2097,300986,23521,958674,0.117932,41998,4333672,0.533109,25921,5292346,0.651041,8129050
3,2021-05-22,45660,9312984,30259,4958286,13927,4052238,1474,302460,19049,953058,0.117241,26396,4360068,0.536356,20780,5313126,0.653597,8129050
3,2021-05-23,21740,9334724,15046,4973332,6043,4058281,651,303111,9195,950558,0.116933,12457,4372525,0.537889,9957,5323083,0.654822,8129050
3,2021-05-24,39487,9374211,23095,4996427,14637,4072918,1755,304866,14627,942485,0.11594,24660,4397185,0.540922,16587,5339670,0.656863,8129050
3,2021-05-25,42706,9416917,24018,5020445,17012,4089930,1676,306542,15149,932249,0.114681,27287,4424472,0.544279,17051,5356721,0.65896,8129050
3,2021-05-26,42395,9459312,24263,5044708,16414,4106344,1718,308260,15862,923728,0.113633,26235,4450707,0.547506,17714,5374435,0.661139,8129050
3,2021-05-27,39343,9498655,22065,5066773,15527,4121871,1751,310011,15433,917401,0.112855,23749,4474456,0.550428,17422,5391857,0.663283,8129050
3,2021-05-28,42759,9541414,24161,5090934,16803,4138674,1795,311806,17784,912532,0.112256,24770,4499226,0.553475,19901,5411758,0.665731,8129050
3,2021-05-29,23472,9564886,14335,5105269,8299,4146973,838,312644,10998,912154,0.112209,12340,4511566,0.554993,11962,5423720,0.667202,8129050
3,2021-05-30,10597,9575483,6871,5112140,3090,4150063,636,313280,4451,911213,0.112093,6069,4517635,0.55574,5128,5428848,0.667833,8129050
3,2021-05-31,4631,9580114,2676,5114816,1690,4151753,265,313545,1456,909826,0.111923,3137,4520772,0.556126,1750,5430598,0.668048,8129050
3,2021-06-01,37685,9617799,21688,5136504,14561,4166314,1436,314981,13171,900350,0.110757,24277,4545049,0.559112,14801,5445399,0.669869,8129050
3,2021-06-02,31476,9649275,18084,5154588,11983,4178297,1409,316390,11646,893921,0.109966,19622,4564671,0.561526,13193,5458592,0.671492,8129050
3,2021-06-03,39578,9688853,27074,5181662,11071,4189368,1433,317823,11428,879035,0.108135,27969,4592640,0.564966,13083,5471675,0.673101,8129050
3,2021-06-04,46158,9735011,32653,5214315,11959,4201327,1546,319369,13133,861329,0.105957,32786,4625426,0.569,15080,5486755,0.674956,8129050
3,2021-06-05,34314,9769325,25866,5240181,7261,4208588,1187,320556,8713,846022,0.104074,25391,4650817,0.572123,10084,5496839,0.676197,8129050
3,2021-06-06,14624,9783949,12204,5252385,1839,4210427,581,321137,3730,839663,0.103292,10833,4661650,0.573456,4474,5501313,0.676747,8129050
3,2021-06-07,30372,9814321,22079,5274464,7011,4217438,1282,322419,8709,828258,0.101889,21515,4683165,0.576102,10110,5511423,0.677991,8129050
3,2021-06-08,34292,9848613,24627,5299091,8380,4225818,1285,323704,9951,815573,0.100328,24132,4707297,0.579071,11447,5522870,0.679399,8129050
3,2021-06-09,32953,9881566,23905,5322996,7749,4233567,1299,325003,8867,801988,0.098657,23908,4731205,0.582012,10323,5533193,0.680669,8129050
3,2021-06-10,32444,9914010,23396,5346392,7522,4241089,1526,326529,8941,789298,0.097096,23351,4754556,0.584885,10661,5543854,0.681981,8129050
3,2021-06-11,35536,9949546,25125,5371517,9044,4250133,1367,327896,10582,776665,0.095542,24757,4779313,0.58793,12124,5555978,0.683472,8129050
3,2021-06-12,25139,9974685,18939,5390456,5309,4255442,891,328787,6693,766070,0.094239,18331,4797644,0.590185,7736,5563714,0.684424,8129050
3,2021-06-13,10136,9984821,7584,5398040,2062,4257504,490,329277,2365,761280,0.093649,7716,4805360,0.591134,2926,5566640,0.684784,8129050
3,2021-06-14,25776,10010597,18473,5416513,5885,4263389,1418,330695,8078,753349,0.092674,17566,4822926,0.593295,9635,5576275,0.685969,8129050
3,2021-06-15,28697,10039294,19412,5435925,7784,4271173,1501,332196,9646,745842,0.09175,18822,4841748,0.595611,11315,5587590,0.687361,8129050
3,2021-06-16,25847,10065141,18347,5454272,6089,4277262,1411,333607,8710,739164,0.090929,16954,4858702,0.597696,10276,5597866,0.688625,8129050
3,2021-06-17,24821,10089962,17777,5472049,5757,4283019,1287,334894,8612,733141,0.090188,16057,4874759,0.599671,10034,5607900,0.689859,8129050
3,2021-06-18,27967,10117929,19754,5491803,6644,4289663,1569,336463,9796,726733,0.089399,17942,4892701,0.601879,11534,5619434,0.691278,8129050
3,2021-06-19,16013,10133942,11767,5503570,3389,4293052,857,337320,5727,723268,0.088973,10158,4902859,0.603128,6693,5626127,0.692101,8129050
3,2021-06-20,6859,10140801,5142,5508712,1418,4294470,299,337619,2600,722013,0.088819,4206,4907065,0.603646,2951,5629078,0.692464,8129050
3,2021-06-21,16214,10157015,10226,5518938,4591,4299061,1397,339016,8088,723583,0.089012,8033,4915098,0.604634,9603,5638681,0.693646,8129050
3,2021-06-22,22062,10179077,15467,5534405,5301,4304362,1294,340310,8263,719611,0.088523,13682,4928780,0.606317,9710,5648391,0.69484,8129050
3,2021-06-23,20227,10199304,14173,5548578,4725,4309087,1329,341639,8016,716993,0.088201,12100,4940880,0.607805,9482,5657873,0.696007,8129050
3,2021-06-24,19934,10219238,13871,5562449,4614,4313701,1449,343088,7786,714358,0.087877,11979,4952859,0.609279,9344,5667217,0.697156,8129050
3,2021-06-25,23258,10242496,16497,5578946,5338,4319039,1423,344511,9094,710967,0.08746,14033,4966892,0.611005,10642,5677859,0.698465,8129050
3,2021-06-26,13868,10256364,10286,5589232,2810,4321849,772,345283,5794,709683,0.087302,8004,4974896,0.61199,6720,5684579,0.699292,8129050
3,2021-06-27,6689,10263053,5170,5594402,1211,4323060,308,345591,2863,709097,0.08723,3789,4978685,0.612456,3203,5687782,0.699686,8129050
3,2021-06-28,15848,10278901,12176,5606578,2596,4325656,1076,346667,6685,707900,0.087083,9054,4987739,0.61357,7857,5695639,0.700652,8129050
3,2021-06-29,17935,10296836,12637,5619215,4306,4329962,992,347659,7342,705892,0.086836,10472,4998211,0.614858,8464,5704103,0.701694,8129050
3,2021-06-30,16948,10313784,11992,5631207,3918,4333880,1038,348697,7297,704851,0.086708,9517,5007728,0.616029,8476,5712579,0.702736,8129050
3,2021-07-01,16149,10329933,11509,5642716,3580,4337460,1060,349757,6792,703547,0.086547,9258,5016986,0.617168,7954,5720533,0.703715,8129050
3,2021-07-02,18352,10348285,13065,5655781,4189,4341649,1098,350855,7820,702144,0.086375,10421,5027407,0.61845,9018,5729551,0.704824,8129050
3,2021-07-03,9985,10358270,7222,5663003,2335,4343984,428,351283,4276,701303,0.086271,5647,5033054,0.619144,4806,5734357,0.705415,8129050
3,2021-07-04,703,10358973,407,5663410,209,4344193,87,351370,267,701244,0.086264,429,5033483,0.619197,370,5734727,0.705461,8129050
3,2021-07-05,9476,10368449,6927,5670337,2126,4346319,423,351793,4289,700894,0.086221,5123,5038606,0.619827,4773,5739500,0.706048,8129050
3,2021-07-06,18900,10387349,13710,5684047,4078,4350397,1112,352905,6850,697064,0.08575,11911,5050517,0.621292,8081,5747581,0.707042,8129050
3,2021-07-07,15566,10402915,11041,5695088,3419,4353816,1106,354011,6287,695382,0.085543,9178,5059695,0.622421,7496,5755077,0.707964,8129050
3,2021-07-08,15216,10418131,10987,5706075,3240,4357056,989,355000,6182,693706,0.085337,8934,5068629,0.62352,7258,5762335,0.708857,8129050
3,2021-07-09,17445,10435576,12173,5718248,4071,4361127,1201,356201,7193,692071,0.085136,10137,5078766,0.624767,8502,5770837,0.709903,8129050
3,2021-07-10,10750,10446326,7905,5726153,2182,4363309,663,356864,4565,691268,0.085037,6118,5084884,0.62552,5315,5776152,0.710557,8129050
3,2021-07-11,5084,10451410,3761,5729914,1047,4364356,276,357140,2291,691109,0.085017,2746,5087630,0.625858,2587,5778739,0.710875,8129050
3,2021-07-12,14275,10465685,10401,5740315,2874,4367230,1000,358140,5690,689363,0.084802,8507,5096137,0.626904,6761,5785500,0.711707,8129050
3,2021-07-13,15023,10480708,10607,5750922,3510,4370740,906,359046,6573,688569,0.084705,8351,5104488,0.627932,7557,5793057,0.712636,8129050
3,2021-07-14,14294,10495002,10139,5761061,3236,4373976,919,359965,6357,688070,0.084643,7837,5112325,0.628896,7338,5800395,0.713539,8129050
3,2021-07-15,14547,10509549,10513,5771574,3206,4377182,828,360793,6669,687852,0.084617,7787,5120112,0.629854,7569,5807964,0.71447,8129050
3,2021-07-16,17555,10527104,12634,5784208,4040,4381222,881,361674,8381,688113,0.084649,9072,5129184,0.63097,9333,5817297,0.715618,8129050
3,2021-07-17,11146,10538250,8165,5792373,2451,4383673,530,362204,5300,688234,0.084664,5777,5134961,0.63168,5898,5823195,0.716344,8129050
3,2021-07-18,5701,10543951,4299,5796672,1151,4384824,251,362455,2791,688433,0.084688,2869,5137830,0.632033,3068,5826263,0.716721,8129050
3,2021-07-19,14763,10558714,10786,5807458,3106,4387930,871,363326,7239,689193,0.084781,7425,5145255,0.632947,8185,5834448,0.717728,8129050
3,2021-07-20,16318,10575032,11350,5818808,4071,4392001,897,364223,8386,690733,0.084971,7823,5153078,0.633909,9363,5843811,0.71888,8129050
3,2021-07-21,15809,10590841,11188,5829996,3759,4395760,862,365085,7947,691880,0.085112,7737,5160815,0.634861,8884,5852695,0.719973,8129050
3,2021-07-22,16150,10606991,11413,5841409,3788,4399548,949,366034,8381,693621,0.085326,7654,5168469,0.635802,9395,5862090,0.721129,8129050
3,2021-07-23,18981,10625972,13535,5854944,4452,4404000,994,367028,10198,696253,0.08565,8642,5177111,0.636865,11274,5873364,0.722515,8129050
3,2021-07-24,11468,10637440,8254,5863198,2639,4406639,575,367603,6336,698144,0.085883,5055,5182166,0.637487,6946,5880310,0.72337,8129050
3,2021-07-25,5543,10642983,4156,5867354,1182,4407821,205,367808,4008,700918,0.086224,1490,5183656,0.637671,4264,5884574,0.723894,8129050
3,2021-07-26,15204,10658187,10580,5877934,3687,4411508,937,368745,9191,705211,0.086752,5907,5189563,0.638397,10200,5894774,0.725149,8129050
3,2021-07-27,16981,10675168,12009,5889943,4040,4415548,932,369677,9754,708869,0.087202,7104,5196667,0.639271,10762,5905536,0.726473,8129050
3,2021-07-28,16689,10691857,11995,5901938,3683,4419231,1011,370688,9657,712677,0.08767,6901,5203568,0.64012,10709,5916245,0.72779,8129050
3,2021-07-29,16102,10707959,11603,5913541,3531,4422762,968,371656,9497,716773,0.088174,6433,5210001,0.640911,10529,5926774,0.729086,8129050
3,2021-07-30,12560,10720519,8848,5922389,2895,4425657,817,372473,7136,719491,0.088509,5307,5215308,0.641564,8025,5934799,0.730073,8129050
4,2020-12-15,453,453,453,453,0,0,0,0,453,453,5.6e-05,0,0,0.0,453,453,5.6e-05,8037679
4,2020-12-16,3054,3507,3054,3507,0,0,0,0,3054,3507,0.000436,0,0,0.0,3054,3507,0.000436,8037679
4,2020-12-17,8974,12481,8974,12481,0,0,0,0,8974,12481,0.001553,0,0,0.0,8974,12481,0.001553,8037679
4,2020-12-18,16223,28704,16211,28692,12,12,0,0,16223,28704,0.003571,0,0,0.0,16223,28704,0.003571,8037679
4,2020-12-19,10386,39090,10377,39069,9,21,0,0,10322,39026,0.004855,0,0,0.0,10322,39026,0.004855,8037679
4,2020-12-20,7431,46521,7424,46493,7,28,0,0,7386,46412,0.005774,0,0,0.0,7386,46412,0.005774,8037679
4,2020-12-21,16421,62942,16395,62888,26,54,0,0,16354,62765,0.007809,1,1,0.0,16354,62766,0.007809,8037679
4,2020-12-22,17224,80166,16474,79362,750,804,0,0,17179,79940,0.009946,4,5,1e-06,17179,79945,0.009946,8037679
4,2020-12-23,17147,97313,14412,93774,2735,3539,0,0,17125,97062,0.012076,3,8,1e-06,17125,97070,0.012077,8037679
4,2020-12-24,8573,105886,5980,99754,2593,6132,0,0,8572,105634,0.013142,0,8,1e-06,8572,105642,0.013143,8037679
4,2020-12-25,906,106792,801,100555,105,6237,0,0,906,106540,0.013255,0,8,1e-06,906,106548,0.013256,8037679
4,2020-12-26,6183,112975,3902,104457,2281,8518,0,0,6183,112723,0.014024,0,8,1e-06,6183,112731,0.014025,8037679
4,2020-12-27,3429,116404,1993,106450,1436,9954,0,0,3429,116152,0.014451,0,8,1e-06,3429,116160,0.014452,8037679
4,2020-12-28,15179,131583,9383,115833,5796,15750,0,0,15150,131299,0.016335,3,11,1e-06,15150,131310,0.016337,8037679
4,2020-12-29,15443,147026,8543,124376,6900,22650,0,0,15409,146707,0.018252,1,12,1e-06,15409,146719,0.018254,8037679
4,2020-12-30,19015,166041,11098,135474,7917,30567,0,0,19004,165709,0.020617,2,14,2e-06,19004,165723,0.020618,8037679
4,2020-12-31,8319,174360,3369,138843,4950,35517,0,0,8306,174006,0.021649,9,23,3e-06,8306,174029,0.021652,8037679
4,2021-01-01,1654,176014,750,139593,904,36421,0,0,1650,175653,0.021854,3,26,3e-06,1650,175679,0.021857,8037679
4,2021-01-02,5739,181753,3241,142834,2498,38919,0,0,5737,181389,0.022567,1,27,3e-06,5737,181416,0.022571,8037679
4,2021-01-03,2149,183902,1270,144104,879,39798,0,0,2135,183521,0.022833,3,30,4e-06,2135,183551,0.022836,8037679
4,2021-01-04,13004,196906,7041,151145,5963,45761,0,0,12956,196449,0.024441,28,58,7e-06,12956,196507,0.024448,8037679
4,2021-01-05,16982,213888,10065,161210,6917,52678,0,0,14764,209038,0.026007,2189,2247,0.00028,14778,211285,0.026287,8037679
4,2021-01-06,21695,235583,13297,174507,8398,61076,0,0,15572,218550,0.027191,6074,8321,0.001035,15586,226871,0.028226,8037679
4,2021-01-07,28054,263637,17104,191611,10950,72026,0,0,16751,224080,0.027879,11242,19563,0.002434,16772,243643,0.030313,8037679
4,2021-01-08,33020,296657,21196,212807,11824,83850,0,0,18406,227959,0.028361,14548,34111,0.004244,18427,262070,0.032605,8037679
4,2021-01-09,16341,312998,9670,222477,6671,90521,0,0,9489,230619,0.028692,6841,40952,0.005095,9501,271571,0.033787,8037679
4,2021-01-10,8800,321798,5684,228161,3116,93637,0,0,4177,230192,0.028639,4612,45564,0.005669,4185,275756,0.034308,8037679
4,2021-01-11,33622,355420,22083,250244,11539,105176,0,0,18928,234501,0.029175,14666,60230,0.007493,18975,294731,0.036669,8037679
4,2021-01-12,38702,394122,22325,272569,16377,121553,0,0,24356,244607,0.030433,14291,74521,0.009271,24397,319128,0.039704,8037679
4,2021-01-13,39037,433159,19337,291906,19700,141253,0,0,27621,260880,0.032457,11375,85896,0.010687,27648,346776,0.043144,8037679
4,2021-01-14,39577,472736,15238,307144,24339,165592,0,0,32334,286038,0.035587,7205,93101,0.011583,32363,379139,0.04717,8037679
4,2021-01-15,45621,518357,15949,323093,29672,195264,0,0,40018,320547,0.039881,5535,98636,0.012272,40044,419183,0.052152,8037679
4,2021-01-16,28871,547228,9423,332516,19448,214712,0,0,25738,343202,0.042699,3101,101737,0.012658,25756,444939,0.055357,8037679
4,2021-01-17,19187,566415,6756,339272,12431,227143,0,0,17653,359357,0.044709,1512,103249,0.012846,17667,462606,0.057555,8037679
4,2021-01-18,29562,595977,13684,352956,15878,243021,0,0,23560,377009,0.046905,5934,109183,0.013584,23586,486192,0.060489,8037679
4,2021-01-19,46283,642260,23132,376088,23151,266172,0,0,36863,404574,0.050335,9372,118555,0.01475,36937,523129,0.065085,8037679
4,2021-01-20,52845,695105,28282,404370,24563,290735,0,0,42239,436367,0.05429,10508,129063,0.016057,42301,565430,0.070347,8037679
4,2021-01-21,58053,753158,26160,430530,31893,322628,0,0,51250,480941,0.059836,6721,135784,0.016893,51295,616725,0.076729,8037679
4,2021-01-22,55631,808789,22351,452881,33280,355908,0,0,50434,526274,0.065476,5128,140912,0.017531,50461,667186,0.083007,8037679
4,2021-01-23,39794,848583,17463,470344,22331,378239,0,0,35431,557382,0.069346,4353,145265,0.018073,35461,702647,0.087419,8037679
4,2021-01-24,24071,872654,10517,480861,13554,391793,0,0,22160,577660,0.071869,1902,147167,0.01831,22180,724827,0.090179,8037679
4,2021-01-25,48220,920874,22311,503172,25909,417702,0,0,37017,603564,0.075092,11171,158338,0.019699,37075,761902,0.094791,8037679
4,2021-01-26,57225,978099,29192,532364,28033,445735,0,0,44871,636180,0.07915,12317,170655,0.021232,44933,806835,0.100382,8037679
4,2021-01-27,56533,1034632,26901,559265,29632,475367,0,0,45399,670580,0.08343,11053,181708,0.022607,45453,852288,0.106037,8037679
4,2021-01-28,57016,1091648,25773,585038,31243,506610,0,0,46929,707565,0.088031,9991,191699,0.02385,46976,899264,0.111881,8037679
4,2021-01-29,56915,1148563,27304,612342,29611,536221,0,0,46396,743677,0.092524,10319,202018,0.025134,46431,945695,0.117658,8037679
4,2021-01-30,38265,1186828,17297,629639,20968,557189,0,0,32870,771236,0.095953,5338,207356,0.025798,32897,978592,0.121751,8037679
4,2021-01-31,24101,1210929,12707,642346,11394,568583,0,0,22389,791950,0.09853,1692,209048,0.026009,22406,1000998,0.124538,8037679
4,2021-02-01,49918,1260847,24054,666400,25864,594447,0,0,38182,818498,0.101833,11679,220727,0.027462,38227,1039225,0.129294,8037679
4,2021-02-02,55818,1316665,25675,692075,30143,624590,0,0,42829,848465,0.105561,12907,233634,0.029067,42874,1082099,0.134628,8037679
4,2021-02-03,62473,1379138,30688,722763,31785,656375,0,0,47877,881949,0.109727,14446,248080,0.030865,47930,1130029,0.140591,8037679
4,2021-02-04,67870,1447008,31480,754243,36390,692765,0,0,50950,916261,0.113996,16746,264826,0.032948,51058,1181087,0.146944,8037679
4,2021-02-05,73681,1520689,34159,788402,39522,732287,0,0,51126,945251,0.117602,22271,287097,0.035719,51261,1232348,0.153321,8037679
4,2021-02-06,48967,1569656,26345,814747,22622,754909,0,0,37298,971153,0.120825,11600,298697,0.037162,37502,1269850,0.157987,8037679
4,2021-02-07,26632,1596288,17608,832355,9024,763933,0,0,20109,985011,0.122549,6490,305187,0.03797,20348,1290198,0.160519,8037679
4,2021-02-08,58942,1655230,30392,862747,28550,792483,0,0,38279,1003032,0.124791,20523,325710,0.040523,38544,1328742,0.165314,8037679
4,2021-02-09,67674,1722904,34288,897035,33386,825869,0,0,39609,1015214,0.126307,27871,353581,0.04399,40053,1368795,0.170297,8037679
4,2021-02-10,77879,1800783,38989,936024,38890,864759,0,0,40898,1019929,0.126893,36728,390309,0.04856,41443,1410238,0.175453,8037679
4,2021-02-11,81996,1882779,42875,978899,39121,903880,0,0,41642,1022173,0.127173,40075,430384,0.053546,42319,1452557,0.180718,8037679
4,2021-02-12,85077,1967856,38164,1017063,46913,950793,0,0,43656,1025487,0.127585,41132,471516,0.058663,44446,1497003,0.186248,8037679
4,2021-02-13,59271,2027127,30039,1047102,29232,980025,0,0,30148,1027563,0.127843,28975,500491,0.062268,31051,1528054,0.190111,8037679
4,2021-02-14,37116,2064243,19305,1066407,17811,997836,0,0,18990,1029143,0.12804,18068,518559,0.064516,19648,1547702,0.192556,8037679
4,2021-02-15,46605,2110848,21878,1088285,24727,1022563,0,0,23843,1031496,0.128333,22673,541232,0.067337,25026,1572728,0.195669,8037679
4,2021-02-16,80880,2191728,37132,1125417,43748,1066311,0,0,41050,1034081,0.128654,39684,580916,0.072274,42269,1614997,0.200928,8037679
4,2021-02-17,82208,2273936,38885,1164302,43323,1109634,0,0,39030,1031276,0.128305,42962,623878,0.077619,40157,1655154,0.205924,8037679
4,2021-02-18,84076,2358012,46297,1210599,37779,1147413,0,0,38781,1026447,0.127704,45090,668968,0.083229,40261,1695415,0.210933,8037679
4,2021-02-19,83470,2441482,52617,1263216,30853,1178266,0,0,41613,1027080,0.127783,41674,710642,0.088414,42307,1737722,0.216197,8037679
4,2021-02-20,49984,2491466,33296,1296512,16688,1194954,0,0,27019,1031917,0.128385,22877,733519,0.09126,27714,1765436,0.219645,8037679
4,2021-02-21,30350,2521816,24100,1320612,6250,1201204,0,0,14640,1031221,0.128298,15622,749141,0.093204,14926,1780362,0.221502,8037679
4,2021-02-22,55580,2577396,38201,1358813,17379,1218583,0,0,26713,1029682,0.128107,28703,777844,0.096775,27164,1807526,0.224882,8037679
4,2021-02-23,76878,2654274,42577,1401390,34301,1252884,0,0,33575,1021842,0.127131,43090,820934,0.102136,35250,1842776,0.229267,8037679
4,2021-02-24,92162,2746436,48689,1450079,43473,1296357,0,0,41366,1014853,0.126262,50514,871448,0.10842,43525,1886301,0.234682,8037679
4,2021-02-25,103800,2850236,54276,1504355,49524,1345881,0,0,49430,1012709,0.125995,54130,925578,0.115155,51986,1938287,0.24115,8037679
4,2021-02-26,110099,2960335,55633,1559988,54466,1400347,0,0,56151,1017588,0.126602,53632,979210,0.121827,58511,1996798,0.24843,8037679
4,2021-02-27,80278,3040613,43702,1603690,36566,1436913,10,10,42752,1024538,0.127467,37301,1016511,0.126468,44251,2041049,0.253935,8037679
4,2021-02-28,49607,3090220,30642,1634332,18958,1455871,7,17,27305,1030636,0.128226,22100,1038611,0.129218,28198,2069247,0.257443,8037679
4,2021-03-01,80842,3171062,47353,1681685,33444,1489315,45,62,44465,1040308,0.129429,36033,1074644,0.133701,45705,2114952,0.26313,8037679
4,2021-03-02,88287,3259349,50695,1732380,37583,1526898,9,71,51574,1057174,0.131527,36511,1111155,0.138243,53377,2168329,0.269771,8037679
4,2021-03-03,102914,3362263,54587,1786967,48311,1575209,16,87,57254,1070791,0.133221,45426,1156581,0.143895,59043,2227372,0.277116,8037679
4,2021-03-04,99879,3462142,55337,1842304,44525,1619734,17,104,54401,1081757,0.134586,45227,1201808,0.149522,56193,2283565,0.284108,8037679
4,2021-03-05,96830,3558972,52342,1894646,44168,1663902,320,424,56956,1101330,0.137021,39643,1241451,0.154454,59216,2342781,0.291475,8037679
4,2021-03-06,77362,3636334,43589,1938235,31128,1695030,2645,3069,47311,1122707,0.13968,29905,1271356,0.158175,51282,2394063,0.297855,8037679
4,2021-03-07,44915,3681249,27578,1965813,15145,1710175,2192,5261,26107,1133370,0.141007,18719,1290075,0.160503,29382,2423445,0.301511,8037679
4,2021-03-08,68221,3749470,35659,2001472,29187,1739362,3375,8636,44762,1159497,0.144258,23321,1313396,0.163405,49448,2472893,0.307663,8037679
4,2021-03-09,82248,3831718,41507,2042979,35459,1774821,5282,13918,44301,1172394,0.145862,37751,1351147,0.168102,50648,2523541,0.313964,8037679
4,2021-03-10,91806,3923524,47322,2090301,36948,1811769,7536,21454,46267,1181768,0.147029,45326,1396473,0.173741,54700,2578241,0.320769,8037679
4,2021-03-11,101260,4024784,53060,2143361,39683,1851452,8517,29971,46698,1183733,0.147273,54287,1450760,0.180495,56252,2634493,0.327768,8037679
4,2021-03-12,105006,4129790,51711,2195072,42963,1894415,10332,40303,44898,1180006,0.146809,59805,1510565,0.187935,56078,2690571,0.334745,8037679
4,2021-03-13,81929,4211719,37925,2232997,35474,1929889,8530,48833,38691,1185184,0.147454,43087,1553652,0.193296,48265,2738836,0.34075,8037679
4,2021-03-14,50063,4261782,28497,2261494,17917,1947806,3649,52482,23359,1186180,0.147577,26599,1580251,0.196605,27595,2766431,0.344183,8037679
4,2021-03-15,84048,4345830,45226,2306720,34556,1982362,4266,56748,42604,1192706,0.148389,41166,1621417,0.201727,47692,2814123,0.350116,8037679
4,2021-03-16,108307,4454137,56309,2363029,48570,2030932,3428,60176,57064,1202905,0.149658,50970,1672387,0.208068,61169,2875292,0.357727,8037679
4,2021-03-17,107723,4561860,58024,2421053,46192,2077124,3507,63683,62961,1225421,0.15246,44473,1716860,0.213601,66989,2942281,0.366061,8037679
4,2021-03-18,107668,4669528,59744,2480797,44214,2121338,3710,67393,60843,1243844,0.154752,46533,1763393,0.219391,64956,3007237,0.374142,8037679
4,2021-03-19,112168,4781696,64524,2545321,42415,2163753,5229,72622,63543,1264651,0.15734,48327,1811720,0.225403,69134,3076371,0.382744,8037679
4,2021-03-20,84496,4866192,49424,2594745,32052,2195805,3020,75642,51601,1286850,0.160102,32720,1844440,0.229474,54919,3131290,0.389576,8037679
4,2021-03-21,48440,4914632,35099,2629844,11080,2206885,2261,77903,28198,1297553,0.161434,20101,1864541,0.231975,30804,3162094,0.393409,8037679
4,2021-03-22,82960,4997592,54218,2684062,26003,2232888,2739,80642,51189,1320684,0.164312,31497,1896038,0.235894,54628,3216722,0.400205,8037679
4,2021-03-23,105541,5103133,63181,2747243,40211,2273099,2149,82791,62377,1342881,0.167073,42872,1938910,0.241228,65069,3281791,0.408301,8037679
4,2021-03-24,114336,5217469,73738,2820981,38169,2311268,2429,85220,63955,1359779,0.169176,49924,1988834,0.247439,66822,3348613,0.416614,8037679
4,2021-03-25,117894,5335363,72501,2893482,42980,2354248,2413,87633,66926,1379119,0.171582,50465,2039299,0.253717,69805,3418418,0.425299,8037679
4,2021-03-26,120645,5456008,73152,2966634,44443,2398691,3050,90683,65509,1393517,0.173373,54741,2094040,0.260528,69139,3487557,0.433901,8037679
4,2021-03-27,92636,5548644,54575,3021209,36264,2434955,1797,92480,46855,1397129,0.173822,45515,2139555,0.266191,49127,3536684,0.440013,8037679
4,2021-03-28,56058,5604702,36994,3058203,18189,2453144,875,93355,29596,1401698,0.174391,26273,2165828,0.269459,30842,3567526,0.44385,8037679
4,2021-03-29,94218,5698920,56454,3114657,35675,2488819,2089,95444,50560,1411516,0.175612,43367,2209195,0.274855,53185,3620711,0.450467,8037679
4,2021-03-30,117807,5816727,64306,3178963,49336,2538155,4165,99609,69685,1437907,0.178896,47858,2257053,0.280809,74249,3694960,0.459705,8037679
4,2021-03-31,121690,5938417,71813,3250776,43554,2581709,6323,105932,67869,1458848,0.181501,53439,2310492,0.287458,74380,3769340,0.468959,8037679
4,2021-04-01,143100,6081517,81598,3332374,48194,2629903,13308,119240,83938,1497480,0.186308,58643,2369135,0.294754,97275,3866615,0.481061,8037679
4,2021-04-02,137203,6218720,73305,3405679,50275,2680178,13623,132863,79000,1532441,0.190657,57880,2427015,0.301955,92841,3959456,0.492612,8037679
4,2021-04-03,101504,6320224,54227,3459906,33798,2713976,13479,146342,52719,1550221,0.192869,48565,2475580,0.307997,66345,4025801,0.500866,8037679
4,2021-04-04,46991,6367215,24803,3484709,14656,2728632,7532,153874,20397,1551631,0.193045,26479,2502059,0.311291,27889,4053690,0.504336,8037679
4,2021-04-05,109908,6477123,61716,3546425,35313,2763945,12879,166753,56902,1569145,0.195224,52768,2554827,0.317856,70282,4123972,0.51308,8037679
4,2021-04-06,139340,6616463,78387,3624812,41115,2805060,19838,186591,72181,1594773,0.198412,66898,2621725,0.326179,92526,4216498,0.524591,8037679
4,2021-04-07,138065,6754528,78232,3703044,39054,2844114,20779,207370,71328,1620622,0.201628,66465,2688190,0.334449,92314,4308812,0.536077,8037679
4,2021-04-08,140534,6895062,78293,3781337,36693,2880807,25548,232918,69808,1646086,0.204796,70403,2758593,0.343208,95867,4404679,0.548004,8037679
4,2021-04-09,138250,7033312,75769,3857106,39355,2920162,23126,256044,65859,1663895,0.207012,72122,2830715,0.352181,89931,4494610,0.559193,8037679
4,2021-04-10,104102,7137414,51316,3908422,33840,2954002,18946,274990,46890,1673718,0.208234,56987,2887702,0.359271,66810,4561420,0.567505,8037679
4,2021-04-11,62840,7200254,38146,3946568,13494,2967496,11200,286190,27400,1678031,0.208771,35318,2923020,0.363665,39631,4601051,0.572435,8037679
4,2021-04-12,103176,7303430,62712,4009280,30230,2997726,10234,296424,51949,1690512,0.210323,50905,2973925,0.369998,63386,4664437,0.580321,8037679
4,2021-04-13,130878,7434308,82104,4091384,48605,3046331,169,296593,78224,1717428,0.213672,52339,3026264,0.37651,79255,4743692,0.590182,8037679
4,2021-04-14,135931,7570239,86589,4177973,49264,3095595,78,296671,75018,1733191,0.215633,60563,3086827,0.384045,76326,4820018,0.599678,8037679
4,2021-04-15,156455,7726694,104012,4281985,52373,3147968,70,296741,95731,1769443,0.220144,60317,3147144,0.391549,96569,4916587,0.611692,8037679
4,2021-04-16,143905,7870599,91221,4373206,52605,3200573,79,296820,83425,1793532,0.223141,60137,3207281,0.399031,84226,5000813,0.622171,8037679
4,2021-04-17,101777,7972376,63911,4437117,37842,3238415,24,296844,59561,1812346,0.225481,41921,3249202,0.404246,60735,5061548,0.629728,8037679
4,2021-04-18,56925,8029301,38457,4475574,18465,3256880,3,296847,32028,1820587,0.226507,24751,3273953,0.407326,32992,5094540,0.633832,8037679
4,2021-04-19,101527,8130828,66880,4542454,34629,3291509,18,296865,51538,1823015,0.226809,49730,3323683,0.413513,52158,5146698,0.640321,8037679
4,2021-04-20,131867,8262695,78547,4621001,53304,3344813,16,296881,68426,1829431,0.227607,63098,3386781,0.421363,69514,5216212,0.64897,8037679
4,2021-04-21,134905,8397600,88055,4709056,46794,3391607,56,296937,67892,1831910,0.227915,66581,3453362,0.429647,69060,5285272,0.657562,8037679
4,2021-04-22,141942,8539542,94199,4803255,47719,3439326,24,296961,63353,1818246,0.226215,78173,3531535,0.439372,64509,5349781,0.665588,8037679
4,2021-04-23,135431,8674973,88128,4891383,47279,3486605,24,296985,58752,1801911,0.224183,76303,3607838,0.448866,59968,5409749,0.673049,8037679
4,2021-04-24,99097,8774070,66887,4958270,32160,3518765,50,297035,45622,1795498,0.223385,53159,3660997,0.455479,46746,5456495,0.678865,8037679
4,2021-04-25,50459,8824529,35569,4993839,14863,3533628,27,297062,26352,1798378,0.223743,23952,3684949,0.458459,26832,5483327,0.682203,8037679
4,2021-04-26,92276,8916805,60521,5054360,31357,3564985,398,297460,36332,1780813,0.221558,55631,3740580,0.465381,38066,5521393,0.686939,8037679
4,2021-04-27,114096,9030901,69736,5124096,42041,3607026,2319,299779,41103,1752377,0.21802,72654,3813234,0.47442,44218,5565611,0.69244,8037679
4,2021-04-28,104612,9135513,68364,5192460,33715,3640741,2533,302312,38280,1727875,0.214972,65976,3879210,0.482628,41474,5607085,0.6976,8037679
4,2021-04-29,105991,9241504,67702,5260162,35755,3676496,2534,304846,34274,1693934,0.210749,71353,3950563,0.491505,37412,5644497,0.702255,8037679
4,2021-04-30,105715,9347219,66989,5327151,36022,3712518,2704,307550,36361,1664714,0.207114,68949,4019512,0.500084,39729,5684226,0.707197,8037679
4,2021-05-01,69564,9416783,46173,5373324,21615,3734133,1776,309326,20272,1638399,0.20384,49006,4068518,0.506181,22691,5706917,0.710021,8037679
4,2021-05-02,37700,9454483,26752,5400076,9656,3743789,1292,310618,10583,1623429,0.201977,26992,4095510,0.509539,12022,5718939,0.711516,8037679
4,2021-05-03,79417,9533900,55416,5455492,21508,3765297,2493,313111,19342,1585827,0.197299,59807,4155317,0.51698,22205,5741144,0.714279,8037679
4,2021-05-04,101601,9635501,69556,5525048,29275,3794572,2770,315881,22802,1533304,0.190765,78494,4233811,0.526745,25971,5767115,0.71751,8037679
4,2021-05-05,102473,9737974,72255,5597303,27477,3822049,2741,318622,22236,1478699,0.183971,79887,4313698,0.536685,25282,5792397,0.720655,8037679
4,2021-05-06,112277,9850251,84133,5681436,25200,3847249,2944,321566,19781,1410541,0.175491,92004,4405702,0.548131,23846,5816243,0.723622,8037679
4,2021-05-07,105010,9955261,75484,5756920,26842,3874091,2684,324250,20752,1350522,0.168024,83873,4489575,0.558566,23854,5840097,0.72659,8037679
4,2021-05-08,69807,10025068,48084,5805004,19792,3893883,1931,326181,13836,1310931,0.163098,55715,4545290,0.565498,16124,5856221,0.728596,8037679
4,2021-05-09,34286,10059354,28038,5833042,5301,3899184,947,327128,7526,1292847,0.160848,26650,4571940,0.568813,8566,5864787,0.729662,8037679
4,2021-05-10,65255,10124609,43688,5876730,19241,3918425,2326,329454,11072,1252600,0.155841,53957,4625897,0.575526,13710,5878497,0.731367,8037679
4,2021-05-11,83205,10207814,52029,5928759,28984,3947409,2192,331646,15886,1204122,0.14981,67058,4692955,0.583869,18580,5897077,0.733679,8037679
4,2021-05-12,79726,10287540,53006,5981765,24248,3971657,2472,334118,16679,1160902,0.144432,62747,4755702,0.591676,19527,5916604,0.736109,8037679
4,2021-05-13,104609,10392149,76992,6058757,26081,3997738,1536,335654,40549,1140276,0.141866,63727,4819429,0.599605,43101,5959705,0.741471,8037679
4,2021-05-14,105033,10497182,74181,6132938,28724,4026462,2128,337782,40460,1119158,0.139239,64243,4883672,0.607597,43125,6002830,0.746836,8037679
4,2021-05-15,85704,10582886,66261,6199199,18114,4044576,1329,339111,37818,1110966,0.13822,47633,4931305,0.613524,39441,6042271,0.751743,8037679
4,2021-05-16,51596,10634482,41588,6240787,9296,4053872,712,339823,21153,1102678,0.137189,30291,4961596,0.617292,22003,6064274,0.754481,8037679
4,2021-05-17,71154,10705636,51965,6292752,17347,4071219,1842,341665,28127,1090060,0.135619,42818,5004414,0.622619,30200,6094474,0.758238,8037679
4,2021-05-18,81742,10787378,53151,6345903,26837,4098056,1754,343419,29199,1069199,0.133023,52181,5056595,0.629111,31320,6125794,0.762135,8037679
4,2021-05-19,76830,10864208,51922,6397825,22966,4121022,1942,345361,30850,1056601,0.131456,45679,5102274,0.634794,33081,6158875,0.76625,8037679
4,2021-05-20,69089,10933297,44423,6442248,22670,4143692,1996,347357,25606,1041360,0.12956,43187,5145461,0.640168,27946,6186821,0.769727,8037679
4,2021-05-21,73592,11006889,48530,6490778,23201,4166893,1861,349218,25952,1022098,0.127163,47340,5192801,0.646057,28078,6214899,0.773221,8037679
4,2021-05-22,49841,11056730,34927,6525705,13640,4180533,1274,350492,21668,1017264,0.126562,28006,5220807,0.649542,23172,6238071,0.776104,8037679
4,2021-05-23,23976,11080706,17106,6542811,6147,4186680,723,351215,9757,1013760,0.126126,14094,5234901,0.651295,10590,6248661,0.777421,8037679
4,2021-05-24,43064,11123770,27389,6570200,12672,4199352,3003,354218,15062,1004243,0.124942,27779,5262680,0.654751,18262,6266923,0.779693,8037679
4,2021-05-25,44881,11168651,27879,6598079,14175,4213527,2827,357045,15859,994376,0.123714,28783,5291463,0.658332,18916,6285839,0.782047,8037679
4,2021-05-26,44603,11213254,26716,6624795,15283,4228810,2604,359649,15836,984446,0.122479,28545,5320008,0.661884,18615,6304454,0.784363,8037679
4,2021-05-27,38904,11252158,23328,6648123,12437,4241247,3139,362788,14643,978341,0.121719,24054,5344062,0.664876,17949,6322403,0.786596,8037679
4,2021-05-28,43266,11295424,27549,6675672,14112,4255359,1605,364393,18851,974872,0.121288,24149,5368211,0.667881,20680,6343083,0.789168,8037679
4,2021-05-29,23689,11319113,15368,6691040,7387,4262746,934,365327,10898,974189,0.121203,12645,5380856,0.669454,11962,6355045,0.790657,8037679
4,2021-05-30,12089,11331202,8497,6699537,3066,4265812,526,365853,5028,972822,0.121033,6990,5387846,0.670324,5623,6360668,0.791356,8037679
4,2021-05-31,3576,11334778,2273,6701810,1142,4266954,161,366014,1140,971759,0.1209,2384,5390230,0.67062,1321,6361989,0.791521,8037679
4,2021-06-01,39436,11374214,24507,6726317,12488,4279442,2441,368455,13017,961233,0.119591,26198,5416428,0.67388,15672,6377661,0.79347,8037679
4,2021-06-02,32610,11406824,20368,6746685,9447,4288889,2795,371250,10881,953514,0.118631,21546,5437974,0.67656,13827,6391488,0.795191,8037679
4,2021-06-03,48043,11454867,36855,6783540,8735,4297624,2453,373703,10343,929087,0.115591,37529,5475503,0.681229,13102,6404590,0.796821,8037679
4,2021-06-04,54797,11509664,44109,6827649,9362,4306986,1326,375029,12729,902115,0.112236,41830,5517333,0.686434,14858,6419448,0.798669,8037679
4,2021-06-05,44800,11554464,38357,6866006,5447,4312433,996,376025,8748,876242,0.109017,35896,5553229,0.6909,10023,6429471,0.799916,8037679
4,2021-06-06,21232,11575696,18947,6884953,1721,4314154,564,376589,3949,863969,0.10749,17182,5570411,0.693037,4909,6434380,0.800527,8037679
4,2021-06-07,38696,11614392,31319,6916272,5458,4319612,1919,378508,8422,844460,0.105063,30137,5600548,0.696787,10628,6445008,0.801849,8037679
4,2021-06-08,40591,11654983,31841,6948113,6206,4325818,2544,381052,9441,825821,0.102744,30959,5631507,0.700638,12320,6457328,0.803382,8037679
4,2021-06-09,38934,11693917,30861,6978974,5711,4331529,2362,383414,7933,805638,0.100233,30830,5662337,0.704474,10647,6467975,0.804707,8037679
4,2021-06-10,37137,11731054,29257,7008231,5255,4336784,2625,386039,8415,788380,0.098086,28562,5690899,0.708028,11304,6479279,0.806113,8037679
4,2021-06-11,38287,11769341,30045,7038276,6230,4343014,2012,388051,9891,772397,0.096097,28238,5719137,0.711541,12255,6491534,0.807638,8037679
4,2021-06-12,26544,11795885,22080,7060356,3751,4346765,713,388764,6039,758968,0.094426,20399,5739536,0.714079,6970,6498504,0.808505,8037679
4,2021-06-13,10832,11806717,8558,7068914,1798,4348563,476,389240,2278,753341,0.093726,8488,5748024,0.715135,2861,6501365,0.808861,8037679
4,2021-06-14,28587,11835304,21378,7090292,4400,4352963,2809,392049,7802,743525,0.092505,20645,5768669,0.717703,10829,6512194,0.810208,8037679
4,2021-06-15,29941,11865245,21165,7111457,5373,4358336,3403,395452,8286,733977,0.091317,21493,5790162,0.720377,11945,6524139,0.811694,8037679
4,2021-06-16,26565,11891810,20021,7131478,3922,4362258,2622,398074,7999,726413,0.090376,18391,5808553,0.722665,10827,6534966,0.813041,8037679
4,2021-06-17,25125,11916935,18550,7150028,3682,4365940,2893,400967,7606,719771,0.08955,17332,5825885,0.724822,10690,6545656,0.814371,8037679
4,2021-06-18,26760,11943695,21106,7171134,4421,4370361,1233,402200,8259,711218,0.088485,18297,5844182,0.727098,9744,6555400,0.815584,8037679
4,2021-06-19,15740,11959435,12727,7183861,2311,4372672,702,402902,5056,706609,0.087912,10537,5854719,0.728409,5928,6561328,0.816321,8037679
4,2021-06-20,7364,11966799,6067,7189928,990,4373662,307,403209,2619,704931,0.087703,4687,5859406,0.728992,3009,6564337,0.816696,8037679
4,2021-06-21,14573,11981372,10533,7200461,2902,4376564,1138,404347,7339,706423,0.087889,7148,5866554,0.729882,8640,6572977,0.817771,8037679
4,2021-06-22,20464,12001836,15959,7216420,3427,4379991,1078,405425,7112,701540,0.087281,13226,5879780,0.731527,8343,6581320,0.818809,8037679
4,2021-06-23,18391,12020227,14436,7230856,2968,4382959,987,406412,6712,697816,0.086818,11543,5891323,0.732963,7819,6589139,0.819781,8037679
4,2021-06-24,17570,12037797,13587,7244443,2995,4385954,988,407400,6548,694629,0.086422,10863,5902186,0.734315,7676,6596815,0.820736,8037679
4,2021-06-25,21534,12059331,16926,7261369,3564,4389518,1044,408444,7804,690049,0.085852,13593,5915779,0.736006,9013,6605828,0.821858,8037679
4,2021-06-26,13025,12072356,10596,7271965,1812,4391330,617,409061,4796,687440,0.085527,8126,5923905,0.737017,5517,6611345,0.822544,8037679
4,2021-06-27,6835,12079191,5535,7277500,957,4392287,343,409404,2879,686797,0.085447,3918,5927823,0.737504,3275,6614620,0.822952,8037679
4,2021-06-28,15026,12094217,12617,7290117,1557,4393844,852,410256,6038,684903,0.085212,8906,5936729,0.738612,7012,6621632,0.823824,8037679
4,2021-06-29,16439,12110656,12760,7302877,2879,4396723,800,411056,6359,682213,0.084877,9970,5946699,0.739853,7280,6628912,0.82473,8037679
4,2021-06-30,14522,12125178,11319,7314196,2466,4399189,737,411793,6034,680717,0.084691,8378,5955077,0.740895,6882,6635794,0.825586,8037679
4,2021-07-01,14418,12139596,11375,7325571,2301,4401490,742,412535,5899,679090,0.084488,8407,5963484,0.741941,6780,6642574,0.826429,8037679
4,2021-07-02,16733,12156329,13285,7338856,2688,4404178,760,413295,6835,677013,0.08423,9801,5973285,0.74316,7724,6650298,0.82739,8037679
4,2021-07-03,9149,12165478,7268,7346124,1471,4405649,410,413705,3964,676332,0.084145,5112,5978397,0.743796,4431,6654729,0.827942,8037679
4,2021-07-04,427,12165905,262,7346386,106,4405755,59,413764,188,676355,0.084148,235,5978632,0.743826,258,6654987,0.827974,8037679
4,2021-07-05,9183,12175088,7474,7353860,1295,4407050,414,414178,4167,676049,0.08411,4936,5983568,0.74444,4630,6659617,0.82855,8037679
4,2021-07-06,16434,12191522,12953,7366813,2681,4409731,800,414978,6051,672746,0.083699,10265,5993833,0.745717,6962,6666579,0.829416,8037679
4,2021-07-07,13674,12205196,10672,7377485,2227,4411958,775,415753,5166,670385,0.083405,8419,6002252,0.746764,6058,6672637,0.83017,8037679
4,2021-07-08,13173,12218369,10310,7387795,2039,4413997,824,416577,5151,668546,0.083176,7907,6010159,0.747748,6068,6678705,0.830925,8037679
4,2021-07-09,15336,12233705,11776,7399571,2627,4416624,933,417510,6231,666857,0.082966,8968,6019127,0.748864,7279,6685984,0.83183,8037679
4,2021-07-10,8789,12242494,6948,7406519,1443,4418067,398,417908,3686,665981,0.082857,5020,6024147,0.749488,4144,6690128,0.832346,8037679
4,2021-07-11,4973,12247467,3984,7410503,788,4418855,201,418109,2236,665750,0.082829,2697,6026844,0.749824,2466,6692594,0.832653,8037679
4,2021-07-12,12992,12260459,10301,7420804,1976,4420831,715,418824,5037,663735,0.082578,7875,6034719,0.750804,5860,6698454,0.833382,8037679
4,2021-07-13,12679,12273138,9710,7430514,2340,4423171,629,419453,5386,662662,0.082444,7188,6041907,0.751698,6115,6704569,0.834142,8037679
4,2021-07-14,11655,12284793,9182,7439696,1929,4425100,544,419997,5050,661807,0.082338,6521,6048428,0.752509,5666,6710235,0.834847,8037679
4,2021-07-15,12381,12297174,9834,7449530,1965,4427065,582,420579,5652,661514,0.082302,6602,6055030,0.753331,6309,6716544,0.835632,8037679
4,2021-07-16,14875,12312049,11597,7461127,2611,4429676,667,421246,6845,661205,0.082263,7928,6062958,0.754317,7619,6724163,0.83658,8037679
4,2021-07-17,9287,12321336,7339,7468466,1625,4431301,323,421569,4382,661147,0.082256,4805,6067763,0.754915,4747,6728910,0.837171,8037679
4,2021-07-18,5339,12326675,4297,7472763,843,4432144,199,421768,2518,661125,0.082253,2762,6070525,0.755258,2740,6731650,0.837512,8037679
4,2021-07-19,12719,12339394,10100,7482863,1977,4434121,642,422410,6031,661294,0.082274,6597,6077122,0.756079,6766,6738416,0.838353,8037679
4,2021-07-20,13633,12353027,10522,7493385,2460,4436581,651,423061,6728,661992,0.082361,6762,6083884,0.75692,7460,6745876,0.839282,8037679
4,2021-07-21,12723,12365750,9878,7503263,2214,4438795,631,423692,6330,662750,0.082455,6262,6090146,0.7577,7020,6752896,0.840155,8037679
4,2021-07-22,13370,12379120,10442,7513705,2283,4441078,645,424337,6956,664126,0.082627,6286,6096432,0.758482,7662,6760558,0.841108,8037679
4,2021-07-23,15537,12394657,12007,7525712,2854,4443932,676,425013,8154,665825,0.082838,7221,6103653,0.75938,8920,6769478,0.842218,8037679
4,2021-07-24,9549,12404206,7480,7533192,1743,4445675,326,425339,4908,666603,0.082935,4505,6108158,0.759941,5283,6774761,0.842875,8037679
4,2021-07-25,4741,12408947,3736,7536928,852,4446527,153,425492,3348,668782,0.083206,1337,6109495,0.760107,3516,6778277,0.843313,8037679
4,2021-07-26,12806,12421753,10060,7546988,2103,4448630,643,426135,7463,671740,0.083574,5204,6114699,0.760754,8162,6786439,0.844328,8037679
4,2021-07-27,14083,12435836,10819,7557807,2526,4451156,738,426873,7603,673790,0.083829,6334,6121033,0.761542,8384,6794823,0.845371,8037679
4,2021-07-28,12899,12448735,9892,7567699,2347,4453503,660,427533,7177,676127,0.08412,5555,6126588,0.762233,7892,6802715,0.846353,8037679
4,2021-07-29,13010,12461745,10131,7577830,2211,4455714,668,428201,7320,678711,0.084441,5486,6132074,0.762916,8070,6810785,0.847357,8037679
4,2021-07-30,9964,12471709,7492,7585322,1851,4457565,621,428822,5279,680196,0.084626,4478,6136552,0.763473,5963,6816748,0.848099,8037679
