hpiquartile,administered_date,total_doses,cumulative_total_doses,pfizer_doses,cumulative_pfizer_doses,moderna_doses,cumulative_moderna_doses,jj_doses,cumulative_jj_doses,partially_vaccinated,total_partially_vaccinated,pct_age16pop_partially_vaccinated,fully_vaccinated,cumulative_fully_vaccinated,pct_age16pop_fully_vaccinated,at_least_one_dose,cumulative_at_least_one_dose,pct_age16pop_at_least_one_dose,age16_population
1,2020-12-15,144,144,144,144,0,0,0,0,144,144,1.8e-05,0,0,0.0,144,144,1.8e-05,8051741
1,2020-12-16,1276,1420,1276,1420,0,0,0,0,1276,1420,0.000176,0,0,0.0,1276,1420,0.000176,8051741
1,2020-12-17,4101,5521,4101,5521,0,0,0,0,4102,5522,0.000686,0,0,0.0,4102,5522,0.000686,8051741
1,2020-12-18,6073,11594,6032,11553,41,41,0,0,6078,11600,0.001441,0,0,0.0,6078,11600,0.001441,8051741
1,2020-12-19,2781,14375,2781,14334,0,41,0,0,2781,14380,0.001786,1,1,0.0,2781,14381,0.001786,8051741
1,2020-12-20,2029,16404,2026,16360,3,44,0,0,2031,16411,0.002038,0,1,0.0,2031,16412,0.002038,8051741
1,2020-12-21,7839,24243,7826,24186,13,57,0,0,7895,24306,0.003019,0,1,0.0,7895,24307,0.003019,8051741
1,2020-12-22,7384,31627,6941,31127,443,500,0,0,7388,31693,0.003936,1,2,0.0,7388,31695,0.003936,8051741
1,2020-12-23,7573,39200,6313,37440,1260,1760,0,0,7571,39264,0.004876,0,2,0.0,7571,39266,0.004877,8051741
1,2020-12-24,3264,42464,2323,39763,941,2701,0,0,3265,42529,0.005282,0,2,0.0,3265,42531,0.005282,8051741
1,2020-12-25,230,42694,147,39910,83,2784,0,0,230,42759,0.005311,0,2,0.0,230,42761,0.005311,8051741
1,2020-12-26,1328,44022,966,40876,362,3146,0,0,1328,44086,0.005475,1,3,0.0,1328,44089,0.005476,8051741
1,2020-12-27,851,44873,526,41402,325,3471,0,0,852,44938,0.005581,0,3,0.0,852,44941,0.005582,8051741
1,2020-12-28,7178,52051,4973,46375,2205,5676,0,0,7178,52116,0.006473,0,3,0.0,7178,52119,0.006473,8051741
1,2020-12-29,8690,60741,4943,51318,3747,9423,0,0,8686,60800,0.007551,2,5,1e-06,8686,60805,0.007552,8051741
1,2020-12-30,11243,71984,6230,57548,5013,14436,0,0,11265,72065,0.00895,0,5,1e-06,11265,72070,0.008951,8051741
1,2020-12-31,5756,77740,1877,59425,3879,18315,0,0,5935,78000,0.009687,0,5,1e-06,5935,78005,0.009688,8051741
1,2021-01-01,478,78218,156,59581,322,18637,0,0,477,78477,0.009747,0,5,1e-06,477,78482,0.009747,8051741
1,2021-01-02,2712,80930,1604,61185,1108,19745,0,0,2811,81288,0.010096,0,5,1e-06,2811,81293,0.010096,8051741
1,2021-01-03,994,81924,532,61717,462,20207,0,0,994,82281,0.010219,1,6,1e-06,994,82287,0.01022,8051741
1,2021-01-04,7248,89172,3520,65237,3728,23935,0,0,7274,89554,0.011122,1,7,1e-06,7274,89561,0.011123,8051741
1,2021-01-05,10831,100003,5203,70440,5628,29563,0,0,10107,98942,0.012288,774,781,9.7e-05,10162,99723,0.012385,8051741
1,2021-01-06,13997,114000,7115,77555,6882,36445,0,0,12198,109358,0.013582,1788,2569,0.000319,12204,111927,0.013901,8051741
1,2021-01-07,17614,131614,9208,86763,8406,44851,0,0,13247,118378,0.014702,4232,6801,0.000845,13252,125179,0.015547,8051741
1,2021-01-08,20057,151671,10320,97083,9737,54588,0,0,14347,127022,0.015776,5708,12509,0.001554,14352,139531,0.017329,8051741
1,2021-01-09,6485,158156,3260,100343,3225,57813,0,0,4784,130052,0.016152,1757,14266,0.001772,4787,144318,0.017924,8051741
1,2021-01-10,3000,161156,1706,102049,1294,59107,0,0,1848,130755,0.016239,1146,15412,0.001914,1849,146167,0.018153,8051741
1,2021-01-11,18301,179457,12049,114098,6252,65359,0,0,11444,135492,0.016828,6727,22139,0.00275,11464,157631,0.019577,8051741
1,2021-01-12,19174,198631,10752,124850,8422,73781,0,0,13182,142701,0.017723,5979,28118,0.003492,13188,170819,0.021215,8051741
1,2021-01-13,19729,218360,10450,135300,9279,83060,0,0,14782,152522,0.018943,4975,33093,0.00411,14796,185615,0.023053,8051741
1,2021-01-14,22276,240636,9315,144615,12961,96021,0,0,19606,169590,0.021063,2594,35687,0.004432,19662,205277,0.025495,8051741
1,2021-01-15,25305,265941,9488,154103,15817,111838,0,0,23339,191029,0.023725,1966,37653,0.004676,23405,228682,0.028402,8051741
1,2021-01-16,14111,280052,4508,158611,9603,121441,0,0,13366,203557,0.025281,840,38493,0.004781,13368,242050,0.030062,8051741
1,2021-01-17,5942,285994,1921,160532,4021,125462,0,0,5752,208948,0.025951,366,38859,0.004826,5757,247807,0.030777,8051741
1,2021-01-18,14811,300805,8972,169504,5839,131301,0,0,11491,217182,0.026973,3319,42178,0.005238,11553,259360,0.032212,8051741
1,2021-01-19,24127,324932,12822,182326,11305,142606,0,0,19027,231167,0.02871,5088,47266,0.00587,19073,278433,0.03458,8051741
1,2021-01-20,27407,352339,13255,195581,14152,156758,0,0,22098,248000,0.030801,5292,52558,0.006528,22125,300558,0.037328,8051741
1,2021-01-21,30940,383279,14968,210549,15972,172730,0,0,28122,273337,0.033948,2879,55437,0.006885,28216,328774,0.040833,8051741
1,2021-01-22,27200,410479,10884,221433,16316,189046,0,0,25375,296856,0.036869,1875,57312,0.007118,25394,354168,0.043987,8051741
1,2021-01-23,18267,428746,8075,229508,10192,199238,0,0,16443,311469,0.038683,1841,59153,0.007347,16454,370622,0.04603,8051741
1,2021-01-24,6396,435142,4048,233556,2348,201586,0,0,5768,316602,0.039321,638,59791,0.007426,5771,376393,0.046747,8051741
1,2021-01-25,25299,460441,10104,243660,15195,216781,0,0,19865,331108,0.041123,5496,65287,0.008108,20002,396395,0.049231,8051741
1,2021-01-26,28272,488713,13257,256917,15015,231796,0,0,21750,346366,0.043018,6521,71808,0.008918,21779,418174,0.051936,8051741
1,2021-01-27,30776,519489,15277,272194,15499,247295,0,0,23028,361630,0.044913,7787,79595,0.009885,23051,441225,0.054799,8051741
1,2021-01-28,34212,553701,16195,288389,18017,265312,0,0,27790,382796,0.047542,6677,86272,0.010715,27843,469068,0.058257,8051741
1,2021-01-29,33563,587264,16415,304804,17148,282460,0,0,27532,404055,0.050182,6318,92590,0.011499,27577,496645,0.061682,8051741
1,2021-01-30,20471,607735,8566,313370,11905,294365,0,0,18511,420609,0.052238,1965,94555,0.011743,18519,515164,0.063982,8051741
1,2021-01-31,8378,616113,5165,318535,3213,297578,0,0,7957,427836,0.053136,732,95287,0.011834,7959,523123,0.06497,8051741
1,2021-02-01,27812,643925,12008,330543,15804,313382,0,0,20774,441377,0.054818,7237,102524,0.012733,20778,543901,0.067551,8051741
1,2021-02-02,31306,675231,11291,341834,20015,333397,0,0,23611,457283,0.056793,7736,110260,0.013694,23642,567543,0.070487,8051741
1,2021-02-03,38761,713992,14638,356472,24123,357520,0,0,28217,474952,0.058987,10576,120836,0.015007,28245,595788,0.073995,8051741
1,2021-02-04,43883,757875,16972,373444,26911,384431,0,0,32061,495129,0.061493,11928,132764,0.016489,32105,627893,0.077982,8051741
1,2021-02-05,46445,804320,17251,390695,29194,413625,0,0,30762,510180,0.063363,15753,148517,0.018445,30804,658697,0.081808,8051741
1,2021-02-06,26145,830465,10490,401185,15655,429280,0,0,20369,524824,0.065181,5738,154255,0.019158,20382,679079,0.084339,8051741
1,2021-02-07,5982,836447,3793,404978,2189,431469,0,0,4455,527780,0.065549,1518,155773,0.019346,4474,683553,0.084895,8051741
1,2021-02-08,30853,867300,14038,419016,16815,448284,0,0,20583,538066,0.066826,10375,166148,0.020635,20661,704214,0.087461,8051741
1,2021-02-09,37611,904911,16294,435310,21317,469601,0,0,22929,546244,0.067842,14822,180970,0.022476,23000,727214,0.090318,8051741
1,2021-02-10,45978,950889,21659,456969,24319,493920,0,0,26877,553936,0.068797,19254,200224,0.024867,26946,754160,0.093664,8051741
1,2021-02-11,50991,1001880,25497,482466,25494,519414,0,0,30613,563916,0.070037,20724,220948,0.027441,30704,784864,0.097478,8051741
1,2021-02-12,49268,1051148,21012,503478,28256,547670,0,0,28640,572014,0.071042,20667,241615,0.030008,28765,813629,0.10105,8051741
1,2021-02-13,26530,1077678,10973,514451,15557,563227,0,0,15195,576000,0.071537,11287,252902,0.03141,15273,828902,0.102947,8051741
1,2021-02-14,12139,1089817,5281,519732,6858,570085,0,0,6509,576970,0.071658,5609,258511,0.032106,6579,835481,0.103764,8051741
1,2021-02-15,23295,1113112,9115,528847,14180,584265,0,0,14182,582155,0.072302,9125,267636,0.03324,14310,849791,0.105541,8051741
1,2021-02-16,45165,1158277,21547,550394,23618,607883,0,0,27194,591349,0.073444,18115,285751,0.035489,27309,877100,0.108933,8051741
1,2021-02-17,47112,1205389,23979,574373,23133,631016,0,0,26322,596982,0.074143,20828,306579,0.038076,26461,903561,0.112219,8051741
1,2021-02-18,49796,1255185,24751,599124,25045,656061,0,0,26409,600190,0.074542,23417,329996,0.040984,26625,930186,0.115526,8051741
1,2021-02-19,45153,1300338,24414,623538,20739,676800,0,0,26637,608346,0.075555,18557,348553,0.043289,26713,956899,0.118844,8051741
1,2021-02-20,25486,1325824,15519,639057,9967,686767,0,0,14944,612574,0.07608,10793,359346,0.04463,15021,971920,0.120709,8051741
1,2021-02-21,8876,1334700,7807,646864,1069,687836,0,0,5692,614929,0.076372,3374,362720,0.045049,5729,977649,0.121421,8051741
1,2021-02-22,30195,1364895,20419,667283,9776,697612,0,0,19076,622546,0.077318,11550,374270,0.046483,19167,996816,0.123801,8051741
1,2021-02-23,42625,1407520,20492,687775,22133,719745,0,0,24326,628891,0.078106,18314,392584,0.048758,24659,1021475,0.126864,8051741
1,2021-02-24,54123,1461643,26916,714691,27207,746952,0,0,32376,639681,0.079446,22031,414615,0.051494,32821,1054296,0.13094,8051741
1,2021-02-25,64680,1526323,31612,746303,33068,780020,0,0,41198,657677,0.081681,23702,438317,0.054438,41698,1095994,0.136119,8051741
1,2021-02-26,72225,1598548,33675,779978,38550,818570,0,0,48851,683183,0.084849,23804,462121,0.057394,49310,1145304,0.142243,8051741
1,2021-02-27,48026,1646574,20474,800452,27551,846121,1,1,31677,698364,0.086735,16760,478881,0.059475,31941,1177245,0.14621,8051741
1,2021-02-28,18715,1665289,10876,811328,7839,853960,0,1,13819,707011,0.087808,5321,484202,0.060136,13968,1191213,0.147945,8051741
1,2021-03-01,42900,1708189,19279,830607,23615,877575,6,7,28323,720564,0.089492,15009,499211,0.062,28562,1219775,0.151492,8051741
1,2021-03-02,57125,1765314,23277,853884,33846,911421,2,9,37023,737878,0.091642,20361,519572,0.064529,37675,1257450,0.156171,8051741
1,2021-03-03,67590,1832904,32712,886596,34868,946289,10,19,41096,753277,0.093555,26293,545865,0.067795,41692,1299142,0.161349,8051741
1,2021-03-04,75167,1908071,35159,921755,39979,986268,29,48,48500,775838,0.096357,26469,572334,0.071082,49030,1348172,0.167439,8051741
1,2021-03-05,73839,1981910,32670,954425,40975,1027243,194,242,49925,802905,0.099718,23679,596013,0.074023,50746,1398918,0.173741,8051741
1,2021-03-06,55346,2037256,27089,981514,26982,1054225,1275,1517,38672,826615,0.102663,16674,612687,0.076094,40384,1439302,0.178757,8051741
1,2021-03-07,18972,2056228,12082,993596,6103,1060328,787,2304,14294,837291,0.103989,4658,617345,0.076672,15334,1454636,0.180661,8051741
1,2021-03-08,41825,2098053,20069,1013665,19913,1080241,1843,4147,29115,856015,0.106314,12566,629911,0.078233,31290,1485926,0.184547,8051741
1,2021-03-09,58219,2156272,25211,1038876,30616,1110857,2392,6539,35774,872191,0.108323,22347,652258,0.081008,38523,1524449,0.189332,8051741
1,2021-03-10,70566,2226838,34899,1073775,31599,1142456,4068,10607,44651,895533,0.111222,25772,678030,0.084209,49114,1573563,0.195431,8051741
1,2021-03-11,85808,2312646,39738,1113513,38830,1181286,7240,17847,51483,920629,0.114339,34096,712126,0.088444,59192,1632755,0.202783,8051741
1,2021-03-12,93034,2405680,40760,1154273,39648,1220934,12626,30473,53792,948439,0.117793,39106,751232,0.093301,66916,1699671,0.211094,8051741
1,2021-03-13,60126,2465806,28218,1182491,24434,1245368,7474,37947,38952,974090,0.120979,21145,772377,0.095927,46796,1746467,0.216906,8051741
1,2021-03-14,23497,2489303,13249,1195740,6710,1252078,3538,41485,14290,982943,0.122078,9178,781555,0.097067,18031,1764498,0.219145,8051741
1,2021-03-15,65000,2554303,29472,1225212,28836,1280914,6692,48177,37910,1001031,0.124325,26902,808457,0.100408,44990,1809488,0.224733,8051741
1,2021-03-16,84173,2638476,39236,1264448,39478,1320392,5459,53636,53056,1028953,0.127793,30984,839441,0.104256,58906,1868394,0.232048,8051741
1,2021-03-17,91630,2730106,45427,1309875,39826,1360218,6377,60013,58129,1060525,0.131714,33372,872813,0.108401,64944,1933338,0.240114,8051741
1,2021-03-18,94711,2824817,49369,1359244,39659,1399877,5683,65696,57829,1087979,0.135123,36538,909351,0.112938,63992,1997330,0.248062,8051741
1,2021-03-19,102176,2926993,53083,1412327,42703,1442580,6390,72086,60985,1114887,0.138465,40986,950337,0.118029,67894,2065224,0.256494,8051741
1,2021-03-20,67555,2994548,35248,1447575,27461,1470041,4846,76932,44960,1142498,0.141895,22460,972797,0.120818,50071,2115295,0.262713,8051741
1,2021-03-21,25945,3020493,18007,1465582,6206,1476247,1732,78664,16915,1152271,0.143108,8974,981771,0.121933,18747,2134042,0.265041,8051741
1,2021-03-22,57001,3077494,29963,1495545,24129,1500376,2909,81573,39277,1177212,0.146206,17601,999372,0.124119,42542,2176584,0.270325,8051741
1,2021-03-23,81333,3158827,41772,1537317,36287,1536663,3274,84847,53907,1207579,0.149977,27273,1026645,0.127506,57640,2234224,0.277483,8051741
1,2021-03-24,86803,3245630,45031,1582348,37661,1574324,4111,88958,53039,1231336,0.152928,33593,1060238,0.131678,57350,2291574,0.284606,8051741
1,2021-03-25,91906,3337536,47795,1630143,38969,1613293,5142,94100,53444,1251927,0.155485,38235,1098473,0.136427,58826,2350400,0.291912,8051741
1,2021-03-26,101599,3439135,49178,1679321,46380,1659673,6041,100141,57283,1271500,0.157916,44085,1142558,0.141902,63658,2414058,0.299818,8051741
1,2021-03-27,70144,3509279,37068,1716389,29483,1689156,3593,103734,36177,1277678,0.158683,33805,1176363,0.1461,39983,2454041,0.304784,8051741
1,2021-03-28,31177,3540456,20466,1736855,9572,1698728,1139,104873,16967,1281962,0.159216,14151,1190514,0.147858,18435,2472476,0.307073,8051741
1,2021-03-29,63569,3604025,32333,1769188,28812,1727540,2424,107297,36942,1295054,0.160841,26509,1217023,0.15115,39601,2512077,0.311992,8051741
1,2021-03-30,88417,3692442,44264,1813452,38716,1766256,5437,112734,52084,1316398,0.163492,36327,1253350,0.155662,57671,2569748,0.319154,8051741
1,2021-03-31,95953,3788395,50945,1864397,39426,1805682,5582,118316,55697,1337733,0.166142,40056,1293406,0.160637,61391,2631139,0.326779,8051741
1,2021-04-01,103786,3892181,50047,1914444,46022,1851704,7717,126033,55789,1353574,0.168109,47786,1341192,0.166572,63627,2694766,0.334681,8051741
1,2021-04-02,102689,3994870,46414,1960858,47422,1899126,8853,134886,54422,1369197,0.17005,47932,1389124,0.172525,63555,2758321,0.342574,8051741
1,2021-04-03,73268,4068138,37680,1998538,27244,1926370,8344,143230,36041,1376593,0.170968,37109,1426233,0.177133,44505,2802826,0.348102,8051741
1,2021-04-04,22130,4090268,11142,2009680,7954,1934324,3034,146264,10080,1377695,0.171105,12018,1438251,0.178626,13120,2815946,0.349731,8051741
1,2021-04-05,69933,4160201,34334,2044014,27330,1961654,8269,154533,34189,1384752,0.171982,35626,1473877,0.183051,42683,2858629,0.355032,8051741
1,2021-04-06,87259,4247460,42886,2086900,33127,1994781,11246,165779,42412,1393876,0.173115,44666,1518543,0.188598,53790,2912419,0.361713,8051741
1,2021-04-07,62195,4309655,29015,2115915,23934,2018715,9246,175025,28733,1398563,0.173697,33336,1551879,0.192738,38023,2950442,0.366435,8051741
2,2020-12-15,227,227,227,227,0,0,0,0,233,233,3e-05,0,0,0.0,233,233,3e-05,7897587
2,2020-12-16,1908,2135,1908,2135,0,0,0,0,1917,2150,0.000272,0,0,0.0,1917,2150,0.000272,7897587
2,2020-12-17,6599,8734,6599,8734,0,0,0,0,6645,8795,0.001114,0,0,0.0,6645,8795,0.001114,7897587
2,2020-12-18,11014,19748,10993,19727,21,21,0,0,11075,19870,0.002516,0,0,0.0,11075,19870,0.002516,7897587
2,2020-12-19,5688,25436,5684,25411,4,25,0,0,5690,25560,0.003236,0,0,0.0,5690,25560,0.003236,7897587
2,2020-12-20,4373,29809,4367,29778,6,31,0,0,4369,29929,0.00379,0,0,0.0,4369,29929,0.00379,7897587
2,2020-12-21,12414,42223,12377,42155,37,68,0,0,12404,42333,0.00536,0,0,0.0,12404,42333,0.00536,7897587
2,2020-12-22,11825,54048,11377,53532,448,516,0,0,11828,54161,0.006858,0,0,0.0,11828,54161,0.006858,7897587
2,2020-12-23,11470,65518,9310,62842,2160,2676,0,0,11480,65641,0.008312,0,0,0.0,11480,65641,0.008312,7897587
2,2020-12-24,5770,71288,3416,66258,2354,5030,0,0,5769,71410,0.009042,0,0,0.0,5769,71410,0.009042,7897587
2,2020-12-25,477,71765,401,66659,76,5106,0,0,478,71888,0.009103,0,0,0.0,478,71888,0.009103,7897587
2,2020-12-26,2529,74294,1662,68321,867,5973,0,0,2532,74420,0.009423,0,0,0.0,2532,74420,0.009423,7897587
2,2020-12-27,2199,76493,1191,69512,1008,6981,0,0,2198,76617,0.009701,1,1,0.0,2198,76618,0.009701,7897587
2,2020-12-28,10587,87080,6896,76408,3691,10672,0,0,10588,87204,0.011042,1,2,0.0,10588,87206,0.011042,7897587
2,2020-12-29,12611,99691,7130,83538,5481,16153,0,0,12615,99819,0.012639,0,2,0.0,12615,99821,0.012639,7897587
2,2020-12-30,15431,115122,8725,92263,6706,22859,0,0,15486,115305,0.0146,0,2,0.0,15486,115307,0.0146,7897587
2,2020-12-31,7464,122586,2804,95067,4660,27519,0,0,7552,122856,0.015556,1,3,0.0,7552,122859,0.015557,7897587
2,2021-01-01,1042,123628,502,95569,540,28059,0,0,1046,123901,0.015688,1,4,1e-06,1046,123905,0.015689,7897587
2,2021-01-02,4822,128450,2785,98354,2037,30096,0,0,4819,128720,0.016299,0,4,1e-06,4819,128724,0.016299,7897587
2,2021-01-03,1401,129851,776,99130,625,30721,0,0,1381,130098,0.016473,3,7,1e-06,1381,130105,0.016474,7897587
2,2021-01-04,11565,141416,5471,104601,6094,36815,0,0,11553,141646,0.017935,5,12,2e-06,11553,141658,0.017937,7897587
2,2021-01-05,13432,154848,6805,111406,6627,43442,0,0,12314,152833,0.019352,1136,1148,0.000145,12323,153981,0.019497,7897587
2,2021-01-06,18823,173671,10519,121925,8304,51746,0,0,15031,164053,0.020773,3817,4965,0.000629,15037,169018,0.021401,7897587
2,2021-01-07,22828,196499,12784,134709,10044,61790,0,0,15513,172189,0.021803,7389,12354,0.001564,15525,184543,0.023367,7897587
2,2021-01-08,25922,222421,15917,150626,10005,71795,0,0,15949,178212,0.022565,9940,22294,0.002823,15963,200506,0.025388,7897587
2,2021-01-09,9382,231803,5381,156007,4001,75796,0,0,6127,181043,0.022924,3300,25594,0.003241,6131,206637,0.026165,7897587
2,2021-01-10,5240,237043,2905,158912,2335,78131,0,0,3036,181852,0.023026,2231,27825,0.003523,3040,209677,0.02655,7897587
2,2021-01-11,25487,262530,17524,176436,7963,86094,0,0,15021,186248,0.023583,10641,38466,0.004871,15037,224714,0.028454,7897587
2,2021-01-12,25291,287821,15829,192265,9462,95556,0,0,16106,193113,0.024452,9278,47744,0.006045,16143,240857,0.030498,7897587
2,2021-01-13,27486,315307,14554,206819,12932,108488,0,0,19797,205178,0.02598,7749,55493,0.007027,19814,260671,0.033006,7897587
2,2021-01-14,28951,344258,11233,218052,17718,126206,0,0,24933,226051,0.028623,4074,59567,0.007542,24947,285618,0.036165,7897587
2,2021-01-15,33876,378134,12507,230559,21369,147575,0,0,30753,253665,0.032119,3165,62732,0.007943,30779,316397,0.040062,7897587
2,2021-01-16,17282,395416,5539,236098,11743,159318,0,0,16053,268399,0.033985,1329,64061,0.008111,16063,332460,0.042096,7897587
2,2021-01-17,9937,405353,3501,239599,6436,165754,0,0,9265,276955,0.035068,713,64774,0.008202,9269,341729,0.04327,7897587
2,2021-01-18,18736,424089,10545,250144,8191,173945,0,0,14235,286628,0.036293,4579,69353,0.008782,14252,355981,0.045075,7897587
2,2021-01-19,31365,455454,16542,266686,14823,188768,0,0,23605,302505,0.038303,7835,77188,0.009774,23712,379693,0.048077,7897587
2,2021-01-20,36098,491552,17947,284633,18151,206919,0,0,27616,321677,0.040731,8527,85715,0.010853,27699,407392,0.051584,7897587
2,2021-01-21,38970,530522,16093,300726,22877,229796,0,0,34519,351857,0.044552,4460,90175,0.011418,34640,442032,0.055971,7897587
2,2021-01-22,38789,569311,16182,316908,22607,252403,0,0,35552,384188,0.048646,3247,93422,0.011829,35578,477610,0.060475,7897587
2,2021-01-23,23794,593105,10754,327662,13040,265443,0,0,20904,402248,0.050933,2872,96294,0.012193,20932,498542,0.063126,7897587
2,2021-01-24,12215,605320,6027,333689,6188,271631,0,0,11335,412719,0.052259,872,97166,0.012303,11343,509885,0.064562,7897587
2,2021-01-25,31820,637140,15369,349058,16451,288082,0,0,23417,427776,0.054165,8417,105583,0.013369,23474,533359,0.067534,7897587
2,2021-01-26,38830,675970,19426,368484,19404,307486,0,0,30153,449298,0.056891,8689,114272,0.014469,30211,563570,0.07136,7897587
2,2021-01-27,43889,719859,22423,390907,21466,328952,0,0,34291,474111,0.060032,9521,123793,0.015675,34334,597904,0.075707,7897587
2,2021-01-28,46662,766521,21866,412773,24796,353748,0,0,38391,504253,0.063849,8296,132089,0.016725,38438,636342,0.080574,7897587
2,2021-01-29,44059,810580,21616,434389,22443,376191,0,0,35772,531747,0.06733,8309,140398,0.017777,35803,672145,0.085108,7897587
2,2021-01-30,30742,841322,13510,447899,17232,393423,0,0,27610,556275,0.070436,3109,143507,0.018171,27637,699782,0.088607,7897587
2,2021-01-31,16375,857697,10033,457932,6342,399765,0,0,15190,570306,0.072213,1174,144681,0.01832,15205,714987,0.090532,7897587
2,2021-02-01,38809,896506,18571,476503,20238,420003,0,0,28537,588529,0.07452,10344,155025,0.019629,28567,743554,0.09415,7897587
2,2021-02-02,46509,943015,19201,495704,27308,447311,0,0,35355,612753,0.077587,11226,166251,0.021051,35450,779004,0.098638,7897587
2,2021-02-03,52040,995055,23003,518707,29037,476348,0,0,38786,638253,0.080816,13360,179611,0.022743,38860,817864,0.103559,7897587
2,2021-02-04,54131,1049186,23294,542001,30837,507185,0,0,39617,663338,0.083992,14616,194227,0.024593,39701,857565,0.108586,7897587
2,2021-02-05,58090,1107276,25661,567662,32429,539614,0,0,39792,684936,0.086727,18372,212599,0.026919,39970,897535,0.113647,7897587
2,2021-02-06,38955,1146231,18057,585719,20898,560512,0,0,31499,709112,0.089788,7401,220000,0.027857,31577,929112,0.117645,7897587
2,2021-02-07,15100,1161331,9854,595573,5246,565758,0,0,11269,716625,0.09074,3820,223820,0.02834,11333,940445,0.11908,7897587
2,2021-02-08,41423,1202754,20897,616470,20526,586284,0,0,28670,732705,0.092776,12775,236595,0.029958,28855,969300,0.122734,7897587
2,2021-02-09,47342,1250096,22301,638771,25041,611325,0,0,29844,745233,0.094362,17627,254222,0.03219,30155,999455,0.126552,7897587
2,2021-02-10,58121,1308217,27218,665989,30903,642228,0,0,34455,756261,0.095758,23768,277990,0.035199,34796,1034251,0.130958,7897587
2,2021-02-11,59934,1368151,27094,693083,32840,675068,0,0,34682,766172,0.097013,25241,303231,0.038395,35152,1069403,0.135409,7897587
2,2021-02-12,62489,1430640,27030,720113,35459,710527,0,0,33720,771638,0.097706,28892,332123,0.042054,34358,1103761,0.139759,7897587
2,2021-02-13,36365,1467005,15105,735218,21260,731787,0,0,21264,777991,0.09851,15288,347411,0.04399,21641,1125402,0.142499,7897587
2,2021-02-14,18936,1485941,8940,744158,9996,741783,0,0,11181,781565,0.098963,7967,355378,0.044998,11541,1136943,0.143961,7897587
2,2021-02-15,31725,1517666,14311,758469,17414,759197,0,0,18020,786767,0.099621,13646,369024,0.046726,18848,1155791,0.146347,7897587
2,2021-02-16,54856,1572522,27360,785829,27496,786693,0,0,29417,791490,0.100219,25395,394419,0.049942,30118,1185909,0.150161,7897587
2,2021-02-17,59401,1631923,30569,816398,28832,815525,0,0,29719,792273,0.100318,29775,424194,0.053712,30558,1216467,0.15403,7897587
2,2021-02-18,63414,1695337,32276,848674,31138,846663,0,0,31352,792590,0.100359,32192,456386,0.057788,32509,1248976,0.158147,7897587
2,2021-02-19,56555,1751892,31744,880418,24811,871474,0,0,28198,792856,0.100392,28554,484940,0.061404,28820,1277796,0.161796,7897587
2,2021-02-20,36195,1788087,23594,904012,12601,884075,0,0,20023,797210,0.100943,16351,501291,0.063474,20705,1298501,0.164417,7897587
2,2021-02-21,16403,1804490,12969,916981,3434,887509,0,0,8746,798890,0.101156,7808,509099,0.064463,9488,1307989,0.165619,7897587
2,2021-02-22,34893,1839383,23830,940811,11063,898572,0,0,16926,798491,0.101106,18034,527133,0.066746,17635,1325624,0.167852,7897587
2,2021-02-23,47562,1886945,24702,965513,22860,921432,0,0,21754,795897,0.100777,26268,553401,0.070072,23674,1349298,0.170849,7897587
2,2021-02-24,64692,1951637,32806,998319,31886,953318,0,0,30269,793989,0.100536,34601,588002,0.074453,32693,1381991,0.174989,7897587
2,2021-02-25,70178,2021815,32283,1030602,37895,991213,0,0,36459,799242,0.101201,34075,622077,0.078768,39328,1421319,0.179969,7897587
2,2021-02-26,78281,2100096,33706,1064308,44575,1035788,0,0,42541,808028,0.102313,35923,658000,0.083317,44709,1466028,0.18563,7897587
2,2021-02-27,56888,2156984,26102,1090410,30782,1066570,4,4,31741,815429,0.10325,25666,683666,0.086566,33067,1499095,0.189817,7897587
2,2021-02-28,27454,2184438,16827,1107237,10627,1077197,0,4,17220,822859,0.104191,10683,694349,0.087919,18113,1517208,0.19211,7897587
2,2021-03-01,53129,2237567,27767,1135004,25353,1102550,9,13,30202,831006,0.105223,23280,717629,0.090867,31427,1548635,0.19609,7897587
2,2021-03-02,60134,2297701,27858,1162862,32273,1134823,3,16,35019,842953,0.106736,25576,743205,0.094105,37523,1586158,0.200841,7897587
2,2021-03-03,73204,2370905,34585,1197447,38617,1173440,2,18,40679,853779,0.108106,32506,775711,0.098221,43332,1629490,0.206328,7897587
2,2021-03-04,80222,2451127,38187,1235634,42013,1215453,22,40,47199,870364,0.110206,33027,808738,0.102403,49612,1679102,0.212609,7897587
2,2021-03-05,75064,2526191,35330,1270964,39444,1254897,290,330,45844,889773,0.112664,29162,837900,0.106096,48571,1727673,0.21876,7897587
2,2021-03-06,57515,2583706,28023,1298987,27875,1282772,1617,1947,35365,906155,0.114738,22084,859984,0.108892,38466,1766139,0.22363,7897587
2,2021-03-07,26661,2610367,15380,1314367,10355,1293127,926,2873,17423,916452,0.116042,9221,869205,0.11006,19518,1785657,0.226102,7897587
2,2021-03-08,47171,2657538,21357,1335724,23436,1316563,2378,5251,30032,933329,0.118179,17167,886372,0.112233,34044,1819701,0.230412,7897587
2,2021-03-09,60840,2718378,24452,1360176,32690,1349253,3698,8949,32985,943606,0.11948,27789,914161,0.115752,38066,1857767,0.235232,7897587
2,2021-03-10,71928,2790306,32760,1392936,33136,1382389,6032,14981,38570,956328,0.121091,33256,947417,0.119963,45978,1903745,0.241054,7897587
2,2021-03-11,87926,2878232,39743,1432679,40685,1423074,7498,22479,47200,971922,0.123066,40560,987977,0.125099,56154,1959899,0.248164,7897587
2,2021-03-12,86333,2964565,35302,1467981,40400,1463474,10631,33110,44296,986350,0.124893,41891,1029868,0.130403,56319,2016218,0.255295,7897587
2,2021-03-13,63092,3027657,26406,1494387,29027,1492501,7659,40769,34790,1001862,0.126857,28241,1058109,0.133979,43753,2059971,0.260835,7897587
2,2021-03-14,31555,3059212,16328,1510715,10934,1503435,4293,45062,17064,1009545,0.12783,14431,1072540,0.135806,22114,2082085,0.263636,7897587
2,2021-03-15,63997,3123209,27949,1538664,31278,1534713,4770,49832,36602,1024739,0.129753,27299,1099839,0.139263,42493,2124578,0.269016,7897587
2,2021-03-16,83399,3206608,36316,1574980,43151,1577864,3932,53764,51927,1050428,0.133006,31335,1131174,0.14323,57024,2181602,0.276237,7897587
2,2021-03-17,87400,3294008,41545,1616525,42005,1619869,3850,57614,56978,1081857,0.136986,30277,1161451,0.147064,61706,2243308,0.28405,7897587
2,2021-03-18,92992,3387000,43474,1659999,45256,1665125,4262,61876,59109,1112129,0.140819,33720,1195171,0.151334,63992,2307300,0.292153,7897587
2,2021-03-19,92310,3479310,43496,1703495,43054,1708179,5760,67636,56447,1139277,0.144256,35667,1230838,0.15585,62815,2370115,0.300106,7897587
2,2021-03-20,67427,3546737,32161,1735656,31442,1739621,3824,71460,45453,1167048,0.147773,21865,1252703,0.158618,49636,2419751,0.306391,7897587
2,2021-03-21,32721,3579458,21066,1756722,9684,1749305,1971,73431,21750,1180293,0.14945,10923,1263626,0.160002,24168,2443919,0.309451,7897587
2,2021-03-22,61100,3640558,33268,1789990,24790,1774095,3042,76473,41603,1206481,0.152766,19358,1282984,0.162453,45546,2489465,0.315218,7897587
2,2021-03-23,79911,3720469,42310,1832300,34780,1808875,2821,79294,53864,1238146,0.156775,25867,1308851,0.165728,57532,2546997,0.322503,7897587
2,2021-03-24,86966,3807435,46333,1878633,37422,1846297,3211,82505,54346,1264121,0.160064,32433,1341284,0.169835,58408,2605405,0.329899,7897587
2,2021-03-25,96670,3904105,47973,1926606,45126,1891423,3571,86076,57164,1286325,0.162876,39306,1380590,0.174812,61510,2666915,0.337687,7897587
2,2021-03-26,97132,4001237,47807,1974413,45983,1937406,3342,89418,55440,1304811,0.165216,41434,1422024,0.180058,59920,2726835,0.345274,7897587
2,2021-03-27,71443,4072680,34950,2009363,33336,1970742,3157,92575,37247,1312044,0.166132,34045,1456069,0.184369,41278,2768113,0.350501,7897587
2,2021-03-28,36364,4109044,22118,2031481,13485,1984227,761,93336,20606,1318437,0.166942,15703,1471772,0.186357,22096,2790209,0.353299,7897587
2,2021-03-29,68258,4177302,34808,2066289,31219,2015446,2231,95567,40826,1335121,0.169054,27295,1499067,0.189813,43979,2834188,0.358868,7897587
2,2021-03-30,87264,4264566,42414,2108703,41280,2056726,3570,99137,55046,1362251,0.17249,32099,1531166,0.193878,59229,2893417,0.366367,7897587
2,2021-03-31,95738,4360304,48482,2157185,42627,2099353,4629,103766,58302,1388275,0.175785,37279,1568445,0.198598,63303,2956720,0.374383,7897587
2,2021-04-01,110016,4470320,51902,2209087,49910,2149263,8204,111970,62122,1411410,0.178714,47699,1616144,0.204638,70834,3027554,0.383352,7897587
2,2021-04-02,103287,4573607,48025,2257112,46154,2195417,9108,121078,58056,1434063,0.181582,45022,1661166,0.210338,67675,3095229,0.391921,7897587
2,2021-04-03,71660,4645267,33998,2291110,28802,2224219,8860,129938,37272,1446353,0.183139,34278,1695444,0.214679,46568,3141797,0.397817,7897587
2,2021-04-04,27996,4673263,14061,2305171,10301,2234520,3634,133572,13513,1449096,0.183486,14444,1709888,0.216508,17187,3158984,0.399994,7897587
2,2021-04-05,74913,4748176,36350,2341521,30531,2265051,8032,141604,37407,1457920,0.184603,37413,1747301,0.221245,46237,3205221,0.405848,7897587
2,2021-04-06,88648,4836824,43135,2384656,34622,2299673,10891,152495,43413,1467624,0.185832,45073,1792374,0.226952,54777,3259998,0.412784,7897587
2,2021-04-07,62762,4899586,30961,2415617,23529,2323202,8272,160767,29871,1473081,0.186523,32773,1825147,0.231102,38230,3298228,0.417625,7897587
3,2020-12-15,298,298,298,298,0,0,0,0,298,298,3.9e-05,0,0,0.0,298,298,3.9e-05,7688185
3,2020-12-16,2101,2399,2101,2399,0,0,0,0,2101,2399,0.000312,0,0,0.0,2101,2399,0.000312,7688185
3,2020-12-17,7470,9869,7470,9869,0,0,0,0,7470,9869,0.001284,0,0,0.0,7470,9869,0.001284,7688185
3,2020-12-18,12651,22520,12641,22510,10,10,0,0,12649,22518,0.002929,0,0,0.0,12649,22518,0.002929,7688185
3,2020-12-19,6933,29453,6922,29432,11,21,0,0,6997,29515,0.003839,0,0,0.0,6997,29515,0.003839,7688185
3,2020-12-20,5429,34882,5421,34853,8,29,0,0,5477,34991,0.004551,1,1,0.0,5477,34992,0.004551,7688185
3,2020-12-21,14016,48898,14005,48858,11,40,0,0,14081,49071,0.006383,1,2,0.0,14081,49073,0.006383,7688185
3,2020-12-22,14201,63099,13671,62529,530,570,0,0,14240,63311,0.008235,0,2,0.0,14240,63313,0.008235,7688185
3,2020-12-23,14340,77439,11788,74317,2552,3122,0,0,14368,77679,0.010104,0,2,0.0,14368,77681,0.010104,7688185
3,2020-12-24,6700,84139,4804,79121,1896,5018,0,0,6698,84376,0.010975,1,3,0.0,6698,84379,0.010975,7688185
3,2020-12-25,711,84850,657,79778,54,5072,0,0,710,85086,0.011067,0,3,0.0,710,85089,0.011068,7688185
3,2020-12-26,4522,89372,2972,82750,1550,6622,0,0,4520,89606,0.011655,0,3,0.0,4520,89609,0.011655,7688185
3,2020-12-27,2915,92287,1825,84575,1090,7712,0,0,2916,92522,0.012034,0,3,0.0,2916,92525,0.012035,7688185
3,2020-12-28,13190,105477,8441,93016,4749,12461,0,0,13217,105738,0.013753,1,4,1e-06,13217,105742,0.013754,7688185
3,2020-12-29,14656,120133,8255,101271,6401,18862,0,0,14688,120425,0.015664,1,5,1e-06,14688,120430,0.015664,7688185
3,2020-12-30,17649,137782,9894,111165,7755,26617,0,0,17638,138063,0.017958,0,5,1e-06,17638,138068,0.017958,7688185
3,2020-12-31,7952,145734,3005,114170,4947,31564,0,0,7950,146011,0.018992,2,7,1e-06,7950,146018,0.018993,7688185
3,2021-01-01,1070,146804,473,114643,597,32161,0,0,1067,147078,0.01913,0,7,1e-06,1067,147085,0.019131,7688185
3,2021-01-02,4873,151677,2393,117036,2480,34641,0,0,4874,151952,0.019764,0,7,1e-06,4874,151959,0.019765,7688185
3,2021-01-03,1544,153221,834,117870,710,35351,0,0,1552,153500,0.019966,4,11,1e-06,1552,153511,0.019967,7688185
3,2021-01-04,11705,164926,5886,123756,5819,41170,0,0,11680,165174,0.021484,6,17,2e-06,11680,165191,0.021486,7688185
3,2021-01-05,15263,180189,7860,131616,7403,48573,0,0,13741,177418,0.023077,1501,1518,0.000197,13745,178936,0.023274,7688185
3,2021-01-06,19612,199801,10242,141858,9370,57943,0,0,15489,188830,0.024561,4082,5600,0.000728,15494,194430,0.025289,7688185
3,2021-01-07,25366,225167,14500,156358,10866,68809,0,0,16483,196468,0.025555,8858,14458,0.001881,16496,210926,0.027435,7688185
3,2021-01-08,29506,254673,18104,174462,11402,80211,0,0,17566,202136,0.026292,11917,26375,0.003431,17585,228511,0.029722,7688185
3,2021-01-09,11864,266537,6683,181145,5181,85392,0,0,7634,205552,0.026736,4223,30598,0.00398,7639,236150,0.030716,7688185
3,2021-01-10,7098,273635,4439,185584,2659,88051,0,0,3974,206408,0.026847,3122,33720,0.004386,3978,240128,0.031233,7688185
3,2021-01-11,28068,301703,18311,203895,9757,97808,0,0,15922,210202,0.027341,12140,45860,0.005965,15934,256062,0.033306,7688185
3,2021-01-12,31225,332928,18620,222515,12605,110413,0,0,19140,217335,0.028269,12069,57929,0.007535,19202,275264,0.035804,7688185
3,2021-01-13,33723,366651,17714,240229,16009,126422,0,0,23870,231284,0.030083,9933,67862,0.008827,23882,299146,0.03891,7688185
3,2021-01-14,33674,400325,13916,254145,19758,146180,0,0,27947,253531,0.032977,5718,73580,0.009571,27965,327111,0.042547,7688185
3,2021-01-15,37742,438067,14125,268270,23617,169797,0,0,33257,282334,0.036723,4479,78059,0.010153,33282,360393,0.046876,7688185
3,2021-01-16,21311,459378,7558,275828,13753,183550,0,0,19024,299098,0.038904,2273,80332,0.010449,19037,379430,0.049352,7688185
3,2021-01-17,12572,471950,4437,280265,8135,191685,0,0,11561,309661,0.040278,1011,81343,0.01058,11574,391004,0.050858,7688185
3,2021-01-18,24294,496244,12620,292885,11674,203359,0,0,18910,323182,0.042036,5404,86747,0.011283,18925,409929,0.053319,7688185
3,2021-01-19,39747,535991,20475,313360,19272,222631,0,0,30915,345352,0.04492,8809,95556,0.012429,30979,440908,0.057349,7688185
3,2021-01-20,43781,579772,21538,334898,22243,244874,0,0,34722,371101,0.048269,9030,104586,0.013603,34779,475687,0.061872,7688185
3,2021-01-21,45914,625686,19674,354572,26240,271114,0,0,40737,406774,0.052909,5108,109694,0.014268,40781,516468,0.067177,7688185
3,2021-01-22,48115,673801,19192,373764,28923,300037,0,0,44111,446901,0.058128,4022,113716,0.014791,44149,560617,0.072919,7688185
3,2021-01-23,29496,703297,12599,386363,16897,316934,0,0,26267,469964,0.061128,3218,116934,0.01521,26281,586898,0.076338,7688185
3,2021-01-24,17213,720510,8404,394767,8809,325743,0,0,16103,484964,0.063079,1108,118042,0.015354,16108,603006,0.078433,7688185
3,2021-01-25,39402,759912,17575,412342,21827,347570,0,0,29811,505250,0.065718,9576,127618,0.016599,29862,632868,0.082317,7688185
3,2021-01-26,45553,805465,21799,434141,23754,371324,0,0,35847,531481,0.06913,9702,137320,0.017861,35933,668801,0.086991,7688185
3,2021-01-27,49141,854606,23871,458012,25270,396594,0,0,38978,560414,0.072893,10081,147401,0.019172,39014,707815,0.092065,7688185
3,2021-01-28,50007,904613,23310,481322,26697,423291,0,0,41502,593521,0.077199,8429,155830,0.020269,41536,749351,0.097468,7688185
3,2021-01-29,49019,953632,23630,504952,25389,448680,0,0,39813,624295,0.081202,9069,164899,0.021448,39843,789194,0.10265,7688185
3,2021-01-30,35618,989250,17069,522021,18549,467229,0,0,31406,651365,0.084723,4403,169302,0.022021,31473,820667,0.106744,7688185
3,2021-01-31,22019,1011269,13063,535084,8956,476185,0,0,20579,670525,0.087215,1432,170734,0.022207,20592,841259,0.109422,7688185
3,2021-02-01,44455,1055724,20340,555424,24115,500300,0,0,34545,695229,0.090428,9874,180608,0.023492,34578,875837,0.11392,7688185
3,2021-02-02,53111,1108835,22710,578134,30401,530701,0,0,40751,723666,0.094127,12359,192967,0.025099,40796,916633,0.119226,7688185
3,2021-02-03,59271,1168106,26817,604951,32454,563155,0,0,44425,753423,0.097998,14727,207694,0.027015,44484,961117,0.125012,7688185
3,2021-02-04,63193,1231299,27952,632903,35241,598396,0,0,46701,783721,0.101938,16490,224184,0.02916,46788,1007905,0.131098,7688185
3,2021-02-05,68579,1299878,29263,662166,39316,637712,0,0,47708,810713,0.105449,20854,245038,0.031872,47846,1055751,0.137321,7688185
3,2021-02-06,42973,1342851,20908,683074,22065,659777,0,0,33352,834639,0.108561,9595,254633,0.03312,33521,1089272,0.141681,7688185
3,2021-02-07,19785,1362636,12745,695819,7040,666817,0,0,15358,845704,0.11,4415,259048,0.033694,15480,1104752,0.143695,7688185
3,2021-02-08,50382,1413018,24441,720260,25941,692758,0,0,33422,862227,0.11215,17068,276116,0.035914,33591,1138343,0.148064,7688185
3,2021-02-09,57075,1470093,28087,748347,28988,721746,0,0,33617,872726,0.113515,23456,299572,0.038965,33955,1172298,0.15248,7688185
3,2021-02-10,65779,1535872,31174,779521,34605,756351,0,0,35780,879081,0.114342,29921,329493,0.042857,36276,1208574,0.157199,7688185
3,2021-02-11,68134,1604006,33616,813137,34518,790869,0,0,36927,885480,0.115174,31047,360540,0.046895,37446,1246020,0.162069,7688185
3,2021-02-12,72893,1676899,31581,844718,41312,832181,0,0,40653,894650,0.116367,32208,392748,0.051085,41378,1287398,0.167451,7688185
3,2021-02-13,43447,1720346,19879,864597,23568,855749,0,0,25270,902462,0.117383,18046,410794,0.053432,25858,1313256,0.170815,7688185
3,2021-02-14,26331,1746677,13309,877906,13022,868771,0,0,14954,906516,0.11791,11336,422130,0.054906,15390,1328646,0.172817,7688185
3,2021-02-15,39000,1785677,16792,894698,22208,890979,0,0,21732,911969,0.11862,17216,439346,0.057146,22669,1351315,0.175765,7688185
3,2021-02-16,67503,1853180,32237,926935,35266,926245,0,0,35478,916440,0.119201,32027,471373,0.061311,36498,1387813,0.180512,7688185
3,2021-02-17,68926,1922106,35009,961944,33917,960162,0,0,33029,914757,0.118982,35813,507186,0.06597,34130,1421943,0.184952,7688185
3,2021-02-18,73548,1995654,38636,1000580,34912,995074,0,0,34313,911247,0.118526,39171,546357,0.071064,35661,1457604,0.18959,7688185
3,2021-02-19,65583,2061237,37956,1038536,27627,1022701,0,0,33632,913613,0.118833,32041,578398,0.075232,34407,1492011,0.194065,7688185
3,2021-02-20,40259,2101496,25624,1064160,14635,1037336,0,0,21521,916961,0.119269,18669,597067,0.07766,22017,1514028,0.196929,7688185
3,2021-02-21,18070,2119566,14823,1078983,3247,1040583,0,0,8637,916447,0.119202,9379,606446,0.07888,8865,1522893,0.198082,7688185
3,2021-02-22,43039,2162605,27867,1106850,15172,1055755,0,0,20232,914390,0.118934,22771,629217,0.081842,20714,1543607,0.200777,7688185
3,2021-02-23,57226,2219831,31218,1138068,26008,1081763,0,0,25100,909375,0.118282,32074,661291,0.086014,27059,1570666,0.204296,7688185
3,2021-02-24,73149,2292980,35492,1173560,37657,1119420,0,0,32368,903518,0.11752,40709,702000,0.091309,34852,1605518,0.208829,7688185
3,2021-02-25,81173,2374153,39081,1212641,42092,1161512,0,0,40562,906200,0.117869,40439,742439,0.096569,43121,1648639,0.214438,7688185
3,2021-02-26,92721,2466874,42154,1254795,50567,1212079,0,0,49189,914299,0.118923,43268,785707,0.102197,51367,1700006,0.221119,7688185
3,2021-02-27,64824,2531698,29370,1284165,35452,1247531,2,2,34584,920059,0.119672,30122,815829,0.106115,35882,1735888,0.225786,7688185
3,2021-02-28,36432,2568130,21363,1305528,15069,1262600,0,2,18973,922626,0.120006,17358,833187,0.108372,19925,1755813,0.228378,7688185
3,2021-03-01,63347,2631477,33631,1339159,29715,1292315,1,3,35466,931661,0.121181,27770,860957,0.111984,36805,1792618,0.233165,7688185
3,2021-03-02,70151,2701628,33848,1373007,36302,1328617,1,4,41150,946056,0.123053,28887,889844,0.115742,43282,1835900,0.238795,7688185
3,2021-03-03,81929,2783557,38695,1411702,43224,1371841,10,14,44779,956086,0.124358,37007,926851,0.120555,47037,1882937,0.244913,7688185
3,2021-03-04,86604,2870161,42581,1454283,44009,1415850,14,28,49494,970898,0.126284,36955,963806,0.125362,51767,1934704,0.251646,7688185
3,2021-03-05,84061,2954222,40906,1495189,42876,1458726,279,307,51502,992507,0.129095,32378,996184,0.129573,53987,1988691,0.258668,7688185
3,2021-03-06,60665,3014887,30250,1525439,28346,1487072,2069,2376,34871,1005232,0.13075,25701,1021885,0.132916,38426,2027117,0.263667,7688185
3,2021-03-07,36038,3050925,21231,1546670,13729,1500801,1078,3454,21224,1013962,0.131886,14777,1036662,0.134838,23507,2050624,0.266724,7688185
3,2021-03-08,55628,3106553,26512,1573182,26383,1527184,2733,6187,35249,1033191,0.134387,20293,1056955,0.137478,39522,2090146,0.271865,7688185
3,2021-03-09,66838,3173391,28428,1601610,34163,1561347,4247,10434,35489,1042886,0.135648,31279,1088234,0.141546,40974,2131120,0.277194,7688185
3,2021-03-10,76718,3250109,37604,1639214,33360,1594707,5754,16188,40662,1054816,0.1372,35938,1124172,0.146221,47868,2178988,0.28342,7688185
3,2021-03-11,90840,3340949,44570,1683784,38354,1633061,7916,24104,45127,1063471,0.138325,45547,1169719,0.152145,54202,2233190,0.29047,7688185
3,2021-03-12,94340,3435289,42146,1725930,41101,1674162,11093,35197,43379,1068254,0.138947,50826,1220545,0.158756,55609,2288799,0.297703,7688185
3,2021-03-13,63775,3499064,27411,1753341,29471,1703633,6893,42090,33856,1080536,0.140545,29850,1250395,0.162639,42132,2330931,0.303184,7688185
3,2021-03-14,35367,3534431,19532,1772873,12483,1716116,3352,45442,19784,1088774,0.141617,15543,1265938,0.16466,23781,2354712,0.306277,7688185
3,2021-03-15,72271,3606702,33913,1806786,34021,1750137,4337,49779,39119,1100214,0.143105,33038,1298976,0.168957,44478,2399190,0.312062,7688185
3,2021-03-16,90633,3697335,41628,1848414,44957,1795094,4048,53827,52387,1119500,0.145613,38093,1337069,0.173912,57379,2456569,0.319525,7688185
3,2021-03-17,93244,3790579,44932,1893346,44060,1839154,4252,58079,57811,1146982,0.149188,35279,1372348,0.178501,62761,2519330,0.327689,7688185
3,2021-03-18,97169,3887748,48971,1942317,44036,1883190,4162,62241,58056,1170902,0.152299,38942,1411290,0.183566,62862,2582192,0.335865,7688185
3,2021-03-19,97255,3985003,51565,1993882,41517,1924707,4173,66414,55574,1189731,0.154748,41495,1452785,0.188963,60324,2642516,0.343711,7688185
3,2021-03-20,68950,4053953,35544,2029426,29969,1954676,3437,69851,43913,1212685,0.157734,24901,1477686,0.192202,47855,2690371,0.349936,7688185
3,2021-03-21,34617,4088570,23591,2053017,9611,1964287,1415,71266,23311,1226648,0.15955,11255,1488941,0.193666,25218,2715589,0.353216,7688185
3,2021-03-22,67295,4155865,39304,2092321,25755,1990042,2236,73502,44849,1252446,0.162905,22316,1511257,0.196569,48114,2763703,0.359474,7688185
3,2021-03-23,85529,4241394,47350,2139671,35954,2025996,2225,75727,56757,1283551,0.166951,28609,1539866,0.20029,59714,2823417,0.367241,7688185
3,2021-03-24,94575,4335969,54821,2194492,37317,2063313,2437,78164,57299,1306866,0.169984,37038,1576904,0.205107,60353,2883770,0.375091,7688185
3,2021-03-25,101946,4437915,56809,2251301,42451,2105764,2686,80850,59928,1328355,0.172779,41785,1618689,0.210542,63274,2947044,0.383321,7688185
3,2021-03-26,105608,4543523,57012,2308313,45476,2151240,3120,83970,57369,1341749,0.174521,48022,1666711,0.216789,61416,3008460,0.39131,7688185
3,2021-03-27,71321,4614844,35929,2344242,32932,2184172,2460,86430,36076,1345869,0.175057,35098,1701809,0.221354,39218,3047678,0.396411,7688185
3,2021-03-28,42481,4657325,26709,2370951,14989,2199161,783,87213,22777,1350285,0.175631,19643,1721452,0.223909,24059,3071737,0.39954,7688185
3,2021-03-29,77347,4734672,40575,2411526,35101,2234262,1671,88884,45058,1365716,0.177638,32130,1753582,0.228088,47561,3119298,0.405726,7688185
3,2021-03-30,96078,4830750,47631,2459157,45306,2279568,3141,92025,59970,1393490,0.181251,35953,1789535,0.232764,63727,3183025,0.414015,7688185
3,2021-03-31,100156,4930906,54058,2513215,41581,2321149,4517,96542,57316,1412964,0.183784,42702,1832237,0.238319,62176,3245201,0.422102,7688185
3,2021-04-01,115268,5046174,58296,2571511,48378,2369527,8594,105136,65118,1437092,0.186922,49990,1882227,0.244821,74118,3319319,0.431743,7688185
3,2021-04-02,110316,5156490,54152,2625663,46565,2416092,9599,114735,60852,1458781,0.189743,49284,1931511,0.251231,70973,3390292,0.440974,7688185
3,2021-04-03,71915,5228405,36408,2662071,27210,2443302,8297,123032,37530,1470700,0.191294,34269,1965780,0.255688,46188,3436480,0.446982,7688185
3,2021-04-04,30940,5259345,16543,2678614,10548,2453850,3849,126881,14521,1472746,0.19156,16376,1982156,0.257818,18422,3454902,0.449378,7688185
3,2021-04-05,84129,5343474,42604,2721218,33111,2486961,8414,135295,42654,1483306,0.192933,41355,2023511,0.263197,51915,3506817,0.456131,7688185
3,2021-04-06,95999,5439473,47095,2768313,37693,2524654,11211,146506,46843,1493133,0.194211,48985,2072496,0.269569,58812,3565629,0.46378,7688185
3,2021-04-07,62597,5502070,32100,2800413,22912,2547566,7585,154091,30790,1499853,0.195085,31701,2104197,0.273692,38421,3604050,0.468778,7688185
4,2020-12-15,444,444,444,444,0,0,0,0,444,444,5.9e-05,0,0,0.0,444,444,5.9e-05,7584050
4,2020-12-16,2913,3357,2913,3357,0,0,0,0,2913,3357,0.000443,0,0,0.0,2913,3357,0.000443,7584050
4,2020-12-17,8423,11780,8423,11780,0,0,0,0,8423,11780,0.001553,0,0,0.0,8423,11780,0.001553,7584050
4,2020-12-18,15237,27017,15229,27009,8,8,0,0,15236,27015,0.003562,1,1,0.0,15236,27016,0.003562,7584050
4,2020-12-19,10163,37180,10157,37166,6,14,0,0,10098,37113,0.004894,0,1,0.0,10098,37114,0.004894,7584050
4,2020-12-20,7333,44513,7321,44487,12,26,0,0,7286,44399,0.005854,0,1,0.0,7286,44400,0.005854,7584050
4,2020-12-21,16132,60645,16112,60599,20,46,0,0,16065,60464,0.007973,0,1,0.0,16065,60465,0.007973,7584050
4,2020-12-22,16939,77584,16231,76830,708,754,0,0,16896,77360,0.0102,0,1,0.0,16896,77361,0.0102,7584050
4,2020-12-23,16722,94306,14065,90895,2657,3411,0,0,16693,94053,0.012401,0,1,0.0,16693,94054,0.012402,7584050
4,2020-12-24,8481,102787,5918,96813,2563,5974,0,0,8481,102534,0.01352,0,1,0.0,8481,102535,0.01352,7584050
4,2020-12-25,895,103682,790,97603,105,6079,0,0,894,103427,0.013637,1,2,0.0,894,103429,0.013638,7584050
4,2020-12-26,6152,109834,3859,101462,2293,8372,0,0,6151,109578,0.014448,0,2,0.0,6151,109580,0.014449,7584050
4,2020-12-27,3408,113242,1991,103453,1417,9789,0,0,3408,112986,0.014898,0,2,0.0,3408,112988,0.014898,7584050
4,2020-12-28,14846,128088,9186,112639,5660,15449,0,0,14817,127802,0.016851,1,3,0.0,14817,127805,0.016852,7584050
4,2020-12-29,15119,143207,8378,121017,6741,22190,0,0,15084,142886,0.01884,0,3,0.0,15084,142889,0.018841,7584050
4,2020-12-30,18734,161941,11011,132028,7723,29913,0,0,18723,161607,0.021309,2,5,1e-06,18723,161612,0.021309,7584050
4,2020-12-31,8096,170037,3300,135328,4796,34709,0,0,8091,169696,0.022375,2,7,1e-06,8091,169703,0.022376,7584050
4,2021-01-01,1089,171126,446,135774,643,35352,0,0,1089,170785,0.022519,0,7,1e-06,1089,170792,0.02252,7584050
4,2021-01-02,5613,176739,3176,138950,2437,37789,0,0,5612,176396,0.023259,1,8,1e-06,5612,176404,0.02326,7584050
4,2021-01-03,2096,178835,1245,140195,851,38640,0,0,2082,178474,0.023533,4,12,2e-06,2082,178486,0.023534,7584050
4,2021-01-04,12841,191676,7007,147202,5834,44474,0,0,12793,191236,0.025216,31,43,6e-06,12793,191279,0.025221,7584050
4,2021-01-05,16548,208224,9793,156995,6755,51229,0,0,14558,203837,0.026877,1966,2009,0.000265,14567,205846,0.027142,7584050
4,2021-01-06,21267,229491,13058,170053,8209,59438,0,0,15491,213618,0.028167,5721,7730,0.001019,15502,221348,0.029186,7584050
4,2021-01-07,27440,256931,16719,186772,10721,70159,0,0,16891,219923,0.028998,10597,18327,0.002417,16902,238250,0.031415,7584050
4,2021-01-08,32382,289313,20780,207552,11602,81761,0,0,18367,224354,0.029582,13950,32277,0.004256,18381,256631,0.033838,7584050
4,2021-01-09,15931,305244,9398,216950,6533,88294,0,0,9341,227136,0.029949,6569,38846,0.005122,9351,265982,0.035071,7584050
4,2021-01-10,8664,313908,5599,222549,3065,91359,0,0,4076,226652,0.029885,4566,43412,0.005724,4082,270064,0.035609,7584050
4,2021-01-11,32975,346883,21558,244107,11417,102776,0,0,18623,230982,0.030456,14312,57724,0.007611,18642,288706,0.038068,7584050
4,2021-01-12,37602,384485,21550,265657,16052,118828,0,0,23749,240911,0.031765,13855,71579,0.009438,23784,312490,0.041204,7584050
4,2021-01-13,38078,422563,18725,284382,19353,138181,0,0,27014,256935,0.033878,11011,82590,0.01089,27035,339525,0.044768,7584050
4,2021-01-14,38578,461141,14716,299098,23862,162043,0,0,31577,281580,0.037128,6958,89548,0.011807,31603,371128,0.048935,7584050
4,2021-01-15,44697,505838,15479,314577,29218,191261,0,0,39236,315429,0.041591,5406,94954,0.01252,39255,410383,0.054111,7584050
4,2021-01-16,28353,534191,9285,323862,19068,210329,0,0,25257,337641,0.04452,3059,98013,0.012924,25271,435654,0.057443,7584050
4,2021-01-17,18833,553024,6617,330479,12216,222545,0,0,17331,353509,0.046612,1477,99490,0.013118,17345,452999,0.05973,7584050
4,2021-01-18,29010,582034,13328,343807,15682,238227,0,0,23083,370790,0.048891,5832,105322,0.013887,23113,476112,0.062778,7584050
4,2021-01-19,45556,627590,23088,366895,22468,260695,0,0,36337,398034,0.052483,9164,114486,0.015096,36408,512520,0.067579,7584050
4,2021-01-20,50836,678426,26884,393779,23952,284647,0,0,40573,428483,0.056498,10171,124657,0.016437,40620,553140,0.072935,7584050
4,2021-01-21,55586,734012,24535,418314,31051,315698,0,0,49332,471655,0.06219,6193,130850,0.017253,49365,602505,0.079444,7584050
4,2021-01-22,54274,788286,21811,440125,32463,348161,0,0,49248,516007,0.068038,4925,135775,0.017903,49277,651782,0.085941,7584050
4,2021-01-23,39215,827501,17361,457486,21854,370015,0,0,34956,546740,0.072091,4250,140025,0.018463,34983,686765,0.090554,7584050
4,2021-01-24,23644,851145,10349,467835,13295,383310,0,0,21798,566710,0.074724,1841,141866,0.018706,21811,708576,0.09343,7584050
4,2021-01-25,47031,898176,21719,489554,25312,408622,0,0,36148,592053,0.078066,10859,152725,0.020138,36202,744778,0.098203,7584050
4,2021-01-26,55574,953750,28389,517943,27185,435807,0,0,43678,623943,0.08227,11841,164566,0.021699,43731,788509,0.103969,7584050
4,2021-01-27,54463,1008213,26368,544311,28095,463902,0,0,43668,657001,0.086629,10655,175221,0.023104,43713,832222,0.109733,7584050
4,2021-01-28,55634,1063847,25239,569550,30395,494297,0,0,45854,693203,0.091403,9692,184913,0.024382,45894,878116,0.115785,7584050
4,2021-01-29,55484,1119331,26655,596205,28829,523126,0,0,45340,728557,0.096064,10007,194920,0.025701,45361,923477,0.121766,7584050
4,2021-01-30,37183,1156514,16918,613123,20265,543391,0,0,31993,755429,0.099608,5143,200063,0.026379,32015,955492,0.125987,7584050
4,2021-01-31,23701,1180215,12467,625590,11234,554625,0,0,22137,776025,0.102323,1550,201613,0.026584,22146,977638,0.128907,7584050
4,2021-02-01,47748,1227963,22582,648172,25166,579791,0,0,37590,803515,0.105948,10138,211751,0.027921,37628,1015266,0.133869,7584050
4,2021-02-02,55376,1283339,26322,674494,29054,608845,0,0,41780,831867,0.109686,13466,225217,0.029696,41818,1057084,0.139383,7584050
4,2021-02-03,61329,1344668,30192,704686,31137,639982,0,0,47325,865344,0.114101,13899,239116,0.031529,47376,1104460,0.145629,7584050
4,2021-02-04,66632,1411300,31130,735816,35502,675484,0,0,50183,899322,0.118581,16295,255411,0.033677,50273,1154733,0.152258,7584050
4,2021-02-05,71920,1483220,33352,769168,38568,714052,0,0,50279,928325,0.122405,21404,276815,0.0365,50407,1205140,0.158905,7584050
4,2021-02-06,47792,1531012,25868,795036,21924,735976,0,0,36438,953642,0.125743,11327,288142,0.037993,36644,1241784,0.163736,7584050
4,2021-02-07,26184,1557196,17258,812294,8926,744902,0,0,19866,967457,0.127565,6282,294424,0.038821,20097,1261881,0.166386,7584050
4,2021-02-08,57547,1614743,29570,841864,27977,772879,0,0,37437,985167,0.1299,19985,314409,0.041457,37695,1299576,0.171356,7584050
4,2021-02-09,66213,1680956,33840,875704,32373,805252,0,0,38871,997145,0.131479,27288,341697,0.045055,39266,1338842,0.176534,7584050
4,2021-02-10,76276,1757232,38232,913936,38044,843296,0,0,40790,1003190,0.132276,35271,376968,0.049705,41316,1380158,0.181982,7584050
4,2021-02-11,79614,1836846,41515,955451,38099,881395,0,0,41361,1007145,0.132798,38057,415025,0.054723,42012,1422170,0.187521,7584050
4,2021-02-12,82950,1919796,37117,992568,45833,927228,0,0,42873,1010859,0.133287,39931,454956,0.059989,43645,1465815,0.193276,7584050
4,2021-02-13,57485,1977281,28957,1021525,28528,955756,0,0,29379,1013082,0.133581,28045,483001,0.063686,30268,1496083,0.197267,7584050
4,2021-02-14,36047,2013328,18598,1040123,17449,973205,0,0,18562,1014802,0.133807,17493,500494,0.065993,19213,1515296,0.1998,7584050
4,2021-02-15,45314,2058642,21234,1061357,24080,997285,0,0,23486,1017700,0.13419,21768,522262,0.068863,24666,1539962,0.203053,7584050
4,2021-02-16,78278,2136920,35733,1097090,42545,1039830,0,0,40074,1020856,0.134606,38130,560392,0.073891,41286,1581248,0.208497,7584050
4,2021-02-17,79210,2216130,37190,1134280,42020,1081850,0,0,38026,1018958,0.134355,41052,601444,0.079304,39154,1620402,0.213659,7584050
4,2021-02-18,81239,2297369,44793,1179073,36446,1118296,0,0,37836,1014986,0.133832,43273,644717,0.08501,39301,1659703,0.218841,7584050
4,2021-02-19,80108,2377477,50522,1229595,29586,1147882,0,0,40539,1016809,0.134072,39443,684160,0.09021,41266,1700969,0.224282,7584050
4,2021-02-20,47347,2424824,31931,1261526,15416,1163298,0,0,26247,1022592,0.134835,21160,705320,0.093,26943,1727912,0.227835,7584050
4,2021-02-21,24580,2449404,19106,1280632,5474,1168772,0,0,11231,1020620,0.134575,13451,718771,0.094774,11479,1739391,0.229349,7584050
4,2021-02-22,51207,2500611,35231,1315863,15976,1184748,0,0,25067,1020059,0.134501,26065,744836,0.098211,25504,1764895,0.232711,7584050
4,2021-02-23,71093,2571704,39282,1355145,31811,1216559,0,0,31387,1013473,0.133632,39612,784448,0.103434,33026,1797921,0.237066,7584050
4,2021-02-24,86269,2657973,45263,1400408,41006,1257565,0,0,39269,1008037,0.132915,46838,831286,0.10961,41402,1839323,0.242525,7584050
4,2021-02-25,96165,2754138,50027,1450435,46138,1303703,0,0,46138,1006823,0.132755,49892,881178,0.116188,48678,1888001,0.248944,7584050
4,2021-02-26,102549,2856687,51595,1502030,50954,1354657,0,0,52980,1012742,0.133536,49378,930556,0.122699,55297,1943298,0.256235,7584050
4,2021-02-27,73945,2930632,40018,1542048,33922,1388579,5,5,39607,1019534,0.134431,34292,964848,0.127221,41084,1984382,0.261652,7584050
4,2021-02-28,44397,2975029,27546,1569594,16850,1405429,1,6,24838,1025742,0.13525,19512,984360,0.129793,25720,2010102,0.265043,7584050
4,2021-03-01,73277,3048306,42731,1612325,30543,1435972,3,9,40658,1035115,0.136486,32466,1016826,0.134074,41839,2051941,0.27056,7584050
4,2021-03-02,76145,3124451,42670,1654995,33472,1469444,3,12,45617,1052127,0.138729,30407,1047233,0.138084,47419,2099360,0.276813,7584050
4,2021-03-03,93420,3217871,49682,1704677,43734,1513178,4,16,50864,1062360,0.140078,42395,1089628,0.143674,52628,2151988,0.283752,7584050
4,2021-03-04,92581,3310452,51566,1756243,41006,1554184,9,25,51104,1073913,0.141602,41317,1130945,0.149122,52870,2204858,0.290723,7584050
4,2021-03-05,89983,3400435,48110,1804353,41571,1595755,302,327,53558,1093405,0.144172,36286,1167231,0.153906,55778,2260636,0.298078,7584050
4,2021-03-06,71652,3472087,40058,1844411,29023,1624778,2571,2898,44175,1114127,0.146904,27398,1194629,0.157519,48120,2308756,0.304423,7584050
4,2021-03-07,40775,3512862,25898,1870309,13754,1638532,1123,4021,24845,1125359,0.148385,15877,1210506,0.159612,27109,2335865,0.307997,7584050
4,2021-03-08,63542,3576404,32858,1903167,27658,1666190,3026,7047,41814,1149900,0.151621,21646,1232152,0.162466,46187,2382052,0.314087,7584050
4,2021-03-09,71887,3648291,33166,1936333,33666,1699856,5055,12102,37576,1159528,0.15289,34187,1266339,0.166974,43815,2425867,0.319864,7584050
4,2021-03-10,86283,3734574,43858,1980191,35220,1735076,7205,19307,43606,1168790,0.154112,42568,1308907,0.172587,51830,2477697,0.326698,7584050
4,2021-03-11,97374,3831948,51324,2031515,38246,1773322,7804,27111,45468,1171475,0.154466,51761,1360668,0.179412,54446,2532143,0.333877,7584050
4,2021-03-12,98039,3929987,48771,2080286,39816,1813138,9452,36563,42238,1168474,0.15407,55641,1416309,0.186748,52640,2584783,0.340818,7584050
4,2021-03-13,74932,4004919,35618,2115904,31306,1844444,8008,44571,34972,1172734,0.154632,39871,1456180,0.192006,44131,2628914,0.346637,7584050
4,2021-03-14,43766,4048685,26250,2142154,14093,1858537,3423,47994,22553,1178172,0.155349,21158,1477338,0.194795,26596,2655510,0.350144,7584050
4,2021-03-15,81581,4130266,43554,2185708,33886,1892423,4141,52135,43289,1188341,0.156689,38146,1515484,0.199825,48315,2703825,0.356515,7584050
4,2021-03-16,104463,4234729,54351,2240059,46805,1939228,3307,55442,56858,1201800,0.158464,47446,1562930,0.206081,60905,2764730,0.364545,7584050
4,2021-03-17,102691,4337420,55356,2295415,44013,1983241,3322,58764,60318,1223835,0.16137,42200,1605130,0.211645,64235,2828965,0.373015,7584050
4,2021-03-18,102538,4439958,56983,2352398,42022,2025263,3533,62297,59940,1245396,0.164213,42410,1647540,0.217237,63971,2892936,0.38145,7584050
4,2021-03-19,106265,4546223,60858,2413256,40372,2065635,5035,67332,61352,1267482,0.167125,44728,1692268,0.223135,66814,2959750,0.39026,7584050
4,2021-03-20,81035,4627258,47442,2460698,30675,2096310,2918,70250,50662,1291174,0.170249,30215,1722483,0.227119,53907,3013657,0.397368,7584050
4,2021-03-21,46630,4673888,33722,2494420,10647,2106957,2261,72511,29548,1306356,0.17225,17019,1739502,0.229363,32201,3045858,0.401614,7584050
4,2021-03-22,79155,4753043,52063,2546483,24579,2131536,2513,75024,51348,1333309,0.175804,27669,1767171,0.233012,54622,3100480,0.408816,7584050
4,2021-03-23,100543,4853586,60177,2606660,38460,2169996,1906,76930,64236,1363915,0.17984,36114,1803285,0.237773,66720,3167200,0.417613,7584050
4,2021-03-24,109201,4962787,70989,2677649,36061,2206057,2151,79081,64149,1385929,0.182743,44783,1848068,0.243678,66797,3233997,0.426421,7584050
4,2021-03-25,111671,5074458,68653,2746302,40850,2246907,2168,81249,65908,1409096,0.185797,45417,1893485,0.249667,68584,3302581,0.435464,7584050
4,2021-03-26,115043,5189501,69959,2816261,42122,2289029,2962,84211,65266,1428497,0.188355,49548,1943033,0.2562,68949,3371530,0.444555,7584050
4,2021-03-27,88270,5277771,52187,2868448,34355,2323384,1728,85939,46014,1434633,0.189164,42093,1985126,0.26175,48229,3419759,0.450915,7584050
4,2021-03-28,53991,5331762,35472,2903920,17661,2341045,858,86797,30123,1442140,0.190154,23789,2008915,0.264887,31296,3451055,0.455041,7584050
4,2021-03-29,90359,5422121,54371,2958291,34033,2375078,1955,88752,51552,1457598,0.192193,38653,2047568,0.269983,54111,3505166,0.462176,7584050
4,2021-03-30,112667,5534788,61748,3020039,47134,2422212,3785,92537,73600,1496530,0.197326,38925,2086493,0.275116,77857,3583023,0.472442,7584050
4,2021-03-31,115917,5650705,68919,3088958,41208,2463420,5790,98327,69101,1525062,0.201088,46611,2133104,0.281262,75143,3658166,0.48235,7584050
4,2021-04-01,134739,5785444,76790,3165748,45644,2509064,12305,110632,81758,1566654,0.206572,52793,2185897,0.288223,94385,3752551,0.494795,7584050
4,2021-04-02,129364,5914808,69480,3235228,47338,2556402,12546,123178,77255,1604929,0.211619,51926,2237823,0.29507,90201,3842752,0.506689,7584050
4,2021-04-03,96276,6011084,51080,3286308,32821,2589223,12375,135553,52230,1625926,0.214388,43923,2281746,0.300861,64920,3907672,0.515249,7584050
4,2021-04-04,44686,6055770,23462,3309770,14206,2603429,7018,142571,20379,1629119,0.214809,24260,2306006,0.30406,27453,3935125,0.518869,7584050
4,2021-04-05,102830,6158600,57996,3367766,32982,2636411,11852,154423,54316,1647497,0.217232,48405,2354411,0.310442,66783,4001908,0.527674,7584050
4,2021-04-06,120558,6279158,67090,3434856,37566,2673977,15902,170325,62835,1669356,0.220114,57582,2411993,0.318035,79441,4081349,0.538149,7584050
4,2021-04-07,79454,6358612,45280,3480136,23815,2697792,10359,180684,42778,1685986,0.222307,36571,2448564,0.322857,53201,4134550,0.545164,7584050
