vemquartile,administered_date,total_doses,cumulative_total_doses,pfizer_doses,cumulative_pfizer_doses,moderna_doses,cumulative_moderna_doses,jj_doses,cumulative_jj_doses,partially_vaccinated,total_partially_vaccinated,pct_age12pop_partially_vaccinated,fully_vaccinated,cumulative_fully_vaccinated,pct_age12pop_fully_vaccinated,at_least_one_dose,cumulative_at_least_one_dose,pct_age12pop_at_least_one_dose,age12_population
1,2020-12-15,155,155,155,155,0,0,0,0,155,155,1.8e-05,0,0,0.0,155,155,1.8e-05,8700223
1,2020-12-16,1260,1415,1260,1415,0,0,0,0,1260,1415,0.000163,0,0,0.0,1260,1415,0.000163,8700223
1,2020-12-17,4165,5580,4165,5580,0,0,0,0,4167,5582,0.000642,0,0,0.0,4167,5582,0.000642,8700223
1,2020-12-18,6403,11983,6379,11959,24,24,0,0,6408,11989,0.001378,1,1,0.0,6408,11990,0.001378,8700223
1,2020-12-19,2894,14877,2891,14850,3,27,0,0,2893,14881,0.00171,1,2,0.0,2893,14883,0.001711,8700223
1,2020-12-20,2138,17015,2126,16976,12,39,0,0,2140,17021,0.001956,0,2,0.0,2140,17023,0.001957,8700223
1,2020-12-21,7698,24713,7678,24654,20,59,0,0,7746,24767,0.002847,1,3,0.0,7747,24770,0.002847,8700223
1,2020-12-22,7372,32085,7020,31674,352,411,0,0,7372,32137,0.003694,2,5,1e-06,7372,32142,0.003694,8700223
1,2020-12-23,7931,40016,6650,38324,1281,1692,0,0,7930,40066,0.004605,2,7,1e-06,7931,40073,0.004606,8700223
1,2020-12-24,3318,43334,2365,40689,953,2645,0,0,3316,43382,0.004986,0,7,1e-06,3316,43389,0.004987,8700223
1,2020-12-25,239,43573,155,40844,84,2729,0,0,239,43621,0.005014,0,7,1e-06,239,43628,0.005015,8700223
1,2020-12-26,1376,44949,978,41822,398,3127,0,0,1375,44995,0.005172,1,8,1e-06,1375,45003,0.005173,8700223
1,2020-12-27,880,45829,547,42369,333,3460,0,0,880,45874,0.005273,1,9,1e-06,880,45883,0.005274,8700223
1,2020-12-28,7142,52971,4796,47165,2346,5806,0,0,7139,53013,0.006093,0,9,1e-06,7139,53022,0.006094,8700223
1,2020-12-29,9080,62051,5056,52221,4024,9830,0,0,9075,62086,0.007136,2,11,1e-06,9075,62097,0.007137,8700223
1,2020-12-30,11787,73838,6554,58775,5233,15063,0,0,11783,73866,0.00849,3,14,2e-06,11783,73880,0.008492,8700223
1,2020-12-31,6050,79888,1968,60743,4082,19145,0,0,6047,79909,0.009185,5,19,2e-06,6048,79928,0.009187,8700223
1,2021-01-01,648,80536,264,61007,384,19529,0,0,644,80551,0.009258,2,21,2e-06,644,80572,0.009261,8700223
1,2021-01-02,2941,83477,1776,62783,1165,20694,0,0,2941,83492,0.009597,0,21,2e-06,2941,83513,0.009599,8700223
1,2021-01-03,1063,84540,556,63339,507,21201,0,0,1061,84550,0.009718,3,24,3e-06,1061,84574,0.009721,8700223
1,2021-01-04,7422,91962,3610,66949,3812,25013,0,0,7425,91973,0.010571,2,26,3e-06,7425,91999,0.010574,8700223
1,2021-01-05,10998,102960,5301,72250,5697,30710,0,0,10193,101405,0.011655,787,813,9.3e-05,10219,102218,0.011749,8700223
1,2021-01-06,14188,117148,7104,79354,7084,37794,0,0,12227,111728,0.012842,1922,2735,0.000314,12245,114463,0.013156,8700223
1,2021-01-07,17640,134788,9163,88517,8477,46271,0,0,13120,120432,0.013842,4429,7164,0.000823,13133,127596,0.014666,8700223
1,2021-01-08,20241,155029,10474,98991,9767,56038,0,0,14255,128739,0.014797,5968,13132,0.001509,14275,141871,0.016307,8700223
1,2021-01-09,6706,161735,3417,102408,3289,59327,0,0,4825,131694,0.015137,1873,15005,0.001725,4828,146699,0.016862,8700223
1,2021-01-10,3116,164851,1778,104186,1338,60665,0,0,1913,132418,0.01522,1190,16195,0.001861,1914,148613,0.017082,8700223
1,2021-01-11,18213,183064,11900,116086,6313,66978,0,0,11575,137417,0.015795,6620,22815,0.002622,11619,160232,0.018417,8700223
1,2021-01-12,19258,202322,11026,127112,8232,75210,0,0,13182,144610,0.016621,6036,28851,0.003316,13229,173461,0.019938,8700223
1,2021-01-13,19911,222233,10767,137879,9144,84354,0,0,14727,154199,0.017724,5158,34009,0.003909,14747,188208,0.021633,8700223
1,2021-01-14,22200,244433,9538,147417,12662,97016,0,0,19349,170832,0.019635,2781,36790,0.004229,19414,207622,0.023864,8700223
1,2021-01-15,25309,269742,9272,156689,16037,113053,0,0,23341,192320,0.022105,1924,38714,0.00445,23412,231034,0.026555,8700223
1,2021-01-16,13957,283699,4574,161263,9383,122436,0,0,13056,204488,0.023504,893,39607,0.004552,13061,244095,0.028056,8700223
1,2021-01-17,5210,288909,2042,163305,3168,125604,0,0,4834,208950,0.024017,375,39982,0.004596,4837,248932,0.028612,8700223
1,2021-01-18,14444,303353,8671,171976,5773,131377,0,0,11220,217019,0.024944,3210,43192,0.004964,11279,260211,0.029909,8700223
1,2021-01-19,24843,328196,12944,184920,11899,143276,0,0,19538,231337,0.02659,5278,48470,0.005571,19596,279807,0.032161,8700223
1,2021-01-20,29511,357707,14780,199700,14731,158007,0,0,23532,249019,0.028622,5894,54364,0.006249,23576,303383,0.034871,8700223
1,2021-01-21,31393,389100,14810,214510,16583,174590,0,0,27993,273790,0.031469,3327,57691,0.006631,28098,331481,0.0381,8700223
1,2021-01-22,28524,417624,11355,225865,17169,191759,0,0,26403,298171,0.034272,2053,59744,0.006867,26434,357915,0.041139,8700223
1,2021-01-23,18731,436355,8218,234083,10513,202272,0,0,16757,312995,0.035976,1944,61688,0.00709,16768,374683,0.043066,8700223
1,2021-01-24,6681,443036,4164,238247,2517,204789,0,0,6017,318361,0.036592,656,62344,0.007166,6022,380705,0.043758,8700223
1,2021-01-25,25601,468637,10579,248826,15022,219811,0,0,19736,332396,0.038205,5816,68160,0.007834,19851,400556,0.04604,8700223
1,2021-01-26,28950,497587,13577,262403,15373,235184,0,0,22122,347780,0.039974,6765,74925,0.008612,22149,422705,0.048586,8700223
1,2021-01-27,32814,530401,15622,278025,17192,252376,0,0,24560,364248,0.041867,8182,83107,0.009552,24650,447355,0.051419,8700223
1,2021-01-28,35098,565499,16534,294559,18564,270940,0,0,28007,385365,0.044294,7021,90128,0.010359,28138,475493,0.054653,8700223
1,2021-01-29,33868,599367,16556,311115,17312,288252,0,0,27139,406024,0.046668,6579,96707,0.011115,27238,502731,0.057784,8700223
1,2021-01-30,20228,619595,8756,319871,11472,299724,0,0,17993,421901,0.048493,2202,98909,0.011369,18079,520810,0.059862,8700223
1,2021-01-31,7740,627335,5034,324905,2706,302430,0,0,7014,428201,0.049217,717,99626,0.011451,7017,527827,0.060668,8700223
1,2021-02-01,29247,656582,12618,337523,16629,319059,0,0,21326,441667,0.050765,7870,107496,0.012356,21336,549163,0.063121,8700223
1,2021-02-02,32885,689467,11882,349405,21003,340062,0,0,24538,457985,0.052641,8258,115754,0.013305,24576,573739,0.065945,8700223
1,2021-02-03,39780,729247,15289,364694,24491,364553,0,0,28511,475505,0.054654,11094,126848,0.01458,28614,602353,0.069234,8700223
1,2021-02-04,44247,773494,17224,381918,27023,391576,0,0,31787,495076,0.056904,12332,139180,0.015997,31903,634256,0.072901,8700223
1,2021-02-05,47111,820605,17207,399125,29904,421480,0,0,30711,509660,0.05858,16246,155426,0.017865,30830,665086,0.076445,8700223
1,2021-02-06,26678,847283,10566,409691,16112,437592,0,0,20679,524463,0.060282,5949,161375,0.018548,20752,685838,0.07883,8700223
1,2021-02-07,6326,853609,4073,413764,2253,439845,0,0,4671,527521,0.060633,1632,163007,0.018736,4690,690528,0.079369,8700223
1,2021-02-08,31830,885439,14527,428291,17303,457148,0,0,21141,538184,0.061859,10583,173590,0.019952,21246,711774,0.081811,8700223
1,2021-02-09,38698,924137,17066,445357,21632,478780,0,0,23763,547166,0.062891,14897,188487,0.021665,23879,735653,0.084556,8700223
1,2021-02-10,47515,971652,22211,467568,25304,504084,0,0,26966,553823,0.063656,20406,208893,0.02401,27063,762716,0.087666,8700223
1,2021-02-11,52217,1023869,25534,493102,26683,530767,0,0,31027,564105,0.064838,20871,229764,0.026409,31153,793869,0.091247,8700223
1,2021-02-12,50287,1074156,21643,514745,28644,559411,0,0,28802,571741,0.065716,21311,251075,0.028858,28947,822816,0.094574,8700223
1,2021-02-13,26510,1100666,11539,526284,14971,574382,0,0,15262,575906,0.066194,11178,262253,0.030143,15343,838159,0.096338,8700223
1,2021-02-14,11810,1112476,5583,531867,6227,580609,0,0,6710,577617,0.066391,5069,267322,0.030726,6780,844939,0.097117,8700223
1,2021-02-15,24057,1136533,9449,541316,14608,595217,0,0,14604,583011,0.067011,9327,276649,0.031798,14721,859660,0.098809,8700223
1,2021-02-16,47325,1183858,22564,563880,24761,619978,0,0,27478,590861,0.067913,19754,296403,0.034068,27604,887264,0.101982,8700223
1,2021-02-17,48672,1232530,24673,588553,23999,643977,0,0,26123,594749,0.06836,22388,318791,0.036642,26276,913540,0.105002,8700223
1,2021-02-18,51322,1283852,25714,614267,25608,669585,0,0,26503,596937,0.068612,24560,343351,0.039465,26748,940288,0.108076,8700223
1,2021-02-19,46802,1330654,25369,639636,21433,691018,0,0,26113,602599,0.069262,20517,363868,0.041823,26179,966467,0.111085,8700223
1,2021-02-20,27881,1358535,16930,656566,10951,701969,0,0,15865,606605,0.069723,11946,375814,0.043196,15952,982419,0.112919,8700223
1,2021-02-21,12486,1371021,10718,667284,1768,703737,0,0,7478,609194,0.070021,4942,380756,0.043764,7531,989950,0.113784,8700223
1,2021-02-22,31735,1402756,20808,688092,10927,714664,0,0,18167,614011,0.070574,13460,394216,0.045311,18277,1008227,0.115885,8700223
1,2021-02-23,45938,1448694,22365,710457,23573,738237,0,0,25141,619030,0.071151,20495,414711,0.047667,25514,1033741,0.118818,8700223
1,2021-02-24,55947,1504641,27005,737462,28942,767179,0,0,30713,625217,0.071862,24984,439695,0.050538,31171,1064912,0.122401,8700223
1,2021-02-25,68624,1573265,33360,770822,35264,802443,0,0,42407,642153,0.073809,25976,465671,0.053524,42912,1107824,0.127333,8700223
1,2021-02-26,76707,1649972,35973,806795,40734,843177,0,0,50022,666295,0.076584,26366,492037,0.056555,50508,1158332,0.133138,8700223
1,2021-02-27,52872,1702844,24317,831112,28545,871722,10,10,34649,683221,0.078529,18006,510043,0.058624,34932,1193264,0.137153,8700223
1,2021-02-28,20337,1723181,12093,843205,8242,879964,2,12,14853,692837,0.079634,5383,515426,0.059243,14999,1208263,0.138877,8700223
1,2021-03-01,46479,1769660,21510,864715,24902,904866,67,79,29796,706476,0.081202,16474,531900,0.061136,30113,1238376,0.142338,8700223
1,2021-03-02,64969,1834629,28075,892790,36882,941748,12,91,41289,724937,0.083324,23490,555390,0.063836,41951,1280327,0.14716,8700223
1,2021-03-03,72239,1906868,34368,927158,37839,979587,32,123,43847,741274,0.085202,28155,583545,0.067072,44492,1324819,0.152274,8700223
1,2021-03-04,80186,1987054,37561,964719,42588,1022175,37,160,51321,764536,0.087875,28614,612159,0.070361,51876,1376695,0.158237,8700223
1,2021-03-05,79368,2066422,35804,1000523,43355,1065530,209,369,52842,792025,0.091035,26213,638372,0.073374,53702,1430397,0.164409,8700223
1,2021-03-06,58000,2124422,27510,1028033,29143,1094673,1347,1716,39168,814218,0.093586,18685,657057,0.075522,40878,1471275,0.169108,8700223
1,2021-03-07,21025,2145447,13055,1041088,6772,1101445,1198,2914,15536,825738,0.09491,5463,662520,0.07615,16983,1488258,0.17106,8700223
1,2021-03-08,46251,2191698,22560,1063648,21733,1123178,1958,4872,32342,846577,0.097305,13792,676312,0.077735,34631,1522889,0.17504,8700223
1,2021-03-09,67143,2258841,32527,1096175,32094,1155272,2522,7394,41284,865037,0.099427,25672,701984,0.080686,44132,1567021,0.180113,8700223
1,2021-03-10,74141,2332982,36865,1133040,32765,1188037,4511,11905,45505,886906,0.101941,28486,730470,0.08396,50355,1617376,0.185901,8700223
1,2021-03-11,90371,2423353,41464,1174504,40874,1228911,8033,19938,52436,910134,0.10461,37675,768145,0.08829,60903,1678279,0.192901,8700223
1,2021-03-12,99250,2522603,43789,1218293,43140,1272051,12321,32259,57885,939631,0.108001,41119,809264,0.093016,70616,1748895,0.201017,8700223
1,2021-03-13,65377,2587980,29410,1247703,28241,1300292,7726,39985,41502,965414,0.110964,23729,832993,0.095744,49512,1798407,0.206708,8700223
1,2021-03-14,28017,2615997,14994,1262697,9452,1309744,3571,43556,15681,972588,0.111789,12253,845246,0.097152,19427,1817834,0.208941,8700223
1,2021-03-15,65325,2681322,28790,1291487,29791,1339535,6744,50300,38419,991413,0.113953,26672,871918,0.100218,45497,1863331,0.21417,8700223
1,2021-03-16,85838,2767160,39100,1330587,41080,1380615,5658,55958,53080,1017955,0.117003,32528,904446,0.103957,59070,1922401,0.22096,8700223
1,2021-03-17,93346,2860506,45526,1376113,41269,1421884,6551,62509,59961,1051683,0.12088,33126,937572,0.107764,66854,1989255,0.228644,8700223
1,2021-03-18,98975,2959481,51014,1427127,42236,1464120,5725,68234,59716,1078724,0.123988,38874,976446,0.112232,65915,2055170,0.23622,8700223
1,2021-03-19,103904,3063385,53846,1480973,43837,1507957,6221,74455,60583,1103042,0.126783,42992,1019438,0.117174,67310,2122480,0.243957,8700223
1,2021-03-20,72818,3136203,37197,1518170,30397,1538354,5224,79679,46646,1129207,0.129791,25970,1045408,0.120159,52135,2174615,0.249949,8700223
1,2021-03-21,27436,3163639,19074,1537244,6547,1544901,1815,81494,17047,1137869,0.130786,10285,1055693,0.121341,18947,2193562,0.252127,8700223
1,2021-03-22,59348,3222987,30688,1567932,25381,1570282,3279,84773,39837,1162070,0.133568,19278,1074971,0.123557,43479,2237041,0.257125,8700223
1,2021-03-23,83654,3306641,42593,1610525,37403,1607685,3658,88431,51176,1185143,0.13622,32203,1107174,0.127258,55276,2292317,0.263478,8700223
1,2021-03-24,88613,3395254,44757,1655282,39465,1647150,4391,92822,52674,1206748,0.138703,35611,1142785,0.131351,57216,2349533,0.270054,8700223
1,2021-03-25,97597,3492851,49892,1705174,41830,1688980,5875,98697,53957,1223500,0.140629,43275,1186060,0.136325,60027,2409560,0.276954,8700223
1,2021-03-26,105973,3598824,51517,1756691,48105,1737085,6351,105048,56688,1237938,0.142288,48893,1234953,0.141945,63331,2472891,0.284233,8700223
1,2021-03-27,74610,3673434,38479,1795170,31899,1768984,4232,109280,38332,1244661,0.143061,36032,1270985,0.146086,42755,2515646,0.289147,8700223
1,2021-03-28,32909,3706343,21519,1816689,10167,1779151,1223,110503,16460,1246462,0.143268,16328,1287313,0.147963,18129,2533775,0.291231,8700223
1,2021-03-29,68787,3775130,33870,1850559,31751,1810902,3166,113669,37837,1256969,0.144475,30704,1318017,0.151492,41211,2574986,0.295968,8700223
1,2021-03-30,93786,3868916,45835,1896394,41519,1852421,6432,120101,48058,1266038,0.145518,45480,1363497,0.15672,54549,2629535,0.302238,8700223
1,2021-03-31,102161,3971077,53069,1949463,42827,1895248,6265,126366,55940,1282413,0.1474,45865,1409362,0.161991,62240,2691775,0.309391,8700223
1,2021-04-01,113798,4084875,54218,2003681,50716,1945964,8864,135230,57697,1293417,0.148665,55574,1464936,0.168379,66578,2758353,0.317044,8700223
1,2021-04-02,113010,4197885,51489,2055170,51750,1997714,9771,145001,57256,1305343,0.150036,55304,1520240,0.174736,67230,2825583,0.324771,8700223
1,2021-04-03,78578,4276463,39369,2094539,29484,2027198,9725,154726,36832,1310406,0.150618,41538,1561778,0.17951,46601,2872184,0.330128,8700223
1,2021-04-04,23818,4300281,11869,2106408,8463,2035661,3486,158212,9906,1309954,0.150566,13829,1575607,0.1811,13377,2885561,0.331665,8700223
1,2021-04-05,77813,4378094,36941,2143349,31437,2067098,9435,167647,34895,1311738,0.150771,42678,1618285,0.186005,44462,2930023,0.336776,8700223
1,2021-04-06,104844,4482938,49499,2192848,38594,2105692,16751,184398,47356,1318680,0.151569,57151,1675436,0.192574,64093,2994116,0.344142,8700223
1,2021-04-07,112978,4595916,54647,2247495,40601,2146293,17730,202128,50862,1325486,0.152351,61764,1737200,0.199673,68570,3062686,0.352024,8700223
1,2021-04-08,123409,4719325,58281,2305776,43926,2190219,21202,223330,54447,1332635,0.153173,68501,1805701,0.207547,75650,3138336,0.360719,8700223
1,2021-04-09,124470,4843795,56658,2362434,46843,2237062,20969,244299,54560,1338646,0.153863,69511,1875212,0.215536,75522,3213858,0.369399,8700223
1,2021-04-10,97079,4940874,43188,2405622,30967,2268029,22924,267223,38473,1341580,0.154201,58370,1933582,0.222245,61304,3275162,0.376446,8700223
1,2021-04-11,36790,4977664,20441,2426063,9454,2277483,6895,274118,14883,1341620,0.154205,21827,1955409,0.224754,21867,3297029,0.378959,8700223
1,2021-04-12,75365,5053029,33635,2459698,31632,2309115,10098,284216,32006,1340805,0.154112,43039,1998448,0.229701,42224,3339253,0.383812,8700223
1,2021-04-13,98395,5151424,52529,2512227,45529,2354644,337,284553,53042,1349515,0.155113,45026,2043474,0.234876,53736,3392989,0.389989,8700223
1,2021-04-14,105288,5256712,54450,2566677,50757,2405401,81,284634,53411,1351916,0.155389,51462,2094936,0.240791,53863,3446852,0.39618,8700223
1,2021-04-15,105996,5362708,57565,2624242,48339,2453740,92,284726,56081,1358975,0.1562,49295,2144231,0.246457,56354,3503206,0.402657,8700223
1,2021-04-16,111251,5473959,57012,2681254,54148,2507888,91,284817,55455,1359494,0.15626,55221,2199452,0.252804,55740,3558946,0.409064,8700223
1,2021-04-17,83542,5557501,45346,2726600,38184,2546072,12,284829,46490,1369383,0.157396,36780,2236232,0.257032,46669,3605615,0.414428,8700223
1,2021-04-18,30589,5588090,20703,2747303,9879,2555951,7,284836,15285,1369678,0.15743,15208,2251440,0.25878,15503,3621118,0.41621,8700223
1,2021-04-19,67070,5655160,33905,2781208,33150,2589101,15,284851,30145,1363438,0.156713,36529,2287969,0.262978,30289,3651407,0.419691,8700223
1,2021-04-20,88364,5743524,44430,2825638,43909,2633010,25,284876,41036,1357771,0.156062,46929,2334898,0.268372,41262,3692669,0.424434,8700223
1,2021-04-21,97872,5841396,50990,2876628,46778,2679788,104,284980,43556,1347984,0.154937,53697,2388595,0.274544,43910,3736579,0.429481,8700223
1,2021-04-22,97691,5939087,51001,2927629,46671,2726459,19,284999,44619,1340320,0.154056,52523,2441118,0.280581,44859,3781438,0.434637,8700223
1,2021-04-23,102960,6042047,53121,2980750,49810,2776269,29,285028,48831,1335858,0.153543,53562,2494680,0.286737,49100,3830538,0.44028,8700223
1,2021-04-24,76737,6118784,47505,3028255,29204,2805473,28,285056,43143,1345883,0.154695,33411,2528091,0.290578,43436,3873974,0.445273,8700223
1,2021-04-25,27447,6146231,17468,3045723,9963,2815436,16,285072,15612,1349953,0.155163,11700,2539791,0.291923,15770,3889744,0.447086,8700223
1,2021-04-26,66443,6212674,34801,3080524,31234,2846670,408,285480,31363,1347323,0.154861,34739,2574530,0.295915,32109,3921853,0.450776,8700223
1,2021-04-27,81817,6294491,43410,3123934,37101,2883771,1306,286786,35316,1338114,0.153802,46176,2620706,0.301223,36967,3958820,0.455025,8700223
1,2021-04-28,81585,6376076,43319,3167253,36755,2920526,1511,288297,35610,1329868,0.152854,45591,2666297,0.306463,37345,3996165,0.459318,8700223
1,2021-04-29,85117,6461193,46783,3214036,36704,2957230,1630,289927,34508,1315982,0.151258,50194,2716491,0.312232,36308,4032473,0.463491,8700223
1,2021-04-30,92742,6553935,50150,3264186,40689,2997919,1903,291830,38494,1302674,0.149729,53861,2770352,0.318423,40553,4073026,0.468152,8700223
1,2021-05-01,63917,6617852,41129,3305315,21354,3019273,1434,293264,26897,1294493,0.148788,36727,2807079,0.322644,28546,4101572,0.471433,8700223
1,2021-05-02,23520,6641372,16663,3321978,6274,3025547,583,293847,9431,1290567,0.148337,13970,2821049,0.32425,10044,4111616,0.472587,8700223
1,2021-05-03,56510,6697882,31269,3353247,23382,3048929,1859,295706,20431,1277109,0.14679,35799,2856848,0.328365,22341,4133957,0.475155,8700223
1,2021-05-04,75932,6773814,43675,3396922,30158,3079087,2099,297805,27126,1257945,0.144588,48468,2905316,0.333936,29304,4163261,0.478523,8700223
1,2021-05-05,78570,6852384,45521,3442443,30741,3109828,2308,300113,26521,1235192,0.141972,51662,2956978,0.339874,28909,4192170,0.481846,8700223
1,2021-05-06,80149,6932533,48681,3491124,29287,3139115,2181,302294,24875,1207559,0.138796,54843,3011821,0.346177,27210,4219380,0.484974,8700223
1,2021-05-07,83714,7016247,47641,3538765,33877,3172992,2196,304490,27767,1182128,0.135873,55460,3067281,0.352552,30029,4249409,0.488425,8700223
1,2021-05-08,57643,7073890,36192,3574957,19796,3192788,1655,306145,19527,1165641,0.133978,37755,3105036,0.356892,21268,4270677,0.49087,8700223
1,2021-05-09,18377,7092267,13187,3588144,4710,3197498,480,306625,5556,1158983,0.133213,12731,3117767,0.358355,6073,4276750,0.491568,8700223
1,2021-05-10,44452,7136719,22489,3610633,20131,3217629,1832,308457,14800,1146362,0.131762,29344,3147111,0.361728,16723,4293473,0.49349,8700223
1,2021-05-11,63016,7199735,34262,3644895,26592,3244221,2162,310619,20664,1127267,0.129568,42037,3189148,0.366559,22942,4316415,0.496127,8700223
1,2021-05-12,63175,7262910,33565,3678460,27535,3271756,2075,312694,20717,1108026,0.127356,42094,3231242,0.371398,22853,4339268,0.498754,8700223
1,2021-05-13,67462,7330372,39596,3718056,25875,3297631,1991,314685,25646,1094545,0.125807,41402,3272644,0.376156,27921,4367189,0.501963,8700223
1,2021-05-14,77106,7407478,46466,3764522,28223,3325854,2417,317102,31086,1082748,0.124451,45582,3318226,0.381396,33785,4400974,0.505846,8700223
1,2021-05-15,67013,7474491,43999,3808521,21242,3347096,1772,318874,26673,1071265,0.123131,39998,3358224,0.385993,28515,4429489,0.509124,8700223
1,2021-05-16,25158,7499649,18547,3827068,5991,3353087,620,319494,10253,1067411,0.122688,14774,3372998,0.387691,10920,4440409,0.510379,8700223
1,2021-05-17,54647,7554296,33352,3860420,19511,3372598,1784,321278,23107,1061111,0.121964,31247,3404245,0.391282,24947,4465356,0.513246,8700223
1,2021-05-18,65486,7619782,39436,3899856,24205,3396803,1845,323123,28351,1054573,0.121212,36824,3441069,0.395515,30286,4495642,0.516727,8700223
1,2021-05-19,66913,7686695,40760,3940616,24204,3421007,1949,325072,29919,1049843,0.120669,36671,3477740,0.39973,31941,4527583,0.520399,8700223
1,2021-05-20,65146,7751841,37820,3978436,25088,3446095,2238,327310,26774,1041064,0.119659,37994,3515734,0.404097,29215,4556798,0.523756,8700223
1,2021-05-21,70871,7822712,42382,4020818,26602,3472697,1887,329197,29202,1031010,0.118504,41236,3556970,0.408837,31182,4587980,0.527341,8700223
1,2021-05-22,56642,7879354,37267,4058085,17643,3490340,1732,330929,24606,1025707,0.117894,31734,3588704,0.412484,26431,4614411,0.530378,8700223
1,2021-05-23,20590,7899944,14396,4072481,5606,3495946,588,331517,9532,1024907,0.117802,10946,3599650,0.413742,10146,4624557,0.531545,8700223
1,2021-05-24,44366,7944310,24765,4097246,17747,3513693,1854,333371,17951,1018660,0.117084,26134,3625784,0.416746,19887,4644444,0.53383,8700223
1,2021-05-25,51723,7996033,29834,4127080,20163,3533856,1726,335097,21520,1012133,0.116334,29865,3655649,0.420179,23338,4667782,0.536513,8700223
1,2021-05-26,49027,8045060,27784,4154864,19306,3553162,1937,337034,20785,1006983,0.115742,27913,3683562,0.423387,22763,4690545,0.539129,8700223
1,2021-05-27,47579,8092639,26725,4181589,18923,3572085,1931,338965,20370,1002503,0.115227,26895,3710457,0.426478,22415,4712960,0.541706,8700223
1,2021-05-28,53370,8146009,29817,4211406,21690,3593775,1863,340828,23916,999326,0.114862,29082,3739539,0.429821,25905,4738865,0.544683,8700223
1,2021-05-29,30956,8176965,18755,4230161,11221,3604996,980,341808,14689,998957,0.11482,16092,3755631,0.431671,15723,4754588,0.54649,8700223
1,2021-05-30,11742,8188707,7589,4237750,3591,3608587,562,342370,5529,998940,0.114818,6134,3761765,0.432376,6117,4760705,0.547193,8700223
1,2021-05-31,5833,8194540,3321,4241071,2251,3610838,261,342631,2042,997536,0.114656,3719,3765484,0.432803,2315,4763020,0.54746,8700223
1,2021-06-01,46550,8241090,26372,4267443,18591,3629429,1587,344218,17633,988294,0.113594,28526,3794010,0.436082,19284,4782304,0.549676,8700223
1,2021-06-02,40639,8281729,23628,4291071,15490,3644919,1521,345739,16416,982419,0.112919,23895,3817905,0.438828,18020,4800324,0.551747,8700223
1,2021-06-03,42185,8323914,26461,4317532,13979,3658898,1745,347484,16106,974587,0.112019,25760,3843665,0.441789,17928,4818252,0.553808,8700223
1,2021-06-04,51076,8374990,32707,4350239,16534,3675432,1835,349319,18368,962564,0.110637,32302,3875967,0.445502,20279,4838531,0.556139,8700223
1,2021-06-05,40870,8415860,27914,4378153,10936,3686368,2020,351339,14310,952623,0.109494,26327,3902294,0.448528,16386,4854917,0.558022,8700223
1,2021-06-06,13274,8429134,10622,4388775,2133,3688501,519,351858,4563,949143,0.109094,8622,3910916,0.449519,5142,4860059,0.558613,8700223
1,2021-06-07,34404,8463538,23753,4412528,9274,3697775,1377,353235,12301,941010,0.108159,21865,3932781,0.452032,13732,4873791,0.560192,8700223
1,2021-06-08,42536,8506074,29427,4441955,11443,3709218,1666,354901,14803,930128,0.106909,27439,3960220,0.455186,16557,4890348,0.562095,8700223
1,2021-06-09,42506,8548580,29483,4471438,11363,3720581,1660,356561,13844,917354,0.10544,28335,3988555,0.458443,15561,4905909,0.563883,8700223
1,2021-06-10,39587,8588167,26691,4498129,11173,3731754,1723,358284,13564,906988,0.104249,25752,4014307,0.461403,15386,4921295,0.565652,8700223
1,2021-06-11,44897,8633064,29793,4527922,13389,3745143,1715,359999,16069,896359,0.103027,28491,4042798,0.464678,17862,4939157,0.567705,8700223
1,2021-06-12,34349,8667413,24869,4552791,8251,3753394,1229,361228,11292,886117,0.10185,22830,4065628,0.467302,12588,4951745,0.569152,8700223
1,2021-06-13,11720,8679133,8524,4561315,2714,3756108,482,361710,3415,881820,0.101356,8228,4073856,0.468247,3931,4955676,0.569603,8700223
1,2021-06-14,31459,8710592,21212,4582527,8910,3765018,1337,363047,11746,875442,0.100623,19491,4093347,0.470488,13113,4968789,0.571111,8700223
1,2021-06-15,37961,8748553,24904,4607431,11179,3776197,1878,364925,14091,867939,0.099761,23559,4116906,0.473195,16056,4984845,0.572956,8700223
1,2021-06-16,36161,8784714,24478,4631909,9825,3786022,1858,366783,13646,861287,0.098996,22212,4139118,0.475748,15560,5000405,0.574744,8700223
1,2021-06-17,34039,8818753,22516,4654425,9548,3795570,1975,368758,13287,856152,0.098406,20482,4159600,0.478103,15347,5015752,0.576508,8700223
1,2021-06-18,39987,8858740,25979,4680404,11137,3806707,2871,371629,15451,850287,0.097732,24236,4183836,0.480888,18371,5034123,0.57862,8700223
1,2021-06-19,24136,8882876,16755,4697159,6179,3812886,1202,372831,9807,847185,0.097375,14151,4197987,0.482515,11049,5045172,0.57989,8700223
1,2021-06-20,8170,8891046,5982,4703141,1910,3814796,278,373109,3223,845822,0.097218,4875,4202862,0.483075,3512,5048684,0.580294,8700223
1,2021-06-21,21132,8912178,11955,4715096,6975,3821771,2202,375311,10995,849054,0.09759,10014,4212876,0.484226,13246,5061930,0.581816,8700223
1,2021-06-22,31088,8943266,20286,4735382,8626,3830397,2176,377487,12947,846329,0.097277,17911,4230787,0.486285,15186,5077116,0.583562,8700223
1,2021-06-23,29605,8972871,19883,4755265,7886,3838283,1836,379323,12869,844549,0.097072,16511,4247298,0.488183,14731,5091847,0.585255,8700223
1,2021-06-24,28687,9001558,19117,4774382,7886,3846169,1684,381007,12137,842100,0.096791,16335,4263633,0.49006,13886,5105733,0.586851,8700223
1,2021-06-25,32089,9033647,21726,4796108,8939,3855108,1424,382431,14037,839819,0.096528,17797,4281430,0.492106,15516,5121249,0.588634,8700223
1,2021-06-26,22693,9056340,16854,4812962,4987,3860095,852,383283,9881,837926,0.096311,12673,4294103,0.493562,10780,5132029,0.589873,8700223
1,2021-06-27,9289,9065629,6927,4819889,1924,3862019,438,383721,4112,837390,0.096249,5104,4299207,0.494149,4568,5136597,0.590398,8700223
1,2021-06-28,21511,9087140,15989,4835878,4258,3866277,1264,384985,9963,837327,0.096242,11336,4310543,0.495452,11273,5147870,0.591694,8700223
1,2021-06-29,27327,9114467,18727,4854605,7199,3873476,1401,386386,12128,835915,0.09608,15002,4325545,0.497176,13590,5161460,0.593256,8700223
1,2021-06-30,26712,9141179,18518,4873123,7120,3880596,1074,387460,12759,836101,0.096101,13722,4339267,0.498754,13908,5175368,0.594855,8700223
1,2021-07-01,24415,9165594,16975,4890098,6127,3886723,1313,388773,11318,835896,0.096078,12911,4352178,0.500238,12706,5188074,0.596315,8700223
1,2021-07-02,27356,9192950,18815,4908913,7479,3894202,1062,389835,12792,835485,0.09603,14346,4366524,0.501886,13935,5202009,0.597917,8700223
1,2021-07-03,15109,9208059,10568,4919481,4081,3898283,460,390295,7201,835412,0.096022,7766,4374290,0.502779,7693,5209702,0.598801,8700223
1,2021-07-04,1305,9209364,736,4920217,501,3898784,68,390363,637,835465,0.096028,657,4374947,0.502855,710,5210412,0.598883,8700223
1,2021-07-05,11309,9220673,7828,4928045,3114,3901898,367,390730,5390,835425,0.096023,5844,4380791,0.503526,5804,5216216,0.59955,8700223
1,2021-07-06,27997,9248670,19795,4947840,7042,3908940,1160,391890,11196,831291,0.095548,16592,4397383,0.505433,12458,5228674,0.600982,8700223
1,2021-07-07,24391,9273061,17101,4964941,6111,3915051,1179,393069,10501,829363,0.095327,13693,4411076,0.507007,11765,5240439,0.602334,8700223
1,2021-07-08,23351,9296412,16193,4981134,6049,3921100,1109,394178,10055,827522,0.095115,13090,4424166,0.508512,11249,5251688,0.603627,8700223
1,2021-07-09,27606,9324018,19536,5000670,6889,3927989,1181,395359,12477,826297,0.094974,14942,4439108,0.510229,13717,5265405,0.605203,8700223
1,2021-07-10,18246,9342264,13176,5013846,4291,3932280,779,396138,8151,825315,0.094861,9961,4449069,0.511374,8979,5274384,0.606235,8700223
1,2021-07-11,6843,9349107,5003,5018849,1632,3933912,208,396346,3314,825377,0.094868,3478,4452547,0.511774,3540,5277924,0.606642,8700223
1,2021-07-12,20523,9369630,14751,5033600,4865,3938777,907,397253,9113,824233,0.094737,11260,4463807,0.513068,10116,5288040,0.607805,8700223
1,2021-07-13,22804,9392434,15915,5049515,6064,3944841,825,398078,10687,823876,0.094696,11956,4475763,0.514442,11599,5299639,0.609138,8700223
1,2021-07-14,22755,9415189,15648,5065163,6111,3950952,996,399074,10274,822938,0.094588,12318,4488081,0.515858,11380,5311019,0.610446,8700223
1,2021-07-15,22227,9437416,15752,5080915,5738,3956690,737,399811,10798,823308,0.094631,11272,4499353,0.517154,11642,5322661,0.611784,8700223
1,2021-07-16,27275,9464691,19056,5099971,7206,3963896,1013,400824,13524,824358,0.094751,13572,4512925,0.518714,14622,5337283,0.613465,8700223
1,2021-07-17,18935,9483626,13697,5113668,4530,3968426,708,401532,9344,824993,0.094824,9453,4522378,0.5198,10088,5347371,0.614625,8700223
1,2021-07-18,7540,9491166,5561,5119229,1693,3970119,286,401818,3855,825526,0.094886,3625,4526003,0.520217,4158,5351529,0.615103,8700223
1,2021-07-19,21144,9512310,15317,5134546,4985,3975104,842,402660,10598,826656,0.095015,10407,4536410,0.521413,11537,5363066,0.616429,8700223
1,2021-07-20,25353,9537663,17528,5152074,6924,3982028,901,403561,13063,828614,0.095241,12097,4548507,0.522803,14055,5377121,0.618044,8700223
1,2021-07-21,25656,9563319,18013,5170087,6420,3988448,1223,404784,13130,830732,0.095484,12352,4560859,0.524223,14470,5391591,0.619707,8700223
1,2021-07-22,24804,9588123,17565,5187652,6391,3994839,848,405632,13528,834123,0.095874,11077,4571936,0.525496,14468,5406059,0.62137,8700223
1,2021-07-23,29536,9617659,20904,5208556,7605,4002444,1027,406659,16466,838823,0.096414,12865,4584801,0.526975,17565,5423624,0.623389,8700223
1,2021-07-24,18401,9636060,13007,5221563,4816,4007260,578,407237,10808,842765,0.096867,7470,4592271,0.527834,11412,5435036,0.624701,8700223
1,2021-07-25,7608,9643668,5473,5227036,2018,4009278,117,407354,5672,846685,0.097318,1889,4594160,0.528051,5809,5440845,0.625368,8700223
1,2021-07-26,21825,9665493,15111,5242147,5949,4015227,765,408119,14122,854083,0.098168,7559,4601719,0.52892,14957,5455802,0.627088,8700223
1,2021-07-27,27503,9692996,19677,5261824,6876,4022103,950,409069,16211,860188,0.09887,11109,4612828,0.530197,17214,5473016,0.629066,8700223
1,2021-07-28,28462,9721458,20198,5282022,7377,4029480,887,409956,17467,867810,0.099746,10804,4623632,0.531438,18426,5491442,0.631184,8700223
1,2021-07-29,27086,9748544,19238,5301260,7051,4036531,797,410753,16955,875671,0.100649,9955,4633587,0.532583,17816,5509258,0.633232,8700223
1,2021-07-30,31542,9780086,22575,5323835,8053,4044584,914,411667,19285,883874,0.101592,12033,4645620,0.533966,20236,5529494,0.635558,8700223
1,2021-07-31,20152,9800238,14645,5338480,4965,4049549,542,412209,12519,889493,0.102238,7467,4653087,0.534824,13086,5542580,0.637062,8700223
1,2021-08-01,8899,9809137,6706,5345186,2067,4051616,126,412335,6093,892985,0.102639,2754,4655841,0.53514,6246,5548826,0.63778,8700223
1,2021-08-02,25202,9834339,18756,5363942,5726,4057342,720,413055,16390,901499,0.103618,8643,4664484,0.536134,17157,5565983,0.639752,8700223
1,2021-08-03,29018,9863357,21025,5384967,7036,4064378,957,414012,18208,910079,0.104604,10619,4675103,0.537354,19199,5585182,0.641958,8700223
1,2021-08-04,27826,9891183,20237,5405204,6710,4071088,879,414891,17688,918759,0.105602,9933,4685036,0.538496,18613,5603795,0.644098,8700223
1,2021-08-05,27679,9918862,20304,5425508,6458,4077546,917,415808,17452,927137,0.106565,10013,4695049,0.539647,18391,5622186,0.646212,8700223
1,2021-08-06,34144,9953006,25174,5450682,7992,4085538,978,416786,21326,936911,0.107688,12573,4707622,0.541092,22347,5644533,0.64878,8700223
1,2021-08-07,21865,9974871,16423,5467105,4872,4090410,570,417356,13628,943013,0.10839,8110,4715732,0.542024,14212,5658745,0.650414,8700223
1,2021-08-08,10536,9985407,7701,5474806,2632,4093042,203,417559,6851,946458,0.108785,3619,4719351,0.54244,7064,5665809,0.651226,8700223
1,2021-08-09,28118,10013525,21098,5495904,6205,4099247,815,418374,17401,954188,0.109674,10522,4729873,0.54365,18252,5684061,0.653324,8700223
1,2021-08-10,29602,10043127,21792,5517696,6940,4106187,870,419244,17671,961062,0.110464,11724,4741597,0.544997,18598,5702659,0.655461,8700223
1,2021-08-11,27434,10070561,20277,5537973,6236,4112423,921,420165,16249,967286,0.111179,10971,4752568,0.546258,17195,5719854,0.657438,8700223
1,2021-08-12,28989,10099550,20874,5558847,7067,4119490,1048,421213,17291,974247,0.11198,11404,4763972,0.547569,18365,5738219,0.659548,8700223
1,2021-08-13,36390,10135940,26450,5585297,8856,4128346,1084,422297,21194,981692,0.112835,14878,4778850,0.549279,22323,5760542,0.662114,8700223
1,2021-08-14,24133,10160073,18324,5603621,5249,4133595,560,422857,13846,986285,0.113363,9831,4788681,0.550409,14424,5774966,0.663772,8700223
1,2021-08-15,10612,10170685,7833,5611454,2615,4136210,164,423021,6130,988427,0.113609,4176,4792857,0.550889,6318,5781284,0.664498,8700223
1,2021-08-16,29262,10199947,20780,5632234,7685,4143895,797,423818,16135,993158,0.114153,12231,4805088,0.552295,16962,5798246,0.666448,8700223
1,2021-08-17,31849,10231796,22594,5654828,8312,4152207,943,424761,16744,996729,0.114564,14155,4819243,0.553922,17726,5815972,0.668485,8700223
1,2021-08-18,32010,10263806,22972,5677800,8137,4160344,901,425662,16313,999509,0.114883,14480,4833723,0.555586,17260,5833232,0.670469,8700223
1,2021-08-19,31232,10295038,22313,5700113,7904,4168248,1015,426677,15982,1002552,0.115233,13993,4847716,0.557194,17036,5850268,0.672427,8700223
1,2021-08-20,38312,10333350,27827,5727940,9526,4177774,959,427636,19440,1005679,0.115592,17303,4865019,0.559183,20430,5870698,0.674776,8700223
1,2021-08-21,23130,10356480,17301,5745241,5264,4183038,565,428201,11315,1006505,0.115687,11072,4876091,0.560456,11898,5882596,0.676143,8700223
1,2021-08-22,11909,10368389,8726,5753967,2981,4186019,202,428403,5990,1007183,0.115765,5528,4881619,0.561091,6206,5888802,0.676856,8700223
1,2021-08-23,31312,10399701,23237,5777204,7317,4193336,758,429161,15110,1008094,0.11587,15026,4896645,0.562818,15937,5904739,0.678688,8700223
1,2021-08-24,31883,10431584,24169,5801373,6877,4200213,837,429998,15102,1008539,0.115921,15557,4912202,0.564606,16002,5920741,0.680527,8700223
1,2021-08-25,31627,10463211,24014,5825387,6870,4207083,743,430741,14806,1008559,0.115923,15586,4927788,0.566398,15606,5936347,0.682321,8700223
1,2021-08-26,31526,10494737,23507,5848894,7122,4214205,897,431638,14900,1009216,0.115999,15187,4942975,0.568143,15844,5952191,0.684142,8700223
1,2021-08-27,38933,10533670,29882,5878776,8236,4222441,815,432453,17711,1008305,0.115894,19513,4962488,0.570386,18602,5970793,0.68628,8700223
1,2021-08-28,24862,10558532,19467,5898243,4965,4227406,430,432883,10809,1006308,0.115665,13284,4975772,0.571913,11287,5982080,0.687578,8700223
1,2021-08-29,12103,10570635,9101,5907344,2856,4230262,146,433029,5613,1006039,0.115634,6060,4981832,0.57261,5791,5987871,0.688243,8700223
1,2021-08-30,28975,10599610,21243,5928587,6808,4237070,924,433953,12504,1004310,0.115435,15213,4997045,0.574358,13484,6001355,0.689793,8700223
1,2021-08-31,29231,10628841,21838,5950425,6628,4243698,765,434718,12416,1002057,0.115176,15479,5012524,0.576137,13226,6014581,0.691313,8700223
1,2021-09-01,28838,10657679,21332,5971757,6705,4250403,801,435519,13029,1001686,0.115133,14275,5026799,0.577778,13904,6028485,0.692912,8700223
1,2021-09-02,27631,10685310,20425,5992182,6484,4256887,722,436241,12038,1000414,0.114987,14077,5040876,0.579396,12805,6041290,0.694383,8700223
1,2021-09-03,34541,10719851,25893,6018075,7991,4264878,657,436898,14377,997094,0.114606,18426,5059302,0.581514,15106,6056396,0.69612,8700223
1,2021-09-04,19725,10739576,15238,6033313,4213,4269091,274,437172,8246,994842,0.114347,10820,5070122,0.582758,8568,6064964,0.697104,8700223
1,2021-09-05,10948,10750524,8172,6041485,2702,4271793,74,437246,5112,994615,0.114321,5437,5075559,0.583383,5210,6070174,0.697703,8700223
1,2021-09-06,6554,10757078,4427,6045912,2071,4273864,56,437302,2841,994032,0.114254,3486,5079045,0.583783,2903,6073077,0.698037,8700223
1,2021-09-07,29241,10786319,21808,6067720,6817,4280681,616,437918,10136,986921,0.113436,17915,5096960,0.585842,10804,6083881,0.699279,8700223
1,2021-09-08,26895,10813214,19876,6087596,6439,4287120,580,438498,11117,984205,0.113124,14470,5111430,0.587506,11754,6095635,0.70063,8700223
1,2021-09-09,16219,10829433,11590,6099186,4079,4291199,550,439048,6472,982416,0.112918,8824,5120254,0.58852,7035,6102670,0.701438,8700223
2,2020-12-15,263,263,263,263,0,0,0,0,263,263,3.1e-05,0,0,0.0,263,263,3.1e-05,8407551
2,2020-12-16,2316,2579,2316,2579,0,0,0,0,2316,2579,0.000307,0,0,0.0,2316,2579,0.000307,8407551
2,2020-12-17,7225,9804,7225,9804,0,0,0,0,7223,9802,0.001166,0,0,0.0,7223,9802,0.001166,8407551
2,2020-12-18,11181,20985,11158,20962,23,23,0,0,11182,20984,0.002496,0,0,0.0,11182,20984,0.002496,8407551
2,2020-12-19,5651,26636,5643,26605,8,31,0,0,5655,26639,0.003168,0,0,0.0,5655,26639,0.003168,8407551
2,2020-12-20,4268,30904,4251,30856,17,48,0,0,4260,30898,0.003675,1,1,0.0,4260,30899,0.003675,8407551
2,2020-12-21,12913,43817,12882,43738,31,79,0,0,12870,43767,0.005206,1,2,0.0,12870,43769,0.005206,8407551
2,2020-12-22,12274,56091,11737,55475,537,616,0,0,12272,56039,0.006665,0,2,0.0,12272,56041,0.006666,8407551
2,2020-12-23,11873,67964,9576,65051,2297,2913,0,0,11871,67908,0.008077,3,5,1e-06,11872,67913,0.008078,8407551
2,2020-12-24,5923,73887,3503,68554,2420,5333,0,0,5922,73828,0.008781,4,9,1e-06,5924,73837,0.008782,8407551
2,2020-12-25,507,74394,423,68977,84,5417,0,0,510,74338,0.008842,0,9,1e-06,510,74347,0.008843,8407551
2,2020-12-26,2603,76997,1677,70654,926,6343,0,0,2603,76939,0.009151,2,11,1e-06,2603,76950,0.009152,8407551
2,2020-12-27,2239,79236,1219,71873,1020,7363,0,0,2237,79174,0.009417,2,13,2e-06,2237,79187,0.009419,8407551
2,2020-12-28,11227,90463,7280,79153,3947,11310,0,0,11226,90395,0.010752,5,18,2e-06,11226,90413,0.010754,8407551
2,2020-12-29,13028,103491,7318,86471,5710,17020,0,0,13034,103428,0.012302,1,19,2e-06,13034,103447,0.012304,8407551
2,2020-12-30,15716,119207,8778,95249,6938,23958,0,0,15710,119135,0.01417,5,24,3e-06,15712,119159,0.014173,8407551
2,2020-12-31,7614,126821,2812,98061,4802,28760,0,0,7606,126736,0.015074,5,29,3e-06,7606,126765,0.015078,8407551
2,2021-01-01,1464,128285,704,98765,760,29520,0,0,1459,128191,0.015247,4,33,4e-06,1459,128224,0.015251,8407551
2,2021-01-02,4893,133178,2786,101551,2107,31627,0,0,4888,133077,0.015828,2,35,4e-06,4888,133112,0.015832,8407551
2,2021-01-03,1443,134621,813,102364,630,32257,0,0,1436,134510,0.015999,3,38,5e-06,1436,134548,0.016003,8407551
2,2021-01-04,11858,146479,5660,108024,6198,38455,0,0,11845,146350,0.017407,5,43,5e-06,11845,146393,0.017412,8407551
2,2021-01-05,14075,160554,7067,115091,7008,45463,0,0,12821,157955,0.018787,1250,1293,0.000154,12855,159248,0.018941,8407551
2,2021-01-06,19285,179839,10639,125730,8646,54109,0,0,15277,169298,0.020136,3949,5242,0.000623,15292,174540,0.02076,8407551
2,2021-01-07,23562,203401,13285,139015,10277,64386,0,0,15749,177245,0.021082,7824,13066,0.001554,15771,190311,0.022636,8407551
2,2021-01-08,27183,230584,16407,155422,10776,75162,0,0,16623,183395,0.021813,10508,23574,0.002804,16658,206969,0.024617,8407551
2,2021-01-09,9920,240504,5813,161235,4107,79269,0,0,6308,186109,0.022136,3606,27180,0.003233,6320,213289,0.025369,8407551
2,2021-01-10,5360,245864,2992,164227,2368,81637,0,0,3094,186932,0.022234,2276,29456,0.003504,3099,216388,0.025737,8407551
2,2021-01-11,26284,272148,18169,182396,8115,89752,0,0,15085,190856,0.022701,11213,40669,0.004837,15137,231525,0.027538,8407551
2,2021-01-12,26646,298794,16557,198953,10089,99841,0,0,16912,198105,0.023563,9758,50427,0.005998,17007,248532,0.029561,8407551
2,2021-01-13,28837,327631,15276,214229,13561,113402,0,0,20786,210892,0.025084,8041,58468,0.006954,20828,269360,0.032038,8407551
2,2021-01-14,30843,358474,11824,226053,19019,132421,0,0,26491,233118,0.027727,4351,62819,0.007472,26577,295937,0.035199,8407551
2,2021-01-15,35446,393920,12900,238953,22546,154967,0,0,32104,261978,0.03116,3341,66160,0.007869,32201,328138,0.039029,8407551
2,2021-01-16,18420,412340,6149,245102,12271,167238,0,0,16993,277535,0.03301,1444,67604,0.008041,17001,345139,0.041051,8407551
2,2021-01-17,10626,422966,3603,248705,7023,174261,0,0,9858,286622,0.034091,782,68386,0.008134,9869,355008,0.042225,8407551
2,2021-01-18,19867,442833,11095,259800,8772,183033,0,0,14994,296794,0.035301,4889,73275,0.008715,15061,370069,0.044016,8407551
2,2021-01-19,33022,475855,17253,277053,15769,198802,0,0,24775,313442,0.037281,8248,81523,0.009696,24896,394965,0.046977,8407551
2,2021-01-20,37854,513709,19032,296085,18822,217624,0,0,29150,334011,0.039728,8679,90202,0.010729,29248,424213,0.050456,8407551
2,2021-01-21,41420,555129,17620,313705,23800,241424,0,0,36758,366331,0.043572,4632,94834,0.01128,36952,461165,0.054851,8407551
2,2021-01-22,39807,594936,16628,330333,23179,264603,0,0,36393,399323,0.047496,3432,98266,0.011688,36424,497589,0.059184,8407551
2,2021-01-23,24398,619334,10842,341175,13556,278159,0,0,21401,417781,0.049691,2974,101240,0.012042,21432,519021,0.061733,8407551
2,2021-01-24,12518,631852,6137,347312,6381,284540,0,0,11571,428441,0.050959,931,102171,0.012152,11591,530612,0.063111,8407551
2,2021-01-25,34242,666094,15732,363044,18510,303050,0,0,25229,444864,0.052912,8960,111131,0.013218,25383,555995,0.06613,8407551
2,2021-01-26,40686,706780,19872,382916,20814,323864,0,0,31281,466862,0.055529,9377,120508,0.014333,31375,587370,0.069862,8407551
2,2021-01-27,46005,752785,22752,405668,23253,347117,0,0,35455,491958,0.058514,10431,130939,0.015574,35527,622897,0.074088,8407551
2,2021-01-28,48435,801220,22552,428220,25883,373000,0,0,39523,522725,0.062173,8843,139782,0.016626,39610,662507,0.078799,8407551
2,2021-01-29,46058,847278,22145,450365,23913,396913,0,0,37102,551089,0.065547,8824,148606,0.017675,37188,699695,0.083222,8407551
2,2021-01-30,31529,878807,13339,463704,18190,415103,0,0,28062,575775,0.068483,3425,152031,0.018083,28111,727806,0.086566,8407551
2,2021-01-31,17297,896104,10212,473916,7085,422188,0,0,16050,590624,0.070249,1225,153256,0.018228,16074,743880,0.088478,8407551
2,2021-02-01,41678,937782,19942,493858,21736,443924,0,0,30362,609784,0.072528,11253,164509,0.019567,30413,774293,0.092095,8407551
2,2021-02-02,48321,986103,19632,513490,28689,472613,0,0,36596,634854,0.07551,11629,176138,0.02095,36699,810992,0.09646,8407551
2,2021-02-03,54433,1040536,23897,537387,30536,503149,0,0,39978,660582,0.07857,14352,190490,0.022657,40080,851072,0.101227,8407551
2,2021-02-04,56698,1097234,24271,561658,32427,535576,0,0,41132,686372,0.081638,15453,205943,0.024495,41243,892315,0.106133,8407551
2,2021-02-05,60710,1157944,26322,587980,34388,569964,0,0,40908,707913,0.0842,19572,225515,0.026823,41113,933428,0.111023,8407551
2,2021-02-06,39611,1197555,18350,606330,21261,591225,0,0,31473,731441,0.086998,8058,233573,0.027781,31586,965014,0.114779,8407551
2,2021-02-07,15808,1213363,10439,616769,5369,596594,0,0,11949,739637,0.087973,3827,237400,0.028237,12023,977037,0.116209,8407551
2,2021-02-08,43337,1256700,21902,638671,21435,618029,0,0,29575,755821,0.089898,13610,251010,0.029855,29794,1006831,0.119753,8407551
2,2021-02-09,49932,1306632,23617,662288,26315,644344,0,0,30711,767915,0.091336,18986,269996,0.032114,31080,1037911,0.12345,8407551
2,2021-02-10,60009,1366641,28019,690307,31990,676334,0,0,34544,777671,0.092497,25171,295167,0.035107,34927,1072838,0.127604,8407551
2,2021-02-11,64752,1431393,29708,720015,35044,711378,0,0,35928,785686,0.09345,28437,323604,0.03849,36452,1109290,0.13194,8407551
2,2021-02-12,66372,1497765,28611,748626,37761,749139,0,0,35387,791066,0.09409,30687,354291,0.04214,36067,1145357,0.13623,8407551
2,2021-02-13,38373,1536138,15963,764589,22410,771549,0,0,22050,797290,0.09483,16211,370502,0.044068,22435,1167792,0.138898,8407551
2,2021-02-14,20230,1556368,9410,773999,10820,782369,0,0,11206,799906,0.095141,8967,379469,0.045134,11583,1179375,0.140276,8407551
2,2021-02-15,33495,1589863,15047,789046,18448,800817,0,0,18510,804455,0.095682,14837,394306,0.046899,19386,1198761,0.142581,8407551
2,2021-02-16,56748,1646611,27747,816793,29001,829818,0,0,29788,808104,0.096116,26833,421139,0.050091,30482,1229243,0.146207,8407551
2,2021-02-17,62104,1708715,31869,848662,30235,860053,0,0,30733,808407,0.096152,31259,452398,0.053809,31562,1260805,0.149961,8407551
2,2021-02-18,66835,1775550,33653,882315,33182,893235,0,0,32424,807871,0.096089,34125,486523,0.057867,33589,1294394,0.153956,8407551
2,2021-02-19,60177,1835727,33212,915527,26965,920200,0,0,29784,808078,0.096113,30176,516699,0.061457,30383,1324777,0.15757,8407551
2,2021-02-20,38045,1873772,24646,940173,13399,933599,0,0,20612,812079,0.096589,17315,534014,0.063516,21316,1346093,0.160105,8407551
2,2021-02-21,21950,1895722,17707,957880,4243,937842,0,0,10828,812741,0.096668,11008,545022,0.064825,11670,1357763,0.161493,8407551
2,2021-02-22,39797,1935519,27146,985026,12651,950493,0,0,18843,811511,0.096522,20787,565809,0.067298,19557,1377320,0.163819,8407551
2,2021-02-23,54236,1989755,27676,1012702,26560,977053,0,0,23733,806952,0.095979,30211,596020,0.070891,25652,1402972,0.16687,8407551
2,2021-02-24,71601,2061356,36732,1049434,34869,1011922,0,0,32681,803380,0.095555,38670,634690,0.07549,35098,1438070,0.171045,8407551
2,2021-02-25,77722,2139078,36713,1086147,41009,1052931,0,0,39342,807511,0.096046,38086,672776,0.08002,42217,1480287,0.176066,8407551
2,2021-02-26,86319,2225397,37005,1123152,49314,1102245,0,0,46295,816337,0.097096,39687,712463,0.084741,48513,1528800,0.181837,8407551
2,2021-02-27,63158,2288555,29295,1152447,33854,1136099,9,9,34166,823128,0.097903,28735,741198,0.088159,35526,1564326,0.186062,8407551
2,2021-02-28,31153,2319708,18662,1171109,12490,1148589,1,10,18046,829065,0.09861,12968,754166,0.089701,18905,1583231,0.188311,8407551
2,2021-03-01,59412,2379120,30926,1202035,28404,1176993,82,92,32439,836206,0.099459,26624,780790,0.092868,33765,1616996,0.192327,8407551
2,2021-03-02,71181,2450301,34157,1236192,37008,1214001,16,108,39779,847193,0.100766,31192,811982,0.096578,42179,1659175,0.197343,8407551
2,2021-03-03,82195,2532496,39578,1275770,42596,1256597,21,129,46325,860570,0.102357,35621,847603,0.100814,48998,1708173,0.203171,8407551
2,2021-03-04,90028,2622524,44103,1319873,45891,1302488,34,163,51420,876115,0.104206,38326,885929,0.105373,53871,1762044,0.209579,8407551
2,2021-03-05,83755,2706279,39315,1359188,44113,1346601,327,490,50690,896743,0.106659,32796,918725,0.109274,53424,1815468,0.215933,8407551
2,2021-03-06,63806,2770085,31058,1390246,31016,1377617,1732,2222,38960,914170,0.108732,24693,943418,0.112211,42120,1857588,0.220943,8407551
2,2021-03-07,28952,2799037,16415,1406661,10988,1388605,1549,3771,18312,924591,0.109972,10568,953986,0.113468,20989,1878577,0.223439,8407551
2,2021-03-08,51381,2850418,23537,1430198,25255,1413860,2589,6360,32211,941983,0.11204,19045,973031,0.115733,36437,1915014,0.227773,8407551
2,2021-03-09,71343,2921761,32487,1462685,34970,1448830,3886,10246,39433,954892,0.113576,31753,1004784,0.11951,44662,1959676,0.233085,8407551
2,2021-03-10,79129,3000890,37331,1500016,35195,1484025,6603,16849,41769,967444,0.115068,37117,1041901,0.123924,49669,2009345,0.238993,8407551
2,2021-03-11,93814,3094704,43197,1543213,42191,1526216,8426,25275,48727,981202,0.116705,44752,1086653,0.129247,58510,2067855,0.245952,8407551
2,2021-03-12,94785,3189489,39084,1582297,43746,1569962,11955,37230,46906,993809,0.118204,47599,1134252,0.134909,60206,2128061,0.253113,8407551
2,2021-03-13,69584,3259073,29027,1611324,32503,1602465,8054,45284,38029,1009737,0.120099,31397,1165649,0.138643,47325,2175386,0.258742,8407551
2,2021-03-14,37217,3296290,18423,1629747,14270,1616735,4524,49808,18674,1015237,0.120753,18424,1184073,0.140834,23924,2199310,0.261587,8407551
2,2021-03-15,67913,3364203,30646,1660393,32227,1648962,5040,54848,37336,1028376,0.122316,30325,1214398,0.144441,43464,2242774,0.266757,8407551
2,2021-03-16,86809,3451012,38455,1698848,44305,1693267,4049,58897,52241,1051442,0.125059,34337,1248735,0.148525,57403,2300177,0.273585,8407551
2,2021-03-17,93493,3544505,44732,1743580,44547,1737814,4214,63111,59155,1081575,0.128643,34031,1282766,0.152573,64164,2364341,0.281216,8407551
2,2021-03-18,98877,3643382,47143,1790723,47040,1784854,4694,67805,59808,1107893,0.131774,38719,1321485,0.157178,65037,2429378,0.288952,8407551
2,2021-03-19,97980,3741362,46481,1837204,45383,1830237,6116,73921,57668,1132192,0.134664,39976,1361461,0.161933,64275,2493653,0.296597,8407551
2,2021-03-20,70326,3811688,33980,1871184,32326,1862563,4020,77941,45716,1157917,0.137723,24352,1385813,0.16483,50077,2543730,0.302553,8407551
2,2021-03-21,33917,3845605,21815,1892999,10085,1872648,2017,79958,20235,1167090,0.138815,13511,1399324,0.166437,22684,2566414,0.305251,8407551
2,2021-03-22,63354,3908959,34887,1927886,25841,1898489,2626,82584,41835,1191191,0.141681,21254,1420578,0.168965,45355,2611769,0.310646,8407551
2,2021-03-23,84459,3993418,44894,1972780,36628,1935117,2937,85521,52221,1215267,0.144545,31921,1452499,0.172761,55997,2667766,0.317306,8407551
2,2021-03-24,92639,4086057,49701,2022481,39726,1974843,3212,88733,53868,1234765,0.146864,38400,1490899,0.177329,57898,2725664,0.324192,8407551
2,2021-03-25,102318,4188375,51620,2074101,46753,2021596,3945,92678,57377,1252310,0.148951,44545,1535444,0.182627,62090,2787754,0.331577,8407551
2,2021-03-26,104422,4292797,51864,2125965,49044,2070640,3514,96192,56594,1266048,0.150585,47406,1582850,0.188265,61144,2848898,0.33885,8407551
2,2021-03-27,76247,4369044,38028,2163993,34882,2105522,3337,99529,37941,1270182,0.151076,38006,1620856,0.192786,42140,2891038,0.343862,8407551
2,2021-03-28,38131,4407175,23573,2187566,13740,2119262,818,100347,20255,1274395,0.151577,17716,1638572,0.194893,21929,2912967,0.34647,8407551
2,2021-03-29,72371,4479546,36755,2224321,33333,2152595,2283,102630,40742,1287037,0.153081,31383,1669955,0.198626,44025,2956992,0.351707,8407551
2,2021-03-30,92963,4572509,45553,2269874,42997,2195592,4413,107043,51785,1302926,0.154971,40938,1710893,0.203495,56827,3013819,0.358466,8407551
2,2021-03-31,102130,4674639,52632,2322506,44345,2239937,5153,112196,57661,1322005,0.15724,44117,1755010,0.208742,63196,3077015,0.365982,8407551
2,2021-04-01,118658,4793297,57215,2379721,52059,2291996,9384,121580,64213,1342027,0.159622,53961,1808971,0.21516,73983,3150998,0.374782,8407551
2,2021-04-02,112369,4905666,51861,2431582,50208,2342204,10300,131880,59848,1360540,0.161824,52075,1861046,0.221354,70588,3221586,0.383178,8407551
2,2021-04-03,77024,4982690,37745,2469327,29390,2371594,9889,141769,38005,1370010,0.16295,38783,1899829,0.225967,48253,3269839,0.388917,8407551
2,2021-04-04,29144,5011834,15010,2484337,10249,2381843,3885,145654,13014,1370917,0.163058,16005,1915834,0.227871,16912,3286751,0.390928,8407551
2,2021-04-05,79798,5091632,39044,2523381,31820,2413663,8934,154588,38254,1377499,0.163841,41336,1957170,0.232787,47918,3334669,0.396628,8407551
2,2021-04-06,104522,5196154,50815,2574196,38887,2452550,14820,169408,49243,1386986,0.164969,54967,2012137,0.239325,64454,3399123,0.404294,8407551
2,2021-04-07,111294,5307448,55451,2629647,39451,2492001,16392,185800,52111,1396840,0.166141,58861,2070998,0.246326,68715,3467838,0.412467,8407551
2,2021-04-08,120096,5427544,57712,2687359,43446,2535447,18938,204738,55556,1407683,0.167431,64141,2135139,0.253955,74984,3542822,0.421386,8407551
2,2021-04-09,119455,5546999,57456,2744815,43722,2579169,18277,223015,56275,1420261,0.168927,62771,2197910,0.261421,75349,3618171,0.430348,8407551
2,2021-04-10,87894,5634893,37846,2782661,31562,2610731,18486,241501,36207,1424172,0.169392,51396,2249306,0.267534,55307,3673478,0.436926,8407551
2,2021-04-11,44735,5679628,23210,2805871,13001,2623732,8524,250025,18310,1425444,0.169543,26262,2275568,0.270658,27534,3701012,0.440201,8407551
2,2021-04-12,80635,5760263,37518,2843389,33626,2657358,9491,259516,35819,1427212,0.169754,44521,2320089,0.275953,46289,3747301,0.445707,8407551
2,2021-04-13,102229,5862492,53030,2896419,48935,2706293,264,259780,55768,1437996,0.171036,46153,2366242,0.281442,56937,3804238,0.452479,8407551
2,2021-04-14,107337,5969829,56192,2952611,51082,2757375,63,259843,54570,1441655,0.171471,52420,2418662,0.287677,56079,3860317,0.459149,8407551
2,2021-04-15,113730,6083559,60346,3012957,53287,2810662,97,259940,59118,1447780,0.1722,54177,2472839,0.294121,60302,3920619,0.466321,8407551
2,2021-04-16,111292,6194851,57855,3070812,53376,2864038,61,260001,56360,1450512,0.172525,54546,2527385,0.300609,57278,3977897,0.473134,8407551
2,2021-04-17,83881,6278732,42691,3113503,41174,2905212,16,260017,46719,1461244,0.173801,36880,2564265,0.304995,47612,4025509,0.478797,8407551
2,2021-04-18,36104,6314836,21958,3135461,14134,2919346,12,260029,17014,1460326,0.173692,18941,2583206,0.307248,18023,4043532,0.480941,8407551
2,2021-04-19,75012,6389848,40301,3175762,34691,2954037,20,260049,33896,1454044,0.172945,40818,2624024,0.312103,34536,4078068,0.485048,8407551
2,2021-04-20,97689,6487537,49374,3225136,48283,3002320,32,260081,46963,1451444,0.172636,50347,2674371,0.318092,47747,4125815,0.490727,8407551
2,2021-04-21,104235,6591772,56398,3281534,47766,3050086,71,260152,48918,1446622,0.172062,54794,2729165,0.324609,49972,4175787,0.496671,8407551
2,2021-04-22,108741,6700513,56186,3337720,52526,3102612,29,260181,47419,1434121,0.170575,60833,2789998,0.331844,48332,4224119,0.50242,8407551
2,2021-04-23,108374,6808887,57751,3395471,50602,3153214,21,260202,49880,1426904,0.169717,58052,2848050,0.338749,50835,4274954,0.508466,8407551
2,2021-04-24,81236,6890123,47772,3443243,33420,3186634,44,260246,42205,1431450,0.170258,38650,2886700,0.343346,43196,4318150,0.513604,8407551
2,2021-04-25,36753,6926876,22644,3465887,14092,3200726,17,260263,19941,1435239,0.170708,16647,2903347,0.345326,20436,4338586,0.516034,8407551
2,2021-04-26,74577,7001453,41298,3507185,32960,3233686,319,260582,34169,1431088,0.170215,40107,2943454,0.350096,35956,4374542,0.520311,8407551
2,2021-04-27,88577,7090030,46701,3553886,40492,3274178,1384,261966,37886,1421346,0.169056,50271,2993725,0.356076,40529,4415071,0.525132,8407551
2,2021-04-28,88565,7178595,47292,3601178,39391,3313569,1882,263848,38896,1413759,0.168153,49287,3043012,0.361938,41700,4456771,0.530091,8407551
2,2021-04-29,91725,7270320,49874,3651052,40125,3353694,1726,265574,35515,1395831,0.166021,55783,3098795,0.368573,37855,4494626,0.534594,8407551
2,2021-04-30,95153,7365473,52563,3703615,40572,3394266,2018,267592,36825,1377510,0.163842,57825,3156620,0.375451,39504,4534130,0.539293,8407551
2,2021-05-01,63035,7428508,38372,3741987,23047,3417313,1616,269208,24555,1366435,0.162525,38115,3194735,0.379984,27040,4561170,0.542509,8407551
2,2021-05-02,29398,7457906,20474,3762461,7945,3425258,979,270187,11142,1360537,0.161823,18108,3212843,0.382138,12210,4573380,0.543961,8407551
2,2021-05-03,60880,7518786,36137,3798598,22665,3447923,2078,272265,20359,1343015,0.159739,40221,3253064,0.386922,22699,4596079,0.546661,8407551
2,2021-05-04,80237,7599023,47879,3846477,29946,3477869,2412,274677,25940,1317829,0.156744,53925,3306989,0.393336,28739,4624818,0.550079,8407551
2,2021-05-05,81008,7680031,48193,3894670,30453,3508322,2362,277039,25221,1290409,0.153482,55367,3362356,0.399921,27947,4652765,0.553403,8407551
2,2021-05-06,83437,7763468,50674,3945344,29833,3538155,2930,279969,25199,1261447,0.150037,57729,3420085,0.406787,28767,4681532,0.556825,8407551
2,2021-05-07,84229,7847697,48648,3993992,33149,3571304,2432,282401,25718,1231965,0.146531,58084,3478169,0.413696,28602,4710134,0.560227,8407551
2,2021-05-08,55956,7903653,33942,4027934,20283,3591587,1731,284132,17437,1213594,0.144346,38272,3516441,0.418248,19901,4730035,0.562594,8407551
2,2021-05-09,21968,7925621,15817,4043751,5400,3596987,751,284883,6318,1205345,0.143365,15550,3531991,0.420097,7301,4737336,0.563462,8407551
2,2021-05-10,50519,7976140,27542,4071293,21086,3618073,1891,286774,14164,1185932,0.141056,36070,3568061,0.424388,16657,4753993,0.565443,8407551
2,2021-05-11,66689,8042829,36142,4107435,28391,3646464,2156,288930,19985,1162395,0.138256,46371,3614432,0.429903,22834,4776827,0.568159,8407551
2,2021-05-12,65596,8108425,34937,4142372,28416,3674880,2243,291173,19241,1138273,0.135387,46022,3660454,0.435377,21900,4798727,0.570764,8407551
2,2021-05-13,71409,8179834,41446,4183818,28004,3702884,1959,293132,26037,1121957,0.133446,45054,3705508,0.440736,28738,4827465,0.574182,8407551
2,2021-05-14,80447,8260281,48199,4232017,29971,3732855,2277,295409,30800,1106421,0.131598,49262,3754770,0.446595,33726,4861191,0.578193,8407551
2,2021-05-15,66929,8327210,43950,4275967,21258,3754113,1721,297130,25899,1093701,0.130086,40750,3795520,0.451442,28030,4889221,0.581527,8407551
2,2021-05-16,31875,8359085,23854,4299821,7089,3761202,932,298062,12955,1088950,0.12952,18774,3814294,0.453675,14023,4903244,0.583195,8407551
2,2021-05-17,58367,8417452,36984,4336805,19417,3780619,1966,300028,22930,1079040,0.128342,35177,3849471,0.457859,25267,4928511,0.586201,8407551
2,2021-05-18,70580,8488032,41272,4378077,27338,3807957,1970,301998,27937,1067148,0.126927,42344,3891815,0.462895,30452,4958963,0.589823,8407551
2,2021-05-19,69435,8557467,41074,4419151,26290,3834247,2071,304069,27410,1055410,0.125531,41688,3933503,0.467854,29950,4988913,0.593385,8407551
2,2021-05-20,70166,8627633,40720,4459871,27248,3861495,2198,306267,26667,1041742,0.123906,43138,3976641,0.472984,29470,5018383,0.59689,8407551
2,2021-05-21,73693,8701326,43536,4503407,27974,3889469,2183,308450,27967,1027122,0.122167,45337,4021978,0.478377,30717,5049100,0.600543,8407551
2,2021-05-22,54018,8755344,34299,4537706,17942,3907411,1777,310227,22513,1020696,0.121402,31259,4053237,0.482095,24833,5073933,0.603497,8407551
2,2021-05-23,24529,8779873,16743,4554449,7062,3914473,724,310951,10281,1017734,0.12105,14111,4067348,0.483773,11149,5085082,0.604823,8407551
2,2021-05-24,45273,8825146,25745,4580194,17739,3932212,1789,312740,17347,1009535,0.120075,27678,4095026,0.487065,19479,5104561,0.60714,8407551
2,2021-05-25,51389,8876535,30107,4610301,19398,3951610,1884,314624,19535,999969,0.118937,31525,4126551,0.490815,21959,5126520,0.609752,8407551
2,2021-05-26,49154,8925689,27559,4637860,19891,3971501,1704,316328,19208,991637,0.117946,29586,4156137,0.494334,21254,5147774,0.61228,8407551
2,2021-05-27,47118,8972807,26734,4664594,18638,3990139,1746,318074,18767,984569,0.117105,28084,4184221,0.497674,21016,5168790,0.614779,8407551
2,2021-05-28,50705,9023512,28042,4692636,20669,4010808,1994,320068,21246,979065,0.116451,29182,4213403,0.501145,23678,5192468,0.617596,8407551
2,2021-05-29,29309,9052821,17555,4710191,10682,4021490,1072,321140,13319,977826,0.116303,15815,4229218,0.503026,14576,5207044,0.619329,8407551
2,2021-05-30,12727,9065548,8201,4718392,3756,4025246,770,321910,5541,977088,0.116216,7115,4236333,0.503872,6377,5213421,0.620088,8407551
2,2021-05-31,5965,9071513,3500,4721892,2159,4027405,306,322216,1860,975265,0.115999,4039,4240372,0.504353,2216,5215637,0.620352,8407551
2,2021-06-01,45293,9116806,26022,4747914,17595,4045000,1676,323892,15733,963844,0.11464,29201,4269573,0.507826,17780,5233417,0.622466,8407551
2,2021-06-02,38657,9155463,22757,4770671,14475,4059475,1425,325317,15120,957439,0.113878,23254,4292827,0.510592,16849,5250266,0.62447,8407551
2,2021-06-03,41924,9197387,27020,4797691,13418,4072893,1486,326803,14136,945915,0.112508,27535,4320362,0.513867,16011,5266277,0.626375,8407551
2,2021-06-04,48770,9246157,31872,4829563,15331,4088224,1567,328370,15766,931095,0.110745,32681,4353043,0.517754,17861,5284138,0.628499,8407551
2,2021-06-05,38258,9284415,27319,4856882,9465,4097689,1474,329844,11900,918789,0.109281,26107,4379150,0.520859,13801,5297939,0.630141,8407551
2,2021-06-06,14988,9299403,12294,4869176,2112,4099801,582,330426,4658,913963,0.108707,10263,4389413,0.52208,5437,5303376,0.630787,8407551
2,2021-06-07,33582,9332985,23512,4892688,8782,4108583,1288,331714,10991,904062,0.10753,22418,4411831,0.524746,12517,5315893,0.632276,8407551
2,2021-06-08,40769,9373754,28837,4921525,10556,4119139,1376,333090,12490,890290,0.105892,28023,4439854,0.528079,14251,5330144,0.633971,8407551
2,2021-06-09,38287,9412041,26736,4948261,10049,4129188,1502,334592,11565,877167,0.104331,26513,4466367,0.531233,13390,5343534,0.635564,8407551
2,2021-06-10,38045,9450086,26465,4974726,10043,4139231,1537,336129,11647,864638,0.102841,26195,4492562,0.534348,13666,5357200,0.637189,8407551
2,2021-06-11,41736,9491822,27729,5002455,12327,4151558,1680,337809,13363,851895,0.101325,28091,4520653,0.53769,15348,5372548,0.639015,8407551
2,2021-06-12,29812,9521634,21965,5024420,6926,4158484,921,338730,8732,840852,0.100012,20931,4541584,0.540179,9888,5382436,0.640191,8407551
2,2021-06-13,12280,9533914,8971,5033391,2686,4161170,623,339353,3120,835673,0.099396,9091,4550675,0.54126,3912,5386348,0.640656,8407551
2,2021-06-14,30247,9564161,21473,5054864,7555,4168725,1219,340572,10442,827918,0.098473,19620,4570295,0.543594,11865,5398213,0.642067,8407551
2,2021-06-15,36063,9600224,24048,5078912,9949,4178674,2066,342638,12127,818839,0.097393,23647,4593942,0.546407,14568,5412781,0.6438,8407551
2,2021-06-16,33442,9633666,23109,5102021,8521,4187195,1812,344450,11559,810831,0.096441,21695,4615637,0.548987,13687,5426468,0.645428,8407551
2,2021-06-17,31110,9664776,20775,5122796,8526,4195721,1809,346259,10993,803911,0.095618,19929,4635566,0.551357,13009,5439477,0.646975,8407551
2,2021-06-18,34838,9699614,22963,5145759,9993,4205714,1882,348141,12609,796649,0.094754,22006,4657572,0.553975,14744,5454221,0.648729,8407551
2,2021-06-19,21022,9720636,14648,5160407,5111,4210825,1263,349404,7925,793104,0.094332,12931,4670503,0.555513,9386,5463607,0.649845,8407551
2,2021-06-20,8318,9728954,5948,5166355,1904,4212729,466,349870,3071,791514,0.094143,5198,4675701,0.556131,3608,5467215,0.650274,8407551
2,2021-06-21,19384,9748338,11873,5178228,6183,4218912,1328,351198,9882,793531,0.094383,9375,4685076,0.557246,11392,5478607,0.651629,8407551
2,2021-06-22,26941,9775279,18448,5196676,7109,4226021,1384,352582,10520,789464,0.093899,16246,4701322,0.559179,12179,5490786,0.653078,8407551
2,2021-06-23,25977,9801256,17923,5214599,6421,4232442,1633,354215,10515,786597,0.093558,15310,4716632,0.561,12443,5503229,0.654558,8407551
2,2021-06-24,25465,9826721,17338,5231937,6596,4239038,1531,355746,10458,783965,0.093245,14852,4731484,0.562766,12220,5515449,0.656011,8407551
2,2021-06-25,28911,9855632,19590,5251527,7818,4246856,1503,357249,12009,780982,0.092891,16736,4748220,0.564757,13753,5529202,0.657647,8407551
2,2021-06-26,18770,9874402,13821,5265348,4012,4250868,937,358186,7639,778776,0.092628,11038,4759258,0.566069,8832,5538034,0.658698,8407551
2,2021-06-27,8889,9883291,6789,5272137,1649,4252517,451,358637,3572,777665,0.092496,5258,4764516,0.566695,4147,5542181,0.659191,8407551
2,2021-06-28,19998,9903289,15190,5287327,3559,4256076,1249,359886,8824,776900,0.092405,11034,4775550,0.568007,10269,5552450,0.660412,8407551
2,2021-06-29,22967,9926256,16000,5303327,5886,4261962,1081,360967,9851,775095,0.09219,12972,4788522,0.56955,11167,5563617,0.66174,8407551
2,2021-06-30,22241,9948497,15782,5319109,5427,4267389,1032,361999,9951,774172,0.092081,12135,4800657,0.570994,11212,5574829,0.663074,8407551
2,2021-07-01,20162,9968659,14254,5333363,5009,4272398,899,362898,8974,773202,0.091965,11047,4811704,0.572307,10077,5584906,0.664273,8407551
2,2021-07-02,23192,9991851,16004,5349367,6157,4278555,1031,363929,10282,771981,0.09182,12739,4824443,0.573823,11518,5596424,0.665643,8407551
2,2021-07-03,12682,10004533,9141,5358508,3063,4281618,478,364407,5812,771623,0.091777,6771,4831214,0.574628,6413,5602837,0.666405,8407551
2,2021-07-04,1019,10005552,598,5359106,354,4281972,67,364474,437,771580,0.091772,570,4831784,0.574696,527,5603364,0.666468,8407551
2,2021-07-05,11176,10016728,8184,5367290,2582,4284554,410,364884,5138,771294,0.091738,5963,4837747,0.575405,5677,5609041,0.667143,8407551
2,2021-07-06,24046,10040774,17460,5384750,5569,4290123,1017,365901,9291,767288,0.091262,14586,4852333,0.57714,10580,5619621,0.668402,8407551
2,2021-07-07,20731,10061505,14783,5399533,4837,4294960,1111,367012,8783,765643,0.091066,11800,4864133,0.578543,10155,5629776,0.669609,8407551
2,2021-07-08,19307,10080812,13448,5412981,4804,4299764,1055,368067,8099,763907,0.09086,11095,4875228,0.579863,9359,5639135,0.670723,8407551
2,2021-07-09,22745,10103557,15768,5428749,5707,4305471,1270,369337,9663,762100,0.090645,12940,4888168,0.581402,11133,5650268,0.672047,8407551
2,2021-07-10,14430,10117987,10652,5439401,3090,4308561,688,370025,6378,761365,0.090557,7956,4896124,0.582348,7221,5657489,0.672906,8407551
2,2021-07-11,6588,10124575,4845,5444246,1393,4309954,350,370375,3104,761450,0.090567,3439,4899563,0.582757,3524,5661013,0.673325,8407551
2,2021-07-12,18291,10142866,13444,5457690,3972,4313926,875,371250,7872,760103,0.090407,10296,4909859,0.583982,8949,5669962,0.674389,8407551
2,2021-07-13,19651,10162517,13877,5471567,4887,4318813,887,372137,8812,759311,0.090313,10688,4920547,0.585253,9896,5679858,0.675566,8407551
2,2021-07-14,18818,10181335,13447,5485014,4583,4323396,788,372925,8439,758503,0.090217,10247,4930794,0.586472,9439,5689297,0.676689,8407551
2,2021-07-15,18952,10200287,13738,5498752,4509,4327905,705,373630,8629,757849,0.090139,10204,4940998,0.587686,9550,5698847,0.677825,8407551
2,2021-07-16,22993,10223280,16549,5515301,5607,4333512,837,374467,11021,758077,0.090166,11836,4952834,0.589094,12064,5710911,0.67926,8407551
2,2021-07-17,14444,10237724,10526,5525827,3384,4336896,534,375001,6984,758364,0.0902,7366,4960200,0.58997,7653,5718564,0.68017,8407551
2,2021-07-18,7016,10244740,5243,5531070,1444,4338340,329,375330,3542,758876,0.090261,3430,4963630,0.590378,3942,5722506,0.680639,8407551
2,2021-07-19,18481,10263221,13767,5544837,3966,4342306,748,376078,9171,759785,0.090369,9190,4972820,0.591471,10099,5732605,0.68184,8407551
2,2021-07-20,21053,10284274,14995,5559832,5210,4347516,848,376926,10695,761329,0.090553,10219,4983039,0.592686,11763,5744368,0.683239,8407551
2,2021-07-21,20537,10304811,14957,5574789,4806,4352322,774,377700,10656,763205,0.090776,9751,4992790,0.593846,11627,5755995,0.684622,8407551
2,2021-07-22,20454,10325265,14606,5589395,4976,4357298,872,378572,10922,765788,0.091083,9383,5002173,0.594962,11966,5767961,0.686045,8407551
2,2021-07-23,24619,10349884,17250,5606645,6305,4363603,1064,379636,13401,769392,0.091512,11059,5013232,0.596277,14663,5782624,0.687789,8407551
2,2021-07-24,14909,10364793,10742,5617387,3664,4367267,503,380139,8321,771856,0.091805,6474,5019706,0.597047,8938,5791562,0.688852,8407551
2,2021-07-25,6743,10371536,4971,5622358,1629,4368896,143,380282,4985,775313,0.092216,1710,5021416,0.597251,5167,5796729,0.689467,8407551
2,2021-07-26,19254,10390790,13605,5635963,4861,4373757,788,381070,12196,781503,0.092953,6920,5028336,0.598074,13110,5809839,0.691026,8407551
2,2021-07-27,23045,10413835,16691,5652654,5486,4379243,868,381938,13488,786623,0.093561,9386,5037722,0.59919,14506,5824345,0.692752,8407551
2,2021-07-28,22782,10436617,16304,5668958,5573,4384816,905,382843,13488,792081,0.094211,9122,5046844,0.600275,14580,5838925,0.694486,8407551
2,2021-07-29,21555,10458172,15466,5684424,5175,4389991,914,383757,13026,797794,0.09489,8381,5055225,0.601272,14094,5853019,0.696162,8407551
2,2021-07-30,26380,10484552,18787,5703211,6627,4396618,966,384723,15804,804390,0.095675,10375,5065600,0.602506,16971,5869990,0.698181,8407551
2,2021-07-31,15836,10500388,11671,5714882,3654,4400272,511,385234,9595,808520,0.096166,6113,5071713,0.603233,10243,5880233,0.699399,8407551
2,2021-08-01,8073,10508461,6212,5721094,1689,4401961,172,385406,5286,811326,0.0965,2717,5074430,0.603556,5523,5885756,0.700056,8407551
2,2021-08-02,21403,10529864,16080,5737174,4552,4406513,771,386177,13570,818091,0.097304,7691,5082121,0.604471,14456,5900212,0.701775,8407551
2,2021-08-03,24211,10554075,17656,5754830,5527,4412040,1028,387205,15050,825290,0.098161,9009,5091130,0.605543,16208,5916420,0.703703,8407551
2,2021-08-04,22828,10576903,16909,5771739,5032,4417072,887,388092,14211,832015,0.09896,8470,5099600,0.60655,15195,5931615,0.70551,8407551
2,2021-08-05,23256,10600159,17049,5788788,5254,4422326,953,389045,14400,838797,0.099767,8683,5108283,0.607583,15465,5947080,0.70735,8407551
2,2021-08-06,27795,10627954,20364,5809152,6440,4428766,991,390036,16937,846181,0.100645,10672,5118955,0.608852,18056,5965136,0.709497,8407551
2,2021-08-07,16936,10644890,12594,5821746,3742,4432508,600,390636,10401,850841,0.1012,6422,5125377,0.609616,11082,5976218,0.710816,8407551
2,2021-08-08,9386,10654276,7106,5828852,2051,4434559,229,390865,5862,853537,0.10152,3438,5128815,0.610025,6134,5982352,0.711545,8407551
2,2021-08-09,23408,10677684,17956,5846808,4683,4439242,769,391634,14169,859532,0.102233,9074,5137889,0.611104,15069,5997421,0.713337,8407551
2,2021-08-10,24528,10702212,18068,5864876,5602,4444844,858,392492,14419,865022,0.102886,9927,5147816,0.612285,15417,6012838,0.715171,8407551
2,2021-08-11,22141,10724353,16522,5881398,4705,4449549,914,393406,12862,869801,0.103455,9096,5156912,0.613367,13875,6026713,0.716821,8407551
2,2021-08-12,23919,10748272,17092,5898490,5740,4455289,1087,394493,13931,875144,0.10409,9777,5166689,0.61453,15120,6041833,0.71862,8407551
2,2021-08-13,30035,10778307,21728,5920218,7257,4462546,1050,395543,17368,881392,0.104833,12305,5178994,0.615993,18553,6060386,0.720827,8407551
2,2021-08-14,18915,10797222,13965,5934183,4441,4466987,509,396052,10659,885040,0.105267,7662,5186656,0.616904,11310,6071696,0.722172,8407551
2,2021-08-15,9791,10807013,7354,5941537,2244,4469231,193,396245,5363,886672,0.105461,3996,5190652,0.61738,5628,6077324,0.722841,8407551
2,2021-08-16,24855,10831868,17592,5959129,6418,4475649,845,397090,12955,889972,0.105854,10656,5201308,0.618647,13956,6091280,0.724501,8407551
2,2021-08-17,26073,10857941,18458,5977587,6673,4482322,942,398032,12933,892299,0.106131,11680,5212988,0.620036,14007,6105287,0.726167,8407551
2,2021-08-18,26348,10884289,18716,5996303,6726,4489048,906,398938,12880,894509,0.106394,11726,5224714,0.621431,13936,6119223,0.727825,8407551
2,2021-08-19,26173,10910462,18095,6014398,7052,4496100,1026,399964,13001,897337,0.10673,11330,5236044,0.622779,14158,6133381,0.729509,8407551
2,2021-08-20,32576,10943038,22881,6037279,8646,4504746,1049,401013,15308,898996,0.106927,14850,5250894,0.624545,16509,6149890,0.731472,8407551
2,2021-08-21,19067,10962105,14071,6051350,4446,4509192,550,401563,9068,899844,0.107028,8905,5259799,0.625604,9753,6159643,0.732632,8407551
2,2021-08-22,10732,10972837,7941,6059291,2577,4511769,214,401777,5300,900582,0.107116,4854,5264653,0.626182,5592,6165235,0.733297,8407551
2,2021-08-23,26824,10999661,19623,6078914,6473,4518242,728,402505,12555,901651,0.107243,12463,5277116,0.627664,13532,6178767,0.734907,8407551
2,2021-08-24,27464,11027125,20438,6099352,6149,4524391,877,403382,12148,901454,0.10722,13439,5290555,0.629262,13242,6192009,0.736482,8407551
2,2021-08-25,26333,11053458,19960,6119312,5633,4530024,740,404122,11978,901792,0.10726,12594,5303149,0.63076,12932,6204941,0.73802,8407551
2,2021-08-26,26467,11079925,19734,6139046,5912,4535936,821,404943,11821,901903,0.107273,12729,5315878,0.632274,12840,6217781,0.739547,8407551
2,2021-08-27,32530,11112455,24161,6163207,7460,4543396,909,405852,13517,900184,0.107069,16430,5332308,0.634228,14711,6232492,0.741297,8407551
2,2021-08-28,19152,11131607,14629,6177836,4154,4547550,369,406221,8115,899024,0.106931,9831,5342139,0.635398,8671,6241163,0.742328,8407551
2,2021-08-29,11157,11142764,8532,6186368,2473,4550023,152,406373,4818,898414,0.106858,5705,5347844,0.636076,5095,6246258,0.742934,8407551
2,2021-08-30,25847,11168611,19271,6205639,5896,4555919,680,407053,10572,896674,0.106651,13255,5361099,0.637653,11515,6257773,0.744304,8407551
2,2021-08-31,25476,11194087,18564,6224203,6205,4562124,707,407760,10294,894924,0.106443,12994,5374093,0.639198,11244,6269017,0.745641,8407551
2,2021-09-01,24742,11218829,18031,6242234,6005,4568129,706,408466,10691,894733,0.10642,11816,5385909,0.640604,11625,6280642,0.747024,8407551
2,2021-09-02,23904,11242733,17168,6259402,6079,4574208,657,409123,9763,893523,0.106276,11815,5397724,0.642009,10605,6291247,0.748285,8407551
2,2021-09-03,30296,11273029,22000,6281402,7570,4581778,726,409849,11626,890288,0.105891,15813,5413537,0.64389,12578,6303825,0.749781,8407551
2,2021-09-04,16568,11289597,12564,6293966,3747,4585525,257,410106,6701,888588,0.105689,8818,5422355,0.644939,7118,6310943,0.750628,8407551
2,2021-09-05,9770,11299367,7331,6301297,2374,4587899,65,410171,4470,888465,0.105675,4746,5427101,0.645503,4623,6315566,0.751178,8407551
2,2021-09-06,5039,11304406,3424,6304721,1578,4589477,37,410208,2107,888002,0.10562,2658,5429759,0.645819,2195,6317761,0.751439,8407551
2,2021-09-07,24441,11328847,18118,6322839,5628,4595105,695,410903,8165,882601,0.104977,14514,5444273,0.647546,9113,6326874,0.752523,8407551
2,2021-09-08,22291,11351138,16333,6339172,5368,4600473,590,411493,8841,880511,0.104729,11714,5455987,0.648939,9624,6336498,0.753668,8407551
2,2021-09-09,13352,11364490,9210,6348382,3571,4604044,571,412064,4778,878652,0.104507,7274,5463261,0.649804,5415,6341913,0.754312,8407551
3,2020-12-15,337,337,337,337,0,0,0,0,337,337,4.1e-05,0,0,0.0,337,337,4.1e-05,8129050
3,2020-12-16,2544,2881,2544,2881,0,0,0,0,2544,2881,0.000354,0,0,0.0,2544,2881,0.000354,8129050
3,2020-12-17,7986,10867,7986,10867,0,0,0,0,7987,10868,0.001337,0,0,0.0,7987,10868,0.001337,8129050
3,2020-12-18,13604,24471,13583,24450,21,21,0,0,13600,24468,0.00301,0,0,0.0,13600,24468,0.00301,8129050
3,2020-12-19,7298,31769,7286,31736,12,33,0,0,7350,31816,0.003914,2,2,0.0,7350,31818,0.003914,8129050
3,2020-12-20,5707,37476,5692,37428,15,48,0,0,5755,37570,0.004622,1,3,0.0,5755,37573,0.004622,8129050
3,2020-12-21,14532,52008,14503,51931,29,77,0,0,14594,52163,0.006417,1,4,0.0,14594,52167,0.006417,8129050
3,2020-12-22,15041,67049,14425,66356,616,693,0,0,15075,67233,0.008271,5,9,1e-06,15075,67242,0.008272,8129050
3,2020-12-23,15072,82121,12402,78758,2670,3363,0,0,15092,82324,0.010127,2,11,1e-06,15093,82335,0.010128,8129050
3,2020-12-24,6891,89012,4925,83683,1966,5329,0,0,6887,89208,0.010974,3,14,2e-06,6887,89222,0.010976,8129050
3,2020-12-25,749,89761,687,84370,62,5391,0,0,744,89950,0.011065,2,16,2e-06,744,89966,0.011067,8129050
3,2020-12-26,4635,94396,3011,87381,1624,7015,0,0,4633,94583,0.011635,0,16,2e-06,4633,94599,0.011637,8129050
3,2020-12-27,3041,97437,1874,89255,1167,8182,0,0,3040,97623,0.012009,0,16,2e-06,3040,97639,0.012011,8129050
3,2020-12-28,13873,111310,8875,98130,4998,13180,0,0,13887,111501,0.013716,9,25,3e-06,13887,111526,0.013719,8129050
3,2020-12-29,15522,126832,8797,106927,6725,19905,0,0,15546,127044,0.015628,3,28,3e-06,15546,127072,0.015632,8129050
3,2020-12-30,18457,145289,10364,117291,8093,27998,0,0,18462,145504,0.017899,3,31,4e-06,18463,145535,0.017903,8129050
3,2020-12-31,8573,153862,3265,120556,5308,33306,0,0,8573,154075,0.018954,2,33,4e-06,8573,154108,0.018958,8129050
3,2021-01-01,1953,155815,938,121494,1015,34321,0,0,1947,156020,0.019193,2,35,4e-06,1947,156055,0.019197,8129050
3,2021-01-02,5020,160835,2474,123968,2546,36867,0,0,5017,161036,0.01981,1,36,4e-06,5017,161072,0.019814,8129050
3,2021-01-03,1645,162480,866,124834,779,37646,0,0,1636,162670,0.020011,2,38,5e-06,1636,162708,0.020016,8129050
3,2021-01-04,12217,174697,6068,130902,6149,43795,0,0,12185,174846,0.021509,9,47,6e-06,12185,174893,0.021515,8129050
3,2021-01-05,15993,190690,8313,139215,7680,51475,0,0,14274,187455,0.02306,1699,1746,0.000215,14308,189201,0.023275,8129050
3,2021-01-06,20820,211510,11045,150260,9775,61250,0,0,16142,198975,0.024477,4633,6379,0.000785,16153,205354,0.025262,8129050
3,2021-01-07,26914,238424,15385,165645,11529,72779,0,0,17311,206740,0.025432,9567,15946,0.001962,17332,222686,0.027394,8129050
3,2021-01-08,30957,269381,18883,184528,12074,84853,0,0,18289,212415,0.02613,12643,28589,0.003517,18318,241004,0.029647,8129050
3,2021-01-09,12633,282014,7134,191662,5499,90352,0,0,8042,215885,0.026557,4583,33172,0.004081,8053,249057,0.030638,8129050
3,2021-01-10,7294,289308,4521,196183,2773,93125,0,0,4098,216797,0.026669,3193,36365,0.004473,4105,253162,0.031143,8129050
3,2021-01-11,29514,318822,19302,215485,10212,103337,0,0,16686,220720,0.027152,12814,49179,0.00605,16737,269899,0.033202,8129050
3,2021-01-12,33109,351931,19682,235167,13427,116764,0,0,20284,228355,0.028091,12802,61981,0.007625,20437,290336,0.035716,8129050
3,2021-01-13,35100,387031,18318,253485,16782,133546,0,0,24685,242659,0.029851,10408,72389,0.008905,24712,315048,0.038756,8129050
3,2021-01-14,35114,422145,14359,267844,20755,154301,0,0,29125,265914,0.032712,5912,78301,0.009632,29167,344215,0.042344,8129050
3,2021-01-15,39444,461589,14675,282519,24769,179070,0,0,34682,295937,0.036405,4739,83040,0.010215,34762,378977,0.04662,8129050
3,2021-01-16,22067,483656,7523,290042,14544,193614,0,0,19677,313260,0.038536,2378,85418,0.010508,19701,398678,0.049044,8129050
3,2021-01-17,13239,496895,4507,294549,8732,202346,0,0,12140,324319,0.039896,1099,86517,0.010643,12158,410836,0.050539,8129050
3,2021-01-18,25002,521897,13061,307610,11941,214287,0,0,19281,337916,0.041569,5735,92252,0.011348,19332,430168,0.052917,8129050
3,2021-01-19,41636,563533,21232,328842,20404,234691,0,0,32187,360774,0.044381,9421,101673,0.012507,32279,462447,0.056888,8129050
3,2021-01-20,46653,610186,23244,352086,23409,258100,0,0,36854,387965,0.047726,9754,111427,0.013707,36945,499392,0.061433,8129050
3,2021-01-21,48680,658866,21158,373244,27522,285622,0,0,42993,425444,0.052336,5603,117030,0.014397,43082,542474,0.066733,8129050
3,2021-01-22,50291,709157,20052,393296,30239,315861,0,0,45948,467128,0.057464,4338,121368,0.01493,46022,588496,0.072394,8129050
3,2021-01-23,30711,739868,12911,406207,17800,333661,0,0,27372,491235,0.06043,3328,124696,0.01534,27435,615931,0.075769,8129050
3,2021-01-24,18096,757964,8554,414761,9542,343203,0,0,16896,506968,0.062365,1196,125892,0.015487,16929,632860,0.077852,8129050
3,2021-01-25,41378,799342,18435,433196,22943,366146,0,0,31176,528062,0.06496,10178,136070,0.016739,31272,664132,0.081699,8129050
3,2021-01-26,47844,847186,22866,456062,24978,391124,0,0,37438,555225,0.068301,10390,146460,0.018017,37553,701685,0.086318,8129050
3,2021-01-27,52158,899344,24841,480903,27317,418441,0,0,41254,585735,0.072055,10833,157293,0.019349,41343,743028,0.091404,8129050
3,2021-01-28,52762,952106,24447,505350,28315,446756,0,0,43587,620303,0.076307,9083,166376,0.020467,43651,786679,0.096774,8129050
3,2021-01-29,51730,1003836,24738,530088,26992,473748,0,0,41763,652350,0.080249,9773,176149,0.021669,41820,828499,0.101918,8129050
3,2021-01-30,37880,1041716,17841,547929,20039,493787,0,0,33088,680800,0.083749,4737,180886,0.022252,33187,861686,0.106001,8129050
3,2021-01-31,22972,1064688,12934,560863,10038,503825,0,0,21517,700910,0.086223,1435,182321,0.022428,21545,883231,0.108651,8129050
3,2021-02-01,46742,1111430,21378,582241,25364,529189,0,0,35576,725435,0.08924,11097,193418,0.023793,35622,918853,0.113033,8129050
3,2021-02-02,55140,1166570,22998,605239,32142,561331,0,0,42444,755338,0.092918,12596,206014,0.025343,42499,961352,0.118261,8129050
3,2021-02-03,60657,1227227,26959,632198,33698,595029,0,0,45013,784946,0.096561,15483,221497,0.027248,45091,1006443,0.123808,8129050
3,2021-02-04,65115,1292342,28164,660362,36951,631980,0,0,47566,815307,0.100295,17336,238833,0.02938,47697,1054140,0.129676,8129050
3,2021-02-05,71383,1363725,30057,690419,41326,673306,0,0,49147,842695,0.103665,21974,260807,0.032083,49362,1103502,0.135748,8129050
3,2021-02-06,44118,1407843,21104,711523,23014,696320,0,0,34296,867418,0.106706,9770,270577,0.033285,34493,1137995,0.139991,8129050
3,2021-02-07,19954,1427797,12711,724234,7243,703563,0,0,15320,878252,0.108039,4616,275193,0.033853,15450,1153445,0.141892,8129050
3,2021-02-08,52044,1479841,25114,749348,26930,730493,0,0,33987,894522,0.11004,17916,293109,0.036057,34186,1187631,0.146097,8129050
3,2021-02-09,59377,1539218,28798,778146,30579,761072,0,0,34614,904943,0.111322,24556,317665,0.039078,34977,1222608,0.1504,8129050
3,2021-02-10,69058,1608276,32121,810267,36937,798009,0,0,36860,910437,0.111998,31891,349556,0.043001,37385,1259993,0.154999,8129050
3,2021-02-11,71578,1679854,35182,845449,36396,834405,0,0,37872,915564,0.112629,33303,382859,0.047098,38430,1298423,0.159726,8129050
3,2021-02-12,76461,1756315,32927,878376,43534,877939,0,0,42027,924287,0.113702,34084,416943,0.05129,42807,1341230,0.164992,8129050
3,2021-02-13,45573,1801888,20644,899020,24929,902868,0,0,26049,931530,0.114593,19402,436345,0.053677,26645,1367875,0.16827,8129050
3,2021-02-14,27671,1829559,13809,912829,13862,916730,0,0,15312,935025,0.115023,12289,448634,0.055189,15784,1383659,0.170212,8129050
3,2021-02-15,40627,1870186,17502,930331,23125,939855,0,0,22376,940228,0.115663,18134,466768,0.05742,23337,1406996,0.173082,8129050
3,2021-02-16,71062,1941248,33635,963966,37427,977282,0,0,36719,943830,0.116106,34173,500941,0.061624,37775,1444771,0.177729,8129050
3,2021-02-17,72881,2014129,36810,1000776,36071,1013353,0,0,34374,941052,0.115764,38230,539171,0.066326,35452,1480223,0.182091,8129050
3,2021-02-18,77992,2092121,40723,1041499,37269,1050622,0,0,35906,936453,0.115198,41868,581039,0.071477,37269,1517492,0.186675,8129050
3,2021-02-19,70091,2162212,40356,1081855,29735,1080357,0,0,35271,937780,0.115362,34632,615671,0.075737,35959,1553451,0.191099,8129050
3,2021-02-20,43632,2205844,27511,1109366,16121,1096478,0,0,22668,940157,0.115654,20832,636503,0.0783,23209,1576660,0.193954,8129050
3,2021-02-21,24608,2230452,19759,1129125,4849,1101327,0,0,11803,939695,0.115597,12693,649196,0.079861,12231,1588891,0.195458,8129050
3,2021-02-22,48039,2278491,31251,1160376,16788,1118115,0,0,22417,937157,0.115285,25464,674660,0.082994,22926,1611817,0.198279,8129050
3,2021-02-23,64302,2342793,34887,1195263,29415,1147530,0,0,27931,930998,0.114527,36115,710775,0.087436,29956,1641773,0.201964,8129050
3,2021-02-24,80503,2423296,39575,1234838,40928,1188458,0,0,35343,924019,0.113669,44877,755652,0.092957,37898,1679671,0.206626,8129050
3,2021-02-25,90220,2513516,43926,1278764,46294,1234752,0,0,44732,926229,0.113941,45155,800807,0.098512,47365,1727036,0.212452,8129050
3,2021-02-26,101209,2614725,46274,1325038,54935,1289687,0,0,53167,934043,0.114902,47595,848402,0.104367,55409,1782445,0.219269,8129050
3,2021-02-27,71776,2686501,32984,1358022,38787,1328474,5,5,37614,939096,0.115523,33906,882308,0.108538,38959,1821404,0.224061,8129050
3,2021-02-28,41923,2728424,24235,1382257,17683,1346157,5,10,21174,940715,0.115723,20540,902848,0.111064,22159,1843563,0.226787,8129050
3,2021-03-01,71088,2799512,37644,1419901,33381,1379538,63,73,39461,950286,0.1169,31340,934188,0.11492,40911,1884474,0.23182,8129050
3,2021-03-02,82471,2881983,40643,1460544,41812,1421350,16,89,47468,965098,0.118722,34814,969002,0.119202,49626,1934100,0.237924,8129050
3,2021-03-03,92488,2974471,44267,1504811,48181,1469531,40,129,51562,978359,0.120353,40660,1009662,0.124204,53921,1988021,0.244558,8129050
3,2021-03-04,96896,3071367,47399,1552210,49470,1519001,27,156,54692,993475,0.122213,41927,1051589,0.129362,57043,2045064,0.251575,8129050
3,2021-03-05,93375,3164742,45599,1597809,47467,1566468,309,465,56266,1015526,0.124926,36795,1088384,0.133888,58846,2103910,0.258814,8129050
3,2021-03-06,66684,3231426,33779,1631588,30731,1597199,2174,2639,37927,1028503,0.126522,28581,1116965,0.137404,41558,2145468,0.263926,8129050
3,2021-03-07,39679,3271105,22854,1654442,14896,1612095,1929,4568,22309,1036611,0.127519,17285,1134250,0.13953,25393,2170861,0.26705,8129050
3,2021-03-08,60948,3332053,28996,1683438,28908,1641003,3044,7612,38485,1057373,0.130073,22282,1156532,0.142271,43044,2213905,0.272345,8129050
3,2021-03-09,78254,3410307,36112,1719550,37636,1678639,4506,12118,41984,1068896,0.131491,36086,1192618,0.146711,47609,2261514,0.278202,8129050
3,2021-03-10,84381,3494688,41943,1761493,36254,1714893,6184,18302,43988,1080277,0.132891,40141,1232759,0.151649,51522,2313036,0.28454,8129050
3,2021-03-11,98577,3593265,48242,1809735,41622,1756515,8713,27015,48146,1088029,0.133845,50124,1282883,0.157815,57876,2370912,0.291659,8129050
3,2021-03-12,103390,3696655,46177,1855912,45259,1801774,11954,38969,47081,1092068,0.134341,56019,1338902,0.164706,60058,2430970,0.299047,8129050
3,2021-03-13,71253,3767908,29996,1885908,33947,1835721,7310,46279,37513,1104607,0.135884,33573,1372475,0.168836,46112,2477082,0.30472,8129050
3,2021-03-14,41698,3809606,21776,1907684,16339,1852060,3583,49862,20992,1109185,0.136447,20606,1393081,0.171371,25184,2502266,0.307818,8129050
3,2021-03-15,76538,3886144,36299,1943983,35637,1887697,4602,54464,40261,1118991,0.137653,36010,1429091,0.1758,45816,2548082,0.313454,8129050
3,2021-03-16,96022,3982166,44266,1988249,47375,1935072,4381,58845,53843,1136196,0.13977,41893,1470984,0.180954,59098,2607180,0.320724,8129050
3,2021-03-17,99437,4081603,48274,2036523,46559,1981631,4604,63449,60220,1162694,0.14303,38948,1509932,0.185745,65446,2672626,0.328775,8129050
3,2021-03-18,104739,4186342,53213,2089736,46927,2028558,4599,68048,59847,1183087,0.145538,44565,1554497,0.191227,64958,2737584,0.336766,8129050
3,2021-03-19,104343,4290685,56007,2145743,43832,2072390,4504,72552,57918,1199904,0.147607,46109,1600606,0.1969,62926,2800510,0.344506,8129050
3,2021-03-20,72696,4363381,37445,2183188,31508,2103898,3743,76295,44586,1220816,0.150179,27875,1628481,0.200329,48787,2849297,0.350508,8129050
3,2021-03-21,36708,4400089,24911,2208099,10263,2114161,1534,77829,22018,1230285,0.151344,14555,1643036,0.202119,24024,2873321,0.353463,8129050
3,2021-03-22,71266,4471355,41869,2249968,26837,2140998,2560,80389,45159,1253178,0.15416,25826,1668862,0.205296,48719,2922040,0.359457,8129050
3,2021-03-23,90893,4562248,50292,2300260,38009,2179007,2592,82981,55211,1276302,0.157005,35376,1704238,0.209648,58500,2980540,0.366653,8129050
3,2021-03-24,99963,4662211,57532,2357792,39458,2218465,2973,85954,56346,1293015,0.159061,43203,1747441,0.214963,59916,3040456,0.374024,8129050
3,2021-03-25,108705,4770916,60387,2418179,45250,2263715,3068,89022,60646,1309700,0.161114,47657,1795098,0.220825,64342,3104798,0.381939,8129050
3,2021-03-26,112053,4882969,60123,2478302,48526,2312241,3404,92426,57151,1316587,0.161961,54503,1849601,0.22753,61390,3166188,0.389491,8129050
3,2021-03-27,75455,4958424,38386,2516688,34492,2346733,2577,95003,36235,1317107,0.162025,38952,1888553,0.232321,39472,3205660,0.394346,8129050
3,2021-03-28,44894,5003318,28304,2544992,15765,2362498,825,95828,22466,1318760,0.162228,22288,1910841,0.235063,23941,3229601,0.397291,8129050
3,2021-03-29,81839,5085157,42748,2587740,37221,2399719,1870,97698,44317,1328567,0.163434,37235,1948076,0.239644,47042,3276643,0.403078,8129050
3,2021-03-30,101583,5186740,49923,2637663,47932,2447651,3728,101426,56359,1344322,0.165373,44918,1992994,0.245169,60673,3337316,0.410542,8129050
3,2021-03-31,106254,5292994,57301,2694964,44046,2491697,4907,106333,56333,1356261,0.166841,49622,2042616,0.251274,61561,3398877,0.418115,8129050
3,2021-04-01,125270,5418264,63319,2758283,52057,2543754,9894,116227,67033,1375659,0.169228,57734,2100350,0.258376,77132,3476009,0.427603,8129050
3,2021-04-02,119044,5537308,58055,2816338,50501,2594255,10488,126715,62235,1392297,0.171274,56461,2156811,0.265321,73099,3549108,0.436596,8129050
3,2021-04-03,76692,5614000,39234,2855572,28139,2622394,9319,136034,38051,1401471,0.172403,38454,2195265,0.270052,47628,3596736,0.442455,8129050
3,2021-04-04,32672,5646672,17474,2873046,10942,2633336,4256,140290,14208,1401544,0.172412,18368,2213633,0.272311,18441,3615177,0.444723,8129050
3,2021-04-05,90642,5737314,45991,2919037,35273,2668609,9378,149668,43783,1408871,0.173313,46595,2260228,0.278043,53922,3669099,0.451356,8129050
3,2021-04-06,114513,5851827,55694,2974731,43475,2712084,15344,165012,53541,1417721,0.174402,60658,2320886,0.285505,69508,3738607,0.459907,8129050
3,2021-04-07,117363,5969190,60729,3035460,40208,2752292,16426,181438,56391,1430103,0.175925,60657,2381543,0.292967,73039,3811646,0.468892,8129050
3,2021-04-08,122400,6091590,60945,3096405,41120,2793412,20335,201773,56595,1442252,0.17742,65457,2447000,0.301019,77606,3889252,0.478439,8129050
3,2021-04-09,119565,6211155,59523,3155928,40689,2834101,19353,221126,52266,1447648,0.178083,67003,2514003,0.309262,72399,3961651,0.487345,8129050
3,2021-04-10,85196,6296351,38258,3194186,31492,2865593,15446,236572,34632,1448125,0.178142,50336,2564339,0.315454,50813,4012464,0.493596,8129050
3,2021-04-11,45655,6342006,24421,3218607,13115,2878708,8119,244691,17306,1446099,0.177893,28236,2592575,0.318927,26210,4038674,0.49682,8129050
3,2021-04-12,84805,6426811,42797,3261404,33080,2911788,8928,253619,38173,1447903,0.178115,46348,2638923,0.324629,48152,4086826,0.502743,8129050
3,2021-04-13,106345,6533156,57602,3319006,48530,2960318,213,253832,55743,1454437,0.178918,50315,2689238,0.330818,56849,4143675,0.509737,8129050
3,2021-04-14,108516,6641672,59365,3378371,49038,3009356,113,253945,53703,1455228,0.179016,54468,2743706,0.337519,55259,4198934,0.516534,8129050
3,2021-04-15,120193,6761865,67621,3445992,52484,3061840,88,254033,63798,1463926,0.180086,56014,2799720,0.344409,64712,4263646,0.524495,8129050
3,2021-04-16,116340,6878205,65239,3511231,51001,3112841,100,254133,60420,1469549,0.180777,55569,2855289,0.351245,61192,4324838,0.532023,8129050
3,2021-04-17,80106,6958311,43710,3554941,36381,3149222,15,254148,44456,1479611,0.182015,35397,2890686,0.355599,45459,4370297,0.537615,8129050
3,2021-04-18,39169,6997480,23704,3578645,15455,3164677,10,254158,18291,1478073,0.181826,20729,2911415,0.358149,19191,4389488,0.539976,8129050
3,2021-04-19,79637,7077117,44309,3622954,35267,3199944,61,254219,35625,1470513,0.180896,43765,2955180,0.363533,36205,4425693,0.544429,8129050
3,2021-04-20,101354,7178471,53333,3676287,47997,3247941,24,254243,48661,1467873,0.180571,52372,3007552,0.369976,49732,4475425,0.550547,8129050
3,2021-04-21,106678,7285149,59910,3736197,46685,3294626,83,254326,50091,1463003,0.179972,56142,3063694,0.376882,51272,4526697,0.556854,8129050
3,2021-04-22,112726,7397875,63344,3799541,49353,3343979,29,254355,48188,1448058,0.178134,64131,3127825,0.384771,49186,4575883,0.562905,8129050
3,2021-04-23,107044,7504919,61221,3860762,45790,3389769,33,254388,46673,1435819,0.176628,59976,3187801,0.392149,47737,4623620,0.568777,8129050
3,2021-04-24,74520,7579439,45986,3906748,28460,3418229,74,254462,36179,1435051,0.176534,38036,3225837,0.396828,37268,4660888,0.573362,8129050
3,2021-04-25,37252,7616691,23760,3930508,13474,3431703,18,254480,18958,1436317,0.176689,18113,3243950,0.399056,19379,4680267,0.575746,8129050
3,2021-04-26,74658,7691349,42226,3972734,32003,3463706,429,254909,31739,1427234,0.175572,42612,3286562,0.404298,33529,4713796,0.57987,8129050
3,2021-04-27,91801,7783150,48214,4020948,41814,3505520,1773,256682,36245,1410814,0.173552,55218,3341780,0.411091,38798,4752594,0.584643,8129050
3,2021-04-28,87665,7870815,49782,4070730,35722,3541242,2161,258843,35610,1397413,0.171904,51721,3393501,0.417454,38320,4790914,0.589357,8129050
3,2021-04-29,90018,7960833,51407,4122137,36361,3577603,2250,261093,31958,1374436,0.169077,57681,3451182,0.424549,34704,4825618,0.593626,8129050
3,2021-04-30,91525,8052358,51626,4173763,37404,3615007,2495,263588,33980,1354243,0.166593,57133,3508315,0.431577,36940,4862558,0.598171,8129050
3,2021-05-01,56153,8108511,35157,4208920,19501,3634508,1495,265083,20205,1340820,0.164942,35620,3543935,0.435959,22197,4884755,0.600901,8129050
3,2021-05-02,27164,8135675,18541,4227461,7598,3642106,1025,266108,9944,1334789,0.1642,17102,3561037,0.438063,11071,4895826,0.602263,8129050
3,2021-05-03,60369,8196044,35473,4262934,22509,3664615,2387,268495,17502,1312257,0.161428,42602,3603639,0.443304,20070,4915896,0.604732,8129050
3,2021-05-04,78137,8274181,45165,4308099,30273,3694888,2699,271194,22596,1282608,0.157781,55215,3658854,0.450096,25566,4941462,0.607877,8129050
3,2021-05-05,79685,8353866,47826,4355925,29125,3724013,2734,273928,21943,1250226,0.153797,57361,3716215,0.457152,24979,4966441,0.61095,8129050
3,2021-05-06,83955,8437821,53114,4409039,28288,3752301,2553,276481,20578,1211046,0.148978,62856,3779071,0.464885,23676,4990117,0.613862,8129050
3,2021-05-07,83027,8520848,51731,4460770,28638,3780939,2658,279139,21863,1175101,0.144556,60767,3839838,0.47236,24822,5014939,0.616916,8129050
3,2021-05-08,53066,8573914,32900,4493670,18435,3799374,1731,280870,14008,1152340,0.141756,38771,3878609,0.477129,16010,5030949,0.618885,8129050
3,2021-05-09,21132,8595046,15449,4509119,4889,3804263,794,281664,5478,1143132,0.140623,15550,3894159,0.479042,6342,5037291,0.619665,8129050
3,2021-05-10,48485,8643531,26092,4535211,20467,3824730,1926,283590,11186,1119427,0.137707,37073,3931232,0.483603,13368,5050659,0.62131,8129050
3,2021-05-11,64606,8708137,36260,4571471,26111,3850841,2235,285825,16178,1090158,0.134106,48151,3979383,0.489526,18882,5069541,0.623633,8129050
3,2021-05-12,65348,8773485,37556,4609027,25377,3876218,2415,288240,16635,1061120,0.130534,48408,4027791,0.495481,19370,5088911,0.626015,8129050
3,2021-05-13,76007,8849492,47910,4656937,26163,3902381,1934,290174,27684,1043313,0.128344,48053,4075844,0.501392,30246,5119157,0.629736,8129050
3,2021-05-14,80999,8930491,51120,4708057,27715,3930096,2164,292338,31315,1028040,0.126465,49354,4125198,0.507464,34081,5153238,0.633929,8129050
3,2021-05-15,62640,8993131,43163,4751220,18243,3948339,1234,293572,25865,1018833,0.125332,36544,4161742,0.511959,27337,5180575,0.637292,8129050
3,2021-05-16,33386,9026517,24978,4776198,7714,3956053,694,294266,13475,1013317,0.124654,19779,4181521,0.514392,14263,5194838,0.639046,8129050
3,2021-05-17,57375,9083892,36523,4812721,18985,3975038,1867,296133,21099,1000513,0.123079,35981,4217502,0.518819,23177,5218015,0.641897,8129050
3,2021-05-18,64961,9148853,38359,4851080,24719,3999757,1883,298016,24345,986818,0.121394,40321,4257823,0.523779,26626,5244641,0.645173,8129050
3,2021-05-19,64479,9213332,39193,4890273,23514,4023271,1772,299788,24920,974510,0.11988,39281,4297104,0.528611,26973,5271614,0.648491,8129050
3,2021-05-20,62244,9275576,36436,4926709,23941,4047212,1867,301655,22282,959348,0.118015,39653,4336757,0.533489,24491,5296105,0.651504,8129050
3,2021-05-21,66645,9342221,40509,4967218,24016,4071228,2120,303775,23771,943029,0.116007,42523,4379280,0.53872,26204,5322309,0.654727,8129050
3,2021-05-22,46106,9388327,30565,4997783,14060,4085288,1481,305256,19147,937199,0.11529,26714,4405994,0.542006,20884,5343193,0.657296,8129050
3,2021-05-23,21871,9410198,15136,5012919,6079,4091367,656,305912,9232,934657,0.114977,12543,4418537,0.543549,10001,5353194,0.658526,8129050
3,2021-05-24,39972,9450170,23404,5036323,14793,4106160,1775,307687,14745,926367,0.113958,25011,4443548,0.546626,16721,5369915,0.660583,8129050
3,2021-05-25,43175,9493345,24294,5060617,17183,4123343,1698,309385,15302,916028,0.112686,27573,4471121,0.550018,17234,5387149,0.662703,8129050
3,2021-05-26,42775,9536120,24468,5085085,16557,4139900,1750,311135,16018,907488,0.111635,26447,4497568,0.553271,17907,5405056,0.664906,8129050
3,2021-05-27,39716,9575836,22272,5107357,15685,4155585,1759,312894,15508,900989,0.110836,24017,4521585,0.556226,17518,5422574,0.667061,8129050
3,2021-05-28,43315,9619151,24492,5131849,17007,4172592,1816,314710,17980,896001,0.110222,25108,4546693,0.559314,20120,5442694,0.669536,8129050
3,2021-05-29,23655,9642806,14465,5146314,8350,4180942,840,315550,10990,895453,0.110155,12513,4559206,0.560853,11965,5454659,0.671008,8129050
3,2021-05-30,10687,9653493,6928,5153242,3123,4184065,636,316186,4481,894491,0.110036,6122,4565328,0.561607,5160,5459819,0.671643,8129050
3,2021-05-31,4714,9658207,2727,5155969,1720,4185785,267,316453,1473,893079,0.109863,3181,4568509,0.561998,1769,5461588,0.671861,8129050
3,2021-06-01,38096,9696303,21930,5177899,14706,4200491,1460,317913,13318,883546,0.10869,24503,4593012,0.565012,14970,5476558,0.673702,8129050
3,2021-06-02,31811,9728114,18320,5196219,12068,4212559,1423,319336,11754,877028,0.107888,19836,4612848,0.567452,13318,5489876,0.67534,8129050
3,2021-06-03,40050,9768164,27413,5223632,11189,4223748,1448,320784,11561,861976,0.106036,28300,4641148,0.570934,13248,5503124,0.67697,8129050
3,2021-06-04,46743,9814907,33084,5256716,12104,4235852,1555,322339,13309,844093,0.103837,33169,4674317,0.575014,15286,5518410,0.678851,8129050
3,2021-06-05,34658,9849565,26135,5282851,7330,4243182,1193,323532,8781,828611,0.101932,25653,4699970,0.57817,10171,5528581,0.680102,8129050
3,2021-06-06,14735,9864300,12298,5295149,1851,4245033,586,324118,3701,822105,0.101132,10964,4710934,0.579518,4458,5533039,0.68065,8129050
3,2021-06-07,30698,9894998,22311,5317460,7094,4252127,1293,325411,8874,810731,0.099733,21658,4732592,0.582183,10284,5543323,0.681915,8129050
3,2021-06-08,34463,9929461,24725,5342185,8439,4260566,1299,326710,9947,797909,0.098155,24296,4756888,0.585171,11474,5554797,0.683327,8129050
3,2021-06-09,33164,9962625,24048,5366233,7807,4268373,1309,328019,8899,784212,0.09647,24074,4780962,0.588133,10377,5565174,0.684603,8129050
3,2021-06-10,32692,9995317,23574,5389807,7578,4275951,1540,329559,9002,771433,0.094898,23523,4804485,0.591027,10744,5575918,0.685925,8129050
3,2021-06-11,35921,10031238,25409,5415216,9127,4285078,1385,330944,10678,758644,0.093325,25030,4829515,0.594106,12241,5588159,0.687431,8129050
3,2021-06-12,25516,10056754,19246,5434462,5370,4290448,900,331844,6749,747824,0.091994,18639,4848154,0.596399,7819,5595978,0.688393,8129050
3,2021-06-13,10229,10066983,7670,5442132,2065,4292513,494,332338,2383,742981,0.091398,7794,4855948,0.597357,2951,5598929,0.688756,8129050
3,2021-06-14,26091,10093074,18713,5460845,5927,4298440,1451,333789,8147,734918,0.090406,17805,4873753,0.599548,9742,5608671,0.689954,8129050
3,2021-06-15,29076,10122150,19679,5480524,7868,4306308,1529,335318,9762,727315,0.089471,19063,4892816,0.601893,11460,5620131,0.691364,8129050
3,2021-06-16,26222,10148372,18653,5499177,6136,4312444,1433,336751,8873,720614,0.088647,17156,4909972,0.604003,10455,5630586,0.69265,8129050
3,2021-06-17,25033,10173405,17919,5517096,5810,4318254,1304,338055,8683,714558,0.087902,16183,4926155,0.605994,10127,5640713,0.693896,8129050
3,2021-06-18,28088,10201493,19826,5536922,6689,4324943,1573,339628,9789,708025,0.087098,18063,4944218,0.608216,11530,5652243,0.695314,8129050
3,2021-06-19,16075,10217568,11813,5548735,3399,4328342,863,340491,5745,704542,0.08667,10200,4954418,0.609471,6717,5658960,0.69614,8129050
3,2021-06-20,6910,10224478,5185,5553920,1422,4329764,303,340794,2617,703281,0.086515,4235,4958653,0.609992,2974,5661934,0.696506,8129050
3,2021-06-21,16278,10240756,10277,5564197,4595,4334359,1406,342200,8089,704803,0.086702,8093,4966746,0.610987,9615,5671549,0.697689,8129050
3,2021-06-22,22154,10262910,15521,5579718,5322,4339681,1311,343511,8250,700751,0.086203,13768,4980514,0.612681,9716,5681265,0.698884,8129050
3,2021-06-23,20332,10283242,14232,5593950,4755,4344436,1345,344856,8035,698091,0.085876,12180,4992694,0.614179,9520,5690785,0.700055,8129050
3,2021-06-24,20046,10303288,13952,5607902,4634,4349070,1460,346316,7812,695424,0.085548,12049,5004743,0.615661,9382,5700167,0.701209,8129050
3,2021-06-25,23441,10326729,16632,5624534,5382,4354452,1427,347743,9133,691945,0.08512,14167,5018910,0.617404,10688,5710855,0.702524,8129050
3,2021-06-26,14064,10340793,10449,5634983,2841,4357293,774,348517,5869,690661,0.084962,8085,5026995,0.618399,6801,5717656,0.703361,8129050
3,2021-06-27,6769,10347562,5243,5640226,1219,4358512,307,348824,2892,690068,0.084889,3828,5030823,0.61887,3235,5720891,0.703759,8129050
3,2021-06-28,16148,10363710,12415,5652641,2644,4361156,1089,349913,6785,688838,0.084738,9210,5040033,0.620003,7980,5728871,0.704741,8129050
3,2021-06-29,18205,10381915,12820,5665461,4370,4365526,1015,350928,7476,686882,0.084497,10580,5050613,0.621304,8624,5737495,0.705801,8129050
3,2021-06-30,17270,10399185,12248,5677709,3971,4369497,1051,351979,7453,685897,0.084376,9637,5060250,0.62249,8652,5746147,0.706866,8129050
3,2021-07-01,16534,10415719,11778,5689487,3676,4373173,1080,353059,6972,684634,0.084221,9416,5069666,0.623648,8153,5754300,0.707869,8129050
3,2021-07-02,18673,10434392,13282,5702769,4282,4377455,1109,354168,7980,683250,0.08405,10569,5080235,0.624948,9185,5763485,0.708999,8129050
3,2021-07-03,10189,10444581,7367,5710136,2381,4379836,441,354609,4362,682408,0.083947,5747,5085982,0.625655,4905,5768390,0.709602,8129050
3,2021-07-04,733,10445314,432,5710568,214,4380050,87,354696,284,682355,0.08394,440,5086422,0.625709,387,5768777,0.70965,8129050
3,2021-07-05,9615,10454929,7029,5717597,2160,4382210,426,355122,4361,682027,0.0839,5180,5091602,0.626346,4852,5773629,0.710246,8129050
3,2021-07-06,19257,10474186,13947,5731544,4178,4386388,1132,356254,6971,678155,0.083424,12098,5103700,0.627835,8226,5781855,0.711258,8129050
3,2021-07-07,15863,10490049,11249,5742793,3487,4389875,1127,357381,6374,676415,0.08321,9348,5113048,0.628985,7608,5789463,0.712194,8129050
3,2021-07-08,15463,10505512,11175,5753968,3285,4393160,1003,358384,6234,674666,0.082994,9074,5122122,0.630101,7325,5796788,0.713095,8129050
3,2021-07-09,17764,10523276,12399,5766367,4140,4397300,1225,359609,7367,673109,0.082803,10259,5132381,0.631363,8702,5805490,0.714166,8129050
3,2021-07-10,10993,10534269,8101,5774468,2222,4399522,670,360279,4679,672311,0.082705,6236,5138617,0.63213,5438,5810928,0.714835,8129050
3,2021-07-11,5162,10539431,3825,5778293,1060,4400582,277,360556,2337,672172,0.082688,2773,5141390,0.632471,2634,5813562,0.715159,8129050
3,2021-07-12,14404,10553835,10514,5788807,2884,4403466,1006,361562,5766,670456,0.082477,8557,5149947,0.633524,6841,5820403,0.716,8129050
3,2021-07-13,15224,10569059,10753,5799560,3554,4407020,917,362479,6691,669715,0.082385,8429,5158376,0.634561,7688,5828091,0.716946,8129050
3,2021-07-14,14524,10583583,10319,5809879,3279,4410299,926,363405,6495,669268,0.08233,7928,5166304,0.635536,7481,5835572,0.717866,8129050
3,2021-07-15,14848,10598431,10737,5820616,3268,4413567,843,364248,6819,669075,0.082307,7931,5174235,0.636512,7738,5843310,0.718818,8129050
3,2021-07-16,17845,10616276,12828,5833444,4124,4417691,893,365141,8521,669352,0.082341,9213,5183448,0.637645,9490,5852800,0.719986,8129050
3,2021-07-17,11340,10627616,8313,5841757,2489,4420180,538,365679,5399,669489,0.082358,5866,5189314,0.638367,6003,5858803,0.720724,8129050
3,2021-07-18,5772,10633388,4363,5846120,1158,4421338,251,365930,2843,669724,0.082387,2885,5192199,0.638721,3120,5861923,0.721108,8129050
3,2021-07-19,14956,10648344,10946,5857066,3127,4424465,883,366813,7331,670489,0.082481,7523,5199722,0.639647,8288,5870211,0.722128,8129050
3,2021-07-20,16670,10665014,11606,5868672,4155,4428620,909,367722,8569,672076,0.082676,7973,5207695,0.640628,9560,5879771,0.723304,8129050
3,2021-07-21,16063,10681077,11375,5880047,3816,4432436,872,368594,8086,673270,0.082823,7844,5215539,0.641593,9038,5888809,0.724415,8129050
3,2021-07-22,16473,10697550,11641,5891688,3866,4436302,966,369560,8552,675056,0.083042,7796,5223335,0.642552,9582,5898391,0.725594,8129050
3,2021-07-23,19366,10716916,13810,5905498,4541,4440843,1015,370575,10392,677730,0.083371,8823,5232158,0.643637,11497,5909888,0.727008,8129050
3,2021-07-24,11666,10728582,8409,5913907,2674,4443517,583,371158,6447,679659,0.083609,5140,5237298,0.644269,7069,5916957,0.727878,8129050
3,2021-07-25,5699,10734281,4273,5918180,1214,4444731,212,371370,4115,682503,0.083959,1534,5238832,0.644458,4378,5921335,0.728417,8129050
3,2021-07-26,15633,10749914,10893,5929073,3764,4448495,976,372346,9459,686949,0.084505,6051,5244883,0.645202,10497,5931832,0.729708,8129050
3,2021-07-27,17620,10767534,12466,5941539,4173,4452668,981,373327,10093,690709,0.084968,7387,5252270,0.646111,11147,5942979,0.731079,8129050
3,2021-07-28,17183,10784717,12299,5953838,3843,4456511,1041,374368,9929,694623,0.085449,7106,5259376,0.646985,11020,5953999,0.732435,8129050
3,2021-07-29,16975,10801692,12221,5966059,3717,4460228,1037,375405,10025,698990,0.085987,6766,5266142,0.647818,11133,5965132,0.733804,8129050
3,2021-07-30,19713,10821405,13922,5979981,4700,4464928,1091,376496,11439,703550,0.086548,8059,5274201,0.648809,12619,5977751,0.735357,8129050
3,2021-07-31,12278,10833683,8895,5988876,2726,4467654,657,377153,7146,706427,0.086902,4989,5279190,0.649423,7866,5985617,0.736324,8129050
3,2021-08-01,6523,10840206,4966,5993842,1295,4468949,262,377415,4211,708691,0.08718,2244,5281434,0.649699,4508,5990125,0.736879,8129050
3,2021-08-02,16678,10856884,12108,6005950,3640,4472589,930,378345,10383,713897,0.08782,6170,5287604,0.650458,11376,6001501,0.738278,8129050
3,2021-08-03,18508,10875392,13347,6019297,4043,4476632,1118,379463,11028,718796,0.088423,7300,5294904,0.651356,12199,6013700,0.739779,8129050
3,2021-08-04,17606,10892998,12655,6031952,3935,4480567,1016,380479,10476,723367,0.088985,6970,5301874,0.652213,11541,6025241,0.741199,8129050
3,2021-08-05,18045,10911043,13033,6044985,3850,4484417,1162,381641,10893,728506,0.089618,6985,5308859,0.653072,12124,6037365,0.74269,8129050
3,2021-08-06,21897,10932940,15859,6060844,4873,4489290,1165,382806,12954,733952,0.090288,8738,5317597,0.654147,14184,6051549,0.744435,8129050
3,2021-08-07,12853,10945793,9539,6070383,2681,4491971,633,383439,7512,736949,0.090656,5197,5322794,0.654787,8194,6059743,0.745443,8129050
3,2021-08-08,7601,10953394,5817,6076200,1542,4493513,242,383681,4679,739070,0.090917,2837,5325631,0.655136,4958,6064701,0.746053,8129050
3,2021-08-09,18453,10971847,13811,6090011,3542,4497055,1100,384781,10415,742787,0.091374,7874,5333505,0.656104,11591,6076292,0.747479,8129050
3,2021-08-10,18694,10990541,13683,6103694,3984,4501039,1027,385808,10531,746401,0.091819,7981,5341486,0.657086,11595,6087887,0.748905,8129050
3,2021-08-11,16677,11007218,12082,6115776,3553,4504592,1042,386850,9295,749610,0.092214,7183,5348669,0.65797,10392,6098279,0.750183,8129050
3,2021-08-12,18252,11025470,12879,6128655,4272,4508864,1101,387951,10031,752781,0.092604,8008,5356677,0.658955,11179,6109458,0.751559,8129050
3,2021-08-13,22760,11048230,16134,6144789,5446,4514310,1180,389131,12396,756510,0.093063,9916,5366593,0.660175,13645,6123103,0.753237,8129050
3,2021-08-14,14835,11063065,10432,6155221,3757,4518067,646,389777,7738,758780,0.093342,6169,5372762,0.660934,8439,6131542,0.754275,8129050
3,2021-08-15,8409,11071474,6099,6161320,2019,4520086,291,390068,4219,759917,0.093482,3401,5376163,0.661352,4538,6136080,0.754834,8129050
3,2021-08-16,20804,11092278,14350,6175670,5457,4525543,997,391065,9849,761852,0.09372,9000,5385163,0.662459,10935,6147015,0.756179,8129050
3,2021-08-17,21422,11113700,14554,6190224,5808,4531351,1060,392125,9814,763468,0.093918,9368,5394531,0.663611,10984,6157999,0.75753,8129050
3,2021-08-18,21301,11135001,14205,6204429,6077,4537428,1019,393144,9599,765103,0.09412,9074,5403605,0.664728,10709,6168708,0.758847,8129050
3,2021-08-19,21374,11156375,14119,6218548,6162,4543590,1093,394237,9293,766451,0.094285,9106,5412711,0.665848,10454,6179162,0.760133,8129050
3,2021-08-20,26866,11183241,18096,6236644,7611,4551201,1159,395396,11306,767110,0.094367,11912,5424623,0.667313,12571,6191733,0.76168,8129050
3,2021-08-21,15580,11198821,11237,6247881,3753,4554954,590,395986,6539,767135,0.09437,7178,5431801,0.668196,7203,6198936,0.762566,8129050
3,2021-08-22,8878,11207699,6332,6254213,2319,4557273,227,396213,3973,767595,0.094426,3789,5435590,0.668662,4249,6203185,0.763089,8129050
3,2021-08-23,22847,11230546,15972,6270185,5917,4563190,958,397171,9792,768557,0.094545,9973,5445563,0.669889,10935,6214120,0.764434,8129050
3,2021-08-24,22679,11253225,16333,6286518,5445,4568635,901,398072,9368,768710,0.094563,10250,5455813,0.67115,10403,6224523,0.765713,8129050
3,2021-08-25,21704,11274929,15477,6301995,5314,4573949,913,398985,9016,769057,0.094606,9709,5465522,0.672344,10056,6234579,0.766951,8129050
3,2021-08-26,22276,11297205,15679,6317674,5591,4579540,1006,399991,8910,769202,0.094624,9891,5475413,0.673561,10036,6244615,0.768185,8129050
3,2021-08-27,27243,11324448,19628,6337302,6580,4586120,1035,401026,10493,768022,0.094479,12917,5488330,0.67515,11737,6256352,0.769629,8129050
3,2021-08-28,15736,11340184,11541,6348843,3732,4589852,463,401489,6279,767293,0.094389,7590,5495920,0.676084,6861,6263213,0.770473,8129050
3,2021-08-29,9114,11349298,6772,6355615,2186,4592038,156,401645,3619,766791,0.094327,4354,5500274,0.67662,3852,6267065,0.770947,8129050
3,2021-08-30,21826,11371124,15350,6370965,5643,4597681,833,402478,8191,765630,0.094184,10347,5510621,0.677892,9186,6276251,0.772077,8129050
3,2021-08-31,20988,11392112,14510,6385475,5700,4603381,778,403256,7351,763880,0.093969,10030,5520651,0.679126,8280,6284531,0.773095,8129050
3,2021-09-01,20323,11412435,13969,6399444,5518,4608899,836,404092,7764,763585,0.093933,9059,5529710,0.680241,8764,6293295,0.774173,8129050
3,2021-09-02,19823,11432258,13384,6412828,5610,4614509,829,404921,6961,762418,0.093789,9082,5538792,0.681358,7915,6301210,0.775147,8129050
3,2021-09-03,24997,11457255,17594,6430422,6557,4621066,846,405767,8654,759759,0.093462,12356,5551148,0.682878,9697,6310907,0.77634,8129050
3,2021-09-04,12874,11470129,9483,6439905,3008,4624074,383,406150,4663,758261,0.093278,6632,5557780,0.683694,5134,6316041,0.776972,8129050
3,2021-09-05,8031,11478160,5955,6445860,1986,4626060,90,406240,3307,757923,0.093236,3786,5561566,0.684159,3448,6319489,0.777396,8129050
3,2021-09-06,4006,11482166,2682,6448542,1234,4627294,90,406330,1574,757639,0.093201,1963,5563529,0.684401,1679,6321168,0.777602,8129050
3,2021-09-07,20157,11502323,14175,6462717,5161,4632455,821,407151,6279,753742,0.092722,11161,5574690,0.685774,7264,6328432,0.778496,8129050
3,2021-09-08,17766,11520089,12503,6475220,4554,4637009,709,407860,6381,752204,0.092533,8749,5583439,0.68685,7211,6335643,0.779383,8129050
3,2021-09-09,10764,11530853,7000,6482220,3128,4640137,636,408496,3497,751049,0.092391,5333,5588772,0.687506,4178,6339821,0.779897,8129050
4,2020-12-15,475,475,475,475,0,0,0,0,475,475,5.9e-05,0,0,0.0,475,475,5.9e-05,8037679
4,2020-12-16,3127,3602,3127,3602,0,0,0,0,3127,3602,0.000448,0,0,0.0,3127,3602,0.000448,8037679
4,2020-12-17,9167,12769,9167,12769,0,0,0,0,9168,12770,0.001589,0,0,0.0,9168,12770,0.001589,8037679
4,2020-12-18,16482,29251,16468,29237,14,14,0,0,16481,29251,0.003639,0,0,0.0,16481,29251,0.003639,8037679
4,2020-12-19,10494,39745,10483,39720,11,25,0,0,10436,39687,0.004938,0,0,0.0,10436,39687,0.004938,8037679
4,2020-12-20,7526,47271,7509,47229,17,42,0,0,7482,47169,0.005868,0,0,0.0,7482,47169,0.005868,8037679
4,2020-12-21,16592,63863,16557,63786,35,77,0,0,16524,63691,0.007924,2,2,0.0,16524,63693,0.007924,8037679
4,2020-12-22,17400,81263,16620,80406,780,857,0,0,17357,81044,0.010083,4,6,1e-06,17357,81050,0.010084,8037679
4,2020-12-23,17346,98609,14511,94917,2835,3692,0,0,17320,98362,0.012238,2,8,1e-06,17320,98370,0.012239,8037679
4,2020-12-24,8701,107310,6020,100937,2681,6373,0,0,8699,107060,0.01332,1,9,1e-06,8699,107069,0.013321,8037679
4,2020-12-25,918,108228,812,101749,106,6479,0,0,917,107976,0.013434,1,10,1e-06,917,107986,0.013435,8037679
4,2020-12-26,6303,114531,3950,105699,2353,8832,0,0,6301,114275,0.014217,2,12,1e-06,6301,114287,0.014219,8037679
4,2020-12-27,3500,118031,2016,107715,1484,10316,0,0,3500,117775,0.014653,0,12,1e-06,3500,117787,0.014654,8037679
4,2020-12-28,15401,133432,9488,117203,5913,16229,0,0,15371,133140,0.016564,6,18,2e-06,15371,133158,0.016567,8037679
4,2020-12-29,16075,149507,9026,126229,7049,23278,0,0,16042,149181,0.01856,1,19,2e-06,16042,149200,0.018563,8037679
4,2020-12-30,19610,169117,11467,137696,8143,31421,0,0,19600,168779,0.020998,2,21,3e-06,19600,168800,0.021001,8037679
4,2020-12-31,8452,177569,3418,141114,5034,36455,0,0,8437,177206,0.022047,10,31,4e-06,8437,177237,0.022051,8037679
4,2021-01-01,1914,179483,873,141987,1041,37496,0,0,1907,179110,0.022284,3,34,4e-06,1907,179144,0.022288,8037679
4,2021-01-02,5815,185298,3280,145267,2535,40031,0,0,5813,184922,0.023007,1,35,4e-06,5813,184957,0.023011,8037679
4,2021-01-03,2186,187484,1287,146554,899,40930,0,0,2170,187088,0.023276,4,39,5e-06,2170,187127,0.023281,8037679
4,2021-01-04,13200,200684,7115,153669,6085,47015,0,0,13151,200212,0.024909,27,66,8e-06,13151,200278,0.024917,8037679
4,2021-01-05,17208,217892,10183,163852,7025,54040,0,0,14928,212906,0.026488,2253,2319,0.000289,14947,215225,0.026777,8037679
4,2021-01-06,21978,239870,13473,177325,8505,62545,0,0,15719,222434,0.027674,6214,8533,0.001062,15742,230967,0.028736,8037679
4,2021-01-07,28392,268262,17354,194679,11038,73583,0,0,16851,227834,0.028346,11478,20011,0.00249,16878,247845,0.030835,8037679
4,2021-01-08,33407,301669,21465,216144,11942,85525,0,0,18514,231554,0.028809,14826,34837,0.004334,18546,266391,0.033143,8037679
4,2021-01-09,16495,318164,9750,225894,6745,92270,0,0,9579,234242,0.029143,6906,41743,0.005193,9594,275985,0.034336,8037679
4,2021-01-10,8878,327042,5740,231634,3138,95408,0,0,4206,233803,0.029088,4653,46396,0.005772,4214,280199,0.034861,8037679
4,2021-01-11,34003,361045,22324,253958,11679,107087,0,0,19124,238139,0.029628,14840,61236,0.007619,19176,299375,0.037246,8037679
4,2021-01-12,39051,400096,22541,276499,16510,123597,0,0,24525,248266,0.030888,14450,75686,0.009416,24577,323952,0.040304,8037679
4,2021-01-13,39389,439485,19535,296034,19854,143451,0,0,27834,264627,0.032923,11495,87181,0.010847,27856,351808,0.04377,8037679
4,2021-01-14,39927,479412,15409,311443,24518,167969,0,0,32586,289993,0.036079,7254,94435,0.011749,32620,384428,0.047828,8037679
4,2021-01-15,46048,525460,16131,327574,29917,197886,0,0,40308,324668,0.040393,5659,100094,0.012453,40334,424762,0.052846,8037679
4,2021-01-16,29112,554572,9481,337055,19631,217517,0,0,25910,347427,0.043225,3168,103262,0.012847,25927,450689,0.056072,8037679
4,2021-01-17,19134,573706,6623,343678,12511,230028,0,0,17449,363228,0.045191,1662,104924,0.013054,17463,468152,0.058245,8037679
4,2021-01-18,29823,603529,13853,357531,15970,245998,0,0,23693,380923,0.047392,6036,110960,0.013805,23731,491883,0.061197,8037679
4,2021-01-19,46889,650418,23541,381072,23348,269346,0,0,36975,408123,0.050776,9851,120811,0.015031,37051,528934,0.065807,8037679
4,2021-01-20,53349,703767,28500,409572,24849,294195,0,0,42515,439972,0.054739,10731,131542,0.016366,42580,571514,0.071104,8037679
4,2021-01-21,58611,762378,26313,435885,32298,326493,0,0,51649,484783,0.060314,6891,138433,0.017223,51702,623216,0.077537,8037679
4,2021-01-22,56096,818474,22509,458394,33587,360080,0,0,50722,530266,0.065973,5273,143706,0.017879,50756,673972,0.083852,8037679
4,2021-01-23,40085,858559,17462,475856,22623,382703,0,0,35678,561580,0.069868,4399,148105,0.018426,35713,709685,0.088295,8037679
4,2021-01-24,24337,882896,10592,486448,13745,396448,0,0,22415,582109,0.072423,1909,150014,0.018664,22438,732123,0.091086,8037679
4,2021-01-25,48714,931610,22463,508911,26251,422699,0,0,37295,608084,0.075654,11378,161392,0.020079,37353,769476,0.095734,8037679
4,2021-01-26,57700,989310,29395,538306,28305,451004,0,0,45138,640780,0.079722,12511,173903,0.021636,45207,814683,0.101358,8037679
4,2021-01-27,57107,1046417,27106,565412,30001,481005,0,0,45747,675301,0.084017,11286,185189,0.02304,45807,860490,0.107057,8037679
4,2021-01-28,57834,1104251,26109,591521,31725,512730,0,0,47450,712510,0.088646,10292,195481,0.024321,47501,907991,0.112967,8037679
4,2021-01-29,57578,1161829,27505,619026,30073,542803,0,0,46889,748917,0.093176,10520,206001,0.025629,46927,954918,0.118805,8037679
4,2021-01-30,38830,1200659,17437,636463,21393,564196,0,0,33351,776881,0.096655,5423,211424,0.026304,33387,988305,0.122959,8037679
4,2021-01-31,24589,1225248,12827,649290,11762,575958,0,0,22841,798018,0.099285,1724,213148,0.026519,22861,1011166,0.125803,8037679
4,2021-02-01,50605,1275853,24364,673654,26241,602199,0,0,38647,824822,0.102619,11890,225038,0.027998,38694,1049860,0.130617,8037679
4,2021-02-02,56476,1332329,25945,699599,30531,632730,0,0,43240,854966,0.10637,13152,238190,0.029634,43296,1093156,0.136004,8037679
4,2021-02-03,62937,1395266,30824,730423,32113,664843,0,0,48158,888522,0.110545,14662,252852,0.031458,48218,1141374,0.142003,8037679
4,2021-02-04,68525,1463791,31857,762280,36668,701511,0,0,51431,923136,0.114851,16941,269793,0.033566,51555,1192929,0.148417,8037679
4,2021-02-05,74155,1537946,34285,796565,39870,741381,0,0,51379,952130,0.118458,22529,292322,0.036369,51523,1244452,0.154827,8037679
4,2021-02-06,49303,1587249,26414,822979,22889,764270,0,0,37579,978259,0.121709,11655,303977,0.037819,37784,1282236,0.159528,8037679
4,2021-02-07,26773,1614022,17690,840669,9083,773353,0,0,20170,992108,0.123432,6570,310547,0.038636,20419,1302655,0.162069,8037679
4,2021-02-08,59494,1673516,30529,871198,28965,802318,0,0,38520,1010066,0.125666,20829,331376,0.041228,38787,1341442,0.166894,8037679
4,2021-02-09,68097,1741613,34594,905792,33503,835821,0,0,39761,1022038,0.127156,28238,359614,0.044741,40210,1381652,0.171897,8037679
4,2021-02-10,78444,1820057,39243,945035,39201,875022,0,0,41070,1026540,0.127716,37130,396744,0.049361,41632,1423284,0.177076,8037679
4,2021-02-11,82563,1902620,43035,988070,39528,914550,0,0,41880,1028637,0.127977,40469,437213,0.054395,42566,1465850,0.182372,8037679
4,2021-02-12,85448,1988068,38218,1026288,47230,961780,0,0,43802,1031801,0.128371,41438,478651,0.059551,44602,1510452,0.187921,8037679
4,2021-02-13,59426,2047494,30031,1056319,29395,991175,0,0,30112,1033666,0.128603,29163,507814,0.063179,31028,1541480,0.191782,8037679
4,2021-02-14,37283,2084777,19372,1075691,17911,1009086,0,0,18978,1035087,0.128779,18241,526055,0.065449,19662,1561142,0.194228,8037679
4,2021-02-15,46873,2131650,21986,1097677,24887,1033973,0,0,23910,1037326,0.129058,22868,548923,0.068294,25107,1586249,0.197352,8037679
4,2021-02-16,81341,2212991,37338,1135015,44003,1077976,0,0,41113,1039582,0.129339,40093,589016,0.073282,42349,1628598,0.20262,8037679
4,2021-02-17,82690,2295681,39098,1174113,43592,1121568,0,0,39127,1036506,0.128956,43359,632375,0.078676,40283,1668881,0.207632,8037679
4,2021-02-18,84631,2380312,46530,1220643,38101,1159669,0,0,38845,1031265,0.128304,45570,677945,0.084346,40329,1709210,0.21265,8037679
4,2021-02-19,83936,2464248,52802,1273445,31134,1190803,0,0,41683,1031576,0.128343,42061,720006,0.089579,42372,1751582,0.217921,8037679
4,2021-02-20,50362,2514610,33511,1306956,16851,1207654,0,0,27036,1036106,0.128906,23228,743234,0.092469,27758,1779340,0.221375,8037679
4,2021-02-21,30724,2545334,24346,1331302,6378,1214032,0,0,14653,1035111,0.128782,15971,759205,0.094456,14976,1794316,0.223238,8037679
4,2021-02-22,56193,2601527,38550,1369852,17643,1231675,0,0,26949,1033487,0.12858,29057,788262,0.098071,27433,1821749,0.226651,8037679
4,2021-02-23,77899,2679426,43158,1413010,34741,1266416,0,0,34040,1025600,0.127599,43624,831886,0.103498,35737,1857486,0.231097,8037679
4,2021-02-24,93011,2772437,49133,1462143,43878,1310294,0,0,41668,1018397,0.126703,51055,882941,0.10985,43852,1901338,0.236553,8037679
4,2021-02-25,104852,2877289,54887,1517030,49965,1360259,0,0,49688,1015844,0.126385,54914,937855,0.116682,52361,1953699,0.243068,8037679
4,2021-02-26,110852,2988141,55989,1573019,54863,1415122,0,0,56240,1020167,0.126923,54281,992136,0.123436,58604,2012303,0.250359,8037679
4,2021-02-27,80884,3069025,43992,1617011,36878,1452000,14,14,42665,1026376,0.127696,37985,1030121,0.128162,44194,2056497,0.255857,8037679
4,2021-02-28,50029,3119054,30859,1647870,19163,1471163,7,21,27153,1031799,0.12837,22651,1052772,0.13098,28074,2084571,0.25935,8037679
4,2021-03-01,81892,3200946,47895,1695765,33933,1505096,64,85,45052,1041714,0.129604,36460,1089232,0.135516,46375,2130946,0.26512,8037679
4,2021-03-02,91003,3291949,52117,1747882,38874,1543970,12,97,53026,1058840,0.131735,37758,1126990,0.140213,54884,2185830,0.271948,8037679
4,2021-03-03,104875,3396824,55683,1803565,49170,1593140,22,119,58236,1072510,0.133435,46393,1173383,0.145985,60063,2245893,0.279421,8037679
4,2021-03-04,103158,3499982,57425,1860990,45714,1638854,19,138,56065,1083570,0.134811,46826,1220209,0.151811,57886,2303779,0.286622,8037679
4,2021-03-05,99408,3599390,53614,1914604,45463,1684317,331,469,58072,1102864,0.137212,41079,1261288,0.156922,60373,2364152,0.294134,8037679
4,2021-03-06,78080,3677470,43951,1958555,31472,1715789,2657,3126,47682,1124246,0.139872,30249,1291537,0.160685,51631,2415783,0.300557,8037679
4,2021-03-07,45621,3723091,27870,1986425,15495,1731284,2256,5382,26628,1135269,0.141243,18898,1310435,0.163036,29921,2445704,0.30428,8037679
4,2021-03-08,69249,3792340,36108,2022533,29708,1760992,3433,8815,45375,1161606,0.14452,23724,1334159,0.165988,50061,2495765,0.310508,8037679
4,2021-03-09,83247,3875587,42027,2064560,35899,1796891,5321,14136,44812,1174494,0.146124,38225,1372384,0.170744,51113,2546878,0.316867,8037679
4,2021-03-10,93188,3968775,48014,2112574,37575,1834466,7599,21735,46814,1183575,0.147253,46145,1418529,0.176485,55226,2602104,0.323738,8037679
4,2021-03-11,102156,4070931,53518,2166092,40062,1874528,8576,30311,47081,1185336,0.147472,54782,1473311,0.183301,56543,2658647,0.330773,8037679
4,2021-03-12,106108,4177039,52167,2218259,43480,1918008,10461,40772,45353,1181360,0.146978,60440,1533751,0.19082,56464,2715111,0.337798,8037679
4,2021-03-13,82545,4259584,38200,2256459,35765,1953773,8580,49352,39003,1186458,0.147612,43386,1577137,0.196218,48484,2763595,0.34383,8037679
4,2021-03-14,50314,4309898,28647,2285106,18002,1971775,3665,53017,23497,1187446,0.147735,26706,1603843,0.199541,27694,2791289,0.347276,8037679
4,2021-03-15,84687,4394585,45535,2330641,34815,2006590,4337,57354,42916,1193965,0.148546,41458,1645301,0.204699,47977,2839266,0.353245,8037679
4,2021-03-16,109031,4503616,56759,2387400,48820,2055410,3452,60806,57271,1203822,0.149772,51472,1696773,0.211102,61329,2900595,0.360875,8037679
4,2021-03-17,108627,4612243,58432,2445832,46654,2102064,3541,64347,63388,1226262,0.152564,44940,1741713,0.216694,67380,2967975,0.369258,8037679
4,2021-03-18,108435,4720678,60116,2505948,44568,2146632,3751,68098,61146,1244502,0.154834,46991,1788704,0.22254,65231,3033206,0.377373,8037679
4,2021-03-19,112803,4833481,64888,2570836,42649,2189281,5266,73364,63803,1265176,0.157406,48686,1837390,0.228597,69360,3102566,0.386003,8037679
4,2021-03-20,85187,4918668,49881,2620717,32245,2221526,3061,76425,51878,1287253,0.160152,33102,1870492,0.232715,55179,3157745,0.392868,8037679
4,2021-03-21,48698,4967366,35294,2656011,11146,2232672,2258,78683,28372,1298023,0.161492,20175,1890667,0.235225,30945,3188690,0.396718,8037679
4,2021-03-22,83536,5050902,54497,2710508,26266,2258938,2773,81456,51464,1321137,0.164368,31787,1922454,0.23918,54901,3243591,0.403548,8037679
4,2021-03-23,106346,5157248,63699,2774207,40457,2299395,2190,83646,62147,1342099,0.166976,43890,1966344,0.244641,64852,3308443,0.411617,8037679
4,2021-03-24,115096,5272344,74224,2848431,38403,2337798,2469,86115,63910,1358164,0.168975,50708,2017052,0.25095,66773,3375216,0.419924,8037679
4,2021-03-25,118883,5391227,73135,2921566,43267,2381065,2481,88596,66481,1375694,0.171156,51885,2068937,0.257405,69415,3444631,0.42856,8037679
4,2021-03-26,121602,5512829,73722,2995288,44791,2425856,3089,91685,65341,1388832,0.17279,55842,2124779,0.264352,68980,3513611,0.437142,8037679
4,2021-03-27,93288,5606117,54967,3050255,36488,2462344,1833,93518,46939,1391981,0.173182,46072,2170851,0.270084,49221,3562832,0.443266,8037679
4,2021-03-28,56526,5662643,37356,3087611,18280,2480624,890,94408,29679,1396270,0.173716,26645,2197496,0.273399,30934,3593766,0.447115,8037679
4,2021-03-29,95231,5757874,57002,3144613,36111,2516735,2118,96526,50803,1405604,0.174877,44126,2241622,0.278889,53460,3647226,0.453766,8037679
4,2021-03-30,118868,5876742,64887,3209500,49748,2566483,4233,100759,69707,1431039,0.178041,48869,2290491,0.284969,74304,3721530,0.463011,8037679
4,2021-03-31,122635,5999377,72375,3281875,43897,2610380,6363,107122,68195,1451703,0.180612,54042,2344533,0.291693,74706,3796236,0.472305,8037679
4,2021-04-01,144365,6143742,82209,3364084,48693,2659073,13463,120585,84497,1490070,0.185386,59288,2403821,0.299069,97655,3893891,0.484455,8037679
4,2021-04-02,138153,6281895,73811,3437895,50635,2709708,13707,134292,79249,1524404,0.189657,58563,2462384,0.306355,92897,3986788,0.496012,8037679
4,2021-04-03,102027,6383922,54519,3492414,33956,2743664,13552,147844,53128,1542304,0.191884,48667,2511051,0.31241,66567,4053355,0.504294,8037679
4,2021-04-04,47245,6431167,24960,3517374,14720,2758384,7565,155409,20528,1543567,0.192041,26585,2537636,0.315718,27848,4081203,0.507759,8037679
4,2021-04-05,111009,6542176,62275,3579649,35730,2794114,13004,168413,57374,1560879,0.194195,53369,2591005,0.322357,70681,4151884,0.516553,8037679
4,2021-04-06,140321,6682497,78946,3658595,41379,2835493,19996,188409,72541,1586228,0.197349,67508,2658513,0.330756,92857,4244741,0.528105,8037679
4,2021-04-07,139119,6821616,78843,3737438,39346,2874839,20930,209339,71801,1611940,0.200548,67028,2725541,0.339096,92740,4337481,0.539643,8037679
4,2021-04-08,141584,6963200,78861,3816299,37003,2911842,25720,235059,70516,1637601,0.203741,70719,2796260,0.347894,96380,4433861,0.551634,8037679
4,2021-04-09,139078,7102278,76195,3892494,39624,2951466,23259,258318,66304,1655361,0.20595,72476,2868736,0.356911,90236,4524097,0.562861,8037679
4,2021-04-10,104768,7207046,51658,3944152,34031,2985497,19079,277397,47272,1665237,0.207179,57254,2925990,0.364034,67130,4591227,0.571213,8037679
4,2021-04-11,63188,7270234,38364,3982516,13532,2999029,11292,288689,27638,1669654,0.207728,35415,2961405,0.36844,39832,4631059,0.576169,8037679
4,2021-04-12,103897,7374131,63076,4045592,30474,3029503,10347,299036,52224,1682037,0.209269,51323,3012728,0.374826,63706,4694765,0.584095,8037679
4,2021-04-13,131523,7505654,82491,4128083,48866,3078369,166,299202,78384,1708664,0.212582,52800,3065528,0.381395,79427,4774192,0.593976,8037679
4,2021-04-14,137072,7642726,87444,4215527,49547,3127916,81,299283,75627,1724552,0.214558,61066,3126594,0.388992,76954,4851146,0.603551,8037679
4,2021-04-15,157317,7800043,104541,4320068,52693,3180609,83,299366,95980,1760524,0.219034,60905,3187499,0.39657,96877,4948023,0.615603,8037679
4,2021-04-16,144536,7944579,91595,4411663,52856,3233465,85,299451,83591,1784355,0.221999,60579,3248078,0.404106,84410,5032433,0.626105,8037679
4,2021-04-17,102127,8046706,64146,4475809,37953,3271418,28,299479,59609,1802970,0.224315,42203,3290281,0.409357,60818,5093251,0.633672,8037679
4,2021-04-18,57568,8104274,39007,4514816,18556,3289974,5,299484,32260,1811055,0.225321,25148,3315429,0.412486,33233,5126484,0.637807,8037679
4,2021-04-19,101759,8206033,67006,4581822,34731,3324705,22,299506,51350,1812907,0.225551,50128,3365557,0.418722,51980,5178464,0.644274,8037679
4,2021-04-20,132136,8338169,78673,4660495,53438,3378143,25,299531,68229,1818726,0.226275,63535,3429092,0.426627,69354,5247818,0.652902,8037679
4,2021-04-21,135459,8473628,88402,4748897,46990,3425133,67,299598,67883,1820691,0.226519,67120,3496212,0.434978,69085,5316903,0.661497,8037679
4,2021-04-22,142538,8616166,94597,4843494,47916,3473049,25,299623,63405,1806581,0.224764,78688,3574900,0.444768,64578,5381481,0.669532,8037679
4,2021-04-23,135918,8752084,88463,4931957,47429,3520478,26,299649,58680,1789669,0.22266,76838,3651738,0.454327,59926,5441407,0.676987,8037679
4,2021-04-24,99491,8851575,67144,4999101,32293,3552771,54,299703,45624,1782903,0.221818,53538,3705276,0.460988,46772,5488179,0.682806,8037679
4,2021-04-25,50680,8902255,35735,5034836,14918,3567689,27,299730,26376,1785635,0.222158,24142,3729418,0.463992,26874,5515053,0.68615,8037679
4,2021-04-26,92734,8994989,60834,5095670,31485,3599174,415,300145,36272,1767552,0.219908,56122,3785540,0.470974,38039,5553092,0.690883,8037679
4,2021-04-27,114559,9109548,70049,5165719,42179,3641353,2331,302476,41075,1738636,0.216311,73140,3858680,0.480074,44224,5597316,0.696385,8037679
4,2021-04-28,105314,9214862,68781,5234500,33977,3675330,2556,305032,38329,1713604,0.213196,66611,3925291,0.488361,41579,5638895,0.701558,8037679
4,2021-04-29,106796,9321658,68197,5302697,36052,3711382,2547,307579,34276,1678902,0.208879,72135,3997426,0.497336,37433,5676328,0.706215,8037679
4,2021-04-30,106510,9428168,67391,5370088,36390,3747772,2729,310308,36434,1649100,0.205171,69640,4067066,0.506,39838,5716166,0.711171,8037679
4,2021-05-01,70362,9498530,46645,5416733,21920,3769692,1797,312105,20464,1622438,0.201854,49564,4116630,0.512167,22902,5739068,0.714021,8037679
4,2021-05-02,37912,9536442,26910,5443643,9697,3779389,1305,313410,10556,1607224,0.199961,27216,4143846,0.515553,12002,5751070,0.715514,8037679
4,2021-05-03,79777,9616219,55627,5499270,21641,3801030,2509,315919,19206,1569021,0.195208,60276,4204122,0.523052,22073,5773143,0.71826,8037679
4,2021-05-04,102000,9718219,69798,5569068,29406,3830436,2796,318715,22653,1515857,0.188594,79007,4283129,0.532881,25843,5798986,0.721475,8037679
4,2021-05-05,102833,9821052,72488,5641556,27582,3858018,2763,321478,21801,1460063,0.181652,80662,4363791,0.542917,24868,5823854,0.724569,8037679
4,2021-05-06,112637,9933689,84390,5725946,25285,3883303,2962,324440,19552,1391143,0.173078,92564,4456355,0.554433,23644,5847498,0.727511,8037679
4,2021-05-07,105538,10039227,75858,5801804,26988,3910291,2692,327132,20622,1330370,0.165517,84505,4540860,0.564947,23732,5871230,0.730463,8037679
4,2021-05-08,70263,10109490,48458,5850262,19863,3930154,1942,329074,13799,1290254,0.160526,56204,4597064,0.571939,16088,5887318,0.732465,8037679
4,2021-05-09,34572,10144062,28274,5878536,5346,3935500,952,330026,7336,1271520,0.158195,27118,4624182,0.575313,8384,5895702,0.733508,8037679
4,2021-05-10,65533,10209595,43852,5922388,19338,3954838,2343,332369,11042,1230954,0.153148,54247,4678429,0.582062,13681,5909383,0.73521,8037679
4,2021-05-11,83803,10293398,52462,5974850,29135,3983973,2206,334575,15814,1181804,0.147033,67717,4746146,0.590487,18567,5927950,0.73752,8037679
4,2021-05-12,80263,10373661,53365,6028215,24414,4008387,2484,337059,16622,1138047,0.141589,63314,4809460,0.598364,19557,5947507,0.739953,8037679
4,2021-05-13,105323,10478984,77467,6105682,26305,4034692,1551,338610,40678,1117053,0.138977,64284,4873744,0.606362,43290,5990797,0.745339,8037679
4,2021-05-14,105616,10584600,74498,6180180,28976,4063668,2142,340752,40562,1095589,0.136307,64703,4938447,0.614412,43239,6034036,0.750719,8037679
4,2021-05-15,86235,10670835,66629,6246809,18264,4081932,1342,342094,37962,1087198,0.135263,48003,4986450,0.620384,39612,6073648,0.755647,8037679
4,2021-05-16,51932,10722767,41818,6288627,9394,4091326,720,342814,21267,1078831,0.134222,30498,5016948,0.624179,22131,6095779,0.7584,8037679
4,2021-05-17,71579,10794346,52289,6340916,17440,4108766,1850,344664,28210,1065993,0.132624,43140,5060088,0.629546,30302,6126081,0.76217,8037679
4,2021-05-18,82279,10876625,53501,6394417,27016,4135782,1762,346426,29341,1044922,0.130003,52553,5112641,0.636084,31482,6157563,0.766087,8037679
4,2021-05-19,77438,10954063,52354,6446771,23126,4158908,1958,348384,31070,1032196,0.12842,46035,5158676,0.641812,33309,6190872,0.770231,8037679
4,2021-05-20,69537,11023600,44711,6491482,22816,4181724,2010,350394,25730,1016791,0.126503,43494,5202170,0.647223,28089,6218961,0.773726,8037679
4,2021-05-21,74250,11097850,48939,6540421,23419,4205143,1892,352286,26122,997275,0.124075,47794,5249964,0.653169,28278,6247239,0.777244,8037679
4,2021-05-22,50252,11148102,35250,6575671,13727,4218870,1275,353561,21773,992271,0.123452,28292,5278256,0.656689,23288,6270527,0.780142,8037679
4,2021-05-23,24034,11172136,17139,6592810,6169,4225039,726,354287,9736,988677,0.123005,14167,5292423,0.658452,10573,6281100,0.781457,8037679
4,2021-05-24,43384,11215520,27573,6620383,12791,4237830,3020,357307,15165,979084,0.121812,27976,5320399,0.661932,18383,6299483,0.783744,8037679
4,2021-05-25,45304,11260824,28178,6648561,14283,4252113,2843,360150,16026,969168,0.120578,29008,5349407,0.665541,19092,6318575,0.786119,8037679
4,2021-05-26,44985,11305809,26961,6675522,15406,4267519,2618,362768,15957,959131,0.119329,28786,5378193,0.669123,18749,6337324,0.788452,8037679
4,2021-05-27,39206,11345015,23510,6699032,12544,4280063,3152,365920,14722,952906,0.118555,24264,5402457,0.672141,18039,6355363,0.790696,8037679
4,2021-05-28,43729,11388744,27817,6726849,14292,4294355,1620,367540,18968,949245,0.118099,24467,5426924,0.675185,20806,6376169,0.793285,8037679
4,2021-05-29,23858,11412602,15483,6742332,7441,4301796,934,368474,10875,948369,0.11799,12822,5439746,0.676781,11946,6388115,0.794771,8037679
4,2021-05-30,12117,11424719,8508,6750840,3078,4304874,531,369005,5010,946952,0.117814,7026,5446772,0.677655,5609,6393724,0.795469,8037679
4,2021-05-31,3658,11428377,2330,6753170,1163,4306037,165,369170,1165,945876,0.11768,2427,5449199,0.677957,1351,6395075,0.795637,8037679
4,2021-06-01,39772,11468149,24710,6777880,12600,4318637,2462,371632,13083,935207,0.116353,26430,5475629,0.681245,15761,6410836,0.797598,8037679
4,2021-06-02,32935,11501084,20565,6798445,9547,4328184,2823,374455,10982,927404,0.115382,21755,5497384,0.683952,13952,6424788,0.799334,8037679
4,2021-06-03,48599,11549683,37296,6835741,8824,4337008,2479,376934,10470,902730,0.112312,37936,5535320,0.688671,13262,6438050,0.800984,8037679
4,2021-06-04,55411,11605094,44622,6880363,9453,4346461,1336,378270,12897,875521,0.108927,42257,5577577,0.693929,15048,6453098,0.802856,8037679
4,2021-06-05,45174,11650268,38692,6919055,5482,4351943,1000,379270,8804,849424,0.10568,36203,5613780,0.698433,10106,6463204,0.804113,8037679
4,2021-06-06,21311,11671579,19013,6938068,1730,4353673,568,379838,3916,837025,0.104138,17282,5631062,0.700583,4883,6468087,0.804721,8037679
4,2021-06-07,38990,11710569,31543,6969611,5504,4359177,1943,381781,8517,817453,0.101703,30325,5661387,0.704356,10753,6478840,0.806059,8037679
4,2021-06-08,40763,11751332,31974,7001585,6234,4365411,2555,384336,9447,798680,0.099367,31113,5692500,0.708227,12340,6491180,0.807594,8037679
4,2021-06-09,39106,11790438,31000,7032585,5733,4371144,2373,386709,7916,778321,0.096834,31006,5723506,0.712084,10647,6501827,0.808918,8037679
4,2021-06-10,37349,11827787,29417,7062002,5306,4376450,2626,389335,8433,760899,0.094667,28743,5752249,0.71566,11321,6513148,0.810327,8037679
4,2021-06-11,38603,11866390,30286,7092288,6297,4382747,2020,391355,9959,744769,0.09266,28461,5780710,0.719201,12331,6525479,0.811861,8037679
4,2021-06-12,26830,11893220,22328,7114616,3783,4386530,719,392074,6116,731223,0.090974,20599,5801309,0.721764,7053,6532532,0.812739,8037679
4,2021-06-13,10896,11904116,8612,7123228,1804,4388334,480,392554,2281,725548,0.090268,8545,5809854,0.722827,2870,6535402,0.813096,8037679
4,2021-06-14,28807,11932923,21551,7144779,4446,4392780,2810,395364,7849,715616,0.089033,20809,5830663,0.725416,10877,6546279,0.814449,8037679
4,2021-06-15,30234,11963157,21402,7166181,5420,4398200,3412,398776,8364,705961,0.087831,21684,5852347,0.728114,12029,6558308,0.815945,8037679
4,2021-06-16,26858,11990015,20258,7186439,3972,4402172,2628,401404,8114,698366,0.086887,18547,5870894,0.730422,10952,6569260,0.817308,8037679
4,2021-06-17,25280,12015295,18672,7205111,3707,4405879,2901,404305,7667,691712,0.086059,17413,5888307,0.732588,10759,6580019,0.818647,8037679
4,2021-06-18,26813,12042108,21129,7226240,4446,4410325,1238,405543,8229,683054,0.084981,18373,5906680,0.734874,9715,6589734,0.819855,8037679
4,2021-06-19,15815,12057923,12791,7239031,2314,4412639,710,406253,5065,678395,0.084402,10601,5917281,0.736193,5942,6595676,0.820595,8037679
4,2021-06-20,7379,12065302,6073,7245104,1000,4413639,306,406559,2620,676710,0.084192,4696,5921977,0.736777,3011,6598687,0.820969,8037679
4,2021-06-21,14630,12079932,10569,7255673,2911,4416550,1150,407709,7338,678158,0.084372,7198,5929175,0.737673,8646,6607333,0.822045,8037679
4,2021-06-22,20555,12100487,16011,7271684,3464,4420014,1080,408789,7095,673164,0.083751,13321,5942496,0.73933,8327,6615660,0.823081,8037679
4,2021-06-23,18485,12118972,14502,7286186,2981,4422995,1002,409791,6717,669388,0.083281,11622,5954118,0.740776,7846,6623506,0.824057,8037679
4,2021-06-24,17672,12136644,13670,7299856,3013,4426008,989,410780,6565,666138,0.082877,10942,5965060,0.742137,7692,6631198,0.825014,8037679
4,2021-06-25,21709,12158353,17056,7316912,3599,4429607,1054,411834,7830,661464,0.082295,13729,5978789,0.743845,9055,6640253,0.826141,8037679
4,2021-06-26,13150,12171503,10710,7327622,1823,4431430,617,412451,4841,658851,0.08197,8183,5986972,0.744863,5570,6645823,0.826834,8037679
4,2021-06-27,6908,12178411,5600,7333222,966,4432396,342,412793,2906,658191,0.081888,3962,5990934,0.745356,3302,6649125,0.827244,8037679
4,2021-06-28,15218,12193629,12774,7345996,1583,4433979,861,413654,6100,656266,0.081649,9015,5999949,0.746478,7090,6656215,0.828127,8037679
4,2021-06-29,16596,12210225,12883,7358879,2897,4436876,816,414470,6420,653577,0.081314,10046,6009995,0.747728,7357,6663572,0.829042,8037679
4,2021-06-30,14734,12224959,11492,7370371,2503,4439379,739,415209,6129,652101,0.081131,8464,6018459,0.748781,6988,6670560,0.829911,8037679
4,2021-07-01,14680,12239639,11562,7381933,2366,4441745,752,415961,6034,650515,0.080933,8509,6026968,0.749839,6923,6677483,0.830773,8037679
4,2021-07-02,17025,12256664,13494,7395427,2753,4444498,778,416739,6973,648452,0.080677,9942,6036910,0.751076,7879,6685362,0.831753,8037679
4,2021-07-03,9295,12265959,7384,7402811,1497,4445995,414,417153,4010,647734,0.080587,5200,6042110,0.751723,4482,6689844,0.83231,8037679
4,2021-07-04,450,12266409,281,7403092,108,4446103,61,417214,200,647763,0.080591,243,6042353,0.751753,272,6690116,0.832344,8037679
4,2021-07-05,9281,12275690,7544,7410636,1321,4447424,416,417630,4219,647470,0.080554,4977,6047330,0.752373,4684,6694800,0.832927,8037679
4,2021-07-06,16656,12292346,13131,7423767,2714,4450138,811,418441,6145,644161,0.080143,10374,6057704,0.753663,7065,6701865,0.833806,8037679
4,2021-07-07,13829,12306175,10790,7434557,2254,4452392,785,419226,5197,641750,0.079843,8514,6066218,0.754723,6103,6707968,0.834565,8037679
4,2021-07-08,13329,12319504,10398,7444955,2086,4454478,845,420071,5236,639958,0.07962,7961,6074179,0.755713,6169,6714137,0.835333,8037679
4,2021-07-09,15556,12335060,11924,7456879,2692,4457170,940,421011,6320,638257,0.079408,9079,6083258,0.756843,7378,6721515,0.836251,8037679
4,2021-07-10,8933,12343993,7072,7463951,1457,4458627,404,421415,3766,637407,0.079302,5079,6088337,0.757475,4229,6725744,0.836777,8037679
4,2021-07-11,4994,12348987,3995,7467946,799,4459426,200,421615,2239,637165,0.079272,2711,6091048,0.757812,2469,6728213,0.837084,8037679
4,2021-07-12,13126,12362113,10393,7478339,2003,4461429,730,422345,5097,635147,0.079021,7946,6098994,0.7588,5928,6734141,0.837822,8037679
4,2021-07-13,12902,12375015,9877,7488216,2386,4463815,639,422984,5495,634077,0.078888,7300,6106294,0.759709,6230,6740371,0.838597,8037679
4,2021-07-14,11824,12386839,9298,7497514,1966,4465781,560,423544,5124,633224,0.078782,6605,6112899,0.76053,5752,6746123,0.839312,8037679
4,2021-07-15,12523,12399362,9943,7507457,1987,4467768,593,424137,5703,632906,0.078742,6690,6119589,0.761363,6372,6752495,0.840105,8037679
4,2021-07-16,15082,12414444,11762,7519219,2650,4470418,670,424807,6955,632617,0.078706,8022,6127611,0.762361,7733,6760228,0.841067,8037679
4,2021-07-17,9405,12423849,7441,7526660,1638,4472056,326,425133,4444,632570,0.078701,4862,6132473,0.762966,4815,6765043,0.841666,8037679
4,2021-07-18,5389,12429238,4340,7531000,849,4472905,200,425333,2543,632546,0.078698,2788,6135261,0.763313,2764,6767807,0.84201,8037679
4,2021-07-19,12872,12442110,10198,7541198,2015,4474920,659,425992,6112,632731,0.078721,6663,6141924,0.764141,6848,6774655,0.842862,8037679
4,2021-07-20,13938,12456048,10737,7551935,2532,4477452,669,426661,6891,633474,0.078813,6899,6148823,0.765,7642,6782297,0.843813,8037679
4,2021-07-21,12919,12468967,10019,7561954,2246,4479698,654,427315,6435,634276,0.078913,6342,6155165,0.765789,7144,6789441,0.844702,8037679
4,2021-07-22,13610,12482577,10623,7572577,2321,4482019,666,427981,7080,635699,0.07909,6386,6161551,0.766583,7809,6797250,0.845673,8037679
4,2021-07-23,15855,12498432,12220,7584797,2928,4484947,707,428688,8294,637400,0.079301,7386,6168937,0.767502,9087,6806337,0.846804,8037679
4,2021-07-24,9658,12508090,7557,7592354,1768,4486715,333,429021,4962,638190,0.0794,4555,6173492,0.768069,5345,6811682,0.847469,8037679
4,2021-07-25,4815,12512905,3784,7596138,872,4487587,159,429180,3389,640386,0.079673,1367,6174859,0.768239,3563,6815245,0.847912,8037679
4,2021-07-26,13128,12526033,10278,7606416,2160,4489747,690,429870,7631,643423,0.080051,5337,6180196,0.768903,8374,6823619,0.848954,8037679
4,2021-07-27,14507,12540540,11121,7617537,2619,4492366,767,430637,7839,645565,0.080317,6504,6186700,0.769712,8646,6832265,0.85003,8037679
4,2021-07-28,13315,12553855,10149,7627686,2462,4494828,704,431341,7385,647960,0.080615,5750,6192450,0.770428,8145,6840410,0.851043,8037679
4,2021-07-29,13620,12567475,10582,7638268,2314,4497142,724,432065,7645,650667,0.080952,5739,6198189,0.771142,8446,6848856,0.852094,8037679
4,2021-07-30,15906,12583381,12160,7650428,2935,4500077,811,432876,8629,653313,0.081281,6897,6205086,0.772,9543,6858399,0.853281,8037679
4,2021-07-31,9785,12593166,7632,7658060,1726,4501803,427,433303,5522,655244,0.081522,4059,6209145,0.772505,5990,6864389,0.854026,8037679
4,2021-08-01,5460,12598626,4502,7662562,788,4502591,170,433473,3221,656548,0.081684,2122,6211267,0.772769,3426,6867815,0.854453,8037679
4,2021-08-02,14170,12612796,11308,7673870,2112,4504703,750,434223,8277,659956,0.082108,5683,6216950,0.773476,9091,6876906,0.855584,8037679
4,2021-08-03,14741,12627537,11321,7685191,2654,4507357,766,434989,8474,663229,0.082515,6042,6222992,0.774227,9315,6886221,0.856742,8037679
4,2021-08-04,13414,12640951,10444,7695635,2273,4509630,697,435686,7575,665919,0.08285,5623,6228615,0.774927,8313,6894534,0.857777,8037679
4,2021-08-05,14412,12655363,11380,7707015,2263,4511893,769,436455,8090,668763,0.083203,6065,6234680,0.775682,8909,6903443,0.858885,8037679
4,2021-08-06,17321,12672684,13284,7720299,3159,4515052,878,437333,9641,672003,0.083607,7345,6242025,0.776595,10585,6914028,0.860202,8037679
4,2021-08-07,10217,12682901,8129,7728428,1646,4516698,442,437775,5569,673588,0.083804,4467,6246492,0.777151,6052,6920080,0.860955,8037679
4,2021-08-08,6256,12689157,4972,7733400,1080,4517778,204,437979,3601,674906,0.083968,2516,6249008,0.777464,3834,6923914,0.861432,8037679
4,2021-08-09,14760,12703917,11958,7745358,2052,4519830,750,438729,7915,677039,0.084233,6607,6255615,0.778286,8740,6932654,0.862519,8037679
4,2021-08-10,14925,12718842,11482,7756840,2671,4522501,772,439501,7866,678936,0.084469,6808,6262423,0.779133,8705,6941359,0.863602,8037679
4,2021-08-11,12706,12731548,9739,7766579,2189,4524690,778,440279,6627,680555,0.084671,5816,6268239,0.779857,7435,6948794,0.864527,8037679
4,2021-08-12,14246,12745794,10839,7777418,2641,4527331,766,441045,7325,682135,0.084867,6556,6274795,0.780673,8136,6956930,0.86554,8037679
4,2021-08-13,17946,12763740,13289,7790707,3748,4531079,909,441954,8842,683538,0.085042,8421,6283216,0.78172,9824,6966754,0.866762,8037679
4,2021-08-14,12357,12776097,8815,7799522,3018,4534097,524,442478,5642,684757,0.085193,5007,6288223,0.782343,6226,6972980,0.867537,8037679
4,2021-08-15,7519,12783616,5503,7805025,1792,4535889,224,442702,3331,685438,0.085278,2919,6291142,0.782706,3600,6976580,0.867984,8037679
4,2021-08-16,18213,12801829,12612,7817637,4719,4540608,882,443584,7516,686393,0.085397,7521,6298663,0.783642,8476,6985056,0.869039,8037679
4,2021-08-17,18545,12820374,12607,7830244,5074,4545682,864,444448,7334,687136,0.085489,7535,6306198,0.784579,8278,6993334,0.870069,8037679
4,2021-08-18,18126,12838500,12206,7842450,5125,4550807,795,445243,6899,687890,0.085583,7021,6313219,0.785453,7775,7001109,0.871036,8037679
4,2021-08-19,18559,12857059,12364,7854814,5398,4556205,797,446040,6853,688726,0.085687,6895,6320114,0.786311,7731,7008840,0.871998,8037679
4,2021-08-20,23371,12880430,15783,7870597,6740,4562945,848,446888,8320,688790,0.085695,9219,6329333,0.787458,9283,7018123,0.873153,8037679
4,2021-08-21,14701,12895131,10263,7880860,4034,4566979,404,447292,4947,688398,0.085646,5808,6335141,0.78818,5416,7023539,0.873827,8037679
4,2021-08-22,8694,12903825,6152,7887012,2381,4569360,161,447453,3416,688831,0.0857,3193,6338334,0.788578,3626,7027165,0.874278,8037679
4,2021-08-23,20477,12924302,14417,7901429,5352,4574712,708,448161,7450,689170,0.085742,8012,6346346,0.789574,8351,7035516,0.875317,8037679
4,2021-08-24,19825,12944127,14007,7915436,5145,4579857,673,448834,6978,689110,0.085735,7866,6354212,0.790553,7806,7043322,0.876288,8037679
4,2021-08-25,18250,12962377,12872,7928308,4748,4584605,630,449464,6555,689468,0.085779,6994,6361206,0.791423,7352,7050674,0.877203,8037679
4,2021-08-26,18765,12981142,13222,7941530,4915,4589520,628,450092,6422,689254,0.085753,7393,6368599,0.792343,7179,7057853,0.878096,8037679
4,2021-08-27,23085,13004227,16484,7958014,5925,4595445,676,450768,7667,688102,0.08561,9702,6378301,0.79355,8550,7066403,0.87916,8037679
4,2021-08-28,14268,13018495,10202,7968216,3705,4599150,361,451129,4778,687432,0.085526,5925,6384226,0.794287,5255,7071658,0.879813,8037679
4,2021-08-29,8417,13026912,6007,7974223,2304,4601454,106,451235,2918,687063,0.08548,3466,6387692,0.794718,3097,7074755,0.880199,8037679
4,2021-08-30,18942,13045854,13234,7987457,5073,4606527,635,451870,6081,686153,0.085367,7784,6395476,0.795687,6874,7081629,0.881054,8037679
4,2021-08-31,18992,13064846,12958,8000415,5485,4612012,549,452419,5623,684913,0.085213,7549,6403025,0.796626,6309,7087938,0.881839,8037679
4,2021-09-01,17227,13082073,11840,8012255,4881,4616893,506,452925,5559,684800,0.085199,6306,6409331,0.797411,6193,7094131,0.882609,8037679
4,2021-09-02,17360,13099433,11878,8024133,4967,4621860,515,453440,5304,684246,0.08513,6485,6415816,0.798217,5931,7100062,0.883347,8037679
4,2021-09-03,21268,13120701,14746,8038879,5879,4627739,643,454083,6449,682474,0.084909,9079,6424895,0.799347,7307,7107369,0.884256,8037679
4,2021-09-04,11597,13132298,8389,8047268,2925,4630664,283,454366,3652,681274,0.08476,5230,6430125,0.799998,4030,7111399,0.884758,8037679
4,2021-09-05,7557,13139855,5410,8052678,2053,4632717,94,454460,2675,681084,0.084736,3031,6433156,0.800375,2841,7114240,0.885111,8037679
4,2021-09-06,2705,13142560,1765,8054443,891,4633608,49,454509,1012,681033,0.08473,1127,6434283,0.800515,1076,7115316,0.885245,8037679
4,2021-09-07,17682,13160242,12590,8067033,4584,4638192,508,455017,4886,678245,0.084383,8323,6442606,0.801551,5535,7120851,0.885934,8037679
4,2021-09-08,15054,13175296,10625,8077658,3979,4642171,450,455467,4682,677233,0.084257,6235,6448841,0.802326,5223,7126074,0.886584,8037679
4,2021-09-09,9251,13184547,6011,8083669,2754,4644925,486,455953,2498,676521,0.084169,3728,6452569,0.80279,3016,7129090,0.886959,8037679
