vemquartile,administered_date,total_doses,cumulative_total_doses,pfizer_doses,cumulative_pfizer_doses,moderna_doses,cumulative_moderna_doses,jj_doses,cumulative_jj_doses,partially_vaccinated,total_partially_vaccinated,pct_age12pop_partially_vaccinated,fully_vaccinated,cumulative_fully_vaccinated,pct_age12pop_fully_vaccinated,at_least_one_dose,cumulative_at_least_one_dose,pct_age12pop_at_least_one_dose,age12_population
1,2020-12-15,148,148,148,148,0,0,0,0,148,148,1.7e-05,0,0,0.0,148,148,1.7e-05,8700223
1,2020-12-16,1177,1325,1177,1325,0,0,0,0,1177,1325,0.000152,0,0,0.0,1177,1325,0.000152,8700223
1,2020-12-17,4128,5453,4128,5453,0,0,0,0,4129,5454,0.000627,0,0,0.0,4129,5454,0.000627,8700223
1,2020-12-18,6295,11748,6275,11728,20,20,0,0,6295,11748,0.00135,1,1,0.0,6295,11749,0.00135,8700223
1,2020-12-19,2861,14609,2860,14588,1,21,0,0,2860,14607,0.001679,1,2,0.0,2860,14609,0.001679,8700223
1,2020-12-20,2113,16722,2108,16696,5,26,0,0,2114,16721,0.001922,0,2,0.0,2114,16723,0.001922,8700223
1,2020-12-21,7628,24350,7614,24310,14,40,0,0,7678,24399,0.002804,1,3,0.0,7679,24402,0.002805,8700223
1,2020-12-22,7287,31637,6945,31255,342,382,0,0,7289,31686,0.003642,2,5,1e-06,7289,31691,0.003643,8700223
1,2020-12-23,7826,39463,6579,37834,1247,1629,0,0,7820,39505,0.004541,2,7,1e-06,7821,39512,0.004541,8700223
1,2020-12-24,3297,42760,2358,40192,939,2568,0,0,3299,42804,0.00492,0,7,1e-06,3299,42811,0.004921,8700223
1,2020-12-25,235,42995,151,40343,84,2652,0,0,235,43039,0.004947,0,7,1e-06,235,43046,0.004948,8700223
1,2020-12-26,1353,44348,964,41307,389,3041,0,0,1352,44390,0.005102,1,8,1e-06,1352,44398,0.005103,8700223
1,2020-12-27,861,45209,530,41837,331,3372,0,0,862,45252,0.005201,0,8,1e-06,862,45260,0.005202,8700223
1,2020-12-28,7074,52283,4759,46596,2315,5687,0,0,7073,52325,0.006014,0,8,1e-06,7073,52333,0.006015,8700223
1,2020-12-29,8854,61137,4975,51571,3879,9566,0,0,8851,61175,0.007031,1,9,1e-06,8851,61184,0.007032,8700223
1,2020-12-30,11576,72713,6454,58025,5122,14688,0,0,11576,72751,0.008362,0,9,1e-06,11576,72760,0.008363,8700223
1,2020-12-31,5939,78652,1957,59982,3982,18670,0,0,5938,78688,0.009044,2,11,1e-06,5939,78699,0.009046,8700223
1,2021-01-01,549,79201,190,60172,359,19029,0,0,549,79237,0.009107,0,11,1e-06,549,79248,0.009109,8700223
1,2021-01-02,2903,82104,1762,61934,1141,20170,0,0,2905,82142,0.009441,0,11,1e-06,2905,82153,0.009443,8700223
1,2021-01-03,1021,83125,548,62482,473,20643,0,0,1019,83159,0.009558,2,13,1e-06,1019,83172,0.00956,8700223
1,2021-01-04,7328,90453,3574,66056,3754,24397,0,0,7329,90484,0.0104,4,17,2e-06,7329,90501,0.010402,8700223
1,2021-01-05,10770,101223,5190,71246,5580,29977,0,0,10019,99790,0.01147,736,753,8.7e-05,10042,100543,0.011556,8700223
1,2021-01-06,13984,115207,7022,78268,6962,36939,0,0,12100,110052,0.012649,1846,2599,0.000299,12108,112651,0.012948,8700223
1,2021-01-07,17375,132582,9074,87342,8301,45240,0,0,12929,118645,0.013637,4349,6948,0.000799,12942,125593,0.014436,8700223
1,2021-01-08,20070,152652,10396,97738,9674,54914,0,0,14190,126976,0.014595,5864,12812,0.001473,14195,139788,0.016067,8700223
1,2021-01-09,6681,159333,3369,101107,3312,58226,0,0,4835,129983,0.01494,1832,14644,0.001683,4839,144627,0.016623,8700223
1,2021-01-10,3066,162399,1744,102851,1322,59548,0,0,1882,130695,0.015022,1171,15815,0.001818,1883,146510,0.01684,8700223
1,2021-01-11,18035,180434,11809,114660,6226,65774,0,0,11506,135736,0.015601,6503,22318,0.002565,11544,158054,0.018167,8700223
1,2021-01-12,18874,199308,10732,125392,8142,73916,0,0,12921,142776,0.016411,5916,28234,0.003245,12956,171010,0.019656,8700223
1,2021-01-13,19700,219008,10648,136040,9052,82968,0,0,14558,152234,0.017498,5118,33352,0.003833,14576,185586,0.021331,8700223
1,2021-01-14,21857,240865,9380,145420,12477,95445,0,0,19122,168723,0.019393,2679,36031,0.004141,19168,204754,0.023534,8700223
1,2021-01-15,25065,265930,9221,154641,15844,111289,0,0,23133,190022,0.021841,1885,37916,0.004358,23184,227938,0.026199,8700223
1,2021-01-16,13840,279770,4527,159168,9313,120602,0,0,12979,202144,0.023234,859,38775,0.004457,12981,240919,0.027691,8700223
1,2021-01-17,5194,284964,2009,161177,3185,123787,0,0,4830,206618,0.023749,361,39136,0.004498,4835,245754,0.028247,8700223
1,2021-01-18,14262,299226,8574,169751,5688,129475,0,0,11103,214627,0.024669,3147,42283,0.00486,11156,256910,0.029529,8700223
1,2021-01-19,24630,323856,12857,182608,11773,141248,0,0,19450,228966,0.026317,5165,47448,0.005454,19504,276414,0.031771,8700223
1,2021-01-20,28640,352496,14036,196644,14604,155852,0,0,23005,246428,0.028324,5581,53029,0.006095,23043,299457,0.034419,8700223
1,2021-01-21,30752,383248,14263,210907,16489,172341,0,0,27611,271039,0.031153,3084,56113,0.00645,27695,327152,0.037603,8700223
1,2021-01-22,28111,411359,11148,222055,16963,189304,0,0,26132,295264,0.033938,1938,58051,0.006672,26163,353315,0.04061,8700223
1,2021-01-23,18667,430026,8188,230243,10479,199783,0,0,16740,310102,0.035643,1913,59964,0.006892,16751,370066,0.042535,8700223
1,2021-01-24,6658,436684,4156,234399,2502,202285,0,0,6005,315465,0.036259,647,60611,0.006967,6010,376076,0.043226,8700223
1,2021-01-25,25200,461884,10436,244835,14764,217049,0,0,19526,329434,0.037865,5653,66264,0.007616,19622,395698,0.045481,8700223
1,2021-01-26,28470,490354,13365,258200,15105,232154,0,0,21901,344836,0.039635,6523,72787,0.008366,21925,417623,0.048001,8700223
1,2021-01-27,32316,522670,15405,273605,16911,249065,0,0,24369,361350,0.041533,7885,80672,0.009272,24399,442022,0.050806,8700223
1,2021-01-28,34593,557263,16260,289865,18333,267398,0,0,27805,382485,0.043963,6733,87405,0.010046,27868,469890,0.054009,8700223
1,2021-01-29,33369,590632,16400,306265,16969,284367,0,0,26914,403115,0.046334,6321,93726,0.010773,26951,496841,0.057107,8700223
1,2021-01-30,20162,610794,8791,315056,11371,295738,0,0,18067,419118,0.048173,2072,95798,0.011011,18075,514916,0.059184,8700223
1,2021-01-31,7567,618361,4953,320009,2614,298352,0,0,6925,425405,0.048896,641,96439,0.011085,6928,521844,0.059981,8700223
1,2021-02-01,28535,646896,12427,332436,16108,314460,0,0,20912,438742,0.050429,7581,104020,0.011956,20918,542762,0.062385,8700223
1,2021-02-02,32041,678937,11517,343953,20524,334984,0,0,24143,455084,0.052307,7835,111855,0.012857,24177,566939,0.065164,8700223
1,2021-02-03,39096,718033,15019,358972,24077,359061,0,0,28270,472689,0.054331,10697,122552,0.014086,28302,595241,0.068417,8700223
1,2021-02-04,43538,761571,16971,375943,26567,385628,0,0,31657,492617,0.056621,11777,134329,0.01544,31705,626946,0.072061,8700223
1,2021-02-05,46645,808216,17299,393242,29346,414974,0,0,30742,507632,0.058347,15780,150109,0.017253,30795,657741,0.0756,8700223
1,2021-02-06,26458,834674,10495,403737,15963,430937,0,0,20634,522497,0.060056,5786,155895,0.017919,20651,678392,0.077974,8700223
1,2021-02-07,6246,840920,4021,407758,2225,433162,0,0,4643,525571,0.060409,1587,157482,0.018101,4661,683053,0.07851,8700223
1,2021-02-08,31244,872164,14251,422009,16993,450155,0,0,20873,536238,0.061635,10299,167781,0.019285,20966,704019,0.08092,8700223
1,2021-02-09,38166,910330,16818,438827,21348,471503,0,0,23605,545335,0.062681,14581,182362,0.020961,23678,727697,0.083641,8700223
1,2021-02-10,46686,957016,21937,460764,24749,496252,0,0,26946,552707,0.063528,19651,202013,0.023219,27023,754720,0.086747,8700223
1,2021-02-11,51261,1008277,25207,485971,26054,522306,0,0,30888,563595,0.064779,20099,222112,0.025529,30987,785707,0.090309,8700223
1,2021-02-12,49354,1057631,21288,507259,28066,550372,0,0,28503,571489,0.065687,20745,242857,0.027914,28639,814346,0.093601,8700223
1,2021-02-13,26026,1083657,11343,518602,14683,565055,0,0,15094,575796,0.066182,10863,253720,0.029162,15170,829516,0.095344,8700223
1,2021-02-14,11603,1095260,5475,524077,6128,571183,0,0,6624,577532,0.066381,4953,258673,0.029732,6689,836205,0.096113,8700223
1,2021-02-15,23552,1118812,9266,533343,14286,585469,0,0,14361,582921,0.067001,9088,267761,0.030776,14477,850682,0.097777,8700223
1,2021-02-16,46369,1165181,22199,555542,24170,609639,0,0,27340,591410,0.067976,18962,286723,0.032956,27451,878133,0.100932,8700223
1,2021-02-17,47785,1212966,24151,579693,23634,633273,0,0,25952,595793,0.06848,21715,308438,0.035452,26098,904231,0.103932,8700223
1,2021-02-18,50254,1263220,25050,604743,25204,658477,0,0,26214,598385,0.068778,23840,332278,0.038192,26432,930663,0.10697,8700223
1,2021-02-19,45525,1308745,24662,629405,20863,679340,0,0,25777,604576,0.06949,19651,351929,0.040451,25842,956505,0.10994,8700223
1,2021-02-20,26933,1335678,16422,645827,10511,689851,0,0,15498,608753,0.06997,11396,363325,0.04176,15573,972078,0.11173,8700223
1,2021-02-21,11454,1347132,10211,656038,1243,691094,0,0,6829,611051,0.070234,4580,367905,0.042287,6878,978956,0.112521,8700223
1,2021-02-22,29907,1377039,19635,675673,10272,701366,0,0,17635,616564,0.070868,12221,380126,0.043692,17734,996690,0.114559,8700223
1,2021-02-23,43017,1420056,20938,696611,22079,723445,0,0,24161,622360,0.071534,18727,398853,0.045844,24523,1021213,0.117378,8700223
1,2021-02-24,52962,1473018,25673,722284,27289,750734,0,0,29738,629420,0.072345,23125,421978,0.048502,30185,1051398,0.120847,8700223
1,2021-02-25,65057,1538075,31673,753957,33384,784118,0,0,40785,646538,0.074313,24169,446147,0.05128,41287,1092685,0.125593,8700223
1,2021-02-26,72971,1611046,34293,788250,38678,822796,0,0,48161,670518,0.077069,24658,470805,0.054114,48638,1141323,0.131183,8700223
1,2021-02-27,50057,1661103,23132,811382,26918,849714,7,7,33337,687516,0.079023,16611,487416,0.056023,33609,1174932,0.135046,8700223
1,2021-02-28,19319,1680422,11468,822850,7849,857563,2,9,14285,696966,0.080109,4975,492391,0.056595,14425,1189357,0.136704,8700223
1,2021-03-01,43983,1724405,20313,843163,23643,881206,27,36,28512,710393,0.081652,15346,507737,0.058359,28773,1218130,0.140011,8700223
1,2021-03-02,61655,1786060,26850,870013,34793,915999,12,48,39784,729044,0.083796,21759,529496,0.06086,40410,1258540,0.144656,8700223
1,2021-03-03,68909,1854969,32665,902678,36225,952224,19,67,41998,744867,0.085615,26785,556281,0.063939,42608,1301148,0.149553,8700223
1,2021-03-04,77173,1932142,36264,938942,40876,993100,33,100,49702,767796,0.08825,27314,583595,0.067078,50243,1351391,0.155328,8700223
1,2021-03-05,76622,2008764,34728,973670,41690,1034790,204,304,51454,795122,0.091391,24964,608559,0.069948,52290,1403681,0.161339,8700223
1,2021-03-06,57024,2065788,27228,1000898,28458,1063248,1338,1642,38873,817610,0.093976,18089,626648,0.072027,40577,1444258,0.166002,8700223
1,2021-03-07,20127,2085915,12822,1013720,6494,1069742,811,2453,15134,828842,0.095267,4975,631623,0.072598,16207,1460465,0.167865,8700223
1,2021-03-08,44156,2130071,21087,1034807,21196,1090938,1873,4326,30955,848886,0.097571,13123,644746,0.074107,33167,1493632,0.171677,8700223
1,2021-03-09,65494,2195565,31599,1066406,31420,1122358,2475,6801,40471,867263,0.099683,24911,669657,0.07697,43288,1536920,0.176653,8700223
1,2021-03-10,72295,2267860,36119,1102525,31806,1154164,4370,11171,44941,889726,0.102265,27219,696876,0.080099,49682,1586602,0.182363,8700223
1,2021-03-11,88676,2356536,40470,1142995,40280,1194444,7926,19097,51990,913645,0.105014,36463,733339,0.08429,60382,1646984,0.189304,8700223
1,2021-03-12,97230,2453766,42592,1185587,42301,1236745,12337,31434,56995,943420,0.108436,40053,773392,0.088893,69828,1716812,0.19733,8700223
1,2021-03-13,64763,2518529,29309,1214896,27734,1264479,7720,39154,41420,969676,0.111454,23237,796629,0.091564,49493,1766305,0.203018,8700223
1,2021-03-14,27527,2546056,14850,1229746,9116,1273595,3561,42715,15642,977247,0.112324,11833,808462,0.092924,19404,1785709,0.205249,8700223
1,2021-03-15,64311,2610367,28133,1257879,29488,1303083,6690,49405,38095,996338,0.114519,26043,834505,0.095918,45134,1830843,0.210436,8700223
1,2021-03-16,84655,2695022,38385,1296264,40722,1343805,5548,54953,52766,1023303,0.117618,31717,866222,0.099563,58682,1889525,0.217181,8700223
1,2021-03-17,91458,2786480,44133,1340397,40799,1384604,6526,61479,58960,1056829,0.121471,32334,898556,0.10328,65860,1955385,0.224751,8700223
1,2021-03-18,97307,2883787,50040,1390437,41664,1426268,5603,67082,59564,1085023,0.124712,37434,935990,0.107582,65628,2021013,0.232294,8700223
1,2021-03-19,102460,2986247,52967,1443404,43375,1469643,6118,73200,60715,1110850,0.127681,41492,977482,0.112351,67319,2088332,0.240032,8700223
1,2021-03-20,71874,3058121,36982,1480386,29668,1499311,5224,78424,46415,1137443,0.130737,25302,1002784,0.11526,51895,2140227,0.245997,8700223
1,2021-03-21,26881,3085002,18769,1499155,6307,1505618,1805,80229,17357,1147240,0.131863,9449,1012233,0.116346,19246,2159473,0.248209,8700223
1,2021-03-22,58501,3143503,30095,1529250,25134,1530752,3272,83501,39741,1172027,0.134712,18579,1030812,0.118481,43366,2202839,0.253193,8700223
1,2021-03-23,82045,3225548,41551,1570801,36890,1567642,3604,87105,51053,1196334,0.137506,30803,1061615,0.122022,55110,2257949,0.259528,8700223
1,2021-03-24,86957,3312505,43884,1614685,38735,1606377,4338,91443,52784,1219681,0.14019,33953,1095568,0.125924,57300,2315249,0.266114,8700223
1,2021-03-25,95561,3408066,48607,1663292,41160,1647537,5794,97237,53941,1238287,0.142328,41346,1136914,0.130676,59952,2375201,0.273005,8700223
1,2021-03-26,103502,3511568,50454,1713746,46788,1694325,6260,103497,56277,1254178,0.144155,46947,1183861,0.136072,62838,2438039,0.280227,8700223
1,2021-03-27,73496,3585064,37954,1751700,31364,1725689,4178,107675,38168,1261598,0.145008,35135,1218996,0.140111,42555,2480594,0.285118,8700223
1,2021-03-28,32478,3617542,21280,1772980,9988,1735677,1210,108885,16594,1263957,0.145279,15778,1234774,0.141924,18137,2498731,0.287203,8700223
1,2021-03-29,66279,3683821,32909,1805889,30270,1765947,3100,111985,36963,1275082,0.146557,29150,1263924,0.145275,40275,2539006,0.291832,8700223
1,2021-03-30,90684,3774505,44702,1850591,39705,1805652,6277,118262,47206,1285337,0.147736,43334,1307258,0.150256,53589,2592595,0.297992,8700223
1,2021-03-31,99615,3874120,52178,1902769,41512,1847164,5925,124187,55321,1302630,0.149724,44035,1351293,0.155317,61328,2653923,0.305041,8700223
1,2021-04-01,110239,3984359,52795,1955564,49047,1896211,8397,132584,56866,1314938,0.151138,53036,1404329,0.161413,65344,2719267,0.312551,8700223
1,2021-04-02,109835,4094194,50134,2005698,50102,1946313,9599,142183,56371,1328048,0.152645,53094,1457423,0.167516,66204,2785471,0.320161,8700223
1,2021-04-03,77407,4171601,38831,2044529,28978,1975291,9598,151781,36203,1332887,0.153201,41046,1498469,0.172233,45885,2831356,0.325435,8700223
1,2021-04-04,23651,4195252,11762,2056291,8432,1983723,3457,155238,9938,1332609,0.15317,13665,1512134,0.173804,13387,2844743,0.326974,8700223
1,2021-04-05,75376,4270628,36233,2092524,30017,2013740,9126,164364,34357,1335430,0.153494,40844,1552978,0.178499,43665,2888408,0.331992,8700223
1,2021-04-06,102621,4373249,48605,2141129,37521,2051261,16495,180859,46657,1342924,0.154355,55723,1608701,0.184903,63217,2951625,0.339259,8700223
1,2021-04-07,110090,4483339,53197,2194326,39502,2090763,17391,198250,50164,1350858,0.155267,59684,1668385,0.191763,67618,3019243,0.347031,8700223
1,2021-04-08,120917,4604256,57018,2251344,43097,2133860,20802,219052,53631,1358459,0.156141,66944,1735329,0.199458,74545,3093788,0.355599,8700223
1,2021-04-09,121597,4725853,55566,2306910,45535,2179395,20496,239548,53804,1365467,0.156946,67475,1802804,0.207214,74483,3168271,0.36416,8700223
1,2021-04-10,95002,4820855,42226,2349136,30199,2209594,22577,262125,37140,1367524,0.157183,57688,1860492,0.213844,59745,3228016,0.371027,8700223
1,2021-04-11,36082,4856937,20138,2369274,9328,2218922,6616,268741,14733,1367716,0.157205,21301,1881793,0.216293,21493,3249509,0.373497,8700223
1,2021-04-12,73248,4930185,32472,2401746,30841,2249763,9935,278676,31143,1367146,0.157139,41868,1923661,0.221105,41298,3290807,0.378244,8700223
1,2021-04-13,96207,5026392,51404,2453150,44468,2294231,335,279011,52036,1376019,0.158159,43926,1967587,0.226154,52799,3343606,0.384313,8700223
1,2021-04-14,103196,5129588,53299,2506449,49828,2344059,69,279080,52648,1379013,0.158503,50220,2017807,0.231926,53214,3396820,0.390429,8700223
1,2021-04-15,104639,5234227,56768,2563217,47784,2391843,87,279167,56197,1387645,0.159495,47929,2065736,0.237435,56561,3453381,0.39693,8700223
1,2021-04-16,108409,5342636,55713,2618930,52609,2444452,87,279254,54436,1388794,0.159627,53551,2119287,0.24359,54700,3508081,0.403217,8700223
1,2021-04-17,81875,5424511,44403,2663333,37466,2481918,9,279263,46015,1399281,0.160833,35701,2154988,0.247693,46188,3554269,0.408526,8700223
1,2021-04-18,28854,5453365,19252,2682585,9595,2491513,7,279270,14648,1399998,0.160915,14136,2169124,0.249318,14853,3569122,0.410233,8700223
1,2021-04-19,64527,5517892,32916,2715501,31599,2523112,12,279282,29248,1394406,0.160272,34981,2204105,0.253339,29389,3598511,0.413611,8700223
1,2021-04-20,85727,5603619,42621,2758122,43086,2566198,20,279302,40694,1390554,0.15983,44769,2248874,0.258485,40917,3639428,0.418314,8700223
1,2021-04-21,91845,5695464,46814,2804936,44937,2611135,94,279396,41234,1381942,0.15884,50149,2299023,0.264249,41537,3680965,0.423089,8700223
1,2021-04-22,94282,5789746,48580,2853516,45686,2656821,16,279412,43434,1375186,0.158063,50423,2349446,0.270044,43667,3724632,0.428108,8700223
1,2021-04-23,98021,5887767,50311,2903827,47685,2704506,25,279437,46581,1371000,0.157582,51013,2400459,0.275908,46827,3771459,0.43349,8700223
1,2021-04-24,74676,5962443,46309,2950136,28344,2732850,23,279460,42425,1381598,0.1588,32106,2432565,0.279598,42704,3814163,0.438398,8700223
1,2021-04-25,26879,5989322,17127,2967263,9742,2742592,10,279470,15422,1385799,0.159283,11364,2443929,0.280904,15565,3829728,0.440187,8700223
1,2021-04-26,64631,6053953,33684,3000947,30548,2773140,399,279869,31016,1384200,0.159099,33355,2477284,0.284738,31756,3861484,0.443837,8700223
1,2021-04-27,78674,6132627,41772,3042719,35650,2808790,1252,281121,34016,1375397,0.158088,44412,2521696,0.289843,35609,3897093,0.44793,8700223
1,2021-04-28,78732,6211359,41447,3084166,35802,2844592,1483,282604,34774,1368202,0.157261,43680,2565376,0.294863,36485,3933578,0.452124,8700223
1,2021-04-29,80850,6292209,44257,3128423,35023,2879615,1570,284174,32721,1354811,0.155721,47844,2613220,0.300362,34453,3968031,0.456084,8700223
1,2021-04-30,88266,6380475,47756,3176179,38700,2918315,1810,285984,36665,1342121,0.154263,51333,2664553,0.306263,38643,4006674,0.460525,8700223
1,2021-05-01,61767,6442242,39968,3216147,20430,2938745,1369,287353,26006,1334132,0.153345,35593,2700146,0.310354,27604,4034278,0.463698,8700223
1,2021-05-02,23162,6465404,16373,3232520,6229,2944974,560,287913,9425,1330511,0.152928,13637,2713783,0.311921,10016,4044294,0.464849,8700223
1,2021-05-03,54035,6519439,30071,3262591,22188,2967162,1776,289689,19549,1317605,0.151445,34287,2748070,0.315862,21381,4065675,0.467307,8700223
1,2021-05-04,72192,6591631,41289,3303880,28870,2996032,2033,291722,25868,1299518,0.149366,46078,2794148,0.321158,27991,4093666,0.470524,8700223
1,2021-05-05,73900,6665531,42411,3346291,29248,3025280,2241,293963,25031,1278278,0.146925,48585,2842733,0.326743,27345,4121011,0.473667,8700223
1,2021-05-06,75833,6741364,45434,3391725,28245,3053525,2154,296117,23849,1252781,0.143994,51660,2894393,0.33268,26163,4147174,0.476674,8700223
1,2021-05-07,79294,6820658,45081,3436806,32073,3085598,2140,298257,26608,1229272,0.141292,52319,2946712,0.338694,28810,4175984,0.479986,8700223
1,2021-05-08,54073,6874731,33783,3470589,18752,3104350,1538,299795,18264,1213633,0.139494,35534,2982246,0.342778,19895,4195879,0.482273,8700223
1,2021-05-09,17654,6892385,12551,3483140,4628,3108978,475,300270,5463,1207488,0.138788,12119,2994365,0.344171,5974,4201853,0.482959,8700223
1,2021-05-10,41816,6934201,20952,3504092,19111,3128089,1753,302023,14060,1195816,0.137447,27577,3021942,0.347341,15905,4217758,0.484787,8700223
1,2021-05-11,59339,6993540,31719,3535811,25520,3153609,2100,304123,19399,1177740,0.135369,39701,3061643,0.351904,21625,4239383,0.487273,8700223
1,2021-05-12,59853,7053393,31646,3567457,26221,3179830,1986,306109,20144,1160510,0.133389,39433,3101076,0.356436,22203,4261586,0.489825,8700223
1,2021-05-13,63220,7116613,36840,3604297,24464,3204294,1916,308025,24220,1148254,0.13198,38677,3139753,0.360882,26421,4288007,0.492862,8700223
1,2021-05-14,73171,7189784,43972,3648269,26887,3231181,2312,310337,29747,1137508,0.130745,43108,3182861,0.365837,32362,4320369,0.496581,8700223
1,2021-05-15,63139,7252923,41718,3689987,19746,3250927,1675,312012,24983,1126322,0.129459,37925,3220786,0.370196,26739,4347108,0.499655,8700223
1,2021-05-16,23958,7276881,17475,3707462,5872,3256799,611,312623,9654,1122421,0.129011,14207,3234993,0.371829,10306,4357414,0.500839,8700223
1,2021-05-17,53061,7329942,32639,3740101,18713,3275512,1709,314332,23041,1117440,0.128438,29792,3264785,0.375253,24811,4382225,0.503691,8700223
1,2021-05-18,63415,7393357,38333,3778434,23314,3298826,1768,316100,28102,1112348,0.127853,35064,3299849,0.379283,29972,4412197,0.507136,8700223
1,2021-05-19,65268,7458625,39754,3818188,23603,3322429,1911,318011,29897,1109122,0.127482,35124,3334973,0.38332,31898,4444095,0.510802,8700223
1,2021-05-20,61647,7520272,35736,3853924,23798,3346227,2113,320124,26074,1102236,0.126691,35287,3370260,0.387376,28401,4472496,0.514067,8700223
1,2021-05-21,65783,7586055,39657,3893581,24317,3370544,1809,321933,27852,1094415,0.125792,37581,3407841,0.391696,29760,4502256,0.517487,8700223
1,2021-05-22,49738,7635793,33355,3926936,14756,3385300,1627,323560,22284,1091185,0.12542,27250,3435091,0.394828,24020,4526276,0.520248,8700223
1,2021-05-23,18782,7654575,13397,3940333,4814,3390114,571,324131,9031,1091157,0.125417,9665,3444756,0.395939,9637,4535913,0.521356,8700223
1,2021-05-24,42018,7696593,23247,3963580,16981,3407095,1790,325921,17114,1085455,0.124762,24692,3469448,0.398777,18990,4554903,0.523539,8700223
1,2021-05-25,50057,7746650,28975,3992555,19450,3426545,1632,327553,21179,1079730,0.124104,28635,3498083,0.402068,22910,4577813,0.526172,8700223
1,2021-05-26,47531,7794181,26984,4019539,18707,3445252,1840,329393,20589,1075565,0.123625,26660,3524743,0.405132,22495,4600308,0.528757,8700223
1,2021-05-27,46253,7840434,26032,4045571,18344,3463596,1877,331270,20492,1072544,0.123278,25504,3550247,0.408064,22483,4622791,0.531342,8700223
1,2021-05-28,51267,7891701,28621,4074192,20902,3484498,1744,333014,23367,1070178,0.123006,27615,3577862,0.411238,25249,4648040,0.534244,8700223
1,2021-05-29,30004,7921705,18211,4092403,10867,3495365,926,333940,14636,1070595,0.123054,15217,3593079,0.412987,15634,4663674,0.536041,8700223
1,2021-05-30,11522,7933227,7456,4099859,3525,3498890,541,334481,5632,1070972,0.123097,5825,3598904,0.413657,6202,4669876,0.536754,8700223
1,2021-05-31,5648,7938875,3227,4103086,2170,3501060,251,334732,1991,1069616,0.122941,3609,3602513,0.414071,2253,4672129,0.537013,8700223
1,2021-06-01,44969,7983844,25473,4128559,18007,3519067,1489,336221,18040,1062604,0.122135,26636,3629149,0.417133,19624,4691753,0.539268,8700223
1,2021-06-02,39248,8023092,22931,4151490,14861,3533928,1456,337677,16426,1058028,0.121609,22548,3651697,0.419725,17972,4709725,0.541334,8700223
1,2021-06-03,40619,8063711,25520,4177010,13479,3547407,1620,339297,16268,1051922,0.120907,24075,3675772,0.422492,17969,4727694,0.543399,8700223
1,2021-06-04,48659,8112370,31354,4208364,15621,3563028,1684,340981,18281,1041894,0.119755,30089,3705861,0.42595,20061,4747755,0.545705,8700223
1,2021-06-05,38901,8151271,26868,4235232,10490,3573518,1543,342524,14496,1033788,0.118823,24214,3730075,0.428733,16108,4763863,0.547556,8700223
1,2021-06-06,12711,8163982,10173,4245405,2057,3575575,481,343005,4679,1031053,0.118509,7965,3738040,0.429649,5230,4769093,0.548158,8700223
1,2021-06-07,33090,8197072,22913,4268318,8879,3584454,1298,344303,11975,1023461,0.117636,20935,3758975,0.432055,13343,4782436,0.549691,8700223
1,2021-06-08,40326,8237398,28109,4296427,10784,3595238,1433,345736,14302,1013518,0.116493,25801,3784776,0.435021,15858,4798294,0.551514,8700223
1,2021-06-09,24812,8262210,17906,4314333,5738,3600976,1168,346904,7539,1005178,0.115535,17085,3801861,0.436984,8745,4807039,0.552519,8700223
2,2020-12-15,238,238,238,238,0,0,0,0,238,238,2.8e-05,0,0,0.0,238,238,2.8e-05,8407551
2,2020-12-16,2078,2316,2078,2316,0,0,0,0,2077,2315,0.000275,0,0,0.0,2077,2315,0.000275,8407551
2,2020-12-17,6758,9074,6758,9074,0,0,0,0,6759,9074,0.001079,0,0,0.0,6759,9074,0.001079,8407551
2,2020-12-18,10936,20010,10917,19991,19,19,0,0,10938,20012,0.00238,0,0,0.0,10938,20012,0.00238,8407551
2,2020-12-19,5592,25602,5586,25577,6,25,0,0,5593,25605,0.003045,0,0,0.0,5593,25605,0.003045,8407551
2,2020-12-20,4214,29816,4206,29783,8,33,0,0,4210,29815,0.003546,0,0,0.0,4210,29815,0.003546,8407551
2,2020-12-21,12768,42584,12743,42526,25,58,0,0,12723,42538,0.005059,0,0,0.0,12723,42538,0.005059,8407551
2,2020-12-22,12111,54695,11601,54127,510,568,0,0,12110,54648,0.0065,0,0,0.0,12110,54648,0.0065,8407551
2,2020-12-23,11703,66398,9492,63619,2211,2779,0,0,11706,66354,0.007892,1,1,0.0,11707,66355,0.007892,8407551
2,2020-12-24,5863,72261,3497,67116,2366,5145,0,0,5860,72214,0.008589,2,3,0.0,5862,72217,0.00859,8407551
2,2020-12-25,479,72740,401,67517,78,5223,0,0,480,72694,0.008646,0,3,0.0,480,72697,0.008647,8407551
2,2020-12-26,2565,75305,1670,69187,895,6118,0,0,2566,75259,0.008951,1,4,0.0,2566,75263,0.008952,8407551
2,2020-12-27,2225,77530,1209,70396,1016,7134,0,0,2223,77481,0.009216,1,5,1e-06,2223,77486,0.009216,8407551
2,2020-12-28,10985,88515,7149,77545,3836,10970,0,0,10985,88465,0.010522,1,6,1e-06,10985,88471,0.010523,8407551
2,2020-12-29,12680,101195,7144,84689,5536,16506,0,0,12685,101150,0.012031,0,6,1e-06,12685,101156,0.012032,8407551
2,2020-12-30,15362,116557,8641,93330,6721,23227,0,0,15377,116526,0.01386,3,9,1e-06,15379,116535,0.013861,8407551
2,2020-12-31,7538,124095,2820,96150,4718,27945,0,0,7535,124060,0.014756,1,10,1e-06,7535,124070,0.014757,8407551
2,2021-01-01,1155,125250,555,96705,600,28545,0,0,1155,125213,0.014893,2,12,1e-06,1155,125225,0.014894,8407551
2,2021-01-02,4828,130078,2752,99457,2076,30621,0,0,4826,130039,0.015467,0,12,1e-06,4826,130051,0.015468,8407551
2,2021-01-03,1382,131460,790,100247,592,31213,0,0,1376,131411,0.01563,4,16,2e-06,1376,131427,0.015632,8407551
2,2021-01-04,11631,143091,5562,105809,6069,37282,0,0,11615,143018,0.017011,8,24,3e-06,11615,143042,0.017014,8407551
2,2021-01-05,13834,156925,6898,112707,6936,44218,0,0,12646,154513,0.018378,1182,1206,0.000143,12677,155719,0.018521,8407551
2,2021-01-06,18952,175877,10456,123163,8496,52714,0,0,15206,166029,0.019748,3698,4904,0.000583,15214,170933,0.020331,8407551
2,2021-01-07,22952,198829,12887,136050,10065,62779,0,0,15536,174150,0.020714,7429,12333,0.001467,15550,186483,0.02218,8407551
2,2021-01-08,26425,225254,15993,152043,10432,73211,0,0,16316,180415,0.021459,10073,22406,0.002665,16338,202821,0.024124,8407551
2,2021-01-09,9744,234998,5666,157709,4078,77289,0,0,6243,183151,0.021784,3515,25921,0.003083,6251,209072,0.024867,8407551
2,2021-01-10,5257,240255,2918,160627,2339,79628,0,0,3043,183969,0.021881,2230,28151,0.003348,3048,212120,0.02523,8407551
2,2021-01-11,25936,266191,17815,178442,8121,87749,0,0,14991,188034,0.022365,10975,39126,0.004654,15040,227160,0.027019,8407551
2,2021-01-12,26135,292326,16253,194695,9882,97631,0,0,16616,195183,0.023215,9541,48667,0.005788,16690,243850,0.029004,8407551
2,2021-01-13,28449,320775,15090,209785,13359,110990,0,0,20504,207777,0.024713,7938,56605,0.006733,20532,264382,0.031446,8407551
2,2021-01-14,30222,350997,11509,221294,18713,129703,0,0,26011,229614,0.02731,4232,60837,0.007236,26069,290451,0.034546,8407551
2,2021-01-15,34976,385973,12717,234011,22259,151962,0,0,31718,258146,0.030704,3262,64099,0.007624,31794,322245,0.038328,8407551
2,2021-01-16,17754,403727,5772,239783,11982,163944,0,0,16438,273253,0.032501,1342,65441,0.007784,16449,338694,0.040285,8407551
2,2021-01-17,10594,414321,3580,243363,7014,170958,0,0,9881,282404,0.033589,738,66179,0.007871,9889,348583,0.041461,8407551
2,2021-01-18,19655,433976,10998,254361,8657,179615,0,0,14877,292542,0.034795,4795,70974,0.008442,14933,363516,0.043237,8407551
2,2021-01-19,32384,466360,16916,271277,15468,195083,0,0,24432,309133,0.036768,7957,78931,0.009388,24548,388064,0.046157,8407551
2,2021-01-20,37040,503400,18548,289825,18492,213575,0,0,28442,329101,0.039144,8576,87507,0.010408,28544,416608,0.049552,8407551
2,2021-01-21,40511,543911,17137,306962,23374,236949,0,0,36083,360944,0.042931,4403,91910,0.010932,36246,452854,0.053863,8407551
2,2021-01-22,39254,583165,16400,323362,22854,259803,0,0,35952,393630,0.046819,3300,95210,0.011324,35986,488840,0.058143,8407551
2,2021-01-23,24049,607214,10809,334171,13240,273043,0,0,21109,411849,0.048986,2917,98127,0.011671,21136,509976,0.060657,8407551
2,2021-01-24,12427,619641,6148,340319,6279,279322,0,0,11514,422474,0.050249,900,99027,0.011778,11525,521501,0.062028,8407551
2,2021-01-25,33795,653436,15608,355927,18187,297509,0,0,25039,438942,0.052208,8702,107729,0.012813,25170,546671,0.065021,8407551
2,2021-01-26,40125,693561,19764,375691,20361,317870,0,0,31163,461245,0.054861,8941,116670,0.013877,31244,577915,0.068738,8407551
2,2021-01-27,45496,739057,22780,398471,22716,340586,0,0,35447,486819,0.057903,9934,126604,0.015058,35508,613423,0.072961,8407551
2,2021-01-28,47938,786995,22582,421053,25356,365942,0,0,39349,517718,0.061578,8528,135132,0.016073,39427,652850,0.07765,8407551
2,2021-01-29,45460,832455,22169,443222,23291,389233,0,0,36872,546174,0.064962,8483,143615,0.017082,36939,689789,0.082044,8407551
2,2021-01-30,31277,863732,13594,456816,17683,406916,0,0,27968,570906,0.067904,3269,146884,0.01747,28001,717790,0.085374,8407551
2,2021-01-31,17253,880985,10350,467166,6903,413819,0,0,16094,585876,0.069685,1143,148027,0.017606,16113,733903,0.087291,8407551
2,2021-02-01,40883,921868,19776,486942,21107,434926,0,0,30119,605310,0.071996,10725,158752,0.018882,30159,764062,0.090878,8407551
2,2021-02-02,47544,969412,19353,506295,28191,463117,0,0,36242,630414,0.074982,11233,169985,0.020218,36337,800399,0.0952,8407551
2,2021-02-03,53822,1023234,23953,530248,29869,492986,0,0,39831,656439,0.078077,13896,183881,0.021871,39921,840320,0.099948,8407551
2,2021-02-04,55817,1079051,24157,554405,31660,524646,0,0,40847,682503,0.081177,14878,198759,0.023641,40942,881262,0.104818,8407551
2,2021-02-05,59537,1138588,26243,580648,33294,557940,0,0,40316,703942,0.083727,19048,217807,0.025906,40487,921749,0.109633,8407551
2,2021-02-06,38870,1177458,18168,598816,20702,578642,0,0,31123,727477,0.086527,7677,225484,0.026819,31212,952961,0.113346,8407551
2,2021-02-07,15757,1193215,10504,609320,5253,583895,0,0,11967,735743,0.08751,3767,229251,0.027267,12033,964994,0.114777,8407551
2,2021-02-08,43022,1236237,22059,631379,20963,604858,0,0,29576,752202,0.089467,13312,242563,0.028851,29771,994765,0.118318,8407551
2,2021-02-09,49203,1285440,23369,654748,25834,630692,0,0,30629,764807,0.090967,18350,260913,0.031033,30955,1025720,0.122,8407551
2,2021-02-10,59246,1344686,27921,682669,31325,662017,0,0,34544,775271,0.092211,24435,285348,0.033939,34899,1060619,0.126151,8407551
2,2021-02-11,63785,1408471,29495,712164,34290,696307,0,0,35915,784081,0.093259,27595,312943,0.037222,36405,1097024,0.130481,8407551
2,2021-02-12,64902,1473373,28041,740205,36861,733168,0,0,34647,789396,0.093891,29988,342931,0.040788,35303,1132327,0.13468,8407551
2,2021-02-13,37531,1510904,15733,755938,21798,754966,0,0,21731,795782,0.094651,15722,358653,0.042658,22108,1154435,0.137309,8407551
2,2021-02-14,19893,1530797,9298,765236,10595,765561,0,0,11173,798633,0.09499,8679,367332,0.043691,11530,1165965,0.138681,8407551
2,2021-02-15,32918,1563715,14875,780111,18043,783604,0,0,18299,803281,0.095543,14503,381835,0.045416,19151,1185116,0.140959,8407551
2,2021-02-16,55868,1619583,27542,807653,28326,811930,0,0,29488,807149,0.096003,26294,408129,0.048543,30162,1215278,0.144546,8407551
2,2021-02-17,61206,1680789,31533,839186,29673,841603,0,0,30553,807930,0.096096,30595,438724,0.052182,31376,1246654,0.148278,8407551
2,2021-02-18,65759,1746548,33297,872483,32462,874065,0,0,32163,807854,0.096087,33378,472102,0.056152,33302,1279956,0.152239,8407551
2,2021-02-19,58812,1805360,32724,905207,26088,900153,0,0,29295,808385,0.09615,29367,501469,0.059645,29898,1309854,0.155795,8407551
2,2021-02-20,37049,1842409,24172,929379,12877,913030,0,0,20250,812596,0.096651,16721,518190,0.061634,20932,1330786,0.158285,8407551
2,2021-02-21,20632,1863041,17171,946550,3461,916491,0,0,9989,812818,0.096677,10572,528762,0.062891,10794,1341580,0.159568,8407551
2,2021-02-22,37484,1900525,25629,972179,11855,928346,0,0,17986,812074,0.096589,19408,548170,0.0652,18664,1360244,0.161788,8407551
2,2021-02-23,51594,1952119,26390,998569,25204,953550,0,0,22848,808254,0.096134,28563,576733,0.068597,24743,1384987,0.164731,8407551
2,2021-02-24,68353,2020472,35193,1033762,33160,986710,0,0,31597,805591,0.095818,36620,613353,0.072953,33957,1418944,0.16877,8407551
2,2021-02-25,74116,2094588,34981,1068743,39135,1025845,0,0,37832,810151,0.09636,36074,649427,0.077243,40634,1459578,0.173603,8407551
2,2021-02-26,82401,2176989,35191,1103934,47210,1073055,0,0,44660,819519,0.097474,37488,686915,0.081702,46856,1506434,0.179176,8407551
2,2021-02-27,60144,2237133,27847,1131781,32291,1105346,6,6,32919,826739,0.098333,27032,713947,0.084917,34252,1540686,0.18325,8407551
2,2021-02-28,29609,2266742,17800,1149581,11808,1117154,1,7,17506,833070,0.099086,12006,725953,0.086345,18337,1559023,0.185431,8407551
2,2021-03-01,56409,2323151,29722,1179303,26659,1143813,28,35,30961,840039,0.099915,25213,751166,0.089344,32182,1591205,0.189259,8407551
2,2021-03-02,67569,2390720,32566,1211869,34997,1178810,6,41,38326,851606,0.101291,29109,780275,0.092806,40676,1631881,0.194097,8407551
2,2021-03-03,78949,2469669,38177,1250046,40761,1219571,11,52,44640,864679,0.102846,34138,814413,0.096867,47211,1679092,0.199712,8407551
2,2021-03-04,86879,2556548,42879,1292925,43971,1263542,29,81,50252,880897,0.104775,36440,850853,0.101201,52658,1731750,0.205976,8407551
2,2021-03-05,80331,2636879,38122,1331047,41908,1305450,301,382,49441,902311,0.107322,30706,881559,0.104853,52120,1783870,0.212175,8407551
2,2021-03-06,62451,2699330,30544,1361591,30220,1335670,1687,2069,38531,920159,0.109444,23815,905374,0.107686,41663,1825533,0.21713,8407551
2,2021-03-07,27503,2726833,16109,1377700,10423,1346093,971,3040,17766,930328,0.110654,9681,915055,0.108837,19850,1845383,0.219491,8407551
2,2021-03-08,49700,2776533,22881,1400581,24362,1370455,2457,5497,31501,947826,0.112735,18106,933161,0.110991,35604,1880987,0.223726,8407551
2,2021-03-09,69357,2845890,31787,1432368,33803,1404258,3767,9264,38690,961088,0.114312,30555,963716,0.114625,43817,1924804,0.228938,8407551
2,2021-03-10,77248,2923138,36729,1469097,33980,1438238,6539,15803,41254,974417,0.115898,35821,999537,0.118886,49150,1973954,0.234783,8407551
2,2021-03-11,92080,3015218,42536,1511633,41217,1479455,8327,24130,48410,989162,0.117652,43407,1042944,0.124048,58152,2032106,0.2417,8407551
2,2021-03-12,93081,3108299,38431,1550064,42675,1522130,11975,36105,46691,1003094,0.119309,46194,1089138,0.129543,60126,2092232,0.248852,8407551
2,2021-03-13,68289,3176588,28800,1578864,31561,1553691,7928,44033,37666,1019495,0.121259,30512,1119650,0.133172,46913,2139145,0.254431,8407551
2,2021-03-14,36526,3213114,18247,1597111,13757,1567448,4522,48555,18624,1025584,0.121984,17819,1137469,0.135291,23908,2163053,0.257275,8407551
2,2021-03-15,66836,3279950,30203,1627314,31619,1599067,5014,53569,37074,1039202,0.123603,29581,1167050,0.13881,43199,2206252,0.262413,8407551
2,2021-03-16,85684,3365634,37953,1665267,43752,1642819,3979,57548,52242,1063270,0.126466,33284,1200334,0.142769,57352,2263604,0.269235,8407551
2,2021-03-17,91775,3457409,44018,1709285,43624,1686443,4133,61681,58538,1093786,0.130096,33010,1233344,0.146695,63526,2327130,0.27679,8407551
2,2021-03-18,96991,3554400,46334,1755619,46180,1732623,4477,66158,59570,1121249,0.133362,37150,1270494,0.151113,64613,2391743,0.284476,8407551
2,2021-03-19,96758,3651158,45730,1801349,44913,1777536,6115,72273,57828,1147036,0.136429,38670,1309164,0.155713,64457,2456200,0.292142,8407551
2,2021-03-20,69337,3720495,33561,1834910,31854,1809390,3922,76195,45641,1173461,0.139572,23488,1332652,0.158507,49913,2506113,0.298079,8407551
2,2021-03-21,32963,3753458,21336,1856246,9649,1819039,1978,78173,20400,1183808,0.140803,12454,1345106,0.159988,22801,2528914,0.300791,8407551
2,2021-03-22,62289,3815747,34188,1890434,25461,1844500,2640,80813,41536,1208333,0.14372,20548,1365654,0.162432,45073,2573987,0.306152,8407551
2,2021-03-23,82990,3898737,44067,1934501,36024,1880524,2899,83712,52204,1233730,0.146741,30546,1396200,0.166065,55943,2629930,0.312806,8407551
2,2021-03-24,91025,3989762,49007,1983508,38869,1919393,3149,86861,54017,1254988,0.149269,36728,1432928,0.170433,57986,2687916,0.319703,8407551
2,2021-03-25,100608,4090370,50792,2034300,45936,1965329,3880,90741,57415,1274154,0.151549,42899,1475827,0.175536,62065,2749981,0.327085,8407551
2,2021-03-26,102767,4193137,51108,2085408,48183,2013512,3476,94217,56716,1289685,0.153396,45722,1521549,0.180974,61253,2811234,0.33437,8407551
2,2021-03-27,75033,4268170,37497,2122905,34244,2047756,3292,97509,37935,1294888,0.154015,36887,1558436,0.185361,42090,2853324,0.339376,8407551
2,2021-03-28,37438,4305608,23124,2146029,13509,2061265,805,98314,20302,1299699,0.154587,17024,1575460,0.187386,21835,2875159,0.341973,8407551
2,2021-03-29,70785,4376393,36080,2182109,32450,2093715,2255,100569,40596,1313438,0.156221,30021,1605481,0.190957,43760,2918919,0.347178,8407551
2,2021-03-30,91410,4467803,44776,2226885,42299,2136014,4335,104904,51678,1330512,0.158252,39544,1645025,0.19566,56618,2975537,0.353912,8407551
2,2021-03-31,100731,4568534,51992,2278877,43666,2179680,5073,109977,57779,1351037,0.160693,42683,1687708,0.200737,63208,3038745,0.36143,8407551
2,2021-04-01,116901,4685435,56535,2335412,51223,2230903,9143,119120,64144,1372346,0.163228,52438,1740146,0.206974,73747,3112492,0.370202,8407551
2,2021-04-02,111108,4796543,51309,2386721,49705,2280608,10094,129214,60129,1392411,0.165614,50639,1790785,0.212997,70704,3183196,0.378612,8407551
2,2021-04-03,76411,4872954,37478,2424199,29172,2309780,9761,138975,38061,1402472,0.166811,38166,1828951,0.217537,48227,3231423,0.384348,8407551
2,2021-04-04,28978,4901932,14895,2439094,10243,2320023,3840,142815,13095,1403651,0.166951,15800,1844751,0.219416,16979,3248402,0.386367,8407551
2,2021-04-05,78642,4980574,38621,2477715,31300,2351323,8721,151536,38359,1411361,0.167868,40140,1884891,0.22419,47850,3296252,0.392059,8407551
2,2021-04-06,103318,5083892,50352,2528067,38308,2389631,14658,166194,49254,1421884,0.16912,53827,1938718,0.230592,64350,3360602,0.399712,8407551
2,2021-04-07,109925,5193817,54874,2582941,38890,2428521,16161,182355,52089,1432864,0.170426,57582,1996300,0.237441,68562,3429164,0.407867,8407551
2,2021-04-08,118834,5312651,57208,2640149,42995,2471516,18631,200986,55380,1444362,0.171793,63156,2059456,0.244953,74654,3503818,0.416747,8407551
2,2021-04-09,118143,5430794,56885,2697034,43256,2514772,18002,218988,56047,1457578,0.173365,61756,2121212,0.252298,74972,3578790,0.425664,8407551
2,2021-04-10,86785,5517579,37591,2734625,30920,2545692,18274,237262,36029,1462056,0.173898,50520,2171732,0.258307,54998,3633788,0.432205,8407551
2,2021-04-11,44217,5561796,22921,2757546,12784,2558476,8512,245774,18116,1463452,0.174064,25976,2197708,0.261397,27372,3661160,0.435461,8407551
2,2021-04-12,79525,5641321,37057,2794603,33146,2591622,9322,255096,35732,1466013,0.174369,43550,2241258,0.266577,46111,3707271,0.440945,8407551
2,2021-04-13,101260,5742581,52485,2847088,48517,2640139,258,255354,55670,1477541,0.17574,45370,2286628,0.271973,56898,3764169,0.447713,8407551
2,2021-04-14,105937,5848518,55442,2902530,50445,2690584,50,255404,54559,1482586,0.17634,51125,2337753,0.278054,56170,3820339,0.454394,8407551
2,2021-04-15,112321,5960839,59670,2962200,52580,2743164,71,255475,59142,1490125,0.177237,52851,2390604,0.28434,60390,3880729,0.461577,8407551
2,2021-04-16,109116,6069955,56660,3018860,52406,2795570,50,255525,55598,1493375,0.177623,53245,2443849,0.290673,56495,3937224,0.468296,8407551
2,2021-04-17,82130,6152085,41749,3060609,40365,2835935,16,255541,46099,1504531,0.17895,35826,2479675,0.294934,46982,3984206,0.473884,8407551
2,2021-04-18,34034,6186119,20376,3080985,13652,2849587,6,255547,16288,1504167,0.178907,17632,2497307,0.297031,17268,4001474,0.475938,8407551
2,2021-04-19,73599,6259718,39713,3120698,33874,2883461,12,255559,33744,1498908,0.178281,39632,2536939,0.301745,34373,4035847,0.480026,8407551
2,2021-04-20,94826,6354544,47343,3168041,47458,2930919,25,255584,46269,1497668,0.178134,48272,2585211,0.307487,47032,4082879,0.48562,8407551
2,2021-04-21,99152,6453696,52522,3220563,46574,2977493,56,255640,47018,1493840,0.177678,51784,2636995,0.313646,47956,4130835,0.491324,8407551
2,2021-04-22,105378,6559074,53990,3274553,51367,3028860,21,255661,46264,1482217,0.176296,58786,2695781,0.320638,47163,4177998,0.496934,8407551
2,2021-04-23,104672,6663746,55148,3329701,49507,3078367,17,255678,48444,1475719,0.175523,55880,2751661,0.327284,49382,4227380,0.502808,8407551
2,2021-04-24,79467,6743213,46942,3376643,32486,3110853,39,255717,41562,1480645,0.176109,37601,2789262,0.331757,42527,4269907,0.507866,8407551
2,2021-04-25,35988,6779201,22248,3398891,13726,3124579,14,255731,19679,1484605,0.17658,16194,2805456,0.333683,20154,4290061,0.510263,8407551
2,2021-04-26,72338,6851539,39830,3438721,32216,3156795,292,256023,33438,1481135,0.176167,38671,2844127,0.338282,35201,4325262,0.51445,8407551
2,2021-04-27,86239,6937778,45120,3483841,39781,3196576,1338,257361,37047,1471877,0.175066,48878,2893005,0.344096,39620,4364882,0.519162,8407551
2,2021-04-28,85922,7023700,45495,3529336,38580,3235156,1847,259208,37964,1464895,0.174236,47683,2940688,0.349767,40701,4405583,0.524003,8407551
2,2021-04-29,88565,7112265,47768,3577104,39111,3274267,1686,260894,34365,1447659,0.172186,53883,2994571,0.356176,36647,4442230,0.528362,8407551
2,2021-04-30,92008,7204273,50629,3627733,39416,3313683,1963,262857,35581,1429798,0.170061,56051,3050622,0.362843,38190,4480420,0.532904,8407551
2,2021-05-01,61409,7265682,37574,3665307,22284,3335967,1551,264408,23920,1418885,0.168763,37226,3087848,0.367271,26313,4506733,0.536034,8407551
2,2021-05-02,29031,7294713,20130,3685437,7930,3343897,971,265379,11056,1413144,0.16808,17857,3105705,0.369395,12116,4518849,0.537475,8407551
2,2021-05-03,59469,7354182,35252,3720689,22185,3366082,2032,267411,19996,1396193,0.166064,39239,3144944,0.374062,22288,4541137,0.540126,8407551
2,2021-05-04,77768,7431950,46080,3766769,29326,3395408,2362,269773,25403,1372288,0.163221,52066,3197010,0.380255,28161,4569298,0.543476,8407551
2,2021-05-05,78011,7509961,46064,3812833,29617,3425025,2330,272103,24425,1346133,0.16011,53250,3250260,0.386588,27095,4596393,0.546698,8407551
2,2021-05-06,80498,7590459,48396,3861229,29201,3454226,2901,275004,24657,1318889,0.15687,55435,3305695,0.393182,28191,4624584,0.550051,8407551
2,2021-05-07,81358,7671817,46776,3908005,32169,3486395,2413,277417,25087,1290891,0.153539,55941,3361636,0.399835,27943,4652527,0.553375,8407551
2,2021-05-08,53065,7724882,32068,3940073,19345,3505740,1652,279069,16712,1273822,0.151509,36149,3397785,0.404135,19080,4671607,0.555644,8407551
2,2021-05-09,21283,7746165,15279,3955352,5266,3511006,738,279807,6383,1266351,0.150621,14822,3412607,0.405898,7351,4678958,0.556519,8407551
2,2021-05-10,48707,7794872,26394,3981746,20473,3531479,1840,281647,13922,1248187,0.14846,34535,3447142,0.410005,16371,4695329,0.558466,8407551
2,2021-05-11,63268,7858140,33561,4015307,27631,3559110,2076,283723,19198,1226333,0.145861,43813,3490955,0.415217,21959,4717288,0.561078,8407551
2,2021-05-12,63057,7921197,33451,4048758,27436,3586546,2170,285893,19327,1204756,0.143295,43473,3534428,0.420387,21896,4739184,0.563682,8407551
2,2021-05-13,67976,7989173,39552,4088310,26524,3613070,1900,287793,25331,1190301,0.141575,42423,3576851,0.425433,27968,4767152,0.567008,8407551
2,2021-05-14,77145,8066318,46005,4134315,28935,3642005,2205,289998,30079,1176482,0.139932,46755,3623606,0.430994,32936,4800088,0.570926,8407551
2,2021-05-15,64822,8131140,42560,4176875,20572,3662577,1690,291688,25151,1164243,0.138476,39453,3663059,0.435687,27214,4827302,0.574163,8407551
2,2021-05-16,30408,8161548,22597,4199472,6892,3669469,919,292607,12293,1159582,0.137921,18000,3681059,0.437828,13339,4840641,0.575749,8407551
2,2021-05-17,57099,8218647,36246,4235718,18931,3688400,1922,294529,22896,1150760,0.136872,34010,3715069,0.441873,25188,4865829,0.578745,8407551
2,2021-05-18,68952,8287599,40314,4276032,26695,3715095,1943,296472,27894,1140342,0.135633,40816,3755885,0.446728,30398,4896227,0.582361,8407551
2,2021-05-19,67738,8355337,40128,4316160,25653,3740748,1957,298429,27545,1130398,0.13445,39910,3795795,0.451475,29966,4926193,0.585925,8407551
2,2021-05-20,66217,8421554,38301,4354461,25784,3766532,2132,300561,25690,1118584,0.133045,40268,3836063,0.456264,28454,4954647,0.589309,8407551
2,2021-05-21,67359,8488913,39765,4394226,25544,3792076,2050,302611,26300,1106743,0.131637,40774,3876837,0.461114,28933,4983580,0.59275,8407551
2,2021-05-22,47630,8536543,30314,4424540,15664,3807740,1652,304263,20297,1102082,0.131082,27170,3904007,0.464345,22509,5006089,0.595428,8407551
2,2021-05-23,22629,8559172,15604,4440144,6318,3814058,707,304970,9757,1099955,0.130829,12777,3916784,0.465865,10650,5016739,0.596694,8407551
2,2021-05-24,43164,8602336,24228,4464372,17210,3831268,1726,306696,16496,1092048,0.129889,26466,3943250,0.469013,18559,5035298,0.598902,8407551
2,2021-05-25,50142,8652478,29479,4493851,18818,3850086,1845,308541,19404,1083377,0.128858,30454,3973704,0.472635,21783,5057081,0.601493,8407551
2,2021-05-26,48015,8700493,27019,4520870,19356,3869442,1640,310181,19173,1076062,0.127988,28538,4002242,0.476029,21223,5078304,0.604017,8407551
2,2021-05-27,45948,8746441,26014,4546884,18228,3887670,1706,311887,18779,1070123,0.127281,26946,4029188,0.479234,21007,5099311,0.606516,8407551
2,2021-05-28,49117,8795558,27278,4574162,19911,3907581,1928,313815,20928,1065545,0.126737,27955,4057143,0.482559,23377,5122688,0.609296,8407551
2,2021-05-29,28625,8824183,17164,4591326,10426,3918007,1035,314850,13430,1065165,0.126691,15052,4072195,0.48435,14672,5137360,0.611041,8407551
2,2021-05-30,12479,8836662,8041,4599367,3684,3921691,754,315604,5597,1064768,0.126644,6840,4079035,0.485163,6443,5143803,0.611808,8407551
2,2021-05-31,5860,8842522,3427,4602794,2131,3923822,302,315906,1856,1063021,0.126436,3967,4083002,0.485635,2220,5146023,0.612072,8407551
2,2021-06-01,44058,8886580,25434,4628228,17063,3940885,1561,317467,16215,1053646,0.125321,27574,4110576,0.488915,18199,5164222,0.614236,8407551
2,2021-06-02,37654,8924234,22150,4650378,14118,3955003,1386,318853,15223,1048400,0.124697,22194,4132770,0.491555,16948,5181170,0.616252,8407551
2,2021-06-03,40700,8964934,26228,4676606,13044,3968047,1428,320281,14219,1038202,0.123484,26265,4159035,0.494679,16067,5197237,0.618163,8407551
2,2021-06-04,46926,9011860,30613,4707219,14784,3982831,1529,321810,15617,1024866,0.121898,31053,4190088,0.498372,17717,5214954,0.62027,8407551
2,2021-06-05,36764,9048624,26431,4733650,9037,3991868,1296,323106,11802,1013672,0.120567,24765,4214853,0.501318,13571,5228525,0.621884,8407551
2,2021-06-06,14444,9063068,11827,4745477,2039,3993907,578,323684,4886,1009851,0.120112,9508,4224361,0.502448,5687,5234212,0.622561,8407551
2,2021-06-07,32404,9095472,22742,4768219,8402,4002309,1260,324944,10610,1000362,0.118984,21665,4246026,0.505025,12176,5246388,0.624009,8407551
2,2021-06-08,39260,9134732,28027,4796246,9930,4012239,1303,326247,12397,987864,0.117497,26659,4272685,0.508196,14161,5260549,0.625693,8407551
2,2021-06-09,20381,9155113,14568,4810814,4836,4017075,977,327224,5670,980110,0.116575,14617,4287302,0.509935,6863,5267412,0.62651,8407551
3,2020-12-15,304,304,304,304,0,0,0,0,304,304,3.7e-05,0,0,0.0,304,304,3.7e-05,8129050
3,2020-12-16,2306,2610,2306,2610,0,0,0,0,2307,2611,0.000321,0,0,0.0,2307,2611,0.000321,8129050
3,2020-12-17,7772,10382,7772,10382,0,0,0,0,7772,10383,0.001277,0,0,0.0,7772,10383,0.001277,8129050
3,2020-12-18,13310,23692,13297,23679,13,13,0,0,13309,23692,0.002914,0,0,0.0,13309,23692,0.002914,8129050
3,2020-12-19,7198,30890,7187,30866,11,24,0,0,7262,30954,0.003808,0,0,0.0,7262,30954,0.003808,8129050
3,2020-12-20,5633,36523,5626,36492,7,31,0,0,5680,36633,0.004506,1,1,0.0,5680,36634,0.004507,8129050
3,2020-12-21,14331,50854,14306,50798,25,56,0,0,14395,51027,0.006277,1,2,0.0,14395,51029,0.006277,8129050
3,2020-12-22,14756,65610,14179,64977,577,633,0,0,14796,65823,0.008097,0,2,0.0,14796,65825,0.008098,8129050
3,2020-12-23,14769,80379,12173,77150,2596,3229,0,0,14795,80618,0.009917,1,3,0.0,14796,80621,0.009918,8129050
3,2020-12-24,6780,87159,4860,82010,1920,5149,0,0,6779,87397,0.010751,0,3,0.0,6779,87400,0.010752,8129050
3,2020-12-25,721,87880,665,82675,56,5205,0,0,720,88117,0.01084,0,3,0.0,720,88120,0.01084,8129050
3,2020-12-26,4607,92487,2993,85668,1614,6819,0,0,4605,92722,0.011406,0,3,0.0,4605,92725,0.011407,8129050
3,2020-12-27,2967,95454,1842,87510,1125,7944,0,0,2967,95689,0.011771,0,3,0.0,2967,95692,0.011772,8129050
3,2020-12-28,13571,109025,8678,96188,4893,12837,0,0,13599,109287,0.013444,1,4,0.0,13599,109291,0.013444,8129050
3,2020-12-29,14976,124001,8441,104629,6535,19372,0,0,15003,124288,0.015289,2,6,1e-06,15003,124294,0.01529,8129050
3,2020-12-30,17977,141978,10010,114639,7967,27339,0,0,17965,142253,0.017499,1,7,1e-06,17966,142260,0.0175,8129050
3,2020-12-31,8414,150392,3229,117868,5185,32524,0,0,8414,150666,0.018534,1,8,1e-06,8414,150674,0.018535,8129050
3,2021-01-01,1265,151657,585,118453,680,33204,0,0,1263,151929,0.01869,0,8,1e-06,1263,151937,0.018691,8129050
3,2021-01-02,4944,156601,2422,120875,2522,35726,0,0,4944,156873,0.019298,0,8,1e-06,4944,156881,0.019299,8129050
3,2021-01-03,1603,158204,842,121717,761,36487,0,0,1592,158460,0.019493,5,13,2e-06,1592,158473,0.019495,8129050
3,2021-01-04,11989,170193,5993,127710,5996,42483,0,0,11936,170362,0.020957,34,47,6e-06,11936,170409,0.020963,8129050
3,2021-01-05,15634,185827,8087,135797,7547,50030,0,0,14022,182809,0.022488,1600,1647,0.000203,14047,184456,0.022691,8129050
3,2021-01-06,20499,206326,10816,146613,9683,59713,0,0,16035,194428,0.023918,4424,6071,0.000747,16043,200499,0.024665,8129050
3,2021-01-07,26432,232758,15095,161708,11337,71050,0,0,17126,202294,0.024885,9277,15348,0.001888,17143,217642,0.026773,8129050
3,2021-01-08,30341,263099,18509,180217,11832,82882,0,0,18030,208064,0.025595,12291,27639,0.0034,18061,235703,0.028995,8129050
3,2021-01-09,12362,275461,6988,187205,5374,88256,0,0,7854,211428,0.026009,4502,32141,0.003954,7866,243569,0.029963,8129050
3,2021-01-10,7170,282631,4456,191661,2714,90970,0,0,4034,212333,0.02612,3134,35275,0.004339,4039,247608,0.03046,8129050
3,2021-01-11,28930,311561,18957,210618,9973,100943,0,0,16334,216122,0.026586,12589,47864,0.005888,16378,263986,0.032474,8129050
3,2021-01-12,32165,343726,19238,229856,12927,113870,0,0,19758,223575,0.027503,12391,60255,0.007412,19844,283830,0.034916,8129050
3,2021-01-13,34330,378056,17932,247788,16398,130268,0,0,24186,237642,0.029234,10145,70400,0.00866,24212,308042,0.037894,8129050
3,2021-01-14,34485,412541,14172,261960,20313,150581,0,0,28612,260445,0.032039,5844,76244,0.009379,28647,336689,0.041418,8129050
3,2021-01-15,38728,451269,14388,276348,24340,174921,0,0,34102,289995,0.035674,4616,80860,0.009947,34166,370855,0.045621,8129050
3,2021-01-16,21631,472900,7486,283834,14145,189066,0,0,19319,307036,0.03777,2298,83158,0.01023,19339,390194,0.048,8129050
3,2021-01-17,13098,485998,4430,288264,8668,197734,0,0,12064,318086,0.03913,1033,84191,0.010357,12083,402277,0.049486,8129050
3,2021-01-18,24700,510698,12908,301172,11792,209526,0,0,19165,331742,0.040809,5552,89743,0.01104,19208,421485,0.051849,8129050
3,2021-01-19,40803,551501,20855,322027,19948,229474,0,0,31768,354584,0.043619,9009,98752,0.012148,31851,453336,0.055767,8129050
3,2021-01-20,45059,596560,22189,344216,22870,252344,0,0,35756,381164,0.046889,9262,108014,0.013287,35842,489178,0.060177,8129050
3,2021-01-21,47513,644073,20548,364764,26965,279309,0,0,42089,417970,0.051417,5351,113365,0.013946,42157,531335,0.065362,8129050
3,2021-01-22,49523,693596,19745,384509,29778,309087,0,0,45398,459307,0.056502,4128,117493,0.014453,45465,576800,0.070955,8129050
3,2021-01-23,30124,723720,12760,397269,17364,326451,0,0,26855,482953,0.059411,3259,120752,0.014854,26905,603705,0.074265,8129050
3,2021-01-24,17619,741339,8474,405743,9145,335596,0,0,16469,498304,0.061299,1148,121900,0.014996,16499,620204,0.076295,8129050
3,2021-01-25,40652,781991,18163,423906,22489,358085,0,0,30733,519225,0.063873,9900,131800,0.016213,30821,651025,0.080086,8129050
3,2021-01-26,46976,828967,22486,446392,24490,382575,0,0,36942,546250,0.067197,10024,141824,0.017447,37049,688074,0.084644,8129050
3,2021-01-27,51248,880215,24459,470851,26789,409364,0,0,40718,576592,0.07093,10458,152282,0.018733,40800,728874,0.089663,8129050
3,2021-01-28,51561,931776,23965,494816,27596,436960,0,0,42690,610556,0.075108,8789,161071,0.019814,42753,771627,0.094922,8129050
3,2021-01-29,50619,982395,24367,519183,26252,463212,0,0,41047,642267,0.079009,9387,170458,0.020969,41098,812725,0.099978,8129050
3,2021-01-30,36964,1019359,17681,536864,19283,482495,0,0,32264,669967,0.082416,4648,175106,0.021541,32348,845073,0.103957,8129050
3,2021-01-31,22177,1041536,12742,549606,9435,491930,0,0,20823,689464,0.084815,1344,176450,0.021706,20841,865914,0.106521,8129050
3,2021-02-01,45601,1087137,20884,570490,24717,516647,0,0,34889,713719,0.087799,10669,187119,0.023019,34924,900838,0.110817,8129050
3,2021-02-02,54072,1141209,22529,593019,31543,548190,0,0,41711,743205,0.091426,12276,199395,0.024529,41762,942600,0.115955,8129050
3,2021-02-03,59667,1200876,26586,619605,33081,581271,0,0,44397,772560,0.095037,15113,214508,0.026388,44468,987068,0.121425,8129050
3,2021-02-04,64018,1264894,27843,647448,36175,617446,0,0,46984,802810,0.098758,16844,231352,0.02846,47094,1034162,0.127218,8129050
3,2021-02-05,69863,1334757,29702,677150,40161,657607,0,0,48369,830065,0.102111,21280,252632,0.031078,48535,1082697,0.133189,8129050
3,2021-02-06,43389,1378146,21076,698226,22313,679920,0,0,33744,854376,0.105102,9614,262246,0.03226,33925,1116622,0.137362,8129050
3,2021-02-07,19582,1397728,12443,710669,7139,687059,0,0,15071,865076,0.106418,4497,266743,0.032814,15197,1131819,0.139231,8129050
3,2021-02-08,51158,1448886,24793,735462,26365,713424,0,0,33626,881455,0.108433,17431,284174,0.034958,33810,1165629,0.143391,8129050
3,2021-02-09,58261,1507147,28412,763874,29849,743273,0,0,34234,892184,0.109753,23853,308027,0.037892,34582,1200211,0.147645,8129050
3,2021-02-10,67657,1574804,31529,795403,36128,779401,0,0,36692,898662,0.110549,30743,338770,0.041674,37221,1237432,0.152223,8129050
3,2021-02-11,70305,1645109,34730,830133,35575,814976,0,0,37722,904674,0.111289,32244,371014,0.045641,38256,1275688,0.15693,8129050
3,2021-02-12,75058,1720167,32517,862650,42541,857517,0,0,41546,913771,0.112408,33220,404234,0.049727,42317,1318005,0.162135,8129050
3,2021-02-13,44541,1764708,20260,882910,24281,881798,0,0,25726,921359,0.113342,18718,422952,0.05203,26306,1344311,0.165371,8129050
3,2021-02-14,27083,1791791,13524,896434,13559,895357,0,0,15114,925000,0.113789,11921,434873,0.053496,15562,1359873,0.167286,8129050
3,2021-02-15,39828,1831619,17168,913602,22660,918017,0,0,22084,930361,0.114449,17659,452532,0.055668,23020,1382893,0.170117,8129050
3,2021-02-16,69634,1901253,32978,946580,36656,954673,0,0,36253,934393,0.114945,33249,485781,0.059759,37281,1420174,0.174704,8129050
3,2021-02-17,71337,1972590,36133,982713,35204,989877,0,0,33995,932338,0.114692,37123,522904,0.064325,35068,1455242,0.179017,8129050
3,2021-02-18,76448,2049038,39950,1022663,36498,1026375,0,0,35502,928384,0.114206,40803,563707,0.069345,36849,1492091,0.18355,8129050
3,2021-02-19,68321,2117359,39378,1062041,28943,1055318,0,0,34587,930037,0.114409,33630,597337,0.073482,35283,1527374,0.187891,8129050
3,2021-02-20,42006,2159365,26599,1088640,15407,1070725,0,0,22229,933078,0.114783,19685,617022,0.075903,22726,1550100,0.190686,8129050
3,2021-02-21,22767,2182132,18943,1107583,3824,1074549,0,0,10837,932439,0.114705,11859,628881,0.077362,11220,1561320,0.192067,8129050
3,2021-02-22,45279,2227411,29515,1137098,15764,1090313,0,0,21452,930625,0.114481,23752,652633,0.080284,21938,1583258,0.194765,8129050
3,2021-02-23,60701,2288112,33137,1170235,27564,1117877,0,0,26833,925717,0.113878,33726,686359,0.084433,28818,1612076,0.198311,8129050
3,2021-02-24,76633,2364745,37561,1207796,39072,1156949,0,0,34188,920130,0.11319,42285,728644,0.089635,36698,1648774,0.202825,8129050
3,2021-02-25,86105,2450850,41929,1249725,44176,1201125,0,0,43215,923269,0.113576,42664,771308,0.094883,45803,1694577,0.208459,8129050
3,2021-02-26,96816,2547666,44244,1293969,52572,1253697,0,0,51434,931854,0.114633,45047,816355,0.100424,53632,1748209,0.215057,8129050
3,2021-02-27,68347,2616013,31510,1325479,36834,1290531,3,3,36418,937835,0.115368,31747,848102,0.10433,37728,1785937,0.219698,8129050
3,2021-02-28,39299,2655312,23020,1348499,16277,1306808,2,5,20715,941068,0.115766,18434,866536,0.106597,21667,1807604,0.222363,8129050
3,2021-03-01,67423,2722735,35912,1384411,31490,1338298,21,26,37702,950571,0.116935,29554,896090,0.110233,39057,1846661,0.227168,8129050
3,2021-03-02,77786,2800521,38536,1422947,39243,1377541,7,33,45596,966170,0.118854,32067,928157,0.114178,47666,1894327,0.233032,8129050
3,2021-03-03,88129,2888650,42160,1465107,45951,1423492,18,51,49269,979038,0.120437,38681,966838,0.118936,51549,1945876,0.239373,8129050
3,2021-03-04,92681,2981331,45598,1510705,47067,1470559,16,67,52764,994373,0.122323,39720,1006558,0.123822,55055,2000931,0.246146,8129050
3,2021-03-05,89087,3070418,43799,1554504,44999,1515558,289,356,54476,1016965,0.125103,34396,1040954,0.128054,56988,2057919,0.253156,8129050
3,2021-03-06,64856,3135274,32869,1587373,29837,1545395,2150,2506,37270,1030404,0.126756,27455,1068409,0.131431,40894,2098813,0.258187,8129050
3,2021-03-07,37440,3172714,22370,1609743,13935,1559330,1135,3641,21609,1038540,0.127757,15777,1084186,0.133372,23913,2122726,0.261128,8129050
3,2021-03-08,58779,3231493,28082,1637825,27839,1587169,2858,6499,37351,1059014,0.130275,21291,1105477,0.135991,41765,2164491,0.266266,8129050
3,2021-03-09,76212,3307705,35408,1673233,36436,1623605,4368,10867,41216,1070894,0.131737,34878,1140355,0.140281,46758,2211249,0.272018,8129050
3,2021-03-10,82213,3389918,41196,1714429,34973,1658578,6044,16911,43099,1082520,0.133167,38923,1179278,0.14507,50549,2261798,0.278236,8129050
3,2021-03-11,96363,3486281,47109,1761538,40709,1699287,8545,25456,47443,1090935,0.134202,48684,1227962,0.151058,57099,2318897,0.285261,8129050
3,2021-03-12,101421,3587702,45328,1806866,44241,1743528,11852,37308,46629,1096004,0.134826,54605,1282567,0.157776,59674,2378571,0.292601,8129050
3,2021-03-13,69513,3657215,29592,1836458,32706,1776234,7215,44523,36596,1108394,0.13635,32809,1315376,0.161812,45199,2423770,0.298162,8129050
3,2021-03-14,40724,3697939,21512,1857970,15660,1791894,3552,48075,20803,1113532,0.136982,19857,1335233,0.164254,24995,2448765,0.301236,8129050
3,2021-03-15,75173,3773112,35733,1893703,34914,1826808,4526,52601,39771,1123617,0.138222,35220,1370453,0.168587,45305,2494070,0.30681,8129050
3,2021-03-16,94559,3867671,43616,1937319,46636,1873444,4307,56908,53509,1141508,0.140423,40856,1411309,0.173613,58747,2552817,0.314036,8129050
3,2021-03-17,97327,3964998,47275,1984594,45586,1919030,4466,61374,59449,1168421,0.143734,37674,1448983,0.178248,64587,2617404,0.321982,8129050
3,2021-03-18,102445,4067443,52075,2036669,45954,1964984,4416,65790,59336,1189853,0.14637,42877,1491860,0.183522,64309,2681713,0.329893,8129050
3,2021-03-19,102466,4169909,54942,2091611,43088,2008072,4436,70226,57707,1208013,0.148604,44521,1536381,0.188999,62681,2744394,0.337603,8129050
3,2021-03-20,71157,4241066,36765,2128376,30797,2038869,3595,73821,44169,1229456,0.151242,26824,1563205,0.192299,48267,2792661,0.343541,8129050
3,2021-03-21,35830,4276896,24449,2152825,9883,2048752,1498,75319,22404,1240483,0.152599,13349,1576554,0.193941,24376,2817037,0.34654,8129050
3,2021-03-22,69912,4346808,41095,2193920,26296,2075048,2521,77840,44853,1264010,0.155493,24860,1601414,0.196999,48387,2865424,0.352492,8129050
3,2021-03-23,89210,4436018,49279,2243199,37405,2112453,2526,80366,55118,1288506,0.158506,33857,1635271,0.201164,58353,2923777,0.35967,8129050
3,2021-03-24,98197,4534215,56605,2299804,38707,2151160,2885,83251,56580,1307290,0.160817,41291,1676562,0.206243,60075,2983852,0.36706,8129050
3,2021-03-25,106788,4641003,59340,2359144,44511,2195671,2937,86188,60688,1325768,0.16309,45800,1722362,0.211877,64278,3048130,0.374968,8129050
3,2021-03-26,109953,4750956,59044,2418188,47642,2243313,3267,89455,57321,1334857,0.164208,52347,1774709,0.218317,61436,3109566,0.382525,8129050
3,2021-03-27,74021,4824977,37687,2455875,33793,2277106,2541,91996,36211,1336659,0.16443,37621,1812330,0.222945,39423,3148989,0.387375,8129050
3,2021-03-28,43985,4868962,27833,2483708,15342,2292448,810,92806,22447,1338986,0.164716,21432,1833762,0.225581,23759,3172748,0.390298,8129050
3,2021-03-29,80282,4949244,41985,2525693,36461,2328909,1836,94642,44332,1350229,0.166099,35738,1869500,0.229978,46981,3219729,0.396077,8129050
3,2021-03-30,99750,5048994,49060,2574753,47071,2375980,3619,98261,56189,1367307,0.1682,43331,1912831,0.235308,60409,3280138,0.403508,8129050
3,2021-03-31,104569,5153563,56465,2631218,43290,2419270,4814,103075,56409,1380894,0.169872,47974,1960805,0.24121,61561,3341699,0.411081,8129050
3,2021-04-01,122999,5276562,62254,2693472,51088,2470358,9657,112732,66887,1401990,0.172467,55791,2016596,0.248073,76887,3418586,0.420539,8129050
3,2021-04-02,117477,5394039,57410,2750882,49807,2520165,10260,122992,62425,1420372,0.174728,54808,2071404,0.254815,73190,3491776,0.429543,8129050
3,2021-04-03,75809,5469848,38779,2789661,27831,2547996,9199,132191,37903,1430032,0.175916,37782,2109186,0.259463,47442,3539218,0.435379,8129050
3,2021-04-04,32316,5502164,17275,2806936,10850,2558846,4191,136382,14224,1430465,0.17597,18023,2127209,0.26168,18456,3557674,0.437649,8129050
3,2021-04-05,88805,5590969,45143,2852079,34587,2593433,9075,145457,43650,1439055,0.177026,44969,2172178,0.267212,53559,3611233,0.444238,8129050
3,2021-04-06,112894,5703863,55004,2907083,42774,2636207,15116,160573,53378,1449015,0.178251,59276,2231454,0.274504,69236,3680469,0.452755,8129050
3,2021-04-07,115829,5819692,59965,2967048,39625,2675832,16239,176812,56339,1462621,0.179925,59266,2290720,0.281794,72872,3753341,0.46172,8129050
3,2021-04-08,121098,5940790,60314,3027362,40743,2716575,20041,196853,56484,1475600,0.181522,64349,2355069,0.28971,77328,3830669,0.471232,8129050
3,2021-04-09,117817,6058607,58724,3086086,40028,2756603,19065,215918,51941,1481882,0.182295,65665,2420734,0.297788,71947,3902616,0.480083,8129050
3,2021-04-10,83364,6141971,37680,3123766,30507,2787110,15177,231095,34118,1482922,0.182423,49096,2469830,0.303828,50136,3952752,0.48625,8129050
3,2021-04-11,44986,6186957,24180,3147946,12817,2799927,7989,239084,17210,1481278,0.18222,27694,2497524,0.307234,26050,3978802,0.489455,8129050
3,2021-04-12,83554,6270511,42250,3190196,32595,2832522,8709,247793,38161,1484092,0.182566,45196,2542720,0.312794,48010,4026812,0.495361,8129050
3,2021-04-13,104900,6375411,56807,3247003,47882,2880404,211,248004,55652,1491866,0.183523,49049,2591769,0.318828,56823,4083635,0.502351,8129050
3,2021-04-14,106662,6482073,58286,3305289,48281,2928685,95,248099,53434,1493925,0.183776,52980,2644749,0.325345,55039,4138674,0.509121,8129050
3,2021-04-15,118364,6600437,66645,3371934,51654,2980339,65,248164,63848,1504437,0.185069,54268,2699017,0.332021,64780,4203454,0.51709,8129050
3,2021-04-16,113969,6714406,63972,3435906,49905,3030244,92,248256,59659,1510792,0.185851,54060,2753077,0.338671,60415,4263869,0.524522,8129050
3,2021-04-17,78031,6792437,42688,3478594,35331,3065575,12,248268,43496,1520909,0.187096,34356,2787433,0.342898,44473,4308342,0.529993,8129050
3,2021-04-18,36930,6829367,21941,3500535,14986,3080561,3,248271,17361,1519657,0.186942,19487,2806920,0.345295,18235,4326577,0.532236,8129050
3,2021-04-19,78055,6907422,43638,3544173,34366,3114927,51,248322,35277,1512893,0.186109,42629,2849549,0.350539,35865,4362442,0.536648,8129050
3,2021-04-20,98001,7005423,50776,3594949,47210,3162137,15,248337,47787,1511730,0.185966,50008,2899557,0.356691,48845,4411287,0.542657,8129050
3,2021-04-21,101149,7106572,55629,3650578,45454,3207591,66,248403,47939,1507796,0.185482,52923,2952480,0.363201,48989,4460276,0.548684,8129050
3,2021-04-22,108857,7215429,60608,3711186,48228,3255819,21,248424,46961,1494114,0.183799,61616,3014096,0.370781,47934,4508210,0.55458,8129050
3,2021-04-23,103239,7318668,58437,3769623,44779,3300598,23,248447,45303,1482809,0.182409,57628,3071724,0.37787,46323,4554533,0.560279,8129050
3,2021-04-24,72904,7391572,45190,3814813,27654,3328252,60,248507,35600,1482383,0.182356,37069,3108793,0.38243,36643,4591176,0.564786,8129050
3,2021-04-25,36231,7427803,23343,3838156,12874,3341126,14,248521,18690,1484057,0.182562,17424,3126217,0.384573,19098,4610274,0.567136,8129050
3,2021-04-26,72127,7499930,40477,3878633,31265,3372391,385,248906,30886,1475680,0.181532,41018,3167235,0.389619,32641,4642915,0.571151,8129050
3,2021-04-27,89247,7589177,46514,3925147,41024,3413415,1709,250615,35482,1460164,0.179623,53500,3220735,0.396201,37984,4680899,0.575824,8129050
3,2021-04-28,84794,7673971,47664,3972811,35014,3448429,2116,252731,34758,1447786,0.1781,49783,3270518,0.402325,37405,4718304,0.580425,8129050
3,2021-04-29,86765,7760736,49152,4021963,35428,3483857,2185,254916,30912,1425768,0.175392,55596,3326114,0.409164,33578,4751882,0.584556,8129050
3,2021-04-30,88310,7849046,49529,4071492,36322,3520179,2459,257375,32749,1406142,0.172977,55291,3381405,0.415966,35665,4787547,0.588943,8129050
3,2021-05-01,54561,7903607,34401,4105893,18714,3538893,1446,258821,19646,1392979,0.171358,34737,3416142,0.420239,21574,4809121,0.591597,8129050
3,2021-05-02,26730,7930337,18229,4124122,7490,3546383,1011,259832,9809,1387053,0.170629,16848,3432990,0.422311,10922,4820043,0.592941,8129050
3,2021-05-03,58841,7989178,34480,4158602,22021,3568404,2340,262172,17263,1365424,0.167968,41410,3474400,0.427405,19781,4839824,0.595374,8129050
3,2021-05-04,75523,8064701,43177,4201779,29710,3598114,2636,264808,22089,1337251,0.164503,53177,3527577,0.433947,25004,4864828,0.59845,8129050
3,2021-05-05,76819,8141520,45672,4247451,28476,3626590,2671,267479,21406,1306449,0.160714,55136,3582713,0.44073,24334,4889162,0.601443,8129050
3,2021-05-06,81376,8222896,51083,4298534,27779,3654369,2514,269993,20347,1269257,0.156138,60607,3643320,0.448185,23415,4912577,0.604324,8129050
3,2021-05-07,80712,8303608,50073,4348607,28030,3682399,2609,272602,21551,1234854,0.151906,58851,3702171,0.455425,24448,4937025,0.607331,8129050
3,2021-05-08,50315,8353923,31008,4379615,17676,3700075,1631,274233,13486,1213624,0.149295,36605,3738776,0.459928,15375,4952400,0.609222,8129050
3,2021-05-09,20351,8374274,14770,4394385,4798,3704873,783,275016,5573,1205346,0.148276,14701,3753477,0.461736,6423,4958823,0.610013,8129050
3,2021-05-10,46689,8420963,24883,4419268,19917,3724790,1889,276905,11097,1183169,0.145548,35420,3788897,0.466093,13243,4972066,0.611642,8129050
3,2021-05-11,61289,8482252,33633,4452901,25497,3750287,2159,279064,15616,1155919,0.142196,45475,3834372,0.471688,18225,4990291,0.613884,8129050
3,2021-05-12,62599,8544851,35684,4488585,24538,3774825,2377,281441,17005,1130217,0.139034,45383,3879755,0.47727,19681,5009972,0.616305,8129050
3,2021-05-13,72491,8617342,45751,4534336,24874,3799699,1866,283307,27039,1114489,0.1371,45237,3924992,0.482835,29509,5039481,0.619935,8129050
3,2021-05-14,78074,8695416,49284,4583620,26675,3826374,2115,285422,30781,1100929,0.135431,47050,3972042,0.488623,33490,5072971,0.624055,8129050
3,2021-05-15,60705,8756121,41783,4625403,17728,3844102,1194,286616,25125,1092048,0.134339,35411,4007453,0.492979,26530,5099501,0.627318,8129050
3,2021-05-16,31521,8787642,23597,4649000,7241,3851343,683,287299,12659,1086702,0.133681,18766,4026219,0.495288,13420,5112921,0.628969,8129050
3,2021-05-17,56120,8843762,35759,4684759,18553,3869896,1808,289107,21137,1075106,0.132255,34740,4060959,0.499561,23144,5136065,0.631816,8129050
3,2021-05-18,63381,8907143,37520,4722279,24031,3893927,1830,290937,24390,1062991,0.130764,38743,4099702,0.504327,26628,5162693,0.635092,8129050
3,2021-05-19,62629,8969772,38247,4760526,22674,3916601,1708,292645,25130,1052821,0.129513,37275,4136977,0.508913,27105,5189798,0.638426,8129050
3,2021-05-20,57936,9027708,33856,4794382,22322,3938923,1758,294403,21373,1039989,0.127935,36315,4173292,0.51338,23483,5213281,0.641315,8129050
3,2021-05-21,61207,9088915,37355,4831737,21881,3960804,1971,296374,22485,1026259,0.126246,38477,4211769,0.518113,24747,5238028,0.644359,8129050
3,2021-05-22,40869,9129784,27426,4859163,12072,3972876,1371,297745,17367,1021901,0.12571,23343,4235112,0.520985,18985,5257013,0.646695,8129050
3,2021-05-23,19885,9149669,13971,4873134,5281,3978157,633,298378,8699,1020246,0.125506,11114,4246226,0.522352,9459,5266472,0.647858,8129050
3,2021-05-24,38428,9188097,22344,4895478,14372,3992529,1712,300090,14371,1012634,0.12457,23893,4270119,0.525291,16281,5282753,0.649861,8129050
3,2021-05-25,42290,9230387,23870,4919348,16773,4009302,1647,301737,15345,1003126,0.1234,26723,4296842,0.528579,17215,5299968,0.651979,8129050
3,2021-05-26,41384,9271771,23554,4942902,16152,4025454,1678,303415,15873,995605,0.122475,25238,4322080,0.531683,17717,5317685,0.654158,8129050
3,2021-05-27,38741,9310512,21624,4964526,15369,4040823,1748,305163,15391,989807,0.121762,23207,4345287,0.534538,17409,5335094,0.6563,8129050
3,2021-05-28,42083,9352595,23879,4988405,16455,4057278,1749,306912,17724,985438,0.121224,24190,4369477,0.537514,19821,5354915,0.658738,8129050
3,2021-05-29,23118,9375713,14127,5002532,8170,4065448,821,307733,11141,985676,0.121254,11867,4381344,0.538974,12105,5367020,0.660227,8129050
3,2021-05-30,10504,9386217,6815,5009347,3058,4068506,631,308364,4565,985042,0.121176,5879,4387223,0.539697,5245,5372265,0.660872,8129050
3,2021-05-31,4612,9390829,2671,5012018,1674,4070180,267,308631,1500,983751,0.121017,3087,4390310,0.540077,1796,5374061,0.661093,8129050
3,2021-06-01,37283,9428112,21524,5033542,14345,4084525,1414,310045,13866,976046,0.120069,23230,4413540,0.542934,15525,5389586,0.663003,8129050
3,2021-06-02,31195,9459307,17950,5051492,11838,4096363,1407,311452,11974,970560,0.119394,19034,4432574,0.545276,13548,5403134,0.66467,8129050
3,2021-06-03,39055,9498362,26699,5078191,10945,4107308,1411,312863,11965,957267,0.117759,26923,4459497,0.548588,13630,5416764,0.666346,8129050
3,2021-06-04,45267,9543629,32086,5110277,11675,4118983,1506,314369,13450,941055,0.115764,31609,4491106,0.552476,15397,5432161,0.668241,8129050
3,2021-06-05,33640,9577269,25474,5135751,6987,4125970,1179,315548,8799,926589,0.113985,24657,4515763,0.555509,10191,5442352,0.669494,8129050
3,2021-06-06,14011,9591280,11697,5147448,1769,4127739,545,316093,3993,921339,0.113339,9963,4525726,0.556735,4713,5447065,0.670074,8129050
3,2021-06-07,29528,9620808,21473,5168921,6821,4134560,1234,317327,8577,910460,0.112001,20836,4546562,0.559298,9957,5457022,0.671299,8129050
3,2021-06-08,32879,9653687,23680,5192601,7936,4142496,1263,318590,9746,898773,0.110563,22955,4569517,0.562122,11268,5468290,0.672685,8129050
3,2021-06-09,15697,9669384,11476,5204077,3445,4145941,776,319366,3855,891706,0.109694,11771,4581288,0.56357,4704,5472994,0.673264,8129050
4,2020-12-15,450,450,450,450,0,0,0,0,450,450,5.6e-05,0,0,0.0,450,450,5.6e-05,8037679
4,2020-12-16,3001,3451,3001,3451,0,0,0,0,3001,3451,0.000429,0,0,0.0,3001,3451,0.000429,8037679
4,2020-12-17,8824,12275,8824,12275,0,0,0,0,8824,12275,0.001527,0,0,0.0,8824,12275,0.001527,8037679
4,2020-12-18,15947,28222,15938,28213,9,9,0,0,15947,28222,0.003511,0,0,0.0,15947,28222,0.003511,8037679
4,2020-12-19,10261,38483,10253,38466,8,17,0,0,10196,38418,0.00478,0,0,0.0,10196,38418,0.00478,8037679
4,2020-12-20,7373,45856,7366,45832,7,24,0,0,7328,45746,0.005691,0,0,0.0,7328,45746,0.005691,8037679
4,2020-12-21,16314,62170,16289,62121,25,49,0,0,16248,61994,0.007713,0,0,0.0,16248,61994,0.007713,8037679
4,2020-12-22,17172,79342,16438,78559,734,783,0,0,17127,79121,0.009844,0,0,0.0,17127,79121,0.009844,8037679
4,2020-12-23,17061,96403,14359,92918,2702,3485,0,0,17033,96153,0.011963,1,1,0.0,17033,96154,0.011963,8037679
4,2020-12-24,8573,104976,5980,98898,2593,6078,0,0,8572,104724,0.013029,1,2,0.0,8572,104726,0.013029,8037679
4,2020-12-25,904,105880,799,99697,105,6183,0,0,904,105628,0.013142,0,2,0.0,904,105630,0.013142,8037679
4,2020-12-26,6171,112051,3892,103589,2279,8462,0,0,6171,111799,0.013909,0,2,0.0,6171,111801,0.01391,8037679
4,2020-12-27,3431,115482,1999,105588,1432,9894,0,0,3431,115230,0.014336,0,2,0.0,3431,115232,0.014336,8037679
4,2020-12-28,15031,130513,9284,114872,5747,15641,0,0,15001,130230,0.016202,1,3,0.0,15001,130233,0.016203,8037679
4,2020-12-29,15331,145844,8490,123362,6841,22482,0,0,15298,145528,0.018106,0,3,0.0,15298,145531,0.018106,8037679
4,2020-12-30,18911,164755,11059,134421,7852,30334,0,0,18900,164426,0.020457,2,5,1e-06,18900,164431,0.020458,8037679
4,2020-12-31,8247,173002,3337,137758,4910,35244,0,0,8241,172664,0.021482,3,8,1e-06,8241,172672,0.021483,8037679
4,2021-01-01,1383,174385,608,138366,775,36019,0,0,1381,174043,0.021653,2,10,1e-06,1381,174053,0.021655,8037679
4,2021-01-02,5708,180093,3226,141592,2482,38501,0,0,5707,179749,0.022363,1,11,1e-06,5707,179760,0.022365,8037679
4,2021-01-03,2130,182223,1263,142855,867,39368,0,0,2113,181857,0.022626,5,16,2e-06,2113,181873,0.022628,8037679
4,2021-01-04,12990,195213,7076,149931,5914,45282,0,0,12914,194713,0.024225,58,74,9e-06,12914,194787,0.024234,8037679
4,2021-01-05,16872,212085,9985,159916,6887,52169,0,0,14766,207410,0.025805,2082,2156,0.000268,14779,209566,0.026073,8037679
4,2021-01-06,21524,233609,13192,173108,8332,60501,0,0,15545,217042,0.027003,5927,8083,0.001006,15559,225125,0.028009,8037679
4,2021-01-07,27903,261512,17015,190123,10888,71389,0,0,16838,222900,0.027732,11007,19090,0.002375,16865,241990,0.030107,8037679
4,2021-01-08,32824,294336,21094,211217,11730,83119,0,0,18322,226841,0.028222,14433,33523,0.004171,18374,260364,0.032393,8037679
4,2021-01-09,16251,310587,9625,220842,6626,89745,0,0,9449,229533,0.028557,6783,40306,0.005015,9475,269839,0.033572,8037679
4,2021-01-10,8749,319336,5658,226500,3091,92836,0,0,4131,229075,0.0285,4600,44906,0.005587,4142,273981,0.034087,8037679
4,2021-01-11,33346,352682,21866,248366,11480,104316,0,0,18795,233403,0.029039,14512,59418,0.007392,18840,292821,0.036431,8037679
4,2021-01-12,38367,391049,22071,270437,16296,120612,0,0,24291,243704,0.03032,14029,73447,0.009138,24330,317151,0.039458,8037679
4,2021-01-13,38613,429662,19032,289469,19581,140193,0,0,27337,259867,0.032331,11222,84669,0.010534,27385,344536,0.042865,8037679
4,2021-01-14,39039,468701,14912,304381,24127,164320,0,0,31967,284841,0.035438,7025,91694,0.011408,31999,376535,0.046846,8037679
4,2021-01-15,45248,513949,15708,320089,29540,193860,0,0,39720,319107,0.039701,5475,97169,0.012089,39741,416276,0.051791,8037679
4,2021-01-16,28623,542572,9378,329467,19245,213105,0,0,25506,341552,0.042494,3080,100249,0.012472,25525,441801,0.054966,8037679
4,2021-01-17,19080,561652,6704,336171,12376,225481,0,0,17558,357628,0.044494,1497,101746,0.012659,17573,459374,0.057153,8037679
4,2021-01-18,29438,591090,13646,349817,15792,241273,0,0,23458,375231,0.046684,5886,107632,0.013391,23489,482863,0.060075,8037679
4,2021-01-19,46076,637166,23158,372975,22918,264191,0,0,36736,402757,0.050109,9286,116918,0.014546,36812,519675,0.064655,8037679
4,2021-01-20,51793,688959,27438,400413,24355,288546,0,0,41381,433894,0.053982,10315,127233,0.01583,41452,561127,0.069812,8037679
4,2021-01-21,56583,745542,25030,425443,31553,320099,0,0,50167,477751,0.059439,6355,133588,0.01662,50212,611339,0.076059,8037679
4,2021-01-22,55063,800605,22095,447538,32968,353067,0,0,49972,522756,0.065038,4996,138584,0.017242,50001,661340,0.08228,8037679
4,2021-01-23,39472,840077,17401,464939,22071,375138,0,0,35163,553648,0.068882,4300,142884,0.017777,35192,696532,0.086658,8037679
4,2021-01-24,23929,864006,10500,475439,13429,388567,0,0,22052,573848,0.071395,1869,144753,0.018009,22069,718601,0.089404,8037679
4,2021-01-25,47961,911967,22144,497583,25817,414384,0,0,36862,599700,0.074611,11067,155820,0.019386,36919,755520,0.093997,8037679
4,2021-01-26,56774,968741,28950,526533,27824,442208,0,0,44548,632143,0.078647,12172,167992,0.020901,44615,800135,0.099548,8037679
4,2021-01-27,56208,1024949,26783,553316,29425,471633,0,0,45275,666620,0.082937,10861,178853,0.022252,45338,845473,0.105189,8037679
4,2021-01-28,56477,1081426,25527,578843,30950,502583,0,0,46549,703385,0.087511,9840,188693,0.023476,46605,892078,0.110987,8037679
4,2021-01-29,56432,1137858,27105,605948,29327,531910,0,0,46122,739382,0.091989,10168,198861,0.024741,46165,938243,0.116731,8037679
4,2021-01-30,37706,1175564,17178,623126,20528,552438,0,0,32375,766505,0.095364,5283,204144,0.025398,32406,970649,0.120762,8037679
4,2021-01-31,23902,1199466,12557,635683,11345,563783,0,0,22293,787223,0.097942,1592,205736,0.025596,22310,992959,0.123538,8037679
4,2021-02-01,49698,1249164,24079,659762,25619,589402,0,0,38090,813786,0.101246,11566,217302,0.027035,38129,1031088,0.128282,8037679
4,2021-02-02,55302,1304466,25465,685227,29837,619239,0,0,42492,843574,0.104952,12747,230049,0.028621,42535,1073623,0.133574,8037679
4,2021-02-03,61898,1366364,30447,715674,31451,650690,0,0,47644,877129,0.109127,14144,244193,0.030381,47699,1121322,0.139508,8037679
4,2021-02-04,67389,1433753,31382,747056,36007,686697,0,0,50729,911455,0.113398,16510,260703,0.032435,50836,1172158,0.145833,8037679
4,2021-02-05,72967,1506720,33867,780923,39100,725797,0,0,50904,940681,0.117034,21816,282519,0.035149,51042,1223200,0.152183,8037679
4,2021-02-06,48278,1554998,26228,807151,22050,747847,0,0,36789,966213,0.12021,11457,293976,0.036575,36989,1260189,0.156785,8037679
4,2021-02-07,26462,1581460,17504,824655,8958,756805,0,0,20049,980112,0.12194,6388,300364,0.037369,20287,1280476,0.159309,8037679
4,2021-02-08,58489,1639949,30126,854781,28363,785168,0,0,38115,998244,0.124196,20247,320611,0.039889,38379,1318855,0.164084,8037679
4,2021-02-09,67078,1707027,34178,888959,32900,818068,0,0,39401,1010441,0.125713,27607,348218,0.043323,39804,1358659,0.169036,8037679
4,2021-02-10,77092,1784119,38577,927536,38515,856583,0,0,40991,1016101,0.126417,35872,384090,0.047786,41532,1400191,0.174203,8037679
4,2021-02-11,81053,1865172,42326,969862,38727,895310,0,0,41907,1019751,0.126871,38925,423015,0.052629,42575,1442766,0.1795,8037679
4,2021-02-12,84067,1949239,37655,1007517,46412,941722,0,0,43353,1023373,0.127322,40517,463532,0.05767,44139,1486905,0.184992,8037679
4,2021-02-13,58471,2007710,29692,1037209,28779,970501,0,0,29840,1025603,0.127599,28506,492038,0.061216,30736,1517641,0.188816,8037679
4,2021-02-14,36657,2044367,19013,1056222,17644,988145,0,0,18840,1027335,0.127815,17766,509804,0.063427,19498,1537139,0.191242,8037679
4,2021-02-15,46012,2090379,21551,1077773,24461,1012606,0,0,23682,1029928,0.128137,22267,532071,0.066197,24860,1561999,0.194335,8037679
4,2021-02-16,79851,2170230,36583,1114356,43268,1055874,0,0,40701,1032794,0.128494,39053,571124,0.071056,41919,1603918,0.19955,8037679
4,2021-02-17,81219,2251449,38335,1152691,42884,1098758,0,0,38746,1030360,0.128191,42309,613433,0.07632,39875,1643793,0.204511,8037679
4,2021-02-18,82998,2334447,45664,1198355,37334,1136092,0,0,38416,1025827,0.127627,44427,657860,0.081847,39894,1683687,0.209474,8037679
4,2021-02-19,82323,2416770,51759,1250114,30564,1166656,0,0,41287,1026914,0.127763,40898,698758,0.086935,41985,1725672,0.214698,8037679
4,2021-02-20,48843,2465613,32558,1282672,16285,1182941,0,0,26711,1032242,0.128425,22076,720834,0.089682,27404,1753076,0.218107,8037679
4,2021-02-21,29166,2494779,23428,1306100,5738,1188679,0,0,14066,1031556,0.12834,15037,735871,0.091553,14351,1767427,0.219893,8037679
4,2021-02-22,53007,2547786,36397,1342497,16610,1205289,0,0,25742,1030576,0.128218,27173,763044,0.094933,26193,1793620,0.223151,8037679
4,2021-02-23,73753,2621539,40933,1383430,32820,1238109,0,0,32536,1023695,0.127362,41086,804130,0.100045,34205,1827825,0.227407,8037679
4,2021-02-24,88649,2710188,46820,1430250,41829,1279938,0,0,40067,1017544,0.126597,48374,852504,0.106063,42223,1870048,0.23266,8037679
4,2021-02-25,99826,2810014,52124,1482374,47702,1327640,0,0,47908,1016241,0.126435,51766,904270,0.112504,50463,1920511,0.238939,8037679
4,2021-02-26,106297,2916311,53648,1536022,52649,1380289,0,0,54495,1021502,0.127089,51579,955849,0.118921,56840,1977351,0.24601,8037679
4,2021-02-27,76973,2993284,41975,1577997,34992,1415281,6,6,41309,1028772,0.127994,35527,991376,0.123341,42797,2020148,0.251335,8037679
4,2021-02-28,47352,3040636,29427,1607424,17921,1433202,4,10,26542,1035524,0.128834,20675,1012051,0.125913,27427,2047575,0.254747,8037679
4,2021-03-01,77667,3118303,45625,1653049,32015,1465217,27,37,42921,1045154,0.130032,34508,1046559,0.130207,44138,2091713,0.260238,8037679
4,2021-03-02,84887,3203190,48870,1701919,36012,1501229,5,42,50270,1062751,0.132221,34467,1081026,0.134495,52064,2143777,0.266716,8037679
4,2021-03-03,99432,3302622,52773,1754692,46646,1547875,13,55,55409,1076111,0.133883,43830,1124856,0.139948,57190,2200967,0.273831,8037679
4,2021-03-04,96745,3399367,53811,1808503,42917,1590792,17,72,53235,1087826,0.135341,43312,1168168,0.145336,55027,2255994,0.280677,8037679
4,2021-03-05,94207,3493574,50908,1859411,42985,1633777,314,386,55956,1107971,0.137847,38058,1206226,0.150071,58203,2314197,0.287919,8037679
4,2021-03-06,76041,3569615,42925,1902336,30502,1664279,2614,3000,46763,1129527,0.140529,29168,1235394,0.1537,50724,2364921,0.294229,8037679
4,2021-03-07,42635,3612250,27261,1929597,14196,1678475,1178,4178,25593,1140405,0.141882,16982,1252376,0.155813,27860,2392781,0.297696,8037679
4,2021-03-08,66314,3678564,34740,1964337,28379,1706854,3195,7373,43836,1166405,0.145117,22374,1274750,0.158597,48374,2441155,0.303714,8037679
4,2021-03-09,81092,3759656,41134,2005471,34827,1741681,5131,12504,43869,1179462,0.146742,37067,1311817,0.163208,50124,2491279,0.30995,8037679
4,2021-03-10,90771,3850427,46902,2052373,36429,1778110,7440,19944,45947,1189162,0.147948,44664,1356481,0.168765,54364,2545643,0.316714,8037679
4,2021-03-11,100314,3950741,52690,2105063,39241,1817351,8383,28327,46477,1191527,0.148243,53625,1410106,0.175437,55990,2601633,0.32368,8037679
4,2021-03-12,104374,4055115,51529,2156592,42578,1859929,10267,38594,44689,1188017,0.147806,59457,1469563,0.182834,55947,2657580,0.33064,8037679
4,2021-03-13,80905,4136020,37700,2194292,34809,1894738,8396,46990,38030,1192850,0.148407,42754,1512317,0.188153,47587,2705167,0.336561,8037679
4,2021-03-14,49534,4185554,28344,2222636,17562,1912300,3628,50618,23254,1194178,0.148572,26194,1538511,0.191412,27522,2732689,0.339985,8037679
4,2021-03-15,83618,4269172,44950,2267586,34427,1946727,4241,54859,42822,1201497,0.149483,40588,1579099,0.196462,47907,2780596,0.345945,8037679
4,2021-03-16,107397,4376569,55819,2323405,48179,1994906,3399,58258,57002,1212428,0.150843,50181,1629280,0.202705,61112,2841708,0.353548,8037679
4,2021-03-17,106093,4482662,57041,2380446,45607,2040513,3445,61703,62264,1235112,0.153665,43595,1672875,0.208129,66279,2907987,0.361794,8037679
4,2021-03-18,106198,4588860,58849,2439295,43709,2084222,3640,65343,60360,1253965,0.156011,45588,1718463,0.213801,64441,2972428,0.369812,8037679
4,2021-03-19,110636,4699496,63564,2502859,41896,2126118,5176,70519,63140,1275418,0.15868,47268,1765731,0.219682,68721,3041149,0.378362,8037679
4,2021-03-20,83261,4782757,48825,2551684,31443,2157561,2993,73512,51151,1297892,0.161476,31986,1797717,0.223661,54460,3095609,0.385137,8037679
4,2021-03-21,47907,4830664,34730,2586414,10914,2168475,2263,75775,28374,1309463,0.162916,19425,1817142,0.226078,30996,3126605,0.388994,8037679
4,2021-03-22,81750,4912414,53410,2639824,25624,2194099,2716,78491,50846,1333041,0.165849,30696,1847838,0.229897,54274,3180879,0.395746,8037679
4,2021-03-23,103901,5016315,62109,2701933,39650,2233749,2142,80633,61921,1355922,0.168696,41725,1889563,0.235088,64606,3245485,0.403784,8037679
4,2021-03-24,113075,5129390,73095,2775028,37582,2271331,2398,83031,64085,1374283,0.17098,48587,1938150,0.241133,66948,3312433,0.412113,8037679
4,2021-03-25,116559,5245949,71857,2846885,42329,2313660,2373,85404,66898,1394817,0.173535,49222,1987372,0.247257,69756,3382189,0.420792,8037679
4,2021-03-26,119283,5365232,72513,2919398,43738,2357398,3032,88436,65438,1410371,0.17547,53522,2040894,0.253916,69076,3451265,0.429386,8037679
4,2021-03-27,91225,5456457,54122,2973520,35319,2392717,1784,90220,46424,1414474,0.17598,44591,2085485,0.259464,48694,3499959,0.435444,8037679
4,2021-03-28,55538,5511995,36709,3010229,17958,2410675,871,91091,29631,1419532,0.17661,25767,2111252,0.262669,30825,3530784,0.439279,8037679
4,2021-03-29,93189,5605184,55993,3066222,35124,2445799,2072,93163,50614,1430425,0.177965,42360,2153612,0.26794,53253,3584037,0.445904,8037679
4,2021-03-30,116766,5721950,63784,3130006,48836,2494635,4146,97309,69442,1457339,0.181313,47118,2200730,0.273802,74032,3658069,0.455115,8037679
4,2021-03-31,120611,5842561,71345,3201351,42956,2537591,6310,103619,67993,1479552,0.184077,52310,2253040,0.28031,74523,3732592,0.464387,8037679
4,2021-04-01,142022,5984583,81148,3282499,47696,2585287,13178,116797,83953,1519227,0.189013,57702,2310742,0.287489,97377,3829969,0.476502,8037679
4,2021-04-02,136131,6120714,72888,3355387,49709,2634996,13534,130331,78835,1554928,0.193455,57033,2367775,0.294584,92734,3922703,0.488039,8037679
4,2021-04-03,100938,6221652,53924,3409311,33641,2668637,13373,143704,52722,1573267,0.195736,48035,2415810,0.300561,66374,3989077,0.496297,8037679
4,2021-04-04,46786,6268438,24685,3433996,14591,2683228,7510,151214,20432,1575004,0.195953,26258,2442068,0.303828,27995,4017072,0.49978,8037679
4,2021-04-05,108956,6377394,61338,3495334,34868,2718096,12750,163964,56908,1593403,0.198242,51862,2493930,0.31028,70261,4087333,0.508522,8037679
4,2021-04-06,138374,6515768,77917,3573251,40738,2758834,19719,183683,72006,1619641,0.201506,66156,2560086,0.318511,92394,4179727,0.520017,8037679
4,2021-04-07,136998,6652766,77642,3650893,38701,2797535,20655,204338,71091,1646052,0.204792,65679,2625765,0.326682,92090,4271817,0.531474,8037679
4,2021-04-08,139460,6792226,77747,3728640,36361,2833896,25352,229690,69443,1671761,0.207991,69757,2695522,0.335361,95466,4367283,0.543351,8037679
4,2021-04-09,137104,6929330,75270,3803910,38953,2872849,22881,252571,65616,1690048,0.210266,71288,2766810,0.34423,89575,4456858,0.554496,8037679
4,2021-04-10,102920,7032250,50981,3854891,33146,2905995,18793,271364,46363,1699921,0.211494,56359,2823169,0.351242,66232,4523090,0.562736,8037679
4,2021-04-11,62262,7094512,37962,3892853,13129,2919124,11171,282535,27324,1704666,0.212084,34845,2858014,0.355577,39590,4562680,0.567661,8037679
4,2021-04-12,102407,7196919,62266,3955119,30046,2949170,10095,292630,51772,1717447,0.213674,50360,2908374,0.361843,63141,4625821,0.575517,8037679
4,2021-04-13,129736,7326655,81385,4036504,48191,2997361,160,292790,77932,1744917,0.217092,51551,2959925,0.368256,79021,4704842,0.585348,8037679
4,2021-04-14,134796,7461451,85919,4122423,48801,3046162,76,292866,74990,1761792,0.219192,59510,3019435,0.37566,76385,4781227,0.594852,8037679
4,2021-04-15,155042,7616493,103251,4225674,51731,3097893,60,292926,95692,1799328,0.223862,59034,3078469,0.383005,96570,4877797,0.606866,8037679
4,2021-04-16,141927,7758420,90102,4315776,51748,3149641,77,293003,82912,1824259,0.226963,58769,3137238,0.390316,83700,4961497,0.61728,8037679
4,2021-04-17,99848,7858268,63018,4378794,36809,3186450,21,293024,58546,1842899,0.229282,41069,3178307,0.395426,59709,5021206,0.624708,8037679
4,2021-04-18,53988,7912256,36103,4414897,17882,3204332,3,293027,30689,1851343,0.230333,23194,3201501,0.398312,31638,5052844,0.628645,8037679
4,2021-04-19,100155,8012411,66185,4481082,33955,3238287,15,293042,51307,1854614,0.23074,48638,3250139,0.404363,51909,5104753,0.635103,8037679
4,2021-04-20,127127,8139538,74672,4555754,52443,3290730,12,293054,66750,1862321,0.231699,60117,3310256,0.411842,67824,5172577,0.643541,8037679
4,2021-04-21,127316,8266854,81671,4637425,45594,3336324,51,293105,64344,1865046,0.232038,62683,3372939,0.419641,65408,5237985,0.651679,8037679
4,2021-04-22,137028,8403882,90276,4727701,46731,3383055,21,293126,61396,1852247,0.230446,75320,3448259,0.429012,62521,5300506,0.659457,8037679
4,2021-04-23,130455,8534337,84257,4811958,46175,3429230,23,293149,56645,1836563,0.228494,73504,3521763,0.438157,57820,5358326,0.666651,8037679
4,2021-04-24,97256,8631593,66002,4877960,31204,3460434,50,293199,44770,1830216,0.227705,52225,3573988,0.444654,45878,5404204,0.672359,8037679
4,2021-04-25,49433,8681026,35156,4913116,14252,3474686,25,293224,26137,1833643,0.228131,23173,3597161,0.447537,26600,5430804,0.675668,8037679
4,2021-04-26,89275,8770301,58234,4971350,30647,3505333,394,293618,35233,1816848,0.226041,53777,3650938,0.454228,36982,5467786,0.680269,8037679
4,2021-04-27,111151,8881452,67608,5038958,41256,3546589,2287,295905,40047,1789166,0.222597,70818,3721756,0.463039,43136,5510922,0.685636,8037679
4,2021-04-28,101125,8982577,65616,5104574,33010,3579599,2499,298404,37054,1765534,0.219657,63815,3785571,0.470978,40183,5551105,0.690635,8037679
4,2021-04-29,102440,9085017,64916,5169490,35015,3614614,2509,300913,32993,1732451,0.215541,69160,3854731,0.479583,36077,5587182,0.695124,8037679
4,2021-04-30,101627,9186644,63877,5233367,35085,3649699,2665,303578,34531,1703502,0.21194,66769,3921500,0.48789,37820,5625002,0.699829,8037679
4,2021-05-01,68498,9255142,45650,5279017,21092,3670791,1756,305334,19876,1677337,0.208684,48422,3969922,0.493914,22257,5647259,0.702598,8037679
4,2021-05-02,37362,9292504,26515,5305532,9570,3680361,1277,306611,10495,1662484,0.206836,26769,3996691,0.497244,11916,5659175,0.704081,8037679
4,2021-05-03,77867,9370371,54318,5359850,21094,3701455,2455,309066,19127,1625874,0.202282,58530,4055221,0.504526,21920,5681095,0.706808,8037679
4,2021-05-04,98264,9468635,66679,5426529,28839,3730294,2746,311812,22331,1575621,0.196029,75695,4130916,0.513944,25442,5706537,0.709973,8037679
4,2021-05-05,99044,9567679,69411,5495940,26920,3757214,2713,314525,21569,1522999,0.189482,77186,4208102,0.523547,24564,5731101,0.713029,8037679
4,2021-05-06,109112,9676791,81504,5577444,24685,3781899,2923,317448,19438,1457225,0.181299,89256,4297358,0.534652,23482,5754583,0.715951,8037679
4,2021-05-07,102772,9779563,73746,5651190,26349,3808248,2677,320125,20365,1398585,0.174004,82085,4379443,0.544864,23445,5778028,0.718868,8037679
4,2021-05-08,66038,9845601,45199,5696389,18973,3827221,1866,321991,13147,1361256,0.169359,52691,4432134,0.55142,15362,5793390,0.720779,8037679
4,2021-05-09,33399,9879000,27269,5723658,5191,3832412,939,322930,7848,1344678,0.167297,25458,4457592,0.554587,8880,5802270,0.721884,8037679
4,2021-05-10,62912,9941912,41822,5765480,18815,3851227,2275,325205,11050,1306618,0.162562,51688,4509280,0.561018,13628,5815898,0.723579,8037679
4,2021-05-11,78590,10020502,48015,5813495,28414,3879641,2161,327366,15491,1261824,0.156989,62895,4572175,0.568843,18101,5833999,0.725831,8037679
4,2021-05-12,77026,10097528,50938,5864433,23644,3903285,2444,329810,17913,1223673,0.152242,58869,4631044,0.576167,20718,5854717,0.728409,8037679
4,2021-05-13,101462,10198990,74657,5939090,25291,3928576,1514,331324,40023,1205056,0.149926,61147,4692191,0.583774,42530,5897247,0.7337,8037679
4,2021-05-14,102036,10301026,71894,6010984,28048,3956624,2094,333418,40083,1186070,0.147564,61686,4753877,0.591449,42700,5939947,0.739013,8037679
4,2021-05-15,83809,10384835,64759,6075743,17737,3974361,1313,334731,37021,1178102,0.146572,46583,4800460,0.597245,38615,5978562,0.743817,8037679
4,2021-05-16,49007,10433842,39786,6115529,8532,3982893,689,335420,20072,1170186,0.145588,28810,4829270,0.600829,20894,5999456,0.746416,8037679
4,2021-05-17,69842,10503684,50995,6166524,17014,3999907,1833,337253,28161,1158900,0.144183,41498,4870768,0.605992,30212,6029668,0.750175,8037679
4,2021-05-18,80427,10584111,52411,6218935,26271,4026178,1745,338998,29435,1139802,0.141807,50649,4921417,0.612293,31551,6061219,0.754101,8037679
4,2021-05-19,75670,10659781,51268,6270203,22473,4048651,1929,340927,31523,1129632,0.140542,43903,4965320,0.617755,33733,6094952,0.758298,8037679
4,2021-05-20,64427,10724208,41469,6311672,21035,4069686,1923,342850,24600,1116903,0.138958,39598,5004918,0.622682,26869,6121821,0.76164,8037679
4,2021-05-21,68842,10793050,45516,6357188,21572,4091258,1754,344604,24723,1099725,0.136821,43879,5048797,0.628141,26701,6148522,0.764962,8037679
4,2021-05-22,45307,10838357,32104,6389292,12015,4103273,1188,345792,19869,1095664,0.136316,25308,5074105,0.63129,21247,6169769,0.767606,8037679
4,2021-05-23,21815,10860172,15727,6405019,5410,4108683,678,346470,9133,1093030,0.135988,12578,5086683,0.632855,9944,6179713,0.768843,8037679
4,2021-05-24,41444,10901616,26127,6431146,12355,4121038,2962,349432,14609,1084138,0.134882,26655,5113338,0.636171,17763,6197476,0.771053,8037679
4,2021-05-25,44432,10946048,27675,6458821,13968,4135006,2789,352221,16124,1075178,0.133767,28100,5141438,0.639667,19140,6216616,0.773434,8037679
4,2021-05-26,43729,10989777,26250,6485071,14930,4149936,2549,354770,15860,1066117,0.13264,27688,5169126,0.643112,18627,6235243,0.775752,8037679
4,2021-05-27,38466,11028243,23156,6508227,12187,4162123,3123,357893,14845,1060849,0.131984,23454,5192580,0.64603,18186,6253429,0.778014,8037679
4,2021-05-28,42672,11070915,27281,6535508,13803,4175926,1588,359481,18928,1058076,0.131639,23546,5216126,0.648959,20773,6274202,0.780599,8037679
4,2021-05-29,23334,11094249,15231,6550739,7176,4183102,927,360408,11228,1058378,0.131677,11996,5228122,0.650452,12298,6286500,0.782129,8037679
4,2021-05-30,11908,11106157,8369,6559108,3014,4186116,525,360933,5108,1057348,0.131549,6749,5234871,0.651291,5719,6292219,0.78284,8037679
4,2021-05-31,3561,11109718,2281,6561389,1124,4187240,156,361089,1190,1056378,0.131428,2344,5237215,0.651583,1374,6293593,0.783011,8037679
4,2021-06-01,39067,11148785,24397,6585786,12250,4199490,2420,363509,13859,1047871,0.13037,25030,5262245,0.654697,16523,6310116,0.785067,8037679
4,2021-06-02,32143,11180928,20119,6605905,9254,4208744,2770,366279,11161,1041154,0.129534,20823,5283068,0.657288,14106,6324222,0.786822,8037679
4,2021-06-03,47296,11228224,36254,6642159,8595,4217339,2447,368726,11182,1019145,0.126796,35977,5319045,0.661764,13968,6338190,0.78856,8037679
4,2021-06-04,53852,11282076,43458,6685617,9083,4226422,1311,370037,13533,994706,0.123755,40131,5359176,0.666757,15692,6353882,0.790512,8037679
4,2021-06-05,43692,11325768,37421,6723038,5290,4231712,981,371018,9197,970837,0.120786,34350,5393526,0.67103,10481,6364363,0.791816,8037679
4,2021-06-06,20319,11346087,18065,6741103,1698,4233410,556,371574,4643,960874,0.119546,15586,5409112,0.672969,5623,6369986,0.792516,8037679
4,2021-06-07,37671,11383758,30453,6771556,5320,4238730,1898,373472,8728,942978,0.11732,28830,5437942,0.676556,10934,6380920,0.793876,8037679
4,2021-06-08,38808,11422566,30430,6801986,5903,4244633,2475,375947,9267,925722,0.115173,29368,5467310,0.68021,12112,6393032,0.795383,8037679
4,2021-06-09,19776,11442342,15524,6817510,2359,4246992,1893,377840,3551,915059,0.113846,16163,5483473,0.682221,5500,6398532,0.796067,8037679
