vemquartile,administered_date,total_doses,cumulative_total_doses,pfizer_doses,cumulative_pfizer_doses,moderna_doses,cumulative_moderna_doses,jj_doses,cumulative_jj_doses,partially_vaccinated,total_partially_vaccinated,pct_age12pop_partially_vaccinated,fully_vaccinated,cumulative_fully_vaccinated,pct_age12pop_fully_vaccinated,at_least_one_dose,cumulative_at_least_one_dose,pct_age12pop_at_least_one_dose,age12_population
1,2020-12-15,148,148,148,148,0,0,0,0,148,148,1.7e-05,0,0,0.0,148,148,1.7e-05,8700223
1,2020-12-16,1179,1327,1179,1327,0,0,0,0,1179,1327,0.000153,0,0,0.0,1179,1327,0.000153,8700223
1,2020-12-17,4132,5459,4132,5459,0,0,0,0,4133,5460,0.000628,0,0,0.0,4133,5460,0.000628,8700223
1,2020-12-18,6265,11724,6245,11704,20,20,0,0,6266,11726,0.001348,0,0,0.0,6266,11726,0.001348,8700223
1,2020-12-19,2867,14591,2866,14570,1,21,0,0,2865,14590,0.001677,1,1,0.0,2865,14591,0.001677,8700223
1,2020-12-20,2115,16706,2110,16680,5,26,0,0,2116,16706,0.00192,0,1,0.0,2116,16707,0.00192,8700223
1,2020-12-21,7629,24335,7615,24295,14,40,0,0,7681,24387,0.002803,1,2,0.0,7682,24389,0.002803,8700223
1,2020-12-22,7289,31624,6948,31243,341,381,0,0,7292,31678,0.003641,1,3,0.0,7292,31681,0.003641,8700223
1,2020-12-23,7832,39456,6588,37831,1244,1625,0,0,7827,39505,0.004541,1,4,0.0,7828,39509,0.004541,8700223
1,2020-12-24,3300,42756,2361,40192,939,2564,0,0,3302,42807,0.00492,0,4,0.0,3302,42811,0.004921,8700223
1,2020-12-25,235,42991,151,40343,84,2648,0,0,235,43042,0.004947,0,4,0.0,235,43046,0.004948,8700223
1,2020-12-26,1360,44351,969,41312,391,3039,0,0,1359,44400,0.005103,1,5,1e-06,1359,44405,0.005104,8700223
1,2020-12-27,864,45215,530,41842,334,3373,0,0,864,45264,0.005203,0,5,1e-06,864,45269,0.005203,8700223
1,2020-12-28,7031,52246,4750,46592,2281,5654,0,0,7030,52294,0.006011,0,5,1e-06,7030,52299,0.006011,8700223
1,2020-12-29,8811,61057,4947,51539,3864,9518,0,0,8809,61102,0.007023,1,6,1e-06,8809,61108,0.007024,8700223
1,2020-12-30,11571,72628,6439,57978,5132,14650,0,0,11571,72673,0.008353,0,6,1e-06,11571,72679,0.008354,8700223
1,2020-12-31,5931,78559,1953,59931,3978,18628,0,0,5930,78602,0.009034,2,8,1e-06,5931,78610,0.009035,8700223
1,2021-01-01,545,79104,187,60118,358,18986,0,0,545,79147,0.009097,0,8,1e-06,545,79155,0.009098,8700223
1,2021-01-02,2892,81996,1752,61870,1140,20126,0,0,2894,82041,0.00943,0,8,1e-06,2894,82049,0.009431,8700223
1,2021-01-03,1020,83016,544,62414,476,20602,0,0,1019,83059,0.009547,1,9,1e-06,1019,83068,0.009548,8700223
1,2021-01-04,7322,90338,3569,65983,3753,24355,0,0,7327,90385,0.010389,1,10,1e-06,7327,90395,0.01039,8700223
1,2021-01-05,10750,101088,5179,71162,5571,29926,0,0,10000,99673,0.011456,735,745,8.6e-05,10023,100418,0.011542,8700223
1,2021-01-06,13960,115048,7014,78176,6946,36872,0,0,12081,109919,0.012634,1842,2587,0.000297,12088,112506,0.012931,8700223
1,2021-01-07,17372,132420,9071,87247,8301,45173,0,0,12933,118521,0.013623,4341,6928,0.000796,12943,125449,0.014419,8700223
1,2021-01-08,20067,152487,10390,97637,9677,54850,0,0,14197,126868,0.014582,5855,12783,0.001469,14202,139651,0.016051,8700223
1,2021-01-09,6680,159167,3366,101003,3314,58164,0,0,4836,129881,0.014928,1828,14611,0.001679,4841,144492,0.016608,8700223
1,2021-01-10,3063,162230,1742,102745,1321,59485,0,0,1877,130589,0.01501,1170,15781,0.001814,1878,146370,0.016824,8700223
1,2021-01-11,18038,180268,11817,114562,6221,65706,0,0,11513,135641,0.015591,6498,22279,0.002561,11550,157920,0.018151,8700223
1,2021-01-12,18901,199169,10727,125289,8174,73880,0,0,12946,142708,0.016403,5914,28193,0.00324,12981,170901,0.019643,8700223
1,2021-01-13,19709,218878,10644,135933,9065,82945,0,0,14581,152201,0.017494,5104,33297,0.003827,14597,185498,0.021321,8700223
1,2021-01-14,21899,240777,9407,145340,12492,95437,0,0,19165,168734,0.019394,2676,35973,0.004135,19209,204707,0.023529,8700223
1,2021-01-15,25082,265859,9221,154561,15861,111298,0,0,23153,190057,0.021845,1880,37853,0.004351,23203,227910,0.026196,8700223
1,2021-01-16,13855,279714,4529,159090,9326,120624,0,0,12995,202196,0.02324,858,38711,0.004449,12997,240907,0.02769,8700223
1,2021-01-17,5181,284895,1990,161080,3191,123815,0,0,4814,206652,0.023752,363,39074,0.004491,4819,245726,0.028244,8700223
1,2021-01-18,14232,299127,8545,169625,5687,129502,0,0,11074,214627,0.024669,3146,42220,0.004853,11121,256847,0.029522,8700223
1,2021-01-19,24618,323745,12863,182488,11755,141257,0,0,19445,228965,0.026317,5159,47379,0.005446,19497,276344,0.031763,8700223
1,2021-01-20,28615,352360,14026,196514,14589,155846,0,0,22993,246424,0.028324,5569,52948,0.006086,23028,299372,0.03441,8700223
1,2021-01-21,30651,383011,14214,210728,16437,172283,0,0,27511,270934,0.031141,3082,56030,0.00644,27592,326964,0.037581,8700223
1,2021-01-22,28090,411101,11124,221852,16966,189249,0,0,26120,295152,0.033925,1929,57959,0.006662,26147,353111,0.040586,8700223
1,2021-01-23,18677,429778,8183,230035,10494,199743,0,0,16758,310014,0.035633,1905,59864,0.006881,16767,369878,0.042514,8700223
1,2021-01-24,6659,436437,4157,234192,2502,202245,0,0,6010,315386,0.03625,643,60507,0.006955,6015,375893,0.043205,8700223
1,2021-01-25,25150,461587,10399,244591,14751,216996,0,0,19506,329359,0.037856,5622,66129,0.007601,19595,395488,0.045457,8700223
1,2021-01-26,28450,490037,13316,257907,15134,232130,0,0,21892,344757,0.039626,6511,72640,0.008349,21909,417397,0.047975,8700223
1,2021-01-27,32204,522241,15327,273234,16877,249007,0,0,24261,361164,0.041512,7878,80518,0.009255,24285,441682,0.050767,8700223
1,2021-01-28,34514,556755,16167,289401,18347,267354,0,0,27732,382225,0.043933,6725,87243,0.010028,27786,469468,0.05396,8700223
1,2021-01-29,33316,590071,16310,305711,17006,284360,0,0,26890,402855,0.046304,6293,93536,0.010751,26923,496391,0.057055,8700223
1,2021-01-30,20130,610201,8746,314457,11384,295744,0,0,18041,418837,0.048141,2066,95602,0.010988,18048,514439,0.059129,8700223
1,2021-01-31,7543,617744,4932,319389,2611,298355,0,0,6901,425100,0.048861,641,96243,0.011062,6904,521343,0.059923,8700223
1,2021-02-01,28562,646306,12418,331807,16144,314499,0,0,20948,438482,0.050399,7572,103815,0.011932,20954,542297,0.062331,8700223
1,2021-02-02,32014,678320,11484,343291,20530,335029,0,0,24142,454849,0.05228,7808,111623,0.01283,24175,566472,0.06511,8700223
1,2021-02-03,39064,717384,14989,358280,24075,359104,0,0,28255,472460,0.054304,10681,122304,0.014058,28292,594764,0.068362,8700223
1,2021-02-04,43510,760894,16948,375228,26562,385666,0,0,31642,492388,0.056595,11763,134067,0.01541,31691,626455,0.072004,8700223
1,2021-02-05,46688,807582,17335,392563,29353,415019,0,0,30749,507374,0.058317,15818,149885,0.017228,30804,657259,0.075545,8700223
1,2021-02-06,26433,834015,10458,403021,15975,430994,0,0,20606,522207,0.060022,5790,155675,0.017893,20623,677882,0.077915,8700223
1,2021-02-07,6206,840221,3982,407003,2224,433218,0,0,4622,525280,0.060375,1567,157242,0.018073,4640,682522,0.078449,8700223
1,2021-02-08,31121,871342,14124,421127,16997,450215,0,0,20797,535907,0.061597,10263,167505,0.019253,20890,703412,0.08085,8700223
1,2021-02-09,38208,909550,16791,437918,21417,471632,0,0,23674,545070,0.06265,14584,182089,0.020929,23747,727159,0.083579,8700223
1,2021-02-10,46615,956165,21902,459820,24713,496345,0,0,26891,552397,0.063492,19643,201732,0.023187,26970,754129,0.086679,8700223
1,2021-02-11,51209,1007374,25132,484952,26077,522422,0,0,30860,563287,0.064744,20068,221800,0.025494,30958,785087,0.090238,8700223
1,2021-02-12,49367,1056741,21279,506231,28088,550510,0,0,28503,571157,0.065649,20767,242567,0.027881,28637,813724,0.093529,8700223
1,2021-02-13,26088,1082829,11341,517572,14747,565257,0,0,15157,575527,0.066151,10863,253430,0.029129,15233,828957,0.09528,8700223
1,2021-02-14,11592,1094421,5465,523037,6127,571384,0,0,6615,577256,0.06635,4951,258381,0.029698,6680,835637,0.096048,8700223
1,2021-02-15,23533,1117954,9251,532288,14282,585666,0,0,14361,582663,0.066971,9070,267451,0.030741,14477,850114,0.097712,8700223
1,2021-02-16,46398,1164352,22126,554414,24272,609938,0,0,27375,591194,0.067952,18956,286407,0.03292,27487,877601,0.100871,8700223
1,2021-02-17,47772,1212124,24087,578501,23685,633623,0,0,25978,595639,0.068462,21678,308085,0.035411,26123,903724,0.103874,8700223
1,2021-02-18,50194,1262318,24988,603489,25206,658829,0,0,26195,598247,0.068762,23804,331889,0.038147,26412,930136,0.106909,8700223
1,2021-02-19,45432,1307750,24584,628073,20848,679677,0,0,25770,604516,0.069483,19565,351454,0.040396,25834,955970,0.109879,8700223
1,2021-02-20,26828,1334578,16340,644413,10488,690165,0,0,15453,608709,0.069965,11336,362790,0.041699,15529,971499,0.111664,8700223
1,2021-02-21,11380,1345958,10145,654558,1235,691400,0,0,6807,611043,0.070233,4531,367321,0.04222,6865,978364,0.112453,8700223
1,2021-02-22,29904,1375862,19606,674164,10298,701698,0,0,17648,616591,0.070871,12203,379524,0.043622,17751,996115,0.114493,8700223
1,2021-02-23,42832,1418694,20888,695052,21944,723642,0,0,24015,622274,0.071524,18692,398216,0.045771,24375,1020490,0.117295,8700223
1,2021-02-24,52837,1471531,25574,720626,27263,750905,0,0,29669,629320,0.072334,23072,421288,0.048423,30118,1050608,0.120756,8700223
1,2021-02-25,64962,1536493,31564,752190,33398,784303,0,0,40752,646465,0.074304,24110,445398,0.051194,41255,1091863,0.125498,8700223
1,2021-02-26,72831,1609324,34170,786360,38661,822964,0,0,48075,670405,0.077056,24610,470008,0.054023,48550,1140413,0.131079,8700223
1,2021-02-27,49899,1659223,23033,809393,26859,849823,7,7,33248,687380,0.079007,16544,486552,0.055924,33519,1173932,0.134931,8700223
1,2021-02-28,19102,1678325,11374,820767,7727,857550,1,8,14111,696696,0.080078,4935,491487,0.056491,14251,1188183,0.136569,8700223
1,2021-03-01,43727,1722052,20122,840889,23580,881130,25,33,28399,710141,0.081623,15210,506697,0.05824,28655,1216838,0.139863,8700223
1,2021-03-02,61613,1783665,26819,867708,34783,915913,11,44,39769,728802,0.083768,21730,528427,0.060737,40391,1257229,0.144505,8700223
1,2021-03-03,68838,1852503,32617,900325,36203,952116,18,62,41963,744628,0.085587,26753,555180,0.063812,42579,1299808,0.149399,8700223
1,2021-03-04,77138,1929641,36173,936498,40932,993048,33,95,49717,767622,0.08823,27266,582446,0.066946,50260,1350068,0.155176,8700223
1,2021-03-05,76564,2006205,34701,971199,41660,1034708,203,298,51427,794946,0.091371,24939,607385,0.069813,52263,1402331,0.161183,8700223
1,2021-03-06,57039,2063244,27237,998436,28467,1063175,1335,1633,38884,817437,0.093956,18094,625479,0.071892,40585,1442916,0.165848,8700223
1,2021-03-07,20078,2083322,12806,1011242,6462,1069637,810,2443,15088,828625,0.095242,4972,630451,0.072464,16160,1459076,0.167706,8700223
1,2021-03-08,44094,2127416,21080,1032322,21147,1090784,1867,4310,30915,848643,0.097543,13104,643555,0.07397,33122,1492198,0.171513,8700223
1,2021-03-09,65547,2192963,31595,1063917,31478,1122262,2474,6784,40518,867053,0.099659,24925,668480,0.076835,43335,1535533,0.176494,8700223
1,2021-03-10,72292,2265255,36102,1100019,31823,1154085,4367,11151,44951,889531,0.102242,27211,695691,0.079962,49689,1585222,0.182205,8700223
1,2021-03-11,88703,2353958,40448,1140467,40328,1194413,7927,19078,52040,913523,0.105,36440,732131,0.084151,60432,1645654,0.189151,8700223
1,2021-03-12,97264,2451222,42615,1183082,42314,1236727,12335,31413,57067,943428,0.108437,40018,772149,0.08875,69923,1715577,0.197188,8700223
1,2021-03-13,64675,2515897,29316,1212398,27598,1264325,7761,39174,41322,969654,0.111452,23248,795397,0.091423,49474,1765051,0.202874,8700223
1,2021-03-14,27528,2543425,14849,1227247,9112,1273437,3567,42741,15660,977266,0.112327,11818,807215,0.092781,19430,1784481,0.205108,8700223
1,2021-03-15,64309,2607734,28118,1255365,29518,1302955,6673,49414,38118,996383,0.114524,26024,833239,0.095772,45141,1829622,0.210296,8700223
1,2021-03-16,84718,2692452,38384,1293749,40786,1343741,5548,54962,52855,1023474,0.117638,31695,864934,0.099415,58786,1888408,0.217053,8700223
1,2021-03-17,91527,2783979,44140,1337889,40837,1384578,6550,61512,59035,1057104,0.121503,32331,897265,0.103131,65961,1954369,0.224634,8700223
1,2021-03-18,97450,2881429,50102,1387991,41740,1426318,5608,67120,59708,1085445,0.124761,37433,934698,0.107434,65774,2020143,0.232194,8700223
1,2021-03-19,102517,2983946,52989,1440980,43403,1469721,6125,73245,60859,1111500,0.127755,41409,976107,0.112193,67464,2087607,0.239949,8700223
1,2021-03-20,71909,3055855,36989,1477969,29684,1499405,5236,78481,46498,1138230,0.130828,25259,1001366,0.115097,51989,2139596,0.245924,8700223
1,2021-03-21,26876,3082731,18769,1496738,6302,1505707,1805,80286,17413,1148143,0.131967,9390,1010756,0.116176,19303,2158899,0.248143,8700223
1,2021-03-22,58528,3141259,30086,1526824,25172,1530879,3270,83556,39819,1173058,0.134831,18528,1029284,0.118305,43443,2202342,0.253136,8700223
1,2021-03-23,81976,3223235,41555,1568379,36814,1567693,3607,87163,51017,1197366,0.137625,30771,1060055,0.121842,55079,2257421,0.259467,8700223
1,2021-03-24,86954,3310189,43909,1612288,38705,1606398,4340,91503,52803,1220759,0.140314,33930,1093985,0.125742,57323,2314744,0.266056,8700223
1,2021-03-25,95490,3405679,48544,1660832,41154,1647552,5792,97295,53935,1239429,0.142459,41282,1135267,0.130487,59952,2374696,0.272947,8700223
1,2021-03-26,103529,3509208,50511,1711343,46726,1694278,6292,103587,56298,1255373,0.144292,46953,1182220,0.135884,62897,2437593,0.280176,8700223
1,2021-03-27,73463,3582671,38172,1749515,31118,1725396,4173,107760,38247,1262972,0.145165,35026,1217246,0.13991,42625,2480218,0.285075,8700223
1,2021-03-28,32413,3615084,21229,1770744,9979,1735375,1205,108965,16668,1265534,0.14546,15645,1232891,0.141708,18207,2498425,0.287168,8700223
1,2021-03-29,66182,3681266,33242,1803986,29842,1765217,3098,112063,36970,1276769,0.146751,29053,1261944,0.145047,40288,2538713,0.291799,8700223
1,2021-03-30,90643,3771909,44692,1848678,39676,1804893,6275,118338,47227,1287108,0.14794,43276,1305220,0.150021,53615,2592328,0.297961,8700223
1,2021-03-31,99486,3871395,52139,1900817,41430,1846323,5917,124255,55268,1304437,0.149931,43963,1349183,0.155075,61292,2653620,0.305006,8700223
1,2021-04-01,109934,3981329,52890,1953707,48659,1894982,8385,132640,56800,1316926,0.151367,52819,1402002,0.161146,65308,2718928,0.312512,8700223
1,2021-04-02,109601,4090930,50085,2003792,49948,1944930,9568,142208,56299,1330147,0.152887,52937,1454939,0.16723,66158,2785086,0.320117,8700223
1,2021-04-03,77312,4168242,38729,2042521,28990,1973920,9593,151801,36133,1334940,0.153437,41027,1495966,0.171946,45820,2830906,0.325383,8700223
1,2021-04-04,23647,4191889,11771,2054292,8419,1982339,3457,155258,9948,1334688,0.153408,13652,1509618,0.173515,13400,2844306,0.326923,8700223
1,2021-04-05,75385,4267274,36289,2090581,29990,2012329,9106,164364,34437,1337682,0.153753,40775,1550393,0.178202,43769,2888075,0.331954,8700223
1,2021-04-06,102546,4369820,48576,2139157,37483,2049812,16487,180851,46632,1345255,0.154623,55685,1606078,0.184602,63258,2951333,0.339225,8700223
1,2021-04-07,109934,4479754,53113,2192270,39449,2089261,17372,198223,50137,1353423,0.155562,59565,1665643,0.191448,67733,3019066,0.34701,8700223
1,2021-04-08,120711,4600465,56929,2249199,43025,2132286,20757,218980,53500,1361182,0.156454,66896,1732539,0.199137,74655,3093721,0.355591,8700223
1,2021-04-09,121321,4721786,55542,2304741,45370,2177656,20409,239389,53748,1368497,0.157294,67272,1799811,0.20687,74587,3168308,0.364164,8700223
1,2021-04-10,94686,4816472,42154,2346895,30000,2207656,22532,261921,37051,1370808,0.15756,57477,1857288,0.213476,59788,3228096,0.371036,8700223
1,2021-04-11,35940,4852412,20069,2366964,9296,2216952,6575,268496,14668,1370988,0.157581,21229,1878517,0.215916,21409,3249505,0.373497,8700223
1,2021-04-12,72888,4925300,32386,2399350,30604,2247556,9898,278394,30990,1370475,0.157522,41670,1920187,0.220705,41157,3290662,0.378227,8700223
1,2021-04-13,95828,5021128,51240,2450590,44256,2291812,332,278726,51746,1379126,0.158516,43854,1964041,0.225746,52505,3343167,0.384262,8700223
1,2021-04-14,102705,5123833,53046,2503636,49591,2341403,68,278794,52296,1381848,0.158829,50092,2014133,0.231504,52814,3395981,0.390333,8700223
1,2021-04-15,104223,5228056,56527,2560163,47612,2389015,84,278878,55910,1390232,0.159793,47802,2061935,0.236998,56186,3452167,0.396791,8700223
1,2021-04-16,108417,5336473,55846,2616009,52482,2441497,89,278967,54459,1391410,0.159928,53546,2115481,0.243153,54724,3506891,0.403081,8700223
1,2021-04-17,81694,5418167,44261,2660270,37425,2478922,8,278975,45949,1401973,0.161142,35559,2151040,0.24724,46122,3553013,0.408382,8700223
1,2021-04-18,28822,5446989,19188,2679458,9627,2488549,7,278982,14647,1402717,0.161228,14107,2165147,0.248861,14851,3567864,0.410089,8700223
1,2021-04-19,64468,5511457,32830,2712288,31626,2520175,12,278994,29250,1397181,0.160591,34925,2200072,0.252875,29389,3597253,0.413467,8700223
1,2021-04-20,85556,5597013,42593,2754881,42944,2563119,19,279013,40641,1393386,0.160155,44656,2244728,0.258008,40861,3638114,0.418163,8700223
1,2021-04-21,91751,5688764,46859,2801740,44798,2607917,94,279107,41197,1384794,0.159168,50090,2294818,0.263765,41498,3679612,0.422933,8700223
1,2021-04-22,94071,5782835,48566,2850306,45489,2653406,16,279123,43343,1378054,0.158393,50316,2345134,0.269549,43576,3723188,0.427942,8700223
1,2021-04-23,97975,5880810,50281,2900587,47668,2701074,26,279149,46542,1373835,0.157908,51008,2396142,0.275412,46789,3769977,0.43332,8700223
1,2021-04-24,74521,5955331,46521,2947108,27977,2729051,23,279172,42330,1384396,0.159122,32047,2428189,0.279095,42608,3812585,0.438217,8700223
1,2021-04-25,26874,5982205,17138,2964246,9727,2738778,9,279181,15433,1388617,0.159607,11353,2439542,0.2804,15574,3828159,0.440007,8700223
1,2021-04-26,61078,6043283,32584,2996830,28096,2766874,398,279579,29010,1386544,0.159369,31813,2471355,0.284057,29740,3857899,0.443425,8700223
1,2021-04-27,76173,6119456,40762,3037592,34254,2801128,1157,280736,32777,1377675,0.158349,43142,2514497,0.289015,34273,3892172,0.447365,8700223
1,2021-04-28,77382,6196838,41062,3078654,34879,2836007,1441,282177,33721,1369672,0.15743,43392,2557889,0.294003,35389,3927561,0.451432,8700223
1,2021-04-29,80497,6277335,44226,3122880,34710,2870717,1561,283738,32500,1356176,0.155878,47717,2605606,0.299487,34221,3961782,0.455366,8700223
1,2021-04-30,88178,6365513,47965,3170845,38404,2909121,1809,285547,36610,1343470,0.154418,51293,2656899,0.305383,38587,4000369,0.459801,8700223
1,2021-05-01,61482,6426995,39891,3210736,20225,2929346,1366,286913,25833,1335432,0.153494,35467,2692366,0.309459,27429,4027798,0.462953,8700223
1,2021-05-02,23124,6450119,16353,3227089,6212,2935558,559,287472,9408,1331824,0.153079,13606,2705972,0.311023,9998,4037796,0.464103,8700223
1,2021-05-03,53935,6504054,30153,3257242,22007,2957565,1775,289247,19559,1319032,0.151609,34183,2740155,0.314952,21391,4059187,0.466561,8700223
1,2021-05-04,72239,6576293,41499,3298741,28722,2986287,2018,291265,26024,1301207,0.14956,45953,2786108,0.320234,28128,4087315,0.469794,8700223
1,2021-05-05,73894,6650187,42497,3341238,29166,3015453,2231,293496,25109,1280125,0.147137,48492,2834600,0.325808,27410,4114725,0.472945,8700223
1,2021-05-06,75633,6725820,45293,3386531,28186,3043639,2154,295650,23917,1254977,0.144247,51376,2885976,0.331713,26228,4140953,0.475959,8700223
1,2021-05-07,79230,6805050,45161,3431692,31926,3075565,2143,297793,26686,1231685,0.141569,52178,2938154,0.33771,28886,4169839,0.47928,8700223
1,2021-05-08,54022,6859072,33696,3465388,18791,3094356,1535,299328,18358,1216357,0.139808,35313,2973467,0.341769,19985,4189824,0.481577,8700223
1,2021-05-09,17620,6876692,12494,3477882,4655,3099011,471,299799,5445,1210244,0.139105,12062,2985529,0.343155,5949,4195773,0.48226,8700223
1,2021-05-10,41597,6918289,20861,3498743,19001,3118012,1735,301534,13922,1198601,0.137767,27390,3012919,0.346304,15747,4211520,0.48407,8700223
1,2021-05-11,58054,6976343,31126,3529869,24911,3142923,2017,303551,18924,1180763,0.135716,38902,3051821,0.350775,21064,4232584,0.486491,8700223
1,2021-05-12,57289,7033632,29974,3559843,25440,3168363,1875,305426,18876,1163434,0.133725,38153,3089974,0.35516,20824,4253408,0.488885,8700223
1,2021-05-13,59856,7093488,34663,3594506,23302,3191665,1891,307317,22597,1151284,0.132328,36914,3126888,0.359403,24764,4278172,0.491731,8700223
1,2021-05-14,73100,7166588,44112,3638618,26691,3218356,2297,309614,29752,1140602,0.1311,43039,3169927,0.36435,32357,4310529,0.49545,8700223
1,2021-05-15,63004,7229592,41663,3680281,19681,3238037,1660,311274,24926,1129418,0.129815,37853,3207780,0.368701,26669,4337198,0.498516,8700223
1,2021-05-16,23905,7253497,17440,3697721,5852,3243889,613,311887,9646,1125568,0.129372,14164,3221944,0.370329,10314,4347512,0.499701,8700223
1,2021-05-17,52914,7306411,32577,3730298,18649,3262538,1688,313575,23682,1122019,0.128964,29010,3250954,0.373663,25461,4372973,0.502628,8700223
1,2021-05-18,63249,7369660,38314,3768612,23167,3285705,1768,315343,28717,1118317,0.128539,34274,3285228,0.377603,30572,4403545,0.506142,8700223
1,2021-05-19,65159,7434819,39843,3808455,23419,3309124,1897,317240,30071,1115542,0.12822,34832,3320060,0.381606,32057,4435602,0.509826,8700223
1,2021-05-20,54426,7489245,31799,3840254,20619,3329743,2008,319248,23461,1110490,0.127639,30706,3350766,0.385136,25654,4461256,0.512775,8700223
1,2021-05-21,59763,7549008,36128,3876382,21912,3351655,1723,320971,26030,1104917,0.126999,33419,3384185,0.388977,27846,4489102,0.515976,8700223
1,2021-05-22,46039,7595047,30838,3907220,13637,3365292,1564,322535,20948,1102612,0.126734,24911,3409096,0.39184,22606,4511708,0.518574,8700223
1,2021-05-23,13882,7608929,10662,3917882,2722,3368014,498,323033,7227,1103773,0.126867,6584,3415680,0.392597,7745,4519453,0.519464,8700223
1,2021-05-24,41986,7650915,23319,3941201,16889,3384903,1778,324811,17701,1099257,0.126348,24074,3439754,0.395364,19558,4539011,0.521712,8700223
1,2021-05-25,49938,7700853,29156,3970357,19163,3404066,1619,326430,21585,1094433,0.125794,28122,3467876,0.398596,23298,4562309,0.52439,8700223
1,2021-05-26,46974,7747827,26814,3997171,18339,3422405,1821,328251,20519,1090656,0.12536,26186,3494062,0.401606,22409,4584718,0.526966,8700223
1,2021-05-27,46046,7793873,25986,4023157,18253,3440658,1807,330058,20543,1087876,0.12504,25251,3519313,0.404508,22471,4607189,0.529548,8700223
1,2021-05-28,51151,7845024,28620,4051777,20807,3461465,1724,331782,23302,1085437,0.12476,27600,3546913,0.407681,25161,4632350,0.53244,8700223
1,2021-05-29,29573,7874597,18114,4069891,10540,3472005,919,332701,14520,1085995,0.124824,14953,3561866,0.409399,15511,4647861,0.534223,8700223
1,2021-05-30,11391,7885988,7360,4077251,3499,3475504,532,333233,5558,1086322,0.124861,5793,3567659,0.410065,6120,4653981,0.534927,8700223
1,2021-05-31,5637,7891625,3226,4080477,2164,3477668,247,333480,1987,1084958,0.124705,3610,3571269,0.41048,2246,4656227,0.535185,8700223
1,2021-06-01,44253,7935878,25192,4105669,17623,3495291,1438,334918,17951,1078396,0.12395,26048,3597317,0.413474,19486,4675713,0.537425,8700223
1,2021-06-02,38360,7974238,22581,4128250,14373,3509664,1406,336324,16622,1075028,0.123563,21485,3618802,0.415944,18117,4693830,0.539507,8700223
1,2021-06-03,23734,7997972,15459,4143709,7103,3516767,1172,337496,8854,1070393,0.123031,14719,3633521,0.417635,10084,4703914,0.540666,8700223
2,2020-12-15,236,236,236,236,0,0,0,0,236,236,2.8e-05,0,0,0.0,236,236,2.8e-05,8407551
2,2020-12-16,2084,2320,2084,2320,0,0,0,0,2083,2319,0.000276,0,0,0.0,2083,2319,0.000276,8407551
2,2020-12-17,6712,9032,6712,9032,0,0,0,0,6713,9032,0.001074,0,0,0.0,6713,9032,0.001074,8407551
2,2020-12-18,10842,19874,10823,19855,19,19,0,0,10844,19876,0.002364,0,0,0.0,10844,19876,0.002364,8407551
2,2020-12-19,5584,25458,5578,25433,6,25,0,0,5586,25462,0.003028,0,0,0.0,5586,25462,0.003028,8407551
2,2020-12-20,4220,29678,4211,29644,9,34,0,0,4216,29678,0.00353,0,0,0.0,4216,29678,0.00353,8407551
2,2020-12-21,12771,42449,12747,42391,24,58,0,0,12725,42403,0.005043,0,0,0.0,12725,42403,0.005043,8407551
2,2020-12-22,12099,54548,11588,53979,511,569,0,0,12099,54502,0.006483,0,0,0.0,12099,54502,0.006483,8407551
2,2020-12-23,11728,66276,9519,63498,2209,2778,0,0,11731,66233,0.007878,1,1,0.0,11732,66234,0.007878,8407551
2,2020-12-24,5855,72131,3495,66993,2360,5138,0,0,5852,72085,0.008574,2,3,0.0,5854,72088,0.008574,8407551
2,2020-12-25,480,72611,403,67396,77,5215,0,0,481,72566,0.008631,0,3,0.0,481,72569,0.008631,8407551
2,2020-12-26,2576,75187,1672,69068,904,6119,0,0,2577,75143,0.008938,0,3,0.0,2577,75146,0.008938,8407551
2,2020-12-27,2225,77412,1206,70274,1019,7138,0,0,2223,77365,0.009202,1,4,0.0,2223,77369,0.009202,8407551
2,2020-12-28,10980,88392,7150,77424,3830,10968,0,0,10980,88344,0.010508,1,5,1e-06,10980,88349,0.010508,8407551
2,2020-12-29,12638,101030,7119,84543,5519,16487,0,0,12643,100987,0.012011,0,5,1e-06,12643,100992,0.012012,8407551
2,2020-12-30,15339,116369,8632,93175,6707,23194,0,0,15356,116342,0.013838,3,8,1e-06,15358,116350,0.013839,8407551
2,2020-12-31,7507,123876,2807,95982,4700,27894,0,0,7505,123846,0.01473,1,9,1e-06,7505,123855,0.014731,8407551
2,2021-01-01,1137,125013,546,96528,591,28485,0,0,1139,124984,0.014866,1,10,1e-06,1139,124994,0.014867,8407551
2,2021-01-02,4810,129823,2741,99269,2069,30554,0,0,4808,129792,0.015438,0,10,1e-06,4808,129802,0.015439,8407551
2,2021-01-03,1380,131203,790,100059,590,31144,0,0,1375,131164,0.015601,3,13,2e-06,1375,131177,0.015602,8407551
2,2021-01-04,11616,142819,5549,105608,6067,37211,0,0,11604,142764,0.01698,4,17,2e-06,11604,142781,0.016982,8407551
2,2021-01-05,13828,156647,6900,112508,6928,44139,0,0,12646,154265,0.018348,1176,1193,0.000142,12677,155458,0.01849,8407551
2,2021-01-06,18944,175591,10447,122955,8497,52636,0,0,15220,165816,0.019722,3676,4869,0.000579,15227,170685,0.020301,8407551
2,2021-01-07,22932,198523,12872,135827,10060,62696,0,0,15563,174008,0.020697,7384,12253,0.001457,15576,186261,0.022154,8407551
2,2021-01-08,26379,224902,15973,151800,10406,73102,0,0,16333,180346,0.02145,10013,22266,0.002648,16351,202612,0.024099,8407551
2,2021-01-09,9756,234658,5670,157470,4086,77188,0,0,6258,183091,0.021777,3519,25785,0.003067,6264,208876,0.024844,8407551
2,2021-01-10,5280,239938,2921,160391,2359,79547,0,0,3069,183931,0.021877,2233,28018,0.003332,3073,211949,0.025209,8407551
2,2021-01-11,25926,265864,17811,178202,8115,87662,0,0,14993,188006,0.022362,10967,38985,0.004637,15042,226991,0.026998,8407551
2,2021-01-12,26094,291958,16230,194432,9864,97526,0,0,16623,195201,0.023217,9499,48484,0.005767,16694,243685,0.028984,8407551
2,2021-01-13,28464,320422,15093,209525,13371,110897,0,0,20551,207868,0.024724,7906,56390,0.006707,20573,264258,0.031431,8407551
2,2021-01-14,30112,350534,11432,220957,18680,129577,0,0,25914,229618,0.027311,4222,60612,0.007209,25972,290230,0.03452,8407551
2,2021-01-15,34987,385521,12753,233710,22234,151811,0,0,31750,258194,0.03071,3247,63859,0.007595,31823,322053,0.038305,8407551
2,2021-01-16,17562,403083,5604,239314,11958,163769,0,0,16252,273119,0.032485,1337,65196,0.007754,16262,338315,0.040239,8407551
2,2021-01-17,10626,413709,3586,242900,7040,170809,0,0,9921,282317,0.033579,731,65927,0.007841,9929,348244,0.04142,8407551
2,2021-01-18,19644,433353,10991,253891,8653,179462,0,0,14878,292461,0.034786,4783,70710,0.00841,14927,363171,0.043196,8407551
2,2021-01-19,32347,465700,16894,270785,15453,194915,0,0,24407,309038,0.036757,7944,78654,0.009355,24521,387692,0.046112,8407551
2,2021-01-20,37008,502708,18556,289341,18452,213367,0,0,28415,328969,0.039128,8573,87227,0.010375,28504,416196,0.049503,8407551
2,2021-01-21,40422,543130,17123,306464,23299,236666,0,0,36005,360740,0.042907,4393,91620,0.010897,36164,452360,0.053804,8407551
2,2021-01-22,39187,582317,16380,322844,22807,259473,0,0,35901,393378,0.046789,3287,94907,0.011288,35925,488285,0.058077,8407551
2,2021-01-23,23982,606299,10802,333646,13180,272653,0,0,21041,411528,0.048947,2918,97825,0.011635,21068,509353,0.060583,8407551
2,2021-01-24,12441,618740,6147,339793,6294,278947,0,0,11528,422168,0.050213,899,98724,0.011742,11539,520892,0.061955,8407551
2,2021-01-25,33734,652474,15603,355396,18131,297078,0,0,25003,438618,0.05217,8679,107403,0.012775,25129,546021,0.064944,8407551
2,2021-01-26,40143,692617,19806,375202,20337,317415,0,0,31184,460940,0.054825,8939,116342,0.013838,31261,577282,0.068662,8407551
2,2021-01-27,45536,738153,22888,398090,22648,340063,0,0,35508,486588,0.057875,9918,126260,0.015017,35566,612848,0.072893,8407551
2,2021-01-28,47986,786139,22699,420789,25287,365350,0,0,39431,517583,0.061562,8501,134761,0.016029,39496,652344,0.07759,8407551
2,2021-01-29,45522,831661,22265,443054,23257,388607,0,0,36973,546169,0.064962,8446,143207,0.017033,37032,689376,0.081995,8407551
2,2021-01-30,31393,863054,13737,456791,17656,406263,0,0,28091,571025,0.067918,3264,146471,0.017421,28120,717496,0.085339,8407551
2,2021-01-31,17401,880455,10490,467281,6911,413174,0,0,16246,586150,0.069717,1139,147610,0.017557,16264,733760,0.087274,8407551
2,2021-02-01,40916,921371,19852,487133,21064,434238,0,0,30175,605658,0.072037,10706,158316,0.01883,30214,763974,0.090868,8407551
2,2021-02-02,47559,968930,19406,506539,28153,462391,0,0,36256,630775,0.075025,11235,169551,0.020167,36352,800326,0.095191,8407551
2,2021-02-03,53907,1022837,24088,530627,29819,492210,0,0,39906,656869,0.078128,13904,183455,0.02182,39998,840324,0.099949,8407551
2,2021-02-04,55795,1078632,24210,554837,31585,523795,0,0,40860,682983,0.081234,14843,198298,0.023586,40957,881281,0.10482,8407551
2,2021-02-05,59543,1138175,26307,581144,33236,557031,0,0,40378,704534,0.083798,18993,217291,0.025845,40544,921825,0.109643,8407551
2,2021-02-06,38875,1177050,18187,599331,20688,577719,0,0,31250,728318,0.086627,7555,224846,0.026743,31339,953164,0.11337,8407551
2,2021-02-07,15954,1193004,10689,610020,5265,582984,0,0,12136,736724,0.087626,3796,228642,0.027195,12202,965366,0.114821,8407551
2,2021-02-08,43331,1236335,22404,632424,20927,603911,0,0,29894,753517,0.089624,13295,241937,0.028776,30088,995454,0.1184,8407551
2,2021-02-09,49246,1285581,23503,655927,25743,629654,0,0,30673,766196,0.091132,18318,260255,0.030955,30997,1026451,0.122087,8407551
2,2021-02-10,59346,1344927,28088,684015,31258,660912,0,0,34620,776719,0.092384,24451,284706,0.033863,34974,1061425,0.126247,8407551
2,2021-02-11,63888,1408815,29666,713681,34222,695134,0,0,36028,785640,0.093445,27596,312302,0.037145,36517,1097942,0.13059,8407551
2,2021-02-12,64860,1473675,28088,741769,36772,731906,0,0,34595,790902,0.09407,29989,342291,0.040712,35251,1133193,0.134783,8407551
2,2021-02-13,37521,1511196,15742,757511,21779,753685,0,0,21767,797370,0.09484,15676,357967,0.042577,22144,1155337,0.137417,8407551
2,2021-02-14,19918,1531114,9329,766840,10589,764274,0,0,11210,800269,0.095185,8668,366635,0.043608,11567,1166904,0.138792,8407551
2,2021-02-15,32983,1564097,14922,781762,18061,782335,0,0,18328,804907,0.095736,14542,381177,0.045337,19180,1186084,0.141074,8407551
2,2021-02-16,55947,1620044,27659,809421,28288,810623,0,0,29501,808718,0.096189,26360,407537,0.048473,30171,1216255,0.144662,8407551
2,2021-02-17,61250,1681294,31689,841110,29561,840184,0,0,30489,809323,0.096261,30704,438241,0.052125,31309,1247564,0.148386,8407551
2,2021-02-18,65746,1747040,33417,874527,32329,872513,0,0,32071,809063,0.096231,33465,471706,0.056105,33205,1280769,0.152336,8407551
2,2021-02-19,58829,1805869,32801,907328,26028,898541,0,0,29237,809456,0.096277,29446,501152,0.059607,29839,1310608,0.155885,8407551
2,2021-02-20,37055,1842924,24231,931559,12824,911365,0,0,20161,813482,0.096756,16817,517969,0.061608,20843,1331451,0.158364,8407551
2,2021-02-21,20658,1863582,17211,948770,3447,914812,0,0,9913,813534,0.096762,10676,528645,0.062877,10728,1342179,0.15964,8407551
2,2021-02-22,37329,1900911,25612,974382,11717,926529,0,0,17855,812688,0.096662,19389,548034,0.065184,18543,1360722,0.161845,8407551
2,2021-02-23,51471,1952382,26402,1000784,25069,951598,0,0,22680,808651,0.096182,28612,576646,0.068587,24575,1385297,0.164768,8407551
2,2021-02-24,68215,2020597,35171,1035955,33044,984642,0,0,31386,805709,0.095832,36689,613335,0.07295,33747,1419044,0.168782,8407551
2,2021-02-25,73692,2094289,34691,1070646,39001,1023643,0,0,37467,809956,0.096337,36021,649356,0.077235,40268,1459312,0.173572,8407551
2,2021-02-26,81884,2176173,34958,1105604,46926,1070569,0,0,44290,819088,0.097423,37347,686703,0.081677,46479,1505791,0.1791,8407551
2,2021-02-27,59912,2236085,27716,1133320,32190,1102759,6,6,32655,826011,0.098246,27066,713769,0.084896,33989,1539780,0.183143,8407551
2,2021-02-28,28982,2265067,17402,1150722,11579,1114338,1,7,16878,831702,0.098923,12018,725787,0.086326,17709,1557489,0.185249,8407551
2,2021-03-01,56068,2321135,29640,1180362,26402,1140740,26,33,30578,838238,0.099701,25258,751045,0.08933,31794,1589283,0.18903,8407551
2,2021-03-02,67559,2388694,32634,1212996,34920,1175660,5,38,38302,849755,0.10107,29133,780178,0.092795,40650,1629933,0.193865,8407551
2,2021-03-03,78871,2467565,38241,1251237,40618,1216278,12,50,44533,862684,0.102608,34173,814351,0.096859,47102,1677035,0.199468,8407551
2,2021-03-04,86824,2554389,42959,1294196,43837,1260115,28,78,50138,878728,0.104517,36501,850852,0.101201,52545,1729580,0.205717,8407551
2,2021-03-05,80324,2634713,38148,1332344,41874,1301989,302,380,49425,900112,0.10706,30719,881571,0.104855,52103,1781683,0.211915,8407551
2,2021-03-06,62358,2697071,30508,1362852,30167,1332156,1683,2063,38453,917888,0.109174,23804,905375,0.107686,41580,1823263,0.21686,8407551
2,2021-03-07,27508,2724579,16142,1378994,10399,1342555,967,3030,17739,927995,0.110376,9712,915087,0.108841,19819,1843082,0.219217,8407551
2,2021-03-08,49648,2774227,22871,1401865,24323,1366878,2454,5484,31467,945476,0.112456,18088,933175,0.110992,35569,1878651,0.223448,8407551
2,2021-03-09,69314,2843541,31774,1433639,33771,1400649,3769,9253,38703,958806,0.114041,30502,963677,0.11462,43832,1922483,0.228661,8407551
2,2021-03-10,77146,2920687,36689,1470328,33925,1434574,6532,15785,41190,972102,0.115622,35786,999463,0.118877,49082,1971565,0.234499,8407551
2,2021-03-11,92033,3012720,42488,1512816,41213,1475787,8332,24117,48422,986918,0.117385,43353,1042816,0.124033,58169,2029734,0.241418,8407551
2,2021-03-12,92977,3105697,38428,1551244,42583,1518370,11966,36083,46752,1001089,0.11907,46032,1088848,0.129508,60203,2089937,0.248579,8407551
2,2021-03-13,68273,3173970,28788,1580032,31583,1549953,7902,43985,37771,1017707,0.121047,30391,1119239,0.133123,47009,2136946,0.25417,8407551
2,2021-03-14,36508,3210478,18230,1598262,13761,1563714,4517,48502,18718,1024001,0.121795,17706,1136945,0.135229,24000,2160946,0.257024,8407551
2,2021-03-15,66797,3277275,30219,1628481,31593,1595307,4985,53487,37134,1037746,0.12343,29485,1166430,0.138736,43230,2204176,0.262166,8407551
2,2021-03-16,85674,3362949,37933,1666414,43764,1639071,3977,57464,52315,1061964,0.126311,33208,1199638,0.142686,57426,2261602,0.268997,8407551
2,2021-03-17,91730,3454679,43976,1710390,43632,1682703,4122,61586,58579,1092585,0.129953,32935,1232573,0.146603,63556,2325158,0.276556,8407551
2,2021-03-18,96955,3551634,46311,1756701,46181,1728884,4463,66049,59830,1120587,0.133283,36861,1269434,0.150987,64863,2390021,0.284271,8407551
2,2021-03-19,96733,3648367,45724,1802425,44904,1773788,6105,72154,58092,1146913,0.136415,38388,1307822,0.155553,64714,2454735,0.291968,8407551
2,2021-03-20,69288,3717655,33548,1835973,31831,1805619,3909,76063,45786,1173657,0.139596,23302,1331124,0.158325,50046,2504781,0.29792,8407551
2,2021-03-21,32962,3750617,21329,1857302,9664,1815283,1969,78032,20826,1184845,0.140926,12032,1343156,0.159756,23220,2528001,0.300682,8407551
2,2021-03-22,62241,3812858,34189,1891491,25417,1840700,2635,80667,41747,1209825,0.143897,20297,1363453,0.16217,45277,2573278,0.306067,8407551
2,2021-03-23,83011,3895869,44094,1935585,36028,1876728,2889,83556,52345,1235478,0.146949,30428,1393881,0.165789,56081,2629359,0.312738,8407551
2,2021-03-24,90952,3986821,49071,1984656,38743,1915471,3138,86694,54027,1256828,0.149488,36643,1430524,0.170148,57993,2687352,0.319636,8407551
2,2021-03-25,100579,4087400,50767,2035423,45933,1961404,3879,90573,57504,1276198,0.151792,42787,1473311,0.175237,62157,2749509,0.327029,8407551
2,2021-03-26,102716,4190116,51109,2086532,48138,2009542,3469,94042,56756,1291851,0.153654,45635,1518946,0.180665,61288,2810797,0.334318,8407551
2,2021-03-27,74936,4265052,37482,2124014,34154,2043696,3300,97342,37982,1297263,0.154297,36742,1555688,0.185035,42154,2852951,0.339332,8407551
2,2021-03-28,37416,4302468,23113,2147127,13498,2057194,805,98147,20438,1302372,0.154905,16868,1572556,0.187041,21977,2874928,0.341946,8407551
2,2021-03-29,70772,4373240,36156,2183283,32367,2089561,2249,100396,40715,1316345,0.156567,29898,1602454,0.190597,43871,2918799,0.347164,8407551
2,2021-03-30,91360,4464600,44831,2228114,42199,2131760,4330,104726,51676,1333468,0.158604,39500,1641954,0.195295,56623,2975422,0.353899,8407551
2,2021-03-31,100747,4565347,52027,2280141,43638,2175398,5082,109808,57853,1354134,0.161062,42639,1684593,0.200367,63305,3038727,0.361428,8407551
2,2021-04-01,116763,4682110,56497,2336638,51147,2226545,9119,118927,64076,1375431,0.163595,52380,1736973,0.206597,73677,3112404,0.370192,8407551
2,2021-04-02,111132,4793242,51327,2387965,49706,2276251,10099,129026,60179,1395614,0.165995,50626,1787599,0.212618,70809,3183213,0.378614,8407551
2,2021-04-03,76323,4869565,37442,2425407,29124,2305375,9757,138783,38031,1405699,0.167195,38114,1825713,0.217152,48199,3231412,0.384346,8407551
2,2021-04-04,28960,4898525,14883,2440290,10241,2315616,3836,142619,13110,1406922,0.16734,15770,1841483,0.219027,16993,3248405,0.386368,8407551
2,2021-04-05,78634,4977159,38624,2478914,31296,2346912,8714,151333,38398,1414747,0.168271,40097,1881580,0.223796,47922,3296327,0.392067,8407551
2,2021-04-06,103310,5080469,50312,2529226,38339,2385251,14659,165992,49268,1425353,0.169532,53814,1935394,0.230197,64420,3360747,0.39973,8407551
2,2021-04-07,109803,5190272,54846,2584072,38819,2424070,16138,182130,52033,1436441,0.170851,57518,1992912,0.237038,68606,3429353,0.40789,8407551
2,2021-04-08,118713,5308985,57183,2641255,42914,2466984,18616,200746,55327,1448195,0.172249,63111,2056023,0.244545,74865,3504218,0.416794,8407551
2,2021-04-09,118091,5427076,56890,2698145,43188,2510172,18013,218759,56034,1461720,0.173858,61747,2117770,0.251889,75272,3579490,0.425747,8407551
2,2021-04-10,86684,5513760,37573,2735718,30871,2541043,18240,236999,36012,1466377,0.174412,50447,2168217,0.257889,55104,3634594,0.432301,8407551
2,2021-04-11,44138,5557898,22864,2758582,12746,2553789,8528,245527,18034,1467777,0.174578,25983,2194200,0.26098,27383,3661977,0.435558,8407551
2,2021-04-12,79264,5637162,36930,2795512,33031,2586820,9303,254830,35595,1470334,0.174883,43438,2237638,0.266146,45995,3707972,0.441029,8407551
2,2021-04-13,100857,5738019,52291,2847803,48312,2635132,254,255084,55398,1481678,0.176232,45250,2282888,0.271528,56594,3764566,0.44776,8407551
2,2021-04-14,105413,5843432,55289,2903092,50074,2685206,50,255134,54239,1486562,0.176813,50932,2333820,0.277586,55816,3820382,0.454399,8407551
2,2021-04-15,111851,5955283,59590,2962682,52195,2737401,66,255200,58862,1493886,0.177684,52657,2386477,0.283849,59981,3880363,0.461533,8407551
2,2021-04-16,109094,6064377,56698,3019380,52346,2789747,50,255250,55573,1497112,0.178068,53237,2439714,0.290181,56463,3936826,0.468249,8407551
2,2021-04-17,81932,6146309,41641,3061021,40277,2830024,14,255264,46059,1508379,0.179408,35665,2475379,0.294423,46932,3983758,0.473831,8407551
2,2021-04-18,34025,6180334,20308,3081329,13712,2843736,5,255269,16294,1508026,0.179366,17621,2493000,0.296519,17268,4001026,0.475885,8407551
2,2021-04-19,73564,6253898,39708,3121037,33844,2877580,12,255281,33725,1502762,0.17874,39615,2532615,0.301231,34351,4035377,0.479971,8407551
2,2021-04-20,94825,6348723,47362,3168399,47438,2925018,25,255306,46266,1501519,0.178592,48270,2580885,0.306972,47027,4082404,0.485564,8407551
2,2021-04-21,99095,6447818,52674,3221073,46367,2971385,54,255360,46974,1497652,0.178132,51775,2632660,0.31313,47908,4130312,0.491262,8407551
2,2021-04-22,105316,6553134,53947,3275020,51349,3022734,20,255380,46247,1486053,0.176752,58743,2691403,0.320117,47144,4177456,0.49687,8407551
2,2021-04-23,104668,6657802,55201,3330221,49450,3072184,17,255397,48421,1479517,0.175975,55888,2747291,0.326765,49352,4226808,0.50274,8407551
2,2021-04-24,79347,6737149,46958,3377179,32351,3104535,38,255435,41515,1484457,0.176562,37536,2784827,0.331229,42476,4269284,0.507792,8407551
2,2021-04-25,36034,6773183,22339,3399518,13681,3118216,14,255449,19737,1488486,0.177042,16181,2801008,0.333154,20210,4289494,0.510195,8407551
2,2021-04-26,68110,6841293,37886,3437404,29933,3148149,291,255740,31199,1484684,0.176589,36684,2837692,0.337517,32882,4322376,0.514106,8407551
2,2021-04-27,83140,6924433,43742,3481146,38215,3186364,1183,256923,35716,1475625,0.175512,47146,2884838,0.343125,38087,4360463,0.518637,8407551
2,2021-04-28,85125,7009558,45101,3526247,38178,3224542,1846,258769,37302,1468099,0.174617,47558,2932396,0.348781,40032,4400495,0.523398,8407551
2,2021-04-29,87714,7097272,47277,3573524,38762,3263304,1675,260444,33667,1450284,0.172498,53748,2986144,0.355174,35933,4436428,0.527672,8407551
2,2021-04-30,91859,7189131,50613,3624137,39292,3302596,1954,262398,35555,1432493,0.170382,55946,3042090,0.361828,38155,4474583,0.53221,8407551
2,2021-05-01,61099,7250230,37353,3661490,22206,3324802,1540,263938,23928,1421867,0.169118,36934,3079024,0.366221,26308,4500891,0.535339,8407551
2,2021-05-02,29049,7279279,20138,3681628,7938,3332740,973,264911,11081,1416167,0.16844,17844,3096868,0.368344,12144,4513035,0.536784,8407551
2,2021-05-03,59337,7338616,35217,3716845,22092,3354832,2028,266939,19922,1399193,0.166421,39183,3136051,0.373004,22209,4535244,0.539425,8407551
2,2021-05-04,77630,7416246,46013,3762858,29266,3384098,2351,269290,25315,1375220,0.16357,52032,3188083,0.379193,28059,4563303,0.542762,8407551
2,2021-05-05,77885,7494131,46045,3808903,29512,3413610,2328,271618,24408,1349134,0.160467,53159,3241242,0.385516,27073,4590376,0.545983,8407551
2,2021-05-06,80158,7574289,48165,3857068,29106,3442716,2887,274505,24586,1322075,0.157249,55162,3296404,0.392077,28103,4618479,0.549325,8407551
2,2021-05-07,81173,7655462,46661,3903729,32105,3474821,2407,276912,25097,1294261,0.15394,55767,3352171,0.39871,27953,4646432,0.55265,8407551
2,2021-05-08,52927,7708389,31985,3935714,19292,3494113,1650,278562,16626,1277179,0.151909,36065,3388236,0.402999,18983,4665415,0.554908,8407551
2,2021-05-09,21175,7729564,15155,3950869,5280,3499393,740,279302,6343,1269775,0.151028,14712,3402948,0.404749,7308,4672723,0.555777,8407551
2,2021-05-10,48626,7778190,26340,3977209,20456,3519849,1830,281132,13909,1251617,0.148868,34500,3437448,0.408852,16342,4689065,0.557721,8407551
2,2021-05-11,62077,7840267,32897,4010106,27195,3547044,1985,283117,18736,1229902,0.146285,43088,3480536,0.413977,21373,4710438,0.560263,8407551
2,2021-05-12,60516,7900783,31833,4041939,26661,3573705,2022,285139,18108,1208236,0.143708,42164,3522700,0.418992,20498,4730936,0.562701,8407551
2,2021-05-13,64389,7965172,37277,4079216,25260,3598965,1852,286991,23529,1193682,0.141977,40619,3563319,0.423824,26065,4757001,0.565801,8407551
2,2021-05-14,77000,8042172,46009,4125225,28812,3627777,2179,289170,30003,1179820,0.140329,46690,3610009,0.429377,32828,4789829,0.569706,8407551
2,2021-05-15,64456,8106628,42312,4167537,20485,3648262,1659,290829,24904,1167426,0.138854,39331,3649340,0.434055,26937,4816766,0.57291,8407551
2,2021-05-16,30319,8136947,22509,4190046,6890,3655152,920,291749,12297,1162866,0.138312,17910,3667250,0.436185,13350,4830116,0.574497,8407551
2,2021-05-17,57024,8193971,36210,4226256,18897,3674049,1917,293666,23825,1155988,0.137494,33010,3700260,0.440112,26132,4856248,0.577606,8407551
2,2021-05-18,68862,8262833,40321,4266577,26595,3700644,1946,295612,28614,1147091,0.136436,39999,3740259,0.444869,31102,4887350,0.581305,8407551
2,2021-05-19,67672,8330505,40162,4306739,25551,3726195,1959,297571,28050,1138225,0.135381,39341,3779600,0.449548,30475,4917825,0.58493,8407551
2,2021-05-20,58589,8389094,33654,4340393,22930,3749125,2005,299576,23197,1128804,0.134261,35157,3814757,0.45373,25736,4943561,0.587991,8407551
2,2021-05-21,61502,8450596,36197,4376590,23351,3772476,1954,301530,24569,1119104,0.133107,36687,3851444,0.458093,26987,4970548,0.5912,8407551
2,2021-05-22,43854,8494450,27991,4404581,14278,3786754,1585,303115,18914,1115264,0.13265,24788,3876232,0.461042,20948,4991496,0.593692,8407551
2,2021-05-23,16890,8511340,12359,4416940,3934,3790688,597,303712,7736,1114594,0.132571,9084,3885316,0.462122,8414,4999910,0.594693,8407551
2,2021-05-24,43083,8554423,24222,4441162,17121,3807809,1740,305452,17020,1107833,0.131766,25863,3911179,0.465198,19102,5019012,0.596965,8407551
2,2021-05-25,49783,8604206,29217,4470379,18739,3826548,1827,307279,19568,1099820,0.130813,29941,3941120,0.46876,21928,5040940,0.599573,8407551
2,2021-05-26,47460,8651666,26712,4497091,19150,3845698,1598,308877,19191,1093027,0.130005,27993,3969113,0.472089,21200,5062140,0.602094,8407551
2,2021-05-27,45397,8697063,25752,4522843,17973,3863671,1672,310549,18709,1087463,0.129344,26489,3995602,0.47524,20925,5083065,0.604583,8407551
2,2021-05-28,48617,8745680,26996,4549839,19682,3883353,1939,312488,20602,1082732,0.128781,27788,4023390,0.478545,23057,5106122,0.607326,8407551
2,2021-05-29,28197,8773877,16996,4566835,10173,3893526,1028,313516,13280,1082466,0.128749,14786,4038176,0.480303,14520,5120642,0.609053,8407551
2,2021-05-30,12438,8786315,8002,4574837,3676,3897202,760,314276,5559,1082036,0.128698,6837,4045013,0.481117,6407,5127049,0.609815,8407551
2,2021-05-31,5799,8792114,3403,4578240,2102,3899304,294,314570,1845,1080316,0.128494,3923,4048936,0.481583,2203,5129252,0.610077,8407551
2,2021-06-01,43488,8835602,25147,4603387,16818,3916122,1523,316093,16262,1071546,0.12745,26977,4075913,0.484792,18207,5147459,0.612242,8407551
2,2021-06-02,36593,8872195,21513,4624900,13709,3929831,1371,317464,15150,1067184,0.126932,21220,4097133,0.487316,16858,5164317,0.614247,8407551
2,2021-06-03,22364,8894559,15119,4640019,6331,3936162,914,318378,6837,1059812,0.126055,15414,4112547,0.489149,8042,5172359,0.615204,8407551
3,2020-12-15,304,304,304,304,0,0,0,0,304,304,3.7e-05,0,0,0.0,304,304,3.7e-05,8129050
3,2020-12-16,2311,2615,2311,2615,0,0,0,0,2312,2616,0.000322,0,0,0.0,2312,2616,0.000322,8129050
3,2020-12-17,7660,10275,7660,10275,0,0,0,0,7660,10276,0.001264,0,0,0.0,7660,10276,0.001264,8129050
3,2020-12-18,13100,23375,13087,23362,13,13,0,0,13099,23375,0.002875,0,0,0.0,13099,23375,0.002875,8129050
3,2020-12-19,7191,30566,7180,30542,11,24,0,0,7255,30630,0.003768,0,0,0.0,7255,30630,0.003768,8129050
3,2020-12-20,5642,36208,5635,36177,7,31,0,0,5689,36318,0.004468,1,1,0.0,5689,36319,0.004468,8129050
3,2020-12-21,14336,50544,14311,50488,25,56,0,0,14399,50716,0.006239,1,2,0.0,14399,50718,0.006239,8129050
3,2020-12-22,14769,65313,14193,64681,576,632,0,0,14808,65524,0.00806,0,2,0.0,14808,65526,0.008061,8129050
3,2020-12-23,14802,80115,12202,76883,2600,3232,0,0,14827,80351,0.009884,1,3,0.0,14828,80354,0.009885,8129050
3,2020-12-24,6798,86913,4880,81763,1918,5150,0,0,6796,87146,0.01072,1,4,0.0,6796,87150,0.010721,8129050
3,2020-12-25,725,87638,669,82432,56,5206,0,0,724,87870,0.010809,0,4,0.0,724,87874,0.01081,8129050
3,2020-12-26,4617,92255,2992,85424,1625,6831,0,0,4615,92485,0.011377,0,4,0.0,4615,92489,0.011378,8129050
3,2020-12-27,2964,95219,1841,87265,1123,7954,0,0,2965,95450,0.011742,0,4,0.0,2965,95454,0.011742,8129050
3,2020-12-28,13544,108763,8663,95928,4881,12835,0,0,13572,109021,0.013411,1,5,1e-06,13572,109026,0.013412,8129050
3,2020-12-29,14919,123682,8420,104348,6499,19334,0,0,14946,123965,0.01525,2,7,1e-06,14946,123972,0.01525,8129050
3,2020-12-30,17950,141632,9988,114336,7962,27296,0,0,17937,141902,0.017456,1,8,1e-06,17938,141910,0.017457,8129050
3,2020-12-31,8380,150012,3216,117552,5164,32460,0,0,8379,150280,0.018487,1,9,1e-06,8379,150289,0.018488,8129050
3,2021-01-01,1237,151249,566,118118,671,33131,0,0,1234,151514,0.018639,0,9,1e-06,1234,151523,0.01864,8129050
3,2021-01-02,4940,156189,2420,120538,2520,35651,0,0,4940,156454,0.019246,0,9,1e-06,4940,156463,0.019247,8129050
3,2021-01-03,1599,157788,840,121378,759,36410,0,0,1590,158040,0.019441,4,13,2e-06,1590,158053,0.019443,8129050
3,2021-01-04,11966,169754,5979,127357,5987,42397,0,0,11939,169972,0.020909,7,20,2e-06,11939,169992,0.020912,8129050
3,2021-01-05,15621,185375,8076,135433,7545,49942,0,0,14020,182429,0.022442,1588,1608,0.000198,14045,184037,0.022639,8129050
3,2021-01-06,20478,205853,10794,146227,9684,59626,0,0,16061,194121,0.02388,4377,5985,0.000736,16069,200106,0.024616,8129050
3,2021-01-07,26391,232244,15064,161291,11327,70953,0,0,17176,202126,0.024865,9186,15171,0.001866,17191,217297,0.026731,8129050
3,2021-01-08,30304,262548,18496,179787,11808,82761,0,0,18109,208084,0.025598,12174,27345,0.003364,18132,235429,0.028961,8129050
3,2021-01-09,12327,274875,6967,186754,5360,88121,0,0,7839,211449,0.026012,4482,31827,0.003915,7847,243276,0.029927,8129050
3,2021-01-10,7160,282035,4462,191216,2698,90819,0,0,4020,212336,0.026121,3138,34965,0.004301,4025,247301,0.030422,8129050
3,2021-01-11,28882,310917,18917,210133,9965,100784,0,0,16319,216142,0.026589,12557,47522,0.005846,16363,263664,0.032435,8129050
3,2021-01-12,32172,343089,19255,229388,12917,113701,0,0,19774,223620,0.027509,12382,59904,0.007369,19860,283524,0.034878,8129050
3,2021-01-13,34301,377390,17927,247315,16374,130075,0,0,24194,237724,0.029244,10108,70012,0.008613,24212,307736,0.037856,8129050
3,2021-01-14,34467,411857,14173,261488,20294,150369,0,0,28594,260511,0.032047,5841,75853,0.009331,28628,336364,0.041378,8129050
3,2021-01-15,38653,450510,14352,275840,24301,174670,0,0,34045,290021,0.035677,4599,80452,0.009897,34109,370473,0.045574,8129050
3,2021-01-16,21730,472240,7578,283418,14152,188822,0,0,19420,307166,0.037786,2296,82748,0.010179,19441,389914,0.047966,8129050
3,2021-01-17,13085,485325,4414,287832,8671,197493,0,0,12057,318215,0.039145,1027,83775,0.010306,12076,401990,0.049451,8129050
3,2021-01-18,24635,509960,12856,300688,11779,209272,0,0,19106,331816,0.040819,5547,89322,0.010988,19148,421138,0.051807,8129050
3,2021-01-19,40793,550753,20845,321533,19948,229220,0,0,31759,354647,0.043627,9008,98330,0.012096,31839,452977,0.055723,8129050
3,2021-01-20,44869,595622,22074,343607,22795,252015,0,0,35590,381078,0.046879,9235,107565,0.013232,35666,488643,0.060111,8129050
3,2021-01-21,47445,643067,20529,364136,26916,278931,0,0,42025,417819,0.051398,5348,112913,0.01389,42089,530732,0.065288,8129050
3,2021-01-22,49386,692453,19684,383820,29702,308633,0,0,45271,459031,0.056468,4121,117034,0.014397,45333,576065,0.070865,8129050
3,2021-01-23,30053,722506,12748,396568,17305,325938,0,0,26788,482613,0.059369,3255,120289,0.014797,26837,602902,0.074166,8129050
3,2021-01-24,17605,740111,8472,405040,9133,335071,0,0,16456,497952,0.061256,1146,121435,0.014938,16485,619387,0.076194,8129050
3,2021-01-25,40569,780680,18129,423169,22440,357511,0,0,30678,518842,0.063826,9871,131306,0.016153,30761,650148,0.079978,8129050
3,2021-01-26,46827,827507,22403,445572,24424,381935,0,0,36817,545759,0.067137,10000,141306,0.017383,36917,687065,0.08452,8129050
3,2021-01-27,51059,878566,24347,469919,26712,408647,0,0,40548,575941,0.07085,10442,151748,0.018667,40624,727689,0.089517,8129050
3,2021-01-28,51378,929944,23862,493781,27516,436163,0,0,42531,609758,0.07501,8765,160513,0.019746,42582,770271,0.094755,8129050
3,2021-01-29,50459,980403,24281,518062,26178,462341,0,0,40916,641365,0.078898,9357,169870,0.020897,40964,811235,0.099795,8129050
3,2021-01-30,36815,1017218,17559,535621,19256,481597,0,0,32126,668935,0.082289,4637,174507,0.021467,32207,843442,0.103757,8129050
3,2021-01-31,22086,1039304,12668,548289,9418,491015,0,0,20745,688365,0.08468,1331,175838,0.021631,20761,864203,0.10631,8129050
3,2021-02-01,45521,1084825,20828,569117,24693,515708,0,0,34821,712562,0.087656,10659,186497,0.022942,34856,899059,0.110598,8129050
3,2021-02-02,53955,1138780,22451,591568,31504,547212,0,0,41592,741926,0.091268,12279,198776,0.024453,41643,940702,0.115721,8129050
3,2021-02-03,59642,1198422,26593,618161,33049,580261,0,0,44348,771214,0.094871,15135,213911,0.026314,44423,985125,0.121186,8129050
3,2021-02-04,63965,1262387,27804,645965,36161,616422,0,0,46958,801459,0.098592,16820,230731,0.028384,47065,1032190,0.126975,8129050
3,2021-02-05,69782,1332169,29692,675657,40090,656512,0,0,48269,828596,0.10193,21297,252028,0.031003,48434,1080624,0.132934,8129050
3,2021-02-06,43440,1375609,21146,696803,22294,678806,0,0,33744,852856,0.104915,9665,261693,0.032192,33925,1114549,0.137107,8129050
3,2021-02-07,19461,1395070,12334,709137,7127,685933,0,0,14982,863498,0.106224,4467,266160,0.032742,15109,1129658,0.138966,8129050
3,2021-02-08,50911,1445981,24591,733728,26320,712253,0,0,33425,879725,0.10822,17382,283542,0.03488,33609,1163267,0.1431,8129050
3,2021-02-09,58184,1504165,28336,762064,29848,742101,0,0,34178,890411,0.109534,23837,307379,0.037812,34523,1197790,0.147347,8129050
3,2021-02-10,67490,1571655,31392,793456,36098,778199,0,0,36633,896938,0.110337,30634,338013,0.041581,37161,1234951,0.151918,8129050
3,2021-02-11,70165,1641820,34636,828092,35529,813728,0,0,37623,902890,0.11107,32203,370216,0.045542,38155,1273106,0.156612,8129050
3,2021-02-12,74839,1716659,32428,860520,42411,856139,0,0,41431,911963,0.112186,33123,403339,0.049617,42196,1315302,0.161803,8129050
3,2021-02-13,44579,1761238,20264,880784,24315,880454,0,0,25750,919562,0.11312,18733,422072,0.051921,26332,1341634,0.165042,8129050
3,2021-02-14,27082,1788320,13512,894296,13570,894024,0,0,15110,923196,0.113568,11926,433998,0.053389,15560,1357194,0.166956,8129050
3,2021-02-15,39756,1828076,17128,911424,22628,916652,0,0,22057,928570,0.114229,17616,451614,0.055556,22990,1380184,0.169784,8129050
3,2021-02-16,69487,1897563,32876,944300,36611,953263,0,0,36198,932633,0.114728,33159,484773,0.059635,37222,1417406,0.174363,8129050
3,2021-02-17,71221,1968784,36036,980336,35185,988448,0,0,33977,930647,0.114484,37034,521807,0.06419,35048,1452454,0.178675,8129050
3,2021-02-18,76272,2045056,39830,1020166,36442,1024890,0,0,35411,926682,0.113996,40720,562527,0.0692,36755,1489209,0.183196,8129050
3,2021-02-19,68038,2113094,39210,1059376,28828,1053718,0,0,34472,928379,0.114205,33467,595994,0.073317,35164,1524373,0.187522,8129050
3,2021-02-20,41615,2154709,26373,1085749,15242,1068960,0,0,22073,931493,0.114588,19454,615448,0.07571,22568,1546941,0.190298,8129050
3,2021-02-21,22437,2177146,18670,1104419,3767,1072727,0,0,10702,930915,0.114517,11672,627120,0.077146,11094,1558035,0.191663,8129050
3,2021-02-22,44910,2222056,29282,1133701,15628,1088355,0,0,21288,929147,0.1143,23546,650666,0.080042,21778,1579813,0.194342,8129050
3,2021-02-23,60390,2282446,32986,1166687,27404,1115759,0,0,26678,924236,0.113695,33570,684236,0.084172,28659,1608472,0.197867,8129050
3,2021-02-24,76301,2358747,37354,1204041,38947,1154706,0,0,34024,918650,0.113008,42119,726355,0.089353,36533,1645005,0.202361,8129050
3,2021-02-25,85255,2444002,41409,1245450,43846,1198552,0,0,42714,921636,0.113376,42315,768670,0.094558,45301,1690306,0.207934,8129050
3,2021-02-26,95600,2539602,43568,1289018,52032,1250584,0,0,50795,930150,0.114423,44479,813149,0.10003,52993,1743299,0.214453,8129050
3,2021-02-27,67637,2607239,31150,1320168,36484,1287068,3,3,35909,935820,0.11512,31549,844698,0.103911,37219,1780518,0.219031,8129050
3,2021-02-28,37678,2644917,21905,1342073,15772,1302840,1,4,19528,938294,0.115425,18004,862702,0.106126,20478,1800996,0.221551,8129050
3,2021-03-01,65966,2710883,35083,1377156,30864,1333704,19,23,36901,947640,0.116575,28906,891608,0.109682,38252,1839248,0.226256,8129050
3,2021-03-02,77558,2788441,38419,1415575,39134,1372838,5,28,45454,963176,0.118486,31986,923594,0.113616,47522,1886770,0.232102,8129050
3,2021-03-03,87928,2876369,42050,1457625,45862,1418700,16,44,49178,976064,0.120071,38576,962170,0.118362,51464,1938234,0.238433,8129050
3,2021-03-04,92463,2968832,45476,1503101,46971,1465671,16,60,52685,991447,0.121963,39589,1001759,0.123232,54972,1993206,0.245195,8129050
3,2021-03-05,88982,3057814,43766,1546867,44926,1510597,290,350,54451,1014096,0.12475,34317,1036076,0.127454,56966,2050172,0.252203,8129050
3,2021-03-06,64812,3122626,32834,1579701,29832,1540429,2146,2496,37280,1027598,0.126411,27401,1063477,0.130824,40903,2091075,0.257235,8129050
3,2021-03-07,37324,3159950,22300,1602001,13889,1554318,1135,3631,21538,1035704,0.127408,15735,1079212,0.13276,23841,2114916,0.260168,8129050
3,2021-03-08,58607,3218557,28016,1630017,27754,1582072,2837,6468,37280,1056181,0.129927,21193,1100405,0.135367,41670,2156586,0.265294,8129050
3,2021-03-09,76081,3294638,35365,1665382,36372,1618444,4344,10812,41153,1068046,0.131386,34816,1135221,0.13965,46681,2203267,0.271036,8129050
3,2021-03-10,82210,3376848,41201,1706583,34959,1653403,6050,16862,43114,1079703,0.13282,38916,1174137,0.144437,50573,2253840,0.277257,8129050
3,2021-03-11,96266,3473114,47071,1753654,40662,1694065,8533,25395,47415,1088146,0.133859,48621,1222758,0.150418,57064,2310904,0.284277,8129050
3,2021-03-12,101417,3574531,45320,1798974,44247,1738312,11850,37245,46767,1093521,0.13452,54463,1277221,0.157118,59838,2370742,0.291638,8129050
3,2021-03-13,69453,3643984,29587,1828561,32664,1770976,7202,44447,36648,1106095,0.136067,32701,1309922,0.161141,45275,2416017,0.297208,8129050
3,2021-03-14,40709,3684693,21524,1850085,15635,1786611,3550,47997,20908,1111457,0.136727,19740,1329662,0.163569,25102,2441119,0.300296,8129050
3,2021-03-15,75044,3759737,35686,1885771,34834,1821445,4524,52521,39809,1121737,0.137991,35063,1364725,0.167882,45343,2486462,0.305874,8129050
3,2021-03-16,94448,3854185,43574,1929345,46578,1868023,4296,56817,53526,1139756,0.140208,40732,1405457,0.172893,58751,2545213,0.313101,8129050
3,2021-03-17,97237,3951422,47252,1976597,45530,1913553,4455,61272,59518,1166887,0.143545,37518,1442975,0.177508,64649,2609862,0.321054,8129050
3,2021-03-18,102354,4053776,52051,2028648,45896,1959449,4407,65679,59611,1188952,0.14626,42512,1485487,0.182738,64577,2674439,0.328998,8129050
3,2021-03-19,102376,4156152,54902,2083550,43057,2002506,4417,70096,58068,1207915,0.148592,44071,1529558,0.18816,63034,2737473,0.336752,8129050
3,2021-03-20,71155,4227307,36792,2120342,30773,2033279,3590,73686,44470,1229957,0.151304,26520,1556078,0.191422,48562,2786035,0.342726,8129050
3,2021-03-21,35805,4263112,24430,2144772,9880,2043159,1495,75181,23133,1242463,0.152842,12595,1568673,0.192971,25101,2811136,0.345814,8129050
3,2021-03-22,69869,4332981,41099,2185871,26264,2069423,2506,77687,45292,1266895,0.155848,24381,1593054,0.195971,48813,2859949,0.351818,8129050
3,2021-03-23,89097,4422078,49207,2235078,37376,2106799,2514,80201,55185,1291624,0.15889,33682,1626736,0.200114,58411,2918360,0.359004,8129050
3,2021-03-24,98101,4520179,56583,2291661,38655,2145454,2863,83064,56652,1310619,0.161227,41134,1667870,0.205174,60129,2978489,0.366401,8129050
3,2021-03-25,106690,4626869,59435,2351096,44332,2189786,2923,85987,60812,1329425,0.16354,45585,1713455,0.210782,64391,3042880,0.374322,8129050
3,2021-03-26,109880,4736749,59095,2410191,47536,2237322,3249,89236,57506,1338944,0.164711,52092,1765547,0.21719,61611,3104491,0.381901,8129050
3,2021-03-27,73917,4810666,37652,2447843,33729,2271051,2536,91772,36430,1341286,0.164999,37302,1802849,0.221779,39644,3144135,0.386778,8129050
3,2021-03-28,43914,4854580,27790,2475633,15316,2286367,808,92580,22741,1344269,0.165366,21071,1823920,0.224371,24054,3168189,0.389737,8129050
3,2021-03-29,80209,4934789,41997,2517630,36371,2322738,1841,94421,44615,1356158,0.166829,35381,1859301,0.228723,47270,3215459,0.395552,8129050
3,2021-03-30,99568,5034357,49013,2566643,46943,2369681,3612,98033,56166,1373366,0.168945,43176,1902477,0.234034,60384,3275843,0.40298,8129050
3,2021-03-31,104526,5138883,56530,2623173,43193,2412874,4803,102836,56428,1387038,0.170627,47920,1950397,0.239929,61592,3337435,0.410557,8129050
3,2021-04-01,122916,5261799,62304,2685477,50976,2463850,9636,112472,66905,1408260,0.173238,55708,2006105,0.246782,76930,3414365,0.42002,8129050
3,2021-04-02,117436,5379235,57405,2742882,49784,2513634,10247,122719,62425,1426721,0.175509,54771,2060876,0.25352,73232,3487597,0.429029,8129050
3,2021-04-03,75774,5455009,38760,2781642,27832,2541466,9182,131901,37908,1436415,0.176701,37750,2098626,0.258164,47444,3535041,0.434865,8129050
3,2021-04-04,32298,5487307,17268,2798910,10850,2552316,4180,136081,14232,1436873,0.176758,17998,2116624,0.260378,18456,3553497,0.437136,8129050
3,2021-04-05,88630,5575937,45082,2843992,34509,2586825,9039,145120,43592,1445516,0.177821,44856,2161480,0.265896,53499,3606996,0.443717,8129050
3,2021-04-06,112757,5688694,54965,2898957,42702,2629527,15090,160210,53317,1455530,0.179053,59202,2220682,0.273179,69216,3676212,0.452231,8129050
3,2021-04-07,115688,5804382,60132,2959089,39346,2668873,16210,176420,56271,1469204,0.180735,59209,2279891,0.280462,72883,3749095,0.461197,8129050
3,2021-04-08,120911,5925293,60486,3019575,40434,2709307,19991,196411,56401,1482298,0.182346,64261,2344152,0.288367,77355,3826450,0.470713,8129050
3,2021-04-09,117693,6042986,58836,3078411,39844,2749151,19013,215424,51924,1488796,0.183145,65569,2409721,0.296433,72067,3898517,0.479578,8129050
3,2021-04-10,83253,6126239,37806,3116217,30284,2779435,15163,230587,34064,1489951,0.183287,49045,2458766,0.302467,50200,3948717,0.485754,8129050
3,2021-04-11,44873,6171112,24124,3140341,12774,2792209,7975,238562,17128,1488307,0.183085,27665,2486431,0.30587,26021,3974738,0.488955,8129050
3,2021-04-12,83306,6254418,42165,3182506,32474,2824683,8667,247229,38047,1491108,0.18343,45070,2531501,0.311414,47871,4022609,0.494844,8129050
3,2021-04-13,104568,6358986,56716,3239222,47645,2872328,207,247436,55427,1498709,0.184365,48951,2580452,0.317436,56552,4079161,0.5018,8129050
3,2021-04-14,106274,6465260,58195,3297417,47986,2920314,93,247529,53208,1500673,0.184606,52820,2633272,0.323934,54784,4133945,0.50854,8129050
3,2021-04-15,117979,6583239,66484,3363901,51438,2971752,57,247586,63573,1510939,0.185869,54161,2687433,0.330596,64427,4198372,0.516465,8129050
3,2021-04-16,113841,6697080,63933,3427834,49818,3021570,90,247676,59613,1517321,0.186654,53983,2741416,0.337237,60365,4258737,0.523891,8129050
3,2021-04-17,78031,6775111,42611,3470445,35409,3056979,11,247687,43534,1527497,0.187906,34327,2775743,0.34146,44503,4303240,0.529366,8129050
3,2021-04-18,36940,6812051,21886,3492331,15051,3072030,3,247690,17386,1526276,0.187756,19473,2795216,0.343855,18252,4321492,0.531611,8129050
3,2021-04-19,77973,6890024,43666,3535997,34256,3106286,51,247741,35264,1519560,0.18693,42567,2837783,0.349092,35851,4357343,0.536021,8129050
3,2021-04-20,97894,6987918,50764,3586761,47116,3153402,14,247755,47741,1518414,0.186789,49951,2887734,0.355236,48805,4406148,0.542025,8129050
3,2021-04-21,101031,7088949,55679,3642440,45288,3198690,64,247819,47904,1514506,0.186308,52849,2940583,0.361738,48941,4455089,0.548045,8129050
3,2021-04-22,108780,7197729,60714,3703154,48045,3246735,21,247840,46956,1500875,0.184631,61551,3002134,0.369309,47920,4503009,0.55394,8129050
3,2021-04-23,103074,7300803,58451,3761605,44600,3291335,23,247863,45202,1489513,0.183233,57578,3059712,0.376392,46216,4549225,0.559626,8129050
3,2021-04-24,72891,7373694,45209,3806814,27624,3318959,58,247921,35620,1489132,0.183186,37035,3096747,0.380948,36654,4585879,0.564135,8129050
3,2021-04-25,36228,7409922,23400,3830214,12813,3331772,15,247936,18728,1490879,0.183401,17387,3114134,0.383087,19134,4605013,0.566488,8129050
3,2021-04-26,67478,7477400,38037,3868251,29057,3360829,384,248320,28750,1482781,0.182405,38522,3152656,0.387826,30424,4635437,0.570231,8129050
3,2021-04-27,85710,7563110,44918,3913169,39311,3400140,1481,249801,34199,1467961,0.180582,51251,3203907,0.394131,36431,4671868,0.574713,8129050
3,2021-04-28,83797,7646907,47253,3960422,34440,3434580,2104,251905,33961,1454957,0.178982,49603,3253510,0.400232,36599,4708467,0.579215,8129050
3,2021-04-29,85600,7732507,48556,4008978,34871,3469451,2173,254078,29880,1432022,0.176161,55461,3308971,0.407055,32526,4740993,0.583216,8129050
3,2021-04-30,88208,7820715,49551,4058529,36204,3505655,2453,256531,32754,1412464,0.173755,55217,3364188,0.413848,35659,4776652,0.587603,8129050
3,2021-05-01,54424,7875139,34384,4092913,18604,3524259,1436,257967,19619,1399346,0.172141,34653,3398841,0.41811,21535,4798187,0.590252,8129050
3,2021-05-02,26709,7901848,18219,4111132,7480,3531739,1010,258977,9816,1393429,0.171414,16843,3415684,0.420182,10926,4809113,0.591596,8129050
3,2021-05-03,58754,7960602,34510,4145642,21915,3553654,2329,261306,17237,1371811,0.168754,41361,3457045,0.42527,19743,4828856,0.594025,8129050
3,2021-05-04,75461,8036063,43204,4188846,29626,3583280,2631,263937,22067,1343647,0.16529,53142,3510187,0.431808,24978,4853834,0.597097,8129050
3,2021-05-05,76639,8112702,45811,4234657,28171,3611451,2657,266594,21268,1312730,0.161486,55101,3565288,0.438586,24184,4878018,0.600072,8129050
3,2021-05-06,81116,8193818,51135,4285792,27487,3638938,2494,269088,20305,1275657,0.156926,60427,3625715,0.44602,23354,4901372,0.602945,8129050
3,2021-05-07,80197,8274015,49782,4335574,27820,3666758,2595,271683,21449,1241547,0.15273,58445,3684160,0.453209,24335,4925707,0.605939,8129050
3,2021-05-08,50217,8324232,31001,4366575,17586,3684344,1630,273313,13440,1220397,0.150128,36477,3720637,0.457696,15327,4941034,0.607824,8129050
3,2021-05-09,20352,8344584,14722,4381297,4843,3689187,787,274100,5600,1212221,0.149122,14630,3735267,0.459496,6454,4947488,0.608618,8129050
3,2021-05-10,46622,8391206,24847,4406144,19892,3709079,1883,275983,11072,1190080,0.146398,35352,3770619,0.463845,13211,4960699,0.610243,8129050
3,2021-05-11,60000,8451206,32940,4439084,25014,3734093,2046,278029,15189,1163131,0.143083,44618,3815237,0.469334,17669,4978368,0.612417,8129050
3,2021-05-12,59670,8510876,33856,4472940,23644,3757737,2170,280199,15698,1137508,0.139931,43760,3858997,0.474717,18137,4996505,0.614648,8129050
3,2021-05-13,68070,8578946,42634,4515574,23653,3781390,1783,281982,24719,1121459,0.137957,43123,3902120,0.480022,27074,5023579,0.617979,8129050
3,2021-05-14,77961,8656907,49310,4564884,26551,3807941,2100,284082,30787,1108011,0.136303,46929,3949049,0.485795,33481,5057060,0.622097,8129050
3,2021-05-15,60619,8717526,41726,4606610,17706,3825647,1187,285269,25140,1099241,0.135224,35309,3984358,0.490138,26539,5083599,0.625362,8129050
3,2021-05-16,31412,8748938,23498,4630108,7230,3832877,684,285953,12648,1093981,0.134577,18671,4003029,0.492435,13411,5097010,0.627012,8129050
3,2021-05-17,56089,8805027,35821,4665929,18461,3851338,1807,287760,22051,1084257,0.133381,33801,4036830,0.496593,24077,5121087,0.629974,8129050
3,2021-05-18,63257,8868284,37556,4703485,23876,3875214,1825,289585,25000,1073455,0.132052,38008,4074838,0.501269,27206,5148293,0.63332,8129050
3,2021-05-19,62462,8930746,38191,4741676,22566,3897780,1705,291290,25581,1064349,0.130932,36657,4111495,0.505778,27551,5175844,0.63671,8129050
3,2021-05-20,51216,8981962,30133,4771809,19479,3917259,1604,292894,19431,1054102,0.129671,31564,4143059,0.509661,21317,5197161,0.639332,8129050
3,2021-05-21,55002,9036964,33651,4805460,19527,3936786,1824,294718,20352,1042093,0.128194,34417,4177476,0.513895,22408,5219569,0.642088,8129050
3,2021-05-22,36565,9073529,24598,4830058,10702,3947488,1265,295983,15877,1038864,0.127796,20549,4198025,0.516423,17320,5236889,0.644219,8129050
3,2021-05-23,14476,9088005,10868,4840926,3104,3950592,504,296487,6718,1038438,0.127744,7702,4205727,0.51737,7276,5244165,0.645114,8129050
3,2021-05-24,38060,9126065,22101,4863027,14262,3964854,1697,298184,14652,1031733,0.126919,23249,4228976,0.52023,16544,5260709,0.647149,8129050
3,2021-05-25,41782,9167847,23565,4886592,16585,3981439,1632,299816,15425,1022876,0.12583,26135,4255111,0.523445,17278,5277987,0.649275,8129050
3,2021-05-26,40726,9208573,23061,4909653,15990,3997429,1675,301491,15760,1015761,0.124954,24715,4279826,0.526485,17600,5295587,0.65144,8129050
3,2021-05-27,38403,9246976,21397,4931050,15295,4012724,1711,303202,15549,1010582,0.124317,22717,4302543,0.52928,17538,5313125,0.653597,8129050
3,2021-05-28,41578,9288554,23575,4954625,16323,4029047,1680,304882,17503,1006191,0.123777,23917,4326460,0.532222,19526,5332651,0.655999,8129050
3,2021-05-29,22841,9311395,13981,4968606,8040,4037087,820,305702,11024,1006470,0.123812,11708,4338168,0.533662,11987,5344638,0.657474,8129050
3,2021-05-30,10314,9321709,6718,4975324,3005,4040092,591,306293,4461,1005788,0.123728,5793,4343961,0.534375,5111,5349749,0.658103,8129050
3,2021-05-31,4549,9326258,2642,4977966,1678,4041770,229,306522,1480,1004479,0.123567,3047,4347008,0.53475,1738,5351487,0.658316,8129050
3,2021-06-01,36698,9362956,21192,4999158,14142,4055912,1364,307886,13824,997206,0.122672,22706,4369714,0.537543,15433,5366920,0.660215,8129050
3,2021-06-02,29979,9392935,17288,5016446,11354,4067266,1337,309223,11995,992887,0.122141,17808,4387522,0.539734,13489,5380409,0.661874,8129050
3,2021-06-03,19661,9412596,13618,5030064,5163,4072429,880,310103,5186,984679,0.121131,14397,4401919,0.541505,6189,5386598,0.662636,8129050
4,2020-12-15,447,447,447,447,0,0,0,0,447,447,5.6e-05,0,0,0.0,447,447,5.6e-05,8037679
4,2020-12-16,2986,3433,2986,3433,0,0,0,0,2986,3433,0.000427,0,0,0.0,2986,3433,0.000427,8037679
4,2020-12-17,8554,11987,8554,11987,0,0,0,0,8554,11987,0.001491,0,0,0.0,8554,11987,0.001491,8037679
4,2020-12-18,15426,27413,15417,27404,9,9,0,0,15426,27413,0.003411,0,0,0.0,15426,27413,0.003411,8037679
4,2020-12-19,10247,37660,10239,37643,8,17,0,0,10182,37595,0.004677,0,0,0.0,10182,37595,0.004677,8037679
4,2020-12-20,7401,45061,7394,45037,7,24,0,0,7356,44951,0.005593,0,0,0.0,7356,44951,0.005593,8037679
4,2020-12-21,16424,61485,16401,61438,23,47,0,0,16359,61310,0.007628,0,0,0.0,16359,61310,0.007628,8037679
4,2020-12-22,17278,78763,16544,77982,734,781,0,0,17234,78544,0.009772,0,0,0.0,17234,78544,0.009772,8037679
4,2020-12-23,17149,95912,14451,92433,2698,3479,0,0,17121,95664,0.011902,1,1,0.0,17121,95665,0.011902,8037679
4,2020-12-24,8636,104548,6050,98483,2586,6065,0,0,8636,104300,0.012976,0,1,0.0,8636,104301,0.012977,8037679
4,2020-12-25,919,105467,814,99297,105,6170,0,0,919,105219,0.013091,0,1,0.0,919,105220,0.013091,8037679
4,2020-12-26,6226,111693,3878,103175,2348,8518,0,0,6226,111445,0.013865,0,1,0.0,6226,111446,0.013865,8037679
4,2020-12-27,3426,115119,1997,105172,1429,9947,0,0,3426,114871,0.014292,0,1,0.0,3426,114872,0.014292,8037679
4,2020-12-28,14983,130102,9260,114432,5723,15670,0,0,14953,129823,0.016152,1,2,0.0,14953,129825,0.016152,8037679
4,2020-12-29,15257,145359,8442,122874,6815,22485,0,0,15224,145047,0.018046,0,2,0.0,15224,145049,0.018046,8037679
4,2020-12-30,18860,164219,11035,133909,7825,30310,0,0,18848,163893,0.020391,2,4,0.0,18848,163897,0.020391,8037679
4,2020-12-31,8198,172417,3320,137229,4878,35188,0,0,8192,172082,0.021409,3,7,1e-06,8192,172089,0.02141,8037679
4,2021-01-01,1340,173757,583,137812,757,35945,0,0,1338,173418,0.021576,2,9,1e-06,1338,173427,0.021577,8037679
4,2021-01-02,5679,179436,3203,141015,2476,38421,0,0,5678,179095,0.022282,1,10,1e-06,5678,179105,0.022283,8037679
4,2021-01-03,2128,181564,1261,142276,867,39288,0,0,2114,181205,0.022544,4,14,2e-06,2114,181219,0.022546,8037679
4,2021-01-04,12976,194540,7071,149347,5905,45193,0,0,12928,194103,0.024149,30,44,5e-06,12928,194147,0.024155,8037679
4,2021-01-05,16811,211351,9944,159291,6867,52060,0,0,14777,206881,0.025739,2011,2055,0.000256,14789,208936,0.025995,8037679
4,2021-01-06,21487,232838,13161,172452,8326,60386,0,0,15621,216701,0.026961,5814,7869,0.000979,15634,224570,0.02794,8037679
4,2021-01-07,27798,260636,16945,189397,10853,71239,0,0,16990,222957,0.027739,10750,18619,0.002316,17006,241576,0.030055,8037679
4,2021-01-08,32657,293293,20942,210339,11715,82954,0,0,18497,227383,0.02829,14091,32710,0.00407,18517,260093,0.032359,8037679
4,2021-01-09,16180,309473,9567,219906,6613,89567,0,0,9432,230101,0.028628,6725,39435,0.004906,9443,269536,0.033534,8037679
4,2021-01-10,8719,318192,5631,225537,3088,92655,0,0,4116,229643,0.028571,4582,44017,0.005476,4124,273660,0.034047,8037679
4,2021-01-11,33306,351498,21830,247367,11476,104131,0,0,18793,234004,0.029113,14471,58488,0.007277,18832,292492,0.03639,8037679
4,2021-01-12,38285,389783,22032,269399,16253,120384,0,0,24256,244320,0.030397,13980,72468,0.009016,24296,316788,0.039413,8037679
4,2021-01-13,38480,428263,18933,288332,19547,139931,0,0,27266,260451,0.032404,11160,83628,0.010404,27291,344079,0.042808,8037679
4,2021-01-14,38989,467252,14896,303228,24093,164024,0,0,31937,285413,0.035509,7004,90632,0.011276,31966,376045,0.046785,8037679
4,2021-01-15,45139,512391,15616,318844,29523,193547,0,0,39620,319591,0.039762,5462,96094,0.011955,39640,415685,0.051717,8037679
4,2021-01-16,28551,540942,9336,328180,19215,212762,0,0,25441,341976,0.042547,3072,99166,0.012338,25457,441142,0.054884,8037679
4,2021-01-17,19034,559976,6672,334852,12362,225124,0,0,17519,358021,0.044543,1490,100656,0.012523,17535,458677,0.057066,8037679
4,2021-01-18,29396,589372,13616,348468,15780,240904,0,0,23428,375602,0.04673,5873,106529,0.013254,23454,482131,0.059984,8037679
4,2021-01-19,45995,635367,23132,371600,22863,263767,0,0,36676,403086,0.05015,9265,115794,0.014406,36749,518880,0.064556,8037679
4,2021-01-20,51655,687022,27374,398974,24281,288048,0,0,41270,434122,0.054011,10288,126082,0.015686,41324,560204,0.069697,8037679
4,2021-01-21,56347,743369,24892,423866,31455,319503,0,0,49956,477790,0.059444,6330,132412,0.016474,49998,610202,0.075918,8037679
4,2021-01-22,54903,798272,22054,445920,32849,352352,0,0,49816,522642,0.065024,4992,137404,0.017095,49844,660046,0.082119,8037679
4,2021-01-23,39402,837674,17396,463316,22006,374358,0,0,35097,553472,0.06886,4296,141700,0.017629,35126,695172,0.086489,8037679
4,2021-01-24,23909,861583,10488,473804,13421,387779,0,0,22039,573664,0.071372,1863,143563,0.017861,22055,717227,0.089233,8037679
4,2021-01-25,47822,909405,22072,495876,25750,413529,0,0,36756,599440,0.074579,11035,154598,0.019234,36811,754038,0.093813,8037679
4,2021-01-26,56566,965971,28828,524704,27738,441267,0,0,44366,631718,0.078595,12146,166744,0.020745,44424,798462,0.09934,8037679
4,2021-01-27,55949,1021920,26649,551353,29300,470567,0,0,45046,665986,0.082858,10831,177575,0.022093,45099,843561,0.104951,8037679
4,2021-01-28,56209,1078129,25390,576743,30819,501386,0,0,46325,702557,0.087408,9796,187371,0.023312,46367,889928,0.11072,8037679
4,2021-01-29,56279,1134408,27031,603774,29248,530634,0,0,45975,738400,0.091867,10164,197535,0.024576,46007,935935,0.116443,8037679
4,2021-01-30,37546,1171954,17097,620871,20449,551083,0,0,32243,765410,0.095228,5257,202792,0.02523,32267,968202,0.120458,8037679
4,2021-01-31,23831,1195785,12492,633363,11339,562422,0,0,22227,786066,0.097798,1587,204379,0.025428,22243,990445,0.123225,8037679
4,2021-02-01,49615,1245400,24045,657408,25570,587992,0,0,38026,812583,0.101097,11549,215928,0.026864,38066,1028511,0.127961,8037679
4,2021-02-02,55192,1300592,25406,682814,29786,617778,0,0,42414,842324,0.104797,12716,228644,0.028447,42457,1070968,0.133243,8037679
4,2021-02-03,61734,1362326,30298,713112,31436,649214,0,0,47541,875838,0.108967,14082,242726,0.030199,47596,1118564,0.139165,8037679
4,2021-02-04,67275,1429601,31329,744441,35946,685160,0,0,50632,910083,0.113227,16494,259220,0.032251,50739,1169303,0.145478,8037679
4,2021-02-05,72769,1502370,33713,778154,39056,724216,0,0,50806,939307,0.116863,21719,280939,0.034953,50943,1220246,0.151816,8037679
4,2021-02-06,48099,1550469,26063,804217,22036,746252,0,0,36663,964766,0.12003,11404,292343,0.036372,36863,1257109,0.156402,8037679
4,2021-02-07,26344,1576813,17394,821611,8950,755202,0,0,19946,978577,0.121749,6372,298715,0.037164,20183,1277292,0.158913,8037679
4,2021-02-08,58340,1635153,30008,851619,28332,783534,0,0,37983,996592,0.12399,20232,318947,0.039681,38247,1315539,0.163672,8037679
4,2021-02-09,66960,1702113,34120,885739,32840,816374,0,0,39318,1008741,0.125502,27574,346521,0.043112,39723,1355262,0.168614,8037679
4,2021-02-10,76930,1779043,38476,924215,38454,854828,0,0,40885,1014352,0.1262,35815,382336,0.047568,41426,1396688,0.173768,8037679
4,2021-02-11,80753,1859796,42124,966339,38629,893457,0,0,41768,1018019,0.126656,38768,421104,0.052391,42435,1439123,0.179047,8037679
4,2021-02-12,83897,1943693,37591,1003930,46306,939763,0,0,43277,1021650,0.127108,40432,461536,0.057422,44063,1483186,0.184529,8037679
4,2021-02-13,58420,2002113,29634,1033564,28786,968549,0,0,29822,1023894,0.127387,28476,490012,0.060964,30720,1513906,0.188351,8037679
4,2021-02-14,36597,2038710,18979,1052543,17618,986167,0,0,18803,1025610,0.1276,17745,507757,0.063172,19461,1533367,0.190772,8037679
4,2021-02-15,45915,2084625,21496,1074039,24419,1010586,0,0,23643,1028224,0.127925,22205,529962,0.065935,24819,1558186,0.19386,8037679
4,2021-02-16,79605,2164230,36434,1110473,43171,1053757,0,0,40640,1031213,0.128297,38868,568830,0.07077,41857,1600043,0.199068,8037679
4,2021-02-17,80986,2245216,38192,1148665,42794,1096551,0,0,38638,1028792,0.127996,42190,611020,0.076019,39769,1639812,0.204016,8037679
4,2021-02-18,82739,2327955,45523,1194188,37216,1133767,0,0,38327,1024332,0.127441,44261,655281,0.081526,39801,1679613,0.208967,8037679
4,2021-02-19,81769,2409724,51436,1245624,30333,1164100,0,0,41019,1025437,0.127579,40614,695895,0.086579,41719,1721332,0.214158,8037679
4,2021-02-20,48301,2458025,32252,1277876,16049,1180149,0,0,26438,1030756,0.128241,21811,717706,0.089293,27130,1748462,0.217533,8037679
4,2021-02-21,28822,2486847,23199,1301075,5623,1185772,0,0,13912,1030111,0.12816,14848,732554,0.09114,14203,1762665,0.2193,8037679
4,2021-02-22,52431,2539278,36114,1337189,16317,1202089,0,0,25509,1029237,0.128052,26834,759388,0.094479,25960,1788625,0.22253,8037679
4,2021-02-23,73211,2612489,40632,1377821,32579,1234668,0,0,32288,1022395,0.1272,40799,800187,0.099554,33957,1822582,0.226755,8037679
4,2021-02-24,88052,2700541,46433,1424254,41619,1276287,0,0,39782,1016262,0.126437,48067,848254,0.105535,41934,1864516,0.231972,8037679
4,2021-02-25,98291,2798832,51176,1475430,47115,1323402,0,0,47019,1014712,0.126244,51122,899376,0.111895,49572,1914088,0.238139,8037679
4,2021-02-26,104267,2903099,52568,1527998,51699,1375101,0,0,53587,1020180,0.126925,50463,949839,0.118173,55931,1970019,0.245098,8037679
4,2021-02-27,75978,2979077,41330,1569328,34642,1409743,6,6,40765,1027353,0.127817,35080,984919,0.122538,42253,2012272,0.250355,8037679
4,2021-02-28,45101,3024178,27965,1597293,17133,1426876,3,9,25103,1033476,0.128579,19865,1004784,0.125009,25988,2038260,0.253588,8037679
4,2021-03-01,75652,3099830,44361,1641654,31265,1458141,26,35,41857,1042979,0.129761,33568,1038352,0.129186,43071,2081331,0.258947,8037679
4,2021-03-02,84678,3184508,48759,1690413,35914,1494055,5,40,50185,1060613,0.131955,34343,1072695,0.133458,51977,2133308,0.265413,8037679
4,2021-03-03,99157,3283665,52618,1743031,46526,1540581,13,53,55286,1074005,0.133621,43677,1116372,0.138892,57069,2190377,0.272514,8037679
4,2021-03-04,96393,3380058,53589,1796620,42787,1583368,17,70,53071,1085733,0.13508,43130,1159502,0.144258,54858,2245235,0.279339,8037679
4,2021-03-05,94067,3474125,50829,1847449,42924,1626292,314,384,55896,1105898,0.137589,37979,1197481,0.148983,58144,2303379,0.286573,8037679
4,2021-03-06,75959,3550084,42860,1890309,30481,1656773,2618,3002,46734,1127481,0.140274,29116,1226597,0.152606,50699,2354078,0.29288,8037679
4,2021-03-07,42459,3592543,27176,1917485,14106,1670879,1177,4179,25497,1138342,0.141626,16904,1243501,0.154709,27765,2381843,0.296335,8037679
4,2021-03-08,66084,3658627,34614,1952099,28290,1699169,3180,7359,43702,1164289,0.144854,22279,1265780,0.157481,48226,2430069,0.302335,8037679
4,2021-03-09,80890,3739517,41077,1993176,34696,1733865,5117,12476,43791,1177378,0.146482,36948,1302728,0.162078,50037,2480106,0.30856,8037679
4,2021-03-10,90646,3830163,46825,2040001,36393,1770258,7428,19904,45916,1187124,0.147695,44575,1347303,0.167623,54321,2534427,0.315318,8037679
4,2021-03-11,100216,3930379,52685,2092686,39159,1809417,8372,28276,46466,1189555,0.147997,53543,1400846,0.174285,55974,2590401,0.322282,8037679
4,2021-03-12,104278,4034657,51491,2144177,42531,1851948,10256,38532,44791,1186364,0.1476,59266,1460112,0.181658,56075,2646476,0.329259,8037679
4,2021-03-13,80808,4115465,37674,2181851,34746,1886694,8388,46920,38152,1191560,0.148247,42538,1502650,0.186951,47734,2694210,0.335198,8037679
4,2021-03-14,49498,4164963,28327,2210178,17554,1904248,3617,50537,23383,1193166,0.148447,26034,1528684,0.19019,27640,2721850,0.338636,8037679
4,2021-03-15,83595,4248558,44903,2255081,34459,1938707,4233,54770,43019,1200892,0.149408,40370,1569054,0.195212,48096,2769946,0.34462,8037679
4,2021-03-16,107258,4355816,55781,2310862,48085,1986792,3392,58162,57124,1212198,0.150814,49922,1618976,0.201423,61228,2831174,0.352238,8037679
4,2021-03-17,105944,4461760,56996,2367858,45514,2032306,3434,61596,62364,1235213,0.153678,43355,1662331,0.206817,66370,2897544,0.360495,8037679
4,2021-03-18,106051,4567811,58790,2426648,43620,2075926,3641,65237,60775,1255041,0.156145,45030,1707361,0.21242,64858,2962402,0.368564,8037679
4,2021-03-19,110508,4678319,63513,2490161,41832,2117758,5163,70400,63774,1277883,0.158987,46509,1753870,0.218206,69351,3031753,0.377193,8037679
4,2021-03-20,83149,4761468,48763,2538924,31401,2149159,2985,73385,51450,1301054,0.161869,31579,1785449,0.222135,54750,3086503,0.384004,8037679
4,2021-03-21,47844,4809312,34692,2573616,10886,2160045,2266,75651,29057,1314052,0.163486,18685,1804134,0.22446,31683,3118186,0.387946,8037679
4,2021-03-22,81655,4890967,53431,2627047,25510,2185555,2714,78365,51560,1339144,0.166608,29899,1834033,0.228179,54991,3173177,0.394788,8037679
4,2021-03-23,103843,4994810,62068,2689115,39631,2225186,2144,80509,62126,1362489,0.169513,41467,1875500,0.233339,64812,3237989,0.402851,8037679
4,2021-03-24,112930,5107740,72994,2762109,37555,2262741,2381,82890,64189,1381189,0.171839,48339,1923839,0.239353,67039,3305028,0.411192,8037679
4,2021-03-25,116386,5224126,71747,2833856,42272,2305013,2367,85257,67108,1402302,0.174466,48848,1972687,0.24543,69961,3374989,0.419896,8037679
4,2021-03-26,119126,5343252,72424,2906280,43676,2348689,3026,88283,65661,1418459,0.176476,53150,2025837,0.252043,69307,3444296,0.428519,8037679
4,2021-03-27,91095,5434347,54034,2960314,35274,2383963,1787,90070,46516,1422877,0.177026,44373,2070210,0.257563,48791,3493087,0.434589,8037679
4,2021-03-28,55469,5489816,36659,2996973,17942,2401905,868,90938,30047,1428830,0.177766,25287,2095497,0.260709,31240,3524327,0.438476,8037679
4,2021-03-29,93098,5582914,55929,3052902,35095,2437000,2074,93012,50921,1440419,0.179208,41967,2137464,0.265931,53556,3577883,0.445139,8037679
4,2021-03-30,116680,5699594,63739,3116641,48798,2485798,4143,97155,69423,1467384,0.182563,47054,2184518,0.271785,74019,3651902,0.454348,8037679
4,2021-03-31,120484,5820078,71278,3187919,42912,2528710,6294,103449,68004,1489748,0.185346,52178,2236696,0.278276,74542,3726444,0.463622,8037679
4,2021-04-01,141845,5961923,81074,3268993,47597,2576307,13174,116623,83891,1529490,0.19029,57596,2294292,0.285442,97338,3823782,0.475732,8037679
4,2021-04-02,135980,6097903,72827,3341820,49644,2625951,13509,130132,78794,1565274,0.194742,56928,2351220,0.292525,92712,3916494,0.487267,8037679
4,2021-04-03,100915,6198818,53943,3395763,33613,2659564,13359,143491,52728,1583653,0.197029,48009,2399229,0.298498,66388,3982882,0.495526,8037679
4,2021-04-04,46744,6245562,24677,3420440,14571,2674135,7496,150987,20474,1585500,0.197258,26177,2425406,0.301755,28024,4010906,0.499013,8037679
4,2021-04-05,108859,6354421,61353,3481793,34778,2708913,12728,163715,56955,1604069,0.199569,51726,2477132,0.30819,70295,4081201,0.507759,8037679
4,2021-04-06,138201,6492622,77906,3559699,40627,2749540,19668,183383,71986,1630446,0.20285,66010,2543142,0.316403,92387,4173588,0.519253,8037679
4,2021-04-07,136830,6629452,77667,3637366,38537,2788077,20626,204009,71028,1656945,0.206147,65584,2608726,0.324562,92083,4265671,0.530709,8037679
4,2021-04-08,139258,6768710,77823,3715189,36127,2824204,25308,229317,69368,1682805,0.209365,69646,2678372,0.333227,95506,4361177,0.542592,8037679
4,2021-04-09,136938,6905648,75184,3790373,38928,2863132,22826,252143,65540,1701209,0.211654,71207,2749579,0.342086,89611,4450788,0.55374,8037679
4,2021-04-10,102762,7008410,50882,3841255,33130,2896262,18750,270893,46265,1711114,0.212887,56316,2805895,0.349093,66221,4517009,0.561979,8037679
4,2021-04-11,62144,7070554,37899,3879154,13111,2909373,11134,282027,27276,1715903,0.213482,34783,2840678,0.35342,39572,4556581,0.566903,8037679
4,2021-04-12,102083,7172637,62052,3941206,29956,2939329,10075,292102,51555,1728554,0.215056,50271,2890949,0.359675,62922,4619503,0.574731,8037679
4,2021-04-13,129263,7301900,81086,4022292,48021,2987350,156,292258,77593,1755778,0.218443,51422,2942371,0.366072,78646,4698149,0.584516,8037679
4,2021-04-14,134160,7436060,85488,4107780,48597,3035947,75,292333,74609,1772460,0.220519,59278,3001649,0.373447,75960,4774109,0.593966,8037679
4,2021-04-15,154377,7590437,102860,4210640,51481,3087428,36,292369,95204,1809582,0.225137,58866,3060515,0.380771,95988,4870097,0.605908,8037679
4,2021-04-16,141772,7732209,90017,4300657,51679,3139107,76,292445,82844,1834507,0.228238,58703,3119218,0.388074,83628,4953725,0.616313,8037679
4,2021-04-17,99819,7832028,63020,4363677,36789,3175896,10,292455,58611,1853273,0.230573,40985,3160203,0.393174,59751,5013476,0.623747,8037679
4,2021-04-18,53903,7885931,36041,4399718,17859,3193755,3,292458,30673,1861761,0.231629,23132,3183335,0.396052,31620,5045096,0.627681,8037679
4,2021-04-19,100087,7986018,66148,4465866,33925,3227680,14,292472,51288,1865053,0.232039,48597,3231932,0.402098,51889,5096985,0.634136,8037679
4,2021-04-20,127061,8113079,74595,4540461,52456,3280136,10,292482,66718,1872742,0.232995,60091,3292023,0.409574,67780,5164765,0.642569,8037679
4,2021-04-21,127113,8240192,81548,4622009,45513,3325649,52,292534,64262,1875486,0.233337,62573,3354596,0.417359,65317,5230082,0.650696,8037679
4,2021-04-22,136931,8377123,90213,4712222,46697,3372346,21,292555,61395,1862766,0.231754,75234,3429830,0.426719,62514,5292596,0.658473,8037679
4,2021-04-23,130274,8507397,84161,4796383,46091,3418437,22,292577,56583,1847111,0.229807,73403,3503233,0.435851,57748,5350344,0.665658,8037679
4,2021-04-24,97142,8604539,65955,4862338,31134,3449571,53,292630,44710,1840743,0.229014,52180,3555413,0.442343,45812,5396156,0.671357,8037679
4,2021-04-25,49405,8653944,35142,4897480,14239,3463810,24,292654,26128,1844171,0.229441,23159,3578572,0.445225,26587,5422743,0.674665,8037679
4,2021-04-26,83580,8737524,55273,4952753,27922,3491732,385,293039,32985,1828460,0.227486,50357,3628929,0.45149,34646,5457389,0.678976,8037679
4,2021-04-27,106888,8844412,65628,5018381,39365,3531097,1895,294934,38698,1801887,0.22418,67918,3696847,0.45994,41345,5498734,0.68412,8037679
4,2021-04-28,99496,8943908,64594,5082975,32417,3563514,2485,297419,35676,1777087,0.221095,63585,3760432,0.46785,38785,5537519,0.688945,8037679
4,2021-04-29,100776,9044684,63774,5146749,34496,3598010,2506,299925,31533,1742727,0.21682,68971,3829403,0.476431,34611,5572130,0.693251,8037679
4,2021-04-30,101502,9146186,63800,5210549,35047,3633057,2655,302580,34555,1713928,0.213237,66629,3896032,0.484721,37830,5609960,0.697958,8037679
4,2021-05-01,68375,9214561,45580,5256129,21046,3654103,1749,304329,19879,1687871,0.209995,48310,3944342,0.490731,22253,5632213,0.700726,8037679
4,2021-05-02,37332,9251893,26498,5282627,9561,3663664,1273,305602,10509,1673068,0.208153,26728,3971070,0.494057,11925,5644138,0.70221,8037679
4,2021-05-03,77701,9329594,54283,5336910,20969,3684633,2449,308051,19132,1636624,0.203619,58361,4029431,0.501318,21917,5666055,0.704937,8037679
4,2021-05-04,98105,9427699,66620,5403530,28748,3713381,2737,310788,22320,1586490,0.197382,75554,4104985,0.510718,25420,5691475,0.708099,8037679
4,2021-05-05,98887,9526586,69411,5472941,26764,3740145,2712,313500,21557,1533991,0.19085,77049,4182034,0.520304,24550,5716025,0.711154,8037679
4,2021-05-06,108949,9635535,81522,5554463,24514,3764659,2913,316413,19435,1468341,0.182682,89115,4271149,0.531391,23465,5739490,0.714073,8037679
4,2021-05-07,102526,9738061,73584,5628047,26272,3790931,2670,319083,20280,1409767,0.175395,81926,4353075,0.541584,23352,5762842,0.716978,8037679
4,2021-05-08,65966,9804027,45140,5673187,18963,3809894,1863,320946,13133,1372467,0.170754,52644,4405719,0.548133,15344,5778186,0.718887,8037679
4,2021-05-09,33236,9837263,27106,5700293,5193,3815087,937,321883,7851,1356059,0.168713,25283,4431002,0.551279,8875,5787061,0.719992,8037679
4,2021-05-10,62575,9899838,41548,5741841,18756,3833843,2271,324154,10808,1317842,0.163958,51595,4482597,0.557698,13378,5800439,0.721656,8037679
4,2021-05-11,76909,9976747,46949,5788790,27940,3861783,2020,326174,14963,1273509,0.158442,61741,4544338,0.565379,17408,5817847,0.723822,8037679
4,2021-05-12,73044,10049791,47928,5836718,22863,3884646,2253,328427,16049,1235362,0.153696,56767,4601105,0.572442,18620,5836467,0.726138,8037679
4,2021-05-13,95546,10145337,70162,5906880,23959,3908605,1425,329852,36734,1215929,0.151279,58533,4659638,0.579724,39100,5875567,0.731003,8037679
4,2021-05-14,101846,10247183,71756,5978636,27986,3936591,2104,331956,39967,1196910,0.148912,61611,4721249,0.58739,42592,5918159,0.736302,8037679
4,2021-05-15,83445,10330628,64466,6043102,17679,3954270,1300,333256,36856,1188953,0.147922,46392,4767641,0.593161,38435,5956594,0.741084,8037679
4,2021-05-16,48577,10379205,39344,6082446,8544,3962814,689,333945,19951,1181231,0.146962,28499,4796140,0.596707,20777,5977371,0.743669,8037679
4,2021-05-17,69693,10448898,50892,6133338,16972,3979786,1829,335774,28913,1171601,0.145764,40602,4836742,0.601759,30972,6008343,0.747522,8037679
4,2021-05-18,80186,10529084,52202,6185540,26241,4006027,1743,337517,29991,1153837,0.143554,49854,4886596,0.607961,32090,6040433,0.751515,8037679
4,2021-05-19,75153,10604237,50781,6236321,22448,4028475,1924,339441,32149,1145427,0.142507,42765,4929361,0.613282,34355,6074788,0.755789,8037679
4,2021-05-20,57318,10661555,37032,6273353,18590,4047065,1696,341137,22560,1135371,0.141256,34550,4963911,0.61758,24494,6099282,0.758836,8037679
4,2021-05-21,62091,10723646,41518,6314871,18999,4066064,1574,342711,22408,1120093,0.139355,39456,5003367,0.622489,24178,6123460,0.761844,8037679
4,2021-05-22,40464,10764110,29038,6343909,10355,4076419,1071,343782,17943,1116853,0.138952,22400,5025767,0.625276,19160,6142620,0.764228,8037679
4,2021-05-23,16069,10780179,12311,6356220,3239,4079658,519,344301,6813,1115067,0.13873,9181,5034948,0.626418,7395,6150015,0.765148,8037679
4,2021-05-24,41258,10821437,25935,6382155,12356,4092014,2967,347268,15154,1107454,0.137783,25930,5060878,0.629644,18317,6168332,0.767427,8037679
4,2021-05-25,43815,10865252,27166,6409321,13895,4105909,2754,350022,16290,1099398,0.136781,27331,5088209,0.633045,19275,6187607,0.769825,8037679
4,2021-05-26,43345,10908597,25910,6435231,14872,4120781,2563,352585,16076,1091157,0.135755,27098,5115307,0.636416,18857,6206464,0.772171,8037679
4,2021-05-27,38070,10946667,22824,6458055,12135,4132916,3111,355696,15034,1086662,0.135196,22870,5138177,0.639261,18375,6224839,0.774457,8037679
4,2021-05-28,42215,10988882,26863,6484918,13787,4146703,1565,357261,18655,1083774,0.134837,23366,5161543,0.642168,20478,6245317,0.777005,8037679
4,2021-05-29,23202,11012084,15085,6500003,7188,4153891,929,358190,11151,1084055,0.134872,11945,5173488,0.643654,12226,6257543,0.778526,8037679
4,2021-05-30,11802,11023886,8262,6508265,3026,4156917,514,358704,5057,1083019,0.134743,6694,5180182,0.644487,5658,6263201,0.77923,8037679
4,2021-05-31,3545,11027431,2275,6510540,1110,4158027,160,358864,1181,1082053,0.134623,2335,5182517,0.644778,1369,6264570,0.7794,8037679
4,2021-06-01,38362,11065793,23855,6534395,12103,4170130,2404,361268,13906,1074323,0.133661,24275,5206792,0.647798,16545,6281115,0.781459,8037679
4,2021-06-02,30982,11096775,19301,6553696,8969,4179099,2712,363980,11440,1069255,0.13303,19391,5226183,0.65021,14323,6295438,0.783241,8037679
4,2021-06-03,25536,11122311,19569,6573265,4106,4183205,1861,365841,4505,1054720,0.131222,20977,5247160,0.65282,6442,6301880,0.784042,8037679
