vemquartile,administered_date,total_doses,cumulative_total_doses,pfizer_doses,cumulative_pfizer_doses,moderna_doses,cumulative_moderna_doses,jj_doses,cumulative_jj_doses,partially_vaccinated,total_partially_vaccinated,pct_age12pop_partially_vaccinated,fully_vaccinated,cumulative_fully_vaccinated,pct_age12pop_fully_vaccinated,at_least_one_dose,cumulative_at_least_one_dose,pct_age12pop_at_least_one_dose,age12_population
1,2020-12-15,148,148,148,148,0,0,0,0,148,148,1.7e-05,0,0,0.0,148,148,1.7e-05,8700223
1,2020-12-16,1178,1326,1178,1326,0,0,0,0,1178,1326,0.000152,0,0,0.0,1178,1326,0.000152,8700223
1,2020-12-17,4136,5462,4136,5462,0,0,0,0,4137,5463,0.000628,0,0,0.0,4137,5463,0.000628,8700223
1,2020-12-18,6322,11784,6297,11759,25,25,0,0,6318,11775,0.001353,6,6,1e-06,6318,11781,0.001354,8700223
1,2020-12-19,2865,14649,2864,14623,1,26,0,0,2864,14638,0.001682,1,7,1e-06,2864,14645,0.001683,8700223
1,2020-12-20,2117,16766,2111,16734,6,32,0,0,2118,16756,0.001926,0,7,1e-06,2118,16763,0.001927,8700223
1,2020-12-21,7640,24406,7623,24357,17,49,0,0,7687,24440,0.002809,4,11,1e-06,7688,24451,0.00281,8700223
1,2020-12-22,7280,31686,6940,31297,340,389,0,0,7282,31720,0.003646,2,13,1e-06,7282,31733,0.003647,8700223
1,2020-12-23,7831,39517,6580,37877,1251,1640,0,0,7822,39539,0.004545,4,17,2e-06,7823,39556,0.004547,8700223
1,2020-12-24,3301,42818,2360,40237,941,2581,0,0,3301,42839,0.004924,1,18,2e-06,3301,42857,0.004926,8700223
1,2020-12-25,237,43055,152,40389,85,2666,0,0,237,43076,0.004951,0,18,2e-06,237,43094,0.004953,8700223
1,2020-12-26,1350,44405,962,41351,388,3054,0,0,1349,44424,0.005106,1,19,2e-06,1349,44443,0.005108,8700223
1,2020-12-27,864,45269,531,41882,333,3387,0,0,864,45287,0.005205,1,20,2e-06,864,45307,0.005208,8700223
1,2020-12-28,7081,52350,4755,46637,2326,5713,0,0,7079,52365,0.006019,1,21,2e-06,7079,52386,0.006021,8700223
1,2020-12-29,8867,61217,4980,51617,3887,9600,0,0,8863,61227,0.007037,1,22,3e-06,8863,61249,0.00704,8700223
1,2020-12-30,11576,72793,6453,58070,5123,14723,0,0,11576,72803,0.008368,0,22,3e-06,11576,72825,0.00837,8700223
1,2020-12-31,5945,78738,1958,60028,3987,18710,0,0,5942,78743,0.009051,3,25,3e-06,5943,78768,0.009054,8700223
1,2021-01-01,557,79295,191,60219,366,19076,0,0,556,79298,0.009114,1,26,3e-06,556,79324,0.009117,8700223
1,2021-01-02,2898,82193,1762,61981,1136,20212,0,0,2900,82198,0.009448,0,26,3e-06,2900,82224,0.009451,8700223
1,2021-01-03,1024,83217,547,62528,477,20689,0,0,1020,83216,0.009565,2,28,3e-06,1020,83244,0.009568,8700223
1,2021-01-04,7337,90554,3576,66104,3761,24450,0,0,7341,90556,0.010408,1,29,3e-06,7341,90585,0.010412,8700223
1,2021-01-05,10808,101362,5203,71307,5605,30055,0,0,10045,99860,0.011478,747,776,8.9e-05,10051,100636,0.011567,8700223
1,2021-01-06,14010,115372,7039,78346,6971,37026,0,0,12112,110119,0.012657,1858,2634,0.000303,12117,112753,0.01296,8700223
1,2021-01-07,17373,132745,9083,87429,8290,45316,0,0,12921,118693,0.013643,4353,6987,0.000803,12927,125680,0.014446,8700223
1,2021-01-08,20094,152839,10413,97842,9681,54997,0,0,14187,127002,0.014598,5880,12867,0.001479,14189,139869,0.016076,8700223
1,2021-01-09,6681,159520,3373,101215,3308,58305,0,0,4832,130002,0.014942,1836,14703,0.00169,4836,144705,0.016632,8700223
1,2021-01-10,3070,162590,1746,102961,1324,59629,0,0,1885,130716,0.015024,1172,15875,0.001825,1886,146591,0.016849,8700223
1,2021-01-11,18059,180649,11824,114785,6235,65864,0,0,11507,135732,0.015601,6505,22380,0.002572,11521,158112,0.018173,8700223
1,2021-01-12,18906,199555,10737,125522,8169,74033,0,0,12938,142763,0.016409,5915,28295,0.003252,12946,171058,0.019661,8700223
1,2021-01-13,19739,219294,10668,136190,9071,83104,0,0,14579,152219,0.017496,5133,33428,0.003842,14589,185647,0.021338,8700223
1,2021-01-14,21906,241200,9387,145577,12519,95623,0,0,19146,168684,0.019388,2695,36123,0.004152,19160,204807,0.02354,8700223
1,2021-01-15,25195,266395,9297,154874,15898,111521,0,0,23203,189965,0.021834,1932,38055,0.004374,23213,228020,0.026209,8700223
1,2021-01-16,13881,280276,4557,159431,9324,120845,0,0,13000,202107,0.02323,860,38915,0.004473,13002,241022,0.027703,8700223
1,2021-01-17,5201,285477,2016,161447,3185,124030,0,0,4835,206585,0.023745,362,39277,0.004514,4840,245862,0.028259,8700223
1,2021-01-18,14335,299812,8600,170047,5735,129765,0,0,11147,214562,0.024662,3175,42452,0.004879,11152,257014,0.029541,8700223
1,2021-01-19,24681,324493,12883,182930,11798,141563,0,0,19471,228898,0.026309,5184,47636,0.005475,19520,276534,0.031785,8700223
1,2021-01-20,28679,353172,14039,196969,14640,156203,0,0,23018,246343,0.028315,5604,53240,0.006119,23049,299583,0.034434,8700223
1,2021-01-21,30957,384129,14417,211386,16540,172743,0,0,27735,270964,0.031144,3148,56388,0.006481,27769,327352,0.037626,8700223
1,2021-01-22,28163,412292,11183,222569,16980,189723,0,0,26160,295188,0.033929,1960,58348,0.006706,26184,353536,0.040635,8700223
1,2021-01-23,18680,430972,8201,230770,10479,200202,0,0,16752,310036,0.035635,1914,60262,0.006926,16762,370298,0.042562,8700223
1,2021-01-24,6660,437632,4156,234926,2504,202706,0,0,6002,315389,0.036251,654,60916,0.007002,6007,376305,0.043252,8700223
1,2021-01-25,25283,462915,10423,245349,14860,217566,0,0,19580,329321,0.037852,5668,66584,0.007653,19600,395905,0.045505,8700223
1,2021-01-26,28574,491489,13409,258758,15165,232731,0,0,21963,344764,0.039627,6535,73119,0.008404,21978,417883,0.048031,8700223
1,2021-01-27,32339,523828,15393,274151,16946,249677,0,0,24348,361224,0.041519,7914,81033,0.009314,24374,442257,0.050833,8700223
1,2021-01-28,34718,558546,16346,290497,18372,268049,0,0,27887,382369,0.043949,6762,87795,0.010091,27907,470164,0.05404,8700223
1,2021-01-29,33469,592015,16456,306953,17013,285062,0,0,26976,403018,0.046323,6340,94135,0.01082,26989,497153,0.057143,8700223
1,2021-01-30,20203,612218,8817,315770,11386,296448,0,0,18095,419039,0.048164,2083,96218,0.011059,18104,515257,0.059223,8700223
1,2021-01-31,7584,619802,4970,320740,2614,299062,0,0,6942,425343,0.048889,641,96859,0.011133,6945,522202,0.060022,8700223
1,2021-02-01,28531,648333,12429,333169,16102,315164,0,0,20900,438665,0.05042,7584,104443,0.012005,20906,543108,0.062425,8700223
1,2021-02-02,32056,680389,11533,344702,20523,335687,0,0,24139,454989,0.052296,7848,112291,0.012907,24172,567280,0.065203,8700223
1,2021-02-03,39138,719527,15050,359752,24088,359775,0,0,28283,472588,0.054319,10714,123005,0.014138,28313,595593,0.068457,8700223
1,2021-02-04,43564,763091,16998,376750,26566,386341,0,0,31663,492504,0.056608,11792,134797,0.015494,31708,627301,0.072102,8700223
1,2021-02-05,46658,809749,17294,394044,29364,415705,0,0,30730,507515,0.058334,15763,150560,0.017305,30774,658075,0.075639,8700223
1,2021-02-06,26490,836239,10533,404577,15957,431662,0,0,20659,522401,0.060045,5789,156349,0.017971,20675,678750,0.078015,8700223
1,2021-02-07,6267,842506,4044,408621,2223,433885,0,0,4657,525481,0.060399,1595,157944,0.018154,4675,683425,0.078553,8700223
1,2021-02-08,31353,873859,14355,422976,16998,450883,0,0,20917,536156,0.061626,10322,168266,0.01934,20997,704422,0.080966,8700223
1,2021-02-09,38174,912033,16858,439834,21316,472199,0,0,23587,545230,0.062669,14579,182845,0.021016,23653,728075,0.083685,8700223
1,2021-02-10,46705,958738,21963,461797,24742,496941,0,0,26938,552612,0.063517,19631,202476,0.023273,27013,755088,0.086789,8700223
1,2021-02-11,51439,1010177,25325,487122,26114,523055,0,0,30900,563471,0.064765,20136,222612,0.025587,30995,786083,0.090352,8700223
1,2021-02-12,49375,1059552,21329,508451,28046,551101,0,0,28467,571350,0.065671,20720,243332,0.027968,28599,814682,0.093639,8700223
1,2021-02-13,26010,1085562,11343,519794,14667,565768,0,0,15074,575646,0.066165,10854,254186,0.029216,15150,829832,0.095381,8700223
1,2021-02-14,11618,1097180,5485,525279,6133,571901,0,0,6631,577383,0.066364,4959,259145,0.029786,6696,836528,0.09615,8700223
1,2021-02-15,23614,1120794,9270,534549,14344,586245,0,0,14369,582784,0.066985,9082,268227,0.03083,14483,851011,0.097815,8700223
1,2021-02-16,46397,1167191,22249,556798,24148,610393,0,0,27322,591225,0.067955,18990,287217,0.033013,27431,878442,0.100968,8700223
1,2021-02-17,47983,1215174,24355,581153,23628,634021,0,0,25943,595429,0.068438,21877,309094,0.035527,26081,904523,0.103965,8700223
1,2021-02-18,50531,1265705,25286,606439,25245,659266,0,0,26205,597851,0.068717,23993,333087,0.038285,26415,930938,0.107002,8700223
1,2021-02-19,45630,1311335,24724,631163,20906,680172,0,0,25752,603923,0.069415,19745,352832,0.040554,25817,956755,0.109969,8700223
1,2021-02-20,26945,1338280,16444,647607,10501,690673,0,0,15497,608088,0.069893,11407,364239,0.041865,15572,972327,0.111759,8700223
1,2021-02-21,11489,1349769,10241,657848,1248,691921,0,0,6833,610361,0.070155,4609,368848,0.042395,6882,979209,0.11255,8700223
1,2021-02-22,29886,1379655,19644,677492,10242,702163,0,0,17608,615851,0.070786,12217,381065,0.043799,17707,996916,0.114585,8700223
1,2021-02-23,43020,1422675,20970,698462,22050,724213,0,0,24156,621657,0.071453,18710,399775,0.04595,24516,1021432,0.117403,8700223
1,2021-02-24,52954,1475629,25674,724136,27280,751493,0,0,29710,628696,0.072262,23120,422895,0.048607,30159,1051591,0.120869,8700223
1,2021-02-25,65099,1540728,31698,755834,33401,784894,0,0,40785,645789,0.074227,24193,447088,0.051388,41286,1092877,0.125615,8700223
1,2021-02-26,72967,1613695,34291,790125,38676,823570,0,0,48141,669754,0.076981,24653,471741,0.054222,48618,1141495,0.131203,8700223
1,2021-02-27,50104,1663799,23163,813288,26934,850504,7,7,33346,686738,0.078933,16633,488374,0.056134,33617,1175112,0.135067,8700223
1,2021-02-28,19349,1683148,11480,824768,7867,858371,2,9,14287,696164,0.080017,5001,493375,0.056708,14427,1189539,0.136725,8700223
1,2021-03-01,44055,1727203,20386,845154,23638,882009,31,40,28496,709552,0.081556,15369,508744,0.058475,28757,1218296,0.14003,8700223
1,2021-03-02,61700,1788903,26903,872057,34790,916799,7,47,39783,728184,0.083697,21773,530517,0.060977,40405,1258701,0.144675,8700223
1,2021-03-03,69426,1858329,33116,905173,36290,953089,20,67,42424,744357,0.085556,26862,557379,0.064065,43035,1301736,0.149621,8700223
1,2021-03-04,77555,1935884,36415,941588,41106,994195,34,101,49981,767487,0.088215,27388,584767,0.067213,50518,1352254,0.155428,8700223
1,2021-03-05,76700,2012584,34743,976331,41752,1035947,205,306,51463,794789,0.091353,24998,609765,0.070086,52300,1404554,0.161439,8700223
1,2021-03-06,57050,2069634,27245,1003576,28467,1064414,1338,1644,38881,817271,0.093937,18104,627869,0.072167,40586,1445140,0.166104,8700223
1,2021-03-07,20135,2089769,12821,1016397,6502,1070916,812,2456,15154,828537,0.095232,4962,632831,0.072737,16228,1461368,0.167969,8700223
1,2021-03-08,44185,2133954,21086,1037483,21225,1092141,1874,4330,30969,848605,0.097538,13115,645946,0.074245,33183,1494551,0.171783,8700223
1,2021-03-09,65532,2199486,31640,1069123,31413,1123554,2479,6809,40482,866986,0.099651,24919,670865,0.077109,43300,1537851,0.17676,8700223
1,2021-03-10,72337,2271823,36129,1105252,31835,1155389,4373,11182,44953,889590,0.102249,27090,697955,0.080223,49694,1587545,0.182472,8700223
1,2021-03-11,88702,2360525,40502,1145754,40282,1195671,7918,19100,51985,913593,0.105008,36341,734296,0.0844,60344,1647889,0.189408,8700223
1,2021-03-12,97275,2457800,42597,1188351,42339,1238010,12339,31439,57005,943382,0.108432,40025,774321,0.089,69814,1717703,0.197432,8700223
1,2021-03-13,64846,2522646,29323,1217674,27833,1265843,7690,39129,41523,969657,0.111452,23212,797533,0.091668,49487,1767190,0.20312,8700223
1,2021-03-14,27553,2550199,14854,1232528,9134,1274977,3565,42694,15660,977245,0.112324,11838,809371,0.093029,19426,1786616,0.205353,8700223
1,2021-03-15,64378,2614577,28152,1260680,29529,1304506,6697,49391,38131,996311,0.114516,26065,835436,0.096025,45131,1831747,0.21054,8700223
1,2021-03-16,84676,2699253,38414,1299094,40725,1345231,5537,54928,52779,1023277,0.117615,31716,867152,0.09967,58682,1890429,0.217285,8700223
1,2021-03-17,91491,2790744,44119,1343213,40842,1386073,6530,61458,58943,1056799,0.121468,32321,899473,0.103385,65843,1956272,0.224853,8700223
1,2021-03-18,97362,2888106,50048,1393261,41703,1427776,5611,67069,59563,1084959,0.124705,37460,936933,0.107691,65620,2021892,0.232395,8700223
1,2021-03-19,102448,2990554,52950,1446211,43371,1471147,6127,73196,60667,1110787,0.127673,41493,978426,0.11246,67321,2089213,0.240133,8700223
1,2021-03-20,71881,3062435,37000,1483211,29678,1500825,5203,78399,46402,1137380,0.13073,25299,1003725,0.115368,51892,2141105,0.246098,8700223
1,2021-03-21,26911,3089346,18790,1502001,6318,1507143,1803,80202,17369,1147185,0.131857,9465,1013190,0.116456,19270,2160375,0.248313,8700223
1,2021-03-22,58482,3147828,30107,1532108,25094,1532237,3281,83483,39681,1171912,0.134699,18596,1031786,0.118593,43323,2203698,0.253292,8700223
1,2021-03-23,82090,3229918,41602,1573710,36879,1569116,3609,87092,51015,1196128,0.137482,30865,1062651,0.122141,55081,2258779,0.259623,8700223
1,2021-03-24,86978,3316896,43905,1617615,38741,1607857,4332,91424,52671,1219229,0.140138,34078,1096729,0.126058,57179,2315958,0.266195,8700223
1,2021-03-25,95572,3412468,48609,1666224,41153,1649010,5810,97234,53808,1237583,0.142247,41479,1138208,0.130825,59833,2375791,0.273072,8700223
1,2021-03-26,103524,3515992,50459,1716683,46815,1695825,6250,103484,56282,1253464,0.144073,46952,1185160,0.136222,62833,2438624,0.280294,8700223
1,2021-03-27,73476,3589468,37962,1754645,31330,1727155,4184,107668,38104,1260784,0.144914,35172,1220332,0.140264,42492,2481116,0.285178,8700223
1,2021-03-28,32506,3621974,21282,1775927,10014,1737169,1210,108878,16497,1263027,0.145172,15897,1236229,0.142092,18140,2499256,0.287263,8700223
1,2021-03-29,66298,3688272,32902,1808829,30306,1767475,3090,111968,36961,1274118,0.146447,29168,1265397,0.145444,40259,2539515,0.291891,8700223
1,2021-03-30,90795,3779067,44710,1853539,39804,1807279,6281,118249,47212,1284278,0.147614,43433,1308830,0.150436,53593,2593108,0.298051,8700223
1,2021-03-31,99736,3878803,52215,1905754,41590,1848869,5931,124180,55143,1301118,0.14955,44311,1353141,0.155529,61151,2654259,0.305079,8700223
1,2021-04-01,110393,3989196,52886,1958640,49116,1897985,8391,132571,56748,1313050,0.150921,53280,1406421,0.161653,65212,2719471,0.312575,8700223
1,2021-04-02,109875,4099071,50153,2008793,50121,1948106,9601,142172,56343,1326066,0.152417,53156,1459577,0.167763,66172,2785643,0.320181,8700223
1,2021-04-03,77587,4176658,38997,2047790,28996,1977102,9594,151766,36367,1331048,0.15299,41060,1500637,0.172483,46042,2831685,0.325473,8700223
1,2021-04-04,23659,4200317,11769,2059559,8435,1985537,3455,155221,9936,1330758,0.152957,13671,1514308,0.174054,13381,2845066,0.327011,8700223
1,2021-04-05,75367,4275684,36171,2095730,30062,2015599,9134,164355,34305,1333501,0.153272,40875,1555183,0.178752,43618,2888684,0.332024,8700223
1,2021-04-06,102637,4378321,48637,2144367,37493,2053092,16507,180862,46620,1340911,0.154124,55771,1610954,0.185162,63181,2951865,0.339286,8700223
1,2021-04-07,110300,4488621,53340,2197707,39553,2092645,17407,198269,50250,1348811,0.155032,59806,1670760,0.192036,67706,3019571,0.347068,8700223
1,2021-04-08,121143,4609764,57221,2254928,43105,2135750,20817,219086,53793,1356513,0.155917,66995,1737755,0.199737,74697,3094268,0.355654,8700223
1,2021-04-09,121694,4731458,55602,2310530,45571,2181321,20521,239607,53829,1363438,0.156713,67528,1805283,0.207498,74453,3168721,0.364211,8700223
1,2021-04-10,95107,4826565,42277,2352807,30240,2211561,22590,262197,37206,1365518,0.156952,57725,1863008,0.214133,59805,3228526,0.371085,8700223
1,2021-04-11,36121,4862686,20159,2372966,9339,2220900,6623,268820,14749,1365686,0.156971,21320,1884328,0.216584,21488,3250014,0.373555,8700223
1,2021-04-12,73365,4936051,32544,2405510,30889,2251789,9932,278752,31223,1365123,0.156907,41877,1926205,0.221397,41314,3291328,0.378304,8700223
1,2021-04-13,96379,5032430,51487,2456997,44559,2296348,333,279085,52132,1373969,0.157923,43988,1970193,0.226453,52834,3344162,0.384377,8700223
1,2021-04-14,103655,5136085,53571,2510568,50015,2346363,69,279154,52920,1376998,0.158272,50401,2020594,0.232246,53430,3397592,0.390518,8700223
1,2021-04-15,104924,5241009,56949,2567517,47888,2394251,87,279241,56381,1385682,0.15927,48020,2068614,0.237766,56704,3454296,0.397035,8700223
1,2021-04-16,108837,5349846,55962,2623479,52788,2447039,87,279328,54718,1387081,0.159431,53687,2122301,0.243936,55086,3509382,0.403367,8700223
1,2021-04-17,82061,5431907,44537,2668016,37514,2484553,10,279338,46125,1397677,0.160648,35744,2158045,0.248045,46340,3555722,0.408693,8700223
1,2021-04-18,28856,5460763,19251,2687267,9598,2494151,7,279345,14639,1398381,0.160729,14144,2172189,0.24967,14848,3570570,0.4104,8700223
1,2021-04-19,64583,5525346,32945,2720212,31625,2525776,13,279358,29261,1392767,0.160084,35018,2207207,0.253695,29404,3599974,0.41378,8700223
1,2021-04-20,85664,5611010,42609,2762821,43036,2568812,19,279377,40651,1388896,0.159639,44744,2251951,0.258838,40873,3640847,0.418477,8700223
1,2021-04-21,91898,5702908,46847,2809668,44957,2613769,94,279471,41247,1380269,0.158648,50177,2302128,0.264606,41550,3682397,0.423253,8700223
1,2021-04-22,94243,5797151,48591,2858259,45636,2659405,16,279487,43396,1373484,0.157868,50409,2352537,0.2704,43624,3726021,0.428267,8700223
1,2021-04-23,98028,5895179,50315,2908574,47688,2707093,25,279512,46552,1369244,0.15738,51037,2403574,0.276266,46797,3772818,0.433646,8700223
1,2021-04-24,74896,5970075,46569,2955143,28303,2735396,24,279536,42539,1379804,0.158594,32258,2435832,0.279974,42818,3815636,0.438568,8700223
1,2021-04-25,26923,5996998,17150,2972293,9762,2745158,11,279547,15423,1383979,0.159074,11391,2447223,0.281283,15566,3831202,0.440357,8700223
1,2021-04-26,64660,6061658,33661,3005954,30598,2775756,401,279948,31029,1382383,0.158891,33365,2480588,0.285118,31769,3862971,0.444008,8700223
1,2021-04-27,78858,6140516,41866,3047820,35733,2811489,1259,281207,34083,1373548,0.157875,44523,2525111,0.290235,35688,3898659,0.44811,8700223
1,2021-04-28,78960,6219476,41519,3089339,35956,2847445,1485,282692,34818,1366222,0.157033,43858,2568969,0.295276,36532,3935191,0.452309,8700223
1,2021-04-29,80912,6300388,44287,3133626,35050,2882495,1575,284267,32769,1352875,0.155499,47853,2616822,0.300776,34506,3969697,0.456275,8700223
1,2021-04-30,88281,6388669,47726,3181352,38744,2921239,1811,286078,36700,1340246,0.154047,51310,2668132,0.306674,38681,4008378,0.460721,8700223
1,2021-05-01,61798,6450467,39992,3221344,20434,2941673,1372,287450,26015,1332254,0.153129,35607,2703739,0.310767,27615,4035993,0.463895,8700223
1,2021-05-02,23165,6473632,16373,3237717,6229,2947902,563,288013,9422,1328625,0.152712,13645,2717384,0.312335,10016,4046009,0.465047,8700223
1,2021-05-03,54397,6528029,30173,3267890,22446,2970348,1778,289791,19807,1315879,0.151247,34386,2751770,0.316287,21640,4067649,0.467534,8700223
1,2021-05-04,72197,6600226,41304,3309194,28862,2999210,2031,291822,25842,1297739,0.149162,46100,2797870,0.321586,27960,4095609,0.470748,8700223
1,2021-05-05,74185,6674411,42659,3351853,29289,3028499,2237,294059,25205,1276563,0.146728,48692,2846562,0.327183,27516,4123125,0.47391,8700223
1,2021-05-06,75903,6750314,45463,3397316,28284,3056783,2156,296215,23816,1250937,0.143782,51757,2898319,0.333132,26131,4149256,0.476914,8700223
1,2021-05-07,79555,6829869,45282,3442598,32131,3088914,2142,298357,26631,1227220,0.141056,52553,2950872,0.339172,28836,4178092,0.480228,8700223
1,2021-05-08,54148,6884017,33805,3476403,18776,3107690,1567,299924,18223,1211458,0.139244,35645,2986517,0.343269,19883,4197975,0.482513,8700223
1,2021-05-09,17639,6901656,12550,3488953,4616,3112306,473,300397,5453,1205307,0.138537,12113,2998630,0.344661,5962,4203937,0.483199,8700223
1,2021-05-10,41997,6943653,21040,3509993,19193,3131499,1764,302161,14109,1193598,0.137192,27675,3026305,0.347842,15966,4219903,0.485034,8700223
1,2021-05-11,59472,7003125,31818,3541811,25553,3157052,2101,304262,19461,1175512,0.135113,39771,3066076,0.352413,21685,4241588,0.487526,8700223
1,2021-05-12,60139,7063264,31865,3573676,26265,3183317,2009,306271,20318,1158362,0.133142,39551,3105627,0.356959,22401,4263989,0.490101,8700223
1,2021-05-13,63433,7126697,36974,3610650,24535,3207852,1924,308195,24337,1146140,0.131737,38767,3144394,0.361415,26545,4290534,0.493152,8700223
1,2021-05-14,73250,7199947,44007,3654657,26934,3234786,2309,310504,29798,1135417,0.130504,43132,3187526,0.366373,32409,4322943,0.496877,8700223
1,2021-05-15,63314,7263261,41832,3696489,19786,3254572,1696,312200,25088,1124285,0.129225,37989,3225515,0.370739,26857,4349800,0.499964,8700223
1,2021-05-16,23997,7287258,17508,3713997,5874,3260446,615,312815,9672,1120388,0.128777,14227,3239742,0.372375,10330,4360130,0.501152,8700223
1,2021-05-17,53154,7340412,32656,3746653,18785,3279231,1713,314528,23035,1115313,0.128194,29887,3269629,0.37581,24812,4384942,0.504003,8700223
1,2021-05-18,63571,7403983,38405,3785058,23394,3302625,1772,316300,28121,1110097,0.127594,35197,3304826,0.379855,29981,4414923,0.507449,8700223
1,2021-05-19,65472,7469455,39931,3824989,23630,3326255,1911,318211,30052,1106981,0.127236,35166,3339992,0.383897,32050,4446973,0.511133,8700223
1,2021-05-20,62992,7532447,36599,3861588,24239,3350494,2154,320365,26637,1099945,0.126427,36056,3376048,0.388042,29020,4475993,0.514469,8700223
1,2021-05-21,68960,7601407,41233,3902821,25881,3376375,1846,322211,29318,1091951,0.125508,39275,3415323,0.392556,31281,4507274,0.518064,8700223
1,2021-05-22,54844,7656251,36252,3939073,16932,3393307,1660,323871,24078,1087282,0.124972,30527,3445850,0.396065,25858,4533132,0.521036,8700223
1,2021-05-23,19402,7675653,13508,3952581,5314,3398621,580,324451,9176,1086947,0.124933,10123,3455973,0.397228,9788,4542920,0.522161,8700223
1,2021-05-24,42261,7717914,23285,3975866,17168,3415789,1808,326259,17186,1081169,0.124269,24850,3480823,0.400084,19072,4561992,0.524353,8700223
1,2021-05-25,50107,7768021,28977,4004843,19487,3435276,1643,327902,21171,1075396,0.123606,28688,3509511,0.403382,22915,4584907,0.526987,8700223
1,2021-05-26,47774,7815795,27111,4031954,18792,3454068,1871,329773,20691,1071225,0.123126,26799,3536310,0.406462,22628,4607535,0.529588,8700223
1,2021-05-27,46366,7862161,26097,4058051,18390,3472458,1879,331652,20552,1068220,0.122781,25550,3561860,0.409399,22545,4630080,0.532179,8700223
1,2021-05-28,51350,7913511,28637,4086688,20947,3493405,1766,333418,23402,1065859,0.122509,27663,3589523,0.412578,25302,4655382,0.535088,8700223
1,2021-05-29,30036,7943547,18213,4104901,10895,3504300,928,334346,14642,1066260,0.122555,15242,3604765,0.41433,15643,4671025,0.536886,8700223
1,2021-05-30,11521,7955068,7456,4112357,3522,3507822,543,334889,5642,1066661,0.122602,5814,3610579,0.414998,6215,4677240,0.5376,8700223
1,2021-05-31,5657,7960725,3232,4115589,2173,3509995,252,335141,1995,1065307,0.122446,3613,3614192,0.415414,2259,4679499,0.53786,8700223
1,2021-06-01,44982,8005707,25485,4141074,18005,3528000,1492,336633,17963,1058128,0.121621,26731,3640923,0.418486,19552,4699051,0.540107,8700223
1,2021-06-02,39385,8045092,22930,4164004,14997,3542997,1458,338091,16405,1053378,0.121075,22705,3663628,0.421096,17955,4717006,0.542171,8700223
1,2021-06-03,40702,8085794,25566,4189570,13508,3556505,1628,339719,16265,1047189,0.120363,24164,3687792,0.423873,17975,4734981,0.544237,8700223
1,2021-06-04,49109,8134903,31622,4221192,15757,3572262,1730,341449,18494,1037199,0.119215,30308,3718100,0.427357,20318,4755299,0.546572,8700223
1,2021-06-05,39101,8174004,26981,4248173,10522,3582784,1598,343047,14574,1029113,0.118286,24325,3742425,0.430153,16239,4771538,0.548439,8700223
1,2021-06-06,12776,8186780,10226,4258399,2061,3584845,489,343536,4689,1026350,0.117968,8012,3750437,0.431074,5249,4776787,0.549042,8700223
1,2021-06-07,33408,8220188,23113,4281512,8980,3593825,1315,344851,12127,1018770,0.117097,21089,3771526,0.433498,13509,4790296,0.550595,8700223
1,2021-06-08,41281,8261469,28647,4310159,11064,3604889,1570,346421,14763,1008947,0.115968,26276,3797802,0.436518,16453,4806749,0.552486,8700223
1,2021-06-09,40943,8302412,28598,4338757,10827,3615716,1518,347939,13393,996663,0.114556,27281,3825083,0.439653,14997,4821746,0.554209,8700223
1,2021-06-10,37394,8339806,25312,4364069,10544,3626260,1538,349477,12971,987073,0.113454,24211,3849294,0.442436,14621,4836367,0.55589,8700223
1,2021-06-11,38385,8378191,24633,4388702,12247,3638507,1505,350982,13400,977316,0.112332,24732,3874026,0.445279,14975,4851342,0.557611,8700223
1,2021-06-12,31596,8409787,22772,4411474,7703,3646210,1121,352103,10090,967267,0.111177,21315,3895341,0.447729,11266,4862608,0.558906,8700223
1,2021-06-13,10871,8420658,7826,4419300,2612,3648822,433,352536,3120,963162,0.110705,7690,3903031,0.448613,3585,4866193,0.559318,8700223
1,2021-06-14,16395,8437053,10838,4430138,4767,3653589,790,353326,5465,958576,0.110178,10837,3913868,0.449858,6251,4872444,0.560037,8700223
2,2020-12-15,240,240,240,240,0,0,0,0,240,240,2.9e-05,0,0,0.0,240,240,2.9e-05,8407551
2,2020-12-16,2074,2314,2074,2314,0,0,0,0,2073,2313,0.000275,0,0,0.0,2073,2313,0.000275,8407551
2,2020-12-17,6825,9139,6825,9139,0,0,0,0,6826,9139,0.001087,0,0,0.0,6826,9139,0.001087,8407551
2,2020-12-18,11028,20167,11001,20140,27,27,0,0,11020,20150,0.002397,9,9,1e-06,11020,20159,0.002398,8407551
2,2020-12-19,5589,25756,5583,25723,6,33,0,0,5590,25740,0.003062,0,9,1e-06,5590,25749,0.003063,8407551
2,2020-12-20,4212,29968,4204,29927,8,41,0,0,4208,29948,0.003562,0,9,1e-06,4208,29957,0.003563,8407551
2,2020-12-21,12781,42749,12753,42680,28,69,0,0,12733,42678,0.005076,3,12,1e-06,12733,42690,0.005078,8407551
2,2020-12-22,12126,54875,11612,54292,514,583,0,0,12124,54801,0.006518,1,13,2e-06,12124,54814,0.00652,8407551
2,2020-12-23,11694,66569,9475,63767,2219,2802,0,0,11696,66496,0.007909,2,15,2e-06,11697,66511,0.007911,8407551
2,2020-12-24,5860,72429,3493,67260,2367,5169,0,0,5856,72351,0.008605,3,18,2e-06,5858,72369,0.008608,8407551
2,2020-12-25,480,72909,402,67662,78,5247,0,0,481,72832,0.008663,0,18,2e-06,481,72850,0.008665,8407551
2,2020-12-26,2561,75470,1666,69328,895,6142,0,0,2562,75393,0.008967,1,19,2e-06,2562,75412,0.00897,8407551
2,2020-12-27,2223,77693,1207,70535,1016,7158,0,0,2220,77611,0.009231,2,21,2e-06,2220,77632,0.009234,8407551
2,2020-12-28,10988,88681,7147,77682,3841,10999,0,0,10985,88592,0.010537,4,25,3e-06,10985,88617,0.01054,8407551
2,2020-12-29,12686,101367,7148,84830,5538,16537,0,0,12690,101281,0.012046,1,26,3e-06,12690,101307,0.01205,8407551
2,2020-12-30,15375,116742,8643,93473,6732,23269,0,0,15386,116662,0.013876,7,33,4e-06,15388,116695,0.01388,8407551
2,2020-12-31,7548,124290,2827,96300,4721,27990,0,0,7540,124196,0.014772,6,39,5e-06,7540,124235,0.014777,8407551
2,2021-01-01,1162,125452,561,96861,601,28591,0,0,1161,125354,0.01491,3,42,5e-06,1161,125396,0.014915,8407551
2,2021-01-02,4823,130275,2746,99607,2077,30668,0,0,4821,130175,0.015483,0,42,5e-06,4821,130217,0.015488,8407551
2,2021-01-03,1381,131656,787,100394,594,31262,0,0,1376,131548,0.015646,3,45,5e-06,1376,131593,0.015652,8407551
2,2021-01-04,11628,143284,5559,105953,6069,37331,0,0,11615,143158,0.017027,5,50,6e-06,11615,143208,0.017033,8407551
2,2021-01-05,13871,157155,6907,112860,6964,44295,0,0,12673,154651,0.018394,1189,1239,0.000147,12682,155890,0.018542,8407551
2,2021-01-06,18966,176121,10456,123316,8510,52805,0,0,15212,166165,0.019764,3703,4942,0.000588,15217,171107,0.020352,8407551
2,2021-01-07,22973,199094,12900,136216,10073,62878,0,0,15546,174293,0.020731,7433,12375,0.001472,15561,186668,0.022202,8407551
2,2021-01-08,26400,225494,15967,152183,10433,73311,0,0,16295,180557,0.021476,10049,22424,0.002667,16313,202981,0.024143,8407551
2,2021-01-09,9737,235231,5668,157851,4069,77380,0,0,6235,183284,0.0218,3514,25938,0.003085,6241,209222,0.024885,8407551
2,2021-01-10,5260,240491,2925,160776,2335,79715,0,0,3040,184094,0.021896,2235,28173,0.003351,3045,212267,0.025247,8407551
2,2021-01-11,25981,266472,17833,178609,8148,87863,0,0,15003,188139,0.022377,10979,39152,0.004657,15024,227291,0.027034,8407551
2,2021-01-12,26277,292749,16303,194912,9974,97837,0,0,16690,195292,0.023228,9581,48733,0.005796,16734,244025,0.029025,8407551
2,2021-01-13,28490,321239,15107,210019,13383,111220,0,0,20518,207881,0.024726,7958,56691,0.006743,20547,264572,0.031468,8407551
2,2021-01-14,30358,351597,11564,221583,18794,130014,0,0,26110,229741,0.027326,4267,60958,0.00725,26127,290699,0.034576,8407551
2,2021-01-15,35089,386686,12746,234329,22343,152357,0,0,31791,258274,0.030719,3286,64244,0.007641,31819,322518,0.038361,8407551
2,2021-01-16,17884,404570,5886,240215,11998,164355,0,0,16556,273492,0.032529,1351,65595,0.007802,16569,339087,0.040331,8407551
2,2021-01-17,10562,415132,3565,243780,6997,171352,0,0,9847,282607,0.033613,740,66335,0.00789,9855,348942,0.041503,8407551
2,2021-01-18,19717,434849,11020,254800,8697,180049,0,0,14916,292719,0.034816,4819,71154,0.008463,14931,363873,0.043279,8407551
2,2021-01-19,32456,467305,16950,271750,15506,195555,0,0,24473,309323,0.036791,7985,79139,0.009413,24589,388462,0.046204,8407551
2,2021-01-20,37118,504423,18579,290329,18539,214094,0,0,28484,329294,0.039166,8605,87744,0.010436,28576,417038,0.049603,8407551
2,2021-01-21,40696,545119,17249,307578,23447,237541,0,0,36210,361156,0.042956,4451,92195,0.010966,36313,453351,0.053922,8407551
2,2021-01-22,39306,584425,16428,324006,22878,260419,0,0,35985,393844,0.046844,3319,95514,0.011361,36007,489358,0.058205,8407551
2,2021-01-23,24072,608497,10817,334823,13255,273674,0,0,21117,412046,0.049009,2932,98446,0.011709,21134,510492,0.060718,8407551
2,2021-01-24,12435,620932,6151,340974,6284,279958,0,0,11515,422663,0.050272,906,99352,0.011817,11523,522015,0.062089,8407551
2,2021-01-25,33839,654771,15563,356537,18276,298234,0,0,25054,439050,0.052221,8720,108072,0.012854,25107,547122,0.065075,8407551
2,2021-01-26,40147,694918,19715,376252,20432,318666,0,0,31140,461290,0.054866,8967,117039,0.013921,31207,578329,0.068787,8407551
2,2021-01-27,45467,740385,22718,398970,22749,341415,0,0,35381,486769,0.057897,9961,127000,0.015105,35440,613769,0.073002,8407551
2,2021-01-28,47899,788284,22540,421510,25359,366774,0,0,39282,517550,0.061558,8543,135543,0.016122,39324,653093,0.077679,8407551
2,2021-01-29,45522,833806,22117,443627,23405,390179,0,0,36886,545951,0.064936,8513,144056,0.017134,36914,690007,0.08207,8407551
2,2021-01-30,31203,865009,13506,457133,17697,407876,0,0,27881,570569,0.067864,3282,147338,0.017524,27900,717907,0.085388,8407551
2,2021-01-31,17184,882193,10277,467410,6907,414783,0,0,16022,585465,0.069636,1145,148483,0.017661,16041,733948,0.087296,8407551
2,2021-02-01,40844,923037,19723,487133,21121,435904,0,0,30062,604828,0.071939,10739,159222,0.018938,30102,764050,0.090877,8407551
2,2021-02-02,47533,970570,19350,506483,28183,464087,0,0,36196,629858,0.074916,11260,170482,0.020277,36290,800340,0.095193,8407551
2,2021-02-03,53815,1024385,23880,530363,29935,494022,0,0,39790,655816,0.078003,13920,184402,0.021933,39878,840218,0.099936,8407551
2,2021-02-04,55815,1080200,24104,554467,31711,525733,0,0,40796,681784,0.081092,14918,199320,0.023707,40886,881104,0.104799,8407551
2,2021-02-05,59594,1139794,26207,580674,33387,559120,0,0,40313,703185,0.083637,19081,218401,0.025977,40482,921586,0.109614,8407551
2,2021-02-06,38897,1178691,18170,598844,20727,579847,0,0,31072,726586,0.086421,7755,226156,0.026899,31156,952742,0.11332,8407551
2,2021-02-07,15646,1194337,10392,609236,5254,585101,0,0,11876,734783,0.087396,3746,229902,0.027345,11943,964685,0.11474,8407551
2,2021-02-08,42984,1237321,21987,631223,20997,606098,0,0,29455,751072,0.089333,13356,243258,0.028933,29645,994330,0.118266,8407551
2,2021-02-09,49200,1286521,23311,654534,25889,631987,0,0,30583,763604,0.090824,18375,261633,0.031119,30907,1025237,0.121942,8407551
2,2021-02-10,59201,1345722,27828,682362,31373,663360,0,0,34488,774014,0.092062,24433,286066,0.034025,34843,1060080,0.126087,8407551
2,2021-02-11,63850,1409572,29467,711829,34383,697743,0,0,35853,782799,0.093107,27557,313623,0.037303,36342,1096422,0.130409,8407551
2,2021-02-12,64957,1474529,28030,739859,36927,734670,0,0,34634,788091,0.093736,29994,343617,0.04087,35286,1131708,0.134606,8407551
2,2021-02-13,37539,1512068,15714,755573,21825,756495,0,0,21717,794449,0.094492,15735,359352,0.042742,22093,1153801,0.137234,8407551
2,2021-02-14,19869,1531937,9275,764848,10594,767089,0,0,11144,797268,0.094828,8683,368035,0.043774,11502,1165303,0.138602,8407551
2,2021-02-15,32905,1564842,14843,779691,18062,785151,0,0,18277,801928,0.095382,14468,382503,0.045495,19128,1184431,0.140877,8407551
2,2021-02-16,55817,1620659,27457,807148,28360,813511,0,0,29474,805823,0.095845,26250,408753,0.048617,30145,1214576,0.144463,8407551
2,2021-02-17,61274,1681933,31594,838742,29680,843191,0,0,30517,806509,0.095927,30650,439403,0.052263,31336,1245912,0.14819,8407551
2,2021-02-18,65946,1747879,33375,872117,32571,875762,0,0,32159,806355,0.095908,33436,472839,0.05624,33282,1279194,0.152148,8407551
2,2021-02-19,58939,1806818,32667,904784,26272,902034,0,0,29301,806798,0.095961,29454,502293,0.059743,29897,1309091,0.155704,8407551
2,2021-02-20,36998,1843816,24085,928869,12913,914947,0,0,20261,811099,0.096473,16642,518935,0.061722,20943,1330034,0.158195,8407551
2,2021-02-21,20574,1864390,17101,945970,3473,918420,0,0,9977,811363,0.096504,10514,529449,0.062973,10778,1340812,0.159477,8407551
2,2021-02-22,37479,1901869,25608,971578,11871,930291,0,0,18009,810677,0.096422,19373,548822,0.065277,18687,1359499,0.1617,8407551
2,2021-02-23,51606,1953475,26377,997955,25229,955520,0,0,22833,806861,0.095969,28546,577368,0.068673,24730,1384229,0.164641,8407551
2,2021-02-24,68314,2021789,35159,1033114,33155,988675,0,0,31600,804280,0.095662,36541,613909,0.073019,33960,1418189,0.16868,8407551
2,2021-02-25,74122,2095911,34949,1068063,39173,1027848,0,0,37859,808907,0.096212,36036,649945,0.077305,40663,1458852,0.173517,8407551
2,2021-02-26,82460,2178371,35155,1103218,47305,1075153,0,0,44734,818388,0.09734,37448,687393,0.081759,46929,1505781,0.179099,8407551
2,2021-02-27,60083,2238454,27795,1131013,32281,1107434,7,7,32920,825692,0.098208,26948,714341,0.084964,34252,1540033,0.183173,8407551
2,2021-02-28,29538,2267992,17724,1148737,11813,1119247,1,8,17507,832092,0.09897,11938,726279,0.086384,18338,1558371,0.185354,8407551
2,2021-03-01,56417,2324409,29676,1178413,26712,1145959,29,37,31002,839230,0.099819,25079,751358,0.089367,32217,1590588,0.189186,8407551
2,2021-03-02,67558,2391967,32535,1210948,35017,1180976,6,43,38342,850879,0.101204,29042,780400,0.092821,40691,1631279,0.194025,8407551
2,2021-03-03,79462,2471429,38522,1249470,40927,1221903,13,56,45063,864309,0.102802,34205,814605,0.09689,47635,1678914,0.199691,8407551
2,2021-03-04,87136,2558565,42866,1292336,44240,1266143,30,86,50490,880789,0.104762,36418,851023,0.101221,52898,1731812,0.205983,8407551
2,2021-03-05,80474,2639039,38119,1330455,42053,1308196,302,388,49478,902183,0.107306,30764,881787,0.10488,52158,1783970,0.212187,8407551
2,2021-03-06,62485,2701524,30544,1360999,30252,1338448,1689,2077,38533,920033,0.109429,23818,905605,0.107713,41668,1825638,0.217143,8407551
2,2021-03-07,27467,2728991,16079,1377078,10420,1348868,968,3045,17762,930228,0.110642,9648,915253,0.108861,19843,1845481,0.219503,8407551
2,2021-03-08,49734,2778725,22893,1399971,24388,1373256,2453,5498,31512,947723,0.112723,18116,933369,0.111016,35611,1881092,0.223738,8407551
2,2021-03-09,69471,2848196,31825,1431796,33883,1407139,3763,9261,38765,961049,0.114308,30560,963929,0.11465,43886,1924978,0.228958,8407551
2,2021-03-10,77304,2925500,36736,1468532,34040,1441179,6528,15789,41295,974541,0.115913,35685,999614,0.118895,49177,1974155,0.234807,8407551
2,2021-03-11,92177,3017677,42561,1511093,41287,1482466,8329,24118,48457,989408,0.117681,43331,1042945,0.124049,58198,2032353,0.241729,8407551
2,2021-03-12,93204,3110881,38461,1549554,42761,1525227,11982,36100,46719,1003316,0.119335,46241,1089186,0.129549,60149,2092502,0.248884,8407551
2,2021-03-13,68347,3179228,28811,1578365,31588,1556815,7948,44048,37669,1019685,0.121282,30559,1119745,0.133183,46928,2139430,0.254465,8407551
2,2021-03-14,36540,3215768,18262,1596627,13759,1570574,4519,48567,18630,1025769,0.122006,17828,1137573,0.135304,23912,2163342,0.257309,8407551
2,2021-03-15,66894,3282662,30218,1626845,31672,1602246,5004,53571,37118,1039404,0.123627,29591,1167164,0.138823,43226,2206568,0.262451,8407551
2,2021-03-16,85707,3368369,37990,1664835,43740,1645986,3977,57548,52242,1063451,0.126488,33304,1200468,0.142785,57351,2263919,0.269272,8407551
2,2021-03-17,91846,3460215,44060,1708895,43640,1689626,4146,61694,58541,1093957,0.130116,33032,1233500,0.146713,63538,2327457,0.276829,8407551
2,2021-03-18,97040,3557255,46337,1755232,46212,1735838,4491,66185,59575,1121418,0.133382,37177,1270677,0.151135,64638,2392095,0.284517,8407551
2,2021-03-19,96814,3654069,45756,1800988,44952,1780790,6106,72291,57822,1147297,0.13646,38585,1309262,0.155725,64464,2456559,0.292185,8407551
2,2021-03-20,69400,3723469,33604,1834592,31859,1812649,3937,76228,45634,1173702,0.139601,23534,1332796,0.158524,49939,2506498,0.298125,8407551
2,2021-03-21,33008,3756477,21371,1855963,9654,1822303,1983,78211,20397,1184043,0.140831,12471,1345267,0.160007,22812,2529310,0.300838,8407551
2,2021-03-22,62365,3818842,34225,1890188,25495,1847798,2645,80856,41564,1208588,0.14375,20566,1365833,0.162453,45111,2574421,0.306203,8407551
2,2021-03-23,83057,3901899,44089,1934277,36064,1883862,2904,83760,52186,1233902,0.146761,30617,1396450,0.166095,55931,2630352,0.312856,8407551
2,2021-03-24,91112,3993011,49034,1983311,38927,1922789,3151,86911,53971,1254992,0.14927,36854,1433304,0.170478,57944,2688296,0.319748,8407551
2,2021-03-25,100730,4093741,50824,2034135,46008,1968797,3898,90809,57403,1274070,0.151539,42989,1476293,0.175591,62067,2750363,0.32713,8407551
2,2021-03-26,102812,4196553,51102,2085237,48219,2017016,3491,94300,56691,1289533,0.153378,45777,1522070,0.181036,61240,2811603,0.334414,8407551
2,2021-03-27,75100,4271653,37526,2122763,34281,2051297,3293,97593,37962,1294736,0.153997,36913,1558983,0.185427,42116,2853719,0.339423,8407551
2,2021-03-28,37485,4309138,23141,2145904,13537,2064834,807,98400,20242,1299471,0.15456,17117,1576100,0.187462,21852,2875571,0.342022,8407551
2,2021-03-29,70798,4379936,36095,2181999,32447,2097281,2256,100656,40578,1313160,0.156188,30045,1606145,0.191036,43734,2919305,0.347224,8407551
2,2021-03-30,91423,4471359,44802,2226801,42275,2139556,4346,105002,51644,1330170,0.158211,39588,1645733,0.195745,56598,2975903,0.353956,8407551
2,2021-03-31,100748,4572107,52017,2278818,43654,2183210,5077,110079,57528,1350186,0.160592,42942,1688675,0.200852,62958,3038861,0.361444,8407551
2,2021-04-01,116979,4689086,56581,2335399,51260,2234470,9138,119217,64031,1371203,0.163092,52599,1741274,0.207108,73616,3112477,0.3702,8407551
2,2021-04-02,111133,4800219,51343,2386742,49699,2284169,10091,129308,60111,1391207,0.165471,50678,1791952,0.213136,70682,3183159,0.378607,8407551
2,2021-04-03,76453,4876672,37498,2424240,29177,2313346,9778,139086,38076,1401279,0.166669,38180,1830132,0.217677,48252,3231411,0.384346,8407551
2,2021-04-04,29000,4905672,14920,2439160,10239,2323585,3841,142927,13105,1402450,0.166808,15811,1845943,0.219558,16982,3248393,0.386366,8407551
2,2021-04-05,78677,4984349,38644,2477804,31302,2354887,8731,151658,38351,1410130,0.167722,40175,1886118,0.224336,47855,3296248,0.392058,8407551
2,2021-04-06,103349,5087698,50356,2528160,38325,2393212,14668,166326,49245,1420601,0.168967,53864,1939982,0.230743,64335,3360583,0.39971,8407551
2,2021-04-07,109982,5197680,54900,2583060,38915,2432127,16167,182493,52100,1431549,0.170269,57620,1997602,0.237596,68568,3429151,0.407866,8407551
2,2021-04-08,118974,5316654,57282,2640342,43037,2475164,18655,201148,55432,1443055,0.171638,63202,2060804,0.245113,74708,3503859,0.416751,8407551
2,2021-04-09,118221,5434875,56944,2697286,43269,2518433,18008,219156,56096,1456282,0.173211,61776,2122580,0.252461,75003,3578862,0.425672,8407551
2,2021-04-10,86935,5521810,37636,2734922,30977,2549410,18322,237478,36100,1460798,0.173748,50596,2173176,0.258479,55112,3633974,0.432227,8407551
2,2021-04-11,44204,5566014,22919,2757841,12759,2562169,8526,246004,18090,1462162,0.173911,25986,2199162,0.26157,27350,3661324,0.43548,8407551
2,2021-04-12,79549,5645563,37077,2794918,33149,2595318,9323,255327,35698,1464598,0.1742,43595,2242757,0.266755,46031,3707355,0.440955,8407551
2,2021-04-13,101382,5746945,52567,2847485,48553,2643871,262,255589,55736,1476106,0.175569,45411,2288168,0.272156,56919,3764274,0.447725,8407551
2,2021-04-14,106204,5853149,55593,2903078,50561,2694432,50,255639,54729,1481142,0.176168,51210,2339378,0.278247,56246,3820520,0.454415,8407551
2,2021-04-15,112635,5965784,59852,2962930,52707,2747139,76,255715,59319,1488684,0.177065,52974,2392352,0.284548,60516,3881036,0.461613,8407551
2,2021-04-16,109533,6075317,56841,3019771,52642,2799781,50,255765,55865,1492148,0.177477,53389,2445741,0.290898,56853,3937889,0.468375,8407551
2,2021-04-17,82286,6157603,41819,3061590,40448,2840229,19,255784,46185,1503365,0.178811,35891,2481632,0.295167,47108,3984997,0.473978,8407551
2,2021-04-18,34063,6191666,20397,3081987,13660,2853889,6,255790,16284,1502985,0.178766,17664,2499296,0.297268,17284,4002281,0.476034,8407551
2,2021-04-19,73657,6265323,39737,3121724,33908,2887797,12,255802,33766,1497719,0.17814,39663,2538959,0.301986,34397,4036678,0.480125,8407551
2,2021-04-20,94866,6360189,47371,3169095,47472,2935269,23,255825,46286,1496486,0.177993,48282,2587241,0.307728,47049,4083727,0.485721,8407551
2,2021-04-21,99133,6459322,52519,3221614,46560,2981829,54,255879,47003,1492646,0.177536,51780,2639021,0.313887,47940,4131667,0.491423,8407551
2,2021-04-22,105507,6564829,54037,3275651,51449,3033278,21,255900,46310,1481000,0.176151,58853,2697874,0.320887,47207,4178874,0.497038,8407551
2,2021-04-23,104727,6669556,55190,3330841,49520,3082798,17,255917,48458,1474475,0.175375,55919,2753793,0.327538,49394,4228268,0.502913,8407551
2,2021-04-24,79530,6749086,46981,3377822,32510,3115308,39,255956,41581,1479391,0.17596,37633,2791426,0.332014,42549,4270817,0.507974,8407551
2,2021-04-25,36075,6785161,22286,3400108,13775,3129083,14,255970,19713,1483353,0.176431,16226,2807652,0.333944,20188,4291005,0.510375,8407551
2,2021-04-26,72420,6857581,39861,3439969,32265,3161348,294,256264,33474,1479881,0.176018,38710,2846362,0.338548,35238,4326243,0.514566,8407551
2,2021-04-27,86569,6944150,45327,3485296,39888,3201236,1354,257618,37206,1470660,0.174921,49035,2895397,0.344381,39814,4366057,0.519302,8407551
2,2021-04-28,85897,7030047,45473,3530769,38578,3239814,1846,259464,37966,1463717,0.174096,47649,2943046,0.350048,40706,4406763,0.524143,8407551
2,2021-04-29,88593,7118640,47799,3578568,39105,3278919,1689,261153,34352,1446442,0.172041,53912,2996958,0.35646,36637,4443400,0.528501,8407551
2,2021-04-30,92109,7210749,50658,3629226,39478,3318397,1973,263126,35603,1428548,0.169912,56119,3053077,0.363135,38225,4481625,0.533048,8407551
2,2021-05-01,61443,7272192,37595,3666821,22297,3340694,1551,264677,23914,1417597,0.16861,37259,3090336,0.367567,26308,4507933,0.536177,8407551
2,2021-05-02,29042,7301234,20131,3686952,7937,3348631,974,265651,11049,1411833,0.167924,17875,3108211,0.369693,12111,4520044,0.537617,8407551
2,2021-05-03,59517,7360751,35268,3722220,22219,3370850,2030,267681,20045,1394933,0.165914,39235,3147446,0.374359,22335,4542379,0.540274,8407551
2,2021-05-04,77781,7438532,46078,3768298,29345,3400195,2358,270039,25400,1371015,0.163069,52071,3199517,0.380553,28153,4570532,0.543622,8407551
2,2021-05-05,78033,7516565,46086,3814384,29609,3429804,2338,272377,24394,1344798,0.159951,53291,3252808,0.386891,27074,4597606,0.546842,8407551
2,2021-05-06,80550,7597115,48422,3862806,29226,3459030,2902,275279,24650,1317502,0.156705,55480,3308288,0.39349,28184,4625790,0.550195,8407551
2,2021-05-07,81605,7678720,46956,3909762,32232,3491262,2417,277696,25155,1289394,0.153361,56126,3364414,0.400166,28018,4653808,0.553527,8407551
2,2021-05-08,53298,7732018,32147,3941909,19463,3510725,1688,279384,16790,1272294,0.151328,36297,3400711,0.404483,19197,4673005,0.55581,8407551
2,2021-05-09,21271,7753289,15275,3957184,5259,3515984,737,280121,6396,1264857,0.150443,14800,3415511,0.406243,7363,4680368,0.556686,8407551
2,2021-05-10,48767,7802056,26432,3983616,20485,3536469,1850,281971,13952,1246673,0.14828,34596,3450107,0.410358,16412,4696780,0.558638,8407551
2,2021-05-11,63520,7865576,33729,4017345,27709,3564178,2082,284053,19283,1224754,0.145673,43976,3494083,0.415589,22057,4718837,0.561262,8407551
2,2021-05-12,63346,7928922,33704,4051049,27461,3591639,2181,286234,19491,1203246,0.143115,43592,3537675,0.420774,22084,4740921,0.563888,8407551
2,2021-05-13,68441,7997363,39896,4090945,26641,3618280,1904,288138,25538,1188790,0.141396,42655,3580330,0.425847,28199,4769120,0.567242,8407551
2,2021-05-14,77255,8074618,46059,4137004,28981,3647261,2215,290353,30103,1174926,0.139747,46834,3627164,0.431417,32970,4802090,0.571164,8407551
2,2021-05-15,64911,8139529,42639,4179643,20579,3667840,1693,292046,25167,1162640,0.138285,39515,3666679,0.436117,27229,4829319,0.574403,8407551
2,2021-05-16,30580,8170109,22772,4202415,6889,3674729,919,292965,12368,1157959,0.137728,18096,3684775,0.43827,13415,4842734,0.575998,8407551
2,2021-05-17,57110,8227219,36233,4238648,18952,3693681,1925,294890,22878,1149099,0.136675,34028,3718803,0.442317,25168,4867902,0.578992,8407551
2,2021-05-18,69071,8296290,40332,4278980,26798,3720479,1941,296831,27805,1138369,0.135398,41022,3759825,0.447196,30292,4898194,0.582595,8407551
2,2021-05-19,67775,8364065,40157,4319137,25652,3746131,1966,298797,27538,1128379,0.13421,39958,3799783,0.451949,29968,4928162,0.586159,8407551
2,2021-05-20,68042,8432107,39443,4358580,26445,3772576,2154,300951,26407,1116295,0.132773,41337,3841120,0.456866,29253,4957415,0.589638,8407551
2,2021-05-21,71471,8503578,42232,4400812,27111,3799687,2128,303079,28028,1103981,0.131308,43126,3884246,0.461995,30812,4988227,0.593303,8407551
2,2021-05-22,52355,8555933,33095,4433907,17543,3817230,1717,304796,21760,1097715,0.130563,30395,3914641,0.46561,24129,5012356,0.596173,8407551
2,2021-05-23,23205,8579138,15785,4449692,6700,3823930,720,305516,9965,1095467,0.130296,13133,3927774,0.467172,10885,5023241,0.597468,8407551
2,2021-05-24,43229,8622367,24270,4473962,17222,3841152,1737,307253,16522,1087567,0.129356,26497,3954271,0.470324,18597,5041838,0.59968,8407551
2,2021-05-25,50141,8672508,29459,4503421,18843,3859995,1839,309092,19377,1078844,0.128318,30479,3984750,0.473949,21756,5063594,0.602267,8407551
2,2021-05-26,48102,8720610,27023,4530444,19419,3879414,1660,310752,19180,1071478,0.127442,28618,4013368,0.477353,21252,5084846,0.604795,8407551
2,2021-05-27,46086,8766696,26129,4556573,18241,3897655,1716,312468,18801,1065466,0.126727,27061,4040429,0.480571,21049,5105895,0.607299,8407551
2,2021-05-28,49252,8815948,27322,4583895,19993,3917648,1937,314405,20982,1060873,0.126181,28032,4068461,0.483906,23439,5129334,0.610087,8407551
2,2021-05-29,28635,8844583,17158,4601053,10437,3928085,1040,315445,13409,1060445,0.12613,15086,4083547,0.4857,14658,5143992,0.61183,8407551
2,2021-05-30,12489,8857072,8047,4609100,3688,3931773,754,316199,5603,1060052,0.126083,6843,4090390,0.486514,6450,5150442,0.612597,8407551
2,2021-05-31,5855,8862927,3425,4612525,2128,3933901,302,316501,1849,1058298,0.125875,3967,4094357,0.486986,2213,5152655,0.61286,8407551
2,2021-06-01,44111,8907038,25457,4637982,17087,3950988,1567,318068,16150,1048749,0.124739,27691,4122048,0.490279,18142,5170797,0.615018,8407551
2,2021-06-02,37640,8944678,22152,4660134,14101,3965089,1387,319455,15125,1043324,0.124094,22278,4144326,0.492929,16853,5187650,0.617023,8407551
2,2021-06-03,40829,8985507,26334,4686468,13059,3978148,1436,320891,14174,1032923,0.122857,26438,4170764,0.496074,16037,5203687,0.61893,8407551
2,2021-06-04,47259,9032766,30874,4717342,14864,3993012,1521,322412,15801,1019621,0.121274,31197,4201961,0.499784,17895,5221582,0.621059,8407551
2,2021-06-05,37026,9069792,26589,4743931,9169,4002181,1268,323680,11975,1008497,0.119951,24840,4226801,0.502739,13716,5235298,0.62269,8407551
2,2021-06-06,14562,9084354,11933,4755864,2052,4004233,577,324257,4934,1004664,0.119495,9567,4236368,0.503877,5734,5241032,0.623372,8407551
2,2021-06-07,32660,9117014,22897,4778761,8510,4012743,1253,325510,10792,995277,0.118379,21737,4258105,0.506462,12350,5253382,0.624841,8407551
2,2021-06-08,39856,9156870,28318,4807079,10201,4022944,1337,326847,12593,982629,0.116875,27031,4285136,0.509677,14383,5267765,0.626552,8407551
2,2021-06-09,36185,9193055,25269,4832348,9516,4032460,1400,328247,10894,970150,0.11539,25115,4310251,0.512664,12636,5280401,0.628055,8407551
2,2021-06-10,35452,9228507,24669,4857017,9352,4041812,1431,329678,11072,958908,0.114053,24195,4334446,0.515542,12953,5293354,0.629595,8407551
2,2021-06-11,35346,9263853,22559,4879576,11267,4053079,1520,331198,11021,947612,0.11271,24100,4358546,0.518409,12804,5306158,0.631118,8407551
2,2021-06-12,27398,9291251,20142,4899718,6379,4059458,877,332075,7878,937165,0.111467,19417,4377963,0.520718,8970,5315128,0.632185,8407551
2,2021-06-13,11027,9302278,8084,4907802,2409,4061867,534,332609,2853,932603,0.110924,8116,4386079,0.521683,3554,5318682,0.632608,8407551
2,2021-06-14,13020,9315298,9237,4917039,3136,4065003,647,333256,3981,928342,0.110418,8959,4395038,0.522749,4698,5323380,0.633167,8407551
3,2020-12-15,304,304,304,304,0,0,0,0,304,304,3.7e-05,0,0,0.0,304,304,3.7e-05,8129050
3,2020-12-16,2306,2610,2306,2610,0,0,0,0,2307,2611,0.000321,0,0,0.0,2307,2611,0.000321,8129050
3,2020-12-17,7796,10406,7796,10406,0,0,0,0,7796,10407,0.00128,0,0,0.0,7796,10407,0.00128,8129050
3,2020-12-18,13359,23765,13336,23742,23,23,0,0,13348,23745,0.002921,10,10,1e-06,13348,23755,0.002922,8129050
3,2020-12-19,7184,30949,7173,30915,11,34,0,0,7248,30993,0.003813,0,10,1e-06,7248,31003,0.003814,8129050
3,2020-12-20,5627,36576,5620,36535,7,41,0,0,5673,36664,0.00451,2,12,1e-06,5673,36676,0.004512,8129050
3,2020-12-21,14352,50928,14325,50860,27,68,0,0,14413,51074,0.006283,3,15,2e-06,14413,51089,0.006285,8129050
3,2020-12-22,14758,65686,14182,65042,576,644,0,0,14796,65869,0.008103,1,16,2e-06,14796,65885,0.008105,8129050
3,2020-12-23,14756,80442,12163,77205,2593,3237,0,0,14782,80651,0.009921,1,17,2e-06,14783,80668,0.009923,8129050
3,2020-12-24,6777,87219,4852,82057,1925,5162,0,0,6775,87425,0.010755,1,18,2e-06,6775,87443,0.010757,8129050
3,2020-12-25,721,87940,665,82722,56,5218,0,0,720,88145,0.010843,0,18,2e-06,720,88163,0.010845,8129050
3,2020-12-26,4597,92537,2985,85707,1612,6830,0,0,4595,92740,0.011408,0,18,2e-06,4595,92758,0.011411,8129050
3,2020-12-27,2971,95508,1846,87553,1125,7955,0,0,2971,95711,0.011774,0,18,2e-06,2971,95729,0.011776,8129050
3,2020-12-28,13573,109081,8682,96235,4891,12846,0,0,13599,109309,0.013447,1,19,2e-06,13599,109328,0.013449,8129050
3,2020-12-29,14976,124057,8444,104679,6532,19378,0,0,15003,124310,0.015292,2,21,3e-06,15003,124331,0.015295,8129050
3,2020-12-30,17982,142039,10013,114692,7969,27347,0,0,17969,142278,0.017502,2,23,3e-06,17970,142301,0.017505,8129050
3,2020-12-31,8417,150456,3228,117920,5189,32536,0,0,8417,150694,0.018538,1,24,3e-06,8417,150718,0.018541,8129050
3,2021-01-01,1285,151741,593,118513,692,33228,0,0,1282,151975,0.018695,1,25,3e-06,1282,152000,0.018698,8129050
3,2021-01-02,4935,156676,2419,120932,2516,35744,0,0,4935,156910,0.019302,0,25,3e-06,4935,156935,0.019305,8129050
3,2021-01-03,1606,158282,842,121774,764,36508,0,0,1596,158502,0.019498,4,29,4e-06,1596,158531,0.019502,8129050
3,2021-01-04,11959,170241,5961,127735,5998,42506,0,0,11932,170426,0.020965,8,37,5e-06,11932,170463,0.02097,8129050
3,2021-01-05,15658,185899,8090,135825,7568,50074,0,0,14045,182877,0.022497,1601,1638,0.000201,14052,184515,0.022698,8129050
3,2021-01-06,20505,206404,10818,146643,9687,59761,0,0,16040,194500,0.023927,4425,6063,0.000746,16048,200563,0.024672,8129050
3,2021-01-07,26443,232847,15090,161733,11353,71114,0,0,17131,202364,0.024894,9283,15346,0.001888,17147,217710,0.026782,8129050
3,2021-01-08,30363,263210,18534,180267,11829,82943,0,0,18028,208120,0.025602,12294,27640,0.0034,18050,235760,0.029002,8129050
3,2021-01-09,12370,275580,6984,187251,5386,88329,0,0,7869,211503,0.026018,4494,32134,0.003953,7877,243637,0.029971,8129050
3,2021-01-10,7172,282752,4451,191702,2721,91050,0,0,4041,212420,0.026131,3129,35263,0.004338,4046,247683,0.030469,8129050
3,2021-01-11,28994,311746,18993,210695,10001,101051,0,0,16376,216226,0.026599,12585,47848,0.005886,16391,264074,0.032485,8129050
3,2021-01-12,32247,343993,19281,229976,12966,114017,0,0,19798,223676,0.027516,12420,60268,0.007414,19870,283944,0.03493,8129050
3,2021-01-13,34386,378379,17946,247922,16440,130457,0,0,24223,237763,0.029249,10162,70430,0.008664,24249,308193,0.037913,8129050
3,2021-01-14,34553,412932,14180,262102,20373,150830,0,0,28669,260625,0.032061,5853,76283,0.009384,28715,336908,0.041445,8129050
3,2021-01-15,38817,451749,14433,276535,24384,175214,0,0,34170,290225,0.035702,4637,80920,0.009954,34237,371145,0.045657,8129050
3,2021-01-16,21627,473376,7447,283982,14180,189394,0,0,19310,307255,0.037797,2303,83223,0.010238,19333,390478,0.048035,8129050
3,2021-01-17,13108,486484,4436,288418,8672,198066,0,0,12074,318317,0.039158,1031,84254,0.010365,12093,402571,0.049523,8129050
3,2021-01-18,24729,511213,12925,301343,11804,209870,0,0,19187,331984,0.040839,5558,89812,0.011048,19225,421796,0.051887,8129050
3,2021-01-19,40861,552074,20882,322225,19979,229849,0,0,31808,354850,0.043652,9026,98838,0.012159,31892,453688,0.055811,8129050
3,2021-01-20,45198,597272,22262,344487,22936,252785,0,0,35868,381506,0.046931,9286,108124,0.013301,35942,489630,0.060232,8129050
3,2021-01-21,47682,644954,20619,365106,27063,279848,0,0,42239,418433,0.051474,5372,113496,0.013962,42299,531929,0.065436,8129050
3,2021-01-22,49594,694548,19770,384876,29824,309672,0,0,45461,459820,0.056565,4135,117631,0.01447,45522,577451,0.071035,8129050
3,2021-01-23,30166,724714,12795,397671,17371,327043,0,0,26897,483505,0.059479,3259,120890,0.014871,26944,604395,0.07435,8129050
3,2021-01-24,17640,742354,8484,406155,9156,336199,0,0,16483,498865,0.061368,1154,122044,0.015013,16514,620909,0.076381,8129050
3,2021-01-25,40656,783010,18135,424290,22521,358720,0,0,30730,519778,0.063941,9901,131945,0.016231,30814,651723,0.080172,8129050
3,2021-01-26,47039,830049,22498,446788,24541,383261,0,0,36980,546818,0.067267,10044,141989,0.017467,37084,688807,0.084734,8129050
3,2021-01-27,51304,881353,24462,471250,26842,410103,0,0,40734,577147,0.070998,10492,152481,0.018758,40821,729628,0.089756,8129050
3,2021-01-28,51656,933009,24015,495265,27641,437744,0,0,42759,611149,0.075181,8812,161293,0.019842,42814,772442,0.095022,8129050
3,2021-01-29,50748,983757,24438,519703,26310,464054,0,0,41140,642917,0.079089,9422,170715,0.021001,41190,813632,0.100089,8129050
3,2021-01-30,37123,1020880,17792,537495,19331,483385,0,0,32411,670747,0.082512,4659,175374,0.021574,32489,846121,0.104086,8129050
3,2021-01-31,22209,1043089,12764,550259,9445,492830,0,0,20852,690270,0.084914,1347,176721,0.021739,20870,866991,0.106653,8129050
3,2021-02-01,45660,1088749,20923,571182,24737,517567,0,0,34923,714535,0.087899,10693,187414,0.023055,34958,901949,0.110954,8129050
3,2021-02-02,54123,1142872,22560,593742,31563,549130,0,0,41751,744053,0.09153,12284,199698,0.024566,41802,943751,0.116096,8129050
3,2021-02-03,59702,1202574,26597,620339,33105,582235,0,0,44432,773448,0.095146,15108,214806,0.026424,44503,988254,0.121571,8129050
3,2021-02-04,64097,1266671,27870,648209,36227,618462,0,0,47030,803712,0.098869,16875,231681,0.0285,47139,1035393,0.127369,8129050
3,2021-02-05,69915,1336586,29704,677913,40211,658673,0,0,48419,831031,0.10223,21265,252946,0.031116,48584,1083977,0.133346,8129050
3,2021-02-06,43366,1379952,21057,698970,22309,680982,0,0,33762,855402,0.105228,9573,262519,0.032294,33944,1117921,0.137522,8129050
3,2021-02-07,19646,1399598,12502,711472,7144,688126,0,0,15122,866139,0.106549,4510,267029,0.032849,15247,1133168,0.139397,8129050
3,2021-02-08,51291,1450889,24893,736365,26398,714524,0,0,33712,882564,0.108569,17471,284500,0.034998,33896,1167064,0.143567,8129050
3,2021-02-09,58329,1509218,28476,764841,29853,744377,0,0,34263,893285,0.109888,23889,308389,0.037937,34610,1201674,0.147825,8129050
3,2021-02-10,67799,1577017,31609,796450,36190,780567,0,0,36746,899734,0.110681,30822,339211,0.041728,37271,1238945,0.15241,8129050
3,2021-02-11,70393,1647410,34780,831230,35613,816180,0,0,37757,905749,0.111421,32274,371485,0.045698,38289,1277234,0.15712,8129050
3,2021-02-12,75127,1722537,32561,863791,42566,858746,0,0,41554,914809,0.112536,33264,404749,0.04979,42324,1319558,0.162326,8129050
3,2021-02-13,44557,1767094,20304,884095,24253,882999,0,0,25720,922372,0.113466,18738,423487,0.052096,26301,1345859,0.165562,8129050
3,2021-02-14,27096,1794190,13540,897635,13556,896555,0,0,15126,926026,0.113916,11920,435407,0.053562,15574,1361433,0.167478,8129050
3,2021-02-15,39877,1834067,17183,914818,22694,919249,0,0,22103,931379,0.114574,17686,453093,0.055738,23039,1384472,0.170312,8129050
3,2021-02-16,69705,1903772,33017,947835,36688,955937,0,0,36275,935389,0.115067,33291,486384,0.059833,37301,1421773,0.1749,8129050
3,2021-02-17,71429,1975201,36187,984022,35242,991179,0,0,33999,933260,0.114806,37199,523583,0.064409,35070,1456843,0.179214,8129050
3,2021-02-18,76553,2051754,40014,1024036,36539,1027718,0,0,35519,929265,0.114314,40860,564443,0.069435,36865,1493708,0.183749,8129050
3,2021-02-19,68398,2120152,39454,1063490,28944,1056662,0,0,34608,930893,0.114514,33675,598118,0.073578,35303,1529011,0.188092,8129050
3,2021-02-20,42103,2162255,26671,1090161,15432,1072094,0,0,22240,933864,0.11488,19766,617884,0.076009,22737,1551748,0.190889,8129050
3,2021-02-21,22835,2185090,19000,1109161,3835,1075929,0,0,10860,933208,0.114799,11899,629783,0.077473,11243,1562991,0.192272,8129050
3,2021-02-22,45347,2230437,29552,1138713,15795,1091724,0,0,21471,931364,0.114572,23799,653582,0.080401,21955,1584946,0.194973,8129050
3,2021-02-23,60805,2291242,33178,1171891,27627,1119351,0,0,26856,926416,0.113964,33789,687371,0.084557,28841,1613787,0.198521,8129050
3,2021-02-24,76757,2367999,37633,1209524,39124,1158475,0,0,34217,920785,0.113271,42359,729730,0.089768,36728,1650515,0.203039,8129050
3,2021-02-25,86185,2454184,41961,1251485,44224,1202699,0,0,43224,923889,0.113653,42712,772442,0.095022,45816,1696331,0.208675,8129050
3,2021-02-26,96951,2551135,44318,1295803,52633,1255332,0,0,51488,932462,0.114707,45116,817558,0.100572,53689,1750020,0.21528,8129050
3,2021-02-27,68383,2619518,31535,1327338,36845,1292177,3,3,36392,938364,0.115433,31800,849358,0.104484,37702,1787722,0.219918,8129050
3,2021-02-28,39352,2658870,23055,1350393,16295,1308472,2,5,20712,941535,0.115823,18492,867850,0.106759,21663,1809385,0.222583,8129050
3,2021-03-01,67574,2726444,36008,1386401,31545,1340017,21,26,37755,951007,0.116989,29639,897489,0.110405,39111,1848496,0.227394,8129050
3,2021-03-02,77915,2804359,38589,1424990,39319,1379336,7,33,45649,966586,0.118905,32139,929628,0.114359,47718,1896214,0.233264,8129050
3,2021-03-03,88696,2893055,42578,1467568,46100,1425436,18,51,49706,979774,0.120527,38798,968426,0.119132,51986,1948200,0.239659,8129050
3,2021-03-04,92999,2986054,45668,1513236,47315,1472751,16,67,52994,995264,0.122433,39796,1008222,0.124027,55286,2003486,0.24646,8129050
3,2021-03-05,89241,3075295,43864,1557100,45087,1517838,290,357,54541,1017849,0.125211,34470,1042692,0.128267,57055,2060541,0.253479,8129050
3,2021-03-06,64911,3140206,32905,1590005,29859,1547697,2147,2504,37313,1031321,0.126869,27460,1070152,0.131645,40932,2101473,0.258514,8129050
3,2021-03-07,37485,3177691,22405,1612410,13943,1561640,1137,3641,21634,1039463,0.12787,15798,1085950,0.133589,23940,2125413,0.261459,8129050
3,2021-03-08,58816,3236507,28105,1640515,27853,1589493,2858,6499,37371,1059945,0.13039,21302,1107252,0.136209,41784,2167197,0.266599,8129050
3,2021-03-09,76298,3312805,35450,1675965,36474,1625967,4374,10873,41256,1071835,0.131852,34913,1142165,0.140504,46803,2214000,0.272357,8129050
3,2021-03-10,82303,3395108,41198,1717163,35058,1661025,6047,16920,43143,1083492,0.133286,38939,1181104,0.145294,50596,2264596,0.278581,8129050
3,2021-03-11,96421,3491529,47133,1764296,40740,1701765,8548,25468,47450,1091881,0.134318,48718,1229822,0.151287,57107,2321703,0.285606,8129050
3,2021-03-12,101500,3593029,45394,1809690,44268,1746033,11838,37306,46693,1096992,0.134947,54610,1284432,0.158005,59721,2381424,0.292952,8129050
3,2021-03-13,69580,3662609,29604,1839294,32755,1778788,7221,44527,36624,1109372,0.13647,32846,1317278,0.162046,45226,2426650,0.298516,8129050
3,2021-03-14,40751,3703360,21526,1860820,15675,1794463,3550,48077,20820,1114517,0.137103,19863,1337141,0.164489,25008,2451658,0.301592,8129050
3,2021-03-15,75280,3778640,35773,1896593,34972,1829435,4535,52612,39847,1124661,0.138351,35247,1372388,0.168825,45391,2497049,0.307176,8129050
3,2021-03-16,94674,3873314,43659,1940252,46700,1876135,4315,56927,53557,1142544,0.140551,40915,1413303,0.173858,58798,2555847,0.314409,8129050
3,2021-03-17,97399,3970713,47303,1987555,45619,1921754,4477,61404,59464,1169450,0.143861,37720,1451023,0.178498,64626,2620473,0.322359,8129050
3,2021-03-18,102503,4073216,52093,2039648,45986,1967740,4424,65828,59337,1190859,0.146494,42927,1493950,0.183779,64336,2684809,0.330273,8129050
3,2021-03-19,102506,4175722,54965,2094613,43099,2010839,4442,70270,57679,1208953,0.14872,44589,1538539,0.189264,62683,2747492,0.337984,8129050
3,2021-03-20,71198,4246920,36764,2131377,30827,2041666,3607,73877,44174,1230390,0.151357,26856,1565395,0.192568,48293,2795785,0.343925,8129050
3,2021-03-21,35840,4282760,24447,2155824,9890,2051556,1503,75380,22393,1241407,0.152712,13359,1578754,0.194211,24376,2820161,0.346924,8129050
3,2021-03-22,69967,4352727,41125,2196949,26318,2077874,2524,77904,44873,1264930,0.155606,24896,1603650,0.197274,48419,2868580,0.35288,8129050
3,2021-03-23,89264,4441991,49308,2246257,37428,2115302,2528,80432,55118,1289387,0.158615,33902,1637552,0.201444,58359,2926939,0.360059,8129050
3,2021-03-24,98294,4540285,56618,2302875,38773,2154075,2903,83335,56557,1308047,0.16091,41407,1678959,0.206538,60067,2987006,0.367448,8129050
3,2021-03-25,106902,4647187,59415,2362290,44543,2198618,2944,86279,60721,1326492,0.163179,45873,1724832,0.212181,64318,3051324,0.37536,8129050
3,2021-03-26,110069,4757256,59133,2421423,47663,2246281,3273,89552,57344,1335526,0.164291,52431,1777263,0.218631,61465,3112789,0.382922,8129050
3,2021-03-27,74092,4831348,37725,2459148,33821,2280102,2546,92098,36204,1337254,0.164503,37696,1814959,0.223268,39424,3152213,0.387771,8129050
3,2021-03-28,44014,4875362,27857,2487005,15351,2295453,806,92904,22399,1339515,0.164781,21501,1836460,0.225913,23762,3175975,0.390694,8129050
3,2021-03-29,80310,4955672,41994,2528999,36474,2331927,1842,94746,44320,1350713,0.166159,35774,1872234,0.230314,46972,3222947,0.396473,8129050
3,2021-03-30,99851,5055523,49090,2578089,47139,2379066,3622,98368,56212,1367747,0.168254,43401,1915635,0.235653,60435,3283382,0.403907,8129050
3,2021-03-31,104588,5160111,56489,2634578,43291,2422357,4808,103176,56120,1380741,0.169853,48272,1963907,0.241591,61266,3344648,0.411444,8129050
3,2021-04-01,123101,5283212,62317,2696895,51119,2473476,9665,112841,66779,1401547,0.172412,55979,2019886,0.248477,76785,3421433,0.42089,8129050
3,2021-04-02,117558,5400770,57454,2754349,49822,2523298,10282,123123,62397,1419822,0.17466,54907,2074793,0.255232,73182,3494615,0.429892,8129050
3,2021-04-03,75860,5476630,38803,2793152,27855,2551153,9202,132325,37921,1429474,0.175848,37810,2112603,0.259883,47462,3542077,0.435731,8129050
3,2021-04-04,32338,5508968,17286,2810438,10856,2562009,4196,136521,14233,1429903,0.1759,18036,2130639,0.262102,18465,3560542,0.438002,8129050
3,2021-04-05,88918,5597886,45223,2855661,34610,2596619,9085,145606,43703,1438502,0.176958,45025,2175664,0.267641,53624,3614166,0.444599,8129050
3,2021-04-06,112943,5710829,55039,2910700,42778,2639397,15126,160732,53371,1448393,0.178175,59330,2234994,0.274939,69221,3683387,0.453114,8129050
3,2021-04-07,115880,5826709,59992,2970692,39642,2679039,16246,176978,56343,1461950,0.179843,59307,2294301,0.282235,72864,3756251,0.462077,8129050
3,2021-04-08,121132,5947841,60335,3031027,40741,2719780,20056,197034,56482,1474910,0.181437,64374,2358675,0.290154,77334,3833585,0.471591,8129050
3,2021-04-09,117907,6065748,58779,3089806,40057,2759837,19071,216105,51989,1481203,0.182211,65702,2424377,0.298236,71995,3905580,0.480447,8129050
3,2021-04-10,83460,6149208,37700,3127506,30564,2790401,15196,231301,34168,1482267,0.182342,49140,2473517,0.304281,50204,3955784,0.486623,8129050
3,2021-04-11,45013,6194221,24191,3151697,12822,2803223,8000,239301,17223,1480624,0.18214,27709,2501226,0.30769,26066,3981850,0.48983,8129050
3,2021-04-12,83640,6277861,42282,3193979,32628,2835851,8730,248031,38187,1483389,0.18248,45243,2546469,0.313255,48008,4029858,0.495735,8129050
3,2021-04-13,105078,6382939,56922,3250901,47943,2883794,213,248244,55733,1491115,0.18343,49129,2595598,0.319299,56855,4086713,0.502729,8129050
3,2021-04-14,107006,6489945,58480,3309381,48430,2932224,96,248340,53678,1493279,0.183697,53070,2648668,0.325827,55234,4141947,0.509524,8129050
3,2021-04-15,118829,6608774,66920,3376301,51842,2984066,67,248407,64079,1503774,0.184988,54487,2703155,0.33253,64982,4206929,0.517518,8129050
3,2021-04-16,114380,6723154,64214,3440515,50072,3034138,94,248501,59951,1510387,0.185801,54171,2757326,0.339194,60784,4267713,0.524995,8129050
3,2021-04-17,78120,6801274,42708,3483223,35400,3069538,12,248513,43562,1520562,0.187053,34377,2791703,0.343423,44552,4312265,0.530476,8129050
3,2021-04-18,37022,6838296,21991,3505214,15028,3084566,3,248516,17397,1519320,0.1869,19541,2811244,0.345827,18299,4330564,0.532727,8129050
3,2021-04-19,78052,6916348,43618,3548832,34383,3118949,51,248567,35251,1512520,0.186064,42643,2853887,0.351073,35843,4366407,0.537136,8129050
3,2021-04-20,98031,7014379,50801,3599633,47215,3166164,15,248582,47755,1511274,0.18591,50061,2903948,0.357231,48815,4415222,0.543141,8129050
3,2021-04-21,101169,7115548,55660,3655293,45443,3211607,66,248648,47936,1507321,0.185424,52943,2956891,0.363744,48990,4464212,0.549168,8129050
3,2021-04-22,108918,7224466,60660,3715953,48238,3259845,20,248668,46977,1493615,0.183738,61656,3018547,0.371328,47950,4512162,0.555066,8129050
3,2021-04-23,103319,7327785,58474,3774427,44822,3304667,23,248691,45344,1482317,0.182348,57661,3076208,0.378422,46363,4558525,0.56077,8129050
3,2021-04-24,72936,7400721,45225,3819652,27651,3332318,60,248751,35602,1481868,0.182293,37093,3113301,0.382985,36644,4595169,0.565277,8129050
3,2021-04-25,36300,7437021,23388,3843040,12899,3345217,13,248764,18712,1483534,0.182498,17452,3130753,0.385131,19118,4614287,0.567629,8129050
3,2021-04-26,72372,7509393,40608,3883648,31378,3376595,386,249150,30966,1475084,0.181458,41178,3171931,0.390197,32728,4647015,0.571655,8129050
3,2021-04-27,89563,7598956,46669,3930317,41164,3417759,1730,250880,35580,1459481,0.179539,53709,3225640,0.396804,38106,4685121,0.576343,8129050
3,2021-04-28,84745,7683701,47653,3977970,34979,3452738,2113,252993,34727,1447093,0.178015,49759,3275399,0.402925,37371,4722492,0.58094,8129050
3,2021-04-29,86861,7770562,49209,4027179,35470,3488208,2182,255175,30946,1425063,0.175305,55638,3331037,0.40977,33608,4756100,0.585075,8129050
3,2021-04-30,88410,7858972,49589,4076768,36357,3524565,2464,257639,32771,1405402,0.172886,55352,3386389,0.416579,35691,4791791,0.589465,8129050
3,2021-05-01,54567,7913539,34410,4111178,18712,3543277,1445,259084,19647,1392245,0.171268,34734,3421123,0.420852,21577,4813368,0.592119,8129050
3,2021-05-02,26745,7940284,18247,4129425,7491,3550768,1007,260091,9816,1386320,0.170539,16849,3437972,0.422924,10924,4824292,0.593463,8129050
3,2021-05-03,58889,7999173,34480,4163905,22065,3572833,2344,262435,17268,1364667,0.167875,41445,3479417,0.428023,19792,4844084,0.595898,8129050
3,2021-05-04,75558,8074731,43198,4207103,29717,3602550,2643,265078,22079,1336457,0.164405,53212,3532629,0.434568,25002,4869086,0.598974,8129050
3,2021-05-05,76920,8151651,45765,4252868,28479,3631029,2676,267754,21446,1305641,0.160614,55194,3587823,0.441358,24378,4893464,0.601972,8129050
3,2021-05-06,81406,8233057,51114,4303982,27780,3658809,2512,270266,20318,1268361,0.156028,60662,3648485,0.448821,23382,4916846,0.604849,8129050
3,2021-05-07,80831,8313888,50158,4354140,28068,3686877,2605,272871,21572,1233877,0.151786,58948,3707433,0.456072,24464,4941310,0.607858,8129050
3,2021-05-08,50539,8364427,31131,4385271,17734,3704611,1674,274545,13523,1212544,0.149162,36791,3744224,0.460598,15458,4956768,0.60976,8129050
3,2021-05-09,20350,8384777,14785,4400056,4787,3709398,778,275323,5574,1204266,0.148144,14696,3758920,0.462406,6418,4963186,0.610549,8129050
3,2021-05-10,46800,8431577,24946,4425002,19958,3729356,1896,277219,11110,1182017,0.145407,35511,3794431,0.466774,13262,4976448,0.612181,8129050
3,2021-05-11,61577,8493154,33804,4458806,25585,3754941,2188,279407,15729,1154752,0.142053,45640,3840071,0.472389,18375,4994823,0.614441,8129050
3,2021-05-12,62801,8555955,35844,4494650,24573,3779514,2384,281791,17112,1129085,0.138895,45467,3885538,0.477982,19800,5014623,0.616877,8129050
3,2021-05-13,72956,8628911,46051,4540701,25024,3804538,1881,283672,27255,1113360,0.136961,45481,3931019,0.483577,29756,5044379,0.620537,8129050
3,2021-05-14,78125,8707036,49303,4590004,26710,3831248,2112,285784,30802,1099794,0.135292,47074,3978093,0.489368,33508,5077887,0.624659,8129050
3,2021-05-15,60819,8767855,41866,4631870,17752,3849000,1201,286985,25145,1090852,0.134192,35496,4013589,0.493734,26554,5104441,0.627926,8129050
3,2021-05-16,31669,8799524,23726,4655596,7260,3856260,683,287668,12725,1085490,0.133532,18850,4032439,0.496053,13488,5117929,0.629585,8129050
3,2021-05-17,56154,8855678,35772,4691368,18570,3874830,1812,289480,21118,1073821,0.132097,34795,4067234,0.500333,23126,5141055,0.63243,8129050
3,2021-05-18,63574,8919252,37548,4728916,24191,3899021,1835,291315,24353,1061424,0.130572,38973,4106207,0.505128,26576,5167631,0.635699,8129050
3,2021-05-19,62738,8981990,38326,4767242,22698,3921719,1714,293029,25160,1051218,0.129316,37352,4143559,0.509722,27146,5194777,0.639039,8129050
3,2021-05-20,60261,9042251,35326,4802568,23131,3944850,1804,294833,22257,1037922,0.127681,37745,4181304,0.514366,24449,5219226,0.642046,8129050
3,2021-05-21,64930,9107181,39547,4842115,23306,3968156,2077,296910,23958,1023594,0.125918,40704,4222008,0.519373,26376,5245602,0.645291,8129050
3,2021-05-22,44770,9151951,29621,4871736,13698,3981854,1451,298361,18628,1018026,0.125233,25953,4247961,0.522565,20385,5265987,0.647799,8129050
3,2021-05-23,20485,9172436,14207,4885943,5636,3987490,642,299003,8894,1016185,0.125007,11517,4259478,0.523982,9676,5275663,0.648989,8129050
3,2021-05-24,38462,9210898,22358,4908301,14370,4001860,1734,300737,14373,1008570,0.12407,23921,4283399,0.526925,16306,5291969,0.650995,8129050
3,2021-05-25,42287,9253185,23863,4932164,16771,4018631,1653,302390,15302,998991,0.122891,26758,4310157,0.530217,17179,5309148,0.653108,8129050
3,2021-05-26,41702,9294887,23829,4955993,16176,4034807,1697,304087,15985,991398,0.121957,25441,4335598,0.533346,17848,5326996,0.655304,8129050
3,2021-05-27,38801,9333688,21675,4977668,15382,4050189,1744,305831,15427,985609,0.121245,23234,4358832,0.536204,17445,5344441,0.65745,8129050
3,2021-05-28,42145,9375833,23909,5001577,16480,4066669,1756,307587,17755,981248,0.120709,24223,4383055,0.539184,19862,5364303,0.659893,8129050
3,2021-05-29,23141,9398974,14147,5015724,8170,4074839,824,308411,11127,981441,0.120733,11903,4394958,0.540648,12096,5376399,0.661381,8129050
3,2021-05-30,10507,9409481,6812,5022536,3060,4077899,635,309046,4564,980807,0.120655,5882,4400840,0.541372,5248,5381647,0.662027,8129050
3,2021-05-31,4612,9414093,2669,5025205,1676,4079575,267,309313,1495,979507,0.120495,3091,4403931,0.541752,1791,5383438,0.662247,8129050
3,2021-06-01,37327,9451420,21547,5046752,14362,4093937,1418,310731,13833,971699,0.119534,23303,4427234,0.544619,15495,5398933,0.664153,8129050
3,2021-06-02,31236,9482656,17990,5064742,11842,4105779,1404,312135,11939,966104,0.118846,19107,4446341,0.546969,13512,5412445,0.665815,8129050
3,2021-06-03,39250,9521906,26903,5091645,10930,4116709,1417,313552,11922,952539,0.117177,27162,4473503,0.550311,13597,5426042,0.667488,8129050
3,2021-06-04,45615,9567521,32334,5123979,11765,4128474,1516,315068,13602,936309,0.115181,31793,4505296,0.554222,15563,5441605,0.669402,8129050
3,2021-06-05,33927,9601448,25600,5149579,7151,4135625,1176,316244,8993,921944,0.113413,24742,4530038,0.557265,10377,5451982,0.670679,8129050
3,2021-06-06,14272,9615720,11914,5161493,1795,4137420,563,316807,4035,916530,0.112747,10187,4540225,0.558519,4773,5456755,0.671266,8129050
3,2021-06-07,29971,9645691,21785,5183278,6931,4144351,1255,318062,8837,905767,0.111423,21006,4561231,0.561103,10243,5466998,0.672526,8129050
3,2021-06-08,33733,9679424,24214,5207492,8249,4152600,1270,319332,10083,893935,0.109968,23448,4584679,0.563987,11616,5478614,0.673955,8129050
3,2021-06-09,31133,9710557,22429,5229921,7449,4160049,1255,320587,8410,881192,0.1084,22575,4607254,0.566764,9832,5488446,0.675165,8129050
3,2021-06-10,30881,9741438,22309,5252230,7134,4167183,1438,322025,8716,869477,0.106959,22034,4629288,0.569475,10319,5498765,0.676434,8129050
3,2021-06-11,30619,9772057,20957,5273187,8424,4175607,1238,323263,8976,858338,0.105589,21466,4650754,0.572115,10327,5509092,0.677704,8129050
3,2021-06-12,23573,9795630,17864,5291051,4893,4180500,816,324079,6169,848140,0.104334,17301,4668055,0.574244,7103,5516195,0.678578,8129050
3,2021-06-13,8885,9804515,6652,5297703,1826,4182326,407,324486,2144,844051,0.103831,6701,4674756,0.575068,2612,5518807,0.678899,8129050
3,2021-06-14,10396,9814911,7237,5304940,2526,4184852,633,325119,2966,840344,0.103375,7369,4682125,0.575974,3662,5522469,0.67935,8129050
4,2020-12-15,450,450,450,450,0,0,0,0,450,450,5.6e-05,0,0,0.0,450,450,5.6e-05,8037679
4,2020-12-16,3008,3458,3008,3458,0,0,0,0,3008,3458,0.00043,0,0,0.0,3008,3458,0.00043,8037679
4,2020-12-17,8839,12297,8839,12297,0,0,0,0,8839,12297,0.00153,0,0,0.0,8839,12297,0.00153,8037679
4,2020-12-18,15953,28250,15943,28240,10,10,0,0,15952,28248,0.003514,1,1,0.0,15952,28249,0.003515,8037679
4,2020-12-19,10263,38513,10255,38495,8,18,0,0,10198,38446,0.004783,0,1,0.0,10198,38447,0.004783,8037679
4,2020-12-20,7374,45887,7367,45862,7,25,0,0,7329,45775,0.005695,0,1,0.0,7329,45776,0.005695,8037679
4,2020-12-21,16313,62200,16286,62148,27,52,0,0,16246,62019,0.007716,2,3,0.0,16246,62022,0.007716,8037679
4,2020-12-22,17122,79322,16385,78533,737,789,0,0,17076,79095,0.009841,0,3,0.0,17076,79098,0.009841,8037679
4,2020-12-23,17024,96346,14319,92852,2705,3494,0,0,16994,96087,0.011955,2,5,1e-06,16994,96092,0.011955,8037679
4,2020-12-24,8552,104898,5961,98813,2591,6085,0,0,8550,104636,0.013018,1,6,1e-06,8550,104642,0.013019,8037679
4,2020-12-25,900,105798,795,99608,105,6190,0,0,900,105536,0.01313,0,6,1e-06,900,105542,0.013131,8037679
4,2020-12-26,6150,111948,3870,103478,2280,8470,0,0,6150,111686,0.013895,0,6,1e-06,6150,111692,0.013896,8037679
4,2020-12-27,3422,115370,1991,105469,1431,9901,0,0,3422,115108,0.014321,0,6,1e-06,3422,115114,0.014322,8037679
4,2020-12-28,15039,130409,9288,114757,5751,15652,0,0,15011,130118,0.016189,1,7,1e-06,15011,130125,0.016189,8037679
4,2020-12-29,15350,145759,8499,123256,6851,22503,0,0,15316,145433,0.018094,1,8,1e-06,15316,145441,0.018095,8037679
4,2020-12-30,18934,164693,11069,134325,7865,30368,0,0,18923,164354,0.020448,2,10,1e-06,18923,164364,0.020449,8037679
4,2020-12-31,8265,172958,3341,137666,4924,35292,0,0,8253,172598,0.021474,9,19,2e-06,8253,172617,0.021476,8037679
4,2021-01-01,1412,174370,623,138289,789,36081,0,0,1410,174006,0.021649,2,21,3e-06,1410,174027,0.021651,8037679
4,2021-01-02,5717,180087,3229,141518,2488,38569,0,0,5716,179721,0.02236,1,22,3e-06,5716,179743,0.022363,8037679
4,2021-01-03,2135,182222,1267,142785,868,39437,0,0,2119,181836,0.022623,4,26,3e-06,2119,181862,0.022626,8037679
4,2021-01-04,12969,195191,7053,149838,5916,45353,0,0,12922,194729,0.024227,29,55,7e-06,12922,194784,0.024234,8037679
4,2021-01-05,16887,212078,9988,159826,6899,52252,0,0,14775,207426,0.025807,2088,2143,0.000267,14785,209569,0.026073,8037679
4,2021-01-06,21537,233615,13206,173032,8331,60583,0,0,15546,217048,0.027004,5937,8080,0.001005,15559,225128,0.028009,8037679
4,2021-01-07,27909,261524,17005,190037,10904,71487,0,0,16834,222884,0.02773,11017,19097,0.002376,16853,241981,0.030106,8037679
4,2021-01-08,32787,294311,21031,211068,11756,83243,0,0,18294,226777,0.028214,14421,33518,0.00417,18314,260295,0.032384,8037679
4,2021-01-09,16268,310579,9627,220695,6641,89884,0,0,9442,229426,0.028544,6804,40322,0.005017,9453,269748,0.03356,8037679
4,2021-01-10,8751,319330,5657,226352,3094,92978,0,0,4133,228967,0.028487,4600,44922,0.005589,4141,273889,0.034076,8037679
4,2021-01-11,33384,352714,21900,248252,11484,104462,0,0,18802,233263,0.029021,14531,59453,0.007397,18827,292716,0.036418,8037679
4,2021-01-12,38529,391243,22208,270460,16321,120783,0,0,24335,243544,0.0303,14122,73575,0.009154,24403,317119,0.039454,8037679
4,2021-01-13,38774,430017,19154,289614,19620,140403,0,0,27414,259754,0.032317,11303,84878,0.01056,27513,344632,0.042877,8037679
4,2021-01-14,39228,469245,15071,304685,24157,164560,0,0,32055,284800,0.035433,7127,92005,0.011447,32173,376805,0.04688,8037679
4,2021-01-15,45421,514666,15837,320522,29584,194144,0,0,39846,319194,0.039712,5521,97526,0.012134,39915,416720,0.051846,8037679
4,2021-01-16,28700,543366,9410,329932,19290,213434,0,0,25574,341706,0.042513,3091,100617,0.012518,25603,442323,0.055031,8037679
4,2021-01-17,19116,562482,6733,336665,12383,225817,0,0,17591,357814,0.044517,1498,102115,0.012705,17606,459929,0.057222,8037679
4,2021-01-18,29473,591955,13660,350325,15813,241630,0,0,23486,375435,0.046709,5891,108006,0.013437,23512,483441,0.060147,8037679
4,2021-01-19,46145,638100,23177,373502,22968,264598,0,0,36784,402989,0.050137,9303,117309,0.014595,36857,520298,0.064732,8037679
4,2021-01-20,51890,689990,27478,400980,24412,289010,0,0,41448,434156,0.054015,10343,127652,0.015882,41510,561808,0.069897,8037679
4,2021-01-21,56826,746816,25154,426134,31672,320682,0,0,50370,478193,0.059494,6388,134040,0.016676,50425,612233,0.07617,8037679
4,2021-01-22,55176,801992,22138,448272,33038,353720,0,0,50068,523277,0.065103,5014,139054,0.0173,50098,662331,0.082403,8037679
4,2021-01-23,39507,841499,17420,465692,22087,375807,0,0,35173,554154,0.068945,4324,143378,0.017838,35201,697532,0.086783,8037679
4,2021-01-24,23919,865418,10489,476181,13430,389237,0,0,22042,574343,0.071456,1869,145247,0.018071,22058,719590,0.089527,8037679
4,2021-01-25,47990,913408,22159,498340,25831,415068,0,0,36875,600190,0.074672,11083,156330,0.01945,36930,756520,0.094122,8037679
4,2021-01-26,56901,970309,29016,527356,27885,442953,0,0,44641,632693,0.078716,12206,168536,0.020968,44709,801229,0.099684,8037679
4,2021-01-27,56304,1026613,26808,554164,29496,472449,0,0,45321,667160,0.083004,10911,179447,0.022326,45378,846607,0.10533,8037679
4,2021-01-28,56633,1083246,25608,579772,31025,503474,0,0,46661,703991,0.087586,9884,189331,0.023555,46715,893322,0.111142,8037679
4,2021-01-29,56579,1139825,27173,606945,29406,532880,0,0,46236,740070,0.092075,10198,199529,0.024824,46277,939599,0.116899,8037679
4,2021-01-30,37835,1177660,17243,624188,20592,553472,0,0,32487,767284,0.095461,5299,204828,0.025483,32513,972112,0.120944,8037679
4,2021-01-31,23937,1201597,12590,636778,11347,564819,0,0,22320,788021,0.098041,1600,206428,0.025683,22337,994449,0.123723,8037679
4,2021-02-01,49713,1251310,24068,660846,25645,590464,0,0,38106,814602,0.101348,11565,217993,0.027121,38146,1032595,0.128469,8037679
4,2021-02-02,55381,1306691,25503,686349,29878,620342,0,0,42547,844423,0.105058,12769,230762,0.02871,42590,1075185,0.133768,8037679
4,2021-02-03,61991,1368682,30524,716873,31467,651809,0,0,47688,877974,0.109232,14193,244955,0.030476,47744,1122929,0.139708,8037679
4,2021-02-04,67443,1436125,31417,748290,36026,687835,0,0,50771,912329,0.113507,16522,261477,0.032531,50877,1173806,0.146038,8037679
4,2021-02-05,73145,1509270,33965,782255,39180,727015,0,0,50975,941530,0.11714,21913,283390,0.035258,51114,1224920,0.152397,8037679
4,2021-02-06,48385,1557655,26315,808570,22070,749085,0,0,36863,967105,0.120321,11488,294878,0.036687,37063,1261983,0.157008,8037679
4,2021-02-07,26537,1584192,17574,826144,8963,758048,0,0,20096,981025,0.122053,6415,301293,0.037485,20335,1282318,0.159538,8037679
4,2021-02-08,58596,1642788,30195,856339,28401,786449,0,0,38196,999215,0.124316,20271,321564,0.040007,38461,1320779,0.164323,8037679
4,2021-02-09,67173,1709961,34231,890570,32942,819391,0,0,39471,1011459,0.12584,27631,349195,0.043445,39875,1360654,0.169284,8037679
4,2021-02-10,77168,1787129,38646,929216,38522,857913,0,0,41027,1017119,0.126544,35910,385105,0.047912,41570,1402224,0.174456,8037679
4,2021-02-11,81196,1868325,42432,971648,38764,896677,0,0,41967,1020745,0.126995,39008,424113,0.052766,42634,1444858,0.179761,8037679
4,2021-02-12,84139,1952464,37702,1009350,46437,943114,0,0,43379,1024353,0.127444,40558,464671,0.057812,44166,1489024,0.185255,8037679
4,2021-02-13,58520,2010984,29724,1039074,28796,971910,0,0,29856,1026571,0.12772,28536,493207,0.061362,30754,1519778,0.189082,8037679
4,2021-02-14,36686,2047670,19031,1058105,17655,989565,0,0,18858,1028311,0.127936,17776,510983,0.063573,19516,1539294,0.19151,8037679
4,2021-02-15,46065,2093735,21585,1079690,24480,1014045,0,0,23680,1030848,0.128252,22320,533303,0.06635,24857,1564151,0.194602,8037679
4,2021-02-16,79957,2173692,36647,1116337,43310,1057355,0,0,40709,1033625,0.128597,39150,572453,0.071221,41927,1606078,0.199819,8037679
4,2021-02-17,81326,2255018,38410,1154747,42916,1100271,0,0,38765,1031123,0.128286,42396,614849,0.076496,39894,1645972,0.204782,8037679
4,2021-02-18,83089,2338107,45723,1200470,37366,1137637,0,0,38430,1026531,0.127715,44501,659350,0.082032,39909,1685881,0.209747,8037679
4,2021-02-19,82429,2420536,51815,1252285,30614,1168251,0,0,41292,1027526,0.127839,40995,700345,0.087133,41990,1727871,0.214971,8037679
4,2021-02-20,48922,2469458,32626,1284911,16296,1184547,0,0,26722,1032800,0.128495,22141,722486,0.089887,27415,1755286,0.218382,8037679
4,2021-02-21,29219,2498677,23470,1308381,5749,1190296,0,0,14078,1032090,0.128406,15072,737558,0.091763,14362,1769648,0.220169,8037679
4,2021-02-22,53083,2551760,36447,1344828,16636,1206932,0,0,25775,1031103,0.128284,27211,764769,0.095148,26224,1795872,0.223432,8037679
4,2021-02-23,73849,2625609,40981,1385809,32868,1239800,0,0,32562,1024182,0.127423,41154,805923,0.100268,34233,1830105,0.227691,8037679
4,2021-02-24,88728,2714337,46872,1432681,41856,1281656,0,0,40088,1017993,0.126653,48433,854356,0.106294,42244,1872349,0.232946,8037679
4,2021-02-25,99923,2814260,52188,1484869,47735,1329391,0,0,47944,1016669,0.126488,51825,906181,0.112742,50501,1922850,0.23923,8037679
4,2021-02-26,106413,2920673,53729,1538598,52684,1382075,0,0,54529,1021884,0.127137,51661,957842,0.119169,56876,1979726,0.246306,8037679
4,2021-02-27,77090,2997763,42058,1580656,35026,1417101,6,6,41341,1029105,0.128035,35610,993452,0.123599,42831,2022557,0.251634,8037679
4,2021-02-28,47411,3045174,29477,1610133,17928,1435029,6,12,26557,1035836,0.128873,20714,1014166,0.126176,27445,2050002,0.255049,8037679
4,2021-03-01,77801,3122975,45707,1655840,32062,1467091,32,44,42968,1045433,0.130067,34592,1048758,0.13048,44189,2094191,0.260547,8037679
4,2021-03-02,85011,3207986,48945,1704785,36059,1503150,7,51,50302,1062974,0.132249,34554,1083312,0.134779,52095,2146286,0.267028,8037679
4,2021-03-03,100128,3308114,53324,1758109,46791,1549941,13,64,55967,1076757,0.133964,43964,1127276,0.140249,57747,2204033,0.274213,8037679
4,2021-03-04,97098,3405212,53909,1812018,43172,1593113,17,81,53502,1088660,0.135445,43391,1170667,0.145647,55294,2259327,0.281092,8037679
4,2021-03-05,94285,3499497,50963,1862981,43008,1636121,314,395,55987,1108794,0.13795,38101,1208768,0.150388,58235,2317562,0.288337,8037679
4,2021-03-06,76114,3575611,42982,1905963,30518,1666639,2614,3009,46804,1130365,0.140633,29196,1237964,0.15402,50767,2368329,0.294653,8037679
4,2021-03-07,42675,3618286,27281,1933244,14212,1680851,1182,4191,25601,1141223,0.141984,17014,1254978,0.156137,27872,2396201,0.298121,8037679
4,2021-03-08,66353,3684639,34784,1968028,28373,1709224,3196,7387,43852,1167226,0.145219,22387,1277365,0.158922,48390,2444591,0.304141,8037679
4,2021-03-09,81123,3765762,41132,2009160,34860,1744084,5131,12518,43864,1180242,0.146839,37104,1314469,0.163538,50120,2494711,0.310377,8037679
4,2021-03-10,90866,3856628,46957,2056117,36460,1780544,7449,19967,45981,1189926,0.148043,44723,1359192,0.169103,54407,2549118,0.317146,8037679
4,2021-03-11,100411,3957039,52739,2108856,39282,1819826,8390,28357,46531,1192313,0.14834,53662,1412854,0.175779,56049,2605167,0.324119,8037679
4,2021-03-12,104476,4061515,51570,2160426,42632,1862458,10274,38631,44742,1188826,0.147907,59494,1472348,0.183181,56007,2661174,0.331087,8037679
4,2021-03-13,80992,4142507,37723,2198149,34875,1897333,8394,47025,38086,1193679,0.14851,42785,1515133,0.188504,47638,2708812,0.337014,8037679
4,2021-03-14,49570,4192077,28367,2226516,17564,1914897,3639,50664,23276,1195024,0.148678,26207,1541340,0.191764,27552,2736364,0.340442,8037679
4,2021-03-15,83596,4275673,44977,2271493,34374,1949271,4245,54909,42768,1202271,0.149579,40615,1581955,0.196817,47862,2784226,0.346397,8037679
4,2021-03-16,107470,4383143,55858,2327351,48214,1997485,3398,58307,57041,1213208,0.15094,50213,1632168,0.203065,61150,2845376,0.354005,8037679
4,2021-03-17,106155,4489298,57073,2384424,45632,2043117,3450,61757,62292,1235897,0.153763,43623,1675791,0.208492,66312,2911688,0.362255,8037679
4,2021-03-18,106302,4595600,58895,2443319,43760,2086877,3647,65404,60408,1254756,0.156109,45642,1721433,0.21417,64501,2976189,0.37028,8037679
4,2021-03-19,110733,4706333,63616,2506935,41930,2128807,5187,70591,63162,1276178,0.158774,47340,1768773,0.22006,68762,3044951,0.378835,8037679
4,2021-03-20,83302,4789635,48854,2555789,31450,2160257,2998,73589,51153,1298624,0.161567,32022,1800795,0.224044,54468,3099419,0.385611,8037679
4,2021-03-21,47924,4837559,34741,2590530,10921,2171178,2262,75851,28375,1310186,0.163006,19439,1820234,0.226463,31001,3130420,0.389468,8037679
4,2021-03-22,81831,4919390,53451,2643981,25657,2196835,2723,78574,50867,1333740,0.165936,30755,1850989,0.230289,54309,3184729,0.396225,8037679
4,2021-03-23,103983,5023373,62144,2706125,39693,2236528,2146,80720,61953,1356611,0.168781,41772,1892761,0.235486,64643,3249372,0.404267,8037679
4,2021-03-24,113141,5136514,73130,2779255,37604,2274132,2407,83127,64008,1374760,0.171039,48731,1941492,0.241549,66880,3316252,0.412588,8037679
4,2021-03-25,116689,5253203,71923,2851178,42380,2316512,2386,85513,66921,1395226,0.173586,49323,1990815,0.247685,69789,3386041,0.421271,8037679
4,2021-03-26,119373,5372576,72558,2923736,43771,2360283,3044,88557,65470,1410769,0.175519,53575,2044390,0.254351,69118,3455159,0.42987,8037679
4,2021-03-27,91338,5463914,54190,2977926,35366,2395649,1782,90339,46452,1414820,0.176023,44671,2089061,0.259908,48722,3503881,0.435932,8037679
4,2021-03-28,55557,5519471,36726,3014652,17959,2413608,872,91211,29613,1419840,0.176648,25803,2114864,0.263119,30823,3534704,0.439767,8037679
4,2021-03-29,93267,5612738,56051,3070703,35143,2448751,2073,93284,50628,1430679,0.177997,42420,2157284,0.268396,53259,3587963,0.446393,8037679
4,2021-03-30,116783,5729521,63807,3134510,48830,2497581,4146,97430,69467,1457630,0.18135,47107,2204391,0.274257,74058,3662021,0.455607,8037679
4,2021-03-31,120686,5850207,71385,3205895,42983,2540564,6318,103748,67735,1479267,0.184042,52633,2257024,0.280805,74270,3736291,0.464847,8037679
4,2021-04-01,142159,5992366,81234,3287129,47733,2588297,13192,116940,83832,1518594,0.188934,57934,2314958,0.288013,97261,3833552,0.476948,8037679
4,2021-04-02,136247,6128613,72944,3360073,49758,2638055,13545,130485,78877,1554275,0.193374,57100,2372058,0.295117,92781,3926333,0.488491,8037679
4,2021-04-03,100966,6229579,53938,3414011,33653,2671708,13375,143860,52710,1572568,0.19565,48069,2420127,0.301098,66362,3992695,0.496747,8037679
4,2021-04-04,46813,6276392,24699,3438710,14603,2686311,7511,151371,20435,1574286,0.195863,26281,2446408,0.304367,27999,4020694,0.500231,8037679
4,2021-04-05,108976,6385368,61370,3500080,34857,2721168,12749,164120,56932,1592712,0.198156,51857,2498265,0.310819,70283,4090977,0.508975,8037679
4,2021-04-06,138465,6523833,77969,3578049,40763,2761931,19733,183853,72041,1618938,0.201419,66207,2564472,0.319056,92433,4183410,0.520475,8037679
4,2021-04-07,137122,6660955,77720,3655769,38728,2800659,20674,204527,71166,1645387,0.204709,65722,2630194,0.327233,92171,4275581,0.531942,8037679
4,2021-04-08,139617,6800572,77828,3733597,36407,2837066,25382,229909,69524,1671123,0.207911,69830,2700024,0.335921,95566,4371147,0.543832,8037679
4,2021-04-09,137262,6937834,75324,3808921,39007,2876073,22931,252840,65681,1689429,0.210189,71371,2771395,0.3448,89677,4460824,0.554989,8037679
4,2021-04-10,103069,7040903,51047,3859968,33202,2909275,18820,271660,46475,1699413,0.211431,56394,2827789,0.351817,66378,4527202,0.563247,8037679
4,2021-04-11,62295,7103198,37981,3897949,13137,2922412,11177,282837,27344,1704175,0.212023,34857,2862646,0.356153,39619,4566821,0.568177,8037679
4,2021-04-12,102459,7205657,62316,3960265,30020,2952432,10123,292960,51798,1716944,0.213612,50383,2913029,0.362422,63152,4629973,0.576034,8037679
4,2021-04-13,129956,7335613,81534,4041799,48259,3000691,163,293123,78087,1744461,0.217035,51613,2964642,0.368843,79130,4709103,0.585878,8037679
4,2021-04-14,135119,7470732,86097,4127896,48945,3049636,77,293200,75229,1761422,0.219146,59591,3024233,0.376257,76552,4785655,0.595403,8037679
4,2021-04-15,155538,7626270,103570,4231466,51907,3101543,61,293261,95996,1799067,0.223829,59221,3083454,0.383625,96866,4882521,0.607454,8037679
4,2021-04-16,142375,7768645,90407,4321873,51891,3153434,77,293338,83216,1824261,0.226964,58903,3142357,0.390953,84097,4966618,0.617917,8037679
4,2021-04-17,100026,7868671,63113,4384986,36890,3190324,23,293361,58648,1842962,0.22929,41140,3183497,0.396072,59841,5026459,0.625362,8037679
4,2021-04-18,54081,7922752,36172,4421158,17906,3208230,3,293364,30727,1851423,0.230343,23243,3206740,0.398963,31704,5058163,0.629306,8037679
4,2021-04-19,100199,8022951,66230,4487388,33953,3242183,16,293380,51318,1854675,0.230748,48669,3255409,0.405019,51921,5110084,0.635766,8037679
4,2021-04-20,127170,8150121,74710,4562098,52446,3294629,14,293394,66750,1862344,0.231702,60158,3315567,0.412503,67827,5177911,0.644205,8037679
4,2021-04-21,127415,8277536,81711,4643809,45653,3340282,51,293445,64392,1865072,0.232041,62728,3378295,0.420307,65456,5243367,0.652348,8037679
4,2021-04-22,137142,8414678,90343,4734152,46778,3387060,21,293466,61423,1852216,0.230442,75405,3453700,0.429689,62549,5305916,0.66013,8037679
4,2021-04-23,130577,8545255,84321,4818473,46233,3433293,23,293489,56699,1836522,0.228489,73568,3527268,0.438842,57874,5363790,0.667331,8037679
4,2021-04-24,97334,8642589,66025,4884498,31259,3464552,50,293539,44804,1830170,0.227699,52265,3579533,0.445344,45913,5409703,0.673043,8037679
4,2021-04-25,49538,8692127,35241,4919739,14272,3478824,25,293564,26199,1833625,0.228129,23210,3602743,0.448232,26665,5436368,0.67636,8037679
4,2021-04-26,89490,8781617,58366,4978105,30730,3509554,394,293958,35326,1816800,0.226035,53897,3656640,0.454937,37072,5473440,0.680973,8037679
4,2021-04-27,111622,8893239,67888,5045993,41431,3550985,2303,296261,40200,1788984,0.222575,71132,3727772,0.463787,43316,5516756,0.686362,8037679
4,2021-04-28,101173,8994412,65662,5111655,33009,3583994,2502,298763,37050,1765310,0.219629,63861,3791633,0.471732,40187,5556943,0.691362,8037679
4,2021-04-29,102493,9096905,64941,5176596,35041,3619035,2511,301274,32993,1732189,0.215509,69202,3860835,0.480342,36081,5593024,0.695851,8037679
4,2021-04-30,102205,9199110,64458,5241054,35078,3654113,2669,303943,34893,1703393,0.211926,66981,3927816,0.488675,38185,5631209,0.700601,8037679
4,2021-05-01,68535,9267645,45670,5286724,21110,3675223,1755,305698,19882,1677213,0.208669,48443,3976259,0.494702,22263,5653472,0.703371,8037679
4,2021-05-02,37377,9305022,26531,5313255,9566,3684789,1280,306978,10501,1662360,0.206821,26777,4003036,0.498034,11924,5665396,0.704855,8037679
4,2021-05-03,77945,9382967,54353,5367608,21136,3705925,2456,309434,19141,1625707,0.202261,58589,4061625,0.505323,21936,5687332,0.707584,8037679
4,2021-05-04,98326,9481293,66725,5434333,28856,3734781,2745,312179,22307,1575346,0.195995,75778,4137403,0.514751,25417,5712749,0.710746,8037679
4,2021-05-05,99108,9580401,69447,5503780,26947,3761728,2714,314893,21578,1522684,0.189443,77237,4214640,0.52436,24575,5737324,0.713804,8037679
4,2021-05-06,109178,9689579,81535,5585315,24719,3786447,2924,317817,19399,1456767,0.181242,89357,4303997,0.535478,23440,5760764,0.71672,8037679
4,2021-05-07,102873,9792452,73812,5659127,26386,3812833,2675,320492,20379,1398055,0.173938,82167,4386164,0.5457,23455,5784219,0.719638,8037679
4,2021-05-08,66351,9858803,45417,5704544,19022,3831855,1912,322404,13184,1360539,0.16927,52964,4439128,0.55229,15448,5799667,0.72156,8037679
4,2021-05-09,33401,9892204,27273,5731817,5188,3837043,940,323344,7834,1343932,0.167204,25474,4464602,0.555459,8867,5808534,0.722663,8037679
4,2021-05-10,63120,9955324,41991,5773808,18842,3855885,2287,325631,11080,1305745,0.162453,51861,4516463,0.561911,13674,5822208,0.724364,8037679
4,2021-05-11,78945,10034269,48278,5822086,28496,3884381,2171,327802,15590,1260827,0.156865,63147,4579610,0.569768,18229,5840437,0.726632,8037679
4,2021-05-12,77324,10111593,51162,5873248,23715,3908096,2447,330249,18042,1222683,0.152119,59028,4638638,0.577112,20884,5861321,0.729231,8037679
4,2021-05-13,101944,10213537,75006,5948254,25420,3933516,1518,331767,40285,1204145,0.149813,61363,4700001,0.584746,42825,5904146,0.734559,8037679
4,2021-05-14,102234,10315771,72053,6020307,28090,3961606,2091,333858,40225,1185245,0.147461,61737,4761738,0.592427,42837,5946983,0.739888,8037679
4,2021-05-15,83976,10399747,64909,6085216,17748,3979354,1319,335177,37042,1177156,0.146455,46732,4808470,0.598241,38643,5985626,0.744696,8037679
4,2021-05-16,49171,10448918,39948,6125164,8537,3987891,686,335863,20115,1169163,0.14546,28930,4837400,0.60184,20937,6006563,0.747301,8037679
4,2021-05-17,69950,10518868,51072,6176236,17041,4004932,1837,337700,28184,1157819,0.144049,41584,4878984,0.607014,30240,6036803,0.751063,8037679
4,2021-05-18,80774,10599642,52531,6228767,26497,4031429,1746,339446,29415,1138326,0.141624,51014,4929998,0.613361,31521,6068324,0.754985,8037679
4,2021-05-19,75824,10675466,51381,6280148,22520,4053949,1923,341369,31609,1128169,0.14036,43968,4973966,0.618831,33811,6102135,0.759191,8037679
4,2021-05-20,67398,10742864,43209,6323357,22206,4076155,1983,343352,25774,1114927,0.138713,41375,5015341,0.623979,28133,6130268,0.762691,8037679
4,2021-05-21,72771,10815635,48149,6371506,22770,4098925,1852,345204,26686,1097916,0.136596,45833,5061174,0.629681,28822,6159090,0.766277,8037679
4,2021-05-22,48906,10864541,34248,6405754,13397,4112322,1261,346465,21249,1093172,0.136006,27513,5088687,0.633104,22769,6181859,0.76911,8037679
4,2021-05-23,22612,10887153,16175,6421929,5718,4118040,719,347184,9459,1090438,0.135666,13047,5101734,0.634727,10313,6192172,0.770393,8037679
4,2021-05-24,41497,10928650,26155,6448084,12365,4130405,2977,350161,14623,1081546,0.134559,26686,5128420,0.638047,17794,6209966,0.772607,8037679
4,2021-05-25,44486,10973136,27730,6475814,13961,4144366,2795,352956,16131,1072560,0.133442,28142,5156562,0.641549,19156,6229122,0.77499,8037679
4,2021-05-26,43961,11017097,26402,6502216,14987,4159353,2572,355528,15962,1063494,0.132314,27817,5184379,0.645009,18751,6247873,0.777323,8037679
4,2021-05-27,38534,11055631,23201,6525417,12204,4171557,3129,358657,14854,1058182,0.131653,23512,5207891,0.647935,18200,6266073,0.779587,8037679
4,2021-05-28,42844,11098475,27428,6552845,13828,4185385,1588,360245,19026,1055437,0.131311,23618,5231509,0.650873,20873,6286946,0.782184,8037679
4,2021-05-29,23345,11121820,15231,6568076,7185,4192570,929,361174,11210,1055693,0.131343,12027,5243536,0.652369,12283,6299229,0.783712,8037679
4,2021-05-30,11916,11133736,8372,6576448,3020,4195590,524,361698,5102,1054644,0.131213,6762,5250298,0.653211,5713,6304942,0.784423,8037679
4,2021-05-31,3566,11137302,2283,6578731,1125,4196715,158,361856,1187,1053666,0.131091,2350,5252648,0.653503,1372,6306314,0.784594,8037679
4,2021-06-01,39133,11176435,24445,6603176,12265,4208980,2423,364279,13849,1045078,0.130022,25106,5277754,0.656627,16518,6322832,0.786649,8037679
4,2021-06-02,32196,11208631,20142,6623318,9275,4218255,2779,367058,11151,1038300,0.129179,20885,5298639,0.659225,14107,6336939,0.788404,8037679
4,2021-06-03,47585,11256216,36544,6659862,8592,4226847,2449,369507,11129,1015905,0.126393,36314,5334953,0.663743,13919,6350858,0.790136,8037679
4,2021-06-04,54156,11310372,43682,6703544,9169,4236016,1305,370812,13634,991377,0.123341,40320,5375273,0.668759,15792,6366650,0.792101,8037679
4,2021-06-05,44161,11354533,37842,6741386,5324,4241340,995,371807,9195,967053,0.120315,34820,5410093,0.673091,10496,6377146,0.793406,8037679
4,2021-06-06,20908,11375441,18656,6760042,1698,4243038,554,372361,4660,956533,0.119006,16152,5426245,0.675101,5632,6382778,0.794107,8037679
4,2021-06-07,38166,11413607,30896,6790938,5363,4248401,1907,374268,8846,938397,0.11675,29198,5455443,0.678734,11062,6393840,0.795483,8037679
4,2021-06-08,40045,11453652,31442,6822380,6082,4254483,2521,376789,9672,920753,0.114555,30206,5485649,0.682492,12562,6406402,0.797046,8037679
4,2021-06-09,37093,11490745,29317,6851697,5451,4259934,2325,379114,7678,901684,0.112182,29269,5514918,0.686133,10200,6416602,0.798315,8037679
4,2021-06-10,35306,11526051,27720,6879417,5014,4264948,2572,381686,8310,885900,0.110218,26866,5541784,0.689476,11082,6427684,0.799694,8037679
4,2021-06-11,32324,11558375,24752,6904169,5654,4270602,1918,383604,8150,872083,0.108499,24061,5565845,0.692469,10244,6437928,0.800969,8037679
4,2021-06-12,25030,11583405,20828,6924997,3522,4274124,680,384284,5954,859915,0.106985,18986,5584831,0.694831,6818,6444746,0.801817,8037679
4,2021-06-13,9302,11592707,7331,6932328,1604,4275728,367,384651,2101,855298,0.106411,7151,5591982,0.695721,2534,6447280,0.802132,8037679
4,2021-06-14,13188,11605895,9112,6941440,1921,4277649,2155,386806,2885,850176,0.105774,10251,5602233,0.696996,5129,6452409,0.80277,8037679
