vemquartile,administered_date,total_doses,cumulative_total_doses,pfizer_doses,cumulative_pfizer_doses,moderna_doses,cumulative_moderna_doses,jj_doses,cumulative_jj_doses,partially_vaccinated,total_partially_vaccinated,pct_age12pop_partially_vaccinated,fully_vaccinated,cumulative_fully_vaccinated,pct_age12pop_fully_vaccinated,at_least_one_dose,cumulative_at_least_one_dose,pct_age12pop_at_least_one_dose,age12_population
1,2020-12-15,148,148,148,148,0,0,0,0,148,148,1.7e-05,0,0,0.0,148,148,1.7e-05,8700223
1,2020-12-16,1178,1326,1178,1326,0,0,0,0,1178,1326,0.000152,0,0,0.0,1178,1326,0.000152,8700223
1,2020-12-17,4135,5461,4135,5461,0,0,0,0,4136,5462,0.000628,0,0,0.0,4136,5462,0.000628,8700223
1,2020-12-18,6302,11763,6282,11743,20,20,0,0,6303,11764,0.001352,1,1,0.0,6303,11765,0.001352,8700223
1,2020-12-19,2865,14628,2864,14607,1,21,0,0,2864,14627,0.001681,1,2,0.0,2864,14629,0.001681,8700223
1,2020-12-20,2117,16745,2111,16718,6,27,0,0,2118,16745,0.001925,0,2,0.0,2118,16747,0.001925,8700223
1,2020-12-21,7624,24369,7610,24328,14,41,0,0,7674,24419,0.002807,1,3,0.0,7675,24422,0.002807,8700223
1,2020-12-22,7278,31647,6938,31266,340,381,0,0,7280,31697,0.003643,2,5,1e-06,7280,31702,0.003644,8700223
1,2020-12-23,7827,39474,6577,37843,1250,1631,0,0,7820,39516,0.004542,2,7,1e-06,7821,39523,0.004543,8700223
1,2020-12-24,3299,42773,2358,40201,941,2572,0,0,3301,42817,0.004921,0,7,1e-06,3301,42824,0.004922,8700223
1,2020-12-25,237,43010,152,40353,85,2657,0,0,237,43054,0.004949,0,7,1e-06,237,43061,0.004949,8700223
1,2020-12-26,1350,44360,962,41315,388,3045,0,0,1349,44402,0.005104,1,8,1e-06,1349,44410,0.005104,8700223
1,2020-12-27,864,45224,531,41846,333,3378,0,0,864,45265,0.005203,1,9,1e-06,864,45274,0.005204,8700223
1,2020-12-28,7078,52302,4754,46600,2324,5702,0,0,7077,52342,0.006016,0,9,1e-06,7077,52351,0.006017,8700223
1,2020-12-29,8857,61159,4972,51572,3885,9587,0,0,8853,61194,0.007034,1,10,1e-06,8853,61204,0.007035,8700223
1,2020-12-30,11574,72733,6452,58024,5122,14709,0,0,11574,72768,0.008364,0,10,1e-06,11574,72778,0.008365,8700223
1,2020-12-31,5942,78675,1958,59982,3984,18693,0,0,5940,78706,0.009046,3,13,1e-06,5941,78719,0.009048,8700223
1,2021-01-01,557,79232,191,60173,366,19059,0,0,556,79261,0.00911,1,14,2e-06,556,79275,0.009112,8700223
1,2021-01-02,2898,82130,1762,61935,1136,20195,0,0,2900,82161,0.009444,0,14,2e-06,2900,82175,0.009445,8700223
1,2021-01-03,1022,83152,547,62482,475,20670,0,0,1020,83179,0.009561,2,16,2e-06,1020,83195,0.009562,8700223
1,2021-01-04,7334,90486,3574,66056,3760,24430,0,0,7338,90516,0.010404,1,17,2e-06,7338,90533,0.010406,8700223
1,2021-01-05,10777,101263,5193,71249,5584,30014,0,0,10026,99828,0.011474,736,753,8.7e-05,10048,100581,0.011561,8700223
1,2021-01-06,13992,115255,7026,78275,6966,36980,0,0,12107,110095,0.012654,1848,2601,0.000299,12115,112696,0.012953,8700223
1,2021-01-07,17363,132618,9076,87351,8287,45267,0,0,12916,118671,0.01364,4350,6951,0.000799,12926,125622,0.014439,8700223
1,2021-01-08,20072,152690,10400,97751,9672,54939,0,0,14182,126984,0.014595,5874,12825,0.001474,14187,139809,0.01607,8700223
1,2021-01-09,6680,159370,3372,101123,3308,58247,0,0,4832,129985,0.01494,1835,14660,0.001685,4836,144645,0.016625,8700223
1,2021-01-10,3069,162439,1745,102868,1324,59571,0,0,1885,130699,0.015022,1172,15832,0.00182,1886,146531,0.016842,8700223
1,2021-01-11,18018,180457,11802,114670,6216,65787,0,0,11491,135728,0.015601,6503,22335,0.002567,11532,158063,0.018168,8700223
1,2021-01-12,18852,199309,10727,125397,8125,73912,0,0,12907,142762,0.016409,5909,28244,0.003246,12943,171006,0.019655,8700223
1,2021-01-13,19706,219015,10659,136056,9047,82959,0,0,14561,152219,0.017496,5123,33367,0.003835,14580,185586,0.021331,8700223
1,2021-01-14,21844,240859,9376,145432,12468,95427,0,0,19104,168691,0.019389,2683,36050,0.004144,19155,204741,0.023533,8700223
1,2021-01-15,25085,265944,9231,154663,15854,111281,0,0,23150,190003,0.021839,1889,37939,0.004361,23201,227942,0.0262,8700223
1,2021-01-16,13861,279805,4539,159202,9322,120603,0,0,12998,202144,0.023234,859,38798,0.004459,13000,240942,0.027694,8700223
1,2021-01-17,5201,285006,2016,161218,3185,123788,0,0,4835,206622,0.023749,362,39160,0.004501,4840,245782,0.02825,8700223
1,2021-01-18,14264,299270,8582,169800,5682,129470,0,0,11102,214621,0.024668,3151,42311,0.004863,11150,256932,0.029532,8700223
1,2021-01-19,24661,323931,12865,182665,11796,141266,0,0,19463,228954,0.026316,5182,47493,0.005459,19515,276447,0.031775,8700223
1,2021-01-20,28651,352582,14028,196693,14623,155889,0,0,22999,246392,0.02832,5597,53090,0.006102,23035,299482,0.034422,8700223
1,2021-01-21,30808,383390,14308,211001,16500,172389,0,0,27641,271021,0.031151,3100,56190,0.006458,27729,327211,0.037609,8700223
1,2021-01-22,28132,411522,11173,222174,16959,189348,0,0,26147,295254,0.033936,1942,58132,0.006682,26175,353386,0.040618,8700223
1,2021-01-23,18679,430201,8200,230374,10479,199827,0,0,16751,310101,0.035643,1914,60046,0.006902,16761,370147,0.042545,8700223
1,2021-01-24,6658,436859,4156,234530,2502,202329,0,0,6001,315455,0.036258,652,60698,0.006977,6006,376153,0.043235,8700223
1,2021-01-25,25186,462045,10418,244948,14768,217097,0,0,19498,329381,0.037859,5667,66365,0.007628,19593,395746,0.045487,8700223
1,2021-01-26,28491,490536,13389,258337,15102,232199,0,0,21910,344773,0.039628,6536,72901,0.008379,21928,417674,0.048007,8700223
1,2021-01-27,32304,522840,15379,273716,16925,249124,0,0,24334,361225,0.041519,7907,80808,0.009288,24359,442033,0.050807,8700223
1,2021-01-28,34648,557488,16289,290005,18359,267483,0,0,27833,382359,0.043948,6759,87567,0.010065,27893,469926,0.054013,8700223
1,2021-01-29,33394,590882,16408,306413,16986,284469,0,0,26933,402998,0.04632,6328,93895,0.010792,26967,496893,0.057113,8700223
1,2021-01-30,20201,611083,8816,315229,11385,295854,0,0,18095,419021,0.048162,2081,95976,0.011031,18104,514997,0.059194,8700223
1,2021-01-31,7582,618665,4970,320199,2612,298466,0,0,6940,425323,0.048886,641,96617,0.011105,6943,521940,0.059992,8700223
1,2021-02-01,28523,647188,12427,332626,16096,314562,0,0,20897,438644,0.050418,7582,104199,0.011977,20903,542843,0.062394,8700223
1,2021-02-02,32043,679231,11525,344151,20518,335080,0,0,24132,454965,0.052293,7845,112044,0.012878,24166,567009,0.065172,8700223
1,2021-02-03,39105,718336,15031,359182,24074,359154,0,0,28275,472573,0.054317,10701,122745,0.014108,28309,595318,0.068426,8700223
1,2021-02-04,43546,761882,16993,376175,26553,385707,0,0,31658,492496,0.056607,11783,134528,0.015463,31706,627024,0.07207,8700223
1,2021-02-05,46612,808494,17279,393454,29333,415040,0,0,30720,507506,0.058333,15761,150289,0.017274,30771,657795,0.075607,8700223
1,2021-02-06,26480,834974,10528,403982,15952,430992,0,0,20656,522394,0.060044,5785,156074,0.017939,20673,678468,0.077983,8700223
1,2021-02-07,6264,841238,4042,408024,2222,433214,0,0,4655,525473,0.060398,1594,157668,0.018122,4673,683141,0.07852,8700223
1,2021-02-08,31283,872521,14301,422325,16982,450196,0,0,20902,536163,0.061626,10305,167973,0.019307,20995,704136,0.080933,8700223
1,2021-02-09,38139,910660,16837,439162,21302,471498,0,0,23576,545241,0.06267,14572,182545,0.020982,23650,727786,0.083651,8700223
1,2021-02-10,46646,957306,21944,461106,24702,496200,0,0,26929,552625,0.063518,19622,202167,0.023237,27006,754792,0.086755,8700223
1,2021-02-11,51262,1008568,25241,486347,26021,522221,0,0,30886,563506,0.064769,20104,222271,0.025548,30985,785777,0.090317,8700223
1,2021-02-12,49306,1057874,21306,507653,28000,550221,0,0,28460,571370,0.065673,20733,243004,0.027931,28597,814374,0.093604,8700223
1,2021-02-13,26002,1083876,11340,518993,14662,564883,0,0,15072,575658,0.066166,10860,253864,0.029179,15148,829522,0.095345,8700223
1,2021-02-14,11615,1095491,5484,524477,6131,571014,0,0,6630,577394,0.066365,4959,258823,0.029749,6695,836217,0.096114,8700223
1,2021-02-15,23562,1119053,9267,533744,14295,585309,0,0,14365,582780,0.066984,9095,267918,0.030794,14481,850698,0.097779,8700223
1,2021-02-16,46374,1165427,22244,555988,24130,609439,0,0,27315,591215,0.067954,18991,286909,0.032977,27426,878124,0.100931,8700223
1,2021-02-17,47794,1213221,24187,580175,23607,633046,0,0,25929,595541,0.068451,21748,308657,0.035477,26074,904198,0.103928,8700223
1,2021-02-18,50252,1263473,25093,605268,25159,658205,0,0,26187,598079,0.068743,23869,332526,0.03822,26407,930605,0.106963,8700223
1,2021-02-19,45529,1309002,24694,629962,20835,679040,0,0,25749,604211,0.069448,19682,352208,0.040483,25814,956419,0.10993,8700223
1,2021-02-20,26939,1335941,16439,646401,10500,689540,0,0,15494,608376,0.069926,11404,363612,0.041793,15569,971988,0.11172,8700223
1,2021-02-21,11485,1347426,10240,656641,1245,690785,0,0,6832,610651,0.070188,4606,368218,0.042323,6881,978869,0.112511,8700223
1,2021-02-22,29874,1377300,19639,676280,10235,701020,0,0,17607,616144,0.070819,12214,380432,0.043727,17707,996576,0.114546,8700223
1,2021-02-23,42988,1420288,20949,697229,22039,723059,0,0,24146,621941,0.071486,18711,399143,0.045877,24508,1021084,0.117363,8700223
1,2021-02-24,52937,1473225,25671,722900,27266,750325,0,0,29710,628971,0.072294,23129,422272,0.048536,30159,1051243,0.120829,8700223
1,2021-02-25,65048,1538273,31687,754587,33361,783686,0,0,40760,646048,0.074256,24184,446456,0.051315,41261,1092504,0.125572,8700223
1,2021-02-26,72928,1611201,34274,788861,38654,822340,0,0,48130,670010,0.077011,24645,471101,0.054148,48607,1141111,0.131159,8700223
1,2021-02-27,50081,1661282,23156,812017,26918,849258,7,7,33344,687002,0.078964,16623,487724,0.056059,33615,1174726,0.135023,8700223
1,2021-02-28,19337,1680619,11479,823496,7856,857114,2,9,14289,696444,0.080049,4987,492711,0.056632,14429,1189155,0.136681,8700223
1,2021-03-01,44002,1724621,20343,843839,23629,880743,30,39,28486,709804,0.081585,15390,508101,0.058401,28750,1217905,0.139985,8700223
1,2021-03-02,61649,1786270,26875,870714,34767,915510,7,46,39768,728428,0.083725,21767,529868,0.060903,40391,1258296,0.144628,8700223
1,2021-03-03,68914,1855184,32684,903398,36210,951720,20,66,41988,744225,0.085541,26803,556671,0.063984,42600,1300896,0.149524,8700223
1,2021-03-04,77187,1932371,36298,939696,40855,992575,34,100,49690,767113,0.088172,27342,584013,0.067126,50230,1351126,0.155298,8700223
1,2021-03-05,76610,2008981,34730,974426,41675,1034250,205,305,51428,794402,0.091308,24976,608989,0.069997,52265,1403391,0.161305,8700223
1,2021-03-06,57023,2066004,27234,1001660,28451,1062701,1338,1643,38868,816882,0.093892,18092,627081,0.072076,40572,1443963,0.165969,8700223
1,2021-03-07,20132,2086136,12820,1014480,6500,1069201,812,2455,15152,828147,0.095187,4961,632042,0.072647,16226,1460189,0.167834,8700223
1,2021-03-08,44171,2130307,21082,1035562,21215,1090416,1874,4329,30963,848192,0.097491,13132,645174,0.074156,33177,1493366,0.171647,8700223
1,2021-03-09,65504,2195811,31632,1067194,31394,1121810,2478,6807,40471,866560,0.099602,24923,670097,0.077021,43291,1536657,0.176623,8700223
1,2021-03-10,72291,2268102,36122,1103316,31796,1153606,4373,11180,44936,889016,0.102183,27225,697322,0.08015,49681,1586338,0.182333,8700223
1,2021-03-11,88647,2356749,40495,1143811,40235,1193841,7917,19097,51956,912888,0.104927,36466,733788,0.084341,60338,1646676,0.189268,8700223
1,2021-03-12,97197,2453946,42588,1186399,42282,1236123,12327,31424,56967,942622,0.108345,40048,773836,0.088944,69782,1716458,0.197289,8700223
1,2021-03-13,64743,2518689,29318,1215717,27735,1263858,7690,39114,41437,968892,0.111364,23200,797036,0.091611,49470,1765928,0.202975,8700223
1,2021-03-14,27548,2546237,14851,1230568,9133,1272991,3564,42678,15659,976481,0.112236,11835,808871,0.092971,19424,1785352,0.205208,8700223
1,2021-03-15,64312,2610549,28145,1258713,29471,1302462,6696,49374,38074,995548,0.114428,26063,834934,0.095967,45130,1830482,0.210395,8700223
1,2021-03-16,84656,2695205,38409,1297122,40712,1343174,5535,54909,52779,1022526,0.117529,31704,866638,0.099611,58682,1889164,0.21714,8700223
1,2021-03-17,91424,2786629,44112,1341234,40789,1383963,6523,61432,58932,1056030,0.12138,32327,898965,0.103327,65831,1954995,0.224706,8700223
1,2021-03-18,97273,2883902,50032,1391266,41632,1425595,5609,67041,59508,1084188,0.124616,37454,936419,0.107632,65612,2020607,0.232248,8700223
1,2021-03-19,102423,2986325,52941,1444207,43358,1468953,6124,73165,60657,1109986,0.127581,41518,977937,0.112404,67316,2087923,0.239985,8700223
1,2021-03-20,71855,3058180,36982,1481189,29671,1498624,5202,78367,46393,1136564,0.130636,25305,1003242,0.115312,51883,2139806,0.245948,8700223
1,2021-03-21,26905,3085085,18787,1499976,6316,1504940,1802,80169,17368,1146370,0.131763,9462,1012704,0.1164,19268,2159074,0.248163,8700223
1,2021-03-22,58455,3143540,30090,1530066,25087,1530027,3278,83447,39681,1171104,0.134606,18592,1031296,0.118537,43326,2202400,0.253143,8700223
1,2021-03-23,82030,3225570,41552,1571618,36870,1566897,3608,87055,51024,1195387,0.137397,30810,1062106,0.122078,55093,2257493,0.259475,8700223
1,2021-03-24,86964,3312534,43896,1615514,38737,1605634,4331,91386,52776,1218703,0.140077,33967,1096073,0.125982,57283,2314776,0.266059,8700223
1,2021-03-25,95513,3408047,48583,1664097,41122,1646756,5808,97194,53868,1237227,0.142206,41371,1137444,0.130737,59895,2374671,0.272944,8700223
1,2021-03-26,103479,3511526,50438,1714535,46798,1693554,6243,103437,56279,1253134,0.144035,46919,1184363,0.13613,62826,2437497,0.280165,8700223
1,2021-03-27,73456,3584982,37957,1752492,31316,1724870,4183,107620,38106,1260476,0.144879,35154,1219517,0.140171,42496,2479993,0.285049,8700223
1,2021-03-28,32493,3617475,21282,1773774,10001,1734871,1210,108830,16500,1262723,0.145137,15896,1235413,0.141998,18143,2498136,0.287135,8700223
1,2021-03-29,66286,3683761,32900,1806674,30297,1765168,3089,111919,36969,1273840,0.146415,29150,1264563,0.145348,40267,2538403,0.291763,8700223
1,2021-03-30,90761,3774522,44707,1851381,39773,1804941,6281,118200,47225,1284059,0.147589,43389,1307952,0.150335,53608,2592011,0.297925,8700223
1,2021-03-31,99705,3874227,52190,1903571,41584,1846525,5931,124131,55373,1301378,0.14958,44064,1352016,0.1554,61383,2653394,0.30498,8700223
1,2021-04-01,110375,3984602,52876,1956447,49109,1895634,8390,132521,56919,1313658,0.150991,53102,1405118,0.161504,65382,2718776,0.312495,8700223
1,2021-04-02,109864,4094466,50149,2006596,50116,1945750,9599,142120,56371,1326740,0.152495,53119,1458237,0.167609,66201,2784977,0.320104,8700223
1,2021-04-03,77441,4171907,38857,2045453,28991,1974741,9593,151713,36231,1331596,0.153053,41053,1499290,0.172328,45909,2830886,0.325381,8700223
1,2021-04-04,23653,4195560,11763,2057216,8435,1983176,3455,155168,9932,1331307,0.15302,13669,1512959,0.173899,13380,2844266,0.326919,8700223
1,2021-04-05,75344,4270904,36160,2093376,30052,2013228,9132,164300,34297,1334044,0.153334,40871,1553830,0.178597,43608,2887874,0.331931,8700223
1,2021-04-06,102623,4373527,48632,2142008,37489,2050717,16502,180802,46625,1341476,0.154189,55753,1609583,0.185005,63185,2951059,0.339193,8700223
1,2021-04-07,110273,4483800,53327,2195335,39541,2090258,17405,198207,50240,1349378,0.155097,59791,1669374,0.191877,67693,3018752,0.346974,8700223
1,2021-04-08,121107,4604907,57196,2252531,43099,2133357,20812,219019,53777,1357073,0.155981,66981,1736355,0.199576,74676,3093428,0.355557,8700223
1,2021-04-09,121668,4726575,55585,2308116,45567,2178924,20516,239535,53821,1364000,0.156778,67513,1803868,0.207336,74440,3167868,0.364113,8700223
1,2021-04-10,95087,4821662,42265,2350381,30235,2209159,22587,262122,37191,1366071,0.157016,57721,1861589,0.21397,59792,3227660,0.370986,8700223
1,2021-04-11,36112,4857774,20157,2370538,9337,2218496,6618,268740,14745,1366234,0.157034,21318,1882907,0.216421,21481,3249141,0.373455,8700223
1,2021-04-12,73319,4931093,32527,2403065,30863,2249359,9929,278669,31209,1365668,0.156969,41862,1924769,0.221232,41296,3290437,0.378201,8700223
1,2021-04-13,96326,5027419,51453,2454518,44540,2293899,333,279002,52095,1374482,0.157982,43979,1968748,0.226287,52793,3343230,0.384269,8700223
1,2021-04-14,103535,5130954,53507,2508025,49959,2343858,69,279071,52848,1377445,0.158323,50357,2019105,0.232075,53320,3396550,0.390398,8700223
1,2021-04-15,104767,5235721,56853,2564878,47828,2391686,86,279157,56283,1386054,0.159312,47964,2067069,0.237588,56573,3453123,0.396901,8700223
1,2021-04-16,108567,5344288,55790,2620668,52690,2444376,87,279244,54523,1387264,0.159452,53618,2120687,0.243751,54828,3507951,0.403202,8700223
1,2021-04-17,81945,5426233,44471,2665139,37464,2481840,10,279254,46067,1397814,0.160664,35690,2156377,0.247853,46240,3554191,0.408517,8700223
1,2021-04-18,28847,5455080,19244,2684383,9596,2491436,7,279261,14640,1398525,0.160746,14134,2170511,0.249478,14845,3569036,0.410224,8700223
1,2021-04-19,64566,5519646,32936,2717319,31618,2523054,12,279273,29260,1392919,0.160102,35007,2205518,0.253501,29401,3598437,0.413603,8700223
1,2021-04-20,85655,5605301,42606,2759925,43031,2566085,18,279291,40646,1389044,0.159656,44742,2250260,0.258644,40867,3639304,0.4183,8700223
1,2021-04-21,91890,5697191,46843,2806768,44953,2611038,94,279385,41246,1380417,0.158665,50176,2300436,0.264411,41549,3680853,0.423076,8700223
1,2021-04-22,94230,5791421,48583,2855351,45631,2656669,16,279401,43393,1373640,0.157886,50403,2350839,0.270204,43626,3724479,0.42809,8700223
1,2021-04-23,98019,5889440,50312,2905663,47682,2704351,25,279426,46550,1369400,0.157398,51036,2401875,0.276071,46796,3771275,0.433469,8700223
1,2021-04-24,74882,5964322,46563,2952226,28296,2732647,23,279449,42581,1380052,0.158623,32208,2434083,0.279772,42860,3814135,0.438395,8700223
1,2021-04-25,26877,5991199,17125,2969351,9742,2742389,10,279459,15411,1384233,0.159103,11373,2445456,0.28108,15554,3829689,0.440183,8700223
1,2021-04-26,64609,6055808,33642,3002993,30566,2772955,401,279860,31015,1382655,0.158922,33333,2478789,0.284911,31755,3861444,0.443833,8700223
1,2021-04-27,78793,6134601,41827,3044820,35707,2808662,1259,281119,34057,1373826,0.157907,44490,2523279,0.290025,35661,3897105,0.447932,8700223
1,2021-04-28,78940,6213541,41516,3086336,35939,2844601,1485,282604,34815,1366512,0.157066,43843,2567122,0.295064,36529,3933634,0.45213,8700223
1,2021-04-29,80889,6294430,44269,3130605,35045,2879646,1575,284179,32759,1353163,0.155532,47845,2614967,0.300563,34496,3968130,0.456095,8700223
1,2021-04-30,88269,6382699,47720,3178325,38740,2918386,1809,285988,36698,1340537,0.154081,51303,2666270,0.30646,38677,4006807,0.460541,8700223
1,2021-05-01,61791,6444490,39990,3218315,20432,2938818,1369,287357,26014,1332546,0.153162,35602,2701872,0.310552,27611,4034418,0.463714,8700223
1,2021-05-02,23161,6467651,16371,3234686,6227,2945045,563,287920,9422,1328921,0.152746,13641,2715513,0.31212,10016,4044434,0.464866,8700223
1,2021-05-03,54391,6522042,30171,3264857,22443,2967488,1777,289697,19806,1316175,0.151281,34385,2749898,0.316072,21639,4066073,0.467353,8700223
1,2021-05-04,72187,6594229,41299,3306156,28857,2996345,2031,291728,25844,1298046,0.149197,46093,2795991,0.32137,27964,4094037,0.470567,8700223
1,2021-05-05,74157,6668386,42641,3348797,29279,3025624,2237,293965,25195,1276873,0.146763,48679,2844670,0.326965,27506,4121543,0.473728,8700223
1,2021-05-06,75892,6744278,45455,3394252,28281,3053905,2156,296121,23813,1251250,0.143818,51752,2896422,0.332914,26129,4147672,0.476732,8700223
1,2021-05-07,79390,6823668,45124,3439376,32124,3086029,2142,298263,26603,1227661,0.141107,52397,2948819,0.338936,28808,4176480,0.480043,8700223
1,2021-05-08,54080,6877748,33770,3473146,18769,3104798,1541,299804,18218,1211928,0.139298,35586,2984405,0.343026,19853,4196333,0.482325,8700223
1,2021-05-09,17634,6895382,12546,3485692,4615,3109413,473,300277,5451,1205777,0.138592,12111,2996516,0.344418,5960,4202293,0.48301,8700223
1,2021-05-10,41943,6937325,21005,3506697,19182,3128595,1756,302033,14096,1194089,0.137248,27634,3024150,0.347595,15946,4218239,0.484843,8700223
1,2021-05-11,59410,6996735,31771,3538468,25538,3154133,2101,304134,19441,1176024,0.135172,39731,3063881,0.352161,21666,4239905,0.487333,8700223
1,2021-05-12,60092,7056827,31835,3570303,26248,3180381,2009,306143,20291,1158868,0.1332,39530,3103411,0.356705,22374,4262279,0.489905,8700223
1,2021-05-13,63382,7120209,36949,3607252,24509,3204890,1924,308067,24306,1146634,0.131794,38749,3142160,0.361159,26515,4288794,0.492952,8700223
1,2021-05-14,73226,7193435,44000,3651252,26917,3231807,2309,310376,29795,1135926,0.130563,43115,3185275,0.366114,32407,4321201,0.496677,8700223
1,2021-05-15,63287,7256722,41827,3693079,19769,3251576,1691,312067,25082,1124800,0.129284,37973,3223248,0.370479,26847,4348048,0.499763,8700223
1,2021-05-16,23992,7280714,17504,3710583,5874,3257450,614,312681,9677,1120916,0.128838,14218,3237466,0.372113,10334,4358382,0.500951,8700223
1,2021-05-17,53127,7333841,32652,3743235,18763,3276213,1712,314393,23032,1115862,0.128257,29863,3267329,0.375545,24809,4383191,0.503802,8700223
1,2021-05-18,63545,7397386,38397,3781632,23376,3299589,1772,316165,28136,1110701,0.127664,35156,3302485,0.379586,29995,4413186,0.50725,8700223
1,2021-05-19,65461,7462847,39924,3821556,23627,3323216,1910,318075,30047,1107586,0.127305,35161,3337646,0.383628,32046,4445232,0.510933,8700223
1,2021-05-20,62972,7525819,36588,3858144,24231,3347447,2153,320228,26622,1100538,0.126495,36054,3373700,0.387772,29006,4474238,0.514267,8700223
1,2021-05-21,68923,7594742,41206,3899350,25874,3373321,1843,322071,29296,1092535,0.125576,39260,3412960,0.392284,31257,4505495,0.51786,8700223
1,2021-05-22,54830,7649572,36243,3935593,16927,3390248,1660,323731,24069,1087866,0.125039,30520,3443480,0.395792,25851,4531346,0.520831,8700223
1,2021-05-23,19397,7668969,13505,3949098,5312,3395560,580,324311,9173,1087529,0.125,10123,3453603,0.396956,9786,4541132,0.521956,8700223
1,2021-05-24,42172,7711141,23258,3972356,17106,3412666,1808,326119,17153,1081777,0.124339,24797,3478400,0.399806,19045,4560177,0.524145,8700223
1,2021-05-25,50084,7761225,28961,4001317,19482,3432148,1641,327760,21162,1076005,0.123676,28677,3507077,0.403102,22905,4583082,0.526778,8700223
1,2021-05-26,47753,7808978,27102,4028419,18780,3450928,1871,329631,20685,1071843,0.123197,26784,3533861,0.406181,22622,4605704,0.529378,8700223
1,2021-05-27,46350,7855328,26096,4054515,18375,3469303,1879,331510,20539,1068827,0.122851,25548,3559409,0.409117,22532,4628236,0.531968,8700223
1,2021-05-28,51320,7906648,28624,4083139,20937,3490240,1759,333269,23390,1066465,0.122579,27650,3587059,0.412295,25288,4653524,0.534874,8700223
1,2021-05-29,30012,7936660,18211,4101350,10876,3501116,925,334194,14646,1066893,0.122628,15215,3602274,0.414044,15643,4669167,0.536672,8700223
1,2021-05-30,11520,7948180,7456,4108806,3521,3504637,543,334737,5643,1067297,0.122675,5812,3608086,0.414712,6216,4675383,0.537387,8700223
1,2021-05-31,5654,7953834,3230,4112036,2172,3506809,252,334989,1994,1065942,0.122519,3613,3611699,0.415127,2258,4677641,0.537646,8700223
1,2021-06-01,44974,7998808,25480,4137516,18003,3524812,1491,336480,17977,1058797,0.121698,26709,3638408,0.418197,19564,4697205,0.539895,8700223
1,2021-06-02,39312,8038120,22929,4160445,14925,3539737,1458,337938,16385,1054078,0.121155,22654,3661062,0.420801,17935,4715140,0.541956,8700223
1,2021-06-03,40679,8078799,25554,4185999,13499,3553236,1626,339564,16260,1047897,0.120445,24150,3685212,0.423577,17969,4733109,0.544022,8700223
1,2021-06-04,49066,8127865,31590,4217589,15748,3568984,1728,341292,18467,1037894,0.119295,30292,3715504,0.427058,20289,4753398,0.546354,8700223
1,2021-06-05,39097,8166962,26978,4244567,10523,3579507,1596,342888,14575,1029812,0.118366,24320,3739824,0.429854,16238,4769636,0.54822,8700223
1,2021-06-06,12774,8179736,10225,4254792,2061,3581568,488,343376,4690,1027052,0.118049,8009,3747833,0.430774,5249,4774885,0.548823,8700223
1,2021-06-07,33331,8213067,23053,4277845,8972,3590540,1306,344682,12088,1019460,0.117176,21056,3768889,0.433195,13464,4788349,0.550371,8700223
1,2021-06-08,41039,8254106,28468,4306313,11010,3601550,1561,346243,14601,1009542,0.116036,26200,3795089,0.436206,16282,4804631,0.552242,8700223
1,2021-06-09,34976,8289082,24540,4330853,9055,3610605,1381,347624,10962,998182,0.114731,23773,3818862,0.438938,12413,4817044,0.553669,8700223
1,2021-06-10,31516,8320598,21504,4352357,8605,3619210,1407,349031,10635,989620,0.113747,20704,3839566,0.441318,12142,4829186,0.555065,8700223
1,2021-06-11,31602,8352200,20506,4372863,9748,3628958,1348,350379,10597,980832,0.112736,20797,3860363,0.443709,12009,4841195,0.556445,8700223
1,2021-06-12,24888,8377088,18462,4391325,5451,3634409,975,351354,7381,971885,0.111708,17341,3877704,0.445702,8394,4849589,0.55741,8700223
1,2021-06-13,4500,8381588,3503,4394828,722,3635131,275,351629,1201,970088,0.111502,3269,3880973,0.446077,1472,4851061,0.557579,8700223
2,2020-12-15,240,240,240,240,0,0,0,0,240,240,2.9e-05,0,0,0.0,240,240,2.9e-05,8407551
2,2020-12-16,2072,2312,2072,2312,0,0,0,0,2071,2311,0.000275,0,0,0.0,2071,2311,0.000275,8407551
2,2020-12-17,6825,9137,6825,9137,0,0,0,0,6826,9137,0.001087,0,0,0.0,6826,9137,0.001087,8407551
2,2020-12-18,10925,20062,10906,20043,19,19,0,0,10926,20063,0.002386,0,0,0.0,10926,20063,0.002386,8407551
2,2020-12-19,5589,25651,5583,25626,6,25,0,0,5590,25653,0.003051,0,0,0.0,5590,25653,0.003051,8407551
2,2020-12-20,4212,29863,4204,29830,8,33,0,0,4208,29861,0.003552,0,0,0.0,4208,29861,0.003552,8407551
2,2020-12-21,12760,42623,12735,42565,25,58,0,0,12715,42576,0.005064,0,0,0.0,12715,42576,0.005064,8407551
2,2020-12-22,12121,54744,11608,54173,513,571,0,0,12120,54696,0.006506,0,0,0.0,12120,54696,0.006506,8407551
2,2020-12-23,11692,66436,9474,63647,2218,2789,0,0,11695,66391,0.007897,1,1,0.0,11696,66392,0.007897,8407551
2,2020-12-24,5860,72296,3493,67140,2367,5156,0,0,5856,72246,0.008593,3,4,0.0,5858,72250,0.008593,8407551
2,2020-12-25,480,72776,402,67542,78,5234,0,0,481,72727,0.00865,0,4,0.0,481,72731,0.008651,8407551
2,2020-12-26,2561,75337,1666,69208,895,6129,0,0,2562,75288,0.008955,1,5,1e-06,2562,75293,0.008955,8407551
2,2020-12-27,2223,77560,1207,70415,1016,7145,0,0,2220,77506,0.009219,2,7,1e-06,2220,77513,0.009219,8407551
2,2020-12-28,10982,88542,7144,77559,3838,10983,0,0,10982,88487,0.010525,1,8,1e-06,10982,88495,0.010526,8407551
2,2020-12-29,12684,101226,7148,84707,5536,16519,0,0,12689,101176,0.012034,0,8,1e-06,12689,101184,0.012035,8407551
2,2020-12-30,15369,116595,8640,93347,6729,23248,0,0,15382,116555,0.013863,5,13,2e-06,15384,116568,0.013865,8407551
2,2020-12-31,7545,124140,2826,96173,4719,27967,0,0,7539,124090,0.014759,4,17,2e-06,7539,124107,0.014761,8407551
2,2021-01-01,1159,125299,559,96732,600,28567,0,0,1157,125244,0.014897,3,20,2e-06,1157,125264,0.014899,8407551
2,2021-01-02,4822,130121,2746,99478,2076,30643,0,0,4820,130064,0.01547,0,20,2e-06,4820,130084,0.015472,8407551
2,2021-01-03,1380,131501,787,100265,593,31236,0,0,1375,131436,0.015633,3,23,3e-06,1375,131459,0.015636,8407551
2,2021-01-04,11624,143125,5555,105820,6069,37305,0,0,11613,143046,0.017014,3,26,3e-06,11613,143072,0.017017,8407551
2,2021-01-05,13837,156962,6900,112720,6937,44242,0,0,12649,154545,0.018382,1182,1208,0.000144,12681,155753,0.018525,8407551
2,2021-01-06,18952,175914,10446,123166,8506,52748,0,0,15204,166057,0.019751,3700,4908,0.000584,15212,170965,0.020335,8407551
2,2021-01-07,22957,198871,12885,136051,10072,62820,0,0,15543,174187,0.020718,7427,12335,0.001467,15557,186522,0.022185,8407551
2,2021-01-08,26383,225254,15950,152001,10433,73253,0,0,16292,180447,0.021462,10052,22387,0.002663,16312,202834,0.024125,8407551
2,2021-01-09,9751,235005,5667,157668,4084,77337,0,0,6249,183188,0.021789,3514,25901,0.003081,6255,209089,0.024869,8407551
2,2021-01-10,5257,240262,2924,160592,2333,79670,0,0,3037,183995,0.021884,2235,28136,0.003347,3042,212131,0.025231,8407551
2,2021-01-11,25938,266200,17808,178400,8130,87800,0,0,14987,188056,0.022368,10975,39111,0.004652,15036,227167,0.027019,8407551
2,2021-01-12,26200,292400,16295,194695,9905,97705,0,0,16650,195217,0.023219,9568,48679,0.00579,16729,243896,0.029009,8407551
2,2021-01-13,28458,320858,15094,209789,13364,111069,0,0,20502,207802,0.024716,7948,56627,0.006735,20533,264429,0.031451,8407551
2,2021-01-14,30280,351138,11561,221350,18719,129788,0,0,26060,229685,0.027319,4241,60868,0.00724,26124,290553,0.034559,8407551
2,2021-01-15,34957,386095,12686,234036,22271,152059,0,0,31710,258221,0.030713,3251,64119,0.007626,31787,322340,0.038339,8407551
2,2021-01-16,17880,403975,5881,239917,11999,164058,0,0,16556,273442,0.032523,1348,65467,0.007787,16569,338909,0.04031,8407551
2,2021-01-17,10562,414537,3565,243482,6997,171055,0,0,9847,282557,0.033608,740,66207,0.007875,9855,348764,0.041482,8407551
2,2021-01-18,19655,434192,11001,254483,8654,179709,0,0,14878,292692,0.034813,4795,71002,0.008445,14930,363694,0.043258,8407551
2,2021-01-19,32444,466636,16945,271428,15499,195208,0,0,24463,309286,0.036787,7984,78986,0.009395,24578,388272,0.046181,8407551
2,2021-01-20,37103,503739,18573,290001,18530,213738,0,0,28475,329249,0.039161,8603,87589,0.010418,28566,416838,0.049579,8407551
2,2021-01-21,40544,544283,17132,307133,23412,237150,0,0,36114,361119,0.042952,4407,91996,0.010942,36277,453115,0.053894,8407551
2,2021-01-22,39286,583569,16420,323553,22866,260016,0,0,35971,393802,0.046839,3313,95309,0.011336,35996,489111,0.058175,8407551
2,2021-01-23,24052,607621,10812,334365,13240,273256,0,0,21102,412005,0.049004,2927,98236,0.011684,21130,510241,0.060688,8407551
2,2021-01-24,12425,620046,6147,340512,6278,279534,0,0,11511,422626,0.050267,901,99137,0.011791,11522,521763,0.062059,8407551
2,2021-01-25,33748,653794,15561,356073,18187,297721,0,0,24978,439019,0.052217,8713,107850,0.012828,25106,546869,0.065045,8407551
2,2021-01-26,40102,693896,19703,375776,20399,318120,0,0,31112,461246,0.054861,8965,116815,0.013894,31192,578061,0.068755,8407551
2,2021-01-27,45343,739239,22621,398397,22722,340842,0,0,35272,486623,0.057879,9954,126769,0.015078,35331,613392,0.072957,8407551
2,2021-01-28,47846,787085,22497,420894,25349,366191,0,0,39246,517400,0.06154,8538,135307,0.016094,39315,652707,0.077633,8407551
2,2021-01-29,45411,832496,22065,442959,23346,389537,0,0,36818,545793,0.064917,8486,143793,0.017103,36879,689586,0.08202,8407551
2,2021-01-30,31185,863681,13491,456450,17694,407231,0,0,27869,570418,0.067846,3276,147069,0.017492,27901,717487,0.085338,8407551
2,2021-01-31,17181,880862,10275,466725,6906,414137,0,0,16021,585314,0.069618,1144,148213,0.017629,16040,733527,0.087246,8407551
2,2021-02-01,40838,921700,19723,486448,21115,435252,0,0,30063,604682,0.071921,10735,158948,0.018905,30103,763630,0.090827,8407551
2,2021-02-02,47489,969189,19322,505770,28167,463419,0,0,36186,629729,0.0749,11234,170182,0.020242,36281,799911,0.095142,8407551
2,2021-02-03,53778,1022967,23859,529629,29919,493338,0,0,39785,655708,0.07799,13897,184079,0.021894,39876,839787,0.099885,8407551
2,2021-02-04,55772,1078739,24096,553725,31676,525014,0,0,40789,681703,0.081082,14889,198968,0.023665,40884,880671,0.104748,8407551
2,2021-02-05,59554,1138293,26190,579915,33364,558378,0,0,40300,703102,0.083627,19076,218044,0.025934,40475,921146,0.109562,8407551
2,2021-02-06,38884,1177177,18156,598071,20728,579106,0,0,31063,726503,0.086411,7752,225796,0.026856,31153,952299,0.113267,8407551
2,2021-02-07,15642,1192819,10391,608462,5251,584357,0,0,11875,734701,0.087386,3744,229540,0.027302,11942,964241,0.114687,8407551
2,2021-02-08,42897,1235716,21910,630372,20987,605344,0,0,29436,751012,0.089326,13330,242870,0.028887,29641,993882,0.118213,8407551
2,2021-02-09,49158,1284874,23291,653663,25867,631211,0,0,30581,763558,0.090818,18362,261232,0.031071,30908,1024790,0.121889,8407551
2,2021-02-10,59173,1344047,27826,681489,31347,662558,0,0,34487,773976,0.092057,24425,285657,0.033976,34843,1059633,0.126033,8407551
2,2021-02-11,63717,1407764,29401,710890,34316,696874,0,0,35851,782734,0.093099,27583,313240,0.037257,36341,1095974,0.130356,8407551
2,2021-02-12,64869,1472633,28011,738901,36858,733732,0,0,34626,788029,0.093729,29987,343227,0.040824,35282,1131256,0.134552,8407551
2,2021-02-13,37528,1510161,15709,754610,21819,755551,0,0,21717,794391,0.094485,15732,358959,0.042695,22094,1153350,0.13718,8407551
2,2021-02-14,19867,1530028,9274,763884,10593,766144,0,0,11144,797212,0.094821,8681,367640,0.043727,11502,1164852,0.138548,8407551
2,2021-02-15,32869,1562897,14842,778726,18027,784171,0,0,18274,801860,0.095374,14478,382118,0.045449,19126,1183978,0.140823,8407551
2,2021-02-16,55808,1618705,27453,806179,28355,812526,0,0,29473,805758,0.095837,26248,408366,0.048571,30146,1214124,0.144409,8407551
2,2021-02-17,61095,1679800,31424,837603,29671,842197,0,0,30514,806574,0.095934,30521,438887,0.052202,31337,1245461,0.148136,8407551
2,2021-02-18,65681,1745481,33196,870799,32485,874682,0,0,32136,806530,0.095929,33323,472210,0.056165,33279,1278740,0.152094,8407551
2,2021-02-19,58731,1804212,32626,903425,26105,900787,0,0,29287,807128,0.096,29294,501504,0.059649,29892,1308632,0.15565,8407551
2,2021-02-20,36982,1841194,24079,927504,12903,913690,0,0,20259,811429,0.096512,16642,518146,0.061629,20943,1329575,0.158141,8407551
2,2021-02-21,20551,1861745,17095,944599,3456,917146,0,0,9973,811699,0.096544,10508,528654,0.062878,10778,1340353,0.159423,8407551
2,2021-02-22,37465,1899210,25599,970198,11866,929012,0,0,18000,811003,0.096461,19373,548027,0.065183,18677,1359030,0.161644,8407551
2,2021-02-23,51576,1950786,26356,996554,25220,954232,0,0,22837,807180,0.096007,28556,576583,0.068579,24733,1383763,0.164586,8407551
2,2021-02-24,68293,2019079,35142,1031696,33151,987383,0,0,31601,804587,0.095698,36553,613136,0.072927,33960,1417723,0.168625,8407551
2,2021-02-25,74067,2093146,34924,1066620,39143,1026526,0,0,37843,809218,0.096249,36019,649155,0.077211,40650,1458373,0.17346,8407551
2,2021-02-26,82431,2175577,35141,1101761,47290,1073816,0,0,44730,818692,0.097376,37453,686608,0.081666,46927,1505300,0.179041,8407551
2,2021-02-27,60058,2235635,27780,1129541,32271,1106087,7,7,32917,825995,0.098244,26948,713556,0.084871,34251,1539551,0.183115,8407551
2,2021-02-28,29529,2265164,17723,1147264,11805,1117892,1,8,17508,832404,0.099007,11930,725486,0.08629,18339,1557890,0.185297,8407551
2,2021-03-01,56328,2321492,29605,1176869,26694,1144586,29,37,30983,839502,0.099851,25106,750592,0.089276,32204,1590094,0.189127,8407551
2,2021-03-02,67506,2388998,32504,1209373,34996,1179582,6,43,38329,851138,0.101235,29043,779635,0.09273,40679,1630773,0.193965,8407551
2,2021-03-03,78959,2467957,38132,1247505,40815,1220397,12,55,44655,864238,0.102793,34128,813763,0.09679,47228,1678001,0.199583,8407551
2,2021-03-04,86873,2554830,42810,1290315,44033,1264430,30,85,50291,880541,0.104732,36397,850160,0.101119,52700,1730701,0.205851,8407551
2,2021-03-05,80393,2635223,38108,1328423,41984,1306414,301,386,49449,901911,0.107274,30758,880918,0.104777,52128,1782829,0.212051,8407551
2,2021-03-06,62453,2697676,30528,1358951,30238,1336652,1687,2073,38528,919753,0.109396,23819,904737,0.10761,41661,1824490,0.217006,8407551
2,2021-03-07,27464,2725140,16077,1375028,10419,1347071,968,3041,17759,929944,0.110608,9649,914386,0.108758,19840,1844330,0.219366,8407551
2,2021-03-08,49712,2774852,22879,1397907,24380,1371451,2453,5494,31505,947436,0.112689,18112,932498,0.110912,35604,1879934,0.223601,8407551
2,2021-03-09,69435,2844287,31815,1429722,33857,1405308,3763,9257,38755,960744,0.114272,30569,963067,0.114548,43877,1923811,0.228819,8407551
2,2021-03-10,77282,2921569,36731,1466453,34023,1439331,6528,15785,41284,974090,0.115859,35820,998887,0.118808,49166,1972977,0.234667,8407551
2,2021-03-11,92151,3013720,42548,1509001,41274,1480605,8329,24114,48454,988854,0.117615,43433,1042320,0.123974,58197,2031174,0.241589,8407551
2,2021-03-12,93170,3106890,38450,1547451,42742,1523347,11978,36092,46713,1002735,0.119266,46261,1088581,0.129477,60142,2091316,0.248743,8407551
2,2021-03-13,68330,3175220,28807,1576258,31575,1554922,7948,44040,37660,1019100,0.121212,30553,1119134,0.133111,46918,2138234,0.254323,8407551
2,2021-03-14,36537,3211757,18260,1594518,13758,1568680,4519,48559,18627,1025181,0.121936,17828,1136962,0.135231,23909,2162143,0.257167,8407551
2,2021-03-15,66872,3278629,30213,1624731,31655,1600335,5004,53563,37105,1038819,0.123558,29585,1166547,0.13875,43223,2205366,0.262308,8407551
2,2021-03-16,85698,3364327,37985,1662716,43737,1644072,3976,57539,52241,1062872,0.126419,33297,1199844,0.14271,57350,2262716,0.269129,8407551
2,2021-03-17,91811,3456138,44046,1706762,43623,1687695,4142,61681,58539,1093365,0.130046,33044,1232888,0.146641,63537,2326253,0.276686,8407551
2,2021-03-18,97014,3553152,46330,1753092,46194,1733889,4490,66171,59566,1120823,0.133311,37178,1270066,0.151063,64636,2390889,0.284374,8407551
2,2021-03-19,96799,3649951,45748,1798840,44946,1778835,6105,72276,57816,1146565,0.136373,38718,1308784,0.155668,64460,2455349,0.292041,8407551
2,2021-03-20,69376,3719327,33586,1832426,31853,1810688,3937,76213,45630,1172961,0.139513,23539,1332323,0.158467,49935,2505284,0.29798,8407551
2,2021-03-21,32982,3752309,21353,1853779,9646,1820334,1983,78196,20396,1183296,0.140742,12477,1344800,0.159951,22812,2528096,0.300694,8407551
2,2021-03-22,62329,3814638,34200,1887979,25489,1845823,2640,80836,41564,1207847,0.143662,20560,1365360,0.162397,45111,2573207,0.306059,8407551
2,2021-03-23,83006,3897644,44065,1932044,36037,1881860,2904,83740,52193,1233215,0.146679,30570,1395930,0.166033,55938,2629145,0.312712,8407551
2,2021-03-24,91089,3988733,49030,1981074,38909,1920769,3150,86890,54046,1254473,0.149208,36760,1432690,0.170405,58018,2687163,0.319613,8407551
2,2021-03-25,100674,4089407,50796,2031870,45981,1966750,3897,90787,57434,1273634,0.151487,42937,1475627,0.175512,62098,2749261,0.326999,8407551
2,2021-03-26,102793,4192200,51093,2082963,48212,2014962,3488,94275,56691,1289104,0.153327,45768,1521395,0.180956,61238,2810499,0.334283,8407551
2,2021-03-27,75072,4267272,37518,2120481,34261,2049223,3293,97568,37968,1294335,0.153949,36892,1558287,0.185344,42123,2852622,0.339293,8407551
2,2021-03-28,37469,4304741,23139,2143620,13523,2062746,807,98375,20246,1299081,0.154514,17110,1575397,0.187379,21856,2874478,0.341892,8407551
2,2021-03-29,70785,4375526,36090,2179710,32443,2095189,2252,100627,40581,1312783,0.156143,30032,1605429,0.190951,43734,2918212,0.347094,8407551
2,2021-03-30,91419,4466945,44796,2224506,42277,2137466,4346,104973,51658,1329823,0.15817,39572,1645001,0.195658,56612,2974824,0.353828,8407551
2,2021-03-31,100731,4567676,52006,2276512,43650,2181116,5075,110048,57765,1350317,0.160608,42700,1687701,0.200736,63194,3038018,0.361344,8407551
2,2021-04-01,116953,4684629,56569,2333081,51249,2232365,9135,119183,64176,1371622,0.163142,52455,1740156,0.206975,73760,3111778,0.370117,8407551
2,2021-04-02,111116,4795745,51334,2384415,49692,2282057,10090,129273,60135,1391683,0.165528,50643,1790799,0.212999,70704,3182482,0.378527,8407551
2,2021-04-03,76425,4872170,37485,2421900,29162,2311219,9778,139051,38068,1401764,0.166727,38169,1828968,0.217539,48250,3230732,0.384266,8407551
2,2021-04-04,28984,4901154,14905,2436805,10239,2321458,3840,142891,13099,1402945,0.166867,15802,1844770,0.219418,16983,3247715,0.386285,8407551
2,2021-04-05,78665,4979819,38635,2475440,31299,2352757,8731,151622,38347,1410625,0.167781,40170,1884940,0.224196,47850,3295565,0.391977,8407551
2,2021-04-06,103333,5083152,50350,2525790,38317,2391074,14666,166288,49241,1421100,0.169027,53854,1938794,0.230602,64329,3359894,0.399628,8407551
2,2021-04-07,109956,5193108,54887,2580677,38903,2429977,16166,182454,52100,1432067,0.170331,57598,1996392,0.237452,68565,3428459,0.407783,8407551
2,2021-04-08,118926,5312034,57258,2637935,43017,2472994,18651,201105,55415,1443550,0.171697,63201,2059593,0.244969,74684,3503143,0.416666,8407551
2,2021-04-09,118206,5430240,56939,2694874,43262,2516256,18005,219110,56084,1456763,0.173268,61778,2121371,0.252317,74991,3578134,0.425586,8407551
2,2021-04-10,86909,5517149,37629,2732503,30968,2547224,18312,237422,36089,1461272,0.173805,50581,2171952,0.258333,55090,3633224,0.432138,8407551
2,2021-04-11,44200,5561349,22917,2755420,12760,2559984,8523,245945,18088,1462632,0.173966,25985,2197937,0.261424,27345,3660569,0.435391,8407551
2,2021-04-12,79510,5640859,37053,2792473,33135,2593119,9322,255267,35686,1465061,0.174255,43581,2241518,0.266608,46010,3706579,0.440863,8407551
2,2021-04-13,101309,5742168,52517,2844990,48532,2641651,260,255527,55689,1476524,0.175619,45394,2286912,0.272007,56857,3763436,0.447626,8407551
2,2021-04-14,106096,5848264,55533,2900523,50513,2692164,50,255577,54650,1481489,0.176209,51187,2338099,0.278095,56152,3819588,0.454304,8407551
2,2021-04-15,112485,5960749,59772,2960295,52637,2744801,76,255653,59234,1488966,0.177099,52915,2391014,0.284389,60392,3879980,0.461488,8407551
2,2021-04-16,109323,6070072,56737,3017032,52536,2797337,50,255703,55712,1492281,0.177493,53341,2444355,0.290733,56656,3936636,0.468226,8407551
2,2021-04-17,82186,6152258,41776,3058808,40391,2837728,19,255722,46134,1503457,0.178822,35842,2480197,0.294996,47018,3983654,0.473819,8407551
2,2021-04-18,34036,6186294,20384,3079192,13646,2851374,6,255728,16281,1503075,0.178777,17643,2497840,0.297095,17261,4000915,0.475872,8407551
2,2021-04-19,73632,6259926,39723,3118915,33897,2885271,12,255740,33753,1497803,0.17815,39655,2537495,0.301811,34383,4035298,0.479961,8407551
2,2021-04-20,94854,6354780,47365,3166280,47466,2932737,23,255763,46285,1496568,0.178003,48283,2585778,0.307554,47048,4082346,0.485557,8407551
2,2021-04-21,99125,6453905,52518,3218798,46553,2979290,54,255817,47002,1492731,0.177546,51776,2637554,0.313713,47939,4130285,0.491259,8407551
2,2021-04-22,105492,6559397,54029,3272827,51443,3030733,20,255837,46309,1481089,0.176162,58852,2696406,0.320712,47210,4177495,0.496874,8407551
2,2021-04-23,104707,6664104,55183,3328010,49507,3080240,17,255854,48448,1474563,0.175386,55913,2752319,0.327363,49387,4226882,0.502748,8407551
2,2021-04-24,79519,6743623,46973,3374983,32507,3112747,39,255893,41587,1479488,0.175971,37629,2789948,0.331838,42554,4269436,0.50781,8407551
2,2021-04-25,36010,6779633,22253,3397236,13743,3126490,14,255907,19693,1483455,0.176443,16202,2806150,0.333765,20169,4289605,0.510209,8407551
2,2021-04-26,72351,6851984,39832,3437068,32226,3158716,293,256200,33443,1479986,0.176031,38675,2844825,0.338365,35206,4324811,0.514396,8407551
2,2021-04-27,86504,6938488,45291,3482359,39859,3198575,1354,257554,37188,1470791,0.174937,48991,2893816,0.344193,39796,4364607,0.519129,8407551
2,2021-04-28,85885,7024373,45472,3527831,38568,3237143,1845,259399,37966,1463854,0.174112,47642,2941458,0.349859,40705,4405312,0.523971,8407551
2,2021-04-29,88576,7112949,47785,3575616,39102,3276245,1689,261088,34347,1446581,0.172057,53907,2995365,0.356271,36634,4441946,0.528328,8407551
2,2021-04-30,92076,7205025,50636,3626252,39466,3315711,1974,263062,35590,1428678,0.169928,56116,3051481,0.362945,38213,4480159,0.532873,8407551
2,2021-05-01,61439,7266464,37596,3663848,22292,3338003,1551,264613,23918,1417736,0.168627,37254,3088735,0.367376,26312,4506471,0.536003,8407551
2,2021-05-02,29037,7295501,20128,3683976,7935,3345938,974,265587,11046,1411970,0.167941,17874,3106609,0.369502,12108,4518579,0.537443,8407551
2,2021-05-03,59511,7355012,35266,3719242,22216,3368154,2029,267616,20045,1395074,0.165931,39230,3145839,0.374168,22334,4540913,0.540099,8407551
2,2021-05-04,77773,7432785,46073,3765315,29342,3397496,2358,269974,25401,1371160,0.163087,52068,3197907,0.380361,28154,4569067,0.543448,8407551
2,2021-05-05,78028,7510813,46084,3811399,29606,3427102,2338,272312,24394,1344944,0.159969,53290,3251197,0.3867,27074,4596141,0.546668,8407551
2,2021-05-06,80540,7591353,48414,3859813,29225,3456327,2901,275213,24656,1317660,0.156723,55475,3306672,0.393298,28191,4624332,0.550021,8407551
2,2021-05-07,81527,7672880,46886,3906699,32225,3488552,2416,277629,25147,1289609,0.153387,56060,3362732,0.399966,28009,4652341,0.553353,8407551
2,2021-05-08,53169,7726049,32087,3938786,19428,3507980,1654,279283,16772,1272567,0.15136,36186,3398918,0.40427,19144,4671485,0.55563,8407551
2,2021-05-09,21270,7747319,15276,3954062,5257,3513237,737,280020,6395,1265130,0.150475,14800,3413718,0.40603,7363,4678848,0.556505,8407551
2,2021-05-10,48703,7796022,26393,3980455,20465,3533702,1845,281865,13941,1246980,0.148317,34544,3448262,0.410139,16394,4695242,0.558455,8407551
2,2021-05-11,63447,7859469,33674,4014129,27691,3561393,2082,283947,19272,1225108,0.145715,43917,3492179,0.415362,22045,4717287,0.561077,8407551
2,2021-05-12,63330,7922799,33704,4047833,27447,3588840,2179,286126,19489,1203609,0.143158,43580,3535759,0.420546,22081,4739368,0.563704,8407551
2,2021-05-13,68428,7991227,39893,4087726,26631,3615471,1904,288030,25539,1189168,0.14144,42641,3578400,0.425617,28200,4767568,0.567058,8407551
2,2021-05-14,77224,8068451,46036,4133762,28973,3644444,2215,290245,30100,1175323,0.139794,46810,3625210,0.431185,32965,4800533,0.570979,8407551
2,2021-05-15,64898,8133349,42635,4176397,20571,3665015,1692,291937,25168,1163045,0.138333,39507,3664717,0.435884,27229,4827762,0.574217,8407551
2,2021-05-16,30570,8163919,22764,4199161,6888,3671903,918,292855,12378,1158390,0.13778,18080,3682797,0.438034,13425,4841187,0.575814,8407551
2,2021-05-17,57089,8221008,36231,4235392,18933,3690836,1925,294780,22889,1149563,0.13673,34008,3716805,0.442079,25181,4866368,0.578809,8407551
2,2021-05-18,69057,8290065,40328,4275720,26788,3717624,1941,296721,27812,1138860,0.135457,41001,3757806,0.446956,30298,4896666,0.582413,8407551
2,2021-05-19,67774,8357839,40160,4315880,25648,3743272,1966,298687,27539,1128876,0.134269,39954,3797760,0.451708,29970,4926636,0.585978,8407551
2,2021-05-20,68017,8425856,39430,4355310,26433,3769705,2154,300841,26392,1116784,0.132831,41330,3839090,0.456624,29238,4955874,0.589455,8407551
2,2021-05-21,71458,8497314,42229,4397539,27103,3796808,2126,302967,28025,1104475,0.131367,43118,3882208,0.461753,30809,4986683,0.59312,8407551
2,2021-05-22,52340,8549654,33091,4430630,17533,3814341,1716,304683,21756,1098211,0.130622,30389,3912597,0.465367,24125,5010808,0.595989,8407551
2,2021-05-23,23202,8572856,15785,4446415,6697,3821038,720,305403,9967,1095967,0.130355,13130,3925727,0.466929,10886,5021694,0.597284,8407551
2,2021-05-24,43200,8616056,24241,4470656,17223,3838261,1736,307139,16502,1088053,0.129414,26490,3952217,0.470079,18576,5040270,0.599493,8407551
2,2021-05-25,50128,8666184,29451,4500107,18838,3857099,1839,308978,19376,1079340,0.128377,30468,3982685,0.473703,21755,5062025,0.602081,8407551
2,2021-05-26,48095,8714279,27017,4527124,19418,3876517,1660,310638,19177,1071975,0.127501,28614,4011299,0.477107,21249,5083274,0.604608,8407551
2,2021-05-27,46044,8760323,26091,4553215,18237,3894754,1716,312354,18800,1066002,0.126791,27021,4038320,0.480321,21048,5104322,0.607112,8407551
2,2021-05-28,49243,8809566,27314,4580529,19992,3914746,1937,314291,20977,1061408,0.126245,28029,4066349,0.483654,23435,5127757,0.609899,8407551
2,2021-05-29,28618,8838184,17157,4597686,10423,3925169,1038,315329,13419,1061014,0.126198,15059,4081408,0.485446,14665,5142422,0.611643,8407551
2,2021-05-30,12487,8850671,8045,4605731,3688,3928857,754,316083,5606,1060627,0.126152,6839,4088247,0.486259,6452,5148874,0.612411,8407551
2,2021-05-31,5854,8856525,3424,4609155,2128,3930985,302,316385,1851,1058877,0.125944,3965,4092212,0.486731,2215,5151089,0.612674,8407551
2,2021-06-01,44105,8900630,25455,4634610,17083,3948068,1567,317952,16159,1049350,0.12481,27676,4119888,0.490022,18149,5169238,0.614833,8407551
2,2021-06-02,37634,8938264,22152,4656762,14096,3962164,1386,319338,15130,1043941,0.124167,22268,4142156,0.492671,16859,5186097,0.616838,8407551
2,2021-06-03,40823,8979087,26327,4683089,13055,3975219,1441,320779,14174,1033551,0.122931,26432,4168588,0.495815,16042,5202139,0.618746,8407551
2,2021-06-04,47231,9026318,30857,4713946,14855,3990074,1519,322298,15792,1020253,0.12135,31181,4199769,0.499523,17883,5220022,0.620873,8407551
2,2021-06-05,37018,9063336,26586,4740532,9167,3999241,1265,323563,11983,1009146,0.120029,24827,4224596,0.502476,13720,5233742,0.622505,8407551
2,2021-06-06,14556,9077892,11928,4752460,2051,4001292,577,324140,4937,1005326,0.119574,9558,4234154,0.503613,5738,5239480,0.623187,8407551
2,2021-06-07,32579,9110471,22837,4775297,8494,4009786,1248,325388,10740,995909,0.118454,21710,4255864,0.506195,12293,5251773,0.62465,8407551
2,2021-06-08,39613,9150084,28156,4803453,10137,4019923,1320,326708,12506,983305,0.116955,26883,4282747,0.509393,14279,5266052,0.626348,8407551
2,2021-06-09,30046,9180130,20943,4824396,7882,4027805,1221,327929,8608,972142,0.115627,21282,4304029,0.511924,10119,5276171,0.627551,8407551
2,2021-06-10,28819,9208949,20120,4844516,7461,4035266,1238,329167,8584,962295,0.114456,20080,4324109,0.514313,10233,5286404,0.628769,8407551
2,2021-06-11,27180,9236129,17577,4862093,8357,4043623,1246,330413,8174,953102,0.113363,18831,4342940,0.516552,9638,5296042,0.629915,8407551
2,2021-06-12,21058,9257187,15966,4878059,4375,4047998,717,331130,5603,944223,0.112307,15363,4358303,0.51838,6484,5302526,0.630686,8407551
2,2021-06-13,3980,9261167,3081,4881140,587,4048585,312,331442,1050,942687,0.112124,2901,4361204,0.518725,1365,5303891,0.630849,8407551
3,2020-12-15,304,304,304,304,0,0,0,0,304,304,3.7e-05,0,0,0.0,304,304,3.7e-05,8129050
3,2020-12-16,2306,2610,2306,2610,0,0,0,0,2307,2611,0.000321,0,0,0.0,2307,2611,0.000321,8129050
3,2020-12-17,7796,10406,7796,10406,0,0,0,0,7796,10407,0.00128,0,0,0.0,7796,10407,0.00128,8129050
3,2020-12-18,13308,23714,13295,23701,13,13,0,0,13307,23714,0.002917,0,0,0.0,13307,23714,0.002917,8129050
3,2020-12-19,7184,30898,7173,30874,11,24,0,0,7248,30962,0.003809,0,0,0.0,7248,30962,0.003809,8129050
3,2020-12-20,5624,36522,5617,36491,7,31,0,0,5671,36632,0.004506,1,1,0.0,5671,36633,0.004506,8129050
3,2020-12-21,14325,50847,14300,50791,25,56,0,0,14388,51019,0.006276,1,2,0.0,14388,51021,0.006276,8129050
3,2020-12-22,14753,65600,14179,64970,574,630,0,0,14792,65811,0.008096,0,2,0.0,14792,65813,0.008096,8129050
3,2020-12-23,14756,80356,12162,77132,2594,3224,0,0,14782,80593,0.009914,1,3,0.0,14783,80596,0.009915,8129050
3,2020-12-24,6776,87132,4852,81984,1924,5148,0,0,6774,87366,0.010747,1,4,0.0,6774,87370,0.010748,8129050
3,2020-12-25,721,87853,665,82649,56,5204,0,0,720,88086,0.010836,0,4,0.0,720,88090,0.010836,8129050
3,2020-12-26,4597,92450,2985,85634,1612,6816,0,0,4595,92681,0.011401,0,4,0.0,4595,92685,0.011402,8129050
3,2020-12-27,2970,95420,1845,87479,1125,7941,0,0,2970,95651,0.011767,0,4,0.0,2970,95655,0.011767,8129050
3,2020-12-28,13572,108992,8682,96161,4890,12831,0,0,13598,109248,0.013439,1,5,1e-06,13598,109253,0.01344,8129050
3,2020-12-29,14971,123963,8439,104600,6532,19363,0,0,14998,124244,0.015284,2,7,1e-06,14998,124251,0.015285,8129050
3,2020-12-30,17978,141941,10011,114611,7967,27330,0,0,17966,142210,0.017494,1,8,1e-06,17967,142218,0.017495,8129050
3,2020-12-31,8415,150356,3227,117838,5188,32518,0,0,8415,150624,0.018529,1,9,1e-06,8415,150633,0.01853,8129050
3,2021-01-01,1276,151632,589,118427,687,33205,0,0,1274,151897,0.018686,1,10,1e-06,1274,151907,0.018687,8129050
3,2021-01-02,4935,156567,2419,120846,2516,35721,0,0,4935,156832,0.019293,0,10,1e-06,4935,156842,0.019294,8129050
3,2021-01-03,1604,158171,842,121688,762,36483,0,0,1594,158422,0.019488,4,14,2e-06,1594,158436,0.01949,8129050
3,2021-01-04,11957,170128,5959,127647,5998,42481,0,0,11931,170346,0.020955,7,21,3e-06,11931,170367,0.020958,8129050
3,2021-01-05,15638,185766,8088,135735,7550,50031,0,0,14025,182796,0.022487,1601,1622,0.0002,14051,184418,0.022686,8129050
3,2021-01-06,20498,206264,10811,146546,9687,59718,0,0,16039,194424,0.023917,4419,6041,0.000743,16047,200465,0.02466,8129050
3,2021-01-07,26436,232700,15085,161631,11351,71069,0,0,17130,202293,0.024885,9277,15318,0.001884,17146,217611,0.02677,8129050
3,2021-01-08,30345,263045,18519,180150,11826,82895,0,0,18021,208034,0.025591,12303,27621,0.003398,18044,235655,0.028989,8129050
3,2021-01-09,12353,275398,6983,187133,5370,88265,0,0,7852,211400,0.026005,4494,32115,0.003951,7860,243515,0.029956,8129050
3,2021-01-10,7172,282570,4451,191584,2721,90986,0,0,4041,212317,0.026118,3129,35244,0.004336,4046,247561,0.030454,8129050
3,2021-01-11,28959,311529,18966,210550,9993,100979,0,0,16368,216145,0.026589,12584,47828,0.005884,16412,263973,0.032473,8129050
3,2021-01-12,32216,343745,19277,229827,12939,113918,0,0,19779,223596,0.027506,12418,60246,0.007411,19869,283842,0.034917,8129050
3,2021-01-13,34351,378096,17931,247758,16420,130338,0,0,24205,237673,0.029237,10146,70392,0.008659,24223,308065,0.037897,8129050
3,2021-01-14,34520,412616,14177,261935,20343,150681,0,0,28639,260510,0.032047,5851,76243,0.009379,28688,336753,0.041426,8129050
3,2021-01-15,38766,451382,14407,276342,24359,175040,0,0,34136,290088,0.035685,4622,80865,0.009948,34200,370953,0.045633,8129050
3,2021-01-16,21620,473002,7447,283789,14173,189213,0,0,19304,307113,0.03778,2302,83167,0.010231,19327,390280,0.048011,8129050
3,2021-01-17,13107,486109,4435,288224,8672,197885,0,0,12073,318174,0.03914,1031,84198,0.010358,12092,402372,0.049498,8129050
3,2021-01-18,24724,510833,12923,301147,11801,209686,0,0,19183,331841,0.040822,5557,89755,0.011041,19224,421596,0.051863,8129050
3,2021-01-19,40848,551681,20875,322022,19973,229659,0,0,31801,354703,0.043634,9023,98778,0.012151,31885,453481,0.055785,8129050
3,2021-01-20,45175,596856,22256,344278,22919,252578,0,0,35851,381352,0.046912,9282,108060,0.013293,35931,489412,0.060205,8129050
3,2021-01-21,47615,644471,20589,364867,27026,279604,0,0,42182,418239,0.05145,5365,113425,0.013953,42252,531664,0.065403,8129050
3,2021-01-22,49575,694046,19764,384631,29811,309415,0,0,45445,459616,0.05654,4132,117557,0.014461,45509,577173,0.071001,8129050
3,2021-01-23,30160,724206,12792,397423,17368,326783,0,0,26894,483304,0.059454,3256,120813,0.014862,26944,604117,0.074316,8129050
3,2021-01-24,17637,741843,8482,405905,9155,335938,0,0,16483,498666,0.061344,1152,121965,0.015004,16514,620631,0.076347,8129050
3,2021-01-25,40640,782483,18130,424035,22510,358448,0,0,30719,519572,0.063915,9899,131864,0.016221,30805,651436,0.080137,8129050
3,2021-01-26,47013,829496,22487,446522,24526,382974,0,0,36961,546598,0.06724,10040,141904,0.017456,37066,688502,0.084696,8129050
3,2021-01-27,51279,880775,24448,470970,26831,409805,0,0,40721,576916,0.07097,10487,152391,0.018746,40805,729307,0.089716,8129050
3,2021-01-28,51631,932406,24004,494974,27627,437432,0,0,42746,610919,0.075153,8801,161192,0.019829,42804,772111,0.094982,8129050
3,2021-01-29,50709,983115,24420,519394,26289,463721,0,0,41111,642670,0.079058,9412,170604,0.020987,41163,813274,0.100045,8129050
3,2021-01-30,37110,1020225,17784,537178,19326,483047,0,0,32404,670501,0.082482,4654,175258,0.021559,32485,845759,0.104042,8129050
3,2021-01-31,22208,1042433,12763,549941,9445,492492,0,0,20853,690027,0.084884,1345,176603,0.021725,20871,866630,0.106609,8129050
3,2021-02-01,45652,1088085,20917,570858,24735,517227,0,0,34918,714289,0.087869,10691,187294,0.02304,34953,901583,0.110909,8129050
3,2021-02-02,54106,1142191,22549,593407,31557,548784,0,0,41744,743808,0.0915,12276,199570,0.02455,41795,943378,0.11605,8129050
3,2021-02-03,59687,1201878,26588,619995,33099,581883,0,0,44430,773213,0.095117,15097,214667,0.026407,44502,987880,0.121525,8129050
3,2021-02-04,64087,1265965,27867,647862,36220,618103,0,0,47027,803480,0.098841,16870,231537,0.028483,47137,1035017,0.127323,8129050
3,2021-02-05,69903,1335868,29700,677562,40203,658306,0,0,48414,830796,0.102201,21265,252802,0.031099,48581,1083598,0.133299,8129050
3,2021-02-06,43348,1379216,21049,698611,22299,680605,0,0,33756,855173,0.1052,9561,262363,0.032275,33938,1117536,0.137474,8129050
3,2021-02-07,19642,1398858,12498,711109,7144,687749,0,0,15117,865905,0.10652,4510,266873,0.03283,15242,1132778,0.139349,8129050
3,2021-02-08,51283,1450141,24890,735999,26393,714142,0,0,33710,882332,0.108541,17467,284340,0.034978,33894,1166672,0.143519,8129050
3,2021-02-09,58316,1508457,28471,764470,29845,743987,0,0,34258,893054,0.10986,23884,308224,0.037916,34606,1201278,0.147776,8129050
3,2021-02-10,67776,1576233,31605,796075,36171,780158,0,0,36739,899509,0.110654,30814,339038,0.041707,37269,1238547,0.152361,8129050
3,2021-02-11,70363,1646596,34765,830840,35598,815756,0,0,37753,905529,0.111394,32267,371305,0.045676,38287,1276834,0.157071,8129050
3,2021-02-12,75102,1721698,32551,863391,42551,858307,0,0,41549,914589,0.112509,33261,404566,0.049768,42321,1319155,0.162277,8129050
3,2021-02-13,44554,1766252,20304,883695,24250,882557,0,0,25720,922153,0.113439,18736,423302,0.052073,26300,1345455,0.165512,8129050
3,2021-02-14,27092,1793344,13538,897233,13554,896111,0,0,15123,925804,0.113888,11920,435222,0.053539,15571,1361026,0.167427,8129050
3,2021-02-15,39874,1833218,17183,914416,22691,918802,0,0,22103,931156,0.114547,17687,452909,0.055715,23039,1384065,0.170262,8129050
3,2021-02-16,69678,1902896,33006,947422,36672,955474,0,0,36264,935166,0.11504,33282,486191,0.059809,37292,1421357,0.174849,8129050
3,2021-02-17,71395,1974291,36163,983585,35232,990706,0,0,33998,933051,0.11478,37186,523377,0.064384,35071,1456428,0.179163,8129050
3,2021-02-18,76523,2050814,40000,1023585,36523,1027229,0,0,35520,929063,0.114289,40855,564232,0.069409,36867,1493295,0.183699,8129050
3,2021-02-19,68374,2119188,39443,1063028,28931,1056160,0,0,34607,930700,0.114491,33665,597897,0.073551,35302,1528597,0.188041,8129050
3,2021-02-20,42092,2161280,26666,1089694,15426,1071586,0,0,22237,933668,0.114856,19765,617662,0.075982,22733,1551330,0.190838,8129050
3,2021-02-21,22827,2184107,18996,1108690,3831,1075417,0,0,10858,933017,0.114776,11894,629556,0.077445,11243,1562573,0.192221,8129050
3,2021-02-22,45338,2229445,29550,1138240,15788,1091205,0,0,21469,931175,0.114549,23796,653352,0.080372,21954,1584527,0.194922,8129050
3,2021-02-23,60781,2290226,33168,1171408,27613,1118818,0,0,26852,926224,0.11394,33788,687140,0.084529,28837,1613364,0.198469,8129050
3,2021-02-24,76731,2366957,37613,1209021,39118,1157936,0,0,34209,920582,0.113246,42362,729502,0.08974,36720,1650084,0.202986,8129050
3,2021-02-25,86158,2453115,41955,1250976,44203,1202139,0,0,43213,923672,0.113626,42716,772218,0.094995,45806,1695890,0.208621,8129050
3,2021-02-26,96921,2550036,44305,1295281,52616,1254755,0,0,51477,932243,0.11468,45107,817325,0.100544,53678,1749568,0.215224,8129050
3,2021-02-27,68366,2618402,31527,1326808,36836,1291591,3,3,36394,938156,0.115408,31791,849116,0.104455,37704,1787272,0.219862,8129050
3,2021-02-28,39348,2657750,23052,1349860,16294,1307885,2,5,20716,941337,0.115799,18486,867602,0.106729,21667,1808939,0.222528,8129050
3,2021-03-01,67547,2725297,35993,1385853,31533,1339418,21,26,37745,950801,0.116963,29638,897240,0.110375,39102,1848041,0.227338,8129050
3,2021-03-02,77874,2803171,38576,1424429,39291,1378709,7,33,45628,966374,0.118879,32124,929364,0.114326,47697,1895738,0.233205,8129050
3,2021-03-03,88179,2891350,42203,1466632,45958,1424667,18,51,49269,979191,0.120456,38730,968094,0.119091,51547,1947285,0.239546,8129050
3,2021-03-04,92756,2984106,45634,1512266,47106,1471773,16,67,52787,994501,0.122339,39769,1007863,0.123983,55079,2002364,0.246322,8129050
3,2021-03-05,89181,3073287,43846,1556112,45046,1516819,289,356,54520,1017087,0.125118,34447,1042310,0.12822,57033,2059397,0.253338,8129050
3,2021-03-06,64893,3138180,32895,1589007,29851,1546670,2147,2503,37302,1030551,0.126774,27459,1069769,0.131598,40923,2100320,0.258372,8129050
3,2021-03-07,37483,3175663,22406,1611413,13940,1560610,1137,3640,21633,1038693,0.127775,15797,1085566,0.133542,23939,2124259,0.261317,8129050
3,2021-03-08,58801,3234464,28096,1639509,27847,1588457,2858,6498,37366,1059177,0.130295,21295,1106861,0.136161,41779,2166038,0.266456,8129050
3,2021-03-09,76274,3310738,35441,1674950,36459,1624916,4374,10872,41254,1071070,0.131758,34908,1141769,0.140455,46801,2212839,0.272214,8129050
3,2021-03-10,82272,3393010,41200,1716150,35026,1659942,6046,16918,43133,1082705,0.13319,38951,1180720,0.145247,50586,2263425,0.278437,8129050
3,2021-03-11,96398,3489408,47124,1763274,40726,1700668,8548,25466,47442,1091085,0.13422,48720,1229440,0.15124,57100,2320525,0.285461,8129050
3,2021-03-12,101478,3590886,45386,1808660,44256,1744924,11836,37302,46687,1096196,0.134849,54602,1284042,0.157957,59713,2380238,0.292806,8129050
3,2021-03-13,69560,3660446,29603,1838263,32737,1777661,7220,44522,36616,1108573,0.136372,32835,1316877,0.161996,45212,2425450,0.298368,8129050
3,2021-03-14,40740,3701186,21518,1859781,15673,1793334,3549,48071,20816,1113715,0.137004,19861,1336738,0.16444,25003,2450453,0.301444,8129050
3,2021-03-15,75267,3776453,35763,1895544,34970,1828304,4534,52605,39841,1123858,0.138252,35242,1371980,0.168775,45385,2495838,0.307027,8129050
3,2021-03-16,94647,3871100,43646,1939190,46687,1874991,4314,56919,53552,1141754,0.140454,40900,1412880,0.173806,58796,2554634,0.31426,8129050
3,2021-03-17,97379,3968479,47295,1986485,45609,1920600,4475,61394,59461,1168662,0.143764,37714,1450594,0.178446,64622,2619256,0.322209,8129050
3,2021-03-18,102496,4070975,52090,2038575,45982,1966582,4424,65818,59336,1190071,0.146397,42927,1493521,0.183726,64336,2683592,0.330124,8129050
3,2021-03-19,102492,4173467,54959,2093534,43094,2009676,4439,70257,57679,1208173,0.148624,44578,1538099,0.18921,62680,2746272,0.337834,8129050
3,2021-03-20,71189,4244656,36758,2130292,30824,2040500,3607,73864,44170,1229607,0.151261,26855,1564954,0.192514,48289,2794561,0.343775,8129050
3,2021-03-21,35833,4280489,24443,2154735,9887,2050387,1503,75367,22392,1240621,0.152616,13361,1578315,0.194157,24375,2818936,0.346773,8129050
3,2021-03-22,69962,4350451,41122,2195857,26316,2076703,2524,77891,44874,1264150,0.15551,24891,1603206,0.197219,48420,2867356,0.35273,8129050
3,2021-03-23,89244,4439695,49296,2245153,37420,2114123,2528,80419,55124,1288631,0.158522,33884,1637090,0.201388,58365,2925721,0.359909,8129050
3,2021-03-24,98282,4537977,56612,2301765,38768,2152891,2902,83321,56605,1307398,0.16083,41350,1678440,0.206474,60117,2985838,0.367305,8129050
3,2021-03-25,106863,4644840,59383,2361148,44536,2197427,2944,86265,60724,1325882,0.163104,45840,1724280,0.212113,64324,3050162,0.375218,8129050
3,2021-03-26,110043,4754883,59116,2420264,47655,2245082,3272,89537,57347,1334941,0.164219,52409,1776689,0.21856,61468,3111630,0.382779,8129050
3,2021-03-27,74084,4828967,37718,2457982,33820,2278902,2546,92083,36213,1336692,0.164434,37682,1814371,0.223196,39433,3151063,0.38763,8129050
3,2021-03-28,43999,4872966,27853,2485835,15340,2294242,806,92889,22396,1338952,0.164712,21500,1835871,0.225841,23760,3174823,0.390553,8129050
3,2021-03-29,80297,4953263,41991,2527826,36465,2330707,1841,94730,44323,1350165,0.166091,35761,1871632,0.23024,46974,3221797,0.396331,8129050
3,2021-03-30,99833,5053096,49084,2576910,47128,2377835,3621,98351,56225,1367237,0.168191,43376,1915008,0.235576,60448,3282245,0.403767,8129050
3,2021-03-31,104576,5157672,56481,2633391,43287,2421122,4808,103159,56410,1380814,0.169862,47978,1962986,0.241478,61555,3343800,0.41134,8129050
3,2021-04-01,123085,5280757,62306,2695697,51115,2472237,9664,112823,66939,1401944,0.172461,55814,2018800,0.248344,76944,3420744,0.420805,8129050
3,2021-04-02,117542,5398299,57445,2753142,49816,2522053,10281,123104,62425,1420284,0.174717,54869,2073669,0.255094,73209,3493953,0.429811,8129050
3,2021-04-03,75847,5474146,38797,2791939,27850,2549903,9200,132304,37916,1429935,0.175904,37805,2111474,0.259744,47456,3541409,0.435649,8129050
3,2021-04-04,32325,5506471,17274,2809213,10855,2560758,4196,136500,14231,1430378,0.175959,18025,2129499,0.261962,18468,3559877,0.43792,8129050
3,2021-04-05,88898,5595369,45214,2854427,34603,2595361,9081,145581,43697,1438979,0.177017,45012,2174511,0.267499,53613,3613490,0.444516,8129050
3,2021-04-06,112931,5708300,55032,2909459,42774,2638135,15125,160706,53373,1448885,0.178235,59317,2233828,0.274796,69223,3682713,0.453031,8129050
3,2021-04-07,115843,5824143,59973,2969432,39628,2677763,16242,176948,56319,1462427,0.179901,59297,2293125,0.28209,72839,3755552,0.461991,8129050
3,2021-04-08,121122,5945265,60332,3029764,40735,2718498,20055,197003,56483,1475390,0.181496,64370,2357495,0.290009,77333,3832885,0.471505,8129050
3,2021-04-09,117886,6063151,58768,3088532,40049,2758547,19069,216072,51979,1481677,0.182269,65695,2423190,0.29809,71982,3904867,0.48036,8129050
3,2021-04-10,83450,6146601,37697,3126229,30559,2789106,15194,231266,34166,1482744,0.182401,49132,2472322,0.304134,50199,3955066,0.486535,8129050
3,2021-04-11,45008,6191609,24188,3150417,12821,2801927,7999,239265,17220,1481099,0.182198,27707,2500029,0.307543,26062,3981128,0.489741,8129050
3,2021-04-12,83616,6275225,42263,3192680,32624,2834551,8729,247994,38171,1483850,0.182537,45239,2545268,0.313108,47990,4029118,0.495644,8129050
3,2021-04-13,105015,6380240,56880,3249560,47922,2882473,213,248207,55687,1491526,0.183481,49126,2594394,0.319151,56802,4085920,0.502632,8129050
3,2021-04-14,106900,6487140,58414,3307974,48390,2930863,96,248303,53596,1493614,0.183738,53048,2647442,0.325677,55136,4141056,0.509415,8129050
3,2021-04-15,118673,6605813,66822,3374796,51784,2982647,67,248370,64004,1504088,0.185026,54412,2701854,0.33237,64886,4205942,0.517396,8129050
3,2021-04-16,114188,6720001,64103,3438899,49992,3032639,93,248463,59808,1510565,0.185823,54125,2755979,0.339028,60602,4266544,0.524851,8129050
3,2021-04-17,78055,6798056,42680,3481579,35363,3068002,12,248475,43519,1520704,0.18707,34356,2790335,0.343255,44495,4311039,0.530325,8129050
3,2021-04-18,36987,6835043,21964,3503543,15020,3083022,3,248478,17391,1519458,0.186917,19512,2809847,0.345655,18266,4329305,0.532572,8129050
3,2021-04-19,78036,6913079,43609,3547152,34376,3117398,51,248529,35246,1512661,0.186081,42633,2852480,0.3509,35836,4365141,0.53698,8129050
3,2021-04-20,98021,7011100,50793,3597945,47213,3164611,15,248544,47756,1511419,0.185928,50058,2902538,0.357057,48816,4413957,0.542986,8129050
3,2021-04-21,101158,7112258,55655,3653600,45438,3210049,65,248609,47933,1507467,0.185442,52938,2955476,0.36357,48986,4462943,0.549012,8129050
3,2021-04-22,108906,7221164,60653,3714253,48233,3258282,20,248629,46967,1493754,0.183755,61653,3017129,0.371154,47940,4510883,0.554909,8129050
3,2021-04-23,103307,7324471,58468,3772721,44816,3303098,23,248652,45340,1482460,0.182366,57654,3074783,0.378246,46360,4557243,0.560612,8129050
3,2021-04-24,72930,7397401,45220,3817941,27650,3330748,60,248712,35599,1482010,0.18231,37092,3111875,0.382809,36642,4593885,0.56512,8129050
3,2021-04-25,36221,7433622,23345,3841286,12863,3343611,13,248725,18679,1483674,0.182515,17422,3129297,0.384952,19086,4612971,0.567467,8129050
3,2021-04-26,72242,7505864,40546,3881832,31311,3374922,385,249110,30906,1475231,0.181476,41108,3170405,0.390009,32665,4645636,0.571486,8129050
3,2021-04-27,89433,7595297,46597,3928429,41106,3416028,1730,250840,35531,1459655,0.17956,53632,3224037,0.396607,38056,4683692,0.576167,8129050
3,2021-04-28,84728,7680025,47646,3976075,34969,3450997,2113,252953,34723,1447273,0.178037,49750,3273787,0.402727,37368,4721060,0.580764,8129050
3,2021-04-29,86843,7766868,49198,4025273,35463,3486460,2182,255135,30946,1425256,0.175329,55625,3329412,0.40957,33608,4754668,0.584898,8129050
3,2021-04-30,88384,7855252,49568,4074841,36352,3522812,2464,257599,32764,1405602,0.172911,55339,3384751,0.416377,35685,4790353,0.589288,8129050
3,2021-05-01,54559,7909811,34404,4109245,18710,3541522,1445,259044,19644,1392442,0.171292,34734,3419485,0.42065,21574,4811927,0.591942,8129050
3,2021-05-02,26742,7936553,18245,4127490,7490,3549012,1007,260051,9814,1386515,0.170563,16849,3436334,0.422723,10922,4822849,0.593286,8129050
3,2021-05-03,58881,7995434,34475,4161965,22062,3571074,2344,262395,17273,1364879,0.167901,41433,3477767,0.42782,19797,4842646,0.595721,8129050
3,2021-05-04,75547,8070981,43191,4205156,29713,3600787,2643,265038,22080,1336674,0.164432,53208,3530975,0.434365,25003,4867649,0.598797,8129050
3,2021-05-05,76916,8147897,45764,4250920,28476,3629263,2676,267714,21449,1305867,0.160642,55189,3586164,0.441154,24382,4892031,0.601796,8129050
3,2021-05-06,81397,8229294,51112,4302032,27773,3657036,2512,270226,20313,1268589,0.156056,60656,3646820,0.448616,23378,4915409,0.604672,8129050
3,2021-05-07,80811,8310105,50142,4352174,28064,3685100,2605,272831,21572,1234123,0.151816,58931,3705751,0.455865,24465,4939874,0.607682,8129050
3,2021-05-08,50336,8360441,31015,4383189,17696,3702796,1625,274456,13486,1212868,0.149202,36625,3742376,0.460371,15370,4955244,0.609572,8129050
3,2021-05-09,20349,8380790,14784,4397973,4787,3707583,778,275234,5574,1204591,0.148183,14695,3757071,0.462178,6418,4961662,0.610362,8129050
3,2021-05-10,46701,8427491,24875,4422848,19939,3727522,1887,277121,11097,1182404,0.145454,35427,3792498,0.466536,13240,4974902,0.611991,8129050
3,2021-05-11,61451,8488942,33704,4456552,25560,3753082,2187,279308,15686,1155178,0.142105,45558,3838056,0.472141,18332,4993234,0.614246,8129050
3,2021-05-12,62782,8551724,35842,4492394,24556,3777638,2384,281692,17110,1129522,0.138949,45454,3883510,0.477732,19798,5013032,0.616681,8129050
3,2021-05-13,72925,8624649,46041,4538435,25003,3802641,1881,283573,27248,1113813,0.137016,45458,3928968,0.483324,29749,5042781,0.620341,8129050
3,2021-05-14,78082,8702731,49286,4587721,26685,3829326,2111,285684,30779,1100238,0.135346,47060,3976028,0.489113,33485,5076266,0.62446,8129050
3,2021-05-15,60788,8763519,41844,4629565,17743,3847069,1201,286885,25144,1091322,0.13425,35469,4011497,0.493477,26553,5102819,0.627726,8129050
3,2021-05-16,31642,8795161,23710,4653275,7249,3854318,683,287568,12735,1086008,0.133596,18812,4030309,0.495791,13498,5116317,0.629387,8129050
3,2021-05-17,56120,8851281,35758,4689033,18551,3872869,1811,289379,21125,1074390,0.132167,34751,4065060,0.500066,23133,5139450,0.632233,8129050
3,2021-05-18,63539,8914820,37534,4726567,24170,3897039,1835,291214,24371,1062064,0.13065,38920,4103980,0.504854,26594,5166044,0.635504,8129050
3,2021-05-19,62703,8977523,38306,4764873,22684,3919723,1713,292927,25131,1051835,0.129392,37346,4141326,0.509448,27117,5193161,0.63884,8129050
3,2021-05-20,60233,9037756,35319,4800192,23110,3942833,1804,294731,22239,1038527,0.127755,37737,4179063,0.51409,24429,5217590,0.641845,8129050
3,2021-05-21,64889,9102645,39536,4839728,23278,3966111,2075,296806,23946,1024211,0.125994,40678,4219741,0.519094,26362,5243952,0.645088,8129050
3,2021-05-22,44731,9147376,29598,4869326,13685,3979796,1448,298254,18611,1018640,0.125309,25935,4245676,0.522284,20364,5264316,0.647593,8129050
3,2021-05-23,20465,9167841,14196,4883522,5628,3985424,641,298895,8893,1016814,0.125084,11499,4257175,0.523699,9673,5273989,0.648783,8129050
3,2021-05-24,38453,9206294,22349,4905871,14369,3999793,1735,300630,14381,1009224,0.12415,23905,4281080,0.52664,16315,5290304,0.65079,8129050
3,2021-05-25,42271,9248565,23850,4929721,16770,4016563,1651,302281,15308,999670,0.122975,26737,4307817,0.529929,17183,5307487,0.652904,8129050
3,2021-05-26,41658,9290223,23790,4953511,16172,4032735,1696,303977,15975,992099,0.122044,25408,4333225,0.533054,17837,5325324,0.655098,8129050
3,2021-05-27,38796,9329019,21672,4975183,15381,4048116,1743,305720,15428,986316,0.121332,23228,4356453,0.535912,17445,5342769,0.657244,8129050
3,2021-05-28,42095,9371114,23871,4999054,16475,4064591,1749,307469,17724,981934,0.120793,24205,4380658,0.538889,19823,5362592,0.659682,8129050
3,2021-05-29,23129,9394243,14146,5013200,8161,4072752,822,308291,11150,982182,0.120824,11869,4392527,0.540349,12117,5374709,0.661173,8129050
3,2021-05-30,10495,9404738,6807,5020007,3055,4075807,633,308924,4562,981554,0.120746,5872,4398399,0.541072,5244,5379953,0.661818,8129050
3,2021-05-31,4611,9409349,2669,5022676,1675,4077482,267,309191,1497,980258,0.120587,3089,4401488,0.541452,1793,5381746,0.662039,8129050
3,2021-06-01,37314,9446663,21540,5044216,14356,4091838,1418,310609,13862,972519,0.119635,23263,4424751,0.544313,15524,5397270,0.663948,8129050
3,2021-06-02,31221,9477884,17984,5062200,11834,4103672,1403,312012,11937,966931,0.118948,19096,4443847,0.546663,13508,5410778,0.66561,8129050
3,2021-06-03,39199,9517083,26865,5089065,10923,4114595,1411,313423,11917,953396,0.117283,27119,4470966,0.549999,13584,5424362,0.667281,8129050
3,2021-06-04,45582,9562665,32307,5121372,11759,4126354,1516,314939,13602,937197,0.11529,31761,4502727,0.553906,15562,5439924,0.669196,8129050
3,2021-06-05,33915,9596580,25594,5146966,7146,4133500,1175,316114,8996,922848,0.113525,24728,4527455,0.556948,10379,5450303,0.670472,8129050
3,2021-06-06,14132,9610712,11782,5158748,1786,4135286,564,316678,4032,917570,0.112875,10050,4537505,0.558184,4772,5455075,0.671059,8129050
3,2021-06-07,29839,9640551,21693,5180441,6899,4142185,1247,317925,8808,906872,0.111559,20905,4558410,0.560756,10207,5465282,0.672315,8129050
3,2021-06-08,33357,9673908,23941,5204382,8158,4150343,1258,319183,9947,895129,0.110115,23212,4581622,0.563611,11469,5476751,0.673726,8129050
3,2021-06-09,23942,9697850,17094,5221476,5840,4156183,1008,320191,6190,884826,0.108847,17637,4599259,0.565781,7334,5484085,0.674628,8129050
3,2021-06-10,23988,9721838,17314,5238790,5478,4161661,1196,321387,6507,875303,0.107676,17370,4616629,0.567917,7847,5491932,0.675593,8129050
3,2021-06-11,22088,9743926,14962,5253752,6142,4167803,984,322371,6254,866947,0.106648,15693,4632322,0.569848,7337,5499269,0.676496,8129050
3,2021-06-12,17453,9761379,13681,5267433,3134,4170937,638,323009,4232,858750,0.10564,13147,4645469,0.571465,4950,5504219,0.677105,8129050
3,2021-06-13,3071,9764450,2486,5269919,421,4171358,164,323173,790,857433,0.105478,2272,4647741,0.571745,955,5505174,0.677222,8129050
4,2020-12-15,450,450,450,450,0,0,0,0,450,450,5.6e-05,0,0,0.0,450,450,5.6e-05,8037679
4,2020-12-16,3006,3456,3006,3456,0,0,0,0,3006,3456,0.00043,0,0,0.0,3006,3456,0.00043,8037679
4,2020-12-17,8838,12294,8838,12294,0,0,0,0,8838,12294,0.00153,0,0,0.0,8838,12294,0.00153,8037679
4,2020-12-18,15941,28235,15932,28226,9,9,0,0,15941,28235,0.003513,0,0,0.0,15941,28235,0.003513,8037679
4,2020-12-19,10261,38496,10253,38479,8,17,0,0,10196,38431,0.004781,0,0,0.0,10196,38431,0.004781,8037679
4,2020-12-20,7374,45870,7367,45846,7,24,0,0,7329,45760,0.005693,0,0,0.0,7329,45760,0.005693,8037679
4,2020-12-21,16297,62167,16272,62118,25,49,0,0,16231,61990,0.007712,1,1,0.0,16231,61991,0.007713,8037679
4,2020-12-22,17121,79288,16384,78502,737,786,0,0,17075,79065,0.009837,0,1,0.0,17075,79066,0.009837,8037679
4,2020-12-23,17022,96310,14317,92819,2705,3491,0,0,16992,96055,0.011951,2,3,0.0,16992,96058,0.011951,8037679
4,2020-12-24,8550,104860,5961,98780,2589,6080,0,0,8548,104602,0.013014,1,4,0.0,8548,104606,0.013014,8037679
4,2020-12-25,900,105760,795,99575,105,6185,0,0,900,105502,0.013126,0,4,0.0,900,105506,0.013126,8037679
4,2020-12-26,6150,111910,3870,103445,2280,8465,0,0,6150,111652,0.013891,0,4,0.0,6150,111656,0.013892,8037679
4,2020-12-27,3422,115332,1991,105436,1431,9896,0,0,3422,115074,0.014317,0,4,0.0,3422,115078,0.014317,8037679
4,2020-12-28,15031,130363,9283,114719,5748,15644,0,0,15003,130076,0.016183,1,5,1e-06,15003,130081,0.016184,8037679
4,2020-12-29,15346,145709,8495,123214,6851,22495,0,0,15312,145387,0.018088,1,6,1e-06,15312,145393,0.018089,8037679
4,2020-12-30,18930,164639,11066,134280,7864,30359,0,0,18919,164304,0.020442,2,8,1e-06,18919,164312,0.020443,8037679
4,2020-12-31,8263,172902,3341,137621,4922,35281,0,0,8251,172546,0.021467,9,17,2e-06,8251,172563,0.021469,8037679
4,2021-01-01,1406,174308,621,138242,785,36066,0,0,1404,173948,0.021642,2,19,2e-06,1404,173967,0.021644,8037679
4,2021-01-02,5715,180023,3229,141471,2486,38552,0,0,5714,179661,0.022352,1,20,2e-06,5714,179681,0.022355,8037679
4,2021-01-03,2132,182155,1265,142736,867,39419,0,0,2116,181773,0.022615,4,24,3e-06,2116,181797,0.022618,8037679
4,2021-01-04,12966,195121,7050,149786,5916,45335,0,0,12919,194663,0.024219,29,53,7e-06,12919,194716,0.024225,8037679
4,2021-01-05,16883,212004,9987,159773,6896,52231,0,0,14771,207358,0.025798,2088,2141,0.000266,14783,209499,0.026065,8037679
4,2021-01-06,21534,233538,13203,172976,8331,60562,0,0,15544,216979,0.026995,5936,8077,0.001005,15557,225056,0.028,8037679
4,2021-01-07,27905,261443,17002,189978,10903,71465,0,0,16832,222816,0.027721,11015,19092,0.002375,16852,241908,0.030097,8037679
4,2021-01-08,32784,294227,21028,211006,11756,83221,0,0,18293,226709,0.028206,14420,33512,0.004169,18313,260221,0.032375,8037679
4,2021-01-09,16264,310491,9624,220630,6640,89861,0,0,9439,229356,0.028535,6803,40315,0.005016,9450,269671,0.033551,8037679
4,2021-01-10,8749,319240,5655,226285,3094,92955,0,0,4131,228895,0.028478,4600,44915,0.005588,4139,273810,0.034066,8037679
4,2021-01-11,33363,352603,21883,248168,11480,104435,0,0,18796,233201,0.029013,14531,59446,0.007396,18837,292647,0.036409,8037679
4,2021-01-12,38515,391118,22204,270372,16311,120746,0,0,24328,243477,0.030292,14121,73567,0.009153,24397,317044,0.039445,8037679
4,2021-01-13,38719,429837,19105,289477,19614,140360,0,0,27399,259674,0.032307,11264,84831,0.010554,27461,344505,0.042861,8037679
4,2021-01-14,39216,469053,15065,304542,24151,164511,0,0,32044,284710,0.035422,7126,91957,0.011441,32162,376667,0.046863,8037679
4,2021-01-15,45329,514382,15753,320295,29576,194087,0,0,39806,319068,0.039697,5469,97426,0.012121,39827,416494,0.051818,8037679
4,2021-01-16,28691,543073,9406,329701,19285,213372,0,0,25567,341575,0.042497,3089,100515,0.012505,25596,442090,0.055002,8037679
4,2021-01-17,19110,562183,6731,336432,12379,225751,0,0,17585,357677,0.0445,1498,102013,0.012692,17600,459690,0.057192,8037679
4,2021-01-18,29469,591652,13657,350089,15812,241563,0,0,23483,375296,0.046692,5890,107903,0.013425,23509,483199,0.060117,8037679
4,2021-01-19,46134,637786,23175,373264,22959,264522,0,0,36774,402841,0.050119,9303,117206,0.014582,36848,520047,0.064701,8037679
4,2021-01-20,51872,689658,27472,400736,24400,288922,0,0,41437,433999,0.053996,10336,127542,0.015868,41494,561541,0.069864,8037679
4,2021-01-21,56774,746432,25129,425865,31645,320567,0,0,50328,477999,0.05947,6378,133920,0.016662,50378,611919,0.076131,8037679
4,2021-01-22,55154,801586,22133,447998,33021,353588,0,0,50048,523063,0.065076,5012,138932,0.017285,50076,661995,0.082361,8037679
4,2021-01-23,39502,841088,17419,465417,22083,375671,0,0,35169,553937,0.068918,4324,143256,0.017823,35198,697193,0.086741,8037679
4,2021-01-24,23917,865005,10489,475906,13428,389099,0,0,22040,574125,0.071429,1869,145125,0.018056,22057,719250,0.089485,8037679
4,2021-01-25,47982,912987,22155,498061,25827,414926,0,0,36873,599975,0.074645,11078,156203,0.019434,36928,756178,0.094079,8037679
4,2021-01-26,56868,969855,29008,527069,27860,442786,0,0,44611,632448,0.078685,12203,168406,0.020952,44676,800854,0.099637,8037679
4,2021-01-27,56284,1026139,26798,553867,29486,472272,0,0,45304,666898,0.082971,10908,179314,0.022309,45358,846212,0.105281,8037679
4,2021-01-28,56610,1082749,25594,579461,31016,503288,0,0,46647,703720,0.087553,9876,189190,0.023538,46698,892910,0.111091,8037679
4,2021-01-29,56554,1139303,27160,606621,29394,532682,0,0,46218,739784,0.09204,10191,199381,0.024806,46255,939165,0.116845,8037679
4,2021-01-30,37834,1177137,17243,623864,20591,553273,0,0,32488,767001,0.095426,5297,204678,0.025465,32514,971679,0.12089,8037679
4,2021-01-31,23936,1201073,12590,636454,11346,564619,0,0,22320,787739,0.098006,1599,206277,0.025664,22337,994016,0.12367,8037679
4,2021-02-01,49708,1250781,24065,660519,25643,590262,0,0,38104,814321,0.101313,11562,217839,0.027102,38144,1032160,0.128415,8037679
4,2021-02-02,55374,1306155,25500,686019,29874,620136,0,0,42542,844139,0.105023,12767,230606,0.028691,42585,1074745,0.133713,8037679
4,2021-02-03,61982,1368137,30520,716539,31462,651598,0,0,47685,877693,0.109197,14187,244793,0.030456,47741,1122486,0.139653,8037679
4,2021-02-04,67439,1435576,31416,747955,36023,687621,0,0,50770,912050,0.113472,16519,261312,0.032511,50876,1173362,0.145983,8037679
4,2021-02-05,73140,1508716,33963,781918,39177,726798,0,0,50973,941251,0.117105,21911,283223,0.035237,51112,1224474,0.152342,8037679
4,2021-02-06,48379,1557095,26311,808229,22068,748866,0,0,36859,966824,0.120286,11486,294709,0.036666,37059,1261533,0.156952,8037679
4,2021-02-07,26534,1583629,17571,825800,8963,757829,0,0,20093,980741,0.122018,6415,301124,0.037464,20332,1281865,0.159482,8037679
4,2021-02-08,58589,1642218,30191,855991,28398,786227,0,0,38191,998928,0.124281,20270,321394,0.039986,38457,1320322,0.164267,8037679
4,2021-02-09,67168,1709386,34230,890221,32938,819165,0,0,39469,1011173,0.125804,27628,349022,0.043423,39873,1360195,0.169227,8037679
4,2021-02-10,77156,1786542,38641,928862,38515,857680,0,0,41023,1016834,0.126508,35905,384927,0.04789,41566,1401761,0.174399,8037679
4,2021-02-11,81190,1867732,42430,971292,38760,896440,0,0,41966,1020465,0.12696,39003,423930,0.052743,42634,1444395,0.179703,8037679
4,2021-02-12,84129,1951861,37695,1008987,46434,942874,0,0,43376,1024077,0.12741,40551,464481,0.057788,44163,1488558,0.185197,8037679
4,2021-02-13,58516,2010377,29723,1038710,28793,971667,0,0,29855,1026296,0.127686,28534,493015,0.061338,30753,1519311,0.189024,8037679
4,2021-02-14,36683,2047060,19030,1057740,17653,989320,0,0,18858,1028038,0.127902,17774,510789,0.063549,19516,1538827,0.191452,8037679
4,2021-02-15,46058,2093118,21581,1079321,24477,1013797,0,0,23675,1030572,0.128218,22318,533107,0.066326,24852,1563679,0.194544,8037679
4,2021-02-16,79947,2173065,36645,1115966,43302,1057099,0,0,40705,1033350,0.128563,39145,572252,0.071196,41923,1605602,0.199759,8037679
4,2021-02-17,81320,2254385,38406,1154372,42914,1100013,0,0,38768,1030857,0.128253,42390,614642,0.07647,39897,1645499,0.204723,8037679
4,2021-02-18,83080,2337465,45719,1200091,37361,1137374,0,0,38429,1026271,0.127683,44494,659136,0.082006,39908,1685407,0.209688,8037679
4,2021-02-19,82416,2419881,51807,1251898,30609,1167983,0,0,41295,1027283,0.127808,40981,700117,0.087104,41993,1727400,0.214913,8037679
4,2021-02-20,48919,2468800,32626,1284524,16293,1184276,0,0,26722,1032557,0.128465,22141,722258,0.089859,27415,1754815,0.218324,8037679
4,2021-02-21,29214,2498014,23469,1307993,5745,1190021,0,0,14076,1031845,0.128376,15072,737330,0.091734,14360,1769175,0.22011,8037679
4,2021-02-22,53079,2551093,36443,1344436,16636,1206657,0,0,25773,1030856,0.128253,27211,764541,0.09512,26222,1795397,0.223373,8037679
4,2021-02-23,73832,2624925,40972,1385408,32860,1239517,0,0,32554,1023933,0.127392,41148,805689,0.100239,34225,1829622,0.227631,8037679
4,2021-02-24,88718,2713643,46866,1432274,41852,1281369,0,0,40086,1017749,0.126622,48426,854115,0.106264,42242,1871864,0.232886,8037679
4,2021-02-25,99919,2813562,52186,1484460,47733,1329102,0,0,47944,1016427,0.126458,51823,905938,0.112711,50501,1922365,0.239169,8037679
4,2021-02-26,106397,2919959,53717,1538177,52680,1381782,0,0,54521,1021640,0.127106,51654,957592,0.119138,56867,1979232,0.246244,8037679
4,2021-02-27,77073,2997032,42047,1580224,35020,1416802,6,6,41333,1028862,0.128005,35601,993193,0.123567,42823,2022055,0.251572,8037679
4,2021-02-28,47406,3044438,29475,1609699,17926,1434728,5,11,26557,1035596,0.128843,20710,1013903,0.126144,27444,2049499,0.254986,8037679
4,2021-03-01,77784,3122222,45696,1655395,32057,1466785,31,42,42957,1045188,0.130036,34586,1048489,0.130447,44178,2093677,0.260483,8037679
4,2021-03-02,84988,3207210,48933,1704328,36049,1502834,6,48,50290,1062724,0.132218,34546,1083035,0.134745,52082,2145759,0.266963,8037679
4,2021-03-03,99551,3306761,52843,1757171,46695,1549529,13,61,55463,1076074,0.133879,43893,1126928,0.140206,57243,2203002,0.274084,8037679
4,2021-03-04,96857,3403618,53882,1811053,42958,1592487,17,78,53290,1087790,0.135336,43365,1170293,0.145601,55081,2258083,0.280937,8037679
4,2021-03-05,94271,3497889,50958,1862011,42999,1635486,314,392,55981,1107924,0.137841,38095,1208388,0.15034,58229,2316312,0.288182,8037679
4,2021-03-06,76095,3573984,42968,1904979,30513,1665999,2614,3006,46791,1129486,0.140524,29192,1237580,0.153972,50754,2367066,0.294496,8037679
4,2021-03-07,42671,3616655,27278,1932257,14211,1680210,1182,4188,25598,1140342,0.141875,17013,1254593,0.156089,27869,2394935,0.297964,8037679
4,2021-03-08,66333,3682988,34767,1967024,28371,1708581,3195,7383,43845,1166341,0.145109,22384,1276977,0.158874,48383,2443318,0.303983,8037679
4,2021-03-09,81112,3764100,41127,2008151,34854,1743435,5131,12514,43857,1179353,0.146728,37101,1314078,0.16349,50113,2493431,0.310218,8037679
4,2021-03-10,90845,3854945,46951,2055102,36445,1779880,7449,19963,45971,1189036,0.147933,44714,1358792,0.169053,54397,2547828,0.316986,8037679
4,2021-03-11,100404,3955349,52734,2107836,39280,1819160,8390,28353,46529,1191422,0.14823,53661,1412453,0.175729,56047,2603875,0.323959,8037679
4,2021-03-12,104460,4059809,51566,2159402,42623,1861783,10271,38624,44736,1187926,0.147795,59492,1471945,0.183131,55996,2659871,0.330925,8037679
4,2021-03-13,80973,4140782,37720,2197122,34860,1896643,8393,47017,38075,1192769,0.148397,42777,1514722,0.188453,47620,2707491,0.33685,8037679
4,2021-03-14,49566,4190348,28367,2225489,17562,1914205,3637,50654,23276,1194116,0.148565,26203,1540925,0.191713,27550,2735041,0.340277,8037679
4,2021-03-15,83591,4273939,44975,2270464,34371,1948576,4245,54899,42767,1201366,0.149467,40612,1581537,0.196765,47862,2782903,0.346232,8037679
4,2021-03-16,107460,4381399,55851,2326315,48211,1996787,3398,58297,57041,1212312,0.150829,50204,1631741,0.203011,61150,2844053,0.35384,8037679
4,2021-03-17,106142,4487541,57065,2383380,45627,2042414,3450,61747,62286,1234998,0.153651,43620,1675361,0.208438,66306,2910359,0.362089,8037679
4,2021-03-18,106291,4593832,58889,2442269,43755,2086169,3647,65394,60401,1253855,0.155997,45638,1720999,0.214116,64495,2974854,0.370114,8037679
4,2021-03-19,110720,4704552,63612,2505881,41923,2128092,5185,70579,63157,1275278,0.158662,47332,1768331,0.220005,68755,3043609,0.378668,8037679
4,2021-03-20,83287,4787839,48846,2554727,31443,2159535,2998,73577,51149,1297728,0.161456,32014,1800345,0.223988,54464,3098073,0.385444,8037679
4,2021-03-21,47922,4835761,34739,2589466,10921,2170456,2262,75839,28373,1309288,0.162894,19439,1819784,0.226407,30999,3129072,0.3893,8037679
4,2021-03-22,81815,4917576,53444,2642910,25651,2196107,2720,78559,50864,1332849,0.165825,30742,1850526,0.230231,54303,3183375,0.396056,8037679
4,2021-03-23,103972,5021548,62136,2705046,39691,2235798,2145,80704,61962,1355747,0.168674,41752,1892278,0.235426,64650,3248025,0.4041,8037679
4,2021-03-24,113131,5134679,73125,2778171,37599,2273397,2407,83111,64093,1374076,0.170954,48637,1940915,0.241477,66966,3314991,0.412431,8037679
4,2021-03-25,116667,5251346,71913,2850084,42368,2315765,2386,85497,66946,1394611,0.173509,49279,1990194,0.247608,69814,3384805,0.421117,8037679
4,2021-03-26,119355,5370701,72548,2922632,43764,2359529,3043,88540,65472,1410173,0.175445,53557,2043751,0.254271,69119,3453924,0.429717,8037679
4,2021-03-27,91327,5462028,54185,2976817,35361,2394890,1781,90321,46459,1414246,0.175952,44655,2088406,0.259827,48728,3502652,0.435779,8037679
4,2021-03-28,55551,5517579,36722,3013539,17957,2412847,872,91193,29623,1419292,0.17658,25787,2114193,0.263035,30833,3533485,0.439615,8037679
4,2021-03-29,93261,5610840,56048,3069587,35140,2447987,2073,93266,50637,1430155,0.177931,42405,2156598,0.268311,53268,3586753,0.446242,8037679
4,2021-03-30,116777,5727617,63802,3133389,48829,2496816,4146,97412,69483,1457142,0.181289,47087,2203685,0.274169,74074,3660827,0.455458,8037679
4,2021-03-31,120669,5848286,71370,3204759,42981,2539797,6318,103730,68008,1479337,0.18405,52348,2256033,0.280682,74543,3735370,0.464732,8037679
4,2021-04-01,142135,5990421,81219,3285978,47727,2587524,13189,116919,83994,1519002,0.188985,57756,2313789,0.287868,97421,3832791,0.476853,8037679
4,2021-04-02,136227,6126648,72937,3358915,49749,2637273,13541,130460,78887,1554719,0.193429,57071,2370860,0.294968,92788,3925579,0.488397,8037679
4,2021-04-03,100960,6227608,53936,3412851,33650,2670923,13374,143834,52716,1573028,0.195707,48057,2418917,0.300947,66366,3991945,0.496654,8037679
4,2021-04-04,46810,6274418,24696,3437547,14603,2685526,7511,151345,20434,1574747,0.195921,26279,2445196,0.304217,27998,4019943,0.500137,8037679
4,2021-04-05,108960,6383378,61360,3498907,34852,2720378,12748,164093,56921,1593166,0.198212,51852,2497048,0.310668,70271,4090214,0.50888,8037679
4,2021-04-06,138452,6521830,77959,3576866,40761,2761139,19732,183825,72040,1619403,0.201476,66195,2563243,0.318903,92432,4182646,0.52038,8037679
4,2021-04-07,137086,6658916,77698,3654564,38719,2799858,20669,204494,71148,1645847,0.204766,65705,2628948,0.327078,92149,4274795,0.531844,8037679
4,2021-04-08,139586,6798502,77810,3732374,36399,2836257,25377,229871,69503,1671567,0.207966,69821,2698769,0.335765,95541,4370336,0.543731,8037679
4,2021-04-09,137237,6935739,75309,3807683,39001,2875258,22927,252798,65671,1689871,0.210244,71359,2770128,0.344643,89663,4459999,0.554886,8037679
4,2021-04-10,103040,7038779,51029,3858712,33196,2908454,18815,271613,46460,1699844,0.211484,56381,2826509,0.351657,66354,4526353,0.563142,8037679
4,2021-04-11,62291,7101070,37977,3896689,13137,2921591,11177,282790,27341,1704604,0.212077,34856,2861365,0.355994,39616,4565969,0.568071,8037679
4,2021-04-12,102432,7203502,62297,3958986,30016,2951607,10119,292909,51784,1717363,0.213664,50371,2911736,0.362261,63130,4629099,0.575925,8037679
4,2021-04-13,129905,7333407,81500,4040486,48243,2999850,162,293071,78055,1744854,0.217084,51594,2963330,0.36868,79085,4708184,0.585764,8037679
4,2021-04-14,135028,7468435,86045,4126531,48906,3048756,77,293148,75154,1761745,0.219186,59577,3022907,0.376092,76468,4784652,0.595278,8037679
4,2021-04-15,155375,7623810,103453,4229984,51861,3100617,61,293209,95904,1799328,0.223862,59151,3082058,0.383451,96734,4881386,0.607313,8037679
4,2021-04-16,142205,7766015,90285,4320269,51843,3152460,77,293286,83096,1824405,0.226982,58857,3140915,0.390774,83934,4965320,0.617755,8037679
4,2021-04-17,99928,7865943,63060,4383329,36845,3189305,23,293309,58585,1843050,0.229301,41107,3182022,0.395888,59752,5025072,0.625189,8037679
4,2021-04-18,54027,7919970,36125,4419454,17899,3207204,3,293312,30706,1851495,0.230352,23211,3205233,0.398776,31656,5056728,0.629128,8037679
4,2021-04-19,100184,8020154,66221,4485675,33947,3241151,16,293328,51313,1854752,0.230757,48659,3253892,0.40483,51916,5108644,0.635587,8037679
4,2021-04-20,127156,8147310,74704,4560379,52438,3293589,14,293342,66746,1862425,0.231712,60150,3314042,0.412313,67823,5176467,0.644025,8037679
4,2021-04-21,127396,8274706,81696,4642075,45649,3339238,51,293393,64386,1865159,0.232052,62716,3376758,0.420116,65450,5241917,0.652168,8037679
4,2021-04-22,137129,8411835,90340,4732415,46768,3386006,21,293414,61422,1852313,0.230454,75394,3452152,0.429496,62548,5304465,0.65995,8037679
4,2021-04-23,130544,8542379,84293,4816708,46228,3432234,23,293437,56676,1836606,0.2285,73558,3525710,0.438648,57851,5362316,0.667147,8037679
4,2021-04-24,97320,8639699,66015,4882723,31255,3463489,50,293487,44794,1830248,0.227709,52261,3577971,0.44515,45903,5408219,0.672858,8037679
4,2021-04-25,49434,8689133,35163,4917886,14246,3477735,25,293512,26143,1833692,0.228137,23165,3601136,0.448032,26609,5434828,0.676169,8037679
4,2021-04-26,89312,8778445,58257,4976143,30662,3508397,393,293905,35239,1816867,0.226044,53809,3654945,0.454726,36984,5471812,0.68077,8037679
4,2021-04-27,111450,8889895,67759,5043902,41388,3549785,2303,296208,40127,1789075,0.222586,71035,3725980,0.463564,43243,5515055,0.68615,8037679
4,2021-04-28,101170,8991065,65661,5109563,33007,3582792,2502,298710,37049,1765402,0.219641,63859,3789839,0.471509,40186,5555241,0.69115,8037679
4,2021-04-29,102488,9093553,64938,5174501,35039,3617831,2511,301221,32993,1732284,0.21552,69198,3859037,0.480118,36080,5591321,0.695639,8037679
4,2021-04-30,101671,9195224,63928,5238429,35074,3652905,2669,303890,34537,1703310,0.211916,66805,3925842,0.48843,37831,5629152,0.700345,8037679
4,2021-05-01,68530,9263754,45667,5284096,21108,3674013,1755,305645,19883,1677133,0.208659,48441,3974283,0.494457,22264,5651416,0.703115,8037679
4,2021-05-02,37374,9301128,26529,5310625,9565,3683578,1280,306925,10500,1662281,0.206811,26775,4001058,0.497788,11923,5663339,0.704599,8037679
4,2021-05-03,77930,9379058,54348,5364973,21126,3704704,2456,309381,19145,1625649,0.202254,58571,4059629,0.505075,21939,5685278,0.707328,8037679
4,2021-05-04,98322,9477380,66723,5431696,28854,3733558,2745,312126,22307,1575291,0.195988,75775,4135404,0.514502,25417,5710695,0.710491,8037679
4,2021-05-05,99101,9576481,69442,5501138,26945,3760503,2714,314840,21578,1522635,0.189437,77231,4212635,0.524111,24575,5735270,0.713548,8037679
4,2021-05-06,109160,9685641,81527,5582665,24710,3785213,2923,317763,19409,1456754,0.181241,89330,4301965,0.535225,23449,5758719,0.716465,8037679
4,2021-05-07,102863,9788504,73805,5656470,26383,3811596,2675,320438,20376,1398046,0.173937,82160,4384125,0.545447,23452,5782171,0.719383,8037679
4,2021-05-08,66076,9854580,45214,5701684,18996,3830592,1866,322304,13153,1360692,0.169289,52723,4436848,0.552006,15369,5797540,0.721295,8037679
4,2021-05-09,33395,9887975,27267,5728951,5188,3835780,940,323244,7835,1344095,0.167224,25465,4462313,0.555174,8868,5806408,0.722399,8037679
4,2021-05-10,62958,9950933,41861,5770812,18823,3854603,2274,325518,11056,1306007,0.162486,51724,4514037,0.56161,13636,5820044,0.724095,8037679
4,2021-05-11,78775,10029708,48122,5818934,28482,3883085,2171,327689,15555,1261185,0.156909,63013,4577050,0.569449,18191,5838235,0.726358,8037679
4,2021-05-12,77311,10107019,51157,5870091,23707,3906792,2447,330136,18040,1223048,0.152164,59019,4636069,0.576792,20882,5859117,0.728956,8037679
4,2021-05-13,101919,10208938,74991,5945082,25410,3932202,1518,331654,40269,1204502,0.149857,61355,4697424,0.584425,42809,5901926,0.734282,8037679
4,2021-05-14,102170,10311108,72000,6017082,28082,3960284,2088,333742,40176,1185565,0.147501,61723,4759147,0.592105,42786,5944712,0.739606,8037679
4,2021-05-15,83854,10394962,64794,6081876,17742,3978026,1318,335060,37027,1177567,0.146506,46626,4805773,0.597906,38628,5983340,0.744411,8037679
4,2021-05-16,49090,10444052,39876,6121752,8528,3986554,686,335746,20137,1169699,0.145527,28827,4834600,0.601492,20959,6004299,0.747019,8037679
4,2021-05-17,69886,10513938,51018,6172770,17030,4003584,1838,337584,28185,1158420,0.144124,41520,4876120,0.606658,30241,6034540,0.750781,8037679
4,2021-05-18,80703,10594641,52469,6225239,26488,4030072,1746,339330,29444,1139055,0.141714,50915,4927035,0.612992,31550,6066090,0.754707,8037679
4,2021-05-19,75779,10670420,51345,6276584,22511,4052583,1923,341253,31580,1128883,0.140449,43955,4970990,0.618461,33783,6099873,0.75891,8037679
4,2021-05-20,67321,10737741,43197,6319781,22141,4074724,1983,343236,25709,1115587,0.138795,41364,5012354,0.623607,28068,6127941,0.762402,8037679
4,2021-05-21,72741,10810482,48142,6367923,22748,4097472,1851,345087,26682,1098596,0.136681,45808,5058162,0.629306,28817,6156758,0.765987,8037679
4,2021-05-22,48868,10859350,34226,6402149,13382,4110854,1260,346347,21227,1093844,0.13609,27498,5085660,0.632727,22746,6179504,0.768817,8037679
4,2021-05-23,22601,10881951,16170,6418319,5712,4116566,719,347066,9461,1091124,0.135751,13035,5098695,0.634349,10315,6189819,0.7701,8037679
4,2021-05-24,41485,10923436,26149,6444468,12360,4128926,2976,350042,14626,1082247,0.134647,26673,5125368,0.637668,17796,6207615,0.772314,8037679
4,2021-05-25,44454,10967890,27700,6472168,13960,4142886,2794,352836,16128,1073283,0.133531,28116,5153484,0.641166,19152,6226767,0.774697,8037679
4,2021-05-26,43899,11011789,26374,6498542,14956,4157842,2569,355405,15937,1064227,0.132405,27780,5181264,0.644622,18724,6245491,0.777027,8037679
4,2021-05-27,38524,11050313,23193,6521735,12202,4170044,3129,358534,14855,1058927,0.131745,23501,5204765,0.647546,18201,6263692,0.779291,8037679
4,2021-05-28,42700,11093013,27307,6549042,13806,4183850,1587,360121,18910,1056090,0.131392,23593,5228358,0.650481,20756,6284448,0.781873,8037679
4,2021-05-29,23334,11116347,15227,6564269,7178,4191028,929,361050,11229,1056395,0.13143,11997,5240355,0.651974,12302,6296750,0.783404,8037679
4,2021-05-30,11894,11128241,8355,6572624,3015,4194043,524,361574,5100,1055364,0.131302,6742,5247097,0.652812,5711,6302461,0.784115,8037679
4,2021-05-31,3563,11131804,2281,6574905,1125,4195168,157,361731,1190,1054393,0.131181,2346,5249443,0.653104,1375,6303836,0.784286,8037679
4,2021-06-01,39102,11170906,24436,6599341,12245,4207413,2421,364152,13858,1045851,0.130119,25068,5274511,0.656223,16526,6320362,0.786342,8037679
4,2021-06-02,32176,11203082,20131,6619472,9266,4216679,2779,366931,11137,1039065,0.129274,20879,5295390,0.658821,14093,6334455,0.788095,8037679
4,2021-06-03,47452,11250534,36415,6655887,8588,4225267,2449,369380,11126,1016793,0.126503,36188,5331578,0.663323,13916,6348371,0.789826,8037679
4,2021-06-04,54125,11304659,43660,6699547,9160,4234427,1305,370685,13633,992289,0.123455,40291,5371869,0.668336,15787,6364158,0.791791,8037679
4,2021-06-05,43785,11348444,37480,6737027,5310,4239737,995,371680,9197,968344,0.120476,34443,5406312,0.672621,10498,6374656,0.793097,8037679
4,2021-06-06,20385,11368829,18135,6755162,1696,4241433,554,372234,4648,958322,0.119229,15642,5421954,0.674567,5620,6380276,0.793796,8037679
4,2021-06-07,37801,11406630,30573,6785735,5332,4246765,1896,374130,8787,940418,0.117001,28895,5450849,0.678162,10991,6391267,0.795163,8037679
4,2021-06-08,39287,11445917,30780,6816515,6005,4252770,2502,376632,9532,923228,0.114863,29590,5480439,0.681843,12400,6403667,0.796706,8037679
4,2021-06-09,27995,11473912,22016,6838531,3937,4256707,2042,378674,5531,908603,0.113043,22354,5502793,0.684625,7729,6411396,0.797668,8037679
4,2021-06-10,26602,11500514,20822,6859353,3508,4260215,2272,380946,6277,897097,0.111611,20225,5523018,0.687141,8719,6420115,0.798752,8037679
4,2021-06-11,23080,11523594,17670,6877023,3830,4264045,1580,382526,5695,887218,0.110382,17304,5540322,0.689294,7425,6427540,0.799676,8037679
4,2021-06-12,17813,11541407,15273,6892296,2070,4266115,470,382996,4125,878295,0.109272,13626,5553948,0.690989,4703,6432243,0.800261,8037679
4,2021-06-13,3180,11544587,2585,6894881,470,4266585,125,383121,866,876992,0.10911,2295,5556243,0.691275,992,6433235,0.800385,8037679
