vemquartile,administered_date,total_doses,cumulative_total_doses,pfizer_doses,cumulative_pfizer_doses,moderna_doses,cumulative_moderna_doses,jj_doses,cumulative_jj_doses,partially_vaccinated,total_partially_vaccinated,pct_age12pop_partially_vaccinated,fully_vaccinated,cumulative_fully_vaccinated,pct_age12pop_fully_vaccinated,at_least_one_dose,cumulative_at_least_one_dose,pct_age12pop_at_least_one_dose,age12_population
1,2020-12-15,148,148,148,148,0,0,0,0,148,148,1.7e-05,0,0,0.0,148,148,1.7e-05,8700223
1,2020-12-16,1177,1325,1177,1325,0,0,0,0,1177,1325,0.000152,0,0,0.0,1177,1325,0.000152,8700223
1,2020-12-17,4135,5460,4135,5460,0,0,0,0,4136,5461,0.000628,0,0,0.0,4136,5461,0.000628,8700223
1,2020-12-18,6301,11761,6281,11741,20,20,0,0,6301,11761,0.001352,1,1,0.0,6301,11762,0.001352,8700223
1,2020-12-19,2862,14623,2861,14602,1,21,0,0,2861,14621,0.001681,1,2,0.0,2861,14623,0.001681,8700223
1,2020-12-20,2115,16738,2110,16712,5,26,0,0,2116,16737,0.001924,0,2,0.0,2116,16739,0.001924,8700223
1,2020-12-21,7628,24366,7614,24326,14,40,0,0,7678,24415,0.002806,1,3,0.0,7679,24418,0.002807,8700223
1,2020-12-22,7279,31645,6937,31263,342,382,0,0,7281,31694,0.003643,2,5,1e-06,7281,31699,0.003643,8700223
1,2020-12-23,7830,39475,6581,37844,1249,1631,0,0,7824,39517,0.004542,2,7,1e-06,7825,39524,0.004543,8700223
1,2020-12-24,3299,42774,2358,40202,941,2572,0,0,3301,42818,0.004921,0,7,1e-06,3301,42825,0.004922,8700223
1,2020-12-25,235,43009,151,40353,84,2656,0,0,235,43053,0.004948,0,7,1e-06,235,43060,0.004949,8700223
1,2020-12-26,1353,44362,964,41317,389,3045,0,0,1352,44404,0.005104,1,8,1e-06,1352,44412,0.005105,8700223
1,2020-12-27,862,45224,530,41847,332,3377,0,0,863,45267,0.005203,0,8,1e-06,863,45275,0.005204,8700223
1,2020-12-28,7080,52304,4761,46608,2319,5696,0,0,7079,52346,0.006017,0,8,1e-06,7079,52354,0.006018,8700223
1,2020-12-29,8859,61163,4976,51584,3883,9579,0,0,8856,61201,0.007034,1,9,1e-06,8856,61210,0.007035,8700223
1,2020-12-30,11589,72752,6460,58044,5129,14708,0,0,11589,72790,0.008366,0,9,1e-06,11589,72799,0.008367,8700223
1,2020-12-31,5941,78693,1957,60001,3984,18692,0,0,5940,78729,0.009049,2,11,1e-06,5941,78740,0.00905,8700223
1,2021-01-01,551,79244,190,60191,361,19053,0,0,551,79280,0.009112,0,11,1e-06,551,79291,0.009114,8700223
1,2021-01-02,2904,82148,1762,61953,1142,20195,0,0,2906,82186,0.009446,0,11,1e-06,2906,82197,0.009448,8700223
1,2021-01-03,1021,83169,548,62501,473,20668,0,0,1019,83203,0.009563,2,13,1e-06,1019,83216,0.009565,8700223
1,2021-01-04,7328,90497,3574,66075,3754,24422,0,0,7329,90528,0.010405,4,17,2e-06,7329,90545,0.010407,8700223
1,2021-01-05,10774,101271,5191,71266,5583,30005,0,0,10023,99838,0.011475,736,753,8.7e-05,10046,100591,0.011562,8700223
1,2021-01-06,13990,115261,7024,78290,6966,36971,0,0,12105,110104,0.012655,1847,2600,0.000299,12113,112704,0.012954,8700223
1,2021-01-07,17376,132637,9075,87365,8301,45272,0,0,12929,118696,0.013643,4350,6950,0.000799,12942,125646,0.014442,8700223
1,2021-01-08,20075,152712,10399,97764,9676,54948,0,0,14192,127028,0.014601,5867,12817,0.001473,14199,139845,0.016074,8700223
1,2021-01-09,6683,159395,3371,101135,3312,58260,0,0,4838,130038,0.014947,1832,14649,0.001684,4842,144687,0.01663,8700223
1,2021-01-10,3067,162462,1744,102879,1323,59583,0,0,1883,130751,0.015028,1171,15820,0.001818,1884,146571,0.016847,8700223
1,2021-01-11,18040,180502,11811,114690,6229,65812,0,0,11510,135796,0.015608,6504,22324,0.002566,11549,158120,0.018174,8700223
1,2021-01-12,18872,199374,10729,125419,8143,73955,0,0,12926,142849,0.016419,5909,28233,0.003245,12962,171082,0.019664,8700223
1,2021-01-13,19706,219080,10650,136069,9056,83011,0,0,14564,152313,0.017507,5118,33351,0.003833,14582,185664,0.02134,8700223
1,2021-01-14,21868,240948,9391,145460,12477,95488,0,0,19133,168813,0.019403,2679,36030,0.004141,19179,204843,0.023545,8700223
1,2021-01-15,25083,266031,9232,154692,15851,111339,0,0,23151,190130,0.021853,1885,37915,0.004358,23202,228045,0.026211,8700223
1,2021-01-16,13856,279887,4536,159228,9320,120659,0,0,12994,202267,0.023248,860,38775,0.004457,12997,241042,0.027705,8700223
1,2021-01-17,5196,285083,2011,161239,3185,123844,0,0,4832,206743,0.023763,361,39136,0.004498,4837,245879,0.028261,8700223
1,2021-01-18,14269,299352,8579,169818,5690,129534,0,0,11109,214758,0.024684,3148,42284,0.00486,11163,257042,0.029544,8700223
1,2021-01-19,24682,324034,12861,182679,11821,141355,0,0,19500,229147,0.026338,5167,47451,0.005454,19556,276598,0.031792,8700223
1,2021-01-20,28697,352731,14054,196733,14643,155998,0,0,23051,246654,0.02835,5592,53043,0.006097,23099,299697,0.034447,8700223
1,2021-01-21,30798,383529,14284,211017,16514,172512,0,0,27651,271305,0.031184,3089,56132,0.006452,27740,327437,0.037635,8700223
1,2021-01-22,28128,411657,11156,222173,16972,189484,0,0,26148,295546,0.03397,1939,58071,0.006675,26180,353617,0.040645,8700223
1,2021-01-23,18681,430338,8198,230371,10483,199967,0,0,16754,310398,0.035677,1913,59984,0.006895,16765,370382,0.042572,8700223
1,2021-01-24,6659,436997,4156,234527,2503,202470,0,0,6005,315760,0.036293,648,60632,0.006969,6010,376392,0.043262,8700223
1,2021-01-25,25209,462206,10441,244968,14768,217238,0,0,19533,329735,0.0379,5655,66287,0.007619,19630,396022,0.045519,8700223
1,2021-01-26,28509,490715,13384,258352,15125,232363,0,0,21929,345160,0.039673,6534,72821,0.00837,21959,417981,0.048043,8700223
1,2021-01-27,32342,523057,15419,273771,16923,249286,0,0,24388,361690,0.041572,7892,80713,0.009277,24422,442403,0.05085,8700223
1,2021-01-28,34614,557671,16268,290039,18346,267632,0,0,27822,382840,0.044003,6738,87451,0.010052,27888,470291,0.054055,8700223
1,2021-01-29,33386,591057,16408,306447,16978,284610,0,0,26929,403485,0.046376,6323,93774,0.010778,26968,497259,0.057155,8700223
1,2021-01-30,20180,611237,8797,315244,11383,295993,0,0,18083,419504,0.048218,2074,95848,0.011017,18093,515352,0.059234,8700223
1,2021-01-31,7565,618802,4951,320195,2614,298607,0,0,6922,425787,0.04894,642,96490,0.011091,6925,522277,0.06003,8700223
1,2021-02-01,28543,647345,12427,332622,16116,314723,0,0,20916,439124,0.050473,7585,104075,0.011962,20922,543199,0.062435,8700223
1,2021-02-02,32045,679390,11518,344140,20527,335250,0,0,24144,455464,0.052351,7838,111913,0.012863,24178,567377,0.065214,8700223
1,2021-02-03,39105,718495,15022,359162,24083,359333,0,0,28276,473072,0.054375,10700,122613,0.014093,28308,595685,0.068468,8700223
1,2021-02-04,43542,762037,16972,376134,26570,385903,0,0,31659,493001,0.056665,11778,134391,0.015447,31707,627392,0.072112,8700223
1,2021-02-05,46648,808685,17300,393434,29348,415251,0,0,30744,508018,0.058391,15780,150171,0.017261,30797,658189,0.075652,8700223
1,2021-02-06,26460,835145,10497,403931,15963,431214,0,0,20635,522883,0.0601,5787,155958,0.017926,20652,678841,0.078026,8700223
1,2021-02-07,6248,841393,4023,407954,2225,433439,0,0,4644,525957,0.060453,1588,157546,0.018108,4662,683503,0.078562,8700223
1,2021-02-08,31246,872639,14252,422206,16994,450433,0,0,20872,536620,0.061679,10302,167848,0.019292,20965,704468,0.080971,8700223
1,2021-02-09,38170,910809,16819,439025,21351,471784,0,0,23607,545717,0.062724,14583,182431,0.020969,23680,728148,0.083693,8700223
1,2021-02-10,46691,957500,21938,460963,24753,496537,0,0,26945,553082,0.063571,19657,202088,0.023228,27022,755170,0.086799,8700223
1,2021-02-11,51266,1008766,25210,486173,26056,522593,0,0,30891,563971,0.064823,20101,222189,0.025538,30990,786160,0.090361,8700223
1,2021-02-12,49358,1058124,21288,507461,28070,550663,0,0,28504,571863,0.06573,20748,242937,0.027923,28640,814800,0.093653,8700223
1,2021-02-13,26042,1084166,11344,518805,14698,565361,0,0,15110,576186,0.066227,10863,253800,0.029172,15186,829986,0.095398,8700223
1,2021-02-14,11603,1095769,5475,524280,6128,571489,0,0,6624,577922,0.066426,4953,258753,0.029741,6689,836675,0.096167,8700223
1,2021-02-15,23554,1119323,9267,533547,14287,585776,0,0,14362,583311,0.067046,9089,267842,0.030786,14478,851153,0.097831,8700223
1,2021-02-16,46377,1165700,22200,555747,24177,609953,0,0,27343,591798,0.068021,18967,286809,0.032966,27454,878607,0.100987,8700223
1,2021-02-17,47791,1213491,24152,579899,23639,633592,0,0,25954,596179,0.068525,21719,308528,0.035462,26100,904707,0.103987,8700223
1,2021-02-18,50264,1263755,25056,604955,25208,658800,0,0,26218,598772,0.068823,23845,332373,0.038203,26438,931145,0.107025,8700223
1,2021-02-19,45530,1309285,24665,629620,20865,679665,0,0,25780,604964,0.069534,19653,352026,0.040462,25845,956990,0.109996,8700223
1,2021-02-20,26936,1336221,16424,646044,10512,690177,0,0,15500,609142,0.070015,11397,363423,0.041772,15575,972565,0.111786,8700223
1,2021-02-21,11458,1347679,10215,656259,1243,691420,0,0,6832,611444,0.070279,4581,368004,0.042298,6883,979448,0.112577,8700223
1,2021-02-22,29910,1377589,19638,675897,10272,701692,0,0,17636,616957,0.070913,12223,380227,0.043703,17736,997184,0.114616,8700223
1,2021-02-23,43027,1420616,20941,696838,22086,723778,0,0,24165,622751,0.071579,18733,398960,0.045856,24527,1021711,0.117435,8700223
1,2021-02-24,52969,1473585,25676,722514,27293,751071,0,0,29740,629809,0.07239,23129,422089,0.048515,30187,1051898,0.120905,8700223
1,2021-02-25,65061,1538646,31673,754187,33388,784459,0,0,40785,646924,0.074357,24172,446261,0.051293,41287,1093185,0.12565,8700223
1,2021-02-26,72998,1611644,34294,788481,38704,823163,0,0,48181,670917,0.077115,24665,470926,0.054128,48658,1141843,0.131243,8700223
1,2021-02-27,50062,1661706,23133,811614,26922,850085,7,7,33338,687913,0.079068,16614,487540,0.056038,33610,1175453,0.135106,8700223
1,2021-02-28,19326,1681032,11470,823084,7854,857939,2,9,14288,697365,0.080155,4976,492516,0.05661,14428,1189881,0.136764,8700223
1,2021-03-01,43995,1725027,20314,843398,23652,881591,29,38,28514,710787,0.081698,15355,507871,0.058374,28777,1218658,0.140072,8700223
1,2021-03-02,61668,1786695,26855,870253,34801,916392,12,50,39791,729439,0.083841,21765,529636,0.060876,40417,1259075,0.144718,8700223
1,2021-03-03,68922,1855617,32669,902922,36233,952625,20,70,42002,745258,0.08566,26794,556430,0.063956,42613,1301688,0.149615,8700223
1,2021-03-04,77196,1932813,36268,939190,40894,993519,34,104,49723,768206,0.088297,27316,583746,0.067096,50264,1351952,0.155393,8700223
1,2021-03-05,76643,2009456,34736,973926,41703,1035222,204,308,51470,795543,0.091439,24969,608715,0.069965,52306,1404258,0.161405,8700223
1,2021-03-06,57027,2066483,27229,1001155,28460,1063682,1338,1646,38874,818030,0.094024,18091,626806,0.072045,40578,1444836,0.166069,8700223
1,2021-03-07,20131,2086614,12825,1013980,6495,1070177,811,2457,15138,829266,0.095315,4975,631781,0.072617,16211,1461047,0.167932,8700223
1,2021-03-08,44159,2130773,21087,1035067,21199,1091376,1873,4330,30957,849311,0.097619,13124,644905,0.074125,33169,1494216,0.171745,8700223
1,2021-03-09,65507,2196280,31603,1066670,31427,1122803,2477,6807,40476,867687,0.099732,24919,669824,0.076989,43295,1537511,0.176721,8700223
1,2021-03-10,72310,2268590,36122,1102792,31815,1154618,4373,11180,44949,890154,0.102314,27226,697050,0.080119,49693,1587204,0.182433,8700223
1,2021-03-11,88692,2357282,40480,1143272,40285,1194903,7927,19107,51998,914075,0.105063,36471,733521,0.084311,60392,1647596,0.189374,8700223
1,2021-03-12,97253,2454535,42594,1185866,42321,1237224,12338,31445,57001,943840,0.108485,40070,773591,0.088916,69835,1717431,0.197401,8700223
1,2021-03-13,64771,2519306,29310,1215176,27739,1264963,7722,39167,41424,970098,0.111503,23241,796832,0.091588,49499,1766930,0.20309,8700223
1,2021-03-14,27532,2546838,14851,1230027,9120,1274083,3561,42728,15646,977672,0.112373,11834,808666,0.092948,19408,1786338,0.205321,8700223
1,2021-03-15,64327,2611165,28142,1258169,29493,1303576,6692,49420,38106,996772,0.114569,26047,834713,0.095942,45147,1831485,0.21051,8700223
1,2021-03-16,84676,2695841,38390,1296559,40737,1344313,5549,54969,52781,1023747,0.117669,31723,866436,0.099588,58698,1890183,0.217257,8700223
1,2021-03-17,91465,2787306,44135,1340694,40804,1385117,6526,61495,58964,1057274,0.121523,32337,898773,0.103305,65864,1956047,0.224827,8700223
1,2021-03-18,97318,2884624,50043,1390737,41672,1426789,5603,67098,59574,1085477,0.124764,37435,936208,0.107607,65638,2021685,0.232372,8700223
1,2021-03-19,102496,2987120,52980,1443717,43397,1470186,6119,73217,60743,1111325,0.127735,41500,977708,0.112377,67348,2089033,0.240113,8700223
1,2021-03-20,71878,3058998,36983,1480700,29671,1499857,5224,78441,46417,1137918,0.130792,25304,1003012,0.115286,51897,2140930,0.246078,8700223
1,2021-03-21,26886,3085884,18773,1499473,6307,1506164,1806,80247,17359,1147715,0.131918,9452,1012464,0.116372,19249,2160179,0.24829,8700223
1,2021-03-22,58502,3144386,30096,1529569,25134,1531298,3272,83519,39742,1172502,0.134767,18579,1031043,0.118508,43366,2203545,0.253275,8700223
1,2021-03-23,82056,3226442,41552,1571121,36898,1568196,3606,87125,51058,1196812,0.137561,30808,1061851,0.122049,55118,2258663,0.25961,8700223
1,2021-03-24,86987,3313429,43889,1615010,38756,1606952,4342,91467,52788,1220142,0.140243,33978,1095829,0.125954,57308,2315971,0.266197,8700223
1,2021-03-25,95574,3409003,48610,1663620,41170,1648122,5794,97261,53940,1238735,0.14238,41360,1137189,0.130708,59953,2375924,0.273088,8700223
1,2021-03-26,103521,3512524,50463,1714083,46796,1694918,6262,103523,56285,1254627,0.144206,46957,1184146,0.136105,62849,2438773,0.280312,8700223
1,2021-03-27,73502,3586026,37954,1752037,31370,1726288,4178,107701,38168,1262042,0.145059,35141,1219287,0.140144,42556,2481329,0.285203,8700223
1,2021-03-28,32486,3618512,21284,1773321,9992,1736280,1210,108911,16599,1264402,0.14533,15781,1235068,0.141958,18141,2499470,0.287288,8700223
1,2021-03-29,66286,3684798,32912,1806233,30274,1766554,3100,112011,36965,1275524,0.146608,29155,1264223,0.145309,40277,2539747,0.291917,8700223
1,2021-03-30,90705,3775503,44706,1850939,39719,1806273,6280,118291,47219,1285787,0.147788,43341,1307564,0.150291,53604,2593351,0.298079,8700223
1,2021-03-31,99640,3875143,52183,1903122,41532,1847805,5925,124216,55332,1303079,0.149775,44048,1351612,0.155354,61340,2654691,0.305129,8700223
1,2021-04-01,110307,3985450,52850,1955972,49058,1896863,8399,132615,56906,1315408,0.151192,53058,1404670,0.161452,65387,2720078,0.312645,8700223
1,2021-04-02,109847,4095297,50140,2006112,50107,1946970,9600,142215,56375,1328514,0.152699,53102,1457772,0.167556,66208,2786286,0.320255,8700223
1,2021-04-03,77422,4172719,38832,2044944,28993,1975963,9597,151812,36218,1333367,0.153257,41046,1498818,0.172274,45899,2832185,0.32553,8700223
1,2021-04-04,23655,4196374,11763,2056707,8435,1984398,3457,155269,9941,1333092,0.153225,13664,1512482,0.173844,13389,2845574,0.327069,8700223
1,2021-04-05,75384,4271758,36235,2092942,30020,2014418,9129,164398,34352,1335897,0.153547,40857,1553339,0.17854,43662,2889236,0.332088,8700223
1,2021-04-06,102630,4374388,48606,2141548,37522,2051940,16502,180900,46653,1343384,0.154408,55734,1609073,0.184946,63221,2952457,0.339354,8700223
1,2021-04-07,110115,4484503,53208,2194756,39511,2091451,17396,198296,50177,1351327,0.155321,59696,1668769,0.191808,67639,3020096,0.347129,8700223
1,2021-04-08,121064,4605567,57149,2251905,43109,2134560,20806,219102,53764,1359054,0.156209,66958,1735727,0.199504,74685,3094781,0.355713,8700223
1,2021-04-09,121667,4727234,55608,2307513,45553,2180113,20506,239608,53849,1366098,0.157019,67499,1803226,0.207262,74543,3169324,0.364281,8700223
1,2021-04-10,95068,4822302,42249,2349762,30230,2210343,22589,262197,37183,1368194,0.15726,57711,1860937,0.213895,59807,3229131,0.371155,8700223
1,2021-04-11,36091,4858393,20145,2369907,9328,2219671,6618,268815,14741,1368394,0.157283,21302,1882239,0.216344,21502,3250633,0.373626,8700223
1,2021-04-12,73314,4931707,32520,2402427,30852,2250523,9942,278757,31195,1367873,0.157223,41881,1924120,0.221158,41360,3291993,0.37838,8700223
1,2021-04-13,96244,5027951,51415,2453842,44494,2295017,335,279092,52046,1376743,0.158242,43952,1968072,0.226209,52822,3344815,0.384452,8700223
1,2021-04-14,103356,5131307,53355,2507197,49932,2344949,69,279161,52723,1379773,0.158591,50311,2018383,0.231992,53341,3398156,0.390583,8700223
1,2021-04-15,104762,5236069,56838,2564035,47837,2392786,87,279248,56274,1388469,0.15959,47972,2066355,0.237506,56668,3454824,0.397096,8700223
1,2021-04-16,108470,5344539,55733,2619768,52650,2445436,87,279335,54459,1389614,0.159722,53589,2119944,0.243665,54734,3509558,0.403387,8700223
1,2021-04-17,81968,5426507,44490,2664258,37469,2482905,9,279344,46078,1400164,0.160934,35701,2155645,0.247769,46251,3555809,0.408703,8700223
1,2021-04-18,28857,5455364,19255,2683513,9595,2492500,7,279351,14649,1400880,0.161017,14138,2169783,0.249394,14854,3570663,0.410411,8700223
1,2021-04-19,64537,5519901,32922,2716435,31603,2524103,12,279363,29251,1395286,0.160374,34986,2204769,0.253415,29392,3600055,0.413789,8700223
1,2021-04-20,85732,5605633,42622,2759057,43090,2567193,20,279383,40693,1391429,0.15993,44773,2249542,0.258561,40916,3640971,0.418492,8700223
1,2021-04-21,91856,5697489,46822,2805879,44940,2612133,94,279477,41233,1382808,0.158939,50157,2299699,0.264326,41536,3682507,0.423266,8700223
1,2021-04-22,94315,5791804,48583,2854462,45716,2657849,16,279493,43444,1376043,0.158162,50442,2350141,0.270124,43677,3726184,0.428286,8700223
1,2021-04-23,98042,5889846,50322,2904784,47695,2705544,25,279518,46588,1371851,0.15768,51026,2401167,0.275989,46834,3773018,0.433669,8700223
1,2021-04-24,74750,5964596,46365,2951149,28362,2733906,23,279541,42473,1382470,0.158901,32133,2433300,0.279682,42752,3815770,0.438583,8700223
1,2021-04-25,26879,5991475,17127,2968276,9742,2743648,10,279551,15422,1386671,0.159383,11364,2444664,0.280989,15565,3831335,0.440372,8700223
1,2021-04-26,64640,6056115,33688,3001964,30552,2774200,400,279951,31022,1385076,0.1592,33358,2478022,0.284823,31763,3863098,0.444023,8700223
1,2021-04-27,78692,6134807,41775,3043739,35662,2809862,1255,281206,34019,1376263,0.158187,44428,2522450,0.289929,35615,3898713,0.448116,8700223
1,2021-04-28,78747,6213554,41449,3085188,35815,2845677,1483,282689,34774,1369056,0.157359,43693,2566143,0.294951,36486,3935199,0.45231,8700223
1,2021-04-29,80873,6294427,44275,3129463,35026,2880703,1572,284261,32738,1355677,0.155821,47850,2613993,0.300451,34471,3969670,0.456272,8700223
1,2021-04-30,88282,6382709,47763,3177226,38709,2919412,1810,286071,36680,1342998,0.154364,51337,2665330,0.306352,38658,4008328,0.460716,8700223
1,2021-05-01,61780,6444489,39977,3217203,20433,2939845,1370,287441,26011,1335010,0.153445,35598,2700928,0.310444,27610,4035938,0.463889,8700223
1,2021-05-02,23167,6467656,16375,3233578,6231,2946076,561,288002,9427,1331389,0.153029,13640,2714568,0.312011,10019,4045957,0.465041,8700223
1,2021-05-03,54374,6522030,30168,3263746,22429,2968505,1777,289779,19826,1318700,0.151571,34348,2748916,0.315959,21659,4067616,0.46753,8700223
1,2021-05-04,72198,6594228,41292,3305038,28872,2997377,2034,291813,25871,1300616,0.149492,46079,2794995,0.321256,27995,4095611,0.470748,8700223
1,2021-05-05,74068,6668296,42570,3347608,29257,3026634,2241,294054,25165,1279477,0.147063,48618,2843613,0.326844,27479,4123090,0.473906,8700223
1,2021-05-06,75861,6744157,45449,3393057,28252,3054886,2160,296214,23862,1253985,0.144133,51674,2895287,0.332783,26182,4149272,0.476916,8700223
1,2021-05-07,79327,6823484,45099,3438156,32088,3086974,2140,298354,26622,1230472,0.14143,52337,2947624,0.338799,28824,4178096,0.480229,8700223
1,2021-05-08,54099,6877583,33795,3471951,18766,3105740,1538,299892,18270,1214820,0.139631,35553,2983177,0.342885,19901,4197997,0.482516,8700223
1,2021-05-09,17661,6895244,12558,3484509,4628,3110368,475,300367,5469,1208680,0.138925,12120,2995297,0.344278,5980,4203977,0.483203,8700223
1,2021-05-10,41876,6937120,20987,3505496,19133,3129501,1756,302123,14094,1197021,0.137585,27601,3022898,0.347451,15942,4219919,0.485036,8700223
1,2021-05-11,59354,6996474,31725,3537221,25529,3155030,2100,304223,19410,1178951,0.135508,39705,3062603,0.352014,21635,4241554,0.487522,8700223
1,2021-05-12,59886,7056360,31667,3568888,26230,3181260,1989,306212,20167,1161738,0.13353,39442,3102045,0.356548,22229,4263783,0.490077,8700223
1,2021-05-13,63260,7119620,36864,3605752,24480,3205740,1916,308128,24251,1149501,0.132123,38687,3140732,0.360994,26450,4290233,0.493118,8700223
1,2021-05-14,73212,7192832,44000,3649752,26900,3232640,2312,310440,29774,1138768,0.13089,43122,3183854,0.365951,32389,4322622,0.49684,8700223
1,2021-05-15,63154,7255986,41726,3691478,19746,3252386,1682,312122,24990,1127588,0.129604,37933,3221787,0.370311,26753,4349375,0.499915,8700223
1,2021-05-16,23963,7279949,17480,3708958,5872,3258258,611,312733,9658,1123690,0.129156,14208,3235995,0.371944,10310,4359685,0.5011,8700223
1,2021-05-17,53067,7333016,32642,3741600,18716,3276974,1709,314442,23045,1118711,0.128584,29794,3265789,0.375368,24815,4384500,0.503953,8700223
1,2021-05-18,63549,7396565,38391,3779991,23390,3300364,1768,316210,28166,1113616,0.127999,35131,3300920,0.379406,30036,4414536,0.507405,8700223
1,2021-05-19,65372,7461937,39854,3819845,23606,3323970,1912,318122,29991,1110476,0.127638,35132,3336052,0.383444,31992,4446528,0.511082,8700223
1,2021-05-20,62850,7524787,36499,3856344,24203,3348173,2148,320270,26536,1103370,0.126821,36024,3372076,0.387585,28918,4475446,0.514406,8700223
1,2021-05-21,68753,7593540,41074,3897418,25845,3374018,1834,322104,29157,1095246,0.125887,39240,3411316,0.392095,31116,4506562,0.517982,8700223
1,2021-05-22,54710,7648250,36136,3933554,16907,3390925,1667,323771,23952,1090454,0.125336,30534,3441850,0.395605,25742,4532304,0.520941,8700223
1,2021-05-23,19361,7667611,13473,3947027,5311,3396236,577,324348,9156,1090106,0.125296,10116,3451966,0.396768,9768,4542072,0.522064,8700223
1,2021-05-24,42158,7709769,23257,3970284,17100,3413336,1801,326149,17145,1084340,0.124634,24798,3476764,0.399618,19032,4561104,0.524251,8700223
1,2021-05-25,50081,7759850,28977,3999261,19470,3432806,1634,327783,21182,1078601,0.123974,28654,3505418,0.402911,22915,4584019,0.526885,8700223
1,2021-05-26,47563,7807413,27005,4026266,18718,3451524,1840,329623,20605,1074436,0.123495,26676,3532094,0.405977,22511,4606530,0.529473,8700223
1,2021-05-27,46366,7853779,26108,4052374,18380,3469904,1878,331501,20566,1071456,0.123153,25539,3557633,0.408913,22559,4629089,0.532066,8700223
1,2021-05-28,51309,7905088,28652,4081026,20912,3490816,1745,333246,23397,1069110,0.122883,27626,3585259,0.412088,25280,4654369,0.534971,8700223
1,2021-05-29,30012,7935100,18215,4099241,10871,3501687,926,334172,14642,1069531,0.122931,15219,3600478,0.413837,15640,4670009,0.536769,8700223
1,2021-05-30,11522,7946622,7456,4106697,3525,3505212,541,334713,5630,1069905,0.122974,5827,3606305,0.414507,6201,4676210,0.537482,8700223
1,2021-05-31,5648,7952270,3227,4109924,2170,3507382,251,334964,1983,1068535,0.122817,3617,3609922,0.414923,2247,4678457,0.53774,8700223
1,2021-06-01,45007,7997277,25485,4135409,18028,3525410,1494,336458,18009,1061429,0.122,26703,3636625,0.417992,19597,4698054,0.539992,8700223
1,2021-06-02,39280,8036557,22944,4158353,14878,3540288,1458,337916,16433,1056838,0.121473,22572,3659197,0.420587,17981,4716035,0.542059,8700223
1,2021-06-03,40655,8077212,25538,4183891,13494,3553782,1623,339539,16269,1050703,0.120767,24108,3683305,0.423358,17973,4734008,0.544125,8700223
1,2021-06-04,48917,8126129,31517,4215408,15712,3569494,1688,341227,18389,1040638,0.11961,30236,3713541,0.426833,20171,4754179,0.546443,8700223
1,2021-06-05,38977,8165106,26920,4242328,10509,3580003,1548,342775,14532,1032533,0.118679,24254,3737795,0.429621,16149,4770328,0.5483,8700223
1,2021-06-06,12726,8177832,10184,4252512,2057,3582060,485,343260,4688,1029805,0.118365,7971,3745766,0.430537,5243,4775571,0.548902,8700223
1,2021-06-07,33242,8211074,23005,4275517,8932,3590992,1305,344565,12034,1022187,0.11749,21026,3766792,0.432954,13408,4788979,0.550443,8700223
1,2021-06-08,40821,8251895,28330,4303847,10965,3601957,1526,346091,14460,1012158,0.116337,26135,3792927,0.435957,16106,4805085,0.552294,8700223
1,2021-06-09,34331,8286226,24154,4328001,8834,3610791,1343,347434,10719,1000905,0.115044,23381,3816308,0.438645,12128,4817213,0.553688,8700223
1,2021-06-10,21350,8307576,14833,4342834,5461,3616252,1056,348490,6994,994799,0.114342,14224,3830532,0.44028,8118,4825331,0.554622,8700223
2,2020-12-15,238,238,238,238,0,0,0,0,238,238,2.8e-05,0,0,0.0,238,238,2.8e-05,8407551
2,2020-12-16,2078,2316,2078,2316,0,0,0,0,2077,2315,0.000275,0,0,0.0,2077,2315,0.000275,8407551
2,2020-12-17,6828,9144,6828,9144,0,0,0,0,6829,9144,0.001088,0,0,0.0,6829,9144,0.001088,8407551
2,2020-12-18,10937,20081,10918,20062,19,19,0,0,10939,20083,0.002389,0,0,0.0,10939,20083,0.002389,8407551
2,2020-12-19,5592,25673,5586,25648,6,25,0,0,5593,25676,0.003054,0,0,0.0,5593,25676,0.003054,8407551
2,2020-12-20,4215,29888,4207,29855,8,33,0,0,4211,29887,0.003555,0,0,0.0,4211,29887,0.003555,8407551
2,2020-12-21,12769,42657,12744,42599,25,58,0,0,12724,42611,0.005068,0,0,0.0,12724,42611,0.005068,8407551
2,2020-12-22,12120,54777,11609,54208,511,569,0,0,12119,54730,0.00651,0,0,0.0,12119,54730,0.00651,8407551
2,2020-12-23,11709,66486,9493,63701,2216,2785,0,0,11712,66442,0.007903,1,1,0.0,11713,66443,0.007903,8407551
2,2020-12-24,5863,72349,3497,67198,2366,5151,0,0,5860,72302,0.0086,2,3,0.0,5862,72305,0.0086,8407551
2,2020-12-25,479,72828,401,67599,78,5229,0,0,480,72782,0.008657,0,3,0.0,480,72785,0.008657,8407551
2,2020-12-26,2565,75393,1670,69269,895,6124,0,0,2566,75347,0.008962,1,4,0.0,2566,75351,0.008962,8407551
2,2020-12-27,2225,77618,1209,70478,1016,7140,0,0,2223,77569,0.009226,1,5,1e-06,2223,77574,0.009227,8407551
2,2020-12-28,10988,88606,7150,77628,3838,10978,0,0,10988,88556,0.010533,1,6,1e-06,10988,88562,0.010534,8407551
2,2020-12-29,12685,101291,7146,84774,5539,16517,0,0,12690,101246,0.012042,0,6,1e-06,12690,101252,0.012043,8407551
2,2020-12-30,15371,116662,8643,93417,6728,23245,0,0,15386,116631,0.013872,3,9,1e-06,15388,116640,0.013873,8407551
2,2020-12-31,7542,124204,2822,96239,4720,27965,0,0,7539,124169,0.014769,1,10,1e-06,7539,124179,0.01477,8407551
2,2021-01-01,1158,125362,558,96797,600,28565,0,0,1157,125324,0.014906,2,12,1e-06,1157,125336,0.014908,8407551
2,2021-01-02,4829,130191,2753,99550,2076,30641,0,0,4827,130151,0.01548,0,12,1e-06,4827,130163,0.015482,8407551
2,2021-01-03,1382,131573,790,100340,592,31233,0,0,1376,131523,0.015643,4,16,2e-06,1376,131539,0.015645,8407551
2,2021-01-04,11632,143205,5562,105902,6070,37303,0,0,11616,143131,0.017024,8,24,3e-06,11616,143155,0.017027,8407551
2,2021-01-05,13835,157040,6899,112801,6936,44239,0,0,12647,154627,0.018391,1182,1206,0.000143,12678,155833,0.018535,8407551
2,2021-01-06,18957,175997,10459,123260,8498,52737,0,0,15209,166145,0.019761,3700,4906,0.000584,15218,171051,0.020345,8407551
2,2021-01-07,22954,198951,12888,136148,10066,62803,0,0,15538,174268,0.020728,7429,12335,0.001467,15552,186603,0.022195,8407551
2,2021-01-08,26429,225380,15994,152142,10435,73238,0,0,16319,180535,0.021473,10074,22409,0.002665,16341,202944,0.024138,8407551
2,2021-01-09,9756,235136,5673,157815,4083,77321,0,0,6253,183281,0.0218,3517,25926,0.003084,6263,209207,0.024883,8407551
2,2021-01-10,5259,240395,2920,160735,2339,79660,0,0,3043,184098,0.021897,2232,28158,0.003349,3049,212256,0.025246,8407551
2,2021-01-11,25940,266335,17816,178551,8124,87784,0,0,14995,188167,0.022381,10975,39133,0.004655,15044,227300,0.027035,8407551
2,2021-01-12,26163,292498,16275,194826,9888,97672,0,0,16634,195327,0.023232,9551,48684,0.005791,16711,244011,0.029023,8407551
2,2021-01-13,28458,320956,15092,209918,13366,111038,0,0,20513,207930,0.024731,7938,56622,0.006735,20541,264552,0.031466,8407551
2,2021-01-14,30236,351192,11516,221434,18720,129758,0,0,26025,229781,0.02733,4232,60854,0.007238,26083,290635,0.034568,8407551
2,2021-01-15,34991,386183,12729,234163,22262,152020,0,0,31732,258327,0.030726,3263,64117,0.007626,31809,322444,0.038352,8407551
2,2021-01-16,17783,403966,5788,239951,11995,164015,0,0,16464,273460,0.032526,1345,65462,0.007786,16478,338922,0.040312,8407551
2,2021-01-17,10599,414565,3585,243536,7014,171029,0,0,9886,282616,0.033615,738,66200,0.007874,9894,348816,0.041488,8407551
2,2021-01-18,19658,434223,11001,254537,8657,179686,0,0,14880,292757,0.034821,4795,70995,0.008444,14936,363752,0.043265,8407551
2,2021-01-19,32418,466641,16924,271461,15494,195180,0,0,24463,309378,0.036798,7960,78955,0.009391,24581,388333,0.046189,8407551
2,2021-01-20,37111,503752,18579,290040,18532,213712,0,0,28492,329389,0.039178,8597,87552,0.010413,28608,416941,0.049591,8407551
2,2021-01-21,40542,544294,17147,307187,23395,237107,0,0,36111,361259,0.042968,4406,91958,0.010938,36276,453217,0.053906,8407551
2,2021-01-22,39281,583575,16412,323599,22869,259976,0,0,35975,393968,0.046859,3304,95262,0.011331,36013,489230,0.058189,8407551
2,2021-01-23,24060,607635,10817,334416,13243,273219,0,0,21118,412195,0.049027,2919,98181,0.011678,21146,510376,0.060704,8407551
2,2021-01-24,12427,620062,6148,340564,6279,279498,0,0,11514,422820,0.050291,900,99081,0.011785,11525,521901,0.062075,8407551
2,2021-01-25,33819,653881,15629,356193,18190,297688,0,0,25060,439309,0.052252,8705,107786,0.01282,25194,547095,0.065072,8407551
2,2021-01-26,40226,694107,19835,376028,20391,318079,0,0,31250,461697,0.054915,8955,116741,0.013885,31343,578438,0.0688,8407551
2,2021-01-27,45542,739649,22807,398835,22735,340814,0,0,35480,487297,0.057959,9947,126688,0.015068,35547,613985,0.073028,8407551
2,2021-01-28,47955,787604,22593,421428,25362,366176,0,0,39360,518204,0.061636,8533,135221,0.016083,39440,653425,0.077719,8407551
2,2021-01-29,45480,833084,22179,443607,23301,389477,0,0,36885,546672,0.065022,8490,143711,0.017093,36958,690383,0.082115,8407551
2,2021-01-30,31290,864374,13598,457205,17692,407169,0,0,27979,571414,0.067964,3271,146982,0.017482,28013,718396,0.085447,8407551
2,2021-01-31,17253,881627,10350,467555,6903,414072,0,0,16094,586384,0.069745,1143,148125,0.017618,16113,734509,0.087363,8407551
2,2021-02-01,40890,922517,19778,487333,21112,435184,0,0,30124,605821,0.072057,10727,158852,0.018894,30164,764673,0.090951,8407551
2,2021-02-02,47548,970065,19354,506687,28194,463378,0,0,36245,630927,0.075043,11234,170086,0.02023,36340,801013,0.095273,8407551
2,2021-02-03,53846,1023911,23953,530640,29893,493271,0,0,39853,656973,0.078141,13898,183984,0.021883,39944,840957,0.100024,8407551
2,2021-02-04,55844,1079755,24158,554798,31686,524957,0,0,40865,683046,0.081242,14887,198871,0.023654,40960,881917,0.104896,8407551
2,2021-02-05,59561,1139316,26243,581041,33318,558275,0,0,40337,704503,0.083794,19051,217922,0.02592,40508,922425,0.109714,8407551
2,2021-02-06,38891,1178207,18171,599212,20720,578995,0,0,31141,728053,0.086595,7680,225602,0.026833,31230,953655,0.113428,8407551
2,2021-02-07,15759,1193966,10505,609717,5254,584249,0,0,11968,736320,0.087578,3767,229369,0.027281,12034,965689,0.11486,8407551
2,2021-02-08,43042,1237008,22060,631777,20982,605231,0,0,29585,752786,0.089537,13323,242692,0.028866,29789,995478,0.118403,8407551
2,2021-02-09,49220,1286228,23369,655146,25851,631082,0,0,30642,765401,0.091037,18354,261046,0.031049,30969,1026447,0.122086,8407551
2,2021-02-10,59266,1345494,27923,683069,31343,662425,0,0,34564,775886,0.092284,24435,285481,0.033955,34920,1061367,0.12624,8407551
2,2021-02-11,63804,1409298,29495,712564,34309,696734,0,0,35933,784714,0.093334,27595,313076,0.037237,36423,1097790,0.130572,8407551
2,2021-02-12,64914,1474212,28042,740606,36872,733606,0,0,34653,790030,0.093967,29993,343069,0.040805,35309,1133099,0.134772,8407551
2,2021-02-13,37591,1511803,15750,756356,21841,755447,0,0,21781,796458,0.094731,15730,358799,0.042676,22158,1155257,0.137407,8407551
2,2021-02-14,19893,1531696,9299,765655,10594,766041,0,0,11173,799310,0.09507,8678,367477,0.043708,11530,1166787,0.138778,8407551
2,2021-02-15,32919,1564615,14876,780531,18043,784084,0,0,18300,803958,0.095623,14504,381981,0.045433,19152,1185939,0.141056,8407551
2,2021-02-16,55887,1620502,27545,808076,28342,812426,0,0,29505,807841,0.096085,26296,408277,0.048561,30179,1216118,0.144646,8407551
2,2021-02-17,61213,1681715,31537,839613,29676,842102,0,0,30556,808621,0.096178,30599,438876,0.0522,31379,1247497,0.148378,8407551
2,2021-02-18,65762,1747477,33294,872907,32468,874570,0,0,32164,808546,0.096169,33379,472255,0.05617,33304,1280801,0.152339,8407551
2,2021-02-19,58816,1806293,32725,905632,26091,900661,0,0,29297,809077,0.096232,29369,501624,0.059664,29900,1310701,0.155896,8407551
2,2021-02-20,37049,1843342,24171,929803,12878,913539,0,0,20250,813289,0.096733,16720,518344,0.061652,20932,1331633,0.158385,8407551
2,2021-02-21,20635,1863977,17173,946976,3462,917001,0,0,9989,813509,0.096759,10574,528918,0.06291,10794,1342427,0.159669,8407551
2,2021-02-22,37489,1901466,25632,972608,11857,928858,0,0,17988,812764,0.096671,19411,548329,0.065219,18666,1361093,0.161889,8407551
2,2021-02-23,51601,1953067,26393,999001,25208,954066,0,0,22849,808939,0.096216,28569,576898,0.068617,24744,1385837,0.164832,8407551
2,2021-02-24,68366,2021433,35198,1034199,33168,987234,0,0,31606,806282,0.0959,36623,613521,0.072973,33966,1419803,0.168872,8407551
2,2021-02-25,74135,2095568,34983,1069182,39152,1026386,0,0,37843,810849,0.096443,36082,649603,0.077264,40649,1460452,0.173707,8407551
2,2021-02-26,82460,2178028,35192,1104374,47268,1073654,0,0,44710,820260,0.097562,37496,687099,0.081724,46907,1507359,0.179286,8407551
2,2021-02-27,60147,2238175,27848,1132222,32292,1105946,7,7,32920,827479,0.098421,27034,714133,0.084939,34253,1541612,0.18336,8407551
2,2021-02-28,29613,2267788,17803,1150025,11809,1117755,1,8,17506,833807,0.099174,12009,726142,0.086368,18337,1559949,0.185541,8407551
2,2021-03-01,56419,2324207,29724,1179749,26667,1144422,28,36,30967,840779,0.100003,25216,751358,0.089367,32188,1592137,0.18937,8407551
2,2021-03-02,67578,2391785,32571,1212320,35001,1179423,6,42,38331,852347,0.101379,29113,780471,0.09283,40681,1632818,0.194209,8407551
2,2021-03-03,78986,2470771,38182,1250502,40793,1220216,11,53,44644,865393,0.10293,34170,814641,0.096894,47216,1680034,0.199824,8407551
2,2021-03-04,86927,2557698,42885,1293387,44013,1264229,29,82,50278,881616,0.10486,36462,851103,0.101231,52685,1732719,0.206091,8407551
2,2021-03-05,80370,2638068,38126,1331513,41943,1306172,301,383,49452,903013,0.107405,30734,881837,0.104886,52131,1784850,0.212291,8407551
2,2021-03-06,62472,2700540,30547,1362060,30238,1336410,1687,2070,38534,920846,0.109526,23833,905670,0.107721,41666,1826516,0.217247,8407551
2,2021-03-07,27507,2728047,16109,1378169,10427,1346837,971,3041,17769,931017,0.110736,9682,915352,0.108873,19853,1846369,0.219608,8407551
2,2021-03-08,49714,2777761,22882,1401051,24375,1371212,2457,5498,31506,948511,0.112817,18115,933467,0.111027,35609,1881978,0.223844,8407551
2,2021-03-09,69388,2847149,31796,1432847,33824,1405036,3768,9266,38700,961764,0.114393,30576,964043,0.114664,43829,1925807,0.229057,8407551
2,2021-03-10,77272,2924421,36735,1469582,33998,1439034,6539,15805,41259,975081,0.115977,35838,999881,0.118927,49155,1974962,0.234903,8407551
2,2021-03-11,92129,3016550,42552,1512134,41249,1480283,8328,24133,48427,989812,0.117729,43439,1043320,0.124093,58170,2033132,0.241822,8407551
2,2021-03-12,93127,3109677,38434,1550568,42717,1523000,11976,36109,46695,1003707,0.119382,46236,1089556,0.129593,60131,2093263,0.248974,8407551
2,2021-03-13,68317,3177994,28800,1579368,31589,1554589,7928,44037,37676,1020104,0.121332,30526,1120082,0.133223,46923,2140186,0.254555,8407551
2,2021-03-14,36531,3214525,18249,1597617,13760,1568349,4522,48559,18627,1026194,0.122056,17821,1137903,0.135343,23911,2164097,0.257399,8407551
2,2021-03-15,66855,3281380,30217,1627834,31623,1599972,5015,53574,37086,1039818,0.123677,29587,1167490,0.138862,43211,2207308,0.262539,8407551
2,2021-03-16,85709,3367089,37966,1665800,43764,1643736,3979,57553,52255,1063886,0.126539,33296,1200786,0.142822,57364,2264672,0.269362,8407551
2,2021-03-17,91788,3458877,44024,1709824,43631,1687367,4133,61686,58542,1094399,0.130169,33017,1233803,0.146749,63530,2328202,0.276918,8407551
2,2021-03-18,97002,3555879,46336,1756160,46187,1733554,4479,66165,59575,1121864,0.133435,37155,1270958,0.151169,64620,2392822,0.284604,8407551
2,2021-03-19,96773,3652652,45734,1801894,44923,1778477,6116,72281,57839,1147660,0.136503,38673,1309631,0.155768,64469,2457291,0.292272,8407551
2,2021-03-20,69341,3721993,33561,1835455,31858,1810335,3922,76203,45643,1174085,0.139646,23490,1333121,0.158562,49915,2507206,0.298209,8407551
2,2021-03-21,32970,3754963,21341,1856796,9651,1819986,1978,78181,20405,1184436,0.140878,12455,1345576,0.160044,22806,2530012,0.300921,8407551
2,2021-03-22,62291,3817254,34188,1890984,25463,1845449,2640,80821,41538,1208963,0.143795,20548,1366124,0.162488,45075,2575087,0.306283,8407551
2,2021-03-23,82992,3900246,44067,1935051,36026,1881475,2899,83720,52200,1234351,0.146815,30551,1396675,0.166122,55939,2631026,0.312936,8407551
2,2021-03-24,91045,3991291,49009,1984060,38884,1920359,3152,86872,54019,1255596,0.149341,36745,1433420,0.170492,57990,2689016,0.319833,8407551
2,2021-03-25,100636,4091927,50794,2034854,45961,1966320,3881,90753,57416,1274741,0.151619,42922,1476342,0.175597,62067,2751083,0.327216,8407551
2,2021-03-26,102806,4194733,51114,2085968,48216,2014536,3476,94229,56728,1290259,0.153464,45748,1522090,0.181038,61266,2812349,0.334503,8407551
2,2021-03-27,75037,4269770,37499,2123467,34246,2048782,3292,97521,37938,1295464,0.154083,36888,1558978,0.185426,42093,2854442,0.339509,8407551
2,2021-03-28,37443,4307213,23128,2146595,13509,2062291,806,98327,20302,1300272,0.154655,17028,1576006,0.187451,21836,2876278,0.342107,8407551
2,2021-03-29,70792,4378005,36081,2182676,32455,2094746,2256,100583,40594,1314004,0.156289,30029,1606035,0.191023,43761,2920039,0.347311,8407551
2,2021-03-30,91418,4469423,44779,2227455,42303,2137049,4336,104919,51680,1331075,0.158319,39550,1645585,0.195727,56621,2976660,0.354046,8407551
2,2021-03-31,100746,4570169,51997,2279452,43675,2180724,5074,109993,57785,1351598,0.16076,42692,1688277,0.200805,63215,3039875,0.361565,8407551
2,2021-04-01,116963,4687132,56570,2336022,51250,2231974,9143,119136,64188,1372933,0.163298,52456,1740733,0.207044,73791,3113666,0.370342,8407551
2,2021-04-02,111119,4798251,51311,2387333,49713,2281687,10095,129231,60134,1392999,0.165684,50645,1791378,0.213068,70711,3184377,0.378752,8407551
2,2021-04-03,76414,4874665,37479,2424812,29173,2310860,9762,138993,38062,1403061,0.166881,38167,1829545,0.217607,48229,3232606,0.384488,8407551
2,2021-04-04,28980,4903645,14895,2439707,10245,2321105,3840,142833,13095,1404238,0.167021,15802,1845347,0.219487,16979,3249585,0.386508,8407551
2,2021-04-05,78652,4982297,38626,2478333,31303,2352408,8723,151556,38358,1411939,0.167937,40150,1885497,0.224262,47851,3297436,0.392199,8407551
2,2021-04-06,103331,5085628,50357,2528690,38313,2390721,14661,166217,49258,1422460,0.169188,53836,1939333,0.230666,64357,3361793,0.399854,8407551
2,2021-04-07,109945,5195573,54889,2583579,38895,2429616,16161,182378,52106,1433453,0.170496,57585,1996918,0.237515,68578,3430371,0.408011,8407551
2,2021-04-08,118862,5314435,57222,2640801,43002,2472618,18638,201016,55397,1444966,0.171865,63167,2060085,0.245028,74680,3505051,0.416893,8407551
2,2021-04-09,118170,5432605,56895,2697696,43271,2515889,18004,219020,56070,1458202,0.17344,61760,2121845,0.252374,74996,3580047,0.425813,8407551
2,2021-04-10,86831,5519436,37606,2735302,30941,2546830,18284,237304,36055,1462702,0.173975,50538,2172383,0.258385,55038,3635085,0.43236,8407551
2,2021-04-11,44221,5563657,22925,2758227,12784,2559614,8512,245816,18119,1464099,0.174141,25977,2198360,0.261474,27374,3662459,0.435615,8407551
2,2021-04-12,79532,5643189,37060,2795287,33150,2592764,9322,255138,35733,1466656,0.174445,43556,2241916,0.266655,46113,3708572,0.4411,8407551
2,2021-04-13,101308,5744497,52509,2847796,48541,2641305,258,255396,55693,1478204,0.175819,45394,2287310,0.272054,56942,3765514,0.447873,8407551
2,2021-04-14,106013,5850510,55471,2903267,50492,2691797,50,255446,54604,1483285,0.176423,51156,2338466,0.278139,56237,3821751,0.454562,8407551
2,2021-04-15,112425,5962935,59725,2962992,52627,2744424,73,255519,59210,1490882,0.177327,52884,2391350,0.284429,60481,3882232,0.461755,8407551
2,2021-04-16,109169,6072104,56678,3019670,52441,2796865,50,255569,55626,1494146,0.177715,53270,2444620,0.290765,56534,3938766,0.46848,8407551
2,2021-04-17,82140,6154244,41753,3061423,40370,2837235,17,255586,46103,1505301,0.179042,35831,2480451,0.295027,46986,3985752,0.474068,8407551
2,2021-04-18,34035,6188279,20377,3081800,13652,2850887,6,255592,16288,1504937,0.178998,17632,2498083,0.297124,17268,4003020,0.476122,8407551
2,2021-04-19,73614,6261893,39715,3121515,33887,2884774,12,255604,33755,1499686,0.178374,39635,2537718,0.301838,34384,4037404,0.480212,8407551
2,2021-04-20,94847,6356740,47352,3168867,47470,2932244,25,255629,46282,1498452,0.178227,48279,2585997,0.30758,47045,4084449,0.485807,8407551
2,2021-04-21,99162,6455902,52526,3221393,46580,2978824,56,255685,47029,1494634,0.177773,51785,2637782,0.31374,47967,4132416,0.491512,8407551
2,2021-04-22,105425,6561327,53999,3275392,51405,3030229,21,255706,46282,1483000,0.176389,58816,2696598,0.320735,47182,4179598,0.497124,8407551
2,2021-04-23,104705,6666032,55164,3330556,49524,3079753,17,255723,48452,1476485,0.175614,55905,2752503,0.327385,49390,4228988,0.502999,8407551
2,2021-04-24,79476,6745508,46952,3377508,32485,3112238,39,255762,41570,1481418,0.176201,37602,2790105,0.331857,42535,4271523,0.508058,8407551
2,2021-04-25,35989,6781497,22248,3399756,13727,3125965,14,255776,19679,1485377,0.176672,16195,2806300,0.333783,20154,4291677,0.510455,8407551
2,2021-04-26,72345,6853842,39835,3439591,32218,3158183,292,256068,33438,1481901,0.176258,38678,2844978,0.338384,35202,4326879,0.514642,8407551
2,2021-04-27,86269,6940111,45136,3484727,39795,3197978,1338,257406,37060,1472644,0.175157,48893,2893871,0.344199,39636,4366515,0.519356,8407551
2,2021-04-28,85939,7026050,45496,3530223,38596,3236574,1847,259253,37974,1465665,0.174327,47690,2941561,0.349871,40711,4407226,0.524199,8407551
2,2021-04-29,88575,7114625,47774,3577997,39115,3275689,1686,260939,34368,1448428,0.172277,53887,2995448,0.356281,36650,4443876,0.528558,8407551
2,2021-04-30,92056,7206681,50633,3628630,39460,3315149,1963,262902,35595,1430553,0.170151,56080,3051528,0.362951,38205,4482081,0.533102,8407551
2,2021-05-01,61426,7268107,37587,3666217,22288,3337437,1551,264453,23927,1419639,0.168853,37233,3088761,0.367379,26319,4508400,0.536232,8407551
2,2021-05-02,29034,7297141,20130,3686347,7932,3345369,972,265425,11056,1413896,0.16817,17860,3106621,0.369504,12117,4520517,0.537673,8407551
2,2021-05-03,59513,7356654,35263,3721610,22218,3367587,2032,267457,20026,1396961,0.166156,39253,3145874,0.374172,22318,4542835,0.540328,8407551
2,2021-05-04,77777,7434431,46082,3767692,29333,3396920,2362,269819,25404,1373050,0.163312,52073,3197947,0.380366,28162,4570997,0.543678,8407551
2,2021-05-05,78034,7512465,46077,3813769,29621,3426541,2336,272155,24434,1346900,0.160201,53261,3251208,0.386701,27111,4598108,0.546902,8407551
2,2021-05-06,80528,7592993,48416,3862185,29210,3455751,2902,275057,24680,1319672,0.156963,55441,3306649,0.393295,28213,4626321,0.550258,8407551
2,2021-05-07,81431,7674424,46831,3909016,32187,3487938,2413,277470,25099,1291627,0.153627,56001,3362650,0.399956,27956,4654277,0.553583,8407551
2,2021-05-08,53112,7727536,32069,3941085,19391,3507329,1652,279122,16720,1274530,0.151593,36186,3398836,0.40426,19089,4673366,0.555853,8407551
2,2021-05-09,21289,7748825,15284,3956369,5267,3512596,738,279860,6387,1267061,0.150705,14824,3413660,0.406023,7355,4680721,0.556728,8407551
2,2021-05-10,48724,7797549,26403,3982772,20480,3533076,1841,281701,13931,1248902,0.148545,34540,3448200,0.410131,16381,4697102,0.558677,8407551
2,2021-05-11,63301,7860850,33569,4016341,27650,3560726,2082,283783,19216,1227057,0.145947,43828,3492028,0.415344,21983,4719085,0.561291,8407551
2,2021-05-12,63109,7923959,33498,4049839,27441,3588167,2170,285953,19355,1205489,0.143382,43495,3535523,0.420518,21927,4741012,0.563899,8407551
2,2021-05-13,68026,7991985,39578,4089417,26548,3614715,1900,287853,25341,1191022,0.141661,42444,3577967,0.425566,27977,4768989,0.567227,8407551
2,2021-05-14,77148,8069133,46007,4135424,28936,3643651,2205,290058,30079,1177200,0.140017,46758,3624725,0.431127,32936,4801925,0.571144,8407551
2,2021-05-15,64827,8133960,42560,4177984,20575,3664226,1692,291750,25150,1164956,0.138561,39459,3664184,0.435821,27215,4829140,0.574381,8407551
2,2021-05-16,30409,8164369,22598,4200582,6892,3671118,919,292669,12294,1160297,0.138007,18000,3682184,0.437962,13341,4842481,0.575968,8407551
2,2021-05-17,57110,8221479,36250,4236832,18934,3690052,1926,294595,22900,1151477,0.136957,34015,3716199,0.442007,25195,4867676,0.578965,8407551
2,2021-05-18,69062,8290541,40333,4277165,26786,3716838,1943,296538,27909,1140982,0.135709,40909,3757108,0.446873,30414,4898090,0.582582,8407551
2,2021-05-19,67763,8358304,40143,4317308,25659,3742497,1961,298499,27558,1131042,0.134527,39925,3797033,0.451622,29985,4928075,0.586149,8407551
2,2021-05-20,67942,8426246,39383,4356691,26400,3768897,2159,300658,26353,1118936,0.133087,41317,3838350,0.456536,29211,4957286,0.589623,8407551
2,2021-05-21,71230,8497476,42085,4398776,27029,3795926,2116,302774,27863,1106506,0.131609,43070,3881420,0.461659,30640,4987926,0.593267,8407551
2,2021-05-22,52235,8549711,33012,4431788,17511,3813437,1712,304486,21675,1100175,0.130856,30371,3911791,0.465271,24040,5011966,0.596127,8407551
2,2021-05-23,23140,8572851,15742,4447530,6679,3820116,719,305205,9904,1097857,0.13058,13140,3924931,0.466834,10822,5022788,0.597414,8407551
2,2021-05-24,43187,8616038,24238,4471768,17217,3837333,1732,306937,16500,1089941,0.129638,26485,3951416,0.469984,18569,5041357,0.599623,8407551
2,2021-05-25,50148,8666186,29482,4501250,18821,3856154,1845,308782,19404,1081264,0.128606,30460,3981876,0.473607,21783,5063140,0.602213,8407551
2,2021-05-26,48042,8714228,27027,4528277,19372,3875526,1643,310425,19179,1073938,0.127735,28558,4010434,0.477004,21232,5084372,0.604739,8407551
2,2021-05-27,46039,8760267,26081,4554358,18248,3893774,1710,312135,18829,1068016,0.127031,26985,4037419,0.480213,21063,5105435,0.607244,8407551
2,2021-05-28,49168,8809435,27295,4581653,19944,3913718,1929,314064,20946,1063426,0.126485,27986,4065405,0.483542,23396,5128831,0.610027,8407551
2,2021-05-29,28632,8838067,17166,4598819,10431,3924149,1035,315099,13431,1063043,0.126439,15057,4080462,0.485333,14674,5143505,0.611772,8407551
2,2021-05-30,12479,8850546,8041,4606860,3684,3927833,754,315853,5597,1062646,0.126392,6840,4087302,0.486147,6443,5149948,0.612538,8407551
2,2021-05-31,5861,8856407,3427,4610287,2132,3929965,302,316155,1854,1060895,0.126184,3969,4091271,0.486619,2218,5152166,0.612802,8407551
2,2021-06-01,44077,8900484,25443,4635730,17068,3947033,1566,317721,16207,1051491,0.125065,27599,4118870,0.489901,18195,5170361,0.614966,8407551
2,2021-06-02,37665,8938149,22155,4657885,14123,3961156,1387,319108,15215,1046223,0.124438,22211,4141081,0.492543,16943,5187304,0.616982,8407551
2,2021-06-03,40794,8978943,26304,4684189,13055,3974211,1435,320543,14242,1035987,0.123221,26334,4167415,0.495675,16098,5203402,0.618896,8407551
2,2021-06-04,46953,9025896,30626,4714815,14798,3989009,1529,322072,15623,1022637,0.121633,31074,4198489,0.499371,17724,5221126,0.621004,8407551
2,2021-06-05,36848,9062744,26462,4741277,9090,3998099,1296,323368,11843,1011441,0.120302,24808,4223297,0.502322,13612,5234738,0.622623,8407551
2,2021-06-06,14449,9077193,11829,4753106,2041,4000140,579,323947,4885,1007616,0.119847,9512,4232809,0.503453,5687,5240425,0.6233,8407551
2,2021-06-07,32442,9109635,22761,4775867,8418,4008558,1263,325210,10619,998114,0.118716,21692,4254501,0.506033,12190,5252615,0.62475,8407551
2,2021-06-08,39568,9149203,28153,4804020,10095,4018653,1320,326530,12513,985562,0.117223,26848,4281349,0.509227,14296,5266911,0.62645,8407551
2,2021-06-09,29565,9178768,20684,4824704,7692,4026345,1189,327719,8429,974474,0.115905,20994,4302343,0.511724,9906,5276817,0.627628,8407551
2,2021-06-10,18872,9197640,13731,4838435,4274,4030619,867,328586,5425,967765,0.115107,13349,4315692,0.513311,6640,5283457,0.628418,8407551
3,2020-12-15,304,304,304,304,0,0,0,0,304,304,3.7e-05,0,0,0.0,304,304,3.7e-05,8129050
3,2020-12-16,2306,2610,2306,2610,0,0,0,0,2307,2611,0.000321,0,0,0.0,2307,2611,0.000321,8129050
3,2020-12-17,7800,10410,7800,10410,0,0,0,0,7800,10411,0.001281,0,0,0.0,7800,10411,0.001281,8129050
3,2020-12-18,13310,23720,13297,23707,13,13,0,0,13309,23720,0.002918,0,0,0.0,13309,23720,0.002918,8129050
3,2020-12-19,7199,30919,7188,30895,11,24,0,0,7263,30983,0.003811,0,0,0.0,7263,30983,0.003811,8129050
3,2020-12-20,5633,36552,5626,36521,7,31,0,0,5680,36662,0.00451,1,1,0.0,5680,36663,0.00451,8129050
3,2020-12-21,14331,50883,14306,50827,25,56,0,0,14395,51056,0.006281,1,2,0.0,14395,51058,0.006281,8129050
3,2020-12-22,14758,65641,14181,65008,577,633,0,0,14798,65854,0.008101,0,2,0.0,14798,65856,0.008101,8129050
3,2020-12-23,14770,80411,12173,77181,2597,3230,0,0,14796,80650,0.009921,1,3,0.0,14797,80653,0.009922,8129050
3,2020-12-24,6780,87191,4860,82041,1920,5150,0,0,6779,87429,0.010755,0,3,0.0,6779,87432,0.010756,8129050
3,2020-12-25,721,87912,665,82706,56,5206,0,0,720,88149,0.010844,0,3,0.0,720,88152,0.010844,8129050
3,2020-12-26,4606,92518,2993,85699,1613,6819,0,0,4604,92753,0.01141,0,3,0.0,4604,92756,0.01141,8129050
3,2020-12-27,2968,95486,1842,87541,1126,7945,0,0,2968,95721,0.011775,0,3,0.0,2968,95724,0.011776,8129050
3,2020-12-28,13572,109058,8679,96220,4893,12838,0,0,13600,109320,0.013448,1,4,0.0,13600,109324,0.013449,8129050
3,2020-12-29,14979,124037,8441,104661,6538,19376,0,0,15006,124324,0.015294,2,6,1e-06,15006,124330,0.015295,8129050
3,2020-12-30,17986,142023,10013,114674,7973,27349,0,0,17974,142298,0.017505,1,7,1e-06,17975,142305,0.017506,8129050
3,2020-12-31,8422,150445,3231,117905,5191,32540,0,0,8422,150719,0.018541,1,8,1e-06,8422,150727,0.018542,8129050
3,2021-01-01,1272,151717,588,118493,684,33224,0,0,1271,151990,0.018697,0,8,1e-06,1271,151998,0.018698,8129050
3,2021-01-02,4944,156661,2422,120915,2522,35746,0,0,4944,156934,0.019305,0,8,1e-06,4944,156942,0.019306,8129050
3,2021-01-03,1604,158265,843,121758,761,36507,0,0,1593,158522,0.019501,5,13,2e-06,1593,158535,0.019502,8129050
3,2021-01-04,11990,170255,5994,127752,5996,42503,0,0,11937,170425,0.020965,34,47,6e-06,11937,170472,0.020971,8129050
3,2021-01-05,15638,185893,8089,135841,7549,50052,0,0,14026,182876,0.022497,1600,1647,0.000203,14051,184523,0.022699,8129050
3,2021-01-06,20502,206395,10817,146658,9685,59737,0,0,16038,194498,0.023926,4424,6071,0.000747,16046,200569,0.024673,8129050
3,2021-01-07,26437,232832,15097,161755,11340,71077,0,0,17130,202367,0.024894,9278,15349,0.001888,17147,217716,0.026782,8129050
3,2021-01-08,30343,263175,18509,180264,11834,82911,0,0,18032,208139,0.025604,12291,27640,0.0034,18063,235779,0.029004,8129050
3,2021-01-09,12371,275546,6995,187259,5376,88287,0,0,7860,211508,0.026019,4505,32145,0.003954,7874,243653,0.029973,8129050
3,2021-01-10,7171,282717,4456,191715,2715,91002,0,0,4035,212414,0.02613,3134,35279,0.00434,4040,247693,0.03047,8129050
3,2021-01-11,28936,311653,18962,210677,9974,100976,0,0,16340,216209,0.026597,12589,47868,0.005889,16384,264077,0.032486,8129050
3,2021-01-12,32201,343854,19269,229946,12932,113908,0,0,19777,223679,0.027516,12408,60276,0.007415,19878,283955,0.034931,8129050
3,2021-01-13,34335,378189,17934,247880,16401,130309,0,0,24191,237751,0.029247,10145,70421,0.008663,24217,308172,0.03791,8129050
3,2021-01-14,34497,412686,14181,262061,20316,150625,0,0,28623,260565,0.032054,5845,76266,0.009382,28659,336831,0.041435,8129050
3,2021-01-15,38748,451434,14399,276460,24349,174974,0,0,34122,290135,0.035691,4616,80882,0.00995,34186,371017,0.045641,8129050
3,2021-01-16,21658,473092,7498,283958,14160,189134,0,0,19342,307199,0.03779,2302,83184,0.010233,19366,390383,0.048023,8129050
3,2021-01-17,13107,486199,4437,288395,8670,197804,0,0,12073,318258,0.039151,1033,84217,0.01036,12092,402475,0.049511,8129050
3,2021-01-18,24708,510907,12913,301308,11795,209599,0,0,19173,331922,0.040832,5552,89769,0.011043,19216,421691,0.051875,8129050
3,2021-01-19,40827,551734,20865,322173,19962,229561,0,0,31787,354783,0.043644,9014,98783,0.012152,31875,453566,0.055796,8129050
3,2021-01-20,45129,596863,22217,344390,22912,252473,0,0,35816,381422,0.046921,9272,108055,0.013292,35911,489477,0.060213,8129050
3,2021-01-21,47572,644435,20569,364959,27003,279476,0,0,42144,418283,0.051455,5355,113410,0.013951,42216,531693,0.065407,8129050
3,2021-01-22,49540,693975,19753,384712,29787,309263,0,0,45412,459634,0.056542,4131,117541,0.014459,45482,577175,0.071002,8129050
3,2021-01-23,30137,724112,12770,397482,17367,326630,0,0,26868,483294,0.059453,3259,120800,0.01486,26919,604094,0.074313,8129050
3,2021-01-24,17622,741734,8477,405959,9145,335775,0,0,16472,498648,0.061341,1148,121948,0.015002,16502,620596,0.076343,8129050
3,2021-01-25,40662,782396,18166,424125,22496,358271,0,0,30739,519575,0.063916,9904,131852,0.01622,30831,651427,0.080136,8129050
3,2021-01-26,47015,829411,22511,446636,24504,382775,0,0,36972,546628,0.067244,10033,141885,0.017454,37086,688513,0.084698,8129050
3,2021-01-27,51296,880707,24491,471127,26805,409580,0,0,40748,576998,0.07098,10476,152361,0.018743,40846,729359,0.089723,8129050
3,2021-01-28,51577,932284,23975,495102,27602,437182,0,0,42704,610974,0.075159,8792,161153,0.019824,42768,772127,0.094984,8129050
3,2021-01-29,50633,982917,24372,519474,26261,463443,0,0,41056,642694,0.079061,9392,170545,0.02098,41112,813239,0.100041,8129050
3,2021-01-30,36997,1019914,17701,537175,19296,482739,0,0,32286,670416,0.082472,4659,175204,0.021553,32381,845620,0.104024,8129050
3,2021-01-31,22180,1042094,12743,549918,9437,492176,0,0,20824,689912,0.08487,1346,176550,0.021718,20842,866462,0.106588,8129050
3,2021-02-01,45606,1087700,20884,570802,24722,516898,0,0,34892,714168,0.087854,10671,187221,0.023031,34927,901389,0.110885,8129050
3,2021-02-02,54076,1141776,22529,593331,31547,548445,0,0,41713,743654,0.091481,12278,199499,0.024541,41764,943153,0.116023,8129050
3,2021-02-03,59675,1201451,26591,619922,33084,581529,0,0,44403,773014,0.095093,15114,214613,0.026401,44474,987627,0.121494,8129050
3,2021-02-04,64026,1265477,27846,647768,36180,617709,0,0,46987,803262,0.098814,16849,231462,0.028473,47097,1034724,0.127287,8129050
3,2021-02-05,69868,1335345,29703,677471,40165,657874,0,0,48369,830512,0.102166,21285,252747,0.031092,48535,1083259,0.133258,8129050
3,2021-02-06,43396,1378741,21082,698553,22314,680188,0,0,33749,854827,0.105157,9616,262363,0.032275,33931,1117190,0.137432,8129050
3,2021-02-07,19582,1398323,12443,710996,7139,687327,0,0,15071,865527,0.106473,4497,266860,0.032828,15197,1132387,0.139301,8129050
3,2021-02-08,51159,1449482,24793,735789,26366,713693,0,0,33626,881905,0.108488,17432,284292,0.034972,33810,1166197,0.14346,8129050
3,2021-02-09,58264,1507746,28414,764203,29850,743543,0,0,34236,892635,0.109808,23854,308146,0.037907,34584,1200781,0.147715,8129050
3,2021-02-10,67665,1575411,31534,795737,36131,779674,0,0,36695,899111,0.110605,30748,338894,0.041689,37224,1238005,0.152294,8129050
3,2021-02-11,70308,1645719,34731,830468,35577,815251,0,0,37722,905120,0.111344,32247,371141,0.045656,38256,1276261,0.157,8129050
3,2021-02-12,75074,1720793,32517,862985,42557,857808,0,0,41549,914207,0.112462,33233,404374,0.049744,42320,1318581,0.162206,8129050
3,2021-02-13,44557,1765350,20275,883260,24282,882090,0,0,25730,921788,0.113394,18730,423104,0.052048,26311,1344892,0.165443,8129050
3,2021-02-14,27088,1792438,13526,896786,13562,895652,0,0,15115,925427,0.113842,11924,435028,0.053515,15563,1360455,0.167357,8129050
3,2021-02-15,39835,1832273,17174,913960,22661,918313,0,0,22092,930796,0.114502,17658,452686,0.055687,23027,1383482,0.17019,8129050
3,2021-02-16,69641,1901914,32982,946942,36659,954972,0,0,36254,934824,0.114998,33254,485940,0.059778,37282,1420764,0.174776,8129050
3,2021-02-17,71338,1973252,36130,983072,35208,990180,0,0,33991,932761,0.114744,37127,523067,0.064345,35064,1455828,0.17909,8129050
3,2021-02-18,76454,2049706,39954,1023026,36500,1026680,0,0,35504,928805,0.114258,40807,563874,0.069365,36851,1492679,0.183623,8129050
3,2021-02-19,68329,2118035,39383,1062409,28946,1055626,0,0,34594,930464,0.114462,33631,597505,0.073502,35290,1527969,0.187964,8129050
3,2021-02-20,42010,2160045,26602,1089011,15408,1071034,0,0,22232,933508,0.114836,19685,617190,0.075924,22729,1550698,0.19076,8129050
3,2021-02-21,22774,2182819,18947,1107958,3827,1074861,0,0,10840,932873,0.114758,11859,629049,0.077383,11224,1561922,0.192141,8129050
3,2021-02-22,45284,2228103,29519,1137477,15765,1090626,0,0,21455,931061,0.114535,23754,652803,0.080305,21942,1583864,0.19484,8129050
3,2021-02-23,60710,2288813,33137,1170614,27573,1118199,0,0,26834,926146,0.11393,33734,686537,0.084455,28819,1612683,0.198385,8129050
3,2021-02-24,76646,2365459,37563,1208177,39083,1157282,0,0,34194,920559,0.113243,42292,728829,0.089657,36705,1649388,0.2029,8129050
3,2021-02-25,86108,2451567,41932,1250109,44176,1201458,0,0,43214,923695,0.113629,42668,771497,0.094906,45804,1695192,0.208535,8129050
3,2021-02-26,96843,2548410,44262,1294371,52581,1254039,0,0,51457,932300,0.114687,45051,816548,0.100448,53656,1748848,0.215136,8129050
3,2021-02-27,68349,2616759,31512,1325883,36834,1290873,3,3,36415,938273,0.115422,31752,848300,0.104354,37725,1786573,0.219776,8129050
3,2021-02-28,39302,2656061,23020,1348903,16280,1307153,2,5,20717,941507,0.11582,18435,866735,0.106622,21669,1808242,0.222442,8129050
3,2021-03-01,67437,2723498,35922,1384825,31494,1338647,21,26,37713,951017,0.11699,29558,896293,0.110258,39068,1847310,0.227248,8129050
3,2021-03-02,77800,2801298,38541,1423366,39252,1377899,7,33,45600,966610,0.118908,32077,928370,0.114204,47670,1894980,0.233112,8129050
3,2021-03-03,88140,2889438,42163,1465529,45959,1423858,18,51,49273,979475,0.120491,38688,967058,0.118963,51553,1946533,0.239454,8129050
3,2021-03-04,92689,2982127,45602,1511131,47071,1470929,16,67,52765,994804,0.122376,39727,1006785,0.12385,55056,2001589,0.246227,8129050
3,2021-03-05,89095,3071222,43802,1554933,45004,1515933,289,356,54479,1017394,0.125155,34401,1041186,0.128082,56991,2058580,0.253237,8129050
3,2021-03-06,64862,3136084,32873,1587806,29839,1545772,2150,2506,37272,1030831,0.126808,27459,1068645,0.13146,40896,2099476,0.258268,8129050
3,2021-03-07,37441,3173525,22371,1610177,13935,1559707,1135,3641,21610,1038968,0.127809,15777,1084422,0.133401,23914,2123390,0.26121,8129050
3,2021-03-08,58787,3232312,28088,1638265,27841,1587548,2858,6499,37354,1059439,0.130328,21296,1105718,0.136021,41767,2165157,0.266348,8129050
3,2021-03-09,76221,3308533,35412,1673677,36440,1623988,4369,10868,41220,1071318,0.131789,34883,1140601,0.140312,46762,2211919,0.272101,8129050
3,2021-03-10,82224,3390757,41198,1714875,34982,1658970,6044,16912,43100,1082937,0.133218,38932,1179533,0.145101,50551,2262470,0.278319,8129050
3,2021-03-11,96369,3487126,47112,1761987,40712,1699682,8545,25457,47446,1091351,0.134253,48687,1228220,0.15109,57101,2319571,0.285343,8129050
3,2021-03-12,101439,3588565,45332,1807319,44255,1743937,11852,37309,46640,1096422,0.134877,54611,1282831,0.157808,59682,2379253,0.292685,8129050
3,2021-03-13,69530,3658095,29595,1836914,32720,1776657,7215,44524,36608,1108820,0.136402,32814,1315645,0.161845,45212,2424465,0.298247,8129050
3,2021-03-14,40728,3698823,21515,1858429,15661,1792318,3552,48076,20806,1113959,0.137034,19858,1335503,0.164288,24997,2449462,0.301322,8129050
3,2021-03-15,75192,3774015,35748,1894177,34918,1827236,4526,52602,39784,1124051,0.138276,35225,1370728,0.168621,45317,2494779,0.306897,8129050
3,2021-03-16,94565,3868580,43617,1937794,46641,1873877,4307,56909,53510,1141940,0.140476,40861,1411589,0.173647,58750,2553529,0.314124,8129050
3,2021-03-17,97334,3965914,47277,1985071,45590,1919467,4467,61376,59451,1168853,0.143787,37677,1449266,0.178282,64590,2618119,0.322069,8129050
3,2021-03-18,102455,4068369,52078,2037149,45960,1965427,4417,65793,59341,1190286,0.146424,42882,1492148,0.183557,64315,2682434,0.329981,8129050
3,2021-03-19,102480,4170849,54949,2092098,43095,2008522,4436,70229,57702,1208423,0.148655,44540,1536688,0.189037,62677,2745111,0.337691,8129050
3,2021-03-20,71161,4242010,36766,2128864,30800,2039322,3595,73824,44171,1229867,0.151293,26826,1563514,0.192337,48270,2793381,0.343629,8129050
3,2021-03-21,35830,4277840,24449,2153313,9883,2049205,1498,75322,22404,1240895,0.152649,13348,1576862,0.193979,24376,2817757,0.346628,8129050
3,2021-03-22,69918,4347758,41099,2194412,26298,2075503,2521,77843,44856,1264422,0.155544,24863,1601725,0.197037,48390,2866147,0.352581,8129050
3,2021-03-23,89219,4436977,49283,2243695,37410,2112913,2526,80369,55120,1288913,0.158556,33863,1635588,0.201203,58354,2924501,0.359759,8129050
3,2021-03-24,98226,4535203,56606,2300301,38735,2151648,2885,83254,56582,1307672,0.160864,41318,1676906,0.206286,60077,2984578,0.36715,8129050
3,2021-03-25,106798,4642001,59343,2359644,44516,2196164,2939,86193,60692,1326153,0.163138,45805,1722711,0.21192,64286,3048864,0.375058,8129050
3,2021-03-26,109973,4751974,59058,2418702,47647,2243811,3268,89461,57327,1335240,0.164255,52360,1775071,0.218361,61447,3110311,0.382617,8129050
3,2021-03-27,74022,4825996,37687,2456389,33794,2277605,2541,92002,36209,1337036,0.164476,37624,1812695,0.22299,39420,3149731,0.387466,8129050
3,2021-03-28,43988,4869984,27835,2484224,15343,2292948,810,92812,22449,1339364,0.164763,21433,1834128,0.225626,23761,3173492,0.390389,8129050
3,2021-03-29,80299,4950283,41995,2526219,36468,2329416,1836,94648,44339,1350609,0.166146,35745,1869873,0.230024,46990,3220482,0.39617,8129050
3,2021-03-30,99773,5050056,49063,2575282,47091,2376507,3619,98267,56210,1367706,0.168249,43333,1913206,0.235354,60430,3280912,0.403603,8129050
3,2021-03-31,104579,5154635,56472,2631754,43293,2419800,4814,103081,56417,1381299,0.169921,47976,1961182,0.241256,61569,3342481,0.411177,8129050
3,2021-04-01,123035,5277670,62282,2694036,51094,2470894,9659,112740,66909,1402412,0.172519,55798,2016980,0.24812,76911,3419392,0.420639,8129050
3,2021-04-02,117491,5395161,57416,2751452,49812,2520706,10263,123003,62429,1420793,0.17478,54817,2071797,0.254863,73198,3492590,0.429643,8129050
3,2021-04-03,75814,5470975,38781,2790233,27832,2548538,9201,132204,37901,1430447,0.175967,37788,2109585,0.259512,47442,3540032,0.435479,8129050
3,2021-04-04,32319,5503294,17275,2807508,10853,2559391,4191,136395,14227,1430883,0.176021,18023,2127608,0.261729,18459,3558491,0.43775,8129050
3,2021-04-05,88815,5592109,45145,2852653,34591,2593982,9079,145474,43646,1439463,0.177076,44980,2172588,0.267262,53560,3612051,0.444339,8129050
3,2021-04-06,112908,5705017,55010,2907663,42779,2636761,15119,160593,53381,1449420,0.178301,59286,2231874,0.274555,69243,3681294,0.452857,8129050
3,2021-04-07,115846,5820863,59972,2967635,39634,2676395,16240,176833,56349,1463030,0.179976,59271,2291145,0.281847,72881,3754175,0.461822,8129050
3,2021-04-08,121123,5941986,60326,3027961,40749,2717144,20048,196881,56494,1476016,0.181573,64363,2355508,0.289764,77349,3831524,0.471337,8129050
3,2021-04-09,117842,6059828,58739,3086700,40032,2757176,19071,215952,51954,1482309,0.182347,65676,2421184,0.297843,71969,3903493,0.480191,8129050
3,2021-04-10,83394,6143222,37689,3124389,30524,2787700,15181,231133,34139,1483369,0.182478,49104,2470288,0.303884,50164,3953657,0.486362,8129050
3,2021-04-11,44993,6188215,24183,3148572,12818,2800518,7992,239125,17213,1481726,0.182275,27698,2497986,0.307291,26055,3979712,0.489567,8129050
3,2021-04-12,83571,6271786,42256,3190828,32604,2833122,8711,247836,38171,1484546,0.182622,45202,2543188,0.312852,48022,4027734,0.495474,8129050
3,2021-04-13,104934,6376720,56821,3247649,47900,2881022,213,248049,55665,1492331,0.18358,49070,2592258,0.318888,56855,4084589,0.502468,8129050
3,2021-04-14,106761,6483481,58328,3305977,48338,2929360,95,248144,53496,1494434,0.183839,53016,2645274,0.32541,55119,4139708,0.509249,8129050
3,2021-04-15,118442,6601923,66689,3372666,51686,2981046,67,248211,63900,1504986,0.185137,54293,2699567,0.332089,64845,4204553,0.517226,8129050
3,2021-04-16,114031,6715954,64003,3436669,49935,3030981,93,248304,59686,1511344,0.185919,54094,2753661,0.338743,60452,4265005,0.524662,8129050
3,2021-04-17,78040,6793994,42693,3479362,35335,3066316,12,248316,43499,1521459,0.187163,34361,2788022,0.34297,44476,4309481,0.530133,8129050
3,2021-04-18,36935,6830929,21945,3501307,14987,3081303,3,248319,17362,1520204,0.187009,19491,2807513,0.345368,18236,4327717,0.532377,8129050
3,2021-04-19,78060,6908989,43641,3544948,34368,3115671,51,248370,35278,1513437,0.186176,42633,2850146,0.350612,35866,4363583,0.536789,8129050
3,2021-04-20,98008,7006997,50779,3595727,47214,3162885,15,248385,47788,1512270,0.186033,50013,2900159,0.356765,48846,4412429,0.542798,8129050
3,2021-04-21,101160,7108157,55632,3651359,45462,3208347,66,248451,47946,1508339,0.185549,52927,2953086,0.363276,48996,4461425,0.548825,8129050
3,2021-04-22,108875,7217032,60618,3711977,48236,3256583,21,248472,46962,1494646,0.183865,61631,3014717,0.370857,47938,4509363,0.554722,8129050
3,2021-04-23,103263,7320295,58445,3770422,44795,3301378,23,248495,45313,1483337,0.182474,57642,3072359,0.377948,46333,4555696,0.560422,8129050
3,2021-04-24,72904,7393199,45191,3815613,27653,3329031,60,248555,35598,1482907,0.182421,37071,3109430,0.382508,36641,4592337,0.564929,8129050
3,2021-04-25,36231,7429430,23343,3838956,12875,3341906,13,248568,18691,1484583,0.182627,17422,3126852,0.384652,19098,4611435,0.567278,8129050
3,2021-04-26,72131,7501561,40477,3879433,31269,3373175,385,248953,30885,1476200,0.181596,41023,3167875,0.389698,32640,4644075,0.571294,8129050
3,2021-04-27,89260,7590821,46520,3925953,41031,3414206,1709,250662,35475,1460657,0.179684,53520,3221395,0.396282,37977,4682052,0.575965,8129050
3,2021-04-28,84803,7675624,47671,3973624,35016,3449222,2116,252778,34758,1448272,0.17816,49790,3271185,0.402407,37405,4719457,0.580567,8129050
3,2021-04-29,86776,7762400,49157,4022781,35434,3484656,2185,254963,30916,1426254,0.175451,55599,3326784,0.409246,33581,4753038,0.584698,8129050
3,2021-04-30,88316,7850716,49529,4072310,36327,3520983,2460,257423,32745,1406617,0.173036,55298,3382082,0.416049,35661,4788699,0.589085,8129050
3,2021-05-01,54573,7905289,34408,4106718,18719,3539702,1446,258869,19648,1393450,0.171416,34744,3416826,0.420323,21577,4810276,0.591739,8129050
3,2021-05-02,26730,7932019,18229,4124947,7490,3547192,1011,259880,9808,1387522,0.170687,16849,3433675,0.422396,10921,4821197,0.593082,8129050
3,2021-05-03,58879,7990898,34489,4159436,22050,3569242,2340,262220,17287,1365903,0.168027,41424,3475099,0.427491,19805,4841002,0.595519,8129050
3,2021-05-04,75527,8066425,43178,4202614,29713,3598955,2636,264856,22091,1337731,0.164562,53178,3528277,0.434033,25006,4866008,0.598595,8129050
3,2021-05-05,76878,8143303,45727,4248341,28479,3627434,2672,267528,21453,1306965,0.160777,55148,3583425,0.440817,24382,4890390,0.601594,8129050
3,2021-05-06,81390,8224693,51087,4299428,27789,3655223,2514,270042,20351,1269768,0.156201,60616,3644041,0.448274,23419,4913809,0.604475,8129050
3,2021-05-07,80737,8305430,50089,4349517,28039,3683262,2609,272651,21557,1235352,0.151968,58870,3702911,0.455516,24454,4938263,0.607483,8129050
3,2021-05-08,50322,8355752,31010,4380527,17681,3700943,1631,274282,13486,1214116,0.149355,36611,3739522,0.46002,15375,4953638,0.609375,8129050
3,2021-05-09,20363,8376115,14781,4395308,4798,3705741,784,275066,5582,1205846,0.148338,14702,3754224,0.461828,6432,4960070,0.610166,8129050
3,2021-05-10,46696,8422811,24886,4420194,19922,3725663,1888,276954,11100,1183668,0.14561,35422,3789646,0.466186,13244,4973314,0.611795,8129050
3,2021-05-11,61303,8484114,33641,4453835,25503,3751166,2159,279113,15620,1156414,0.142257,45482,3835128,0.471781,18228,4991542,0.614038,8129050
3,2021-05-12,62635,8546749,35715,4489550,24543,3775709,2377,281490,17022,1130714,0.139095,45401,3880529,0.477366,19701,5011243,0.616461,8129050
3,2021-05-13,72527,8619276,45773,4535323,24889,3800598,1865,283355,27069,1115012,0.137164,45240,3925769,0.482931,29538,5040781,0.620095,8129050
3,2021-05-14,78080,8697356,49287,4584610,26679,3827277,2114,285469,30785,1101453,0.135496,47052,3972821,0.488719,33493,5074274,0.624215,8129050
3,2021-05-15,60722,8758078,41788,4626398,17728,3845005,1206,286675,25130,1092577,0.134404,35421,4008242,0.493076,26545,5100819,0.62748,8129050
3,2021-05-16,31524,8789602,23599,4649997,7241,3852246,684,287359,12660,1087231,0.133746,18768,4027010,0.495385,13422,5114241,0.629131,8129050
3,2021-05-17,56128,8845730,35760,4685757,18557,3870803,1811,289170,21138,1075632,0.13232,34747,4061757,0.499659,23148,5137389,0.631979,8129050
3,2021-05-18,63536,8909266,37534,4723291,24172,3894975,1830,291000,24401,1063387,0.130813,38887,4100644,0.504443,26642,5164031,0.635256,8129050
3,2021-05-19,62666,8971932,38281,4761572,22676,3917651,1709,292709,25153,1053230,0.129564,37289,4137933,0.50903,27132,5191163,0.638594,8129050
3,2021-05-20,60063,9031995,35211,4796783,23051,3940702,1801,294510,22138,1039885,0.127922,37672,4175605,0.513665,24327,5215490,0.641587,8129050
3,2021-05-21,64731,9096726,39441,4836224,23239,3963941,2051,296561,23839,1025493,0.126152,40628,4216233,0.518662,26236,5241726,0.644814,8129050
3,2021-05-22,44626,9141352,29526,4865750,13660,3977601,1440,298001,18537,1019860,0.125459,25913,4242146,0.52185,20280,5262006,0.647309,8129050
3,2021-05-23,20415,9161767,14135,4879885,5637,3983238,643,298644,8861,1018021,0.125232,11479,4253625,0.523262,9640,5271646,0.648495,8129050
3,2021-05-24,38459,9200226,22349,4902234,14375,3997613,1735,300379,14372,1010403,0.124295,23923,4277548,0.526205,16305,5287951,0.6505,8129050
3,2021-05-25,42297,9242523,23871,4926105,16774,4014387,1652,302031,15340,1000884,0.123124,26734,4304282,0.529494,17215,5305166,0.652618,8129050
3,2021-05-26,41397,9283920,23555,4949660,16165,4030552,1677,303708,15876,993356,0.122198,25247,4329529,0.5326,17719,5322885,0.654798,8129050
3,2021-05-27,38802,9322722,21664,4971324,15389,4045941,1749,305457,15433,987582,0.121488,23226,4352755,0.535457,17452,5340337,0.656945,8129050
3,2021-05-28,42089,9364811,23879,4995203,16461,4062402,1749,307206,17727,983214,0.120951,24192,4376947,0.538433,19824,5360161,0.659383,8129050
3,2021-05-29,23127,9387938,14133,5009336,8173,4070575,821,308027,11145,983451,0.12098,11872,4388819,0.539893,12109,5372270,0.660873,8129050
3,2021-05-30,10505,9398443,6815,5016151,3059,4073634,631,308658,4566,982817,0.120902,5879,4394698,0.540616,5245,5377515,0.661518,8129050
3,2021-05-31,4612,9403055,2671,5018822,1674,4075308,267,308925,1497,981520,0.120742,3090,4397788,0.540997,1793,5379308,0.661739,8129050
3,2021-06-01,37324,9440379,21549,5040371,14354,4089662,1421,310346,13882,973816,0.119795,23253,4421041,0.543857,15549,5394857,0.663652,8129050
3,2021-06-02,31209,9471588,17954,5058325,11847,4101509,1408,311754,11971,968314,0.119118,19048,4440089,0.5462,13546,5408403,0.665318,8129050
3,2021-06-03,39179,9510767,26817,5085142,10950,4112459,1412,313166,11986,954941,0.117473,27025,4467114,0.549525,13652,5422055,0.666997,8129050
3,2021-06-04,45298,9556065,32103,5117245,11683,4124142,1512,314678,13461,938726,0.115478,31629,4498743,0.553416,15414,5437469,0.668894,8129050
3,2021-06-05,33656,9589721,25478,5142723,6998,4131140,1180,315858,8803,924253,0.113698,24669,4523412,0.55645,10196,5447665,0.670148,8129050
3,2021-06-06,14021,9603742,11698,5154421,1777,4132917,546,316404,3993,918995,0.113051,9973,4533385,0.557677,4715,5452380,0.670728,8129050
3,2021-06-07,29595,9633337,21510,5175931,6845,4139762,1240,317644,8614,908132,0.111714,20864,4554249,0.560244,10001,5462381,0.671958,8129050
3,2021-06-08,33152,9666489,23808,5199739,8063,4147825,1281,318925,9847,896395,0.110271,23123,4577372,0.563088,11386,5473767,0.673359,8129050
3,2021-06-09,23545,9690034,16938,5216677,5607,4153432,1000,319925,6035,886160,0.109012,17396,4594768,0.565228,7161,5480928,0.67424,8129050
3,2021-06-10,15618,9705652,11727,5228404,3056,4156488,835,320760,3893,879353,0.108174,11637,4606405,0.56666,4830,5485758,0.674834,8129050
4,2020-12-15,450,450,450,450,0,0,0,0,450,450,5.6e-05,0,0,0.0,450,450,5.6e-05,8037679
4,2020-12-16,3002,3452,3002,3452,0,0,0,0,3002,3452,0.000429,0,0,0.0,3002,3452,0.000429,8037679
4,2020-12-17,8832,12284,8832,12284,0,0,0,0,8832,12284,0.001528,0,0,0.0,8832,12284,0.001528,8037679
4,2020-12-18,15948,28232,15939,28223,9,9,0,0,15948,28232,0.003512,0,0,0.0,15948,28232,0.003512,8037679
4,2020-12-19,10262,38494,10254,38477,8,17,0,0,10197,38429,0.004781,0,0,0.0,10197,38429,0.004781,8037679
4,2020-12-20,7375,45869,7368,45845,7,24,0,0,7330,45759,0.005693,0,0,0.0,7330,45759,0.005693,8037679
4,2020-12-21,16316,62185,16291,62136,25,49,0,0,16250,62009,0.007715,0,0,0.0,16250,62009,0.007715,8037679
4,2020-12-22,17173,79358,16439,78575,734,783,0,0,17128,79137,0.009846,0,0,0.0,17128,79137,0.009846,8037679
4,2020-12-23,17061,96419,14359,92934,2702,3485,0,0,17033,96169,0.011965,1,1,0.0,17033,96170,0.011965,8037679
4,2020-12-24,8573,104992,5980,98914,2593,6078,0,0,8572,104740,0.013031,1,2,0.0,8572,104742,0.013031,8037679
4,2020-12-25,904,105896,799,99713,105,6183,0,0,904,105644,0.013144,0,2,0.0,904,105646,0.013144,8037679
4,2020-12-26,6171,112067,3892,103605,2279,8462,0,0,6171,111815,0.013911,0,2,0.0,6171,111817,0.013912,8037679
4,2020-12-27,3431,115498,1999,105604,1432,9894,0,0,3431,115246,0.014338,0,2,0.0,3431,115248,0.014338,8037679
4,2020-12-28,15032,130530,9284,114888,5748,15642,0,0,15002,130247,0.016205,1,3,0.0,15002,130250,0.016205,8037679
4,2020-12-29,15335,145865,8492,123380,6843,22485,0,0,15302,145549,0.018108,0,3,0.0,15302,145552,0.018109,8037679
4,2020-12-30,18922,164787,11067,134447,7855,30340,0,0,18911,164458,0.020461,2,5,1e-06,18911,164463,0.020462,8037679
4,2020-12-31,8261,173048,3344,137791,4917,35257,0,0,8255,172710,0.021488,3,8,1e-06,8255,172718,0.021489,8037679
4,2021-01-01,1390,174438,611,138402,779,36036,0,0,1388,174096,0.02166,2,10,1e-06,1388,174106,0.021661,8037679
4,2021-01-02,5710,180148,3228,141630,2482,38518,0,0,5709,179804,0.02237,1,11,1e-06,5709,179815,0.022372,8037679
4,2021-01-03,2130,182278,1263,142893,867,39385,0,0,2113,181912,0.022632,5,16,2e-06,2113,181928,0.022634,8037679
4,2021-01-04,12993,195271,7077,149970,5916,45301,0,0,12917,194771,0.024232,58,74,9e-06,12917,194845,0.024241,8037679
4,2021-01-05,16875,212146,9988,159958,6887,52188,0,0,14769,207471,0.025812,2082,2156,0.000268,14782,209627,0.026081,8037679
4,2021-01-06,21530,233676,13198,173156,8332,60520,0,0,15550,217107,0.027011,5928,8084,0.001006,15564,225191,0.028017,8037679
4,2021-01-07,27906,261582,17018,190174,10888,71408,0,0,16839,222964,0.02774,11009,19093,0.002375,16866,242057,0.030115,8037679
4,2021-01-08,32828,294410,21096,211270,11732,83140,0,0,18325,226908,0.028231,14434,33527,0.004171,18378,260435,0.032402,8037679
4,2021-01-09,16307,310717,9677,220947,6630,89770,0,0,9490,229641,0.028571,6798,40325,0.005017,9531,269966,0.033588,8037679
4,2021-01-10,8753,319470,5660,226607,3093,92863,0,0,4135,229187,0.028514,4600,44925,0.005589,4146,274112,0.034103,8037679
4,2021-01-11,33352,352822,21871,248478,11481,104344,0,0,18799,233517,0.029053,14514,59439,0.007395,18844,292956,0.036448,8037679
4,2021-01-12,38473,391295,22176,270654,16297,120641,0,0,24337,243862,0.03034,14089,73528,0.009148,24434,317390,0.039488,8037679
4,2021-01-13,38620,429915,19037,289691,19583,140224,0,0,27342,260028,0.032351,11224,84752,0.010544,27390,344780,0.042895,8037679
4,2021-01-14,39051,468966,14921,304612,24130,164354,0,0,31978,285013,0.03546,7026,91778,0.011418,32011,376791,0.046878,8037679
4,2021-01-15,45261,514227,15716,320328,29545,193899,0,0,39733,319292,0.039724,5475,97253,0.0121,39754,416545,0.051824,8037679
4,2021-01-16,28649,542876,9394,329722,19255,213154,0,0,25523,341754,0.042519,3089,100342,0.012484,25551,442096,0.055003,8037679
4,2021-01-17,19083,561959,6706,336428,12377,225531,0,0,17561,357833,0.044519,1497,101839,0.01267,17576,459672,0.05719,8037679
4,2021-01-18,29445,591404,13649,350077,15796,241327,0,0,23464,375441,0.04671,5887,107726,0.013403,23495,483167,0.060113,8037679
4,2021-01-19,46107,637511,23170,373247,22937,264264,0,0,36766,402996,0.050138,9287,117013,0.014558,36842,520009,0.064696,8037679
4,2021-01-20,51853,689364,27461,400708,24392,288656,0,0,41433,434184,0.054019,10323,127336,0.015842,41511,561520,0.069861,8037679
4,2021-01-21,56650,746014,25049,425757,31601,320257,0,0,50230,478101,0.059482,6359,133695,0.016634,50276,611796,0.076116,8037679
4,2021-01-22,55089,801103,22104,447861,32985,353242,0,0,49994,523127,0.065084,5000,138695,0.017256,50026,661822,0.08234,8037679
4,2021-01-23,39490,840593,17413,465274,22077,375319,0,0,35178,554032,0.068929,4303,142998,0.017791,35208,697030,0.08672,8037679
4,2021-01-24,23931,864524,10502,475776,13429,388748,0,0,22053,574232,0.071443,1870,144868,0.018024,22070,719100,0.089466,8037679
4,2021-01-25,47970,912494,22150,497926,25820,414568,0,0,36869,600090,0.07466,11069,155937,0.019401,36927,756027,0.09406,8037679
4,2021-01-26,56836,969330,28993,526919,27843,442411,0,0,44593,632575,0.078701,12189,168126,0.020917,44674,800701,0.099618,8037679
4,2021-01-27,56261,1025591,26812,553731,29449,471860,0,0,45303,667077,0.082994,10886,179012,0.022272,45388,846089,0.105265,8037679
4,2021-01-28,56509,1082100,25540,579271,30969,502829,0,0,46572,703864,0.087571,9849,188861,0.023497,46636,892725,0.111068,8037679
4,2021-01-29,56449,1138549,27115,606386,29334,532163,0,0,46131,739867,0.09205,10176,199037,0.024763,46179,938904,0.116813,8037679
4,2021-01-30,37725,1176274,17179,623565,20546,552709,0,0,32385,766999,0.095425,5292,204329,0.025421,32424,971328,0.120847,8037679
4,2021-01-31,23904,1200178,12558,636123,11346,564055,0,0,22295,787719,0.098003,1592,205921,0.025619,22312,993640,0.123623,8037679
4,2021-02-01,49704,1249882,24081,660204,25623,589678,0,0,38095,814286,0.101309,11567,217488,0.027059,38134,1031774,0.128367,8037679
4,2021-02-02,55305,1305187,25466,685670,29839,619517,0,0,42492,844072,0.105014,12749,230237,0.028645,42535,1074309,0.133659,8037679
4,2021-02-03,61901,1367088,30448,716118,31453,650970,0,0,47647,877630,0.109189,14144,244381,0.030404,47702,1122011,0.139594,8037679
4,2021-02-04,67394,1434482,31385,747503,36009,686979,0,0,50731,911955,0.11346,16513,260894,0.032459,50838,1172849,0.145919,8037679
4,2021-02-05,72970,1507452,33870,781373,39100,726079,0,0,50906,941183,0.117096,21817,282711,0.035173,51045,1223894,0.15227,8037679
4,2021-02-06,48285,1555737,26231,807604,22054,748133,0,0,36792,966714,0.120273,11461,294172,0.036599,36992,1260886,0.156872,8037679
4,2021-02-07,26465,1582202,17506,825110,8959,757092,0,0,20053,980617,0.122003,6388,300560,0.037394,20291,1281177,0.159396,8037679
4,2021-02-08,58489,1640691,30127,855237,28362,785454,0,0,38114,998747,0.124258,20248,320808,0.039913,38378,1319555,0.164171,8037679
4,2021-02-09,67083,1707774,34181,889418,32902,818356,0,0,39403,1010944,0.125776,27610,348418,0.043348,39807,1359362,0.169124,8037679
4,2021-02-10,77094,1784868,38578,927996,38516,856872,0,0,40989,1016598,0.126479,35876,384294,0.047812,41530,1400892,0.174291,8037679
4,2021-02-11,81056,1865924,42329,970325,38727,895599,0,0,41906,1020243,0.126933,38929,423223,0.052655,42574,1443466,0.179587,8037679
4,2021-02-12,84071,1949995,37658,1007983,46413,942012,0,0,43353,1023863,0.127383,40519,463742,0.057696,44139,1487605,0.185079,8037679
4,2021-02-13,58477,2008472,29693,1037676,28784,970796,0,0,29844,1026095,0.127661,28508,492250,0.061243,30740,1518345,0.188903,8037679
4,2021-02-14,36660,2045132,19015,1056691,17645,988441,0,0,18840,1027824,0.127876,17769,510019,0.063454,19498,1537843,0.191329,8037679
4,2021-02-15,46012,2091144,21551,1078242,24461,1012902,0,0,23682,1030417,0.128198,22267,532286,0.066224,24860,1562703,0.194422,8037679
4,2021-02-16,79856,2171000,36587,1114829,43269,1056171,0,0,40701,1033278,0.128554,39058,571344,0.071083,41919,1604622,0.199637,8037679
4,2021-02-17,81224,2252224,38337,1153166,42887,1099058,0,0,38748,1030844,0.128251,42312,613656,0.076347,39878,1644500,0.204599,8037679
4,2021-02-18,83001,2335225,45665,1198831,37336,1136394,0,0,38418,1026313,0.127688,44427,658083,0.081875,39896,1684396,0.209562,8037679
4,2021-02-19,82329,2417554,51763,1250594,30566,1166960,0,0,41287,1027394,0.127822,40904,698987,0.086964,41985,1726381,0.214786,8037679
4,2021-02-20,48844,2466398,32559,1283153,16285,1183245,0,0,26710,1032719,0.128485,22078,721065,0.089711,27403,1753784,0.218195,8037679
4,2021-02-21,29169,2495567,23431,1306584,5738,1188983,0,0,14066,1032031,0.128399,15040,736105,0.091582,14352,1768136,0.219981,8037679
4,2021-02-22,53015,2548582,36403,1342987,16612,1205595,0,0,25744,1031049,0.128277,27177,763282,0.094963,26195,1794331,0.22324,8037679
4,2021-02-23,73757,2622339,40933,1383920,32824,1238419,0,0,32538,1024170,0.127421,41086,804368,0.100075,34207,1828538,0.227496,8037679
4,2021-02-24,88653,2710992,46819,1430739,41834,1280253,0,0,40068,1018017,0.126656,48377,852745,0.106093,42224,1870762,0.232749,8037679
4,2021-02-25,99833,2810825,52128,1482867,47705,1327958,0,0,47912,1016714,0.126493,51770,904515,0.112534,50467,1921229,0.239028,8037679
4,2021-02-26,106307,2917132,53655,1536522,52652,1380610,0,0,54502,1021979,0.127149,51582,956097,0.118952,56847,1978076,0.2461,8037679
4,2021-02-27,76981,2994113,41979,1578501,34996,1415606,6,6,41309,1029243,0.128052,35534,991631,0.123373,42798,2020874,0.251425,8037679
4,2021-02-28,47362,3041475,29433,1607934,17924,1433530,5,11,26546,1035996,0.128892,20680,1012311,0.125946,27433,2048307,0.254838,8037679
4,2021-03-01,77683,3119158,45634,1653568,32019,1465549,30,41,42926,1045625,0.13009,34517,1046828,0.13024,44146,2092453,0.260331,8037679
4,2021-03-02,84903,3204061,48877,1702445,36021,1501570,5,46,50277,1063219,0.132279,34476,1081304,0.134529,52070,2144523,0.266809,8037679
4,2021-03-03,99444,3303505,52777,1755222,46654,1548224,13,59,55417,1076583,0.133942,43834,1125138,0.139983,57198,2201721,0.273925,8037679
4,2021-03-04,96756,3400261,53818,1809040,42921,1591145,17,76,53240,1088299,0.1354,43316,1168454,0.145372,55032,2256753,0.280772,8037679
4,2021-03-05,94213,3494474,50911,1859951,42988,1634133,314,390,55960,1108445,0.137906,38060,1206514,0.150107,58206,2314959,0.288013,8037679
4,2021-03-06,76049,3570523,42931,1902882,30504,1664637,2614,3004,46768,1130004,0.140588,29170,1235684,0.153736,50729,2365688,0.294325,8037679
4,2021-03-07,42643,3613166,27262,1930144,14202,1678839,1179,4183,25598,1140884,0.141942,16985,1252669,0.15585,27865,2393553,0.297792,8037679
4,2021-03-08,66320,3679486,34743,1964887,28382,1707221,3195,7378,43839,1166885,0.145177,22377,1275046,0.158634,48378,2441931,0.30381,8037679
4,2021-03-09,81099,3760585,41137,2006024,34831,1742052,5131,12509,43871,1179938,0.146801,37072,1312118,0.163246,50125,2492056,0.310047,8037679
4,2021-03-10,90780,3851365,46904,2052928,36435,1778487,7441,19950,45954,1189644,0.148008,44666,1356784,0.168803,54372,2546428,0.316811,8037679
4,2021-03-11,100321,3951686,52696,2105624,39242,1817729,8383,28333,46483,1192013,0.148303,53626,1410410,0.175475,55995,2602423,0.323778,8037679
4,2021-03-12,104383,4056069,51530,2157154,42585,1860314,10268,38601,44695,1188508,0.147867,59459,1469869,0.182872,55954,2658377,0.330739,8037679
4,2021-03-13,80916,4136985,37702,2194856,34816,1895130,8398,46999,38036,1193343,0.148469,42759,1512628,0.188192,47594,2705971,0.336661,8037679
4,2021-03-14,49536,4186521,28345,2223201,17563,1912693,3628,50627,23256,1194673,0.148634,26194,1538822,0.191451,27524,2733495,0.340085,8037679
4,2021-03-15,83630,4270151,44959,2268160,34430,1947123,4241,54868,42832,1202000,0.149546,40590,1579412,0.196501,47917,2781412,0.346047,8037679
4,2021-03-16,107404,4377555,55827,2323987,48178,1995301,3399,58267,57006,1212932,0.150906,50184,1629596,0.202745,61116,2842528,0.35365,8037679
4,2021-03-17,106106,4483661,57046,2381033,45614,2040915,3446,61713,62271,1235619,0.153728,43599,1673195,0.208169,66286,2908814,0.361897,8037679
4,2021-03-18,106208,4589869,58851,2439884,43717,2084632,3640,65353,60367,1254477,0.156075,45591,1718786,0.213841,64449,2973263,0.369916,8037679
4,2021-03-19,110643,4700512,63565,2503449,41900,2126532,5178,70531,63143,1275930,0.158744,47272,1766058,0.219722,68725,3041988,0.378466,8037679
4,2021-03-20,83267,4783779,48829,2552278,31444,2157976,2994,73525,51153,1298403,0.16154,31990,1798048,0.223702,54463,3096451,0.385242,8037679
4,2021-03-21,47913,4831692,34734,2587012,10915,2168891,2264,75789,28373,1309970,0.162979,19430,1817478,0.22612,30997,3127448,0.389098,8037679
4,2021-03-22,81756,4913448,53414,2640426,25624,2194515,2718,78507,50847,1333547,0.165912,30700,1848178,0.229939,54277,3181725,0.395851,8037679
4,2021-03-23,103910,5017358,62114,2702540,39653,2234168,2143,80650,61924,1356427,0.168759,41730,1889908,0.235131,64610,3246335,0.40389,8037679
4,2021-03-24,113097,5130455,73100,2775640,37595,2271763,2402,83052,64089,1374778,0.171042,48605,1938513,0.241178,66956,3313291,0.41222,8037679
4,2021-03-25,116577,5247032,71864,2847504,42334,2314097,2379,85431,66904,1395313,0.173597,49234,1987747,0.247304,69769,3383060,0.4209,8037679
4,2021-03-26,119300,5366332,72520,2920024,43747,2357844,3033,88464,65446,1410868,0.175532,53529,2041276,0.253963,69084,3452144,0.429495,8037679
4,2021-03-27,91239,5457571,54132,2974156,35323,2393167,1784,90248,46427,1414966,0.176042,44600,2085876,0.259512,48698,3500842,0.435554,8037679
4,2021-03-28,55541,5513112,36712,3010868,17958,2411125,871,91119,29634,1420027,0.176671,25766,2111642,0.262718,30827,3531669,0.439389,8037679
4,2021-03-29,93202,5606314,56003,3066871,35126,2446251,2073,93192,50617,1430917,0.178026,42367,2154009,0.267989,53257,3584926,0.446015,8037679
4,2021-03-30,116778,5723092,63786,3130657,48845,2495096,4147,97339,69448,1457833,0.181375,47124,2201133,0.273852,74040,3658966,0.455227,8037679
4,2021-03-31,120624,5843716,71352,3202009,42962,2538058,6310,103649,67997,1480045,0.184138,52316,2253449,0.280361,74528,3733494,0.464499,8037679
4,2021-04-01,142051,5985767,81172,3283181,47700,2585758,13179,116828,83968,1519730,0.189076,57708,2311157,0.28754,97393,3830887,0.476616,8037679
4,2021-04-02,136143,6121910,72892,3356073,49716,2635474,13535,130363,78842,1555435,0.193518,57037,2368194,0.294637,92742,3923629,0.488154,8037679
4,2021-04-03,100950,6222860,53931,3410004,33645,2669119,13374,143737,52728,1573777,0.1958,48039,2416233,0.300613,66381,3990010,0.496413,8037679
4,2021-04-04,46790,6269650,24689,3434693,14591,2683710,7510,151247,20432,1575510,0.196016,26262,2442495,0.303881,27995,4018005,0.499896,8037679
4,2021-04-05,108972,6378622,61346,3496039,34875,2718585,12751,163998,56913,1593905,0.198304,51872,2494367,0.310334,70267,4088272,0.508638,8037679
4,2021-04-06,138389,6517011,77928,3573967,40741,2759326,19720,183718,72009,1620135,0.201568,66168,2560535,0.318566,92398,4180670,0.520134,8037679
4,2021-04-07,137023,6654034,77659,3651626,38708,2798034,20656,204374,71108,1646556,0.204855,65686,2626221,0.326739,92107,4272777,0.531593,8037679
4,2021-04-08,139484,6793518,77761,3729387,36369,2834403,25354,229728,69461,1672280,0.208055,69763,2695984,0.335418,95487,4368264,0.543473,8037679
4,2021-04-09,137114,6930632,75272,3804659,38958,2873361,22884,252612,65621,1690571,0.210331,71292,2767276,0.344288,89583,4457847,0.554619,8037679
4,2021-04-10,102948,7033580,50990,3855649,33160,2906521,18798,271410,46382,1700461,0.211561,56367,2823643,0.351301,66257,4524104,0.562862,8037679
4,2021-04-11,62266,7095846,37964,3893613,13129,2919650,11173,282583,27323,1705204,0.212151,34849,2858492,0.355636,39592,4563696,0.567788,8037679
4,2021-04-12,102418,7198264,62273,3955886,30049,2949699,10096,292679,51779,1717991,0.213742,50361,2908853,0.361902,63148,4626844,0.575644,8037679
4,2021-04-13,129776,7328040,81409,4037295,48207,2997906,160,292839,77957,1745481,0.217162,51567,2960420,0.368318,79057,4705901,0.58548,8037679
4,2021-04-14,134896,7462936,85977,4123272,48842,3046748,77,292916,75055,1762404,0.219268,59545,3019965,0.375726,76468,4782369,0.594994,8037679
4,2021-04-15,155165,7618101,103344,4226616,51761,3098509,60,292976,95795,1800036,0.22395,59053,3079018,0.383073,96685,4879054,0.607023,8037679
4,2021-04-16,142006,7760107,90148,4316764,51781,3150290,77,293053,82970,1825019,0.227058,58789,3137807,0.390387,83772,4962826,0.617445,8037679
4,2021-04-17,99853,7859960,63019,4379783,36813,3187103,21,293074,58545,1843652,0.229376,41075,3178882,0.395498,59708,5022534,0.624874,8037679
4,2021-04-18,53995,7913955,36108,4415891,17884,3204987,3,293077,30693,1852098,0.230427,23197,3202079,0.398384,31643,5054177,0.628811,8037679
4,2021-04-19,100162,8014117,66191,4482082,33956,3238943,15,293092,51308,1855365,0.230833,48643,3250722,0.404435,51910,5106087,0.635269,8037679
4,2021-04-20,127137,8141254,74677,4556759,52448,3291391,12,293104,66757,1863076,0.231793,60120,3310842,0.411915,67831,5173918,0.643708,8037679
4,2021-04-21,127327,8268581,81674,4638433,45602,3336993,51,293155,64352,1865806,0.232132,62686,3373528,0.419714,65416,5239334,0.651847,8037679
4,2021-04-22,137044,8405625,90281,4728714,46742,3383735,21,293176,61399,1853001,0.230539,75330,3448858,0.429086,62525,5301859,0.659626,8037679
4,2021-04-23,130469,8536094,84264,4812978,46182,3429917,23,293199,56651,1837315,0.228588,73512,3522370,0.438232,57826,5359685,0.66682,8037679
4,2021-04-24,97262,8633356,66005,4878983,31207,3461124,50,293249,44770,1830962,0.227797,52232,3574602,0.444731,45879,5405564,0.672528,8037679
4,2021-04-25,49440,8682796,35163,4914146,14252,3475376,25,293274,26141,1834391,0.228224,23175,3597777,0.447614,26604,5432168,0.675838,8037679
4,2021-04-26,89282,8772078,58240,4972386,30648,3506024,394,293668,35233,1817589,0.226134,53783,3651560,0.454305,36981,5469149,0.680439,8037679
4,2021-04-27,111196,8883274,67636,5040022,41272,3547296,2288,295956,40060,1789889,0.222687,70850,3722410,0.46312,43150,5512299,0.685807,8037679
4,2021-04-28,101141,8984415,65626,5105648,33016,3580312,2499,298455,37057,1766250,0.219746,63826,3786236,0.471061,40187,5552486,0.690807,8037679
4,2021-04-29,102452,9086867,64921,5170569,35020,3615332,2511,300966,32998,1733169,0.215631,69165,3855401,0.479666,36084,5588570,0.695296,8037679
4,2021-04-30,101633,9188500,63880,5234449,35088,3650420,2665,303631,34532,1704217,0.212028,66774,3922175,0.487974,37822,5626392,0.700002,8037679
4,2021-05-01,68507,9257007,45655,5280104,21096,3671516,1756,305387,19879,1678051,0.208773,48426,3970601,0.493998,22260,5648652,0.702772,8037679
4,2021-05-02,37368,9294375,26519,5306623,9571,3681087,1278,306665,10496,1663195,0.206925,26773,3997374,0.497329,11917,5660569,0.704254,8037679
4,2021-05-03,77903,9372278,54325,5360948,21123,3702210,2455,309120,19153,1626601,0.202372,58540,4055914,0.504613,21946,5682515,0.706985,8037679
4,2021-05-04,98268,9470546,66682,5427630,28840,3731050,2746,311866,22330,1576343,0.196119,75699,4131613,0.514031,25441,5707956,0.71015,8037679
4,2021-05-05,99060,9569606,69425,5497055,26922,3757972,2713,314579,21577,1523721,0.189572,77194,4208807,0.523635,24572,5732528,0.713207,8037679
4,2021-05-06,109123,9678729,81512,5578567,24688,3782660,2923,317502,19442,1457943,0.181389,89263,4298070,0.53474,23485,5756013,0.716129,8037679
4,2021-05-07,102788,9781517,73757,5652324,26353,3809013,2678,320180,20368,1399294,0.174092,82098,4380168,0.544954,23449,5779462,0.719046,8037679
4,2021-05-08,66042,9847559,45200,5697524,18976,3827989,1866,322046,13150,1361966,0.169448,52693,4432861,0.55151,15365,5794827,0.720958,8037679
4,2021-05-09,33404,9880963,27274,5724798,5191,3833180,939,322985,7850,1345387,0.167385,25461,4458322,0.554678,8882,5803709,0.722063,8037679
4,2021-05-10,62925,9943888,41828,5766626,18822,3852002,2275,325260,11056,1307327,0.16265,51694,4510016,0.561109,13634,5817343,0.723759,8037679
4,2021-05-11,78611,10022499,48021,5814647,28429,3880431,2161,327421,15495,1262520,0.157075,62913,4572929,0.568937,18106,5835449,0.726012,8037679
4,2021-05-12,77100,10099599,51010,5865657,23646,3904077,2444,329865,17954,1224388,0.152331,58903,4631832,0.576265,20771,5856220,0.728596,8037679
4,2021-05-13,101521,10201120,74699,5940356,25305,3929382,1517,331382,40055,1205781,0.150016,61171,4693003,0.583875,42564,5898784,0.733891,8037679
4,2021-05-14,102049,10303169,71906,6012262,28049,3957431,2094,333476,40089,1186795,0.147654,61692,4754695,0.591551,42706,5941490,0.739205,8037679
4,2021-05-15,83819,10386988,64764,6077026,17736,3975167,1319,334795,37025,1178831,0.146663,46589,4801284,0.597347,38625,5980115,0.74401,8037679
4,2021-05-16,49017,10436005,39795,6116821,8533,3983700,689,335484,20078,1170918,0.145679,28813,4830097,0.600932,20900,6001015,0.74661,8037679
4,2021-05-17,69867,10505872,51007,6167828,17023,4000723,1837,337321,28172,1159632,0.144274,41512,4871609,0.606096,30226,6031241,0.750371,8037679
4,2021-05-18,80637,10586509,52424,6220252,26468,4027191,1745,339066,29441,1140337,0.141874,50852,4922461,0.612423,31557,6062798,0.754297,8037679
4,2021-05-19,75688,10662197,51284,6271536,22475,4049666,1929,340995,31534,1130172,0.140609,43909,4966370,0.617886,33744,6096542,0.758495,8037679
4,2021-05-20,67269,10729466,43159,6314695,22135,4071801,1975,342970,25700,1116898,0.138958,41329,5007699,0.623028,28055,6124597,0.761986,8037679
4,2021-05-21,72524,10801990,47988,6362683,22690,4094491,1846,344816,26518,1099791,0.136829,45757,5053456,0.628721,28650,6153247,0.76555,8037679
4,2021-05-22,48770,10850760,34167,6396850,13342,4107833,1261,346077,21170,1095020,0.136236,27455,5080911,0.632137,22684,6175931,0.768372,8037679
4,2021-05-23,22508,10873268,16136,6412986,5660,4113493,712,346789,9424,1092312,0.135899,12978,5093889,0.633751,10270,6186201,0.76965,8037679
4,2021-05-24,41461,10914729,26131,6439117,12357,4125850,2973,349762,14609,1083415,0.134792,26671,5120560,0.637069,17774,6203975,0.771862,8037679
4,2021-05-25,44436,10959165,27677,6466794,13969,4139819,2790,352552,16123,1074451,0.133677,28104,5148664,0.640566,19140,6223115,0.774243,8037679
4,2021-05-26,43732,11002897,26252,6493046,14931,4154750,2549,355101,15859,1065385,0.132549,27692,5176356,0.644011,18626,6241741,0.77656,8037679
4,2021-05-27,38510,11041407,23185,6516231,12201,4166951,3124,358225,14871,1060126,0.131895,23472,5199828,0.646932,18213,6259954,0.778826,8037679
4,2021-05-28,42677,11084084,27284,6543515,13805,4180756,1588,359813,18928,1057349,0.131549,23551,5223379,0.649862,20774,6280728,0.781411,8037679
4,2021-05-29,23340,11107424,15234,6558749,7178,4187934,928,360741,11226,1057642,0.131585,12004,5235383,0.651355,12297,6293025,0.782941,8037679
4,2021-05-30,11909,11119333,8370,6567119,3014,4190948,525,361266,5106,1056608,0.131457,6752,5242135,0.652195,5718,6298743,0.783652,8037679
4,2021-05-31,3563,11122896,2282,6569401,1125,4192073,156,361422,1189,1055635,0.131336,2346,5244481,0.652487,1373,6300116,0.783823,8037679
4,2021-06-01,39075,11161971,24403,6593804,12252,4204325,2420,363842,13862,1047127,0.130277,25035,5269516,0.655602,16527,6316643,0.785879,8037679
4,2021-06-02,32150,11194121,20122,6613926,9256,4213581,2772,366614,11160,1040403,0.129441,20831,5290347,0.658193,14107,6330750,0.787634,8037679
4,2021-06-03,47424,11241545,36377,6650303,8597,4222178,2450,369064,11197,1018299,0.126691,36090,5326437,0.662683,13986,6344736,0.789374,8037679
4,2021-06-04,53874,11295419,43471,6693774,9090,4231268,1313,370377,13533,993844,0.123648,40152,5366589,0.667679,15697,6360433,0.791327,8037679
4,2021-06-05,43710,11339129,37428,6731202,5299,4236567,983,371360,9195,969957,0.120676,34368,5400957,0.671955,10481,6370914,0.792631,8037679
4,2021-06-06,20324,11359453,18068,6749270,1700,4238267,556,371916,4641,959986,0.119436,15592,5416549,0.673895,5621,6376535,0.79333,8037679
4,2021-06-07,37716,11397169,30485,6779755,5333,4243600,1898,373814,8737,942065,0.117206,28866,5445415,0.677486,10945,6387480,0.794692,8037679
4,2021-06-08,39028,11436197,30563,6810318,5975,4249575,2490,376304,9344,924763,0.115053,29504,5474919,0.681157,12202,6399682,0.79621,8037679
4,2021-06-09,27757,11463954,21885,6832203,3816,4253391,2056,378360,5416,910161,0.113237,22225,5497144,0.683922,7623,6407305,0.797159,8037679
4,2021-06-10,17211,11481165,13320,6845523,1880,4255271,2011,380371,3577,902279,0.112256,13579,5510723,0.685611,5697,6413002,0.797867,8037679
