vemquartile,administered_date,total_doses,cumulative_total_doses,pfizer_doses,cumulative_pfizer_doses,moderna_doses,cumulative_moderna_doses,jj_doses,cumulative_jj_doses,partially_vaccinated,total_partially_vaccinated,pct_age12pop_partially_vaccinated,fully_vaccinated,cumulative_fully_vaccinated,pct_age12pop_fully_vaccinated,at_least_one_dose,cumulative_at_least_one_dose,pct_age12pop_at_least_one_dose,age12_population
1,2020-12-15,154,154,154,154,0,0,0,0,154,154,1.8e-05,0,0,0.0,154,154,1.8e-05,8700223
1,2020-12-16,1256,1410,1256,1410,0,0,0,0,1255,1409,0.000162,0,0,0.0,1255,1409,0.000162,8700223
1,2020-12-17,4163,5573,4163,5573,0,0,0,0,4165,5574,0.000641,0,0,0.0,4165,5574,0.000641,8700223
1,2020-12-18,6403,11976,6379,11952,24,24,0,0,6408,11981,0.001377,1,1,0.0,6408,11982,0.001377,8700223
1,2020-12-19,2886,14862,2883,14835,3,27,0,0,2885,14865,0.001709,1,2,0.0,2885,14867,0.001709,8700223
1,2020-12-20,2133,16995,2121,16956,12,39,0,0,2135,17000,0.001954,0,2,0.0,2135,17002,0.001954,8700223
1,2020-12-21,7691,24686,7671,24627,20,59,0,0,7740,24740,0.002844,1,3,0.0,7741,24743,0.002844,8700223
1,2020-12-22,7362,32048,7013,31640,349,408,0,0,7362,32100,0.00369,2,5,1e-06,7362,32105,0.00369,8700223
1,2020-12-23,7925,39973,6648,38288,1277,1685,0,0,7923,40022,0.0046,2,7,1e-06,7924,40029,0.004601,8700223
1,2020-12-24,3310,43283,2363,40651,947,2632,0,0,3311,43333,0.004981,0,7,1e-06,3311,43340,0.004981,8700223
1,2020-12-25,239,43522,155,40806,84,2716,0,0,239,43572,0.005008,0,7,1e-06,239,43579,0.005009,8700223
1,2020-12-26,1379,44901,981,41787,398,3114,0,0,1378,44949,0.005166,1,8,1e-06,1378,44957,0.005167,8700223
1,2020-12-27,883,45784,547,42334,336,3450,0,0,883,45831,0.005268,1,9,1e-06,883,45840,0.005269,8700223
1,2020-12-28,7133,52917,4790,47124,2343,5793,0,0,7130,52961,0.006087,0,9,1e-06,7130,52970,0.006088,8700223
1,2020-12-29,9081,61998,5058,52182,4023,9816,0,0,9077,62036,0.00713,2,11,1e-06,9077,62047,0.007132,8700223
1,2020-12-30,11775,73773,6557,58739,5218,15034,0,0,11771,73804,0.008483,3,14,2e-06,11771,73818,0.008485,8700223
1,2020-12-31,6051,79824,1969,60708,4082,19116,0,0,6048,79848,0.009178,5,19,2e-06,6049,79867,0.00918,8700223
1,2021-01-01,646,80470,262,60970,384,19500,0,0,642,80488,0.009251,2,21,2e-06,642,80509,0.009254,8700223
1,2021-01-02,2937,83407,1773,62743,1164,20664,0,0,2937,83425,0.009589,0,21,2e-06,2937,83446,0.009591,8700223
1,2021-01-03,1064,84471,557,63300,507,21171,0,0,1062,84484,0.009711,3,24,3e-06,1062,84508,0.009713,8700223
1,2021-01-04,7412,91883,3610,66910,3802,24973,0,0,7415,91897,0.010563,2,26,3e-06,7415,91923,0.010566,8700223
1,2021-01-05,10992,102875,5299,72209,5693,30666,0,0,10192,101332,0.011647,782,808,9.3e-05,10217,102140,0.01174,8700223
1,2021-01-06,14170,117045,7101,79310,7069,37735,0,0,12214,111645,0.012832,1919,2727,0.000313,12232,114372,0.013146,8700223
1,2021-01-07,17637,134682,9169,88479,8468,46203,0,0,13111,120335,0.013831,4434,7161,0.000823,13124,127496,0.014654,8700223
1,2021-01-08,20229,154911,10471,98950,9758,55961,0,0,14257,128657,0.014788,5953,13114,0.001507,14275,141771,0.016295,8700223
1,2021-01-09,6707,161618,3413,102363,3294,59255,0,0,4829,131618,0.015128,1871,14985,0.001722,4832,146603,0.01685,8700223
1,2021-01-10,3106,164724,1770,104133,1336,60591,0,0,1910,132346,0.015212,1183,16168,0.001858,1911,148514,0.01707,8700223
1,2021-01-11,18209,182933,11900,116033,6309,66900,0,0,11583,137363,0.015788,6610,22778,0.002618,11627,160141,0.018407,8700223
1,2021-01-12,19248,202181,11018,127051,8230,75130,0,0,13180,144563,0.016616,6026,28804,0.003311,13226,173367,0.019927,8700223
1,2021-01-13,19900,222081,10760,137811,9140,84270,0,0,14719,154149,0.017718,5153,33957,0.003903,14739,188106,0.021621,8700223
1,2021-01-14,22187,244268,9540,147351,12647,96917,0,0,19342,170780,0.019629,2775,36732,0.004222,19406,207512,0.023851,8700223
1,2021-01-15,25304,269572,9277,156628,16027,112944,0,0,23338,192264,0.022099,1923,38655,0.004443,23407,230919,0.026542,8700223
1,2021-01-16,13964,283536,4575,161203,9389,122333,0,0,13060,204433,0.023497,896,39551,0.004546,13065,243984,0.028043,8700223
1,2021-01-17,5219,288755,2044,163247,3175,125508,0,0,4842,208902,0.024011,376,39927,0.004589,4845,248829,0.0286,8700223
1,2021-01-18,14416,303171,8650,171897,5766,131274,0,0,11200,216959,0.024937,3202,43129,0.004957,11259,260088,0.029894,8700223
1,2021-01-19,24837,328008,12945,184842,11892,143166,0,0,19540,231287,0.026584,5270,48399,0.005563,19598,279686,0.032147,8700223
1,2021-01-20,29517,357525,14787,199629,14730,157896,0,0,23536,248971,0.028617,5896,54295,0.006241,23580,303266,0.034857,8700223
1,2021-01-21,31397,388922,14804,214433,16593,174489,0,0,27998,273748,0.031464,3327,57622,0.006623,28104,331370,0.038088,8700223
1,2021-01-22,28507,417429,11339,225772,17168,191657,0,0,26397,298132,0.034267,2043,59665,0.006858,26427,357797,0.041125,8700223
1,2021-01-23,18728,436157,8207,233979,10521,202178,0,0,16758,312958,0.035971,1943,61608,0.007081,16769,374566,0.043052,8700223
1,2021-01-24,6685,442842,4170,238149,2515,204693,0,0,6020,318326,0.036588,657,62265,0.007157,6025,380591,0.043745,8700223
1,2021-01-25,25593,468435,10566,248715,15027,219720,0,0,19732,332361,0.038201,5812,68077,0.007825,19847,400438,0.046026,8700223
1,2021-01-26,28938,497373,13569,262284,15369,235089,0,0,22118,347748,0.03997,6758,74835,0.008602,22145,422583,0.048572,8700223
1,2021-01-27,32803,530176,15619,277903,17184,252273,0,0,24560,364224,0.041864,8173,83008,0.009541,24649,447232,0.051405,8700223
1,2021-01-28,35082,565258,16517,294420,18565,270838,0,0,27998,385339,0.044291,7014,90022,0.010347,28129,475361,0.054638,8700223
1,2021-01-29,33850,599108,16545,310965,17305,288143,0,0,27113,405961,0.046661,6589,96611,0.011104,27211,502572,0.057765,8700223
1,2021-01-30,20233,619341,8755,319720,11478,299621,0,0,18000,421847,0.048487,2200,98811,0.011357,18086,520658,0.059844,8700223
1,2021-01-31,7726,627067,5022,324742,2704,302325,0,0,7000,428133,0.049209,717,99528,0.01144,7003,527661,0.060649,8700223
1,2021-02-01,29212,656279,12602,337344,16610,318935,0,0,21301,441585,0.050756,7859,107387,0.012343,21311,548972,0.063099,8700223
1,2021-02-02,32874,689153,11880,349224,20994,339929,0,0,24531,457900,0.052631,8254,115641,0.013292,24569,573541,0.065923,8700223
1,2021-02-03,39766,728919,15291,364515,24475,364404,0,0,28510,475430,0.054646,11081,126722,0.014565,28611,602152,0.069211,8700223
1,2021-02-04,44226,773145,17226,381741,27000,391404,0,0,31776,495002,0.056895,12320,139042,0.015981,31892,634044,0.072877,8700223
1,2021-02-05,47085,820230,17216,398957,29869,421273,0,0,30715,509622,0.058576,16215,155257,0.017845,30835,664879,0.076421,8700223
1,2021-02-06,26674,846904,10554,409511,16120,437393,0,0,20678,524426,0.060277,5947,161204,0.018529,20751,685630,0.078806,8700223
1,2021-02-07,6324,853228,4073,413584,2251,439644,0,0,4667,527478,0.060628,1634,162838,0.018717,4686,690316,0.079345,8700223
1,2021-02-08,31799,885027,14507,428091,17292,456936,0,0,21133,538155,0.061855,10561,173399,0.01993,21238,711554,0.081786,8700223
1,2021-02-09,38697,923724,17064,445155,21633,478569,0,0,23764,547140,0.062888,14895,188294,0.021642,23880,735434,0.08453,8700223
1,2021-02-10,47484,971208,22201,467356,25283,503852,0,0,26962,553821,0.063656,20378,208672,0.023985,27059,762493,0.087641,8700223
1,2021-02-11,52219,1023427,25536,492892,26683,530535,0,0,31041,564126,0.06484,20862,229534,0.026383,31167,793660,0.091223,8700223
1,2021-02-12,50249,1073676,21622,514514,28627,559162,0,0,28781,571753,0.065717,21298,250832,0.028831,28925,822585,0.094548,8700223
1,2021-02-13,26513,1100189,11540,526054,14973,574135,0,0,15283,575956,0.0662,11159,261991,0.030113,15362,837947,0.096313,8700223
1,2021-02-14,11817,1112006,5586,531640,6231,580366,0,0,6712,577664,0.066396,5074,267065,0.030696,6782,844729,0.097093,8700223
1,2021-02-15,24051,1136057,9454,541094,14597,594963,0,0,14608,583072,0.067018,9317,276382,0.031767,14725,859454,0.098785,8700223
1,2021-02-16,47318,1183375,22552,563646,24766,619729,0,0,27487,590947,0.067923,19737,296119,0.034036,27612,887066,0.101959,8700223
1,2021-02-17,48635,1232010,24649,588295,23986,643715,0,0,26105,594836,0.06837,22369,318488,0.036607,26258,913324,0.104977,8700223
1,2021-02-18,51291,1283301,25681,613976,25610,669325,0,0,26496,597039,0.068623,24536,343024,0.039427,26739,940063,0.10805,8700223
1,2021-02-19,46783,1330084,25361,639337,21422,690747,0,0,26123,602735,0.069278,20491,363515,0.041782,26187,966250,0.11106,8700223
1,2021-02-20,27875,1357959,16921,656258,10954,701701,0,0,15868,606753,0.06974,11936,375451,0.043154,15954,982204,0.112894,8700223
1,2021-02-21,12468,1370427,10709,666967,1759,703460,0,0,7472,609347,0.070038,4931,380382,0.043721,7525,989729,0.113759,8700223
1,2021-02-22,31715,1402142,20804,687771,10911,714371,0,0,18170,614190,0.070595,13437,393819,0.045265,18280,1008009,0.11586,8700223
1,2021-02-23,45934,1448076,22362,710133,23572,737943,0,0,25144,619217,0.071173,20489,414308,0.04762,25516,1033525,0.118793,8700223
1,2021-02-24,55961,1504037,27007,737140,28954,766897,0,0,30718,625402,0.071883,24991,439299,0.050493,31176,1064701,0.122376,8700223
1,2021-02-25,68640,1572677,33358,770498,35282,802179,0,0,42408,642322,0.073828,25992,465291,0.05348,42912,1107613,0.127309,8700223
1,2021-02-26,76703,1649380,35969,806467,40734,842913,0,0,50013,666449,0.076601,26371,491662,0.056511,50498,1158111,0.133113,8700223
1,2021-02-27,52861,1702241,24290,830757,28561,871474,10,10,34642,683372,0.078546,18001,509663,0.05858,34924,1193035,0.137127,8700223
1,2021-02-28,20327,1722568,12077,842834,8248,879722,2,12,14853,692993,0.079652,5378,515041,0.059199,14999,1208034,0.138851,8700223
1,2021-03-01,46437,1769005,21485,864319,24888,904610,64,76,29792,706659,0.081223,16440,531481,0.061088,30106,1238140,0.142311,8700223
1,2021-03-02,64940,1833945,28076,892395,36853,941463,11,87,41282,725135,0.083347,23466,554947,0.063785,41942,1280082,0.147132,8700223
1,2021-03-03,72215,1906160,34354,926749,37830,979293,31,118,43845,741491,0.085227,28134,583081,0.067019,44490,1324572,0.152246,8700223
1,2021-03-04,80133,1986293,37542,964291,42555,1021848,36,154,51296,764757,0.087901,28584,611665,0.070305,51850,1376422,0.158205,8700223
1,2021-03-05,79273,2065566,35759,1000050,43307,1065155,207,361,52798,792250,0.091061,26163,637828,0.073312,53656,1430078,0.164373,8700223
1,2021-03-06,57966,2123532,27482,1027532,29140,1094295,1344,1705,39155,814450,0.093613,18664,656492,0.075457,40864,1470942,0.169069,8700223
1,2021-03-07,21017,2144549,13060,1040592,6760,1101055,1197,2902,15532,825970,0.094937,5459,661951,0.076084,16979,1487921,0.171021,8700223
1,2021-03-08,46197,2190746,22535,1063127,21704,1122759,1958,4860,32312,846801,0.097331,13771,675722,0.077667,34602,1522523,0.174998,8700223
1,2021-03-09,67096,2257842,32510,1095637,32071,1154830,2515,7375,41269,865270,0.099454,25641,701363,0.080614,44110,1566633,0.180068,8700223
1,2021-03-10,74083,2331925,36830,1132467,32746,1187576,4507,11882,45491,887164,0.10197,28445,729808,0.083884,50339,1616972,0.185854,8700223
1,2021-03-11,90334,2422259,41449,1173916,40849,1228425,8036,19918,52431,910421,0.104643,37647,767455,0.088211,60904,1677876,0.192854,8700223
1,2021-03-12,99188,2521447,43759,1217675,43113,1271538,12316,32234,57872,939951,0.108038,41073,808528,0.092932,70603,1748479,0.200969,8700223
1,2021-03-13,65355,2586802,29407,1247082,28232,1299770,7716,39950,41503,965753,0.111003,23704,832232,0.095656,49506,1797985,0.20666,8700223
1,2021-03-14,27982,2614784,14978,1262060,9436,1309206,3568,43518,15659,972917,0.111827,12239,844471,0.097063,19403,1817388,0.20889,8700223
1,2021-03-15,65324,2680108,28781,1290841,29790,1338996,6753,50271,38411,991736,0.11399,26680,871151,0.10013,45499,1862887,0.214119,8700223
1,2021-03-16,85842,2765950,39089,1329930,41092,1380088,5661,55932,53081,1018285,0.117041,32530,903681,0.103869,59079,1921966,0.22091,8700223
1,2021-03-17,93305,2859255,45507,1375437,41252,1421340,6546,62478,59945,1052020,0.120919,33100,936781,0.107673,66835,1988801,0.228592,8700223
1,2021-03-18,98915,2958170,50988,1426425,42209,1463549,5718,68196,59689,1079053,0.124026,38848,975629,0.112138,65881,2054682,0.236164,8700223
1,2021-03-19,103865,3062035,53839,1480264,43811,1507360,6215,74411,60566,1103368,0.126821,42976,1018605,0.117078,67291,2121973,0.243899,8700223
1,2021-03-20,72801,3134836,37180,1517444,30399,1537759,5222,79633,46649,1129556,0.129831,25951,1044556,0.120061,52139,2174112,0.249892,8700223
1,2021-03-21,27414,3162250,19063,1536507,6542,1544301,1809,81442,17041,1138224,0.130827,10268,1054824,0.121241,18936,2193048,0.252068,8700223
1,2021-03-22,59348,3221598,30687,1567194,25384,1569685,3277,84719,39849,1162445,0.133611,19268,1074092,0.123456,43489,2236537,0.257067,8700223
1,2021-03-23,83633,3305231,42598,1609792,37385,1607070,3650,88369,51178,1185540,0.136265,32181,1106273,0.127155,55276,2291813,0.26342,8700223
1,2021-03-24,88564,3393795,44728,1654520,39448,1646518,4388,92757,52657,1207155,0.13875,35580,1141853,0.131244,57195,2349008,0.269994,8700223
1,2021-03-25,97534,3491329,49846,1704366,41815,1688333,5873,98630,53932,1223914,0.140676,43242,1185095,0.136214,60001,2409009,0.27689,8700223
1,2021-03-26,105908,3597237,51486,1755852,48078,1736411,6344,104974,56690,1238415,0.142343,48825,1233920,0.141826,63326,2472335,0.284169,8700223
1,2021-03-27,74573,3671810,38462,1794314,31885,1768296,4226,109200,38336,1245176,0.14312,35992,1269912,0.145963,42753,2515088,0.289083,8700223
1,2021-03-28,32910,3704720,21518,1815832,10170,1778466,1222,110422,16452,1246960,0.143325,16338,1286250,0.147841,18122,2533210,0.291166,8700223
1,2021-03-29,68760,3773480,33851,1849683,31745,1810211,3164,113586,37827,1257472,0.144533,30688,1316938,0.151368,41200,2574410,0.295902,8700223
1,2021-03-30,93705,3867185,45795,1895478,41482,1851693,6428,120014,48032,1266569,0.145579,45424,1362362,0.156589,54521,2628931,0.302168,8700223
1,2021-03-31,102110,3969295,53051,1948529,42802,1894495,6257,126271,55932,1282976,0.147465,45820,1408182,0.161856,62227,2691158,0.309321,8700223
1,2021-04-01,113736,4083031,54189,2002718,50692,1945187,8855,135126,57680,1294000,0.148732,55531,1463713,0.168239,66555,2757713,0.31697,8700223
1,2021-04-02,112976,4196007,51478,2054196,51728,1996915,9770,144896,57278,1306001,0.150111,55249,1518962,0.174589,67250,2824963,0.3247,8700223
1,2021-04-03,78570,4274577,39365,2093561,29480,2026395,9725,154621,36832,1311072,0.150694,41530,1560492,0.179362,46601,2871564,0.330056,8700223
1,2021-04-04,23813,4298390,11862,2105423,8462,2034857,3489,158110,9906,1310628,0.150643,13825,1574317,0.180951,13381,2884945,0.331594,8700223
1,2021-04-05,77768,4376158,36920,2142343,31415,2066272,9433,167543,34893,1312451,0.150853,42637,1616954,0.185852,44460,2929405,0.336705,8700223
1,2021-04-06,104801,4480959,49464,2191807,38587,2104859,16750,184293,47347,1319418,0.151653,57120,1674074,0.192417,64087,2993492,0.344071,8700223
1,2021-04-07,112939,4593898,54637,2246444,40586,2145445,17716,202009,50878,1326277,0.152442,61711,1735785,0.19951,68570,3062062,0.351952,8700223
1,2021-04-08,123342,4717240,58284,2304728,43905,2189350,21153,223162,54469,1333482,0.15327,68423,1804208,0.207375,75628,3137690,0.360645,8700223
1,2021-04-09,124418,4841658,56642,2361370,46829,2236179,20947,244109,54540,1339485,0.15396,69480,1873688,0.215361,75483,3213173,0.369321,8700223
1,2021-04-10,97055,4938713,43178,2404548,30969,2267148,22908,267017,38464,1342411,0.154296,58355,1932043,0.222068,61281,3274454,0.376364,8700223
1,2021-04-11,36763,4975476,20424,2424972,9449,2276597,6890,273907,14877,1342462,0.154302,21807,1953850,0.224575,21858,3296312,0.378877,8700223
1,2021-04-12,75296,5050772,33604,2458576,31607,2308204,10085,283992,31977,1341647,0.154208,42999,1996849,0.229517,42184,3338496,0.383725,8700223
1,2021-04-13,98389,5149161,52535,2511111,45516,2353720,338,284330,53040,1350359,0.15521,45023,2041872,0.234692,53735,3392231,0.389902,8700223
1,2021-04-14,105273,5254434,54445,2565556,50748,2404468,80,284410,53430,1352810,0.155491,51430,2093302,0.240603,53881,3446112,0.396095,8700223
1,2021-04-15,105962,5360396,57544,2623100,48326,2452794,92,284502,56078,1359896,0.156306,49265,2142567,0.246266,56351,3502463,0.402572,8700223
1,2021-04-16,111204,5471600,56987,2680087,54126,2506920,91,284593,55452,1360454,0.15637,55179,2197746,0.252608,55737,3558200,0.408978,8700223
1,2021-04-17,83454,5555054,45261,2725348,38181,2545101,12,284605,46480,1370408,0.157514,36704,2234450,0.256827,46658,3604858,0.414341,8700223
1,2021-04-18,30578,5585632,20692,2746040,9879,2554980,7,284612,15291,1370724,0.15755,15191,2249641,0.258573,15507,3620365,0.416123,8700223
1,2021-04-19,67057,5652689,33892,2779932,33151,2588131,14,284626,30145,1364495,0.156834,36517,2286158,0.26277,30288,3650653,0.419605,8700223
1,2021-04-20,88279,5740968,44350,2824282,43904,2632035,25,284651,41040,1358914,0.156193,46846,2333004,0.268155,41265,3691918,0.424348,8700223
1,2021-04-21,97847,5838815,50975,2875257,46769,2678804,103,284754,43561,1349158,0.155072,53669,2386673,0.274323,43913,3735831,0.429395,8700223
1,2021-04-22,97657,5936472,50982,2926239,46656,2725460,19,284773,44606,1341497,0.154191,52507,2439180,0.280358,44846,3780677,0.434549,8700223
1,2021-04-23,102890,6039362,53116,2979355,49745,2775205,29,284802,48774,1336987,0.153673,53553,2492733,0.286514,49043,3829720,0.440186,8700223
1,2021-04-24,76729,6116091,47503,3026858,29198,2804403,28,284830,43157,1347042,0.154828,33395,2526128,0.290352,43450,3873170,0.445181,8700223
1,2021-04-25,27440,6143531,17465,3044323,9959,2814362,16,284846,15615,1351124,0.155298,11691,2537819,0.291696,15773,3888943,0.446993,8700223
1,2021-04-26,66444,6209975,34792,3079115,31244,2845606,408,285254,31379,1348522,0.154999,34727,2572546,0.295687,32125,3921068,0.450686,8700223
1,2021-04-27,81793,6291768,43406,3122521,37081,2882687,1306,286560,35322,1339345,0.153944,46149,2618695,0.300992,36972,3958040,0.454935,8700223
1,2021-04-28,81582,6373350,43320,3165841,36753,2919440,1509,288069,35610,1331101,0.152996,45587,2664282,0.306231,37343,3995383,0.459228,8700223
1,2021-04-29,85121,6458471,46785,3212626,36705,2956145,1631,289700,34527,1317247,0.151404,50183,2714465,0.311999,36329,4031712,0.463403,8700223
1,2021-04-30,92702,6551173,50126,3262752,40675,2996820,1901,291601,38483,1303950,0.149875,53837,2768302,0.318187,40540,4072252,0.468063,8700223
1,2021-05-01,63891,6615064,41119,3303871,21337,3018157,1435,293036,26894,1295786,0.148937,36706,2805008,0.322406,28542,4100794,0.471344,8700223
1,2021-05-02,23513,6638577,16658,3320529,6272,3024429,583,293619,9431,1291866,0.148487,13963,2818971,0.324011,10043,4110837,0.472498,8700223
1,2021-05-03,56486,6695063,31251,3351780,23377,3047806,1858,295477,20428,1278423,0.146941,35779,2854750,0.328124,22336,4133173,0.475065,8700223
1,2021-05-04,75923,6770986,43673,3395453,30150,3077956,2100,297577,27125,1259263,0.144739,48464,2903214,0.333694,29304,4162477,0.478433,8700223
1,2021-05-05,78538,6849524,45503,3440956,30729,3108685,2306,299883,26514,1236522,0.142125,51640,2954854,0.33963,28899,4191376,0.481755,8700223
1,2021-05-06,80126,6929650,48667,3489623,29276,3137961,2183,302066,24871,1208901,0.138951,54829,3009683,0.345932,27208,4218584,0.484882,8700223
1,2021-05-07,83685,7013335,47626,3537249,33863,3171824,2196,304262,27771,1183508,0.136032,55426,3065109,0.352302,30033,4248617,0.488334,8700223
1,2021-05-08,57642,7070977,36187,3573436,19799,3191623,1656,305918,19544,1167052,0.13414,37740,3102849,0.35664,21284,4269901,0.490781,8700223
1,2021-05-09,18379,7089356,13192,3586628,4707,3196330,480,306398,5560,1160399,0.133376,12730,3115579,0.358103,6077,4275978,0.491479,8700223
1,2021-05-10,44432,7133788,22474,3609102,20126,3216456,1832,308230,14802,1147800,0.131928,29324,3144903,0.361474,16725,4292703,0.493401,8700223
1,2021-05-11,63021,7196809,34266,3643368,26593,3243049,2162,310392,20670,1128711,0.129734,42038,3186941,0.366306,22949,4315652,0.496039,8700223
1,2021-05-12,63157,7259966,33557,3676925,27526,3270575,2074,312466,20709,1109468,0.127522,42087,3229028,0.371143,22844,4338496,0.498665,8700223
1,2021-05-13,67437,7327403,39577,3716502,25870,3296445,1990,314456,25644,1096003,0.125974,41384,3270412,0.3759,27919,4366415,0.501874,8700223
1,2021-05-14,77089,7404492,46455,3762957,28221,3324666,2413,316869,31086,1084216,0.124619,45568,3315980,0.381137,33781,4400196,0.505757,8700223
1,2021-05-15,67010,7471502,43997,3806954,21241,3345907,1772,318641,26668,1072727,0.123299,39999,3355979,0.385735,28510,4428706,0.509034,8700223
1,2021-05-16,25156,7496658,18544,3825498,5992,3351899,620,319261,10252,1068872,0.122856,14774,3370753,0.387433,10919,4439625,0.510289,8700223
1,2021-05-17,54611,7551269,33343,3858841,19482,3371381,1786,321047,23097,1062589,0.122134,31222,3401975,0.391022,24939,4464564,0.513155,8700223
1,2021-05-18,65473,7616742,39435,3898276,24195,3395576,1843,322890,28350,1056060,0.121383,36813,3438788,0.395253,30284,4494848,0.516636,8700223
1,2021-05-19,66878,7683620,40736,3939012,24196,3419772,1946,324836,29908,1051339,0.12084,36649,3475437,0.399465,31928,4526776,0.520306,8700223
1,2021-05-20,65126,7748746,37813,3976825,25076,3444848,2237,327073,26772,1042569,0.119832,37979,3513416,0.403831,29209,4555985,0.523663,8700223
1,2021-05-21,70838,7819584,42368,4019193,26587,3471435,1883,328956,29192,1032524,0.118678,41214,3554630,0.408568,31169,4587154,0.527246,8700223
1,2021-05-22,56634,7876218,37262,4056455,17640,3489075,1732,330688,24596,1027208,0.118067,31737,3586367,0.412216,26421,4613575,0.530282,8700223
1,2021-05-23,20583,7896801,14392,4070847,5604,3494679,587,331275,9534,1026418,0.117976,10937,3597304,0.413473,10147,4623722,0.531449,8700223
1,2021-05-24,44357,7941158,24757,4095604,17746,3512425,1854,333129,17951,1020179,0.117259,26127,3623431,0.416476,19888,4643610,0.533735,8700223
1,2021-05-25,51696,7992854,29815,4125419,20154,3532579,1727,334856,21497,1013633,0.116507,29862,3653293,0.419908,23316,4666926,0.536415,8700223
1,2021-05-26,49002,8041856,27770,4153189,19300,3551879,1932,336788,20772,1008477,0.115914,27901,3681194,0.423115,22745,4689671,0.539029,8700223
1,2021-05-27,47564,8089420,26719,4179908,18915,3570794,1930,338718,20371,1004013,0.115401,26879,3708073,0.426204,22415,4712086,0.541605,8700223
1,2021-05-28,53364,8142784,29817,4209725,21683,3592477,1864,340582,23922,1000852,0.115038,29073,3737146,0.429546,25912,4737998,0.544584,8700223
1,2021-05-29,30952,8173736,18754,4228479,11219,3603696,979,341561,14685,1000476,0.114994,16094,3753240,0.431396,15718,4753716,0.54639,8700223
1,2021-05-30,11743,8185479,7593,4236072,3589,3607285,561,342122,5528,1000453,0.114992,6138,3759378,0.432101,6115,4759831,0.547093,8700223
1,2021-05-31,5830,8191309,3318,4239390,2251,3609536,261,342383,2039,999046,0.11483,3719,3763097,0.432529,2312,4762143,0.547359,8700223
1,2021-06-01,46521,8237830,26356,4265746,18577,3628113,1588,343971,17623,989810,0.113768,28510,3791607,0.435806,19274,4781417,0.549574,8700223
1,2021-06-02,40621,8278451,23615,4289361,15489,3643602,1517,345488,16409,983933,0.113093,23886,3815493,0.438551,18009,4799426,0.551644,8700223
1,2021-06-03,42182,8320633,26457,4315818,13983,3657585,1742,347230,16113,976116,0.112194,25749,3841242,0.441511,17932,4817358,0.553705,8700223
1,2021-06-04,51027,8371660,32672,4348490,16525,3674110,1830,349060,18352,964099,0.110813,32275,3873517,0.44522,20258,4837616,0.556034,8700223
1,2021-06-05,40856,8412516,27901,4376391,10934,3685044,2021,351081,14311,954173,0.109672,26312,3899829,0.448245,16386,4854002,0.557917,8700223
1,2021-06-06,13266,8425782,10616,4387007,2131,3687175,519,351600,4560,950696,0.109273,8617,3908446,0.449235,5140,4859142,0.558508,8700223
1,2021-06-07,34387,8460169,23741,4410748,9270,3696445,1376,352976,12299,942574,0.108339,21852,3930298,0.451747,13730,4872872,0.560086,8700223
1,2021-06-08,42515,8502684,29407,4440155,11441,3707886,1667,354643,14793,931693,0.107088,27428,3957726,0.454899,16547,4889419,0.561988,8700223
1,2021-06-09,42487,8545171,29475,4469630,11355,3719241,1657,356300,13838,918923,0.105621,28322,3986048,0.458155,15552,4904971,0.563775,8700223
1,2021-06-10,39469,8584640,26590,4496220,11161,3730402,1718,358018,13476,908492,0.104422,25724,4011772,0.461111,15293,4920264,0.565533,8700223
1,2021-06-11,44867,8629507,29772,4525992,13384,3743786,1711,359729,16052,897851,0.103199,28483,4040255,0.464385,17842,4938106,0.567584,8700223
1,2021-06-12,34329,8663836,24849,4550841,8251,3752037,1229,360958,11278,887601,0.10202,22824,4063079,0.467009,12574,4950680,0.569029,8700223
1,2021-06-13,11721,8675557,8526,4559367,2712,3754749,483,361441,3417,883307,0.101527,8227,4071306,0.467954,3933,4954613,0.569481,8700223
1,2021-06-14,31443,8707000,21198,4580565,8908,3763657,1337,362778,11741,876931,0.100794,19483,4090789,0.470194,13107,4967720,0.570988,8700223
1,2021-06-15,37939,8744939,24886,4605451,11176,3774833,1877,364655,14090,869447,0.099934,23539,4114328,0.472899,16055,4983775,0.572833,8700223
1,2021-06-16,36126,8781065,24447,4629898,9821,3784654,1858,366513,13637,862812,0.099171,22187,4136515,0.475449,15552,4999327,0.574621,8700223
1,2021-06-17,34037,8815102,22514,4652412,9549,3794203,1974,368487,13286,857676,0.098581,20481,4156996,0.477803,15345,5014672,0.576384,8700223
1,2021-06-18,39974,8855076,25969,4678381,11135,3805338,2870,371357,15452,851824,0.097908,24225,4181221,0.480588,18373,5033045,0.578496,8700223
1,2021-06-19,24133,8879209,16754,4695135,6178,3811516,1201,372558,9811,848732,0.097553,14144,4195365,0.482214,11052,5044097,0.579766,8700223
1,2021-06-20,8173,8887382,5984,4701119,1912,3813428,277,372835,3225,847370,0.097396,4875,4200240,0.482774,3513,5047610,0.58017,8700223
1,2021-06-21,21110,8908492,11942,4713061,6968,3820396,2200,375035,10985,850601,0.097768,10003,4210243,0.483924,13234,5060844,0.581691,8700223
1,2021-06-22,31038,8939530,20244,4733305,8618,3829014,2176,377211,12933,847898,0.097457,17875,4228118,0.485978,15172,5076016,0.583435,8700223
1,2021-06-23,29578,8969108,19861,4753166,7881,3836895,1836,379047,12862,846131,0.097254,16490,4244608,0.487873,14723,5090739,0.585127,8700223
1,2021-06-24,28646,8997754,19094,4772260,7871,3844766,1681,380728,12104,843654,0.096969,16328,4260936,0.48975,13851,5104590,0.586719,8700223
1,2021-06-25,32066,9029820,21708,4793968,8933,3853699,1425,382153,14033,841389,0.096709,17778,4278714,0.491794,15513,5120103,0.588503,8700223
1,2021-06-26,22680,9052500,16842,4810810,4988,3858687,850,383003,9880,839503,0.096492,12663,4291377,0.493249,10777,5130880,0.589741,8700223
1,2021-06-27,9290,9061790,6928,4817738,1924,3860611,438,383441,4114,838971,0.096431,5102,4296479,0.493836,4570,5135450,0.590266,8700223
1,2021-06-28,21494,9083284,15975,4833713,4255,3864866,1264,384705,9955,838909,0.096424,11327,4307806,0.495137,11265,5146715,0.591561,8700223
1,2021-06-29,27302,9110586,18705,4852418,7196,3872062,1401,386106,12116,837498,0.096262,14989,4322795,0.49686,13578,5160293,0.593122,8700223
1,2021-06-30,26701,9137287,18505,4870923,7122,3879184,1074,387180,12765,837705,0.096285,13706,4336501,0.498436,13913,5174206,0.594721,8700223
1,2021-07-01,24394,9161681,16958,4887881,6123,3885307,1313,388493,11324,837525,0.096265,12893,4349394,0.499918,12713,5186919,0.596182,8700223
1,2021-07-02,27288,9188969,18779,4906660,7449,3892756,1060,389553,12762,837118,0.096218,14310,4363704,0.501562,13903,5200822,0.59778,8700223
1,2021-07-03,15098,9204067,10557,4917217,4081,3896837,460,390013,7196,837047,0.09621,7759,4371463,0.502454,7688,5208510,0.598664,8700223
1,2021-07-04,1304,9205371,736,4917953,500,3897337,68,390081,636,837099,0.096216,657,4372120,0.50253,709,5209219,0.598745,8700223
1,2021-07-05,11307,9216678,7828,4925781,3113,3900450,366,390447,5391,837064,0.096212,5840,4377960,0.503201,5805,5215024,0.599413,8700223
1,2021-07-06,27966,9244644,19777,4945558,7030,3907480,1159,391606,11187,832941,0.095738,16570,4394530,0.505105,12447,5227471,0.600843,8700223
1,2021-07-07,24366,9269010,17082,4962640,6106,3913586,1178,392784,10492,831019,0.095517,13677,4408207,0.506677,11755,5239226,0.602194,8700223
1,2021-07-08,23298,9292308,16157,4978797,6036,3919622,1105,393889,10018,829154,0.095303,13073,4421280,0.50818,11208,5250434,0.603483,8700223
1,2021-07-09,27576,9319884,19516,4998313,6883,3926505,1177,395066,12473,827945,0.095164,14917,4436197,0.509895,13708,5264142,0.605058,8700223
1,2021-07-10,18234,9338118,13167,5011480,4290,3930795,777,395843,8147,826963,0.095051,9953,4446150,0.511039,8971,5273113,0.606089,8700223
1,2021-07-11,6839,9344957,4999,5016479,1633,3932428,207,396050,3312,827026,0.095058,3474,4449624,0.511438,3537,5276650,0.606496,8700223
1,2021-07-12,20496,9365453,14732,5031211,4860,3937288,904,396954,9096,825870,0.094925,11251,4460875,0.512731,10095,5286745,0.607656,8700223
1,2021-07-13,22790,9388243,15911,5047122,6054,3943342,825,397779,10683,825519,0.094885,11946,4472821,0.514104,11595,5298340,0.608989,8700223
1,2021-07-14,22705,9410948,15611,5062733,6100,3949442,994,398773,10246,824572,0.094776,12297,4485118,0.515518,11350,5309690,0.610294,8700223
1,2021-07-15,22117,9433065,15671,5078404,5707,3955149,739,399512,10719,824891,0.094813,11245,4496363,0.51681,11564,5321254,0.611623,8700223
1,2021-07-16,27206,9460271,19005,5097409,7190,3962339,1011,400523,13494,825946,0.094934,13535,4509898,0.518366,14590,5335844,0.6133,8700223
1,2021-07-17,18920,9479191,13679,5111088,4533,3966872,708,401231,9338,826584,0.095007,9444,4519342,0.519451,10082,5345926,0.614459,8700223
1,2021-07-18,7537,9486728,5561,5116649,1690,3968562,286,401517,3856,827122,0.095069,3621,4522963,0.519867,4159,5350085,0.614937,8700223
1,2021-07-19,21135,9507863,15307,5131956,4986,3973548,842,402359,10594,828255,0.095199,10400,4533363,0.521063,11533,5361618,0.616262,8700223
1,2021-07-20,25319,9533182,17507,5149463,6912,3980460,900,403259,13051,830219,0.095425,12079,4545442,0.522451,14043,5375661,0.617876,8700223
1,2021-07-21,25619,9558801,17995,5167458,6405,3986865,1219,404478,13111,832327,0.095667,12338,4557780,0.523869,14446,5390107,0.619537,8700223
1,2021-07-22,24742,9583543,17519,5184977,6376,3993241,847,405325,13492,835705,0.096056,11053,4568833,0.52514,14431,5404538,0.621195,8700223
1,2021-07-23,29502,9613045,20881,5205858,7596,4000837,1025,406350,16449,840402,0.096595,12849,4581682,0.526617,17546,5422084,0.623212,8700223
1,2021-07-24,18395,9631440,13005,5218863,4817,4005654,573,406923,10816,844359,0.09705,7457,4589139,0.527474,11414,5433498,0.624524,8700223
1,2021-07-25,7599,9639039,5464,5224327,2018,4007672,117,407040,5666,848275,0.0975,1887,4591026,0.527691,5803,5439301,0.625191,8700223
1,2021-07-26,21805,9660844,15094,5239421,5945,4013617,766,407806,14106,855664,0.09835,7554,4598580,0.528559,14943,5454244,0.626909,8700223
1,2021-07-27,27462,9688306,19642,5259063,6870,4020487,950,408756,16186,861759,0.09905,11094,4609674,0.529834,17189,5471433,0.628884,8700223
1,2021-07-28,28383,9716689,20141,5279204,7362,4027849,880,409636,17416,869352,0.099923,10775,4620449,0.531072,18368,5489801,0.630995,8700223
1,2021-07-29,27004,9743693,19169,5298373,7040,4034889,795,410431,16899,877183,0.100823,9927,4630376,0.532213,17758,5507559,0.633037,8700223
1,2021-07-30,31473,9775166,22522,5320895,8038,4042927,913,411344,19238,885359,0.101763,12012,4642388,0.533594,20188,5527747,0.635357,8700223
1,2021-07-31,20013,9795179,14529,5335424,4943,4047870,541,411885,12428,890933,0.102403,7420,4649808,0.534447,12994,5540741,0.63685,8700223
1,2021-08-01,8890,9804069,6702,5342126,2062,4049932,126,412011,6087,894420,0.102804,2754,4652562,0.534764,6241,5546982,0.637568,8700223
1,2021-08-02,25041,9829110,18632,5360758,5695,4055627,714,412725,16292,902889,0.103778,8585,4661147,0.53575,17054,5564036,0.639528,8700223
1,2021-08-03,28936,9858046,20970,5381728,7021,4062648,945,413670,18165,911454,0.104762,10579,4671726,0.536966,19144,5583180,0.641728,8700223
1,2021-08-04,27798,9885844,20223,5401951,6696,4069344,879,414549,17678,920146,0.105761,9913,4681639,0.538106,18605,5601785,0.643867,8700223
1,2021-08-05,27568,9913412,20219,5422170,6435,4075779,914,415463,17376,928478,0.106719,9980,4691619,0.539253,18312,5620097,0.645972,8700223
1,2021-08-06,34021,9947433,25067,5447237,7978,4083757,976,416439,21238,938195,0.107836,12540,4704159,0.540694,22257,5642354,0.64853,8700223
1,2021-08-07,21815,9969248,16373,5463610,4873,4088630,569,417008,13590,944271,0.108534,8097,4712256,0.541625,14173,5656527,0.650159,8700223
1,2021-08-08,10534,9979782,7695,5471305,2637,4091267,202,417210,6852,947723,0.108931,3612,4715868,0.54204,7064,5663591,0.650971,8700223
1,2021-08-09,27968,10007750,20966,5492271,6189,4097456,813,418023,17289,955375,0.10981,10487,4726355,0.543245,18139,5681730,0.653056,8700223
1,2021-08-10,29443,10037193,21672,5513943,6902,4104358,869,418892,17558,962180,0.110593,11676,4738031,0.544587,18481,5700211,0.65518,8700223
1,2021-08-11,27340,10064533,20195,5534138,6225,4110583,920,419812,16182,968363,0.111303,10945,4748976,0.545845,17128,5717339,0.657149,8700223
1,2021-08-12,28872,10093405,20783,5554921,7040,4117623,1049,420861,17225,975308,0.112101,11356,4760332,0.547151,18301,5735640,0.659252,8700223
1,2021-08-13,36247,10129652,26366,5581287,8825,4126448,1056,421917,21118,982710,0.112952,14817,4775149,0.548854,22219,5757859,0.661806,8700223
1,2021-08-14,23924,10153576,18164,5599451,5202,4131650,558,422475,13656,987129,0.11346,9813,4784962,0.549982,14232,5772091,0.663442,8700223
1,2021-08-15,10577,10164153,7806,5607257,2609,4134259,162,422637,6110,989262,0.113705,4162,4789124,0.55046,6295,5778386,0.664165,8700223
1,2021-08-16,29106,10193259,20656,5627913,7656,4141915,794,423431,16035,993944,0.114244,12178,4801302,0.55186,16860,5795246,0.666103,8700223
1,2021-08-17,31699,10224958,22455,5650368,8301,4150216,943,424374,16652,997482,0.11465,14097,4815399,0.55348,17635,5812881,0.66813,8700223
1,2021-08-18,31790,10256748,22797,5673165,8100,4158316,893,425267,16174,1000193,0.114962,14404,4829803,0.555136,17115,5829996,0.670097,8700223
1,2021-08-19,31041,10287789,22148,5695313,7882,4166198,1011,426278,15888,1003227,0.11531,13905,4843708,0.556734,16939,5846935,0.672044,8700223
1,2021-08-20,38199,10325988,27739,5723052,9508,4175706,952,427230,19376,1006328,0.115667,17260,4860968,0.558718,20361,5867296,0.674385,8700223
1,2021-08-21,23118,10349106,17300,5740352,5253,4180959,565,427795,11336,1007206,0.115768,11038,4872006,0.559986,11916,5879212,0.675754,8700223
1,2021-08-22,11874,10360980,8694,5749046,2978,4183937,202,427997,5978,1007891,0.115847,5509,4877515,0.56062,6194,5885406,0.676466,8700223
1,2021-08-23,31148,10392128,23120,5772166,7279,4191216,749,428746,15022,1008768,0.115947,14962,4892477,0.562339,15839,5901245,0.678287,8700223
1,2021-08-24,31851,10423979,24144,5796310,6871,4198087,836,429582,15099,1009228,0.116,15538,4908015,0.564125,15998,5917243,0.680125,8700223
1,2021-08-25,31432,10455411,23843,5820153,6848,4204935,741,430323,14723,1009261,0.116004,15489,4923504,0.565905,15522,5932765,0.68191,8700223
1,2021-08-26,31366,10486777,23370,5843523,7108,4212043,888,431211,14841,1009942,0.116082,15094,4938598,0.56764,15775,5948540,0.683723,8700223
1,2021-08-27,38702,10525479,29703,5873226,8192,4220235,807,432018,17632,1009086,0.115984,19372,4957970,0.569867,18516,5967056,0.685851,8700223
1,2021-08-28,24700,10550179,19315,5892541,4953,4225188,432,432450,10736,1007102,0.115756,13199,4971169,0.571384,11215,5978271,0.68714,8700223
1,2021-08-29,12010,10562189,9025,5901566,2839,4228027,146,432596,5556,1006813,0.115723,6023,4977192,0.572076,5734,5984005,0.687799,8700223
1,2021-08-30,28739,10590928,21096,5922662,6726,4234753,917,433513,12394,1005082,0.115524,15099,4992291,0.573812,13368,5997373,0.689336,8700223
1,2021-08-31,28990,10619918,21654,5944316,6585,4241338,751,434264,12309,1002834,0.115265,15350,5007641,0.575576,13102,6010475,0.690841,8700223
1,2021-09-01,28278,10648196,21024,5965340,6596,4247934,658,434922,12839,1002456,0.115222,13944,5021585,0.577179,13566,6024041,0.692401,8700223
1,2021-09-02,26439,10674635,19595,5984935,6167,4254101,677,435599,11451,1001070,0.115063,13530,5035115,0.578734,12144,6036185,0.693797,8700223
1,2021-09-03,18866,10693501,13976,5998911,4333,4258434,557,436156,7547,998946,0.114818,10233,5045348,0.57991,8109,6044294,0.694729,8700223
2,2020-12-15,264,264,264,264,0,0,0,0,264,264,3.1e-05,0,0,0.0,264,264,3.1e-05,8407551
2,2020-12-16,2336,2600,2336,2600,0,0,0,0,2337,2601,0.000309,0,0,0.0,2337,2601,0.000309,8407551
2,2020-12-17,7261,9861,7261,9861,0,0,0,0,7260,9861,0.001173,0,0,0.0,7260,9861,0.001173,8407551
2,2020-12-18,11195,21056,11174,21035,21,21,0,0,11197,21058,0.002505,0,0,0.0,11197,21058,0.002505,8407551
2,2020-12-19,5648,26704,5640,26675,8,29,0,0,5650,26708,0.003177,0,0,0.0,5650,26708,0.003177,8407551
2,2020-12-20,4272,30976,4255,30930,17,46,0,0,4264,30971,0.003684,1,1,0.0,4264,30972,0.003684,8407551
2,2020-12-21,12904,43880,12873,43803,31,77,0,0,12859,43829,0.005213,1,2,0.0,12859,43831,0.005213,8407551
2,2020-12-22,12303,56183,11767,55570,536,613,0,0,12301,56130,0.006676,0,2,0.0,12301,56132,0.006676,8407551
2,2020-12-23,11879,68062,9587,65157,2292,2905,0,0,11879,68008,0.008089,2,4,0.0,11880,68012,0.008089,8407551
2,2020-12-24,5932,73994,3507,68664,2425,5330,0,0,5928,73934,0.008794,4,8,1e-06,5930,73942,0.008795,8407551
2,2020-12-25,506,74500,422,69086,84,5414,0,0,509,74443,0.008854,0,8,1e-06,509,74451,0.008855,8407551
2,2020-12-26,2601,77101,1673,70759,928,6342,0,0,2601,77042,0.009163,2,10,1e-06,2601,77052,0.009165,8407551
2,2020-12-27,2238,79339,1216,71975,1022,7364,0,0,2236,79276,0.009429,2,12,1e-06,2236,79288,0.009431,8407551
2,2020-12-28,11215,90554,7277,79252,3938,11302,0,0,11213,90484,0.010762,5,17,2e-06,11213,90501,0.010764,8407551
2,2020-12-29,13052,103606,7346,86598,5706,17008,0,0,13056,103539,0.012315,1,18,2e-06,13056,103557,0.012317,8407551
2,2020-12-30,15760,119366,8831,95429,6929,23937,0,0,15754,119290,0.014188,5,23,3e-06,15756,119313,0.014191,8407551
2,2020-12-31,7634,127000,2831,98260,4803,28740,0,0,7626,126911,0.015095,5,28,3e-06,7626,126939,0.015098,8407551
2,2021-01-01,1460,128460,704,98964,756,29496,0,0,1455,128362,0.015267,4,32,4e-06,1455,128394,0.015271,8407551
2,2021-01-02,4892,133352,2785,101749,2107,31603,0,0,4887,133247,0.015848,2,34,4e-06,4887,133281,0.015853,8407551
2,2021-01-03,1443,134795,814,102563,629,32232,0,0,1436,134680,0.016019,3,37,4e-06,1436,134717,0.016023,8407551
2,2021-01-04,11861,146656,5666,108229,6195,38427,0,0,11847,146522,0.017427,5,42,5e-06,11847,146564,0.017432,8407551
2,2021-01-05,14074,160730,7064,115293,7010,45437,0,0,12818,158122,0.018807,1252,1294,0.000154,12852,159416,0.018961,8407551
2,2021-01-06,19317,180047,10679,125972,8638,54075,0,0,15278,169436,0.020153,3979,5273,0.000627,15293,174709,0.02078,8407551
2,2021-01-07,23528,203575,13260,139232,10268,64343,0,0,15739,177395,0.021099,7801,13074,0.001555,15760,190469,0.022655,8407551
2,2021-01-08,27226,230801,16451,155683,10775,75118,0,0,16634,183524,0.021828,10538,23612,0.002808,16667,207136,0.024637,8407551
2,2021-01-09,9914,240715,5806,161489,4108,79226,0,0,6307,186242,0.022152,3600,27212,0.003237,6318,213454,0.025388,8407551
2,2021-01-10,5365,246080,2995,164484,2370,81596,0,0,3098,187068,0.02225,2277,29489,0.003507,3103,216557,0.025757,8407551
2,2021-01-11,26252,272332,18146,182630,8106,89702,0,0,15059,190972,0.022714,11206,40695,0.00484,15110,231667,0.027555,8407551
2,2021-01-12,26643,298975,16563,199193,10080,99782,0,0,16909,198215,0.023576,9760,50455,0.006001,17003,248670,0.029577,8407551
2,2021-01-13,28849,327824,15311,214504,13538,113320,0,0,20759,210937,0.025089,8079,58534,0.006962,20801,269471,0.032051,8407551
2,2021-01-14,30813,358637,11806,226310,19007,132327,0,0,26472,233154,0.027731,4339,62873,0.007478,26556,296027,0.03521,8407551
2,2021-01-15,35422,394059,12882,239192,22540,154867,0,0,32089,262007,0.031163,3331,66204,0.007874,32184,328211,0.039038,8407551
2,2021-01-16,18407,412466,6150,245342,12257,167124,0,0,16981,277553,0.033012,1443,67647,0.008046,16989,345200,0.041058,8407551
2,2021-01-17,10610,423076,3594,248936,7016,174140,0,0,9844,286628,0.034092,780,68427,0.008139,9855,355055,0.04223,8407551
2,2021-01-18,19915,442991,11139,260075,8776,182916,0,0,15004,296771,0.035298,4927,73354,0.008725,15070,370125,0.044023,8407551
2,2021-01-19,33004,475995,17246,277321,15758,198674,0,0,24758,313401,0.037276,8247,81601,0.009706,24877,395002,0.046982,8407551
2,2021-01-20,37902,513897,19100,296421,18802,217476,0,0,29137,333897,0.039714,8739,90340,0.010745,29235,424237,0.050459,8407551
2,2021-01-21,41368,555265,17600,314021,23768,241244,0,0,36714,366180,0.043554,4624,94964,0.011295,36907,461144,0.054849,8407551
2,2021-01-22,39810,595075,16645,330666,23165,264409,0,0,36388,399159,0.047476,3440,98404,0.011704,36419,497563,0.05918,8407551
2,2021-01-23,24383,619458,10842,341508,13541,277950,0,0,21382,417596,0.049669,2977,101381,0.012058,21414,518977,0.061727,8407551
2,2021-01-24,12518,631976,6137,347645,6381,284331,0,0,11575,428263,0.050938,928,102309,0.012169,11595,530572,0.063107,8407551
2,2021-01-25,34236,666212,15739,363384,18497,302828,0,0,25236,444706,0.052894,8947,111256,0.013233,25390,555962,0.066127,8407551
2,2021-01-26,40692,706904,19886,383270,20806,323634,0,0,31296,466729,0.055513,9367,120623,0.014347,31390,587352,0.06986,8407551
2,2021-01-27,45995,752899,22753,406023,23242,346876,0,0,35464,491853,0.058501,10411,131034,0.015585,35535,622887,0.074087,8407551
2,2021-01-28,48401,801300,22552,428575,25849,372725,0,0,39493,522593,0.062158,8839,139873,0.016637,39579,662466,0.078794,8407551
2,2021-01-29,46059,847359,22145,450720,23914,396639,0,0,37112,550975,0.065533,8816,148689,0.017685,37198,699664,0.083219,8407551
2,2021-01-30,31533,878892,13349,464069,18184,414823,0,0,28069,575672,0.068471,3421,152110,0.018092,28118,727782,0.086563,8407551
2,2021-01-31,17314,896206,10228,474297,7086,421909,0,0,16073,590549,0.07024,1219,153329,0.018237,16096,743878,0.088477,8407551
2,2021-02-01,41678,937884,19945,494242,21733,443642,0,0,30382,609747,0.072524,11234,164563,0.019573,30432,774310,0.092097,8407551
2,2021-02-02,48300,986184,19627,513869,28673,472315,0,0,36580,634807,0.075504,11623,176186,0.020956,36683,810993,0.09646,8407551
2,2021-02-03,54407,1040591,23896,537765,30511,502826,0,0,39968,660545,0.078566,14334,190520,0.022661,40072,851065,0.101226,8407551
2,2021-02-04,56668,1097259,24261,562026,32407,535233,0,0,41130,686359,0.081636,15426,205946,0.024495,41240,892305,0.106131,8407551
2,2021-02-05,60689,1157948,26321,588347,34368,569601,0,0,40903,707906,0.084199,19560,225506,0.026822,41107,933412,0.111021,8407551
2,2021-02-06,39613,1197561,18373,606720,21240,590841,0,0,31481,731447,0.086999,8052,233558,0.02778,31593,965005,0.114778,8407551
2,2021-02-07,15803,1213364,10436,617156,5367,596208,0,0,11952,739654,0.087975,3818,237376,0.028234,12025,977030,0.116209,8407551
2,2021-02-08,43347,1256711,21931,639087,21416,617624,0,0,29591,755858,0.089902,13605,250981,0.029852,29809,1006839,0.119754,8407551
2,2021-02-09,49910,1306621,23617,662704,26293,643917,0,0,30714,767978,0.091344,18962,269943,0.032107,31082,1037921,0.123451,8407551
2,2021-02-10,59934,1366555,28014,690718,31920,675837,0,0,34496,777714,0.092502,25141,295084,0.035097,34877,1072798,0.127599,8407551
2,2021-02-11,64711,1431266,29706,720424,35005,710842,0,0,35932,785773,0.09346,28395,323479,0.038475,36454,1109252,0.131935,8407551
2,2021-02-12,66362,1497628,28608,749032,37754,748596,0,0,35386,791160,0.094101,30678,354157,0.042124,36065,1145317,0.136225,8407551
2,2021-02-13,38357,1535985,15954,764986,22403,770999,0,0,22048,797394,0.094843,16198,370355,0.04405,22432,1167749,0.138893,8407551
2,2021-02-14,20231,1556216,9417,774403,10814,781813,0,0,11215,800026,0.095156,8958,379313,0.045116,11590,1179339,0.140271,8407551
2,2021-02-15,33515,1589731,15057,789460,18458,800271,0,0,18527,804589,0.095698,14839,394152,0.046881,19402,1198741,0.142579,8407551
2,2021-02-16,56748,1646479,27774,817234,28974,829245,0,0,29790,808241,0.096133,26832,420984,0.050072,30484,1229225,0.146205,8407551
2,2021-02-17,62095,1708574,31884,849118,30211,859456,0,0,30739,808567,0.096172,31241,452225,0.053788,31567,1260792,0.149959,8407551
2,2021-02-18,66813,1775387,33655,882773,33158,892614,0,0,32435,808069,0.096112,34094,486319,0.057843,33596,1294388,0.153955,8407551
2,2021-02-19,60140,1835527,33216,915989,26924,919538,0,0,29778,808293,0.096139,30148,516467,0.061429,30372,1324760,0.157568,8407551
2,2021-02-20,38041,1873568,24648,940637,13393,932931,0,0,20601,812276,0.096613,17322,533789,0.063489,21305,1346065,0.160102,8407551
2,2021-02-21,21953,1895521,17715,958352,4238,937169,0,0,10827,812930,0.09669,11013,544802,0.064799,11667,1357732,0.16149,8407551
2,2021-02-22,39783,1935304,27145,985497,12638,949807,0,0,18814,811655,0.096539,20801,565603,0.067273,19526,1377258,0.163812,8407551
2,2021-02-23,54222,1989526,27667,1013164,26555,976362,0,0,23728,807096,0.095997,30203,595806,0.070866,25644,1402902,0.166862,8407551
2,2021-02-24,71573,2061099,36733,1049897,34840,1011202,0,0,32678,803540,0.095574,38647,634453,0.075462,35091,1437993,0.171036,8407551
2,2021-02-25,77678,2138777,36712,1086609,40966,1052168,0,0,39343,807715,0.09607,38041,672494,0.079987,42216,1480209,0.176057,8407551
2,2021-02-26,86301,2225078,36995,1123604,49306,1101474,0,0,46284,816539,0.09712,39678,712172,0.084706,48502,1528711,0.181826,8407551
2,2021-02-27,63160,2288238,29314,1152918,33837,1135311,9,9,34170,823334,0.097928,28733,740905,0.088124,35528,1564239,0.186052,8407551
2,2021-02-28,31141,2319379,18660,1171578,12480,1147791,1,10,18031,829254,0.098632,12970,753875,0.089666,18890,1583129,0.188298,8407551
2,2021-03-01,59395,2378774,30928,1202506,28386,1176177,81,91,32400,836331,0.099474,26648,780523,0.092836,33725,1616854,0.19231,8407551
2,2021-03-02,71134,2449908,34133,1236639,36985,1213162,16,107,39760,847326,0.100782,31164,811687,0.096543,42159,1659013,0.197324,8407551
2,2021-03-03,82101,2532009,39537,1276176,42543,1255705,21,128,46273,860687,0.102371,35586,847273,0.100775,48947,1707960,0.203146,8407551
2,2021-03-04,89946,2621955,44056,1320232,45857,1301562,33,161,51364,876198,0.104216,38303,885576,0.105331,53814,1761774,0.209547,8407551
2,2021-03-05,83658,2705613,39263,1359495,44070,1345632,325,486,50646,896830,0.10667,32744,918320,0.109226,53376,1815150,0.215895,8407551
2,2021-03-06,63690,2769303,31006,1390501,30956,1376588,1728,2214,38910,914269,0.108744,24627,942947,0.112155,42066,1857216,0.220899,8407551
2,2021-03-07,28908,2798211,16405,1406906,10955,1387543,1548,3762,18275,924661,0.10998,10561,953508,0.113411,20953,1878169,0.223391,8407551
2,2021-03-08,51328,2849539,23519,1430425,25220,1412763,2589,6351,32184,942054,0.112049,19017,972525,0.115673,36410,1914579,0.227721,8407551
2,2021-03-09,71267,2920806,32457,1462882,34924,1447687,3886,10237,39390,954955,0.113583,31718,1004243,0.119445,44619,1959198,0.233028,8407551
2,2021-03-10,78996,2999802,37295,1500177,35104,1482791,6597,16834,41722,967539,0.11508,37034,1041277,0.12385,49618,2008816,0.23893,8407551
2,2021-03-11,93756,3093558,43181,1543358,42153,1524944,8422,25256,48706,981314,0.116718,44714,1085991,0.129169,58489,2067305,0.245887,8407551
2,2021-03-12,94699,3188257,39046,1582404,43709,1568653,11944,37200,46887,993956,0.118222,47532,1133523,0.134822,60174,2127479,0.253044,8407551
2,2021-03-13,69547,3257804,29023,1611427,32478,1601131,8046,45246,38018,1009896,0.120118,31371,1164894,0.138553,47311,2174790,0.258671,8407551
2,2021-03-14,37196,3295000,18410,1629837,14264,1615395,4522,49768,18667,1015399,0.120772,18412,1183306,0.140743,23915,2198705,0.261516,8407551
2,2021-03-15,67844,3362844,30614,1660451,32198,1647593,5032,54800,37300,1028527,0.122334,30293,1213599,0.144346,43421,2242126,0.26668,8407551
2,2021-03-16,86772,3449616,38428,1698879,44295,1691888,4049,58849,52225,1051594,0.125077,34319,1247918,0.148428,57386,2299512,0.273506,8407551
2,2021-03-17,93433,3543049,44715,1743594,44506,1736394,4212,63061,59111,1081695,0.128658,34017,1281935,0.152474,64118,2363630,0.281132,8407551
2,2021-03-18,98826,3641875,47119,1790713,47020,1783414,4687,67748,59786,1108018,0.131788,38690,1320625,0.157076,65013,2428643,0.288864,8407551
2,2021-03-19,97908,3739783,46457,1837170,45340,1828754,6111,73859,57637,1132322,0.134679,39933,1360558,0.161826,64237,2492880,0.296505,8407551
2,2021-03-20,70303,3810086,33971,1871141,32315,1861069,4017,77876,45708,1158044,0.137739,24343,1384901,0.164721,50065,2542945,0.30246,8407551
2,2021-03-21,33894,3843980,21790,1892931,10087,1871156,2017,79893,20228,1167225,0.138831,13495,1398396,0.166326,22676,2565621,0.305157,8407551
2,2021-03-22,63315,3907295,34869,1927800,25819,1896975,2627,82520,41820,1191336,0.141698,21230,1419626,0.168851,45341,2610962,0.31055,8407551
2,2021-03-23,84413,3991708,44869,1972669,36608,1933583,2936,85456,52198,1215409,0.144562,31897,1451523,0.172645,55970,2666932,0.317207,8407551
2,2021-03-24,92563,4084271,49652,2022321,39709,1973292,3202,88658,53859,1234952,0.146886,38335,1489858,0.177205,57878,2724810,0.324091,8407551
2,2021-03-25,102245,4186516,51571,2073892,46732,2020024,3942,92600,57369,1252555,0.14898,44479,1534337,0.182495,62082,2786892,0.331475,8407551
2,2021-03-26,104340,4290856,51811,2125703,49014,2069038,3515,96115,56567,1266320,0.150617,47352,1581689,0.188127,61117,2848009,0.338744,8407551
2,2021-03-27,76192,4367048,37986,2163689,34869,2103907,3337,99452,37933,1270485,0.151112,37964,1619653,0.192643,42129,2890138,0.343755,8407551
2,2021-03-28,38103,4405151,23556,2187245,13732,2117639,815,100267,20247,1274705,0.151614,17697,1637350,0.194748,21917,2912055,0.346362,8407551
2,2021-03-29,72297,4477448,36723,2223968,33294,2150933,2280,102547,40724,1287377,0.153122,31329,1668679,0.198474,44001,2956056,0.351595,8407551
2,2021-03-30,92897,4570345,45513,2269481,42980,2193913,4404,106951,51788,1303324,0.155018,40871,1709550,0.203335,56818,3012874,0.358353,8407551
2,2021-03-31,102069,4672414,52596,2322077,44320,2238233,5153,112104,57668,1322474,0.157296,44050,1753600,0.208574,63200,3076074,0.36587,8407551
2,2021-04-01,118586,4791000,57177,2379254,52035,2290268,9374,121478,64199,1342528,0.159681,53903,1807503,0.214986,73957,3150031,0.374667,8407551
2,2021-04-02,112323,4903323,51837,2431091,50198,2340466,10288,131766,59854,1361087,0.161889,52022,1859525,0.221173,70581,3220612,0.383062,8407551
2,2021-04-03,77013,4980336,37742,2468833,29378,2369844,9893,141659,38016,1370593,0.163019,38761,1898286,0.225783,48267,3268879,0.388803,8407551
2,2021-04-04,29133,5009469,15010,2483843,10243,2380087,3880,145539,13035,1371549,0.163133,15975,1914261,0.227684,16931,3285810,0.390817,8407551
2,2021-04-05,79759,5089228,39018,2522861,31817,2411904,8924,154463,38268,1378189,0.163923,41284,1955545,0.232594,47924,3333734,0.396517,8407551
2,2021-04-06,104440,5193668,50770,2573631,38855,2450759,14815,169278,49231,1387723,0.165057,54901,2010446,0.239124,64435,3398169,0.404181,8407551
2,2021-04-07,111204,5304872,55428,2629059,39402,2490161,16374,185652,52093,1397610,0.166233,58791,2069237,0.246116,68678,3466847,0.412349,8407551
2,2021-04-08,120038,5424910,57675,2686734,43435,2533596,18928,204580,55543,1408474,0.167525,64095,2133332,0.25374,74959,3541806,0.421265,8407551
2,2021-04-09,119412,5544322,57431,2744165,43714,2577310,18267,222847,56285,1421108,0.169028,62718,2196050,0.2612,75352,3617158,0.430227,8407551
2,2021-04-10,87826,5632148,37820,2781985,31535,2608845,18471,241318,36190,1425034,0.169495,51350,2247400,0.267307,55276,3672434,0.436802,8407551
2,2021-04-11,44706,5676854,23182,2805167,13001,2621846,8523,249841,18298,1426309,0.169646,26245,2273645,0.270429,27520,3699954,0.440075,8407551
2,2021-04-12,80573,5757427,37494,2842661,33599,2655445,9480,259321,35810,1428106,0.16986,44472,2318117,0.275718,46269,3746223,0.445578,8407551
2,2021-04-13,102180,5859607,53005,2895666,48913,2704358,262,259583,55755,1438908,0.171145,46119,2364236,0.281204,56921,3803144,0.452349,8407551
2,2021-04-14,107273,5966880,56182,2951848,51028,2755386,63,259646,54562,1442612,0.171585,52365,2416601,0.287432,56069,3859213,0.459017,8407551
2,2021-04-15,113698,6080578,60339,3012187,53261,2808647,98,259744,59116,1448761,0.172317,54149,2470750,0.293873,60298,3919511,0.466189,8407551
2,2021-04-16,111247,6191825,57828,3070015,53358,2862005,61,259805,56360,1451537,0.172647,54500,2525250,0.300355,57276,3976787,0.473002,8407551
2,2021-04-17,83844,6275669,42657,3112672,41171,2903176,16,259821,46709,1462285,0.173925,36853,2562103,0.304738,47601,4024388,0.478664,8407551
2,2021-04-18,36090,6311759,21945,3134617,14133,2917309,12,259833,17013,1461375,0.173817,18928,2581031,0.30699,18018,4042406,0.480807,8407551
2,2021-04-19,74992,6386751,40293,3174910,34679,2951988,20,259853,33911,1455136,0.173075,40786,2621817,0.311841,34547,4076953,0.484916,8407551
2,2021-04-20,97650,6484401,49352,3224262,48266,3000254,32,259885,46967,1452576,0.17277,50307,2672124,0.317824,47747,4124700,0.490595,8407551
2,2021-04-21,104209,6588610,56377,3280639,47761,3048015,71,259956,48913,1447768,0.172199,54774,2726898,0.324339,49966,4174666,0.496538,8407551
2,2021-04-22,108708,6697318,56167,3336806,52512,3100527,29,259985,47421,1435302,0.170716,60797,2787695,0.33157,48331,4222997,0.502286,8407551
2,2021-04-23,108341,6805659,57745,3394551,50575,3151102,21,260006,49872,1428103,0.16986,58023,2845718,0.338472,50824,4273821,0.508331,8407551
2,2021-04-24,81216,6886875,47767,3442318,33405,3184507,44,260050,42206,1432666,0.170402,38632,2884350,0.343067,43195,4317016,0.513469,8407551
2,2021-04-25,36738,6923613,22627,3464945,14094,3198601,17,260067,19927,1436441,0.170851,16644,2900994,0.345046,20419,4337435,0.515898,8407551
2,2021-04-26,74564,6998177,41293,3506238,32953,3231554,318,260385,34179,1432317,0.170361,40084,2941078,0.349814,35960,4373395,0.520175,8407551
2,2021-04-27,88568,7086745,46689,3552927,40501,3272055,1378,261763,37894,1422591,0.169204,50252,2991330,0.355791,40526,4413921,0.524995,8407551
2,2021-04-28,88523,7175268,47265,3600192,39376,3311431,1882,263645,38889,1415029,0.168305,49255,3040585,0.361649,41693,4455614,0.529954,8407551
2,2021-04-29,91664,7266932,49859,3650051,40085,3351516,1720,265365,35513,1397152,0.166178,55724,3096309,0.368277,37847,4493461,0.534455,8407551
2,2021-04-30,95119,7362051,52543,3702594,40559,3392075,2017,267382,36829,1378869,0.164004,57787,3154096,0.37515,39504,4532965,0.539154,8407551
2,2021-05-01,62984,7425035,38350,3740944,23020,3415095,1614,268996,24535,1367795,0.162686,38088,3192184,0.379681,27014,4559979,0.542367,8407551
2,2021-05-02,29396,7454431,20472,3761416,7945,3423040,979,269975,11148,1361910,0.161987,18101,3210285,0.381834,12216,4572195,0.54382,8407551
2,2021-05-03,60877,7515308,36141,3797557,22660,3445700,2076,272051,20363,1344396,0.159903,40216,3250501,0.386617,22702,4594897,0.54652,8407551
2,2021-05-04,80191,7595499,47847,3845404,29934,3475634,2410,274461,25942,1319265,0.156914,53874,3304375,0.393025,28743,4623640,0.549939,8407551
2,2021-05-05,80957,7676456,48184,3893588,30412,3506046,2361,276822,25202,1291861,0.153655,55333,3359708,0.399606,27929,4651569,0.553261,8407551
2,2021-05-06,83431,7759887,50677,3944265,29820,3535866,2934,279756,25213,1262934,0.150214,57712,3417420,0.40647,28785,4680354,0.556685,8407551
2,2021-05-07,84224,7844111,48640,3992905,33151,3569017,2433,282189,25717,1233456,0.146708,58079,3475499,0.413378,28601,4708955,0.560086,8407551
2,2021-05-08,55943,7900054,33934,4026839,20279,3589296,1730,283919,17430,1215087,0.144523,38262,3513761,0.417929,19893,4728848,0.562452,8407551
2,2021-05-09,21963,7922017,15815,4042654,5397,3594693,751,284670,6326,1206857,0.143544,15538,3529299,0.419777,7308,4736156,0.563322,8407551
2,2021-05-10,50511,7972528,27535,4070189,21085,3615778,1891,286561,14172,1187465,0.141238,36056,3565355,0.424066,16664,4752820,0.565304,8407551
2,2021-05-11,66672,8039200,36138,4106327,28388,3644166,2146,288707,20001,1163966,0.138443,46337,3611692,0.429577,22838,4775658,0.56802,8407551
2,2021-05-12,65567,8104767,34928,4141255,28397,3672563,2242,290949,19241,1139872,0.135577,45991,3657683,0.435047,21897,4797555,0.570625,8407551
2,2021-05-13,71376,8176143,41434,4182689,27988,3700551,1954,292903,26033,1123574,0.133639,45027,3702710,0.440403,28729,4826284,0.574042,8407551
2,2021-05-14,80397,8256540,48173,4230862,29948,3730499,2276,295179,30792,1108067,0.131794,49221,3751931,0.446257,33714,4859998,0.578052,8407551
2,2021-05-15,66919,8323459,43954,4274816,21244,3751743,1721,296900,25897,1095350,0.130282,40745,3792676,0.451104,28028,4888026,0.581385,8407551
2,2021-05-16,31856,8355315,23838,4298654,7087,3758830,931,297831,12949,1090605,0.129717,18761,3811437,0.453335,14016,4902042,0.583052,8407551
2,2021-05-17,58325,8413640,36950,4335604,19410,3778240,1965,299796,22910,1080693,0.128538,35157,3846594,0.457517,25245,4927287,0.586055,8407551
2,2021-05-18,70569,8484209,41267,4376871,27334,3805574,1968,301764,27932,1068799,0.127124,42338,3888932,0.462552,30444,4957731,0.589676,8407551
2,2021-05-19,69364,8553573,41051,4417922,26277,3831851,2036,303800,27391,1057062,0.125728,41634,3930566,0.467504,29897,4987628,0.593232,8407551
2,2021-05-20,70121,8623694,40707,4458629,27215,3859066,2199,305999,26642,1043390,0.124102,43119,3973685,0.472633,29447,5017075,0.596734,8407551
2,2021-05-21,73680,8697374,43530,4502159,27970,3887036,2180,308179,27967,1028775,0.122363,45326,4019011,0.478024,30711,5047786,0.600387,8407551
2,2021-05-22,54009,8751383,34291,4536450,17940,3904976,1778,309957,22516,1022363,0.121601,31249,4050260,0.481741,24837,5072623,0.603341,8407551
2,2021-05-23,24533,8775916,16744,4553194,7065,3912041,724,310681,10283,1019401,0.121248,14113,4064373,0.483419,11151,5083774,0.604668,8407551
2,2021-05-24,45260,8821176,25737,4578931,17735,3929776,1788,312469,17341,1011201,0.120273,27673,4092046,0.486711,19473,5103247,0.606984,8407551
2,2021-05-25,51357,8872533,30094,4609025,19380,3949156,1883,314352,19525,1001642,0.119136,31506,4123552,0.490458,21947,5125194,0.609594,8407551
2,2021-05-26,49132,8921665,27543,4636568,19887,3969043,1702,316054,19201,993312,0.118145,29574,4153126,0.493976,21244,5146438,0.612121,8407551
2,2021-05-27,47105,8968770,26717,4663285,18643,3987686,1745,317799,18763,986247,0.117305,28076,4181202,0.497315,21011,5167449,0.61462,8407551
2,2021-05-28,50692,9019462,28039,4691324,20661,4008347,1992,319791,21242,980748,0.116651,29171,4210373,0.500785,23672,5191121,0.617436,8407551
2,2021-05-29,29284,9048746,17539,4708863,10675,4019022,1070,320861,13319,979531,0.116506,15792,4226165,0.502663,14575,5205696,0.619169,8407551
2,2021-05-30,12719,9061465,8194,4717057,3755,4022777,770,321631,5537,978791,0.116418,7113,4233278,0.503509,6373,5212069,0.619927,8407551
2,2021-05-31,5959,9067424,3498,4720555,2156,4024933,305,321936,1859,976969,0.116201,4034,4237312,0.503989,2212,5214281,0.62019,8407551
2,2021-06-01,45284,9112708,26022,4746577,17587,4042520,1675,323611,15730,965541,0.114842,29204,4266516,0.507462,17776,5232057,0.622305,8407551
2,2021-06-02,38637,9151345,22749,4769326,14464,4056984,1424,325035,15117,959147,0.114082,23237,4289753,0.510226,16843,5248900,0.624308,8407551
2,2021-06-03,41908,9193253,27008,4796334,13415,4070399,1485,326520,14139,947641,0.112713,27516,4317269,0.513499,16010,5264910,0.626212,8407551
2,2021-06-04,48737,9241990,31850,4828184,15319,4085718,1568,328088,15751,932826,0.110951,32660,4349929,0.517384,17845,5282755,0.628335,8407551
2,2021-06-05,38241,9280231,27310,4855494,9458,4095176,1473,329561,11888,920510,0.109486,26103,4376032,0.520488,13787,5296542,0.629974,8407551
2,2021-06-06,14979,9295210,12288,4867782,2110,4097286,581,330142,4658,915690,0.108913,10254,4386286,0.521708,5434,5301976,0.630621,8407551
2,2021-06-07,33576,9328786,23504,4891286,8783,4106069,1289,331431,10996,905803,0.107737,22408,4408694,0.524373,12521,5314497,0.63211,8407551
2,2021-06-08,40745,9369531,28821,4920107,10550,4116619,1374,332805,12478,892030,0.106099,28011,4436705,0.527705,14238,5328735,0.633803,8407551
2,2021-06-09,38275,9407806,26721,4946828,10050,4126669,1504,334309,11557,878902,0.104537,26513,4463218,0.530858,13385,5342120,0.635395,8407551
2,2021-06-10,37994,9445800,26424,4973252,10035,4136704,1535,335844,11631,866387,0.103049,26161,4489379,0.53397,13646,5355766,0.637019,8407551
2,2021-06-11,41718,9487518,27720,5000972,12317,4149021,1681,337525,13357,853644,0.101533,28086,4517465,0.53731,15343,5371109,0.638843,8407551
2,2021-06-12,29799,9517317,21960,5022932,6920,4155941,919,338444,8730,842609,0.100221,20920,4538385,0.539799,9885,5380994,0.640019,8407551
2,2021-06-13,12278,9529595,8971,5031903,2684,4158625,623,339067,3121,837433,0.099605,9089,4547474,0.54088,3913,5384907,0.640485,8407551
2,2021-06-14,30228,9559823,21462,5053365,7550,4166175,1216,340283,10437,829679,0.098683,19610,4567084,0.543212,11856,5396763,0.641895,8407551
2,2021-06-15,36038,9595861,24030,5077395,9942,4176117,2066,342349,12113,820594,0.097602,23640,4590724,0.546024,14555,5411318,0.643626,8407551
2,2021-06-16,33415,9629276,23091,5100486,8512,4184629,1812,344161,11551,812595,0.096651,21677,4612401,0.548602,13678,5424996,0.645253,8407551
2,2021-06-17,31076,9660352,20762,5121248,8506,4193135,1808,345969,10991,805705,0.095831,19897,4632298,0.550969,13007,5438003,0.6468,8407551
2,2021-06-18,34831,9695183,22955,5144203,9993,4203128,1883,347852,12607,798451,0.094968,21996,4654294,0.553585,14742,5452745,0.648553,8407551
2,2021-06-19,21013,9716196,14635,5158838,5115,4208243,1263,349115,7919,794904,0.094546,12927,4667221,0.555123,9380,5462125,0.649669,8407551
2,2021-06-20,8309,9724505,5941,5164779,1902,4210145,466,349581,3069,793315,0.094357,5194,4672415,0.55574,3605,5465730,0.650098,8407551
2,2021-06-21,19379,9743884,11869,5176648,6184,4216329,1326,350907,9882,795331,0.094597,9372,4681787,0.556855,11388,5477118,0.651452,8407551
2,2021-06-22,26927,9770811,18441,5195089,7102,4223431,1384,352291,10513,791264,0.094113,16239,4698026,0.558787,12172,5489290,0.6529,8407551
2,2021-06-23,25975,9796786,17925,5213014,6419,4229850,1631,353922,10524,788412,0.093774,15301,4713327,0.560606,12449,5501739,0.654381,8407551
2,2021-06-24,25453,9822239,17333,5230347,6588,4236438,1532,355454,10449,785777,0.093461,14847,4728174,0.562372,12212,5513951,0.655833,8407551
2,2021-06-25,28903,9851142,19583,5249930,7819,4244257,1501,356955,12006,782794,0.093106,16731,4744905,0.564362,13748,5527699,0.657468,8407551
2,2021-06-26,18762,9869904,13816,5263746,4008,4248265,938,357893,7638,780594,0.092844,11031,4755936,0.565674,8831,5536530,0.658519,8407551
2,2021-06-27,8890,9878794,6789,5270535,1650,4249915,451,358344,3574,779485,0.092712,5258,4761194,0.5663,4149,5540679,0.659012,8407551
2,2021-06-28,19988,9898782,15183,5285718,3555,4253470,1250,359594,8822,778725,0.092622,11027,4772221,0.567611,10267,5550946,0.660233,8407551
2,2021-06-29,22947,9921729,15985,5301703,5881,4259351,1081,360675,9845,776926,0.092408,12960,4785181,0.569153,11161,5562107,0.661561,8407551
2,2021-06-30,22234,9943963,15778,5317481,5425,4264776,1031,361706,9947,776000,0.092298,12134,4797315,0.570596,11208,5573315,0.662894,8407551
2,2021-07-01,20155,9964118,14247,5331728,5008,4269784,900,362606,8978,775044,0.092184,11038,4808353,0.571909,10082,5583397,0.664093,8407551
2,2021-07-02,23188,9987306,16001,5347729,6156,4275940,1031,363637,10283,773832,0.09204,12731,4821084,0.573423,11519,5594916,0.665463,8407551
2,2021-07-03,12680,9999986,9141,5356870,3061,4279001,478,364115,5812,773475,0.091998,6770,4827854,0.574228,6413,5601329,0.666226,8407551
2,2021-07-04,1019,10001005,598,5357468,354,4279355,67,364182,437,773432,0.091993,570,4828424,0.574296,527,5601856,0.666289,8407551
2,2021-07-05,11169,10012174,8174,5365642,2585,4281940,410,364592,5135,773146,0.091959,5959,4834383,0.575005,5673,5607529,0.666963,8407551
2,2021-07-06,24021,10036195,17439,5383081,5567,4287507,1015,365607,9294,769167,0.091485,14560,4848943,0.576737,10581,5618110,0.668222,8407551
2,2021-07-07,20726,10056921,14778,5397859,4837,4292344,1111,366718,8781,767523,0.09129,11798,4860741,0.57814,10154,5628264,0.66943,8407551
2,2021-07-08,19270,10076191,13424,5411283,4802,4297146,1044,367762,8087,765785,0.091083,11072,4871813,0.579457,9334,5637598,0.67054,8407551
2,2021-07-09,22725,10098916,15758,5427041,5706,4302852,1261,369023,9659,763979,0.090868,12926,4884739,0.580994,11120,5648718,0.671862,8407551
2,2021-07-10,14413,10113329,10635,5437676,3089,4305941,689,369712,6367,763242,0.090781,7950,4892689,0.58194,7213,5655931,0.67272,8407551
2,2021-07-11,6582,10119911,4843,5442519,1389,4307330,350,370062,3100,763326,0.090791,3437,4896126,0.582349,3521,5659452,0.673139,8407551
2,2021-07-12,18276,10138187,13438,5455957,3964,4311294,874,370936,7870,761987,0.090631,10284,4906410,0.583572,8945,5668397,0.674203,8407551
2,2021-07-13,19636,10157823,13871,5469828,4879,4316173,886,371822,8809,761202,0.090538,10675,4917085,0.584842,9890,5678287,0.675379,8407551
2,2021-07-14,18780,10176603,13412,5483240,4581,4320754,787,372609,8405,760363,0.090438,10243,4927328,0.58606,9404,5687691,0.676498,8407551
2,2021-07-15,18909,10195512,13705,5496945,4499,4325253,705,373314,8602,759699,0.090359,10187,4937515,0.587271,9523,5697214,0.677631,8407551
2,2021-07-16,22960,10218472,16516,5513461,5609,4330862,835,374149,11023,759961,0.09039,11802,4949317,0.588675,12064,5709278,0.679066,8407551
2,2021-07-17,14434,10232906,10515,5523976,3385,4334247,534,374683,6976,760241,0.090424,7365,4956682,0.589551,7645,5716923,0.679975,8407551
2,2021-07-18,7012,10239918,5238,5529214,1445,4335692,329,375012,3544,760761,0.090485,3424,4960106,0.589958,3944,5720867,0.680444,8407551
2,2021-07-19,18474,10258392,13765,5542979,3963,4339655,746,375758,9171,761673,0.090594,9186,4969292,0.591051,10098,5730965,0.681645,8407551
2,2021-07-20,21014,10279406,14966,5557945,5202,4344857,846,376604,10671,763204,0.090776,10205,4979497,0.592265,11736,5742701,0.683041,8407551
2,2021-07-21,20516,10299922,14942,5572887,4800,4349657,774,377378,10647,765083,0.091,9739,4989236,0.593423,11618,5754319,0.684423,8407551
2,2021-07-22,20429,10320351,14588,5587475,4973,4354630,868,378246,10912,767668,0.091307,9368,4998604,0.594537,11953,5766272,0.685844,8407551
2,2021-07-23,24593,10344944,17235,5604710,6304,4360934,1054,379300,13393,771271,0.091736,11041,5009645,0.595851,14644,5780916,0.687586,8407551
2,2021-07-24,14912,10359856,10756,5615466,3659,4364593,497,379797,8337,773755,0.092031,6464,5016109,0.59662,8948,5789864,0.68865,8407551
2,2021-07-25,6737,10366593,4964,5620430,1630,4366223,143,379940,4980,777208,0.092442,1709,5017818,0.596823,5162,5795026,0.689264,8407551
2,2021-07-26,19191,10385784,13550,5633980,4857,4371080,784,380724,12153,783370,0.093175,6900,5024718,0.597643,13062,5808088,0.690818,8407551
2,2021-07-27,23026,10408810,16673,5650653,5487,4376567,866,381590,13485,788499,0.093785,9372,5034090,0.598758,14501,5822589,0.692543,8407551
2,2021-07-28,22736,10431546,16268,5666921,5564,4382131,904,382494,13453,793929,0.09443,9113,5043203,0.599842,14543,5837132,0.694273,8407551
2,2021-07-29,21530,10453076,15442,5682363,5174,4387305,914,383408,13015,799643,0.09511,8369,5051572,0.600838,14083,5851215,0.695948,8407551
2,2021-07-30,26337,10479413,18758,5701121,6613,4393918,966,384374,15772,806217,0.095892,10364,5061936,0.60207,16938,5868153,0.697962,8407551
2,2021-07-31,15763,10495176,11613,5712734,3642,4397560,508,384882,9542,810310,0.096379,6095,5068031,0.602795,10188,5878341,0.699174,8407551
2,2021-08-01,8068,10503244,6207,5718941,1689,4399249,172,385054,5290,813123,0.096713,2713,5070744,0.603118,5526,5883867,0.699831,8407551
2,2021-08-02,21296,10524540,16015,5734956,4517,4403766,764,385818,13495,819840,0.097512,7657,5078401,0.604029,14374,5898241,0.701541,8407551
2,2021-08-03,24162,10548702,17620,5752576,5526,4409292,1016,386834,15024,827028,0.098367,8984,5087385,0.605097,16172,5914413,0.703464,8407551
2,2021-08-04,22794,10571496,16891,5769467,5030,4414322,873,387707,14205,833761,0.099168,8442,5095827,0.606101,15175,5929588,0.705269,8407551
2,2021-08-05,23171,10594667,16992,5786459,5235,4419557,944,388651,14332,840484,0.099968,8667,5104494,0.607132,15390,5944978,0.7071,8407551
2,2021-08-06,27724,10622391,20302,5806761,6433,4425990,989,389640,16883,847829,0.100841,10655,5115149,0.608399,18000,5962978,0.709241,8407551
2,2021-08-07,16897,10639288,12564,5819325,3736,4429726,597,390237,10372,852468,0.101393,6412,5121561,0.609162,11051,5974029,0.710555,8407551
2,2021-08-08,9374,10648662,7100,5826425,2045,4431771,229,390466,5855,855161,0.101713,3433,5124994,0.60957,6126,5980155,0.711284,8407551
2,2021-08-09,23315,10671977,17893,5844318,4657,4436428,765,391231,14099,861105,0.10242,9051,5134045,0.610647,14995,5995150,0.713067,8407551
2,2021-08-10,24371,10696348,17950,5862268,5567,4441995,854,392085,14306,866517,0.103064,9887,5143932,0.611823,15299,6010449,0.714887,8407551
2,2021-08-11,22045,10718393,16462,5878730,4676,4446671,907,392992,12795,871247,0.103627,9071,5153003,0.612902,13801,6024250,0.716529,8407551
2,2021-08-12,23898,10742291,17090,5895820,5730,4452401,1078,394070,13929,876601,0.104264,9757,5162760,0.614062,15111,6039361,0.718326,8407551
2,2021-08-13,29898,10772189,21622,5917442,7230,4459631,1046,395116,17276,882797,0.105,12260,5175020,0.615521,18456,6057817,0.720521,8407551
2,2021-08-14,18705,10790894,13781,5931223,4419,4464050,505,395621,10472,886271,0.105414,7643,5182663,0.61643,11117,6068934,0.721843,8407551
2,2021-08-15,9783,10800677,7348,5938571,2245,4466295,190,395811,5361,887903,0.105608,3990,5186653,0.616904,5622,6074556,0.722512,8407551
2,2021-08-16,24742,10825419,17507,5956078,6389,4472684,846,396657,12900,891198,0.106,10596,5197249,0.618164,13891,6088447,0.724164,8407551
2,2021-08-17,25971,10851390,18369,5974447,6661,4479345,941,397598,12882,893514,0.106275,11637,5208886,0.619549,13953,6102400,0.725824,8407551
2,2021-08-18,26237,10877627,18633,5993080,6709,4486054,895,398493,12844,895735,0.106539,11667,5220553,0.620936,13888,6116288,0.727476,8407551
2,2021-08-19,26034,10903661,17977,6011057,7034,4493088,1023,399516,12911,898514,0.10687,11286,5231839,0.622279,14065,6130353,0.729148,8407551
2,2021-08-20,32474,10936135,22811,6033868,8618,4501706,1045,400561,15265,900179,0.107068,14794,5246633,0.624038,16459,6146812,0.731106,8407551
2,2021-08-21,19029,10955164,14044,6047912,4436,4506142,549,401110,9063,901047,0.107171,8879,5255512,0.625094,9747,6156559,0.732265,8407551
2,2021-08-22,10702,10965866,7917,6055829,2571,4508713,214,401324,5279,901772,0.107257,4846,5260358,0.625671,5571,6162130,0.732928,8407551
2,2021-08-23,26695,10992561,19527,6075356,6446,4515159,722,402046,12485,902810,0.107381,12416,5272774,0.627147,13454,6175584,0.734528,8407551
2,2021-08-24,27394,11019955,20394,6095750,6130,4521289,870,402916,12111,902592,0.107355,13415,5286189,0.628743,13197,6188781,0.736098,8407551
2,2021-08-25,26259,11046214,19912,6115662,5610,4526899,737,403653,11948,902929,0.107395,12560,5298749,0.630237,12897,6201678,0.737632,8407551
2,2021-08-26,26425,11072639,19704,6135366,5901,4532800,820,404473,11815,903062,0.107411,12691,5311440,0.631746,12824,6214502,0.739157,8407551
2,2021-08-27,32453,11105092,24128,6159494,7421,4540221,904,405377,13500,901360,0.107208,16387,5327827,0.633695,14685,6229187,0.740904,8407551
2,2021-08-28,19131,11124223,14613,6174107,4151,4544372,367,405744,8119,900220,0.107073,9812,5337639,0.634863,8672,6237859,0.741935,8407551
2,2021-08-29,11155,11135378,8533,6182640,2471,4546843,151,405895,4818,899610,0.107,5703,5343342,0.635541,5093,6242952,0.742541,8407551
2,2021-08-30,25745,11161123,19199,6201839,5872,4552715,674,406569,10538,897880,0.106794,13199,5356541,0.637111,11469,6254421,0.743905,8407551
2,2021-08-31,25337,11186460,18471,6220310,6167,4558882,699,407268,10261,896162,0.10659,12911,5369452,0.638646,11193,6265614,0.745237,8407551
2,2021-09-01,24511,11210971,17892,6238202,5931,4564813,688,407956,10605,895985,0.106569,11693,5381145,0.640037,11516,6277130,0.746606,8407551
2,2021-09-02,21491,11232462,15472,6253674,5402,4570215,617,408573,8644,894694,0.106416,10626,5391771,0.641301,9335,6286465,0.747717,8407551
2,2021-09-03,15639,11248101,11059,6264733,4038,4574253,542,409115,5687,892851,0.106196,8087,5399858,0.642263,6244,6292709,0.748459,8407551
3,2020-12-15,342,342,342,342,0,0,0,0,342,342,4.2e-05,0,0,0.0,342,342,4.2e-05,8129050
3,2020-12-16,2537,2879,2537,2879,0,0,0,0,2537,2879,0.000354,0,0,0.0,2537,2879,0.000354,8129050
3,2020-12-17,7964,10843,7964,10843,0,0,0,0,7965,10844,0.001334,0,0,0.0,7965,10844,0.001334,8129050
3,2020-12-18,13582,24425,13561,24404,21,21,0,0,13577,24421,0.003004,0,0,0.0,13577,24421,0.003004,8129050
3,2020-12-19,7293,31718,7281,31685,12,33,0,0,7350,31769,0.003908,2,2,0.0,7350,31771,0.003908,8129050
3,2020-12-20,5708,37426,5694,37379,14,47,0,0,5757,37525,0.004616,1,3,0.0,5757,37528,0.004617,8129050
3,2020-12-21,14515,51941,14486,51865,29,76,0,0,14578,52102,0.006409,1,4,0.0,14578,52106,0.00641,8129050
3,2020-12-22,15016,66957,14402,66267,614,690,0,0,15051,67148,0.00826,5,9,1e-06,15051,67157,0.008261,8129050
3,2020-12-23,15038,81995,12378,78645,2660,3350,0,0,15060,82207,0.010113,2,11,1e-06,15061,82218,0.010114,8129050
3,2020-12-24,6882,88877,4924,83569,1958,5308,0,0,6878,89082,0.010958,3,14,2e-06,6878,89096,0.01096,8129050
3,2020-12-25,748,89625,686,84255,62,5370,0,0,743,89823,0.01105,2,16,2e-06,743,89839,0.011052,8129050
3,2020-12-26,4638,94263,3013,87268,1625,6995,0,0,4636,94459,0.01162,0,16,2e-06,4636,94475,0.011622,8129050
3,2020-12-27,3034,97297,1875,89143,1159,8154,0,0,3033,97492,0.011993,0,16,2e-06,3033,97508,0.011995,8129050
3,2020-12-28,13851,111148,8865,98008,4986,13140,0,0,13866,111349,0.013698,9,25,3e-06,13866,111374,0.013701,8129050
3,2020-12-29,15496,126644,8781,106789,6715,19855,0,0,15522,126868,0.015607,3,28,3e-06,15522,126896,0.01561,8129050
3,2020-12-30,18432,145076,10343,117132,8089,27944,0,0,18437,145303,0.017875,3,31,4e-06,18438,145334,0.017878,8129050
3,2020-12-31,8545,153621,3258,120390,5287,33231,0,0,8545,153846,0.018925,2,33,4e-06,8545,153879,0.01893,8129050
3,2021-01-01,1925,155546,927,121317,998,34229,0,0,1919,155763,0.019161,2,35,4e-06,1919,155798,0.019166,8129050
3,2021-01-02,5005,160551,2467,123784,2538,36767,0,0,5002,160764,0.019776,1,36,4e-06,5002,160800,0.019781,8129050
3,2021-01-03,1642,162193,864,124648,778,37545,0,0,1633,162395,0.019977,2,38,5e-06,1633,162433,0.019982,8129050
3,2021-01-04,12206,174399,6060,130708,6146,43691,0,0,12175,174561,0.021474,9,47,6e-06,12175,174608,0.02148,8129050
3,2021-01-05,15963,190362,8296,139004,7667,51358,0,0,14245,187142,0.023021,1698,1745,0.000215,14279,188887,0.023236,8129050
3,2021-01-06,20807,211169,11027,150031,9780,61138,0,0,16147,198687,0.024442,4613,6358,0.000782,16158,205045,0.025224,8129050
3,2021-01-07,26881,238050,15370,165401,11511,72649,0,0,17288,206442,0.025396,9553,15911,0.001957,17308,222353,0.027353,8129050
3,2021-01-08,30900,268950,18846,184247,12054,84703,0,0,18270,212136,0.026096,12606,28517,0.003508,18300,240653,0.029604,8129050
3,2021-01-09,12616,281566,7126,191373,5490,90193,0,0,8028,215594,0.026521,4580,33097,0.004071,8038,248691,0.030593,8129050
3,2021-01-10,7286,288852,4514,195887,2772,92965,0,0,4098,216515,0.026635,3185,36282,0.004463,4106,252797,0.031098,8129050
3,2021-01-11,29484,318336,19276,215163,10208,103173,0,0,16676,220448,0.027119,12793,49075,0.006037,16726,269523,0.033156,8129050
3,2021-01-12,33081,351417,19665,234828,13416,116589,0,0,20266,228075,0.028057,12792,61867,0.007611,20419,289942,0.035667,8129050
3,2021-01-13,35042,386459,18277,253105,16765,133354,0,0,24663,242391,0.029818,10374,72241,0.008887,24690,314632,0.038705,8129050
3,2021-01-14,35094,421553,14344,267449,20750,154104,0,0,29107,265628,0.032676,5911,78152,0.009614,29148,343780,0.04229,8129050
3,2021-01-15,39409,460962,14658,282107,24751,178855,0,0,34655,295632,0.036367,4731,82883,0.010196,34735,378515,0.046563,8129050
3,2021-01-16,22050,483012,7526,289633,14524,193379,0,0,19659,312936,0.038496,2379,85262,0.010489,19683,398198,0.048985,8129050
3,2021-01-17,13220,496232,4499,294132,8721,202100,0,0,12123,323980,0.039855,1097,86359,0.010624,12141,410339,0.050478,8129050
3,2021-01-18,24982,521214,13053,307185,11929,214029,0,0,19286,337607,0.041531,5710,92069,0.011326,19337,429676,0.052857,8129050
3,2021-01-19,41598,562812,21220,328405,20378,234407,0,0,32157,360442,0.04434,9413,101482,0.012484,32248,461924,0.056824,8129050
3,2021-01-20,46590,609402,23197,351602,23393,257800,0,0,36835,387656,0.047688,9711,111193,0.013678,36925,498849,0.061366,8129050
3,2021-01-21,48638,658040,21144,372746,27494,285294,0,0,42961,425112,0.052295,5593,116786,0.014367,43049,541898,0.066662,8129050
3,2021-01-22,50259,708299,20038,392784,30221,315515,0,0,45926,466784,0.057422,4328,121114,0.014899,46000,587898,0.072321,8129050
3,2021-01-23,30688,738987,12906,405690,17782,333297,0,0,27356,490881,0.060386,3321,124435,0.015307,27418,615316,0.075693,8129050
3,2021-01-24,18105,757092,8560,414250,9545,342842,0,0,16903,506619,0.062322,1198,125633,0.015455,16936,632252,0.077777,8129050
3,2021-01-25,41337,798429,18422,432672,22915,365757,0,0,31162,527726,0.064919,10151,135784,0.016704,31258,663510,0.081622,8129050
3,2021-01-26,47791,846220,22830,455502,24961,390718,0,0,37405,554876,0.068258,10370,146154,0.017979,37520,701030,0.086238,8129050
3,2021-01-27,52099,898319,24794,480296,27305,418023,0,0,41219,585374,0.07201,10809,156963,0.019309,41307,742337,0.091319,8129050
3,2021-01-28,52722,951041,24433,504729,28289,446312,0,0,43579,619967,0.076266,9050,166013,0.020422,43643,785980,0.096688,8129050
3,2021-01-29,51688,1002729,24720,529449,26968,473280,0,0,41745,652021,0.080209,9747,175760,0.021621,41801,827781,0.10183,8129050
3,2021-01-30,37843,1040572,17821,547270,20022,493302,0,0,33064,680458,0.083707,4724,180484,0.022202,33161,860942,0.105909,8129050
3,2021-01-31,22949,1063521,12924,560194,10025,503327,0,0,21496,700547,0.086178,1434,181918,0.022379,21523,882465,0.108557,8129050
3,2021-02-01,46689,1110210,21366,581560,25323,528650,0,0,35534,725041,0.089191,11085,193003,0.023742,35579,918044,0.112934,8129050
3,2021-02-02,55105,1165315,22988,604548,32117,560767,0,0,42443,754978,0.092874,12561,205564,0.025288,42498,960542,0.118162,8129050
3,2021-02-03,60614,1225929,26930,631478,33684,594451,0,0,44984,784570,0.096514,15469,221033,0.027191,45061,1005603,0.123705,8129050
3,2021-02-04,65060,1290989,28157,659635,36903,631354,0,0,47544,814944,0.100251,17301,238334,0.029319,47675,1053278,0.12957,8129050
3,2021-02-05,71319,1362308,30030,689665,41289,672643,0,0,49124,842350,0.103622,21933,260267,0.032017,49339,1102617,0.135639,8129050
3,2021-02-06,44090,1406398,21081,710746,23009,695652,0,0,34283,867073,0.106664,9758,270025,0.033217,34481,1137098,0.139881,8129050
3,2021-02-07,19930,1426328,12690,723436,7240,702892,0,0,15298,877888,0.107994,4613,274638,0.033785,15428,1152526,0.141779,8129050
3,2021-02-08,52002,1478330,25100,748536,26902,729794,0,0,33975,894173,0.109997,17888,292526,0.035985,34173,1186699,0.145982,8129050
3,2021-02-09,59334,1537664,28785,777321,30549,760343,0,0,34615,904643,0.111285,24507,317033,0.039,34977,1221676,0.150285,8129050
3,2021-02-10,69002,1606666,32095,809416,36907,797250,0,0,36837,910145,0.111962,31859,348892,0.042919,37361,1259037,0.154881,8129050
3,2021-02-11,71549,1678215,35166,844582,36383,833633,0,0,37869,915297,0.112596,33276,382168,0.047013,38428,1297465,0.159608,8129050
3,2021-02-12,76457,1754672,32929,877511,43528,877161,0,0,42046,924062,0.113674,34058,416226,0.051202,42823,1340288,0.164876,8129050
3,2021-02-13,45567,1800239,20639,898150,24928,902089,0,0,26053,931319,0.114567,19390,435616,0.053588,26647,1366935,0.168154,8129050
3,2021-02-14,27638,1827877,13798,911948,13840,915929,0,0,15303,934828,0.114998,12264,447880,0.055096,15773,1382708,0.170095,8129050
3,2021-02-15,40605,1868482,17499,929447,23106,939035,0,0,22375,940051,0.115641,18111,465991,0.057324,23334,1406042,0.172965,8129050
3,2021-02-16,71011,1939493,33620,963067,37391,976426,0,0,36712,943689,0.116088,34130,500121,0.061523,37768,1443810,0.177611,8129050
3,2021-02-17,72796,2012289,36758,999825,36038,1012464,0,0,34345,940930,0.115749,38181,538302,0.06622,35422,1479232,0.181969,8129050
3,2021-02-18,77952,2090241,40706,1040531,37246,1049710,0,0,35893,936339,0.115184,41841,580143,0.071367,37250,1516482,0.186551,8129050
3,2021-02-19,70053,2160294,40337,1080868,29716,1079426,0,0,35265,937687,0.11535,34602,614745,0.075623,35950,1552432,0.190973,8129050
3,2021-02-20,43587,2203881,27485,1108353,16102,1095528,0,0,22654,940079,0.115644,20801,635546,0.078182,23193,1575625,0.193826,8129050
3,2021-02-21,24578,2228459,19730,1128083,4848,1100376,0,0,11793,939624,0.115588,12673,648219,0.079741,12218,1587843,0.195329,8129050
3,2021-02-22,48032,2276491,31252,1159335,16780,1117156,0,0,22427,937113,0.11528,25447,673666,0.082871,22936,1610779,0.198151,8129050
3,2021-02-23,64273,2340764,34874,1194209,29399,1146555,0,0,27923,930966,0.114523,36093,709759,0.087311,29946,1640725,0.201835,8129050
3,2021-02-24,80439,2421203,39540,1233749,40899,1187454,0,0,35326,924015,0.113668,44830,754589,0.092826,37879,1678604,0.206494,8129050
3,2021-02-25,90173,2511376,43915,1277664,46258,1233712,0,0,44711,926230,0.113941,45129,799718,0.098378,47344,1725948,0.212319,8129050
3,2021-02-26,101163,2612539,46253,1323917,54910,1288622,0,0,53141,934031,0.1149,47578,847296,0.104231,55379,1781327,0.219131,8129050
3,2021-02-27,71711,2684250,32940,1356857,38767,1327389,4,4,37604,939123,0.115527,33853,881149,0.108395,38945,1820272,0.223922,8129050
3,2021-02-28,41883,2726133,24202,1381059,17676,1345065,5,9,21164,940761,0.115728,20509,901658,0.110918,22147,1842419,0.226646,8129050
3,2021-03-01,70972,2797105,37591,1418650,33320,1378385,61,70,39403,950325,0.116905,31284,932942,0.114766,40848,1883267,0.231671,8129050
3,2021-03-02,82382,2879487,40608,1459258,41758,1420143,16,86,47401,965093,0.118721,34793,967735,0.119047,49561,1932828,0.237768,8129050
3,2021-03-03,92383,2971870,44202,1503460,48142,1468285,39,125,51501,978335,0.12035,40613,1008348,0.124043,53855,1986683,0.244393,8129050
3,2021-03-04,96783,3068653,47341,1550801,49416,1517701,26,151,54652,993479,0.122213,41857,1050205,0.129192,57001,2043684,0.251405,8129050
3,2021-03-05,93248,3161901,45536,1596337,47405,1565106,307,458,56205,1015526,0.124926,36731,1086936,0.13371,58778,2102462,0.258636,8129050
3,2021-03-06,66617,3228518,33751,1630088,30691,1595797,2175,2633,37893,1028499,0.126521,28551,1115487,0.137222,41524,2143986,0.263744,8129050
3,2021-03-07,39624,3268142,22830,1652918,14863,1610660,1931,4564,22264,1036573,0.127515,17274,1132761,0.139347,25348,2169334,0.266862,8129050
3,2021-03-08,60866,3329008,28963,1681881,28863,1639523,3040,7604,38421,1057287,0.130063,22265,1155026,0.142086,42979,2212313,0.272149,8129050
3,2021-03-09,78147,3407155,36047,1717928,37594,1677117,4506,12110,41919,1068783,0.131477,36049,1191075,0.146521,47545,2259858,0.277998,8129050
3,2021-03-10,84252,3491407,41889,1759817,36179,1713296,6184,18294,43913,1080145,0.132875,40084,1231159,0.151452,51446,2311304,0.284326,8129050
3,2021-03-11,98487,3589894,48188,1808005,41597,1754893,8702,26996,48120,1087928,0.133832,50060,1281219,0.15761,57843,2369147,0.291442,8129050
3,2021-03-12,103248,3693142,46110,1854115,45199,1800092,11939,38935,47031,1091998,0.134333,55928,1337147,0.16449,59998,2429145,0.298823,8129050
3,2021-03-13,71165,3764307,29961,1884076,33890,1833982,7314,46249,37487,1104569,0.135879,33517,1370664,0.168613,46088,2475233,0.304492,8129050
3,2021-03-14,41653,3805960,21752,1905828,16316,1850298,3585,49834,20971,1109150,0.136443,20581,1391245,0.171145,25162,2500395,0.307588,8129050
3,2021-03-15,76491,3882451,36279,1942107,35618,1885916,4594,54428,40238,1118956,0.137649,35987,1427232,0.175572,45793,2546188,0.313221,8129050
3,2021-03-16,95953,3978404,44245,1986352,47331,1933247,4377,58805,53815,1136170,0.139767,41855,1469087,0.180721,59069,2605257,0.320487,8129050
3,2021-03-17,99351,4077755,48239,2034591,46514,1979761,4598,63403,60179,1162663,0.143026,38904,1507991,0.185506,65397,2670654,0.328532,8129050
3,2021-03-18,104637,4182392,53172,2087763,46870,2026631,4595,67998,59798,1183053,0.145534,44516,1552507,0.190983,64906,2735560,0.336517,8129050
3,2021-03-19,104286,4286678,55963,2143726,43821,2070452,4502,72500,57899,1199891,0.147605,46072,1598579,0.19665,62910,2798470,0.344255,8129050
3,2021-03-20,72642,4359320,37427,2181153,31477,2101929,3738,76238,44575,1220832,0.150181,27831,1626410,0.200074,48772,2847242,0.350255,8129050
3,2021-03-21,36680,4396000,24889,2206042,10260,2112189,1531,77769,22006,1230300,0.151346,14542,1640952,0.201863,24010,2871252,0.353209,8129050
3,2021-03-22,71225,4467225,41843,2247885,26829,2139018,2553,80322,45151,1253210,0.154164,25794,1666746,0.205036,48704,2919956,0.3592,8129050
3,2021-03-23,90813,4558038,50244,2298129,37981,2176999,2588,82910,55183,1276354,0.157011,35323,1702069,0.209381,58467,2978423,0.366393,8129050
3,2021-03-24,99899,4657937,57486,2355615,39442,2216441,2971,85881,56338,1293110,0.159073,43149,1745218,0.214689,59905,3038328,0.373762,8129050
3,2021-03-25,108622,4766559,60330,2415945,45227,2261668,3065,88946,60627,1309833,0.16113,47595,1792813,0.220544,64318,3102646,0.381674,8129050
3,2021-03-26,111970,4878529,60077,2476022,48491,2310159,3402,92348,57158,1316811,0.161988,54413,1847226,0.227238,61391,3164037,0.389226,8129050
3,2021-03-27,75406,4953935,38351,2514373,34478,2344637,2577,94925,36224,1317354,0.162055,38916,1886142,0.232025,39459,3203496,0.39408,8129050
3,2021-03-28,44865,4998800,28289,2542662,15752,2360389,824,95749,22473,1319048,0.162263,22253,1908395,0.234762,23947,3227443,0.397026,8129050
3,2021-03-29,81804,5080604,42738,2585400,37197,2397586,1869,97618,44336,1328927,0.163479,37179,1945574,0.239336,47058,3274501,0.402815,8129050
3,2021-03-30,101488,5182092,49880,2635280,47881,2445467,3727,101345,56357,1344764,0.165427,44832,1990406,0.244851,60669,3335170,0.410278,8129050
3,2021-03-31,106160,5288252,57247,2692527,44008,2489475,4905,106250,56328,1356779,0.166905,49536,2039942,0.250945,61551,3396721,0.41785,8129050
3,2021-04-01,125181,5413433,63270,2755797,52024,2541499,9887,116137,67019,1376234,0.169298,57661,2097603,0.258038,77116,3473837,0.427336,8129050
3,2021-04-02,118980,5532413,58020,2813817,50478,2591977,10482,126619,62249,1392960,0.171356,56387,2153990,0.264974,73113,3546950,0.43633,8129050
3,2021-04-03,76641,5609054,39209,2853026,28125,2620102,9307,135926,38038,1402149,0.172486,38418,2192408,0.2697,47607,3594557,0.442187,8129050
3,2021-04-04,32663,5641717,17469,2870495,10937,2631039,4257,140183,14217,1402255,0.172499,18346,2210754,0.271957,18452,3613009,0.444456,8129050
3,2021-04-05,90536,5732253,45941,2916436,35235,2666274,9360,149543,43777,1409659,0.17341,46495,2257249,0.277677,53899,3666908,0.451087,8129050
3,2021-04-06,114447,5846700,55666,2972102,43439,2709713,15342,164885,53536,1418569,0.174506,60597,2317846,0.285131,69507,3736415,0.459637,8129050
3,2021-04-07,117251,5963951,60666,3032768,40167,2749880,16418,181303,56353,1430974,0.176032,60588,2378434,0.292584,72993,3809408,0.468617,8129050
3,2021-04-08,122345,6086296,60904,3093672,41096,2790976,20345,201648,56568,1443129,0.177527,65430,2443864,0.300633,77585,3886993,0.478161,8129050
3,2021-04-09,119489,6205785,59489,3153161,40674,2831650,19326,220974,52269,1448587,0.178199,66926,2510790,0.308866,72384,3959377,0.487065,8129050
3,2021-04-10,85120,6290905,38227,3191388,31467,2863117,15426,236400,34607,1449070,0.178258,50288,2561078,0.315053,50771,4010148,0.493311,8129050
3,2021-04-11,45624,6336529,24409,3215797,13107,2876224,8108,244508,17306,1447064,0.178011,28205,2589283,0.318522,26199,4036347,0.496534,8129050
3,2021-04-12,84740,6421269,42767,3258564,33049,2909273,8924,253432,38158,1448900,0.178237,46298,2635581,0.324218,48134,4084481,0.502455,8129050
3,2021-04-13,106294,6527563,57560,3316124,48520,2957793,214,253646,55751,1455500,0.179049,50258,2685839,0.3304,56858,4141339,0.509449,8129050
3,2021-04-14,108477,6636040,59333,3375457,49031,3006824,113,253759,53731,1456386,0.179158,54403,2740242,0.337093,55289,4196628,0.516251,8129050
3,2021-04-15,120119,6756159,67576,3443033,52456,3059280,87,253846,63804,1465164,0.180238,55938,2796180,0.343974,64716,4261344,0.524212,8129050
3,2021-04-16,116298,6872457,65210,3508243,50988,3110268,100,253946,60420,1470821,0.180934,55533,2851713,0.350805,61190,4322534,0.531739,8129050
3,2021-04-17,80057,6952514,43692,3551935,36350,3146618,15,253961,44452,1480917,0.182176,35355,2887068,0.355154,45451,4367985,0.53733,8129050
3,2021-04-18,39133,6991647,23673,3575608,15450,3162068,10,253971,18272,1479372,0.181986,20716,2907784,0.357703,19171,4387156,0.539689,8129050
3,2021-04-19,79627,7071274,44297,3619905,35270,3197338,60,254031,35635,1471840,0.181059,43748,2951532,0.363084,36216,4423372,0.544144,8129050
3,2021-04-20,101329,7172603,53319,3673224,47986,3245324,24,254055,48683,1469261,0.180742,52330,3003862,0.369522,49751,4473123,0.550264,8129050
3,2021-04-21,106635,7279238,59886,3733110,46667,3291991,82,254137,50083,1464400,0.180144,56122,3059984,0.376426,51261,4524384,0.55657,8129050
3,2021-04-22,112713,7391951,63329,3796439,49355,3341346,29,254166,48206,1449501,0.178311,64101,3124085,0.384311,49202,4573586,0.562622,8129050
3,2021-04-23,107047,7498998,61234,3857673,45780,3387126,33,254199,46683,1437276,0.176807,59968,3184053,0.391688,47743,4621329,0.568496,8129050
3,2021-04-24,74510,7573508,45978,3903651,28458,3415584,74,254273,36180,1436519,0.176714,38026,3222079,0.396366,37269,4658598,0.57308,8129050
3,2021-04-25,37204,7610712,23739,3927390,13447,3429031,18,254291,18936,1437785,0.17687,18092,3240171,0.398592,19358,4677956,0.575462,8129050
3,2021-04-26,74603,7685315,42191,3969581,31990,3461021,422,254713,31730,1428729,0.175756,42567,3282738,0.403828,33511,4711467,0.579584,8129050
3,2021-04-27,91754,7777069,48193,4017774,41799,3502820,1762,256475,36248,1412347,0.173741,55169,3337907,0.410615,38787,4750254,0.584355,8129050
3,2021-04-28,87600,7864669,49748,4067522,35694,3538514,2158,258633,35604,1398991,0.172098,51667,3389574,0.41697,38311,4788565,0.589068,8129050
3,2021-04-29,89934,7954603,51370,4118892,36317,3574831,2247,260880,31946,1376067,0.169278,57610,3447184,0.424057,34686,4823251,0.593335,8129050
3,2021-04-30,91460,8046063,51591,4170483,37376,3612207,2493,263373,33954,1355887,0.166795,57094,3504278,0.431081,36914,4860165,0.597876,8129050
3,2021-05-01,56084,8102147,35117,4205600,19472,3631679,1495,264868,20185,1342488,0.165147,35574,3539852,0.435457,22175,4882340,0.600604,8129050
3,2021-05-02,27156,8129303,18542,4224142,7589,3639268,1025,265893,9943,1336461,0.164406,17096,3556948,0.43756,11069,4893409,0.601966,8129050
3,2021-05-03,60339,8189642,35463,4259605,22487,3661755,2389,268282,17503,1313960,0.161638,42574,3599522,0.442797,20073,4913482,0.604435,8129050
3,2021-05-04,78110,8267752,45157,4304762,30255,3692010,2698,270980,22598,1284336,0.157993,55190,3654712,0.449587,25566,4939048,0.60758,8129050
3,2021-05-05,79656,8347408,47821,4352583,29106,3721116,2729,273709,21953,1251993,0.154015,57326,3712038,0.456639,24983,4964031,0.610653,8129050
3,2021-05-06,83927,8431335,53101,4405684,28278,3749394,2548,276257,20589,1212857,0.1492,62817,3774855,0.464366,23681,4987712,0.613566,8129050
3,2021-05-07,83005,8514340,51721,4457405,28629,3778023,2655,278912,21871,1176942,0.144782,60741,3835596,0.471838,24826,5012538,0.61662,8129050
3,2021-05-08,53029,8567369,32878,4490283,18419,3796442,1732,280644,14000,1154201,0.141985,38742,3874338,0.476604,16001,5028539,0.618589,8129050
3,2021-05-09,21117,8588486,15436,4505719,4886,3801328,795,281439,5486,1145025,0.140856,15527,3889865,0.478514,6351,5034890,0.61937,8129050
3,2021-05-10,48476,8636962,26088,4531807,20466,3821794,1922,283361,11197,1121345,0.137943,37053,3926918,0.483072,13373,5048263,0.621015,8129050
3,2021-05-11,64591,8701553,36242,4568049,26114,3847908,2235,285596,16178,1092090,0.134344,48140,3975058,0.488994,18885,5067148,0.623338,8129050
3,2021-05-12,65329,8766882,37539,4605588,25373,3873281,2417,288013,16641,1063078,0.130775,48389,4023447,0.494947,19377,5086525,0.625722,8129050
3,2021-05-13,75975,8842857,47879,4653467,26164,3899445,1932,289945,27677,1045285,0.128586,48026,4071473,0.500855,30233,5116758,0.629441,8129050
3,2021-05-14,80974,8923831,51098,4704565,27713,3927158,2163,292108,31303,1030009,0.126707,49344,4120817,0.506925,34068,5150826,0.633632,8129050
3,2021-05-15,62605,8986436,43145,4747710,18229,3945387,1231,293339,25854,1020809,0.125575,36521,4157338,0.511417,27321,5178147,0.636993,8129050
3,2021-05-16,33368,9019804,24964,4772674,7712,3953099,692,294031,13466,1015289,0.124896,19772,4177110,0.51385,14252,5192399,0.638746,8129050
3,2021-05-17,57334,9077138,36504,4809178,18965,3972064,1865,295896,21081,1002485,0.123321,35960,4213070,0.518273,23156,5215555,0.641595,8129050
3,2021-05-18,64923,9142061,38329,4847507,24713,3996777,1881,297777,24343,988815,0.12164,40289,4253359,0.52323,26619,5242174,0.644869,8129050
3,2021-05-19,64433,9206494,39164,4886671,23501,4020278,1768,299545,24909,976525,0.120128,39248,4292607,0.528058,26958,5269132,0.648185,8129050
3,2021-05-20,62235,9268729,36423,4923094,23948,4044226,1864,301409,22283,961368,0.118263,39646,4332253,0.532935,24489,5293621,0.651198,8129050
3,2021-05-21,66620,9335349,40495,4963589,24006,4068232,2119,303528,23768,945063,0.116257,42501,4374754,0.538163,26196,5319817,0.654421,8129050
3,2021-05-22,46082,9381431,30545,4994134,14059,4082291,1478,305006,19146,939248,0.115542,26695,4401449,0.541447,20880,5340697,0.656989,8129050
3,2021-05-23,21862,9403293,15128,5009262,6078,4088369,656,305662,9242,936735,0.115233,12524,4413973,0.542988,10011,5350708,0.658221,8129050
3,2021-05-24,39945,9443238,23392,5032654,14777,4103146,1776,307438,14738,928458,0.114215,24991,4438964,0.546062,16714,5367422,0.660277,8129050
3,2021-05-25,43167,9486405,24286,5056940,17185,4120331,1696,309134,15302,918122,0.112943,27567,4466531,0.549453,17231,5384653,0.662396,8129050
3,2021-05-26,42767,9529172,24468,5081408,16548,4136879,1751,310885,16014,909581,0.111893,26445,4492976,0.552706,17904,5402557,0.664599,8129050
3,2021-05-27,39695,9568867,22257,5103665,15676,4152555,1762,312647,15505,903101,0.111096,23998,4516974,0.555658,17518,5420075,0.666754,8129050
3,2021-05-28,43290,9612157,24475,5128140,17001,4169556,1814,314461,17984,898140,0.110485,25082,4542056,0.558744,20121,5440196,0.669229,8129050
3,2021-05-29,23649,9635806,14455,5142595,8353,4177909,841,315302,11002,897622,0.110422,12496,4554552,0.560281,11978,5452174,0.670702,8129050
3,2021-05-30,10681,9646487,6925,5149520,3119,4181028,637,315939,4482,896667,0.110304,6117,4560669,0.561033,5162,5457336,0.671337,8129050
3,2021-05-31,4711,9651198,2729,5152249,1715,4182743,267,316206,1474,895258,0.110131,3179,4563848,0.561425,1770,5459106,0.671555,8129050
3,2021-06-01,38085,9689283,21923,5174172,14703,4197446,1459,317665,13321,885739,0.10896,24492,4588340,0.564437,14973,5474079,0.673397,8129050
3,2021-06-02,31797,9721080,18314,5192486,12059,4209505,1424,319089,11750,879227,0.108159,19826,4608166,0.566876,13314,5487393,0.675035,8129050
3,2021-06-03,40027,9761107,27394,5219880,11184,4220689,1449,320538,11559,864195,0.106309,28280,4636446,0.570355,13248,5500641,0.676665,8129050
3,2021-06-04,46721,9807828,33063,5252943,12104,4232793,1554,322092,13312,846338,0.104113,33144,4669590,0.574432,15287,5515928,0.678545,8129050
3,2021-06-05,34629,9842457,26115,5279058,7322,4240115,1192,323284,8772,830863,0.102209,25638,4695228,0.577586,10163,5526091,0.679795,8129050
3,2021-06-06,14718,9857175,12283,5291341,1849,4241964,586,323870,3700,824372,0.101411,10948,4706176,0.578933,4457,5530548,0.680344,8129050
3,2021-06-07,30680,9887855,22295,5313636,7093,4249057,1292,325162,8873,813013,0.100013,21641,4727817,0.581595,10282,5540830,0.681609,8129050
3,2021-06-08,34455,9922310,24718,5338354,8435,4257492,1302,326464,9946,800200,0.098437,24289,4752106,0.584583,11476,5552306,0.68302,8129050
3,2021-06-09,33136,9955446,24033,5362387,7796,4265288,1307,327771,8890,786506,0.096753,24059,4776165,0.587543,10365,5562671,0.684295,8129050
3,2021-06-10,32660,9988106,23552,5385939,7568,4272856,1540,329311,8984,773724,0.09518,23508,4799673,0.590435,10726,5573397,0.685615,8129050
3,2021-06-11,35900,10024006,25398,5411337,9119,4281975,1383,330694,10670,760934,0.093607,25021,4824694,0.593513,12231,5585628,0.687119,8129050
3,2021-06-12,25501,10049507,19235,5430572,5366,4287341,900,331594,6750,750128,0.092277,18624,4843318,0.595804,7818,5593446,0.688081,8129050
3,2021-06-13,10226,10059733,7665,5438237,2069,4289410,492,332086,2383,745287,0.091682,7791,4851109,0.596762,2950,5596396,0.688444,8129050
3,2021-06-14,26082,10085815,18707,5456944,5926,4295336,1449,333535,8150,737237,0.090692,17792,4868901,0.598951,9742,5606138,0.689642,8129050
3,2021-06-15,29063,10114878,19677,5476621,7860,4303196,1526,335061,9765,729648,0.089758,19050,4887951,0.601294,11461,5617599,0.691052,8129050
3,2021-06-16,26208,10141086,18642,5495263,6132,4309328,1434,336495,8870,722951,0.088934,17150,4905101,0.603404,10453,5628052,0.692338,8129050
3,2021-06-17,25012,10166098,17905,5513168,5804,4315132,1303,337798,8679,716907,0.088191,16165,4921266,0.605393,10121,5638173,0.693583,8129050
3,2021-06-18,28080,10194178,19817,5532985,6689,4321821,1574,339372,9790,710384,0.087388,18055,4939321,0.607614,11532,5649705,0.695002,8129050
3,2021-06-19,16068,10210246,11803,5544788,3402,4325223,863,340235,5745,706907,0.086961,10194,4949515,0.608868,6717,5656422,0.695828,8129050
3,2021-06-20,6904,10217150,5181,5549969,1421,4326644,302,340537,2617,705650,0.086806,4229,4953744,0.609388,2972,5659394,0.696194,8129050
3,2021-06-21,16278,10233428,10273,5560242,4598,4331242,1407,341944,8092,707180,0.086994,8089,4961833,0.610383,9619,5669013,0.697377,8129050
3,2021-06-22,22141,10255569,15508,5575750,5323,4336565,1310,343254,8243,703125,0.086495,13762,4975595,0.612076,9707,5678720,0.698571,8129050
3,2021-06-23,20316,10275885,14219,5589969,4753,4341318,1344,344598,8027,700466,0.086168,12170,4987765,0.613573,9511,5688231,0.699741,8129050
3,2021-06-24,20028,10295913,13936,5603905,4633,4345951,1459,346057,7807,697807,0.085841,12036,4999801,0.615054,9377,5697608,0.700895,8129050
3,2021-06-25,23429,10319342,16622,5620527,5380,4351331,1427,347484,9134,694341,0.085415,14154,5013955,0.616795,10688,5708296,0.702209,8129050
3,2021-06-26,14063,10333405,10446,5630973,2843,4354174,774,348258,5869,693059,0.085257,8083,5022038,0.617789,6801,5715097,0.703046,8129050
3,2021-06-27,6761,10340166,5237,5636210,1217,4355391,307,348565,2887,692461,0.085184,3827,5025865,0.61826,3229,5718326,0.703443,8129050
3,2021-06-28,16136,10356302,12406,5648616,2642,4358033,1088,349653,6785,691239,0.085033,9201,5035066,0.619392,7979,5726305,0.704425,8129050
3,2021-06-29,18213,10374515,12829,5661445,4369,4362402,1015,350668,7481,689286,0.084793,10581,5045647,0.620693,8628,5734933,0.705486,8129050
3,2021-06-30,17262,10391777,12245,5673690,3967,4366369,1050,351718,7454,688306,0.084672,9631,5055278,0.621878,8651,5743584,0.70655,8129050
3,2021-07-01,16521,10408298,11773,5685463,3669,4370038,1079,352797,6975,687058,0.084519,9403,5064681,0.623035,8155,5751739,0.707554,8129050
3,2021-07-02,18667,10426965,13277,5698740,4282,4374320,1108,353905,7980,685679,0.084349,10562,5075243,0.624334,9183,5760922,0.708683,8129050
3,2021-07-03,10192,10437157,7370,5706110,2381,4376701,441,354346,4368,684846,0.084247,5744,5080987,0.625041,4911,5765833,0.709287,8129050
3,2021-07-04,734,10437891,432,5706542,215,4376916,87,354433,285,684794,0.08424,440,5081427,0.625095,388,5766221,0.709335,8129050
3,2021-07-05,9607,10447498,7023,5713565,2158,4379074,426,354859,4355,684462,0.0842,5178,5086605,0.625732,4846,5771067,0.709931,8129050
3,2021-07-06,19265,10466763,13954,5727519,4180,4383254,1131,355990,6973,680582,0.083722,12106,5098711,0.627221,8226,5779293,0.710943,8129050
3,2021-07-07,15860,10482623,11250,5738769,3484,4386738,1126,357116,6377,678848,0.083509,9344,5108055,0.62837,7610,5786903,0.711879,8129050
3,2021-07-08,15432,10498055,11154,5749923,3276,4390014,1002,358118,6222,677106,0.083295,9055,5117110,0.629484,7313,5794216,0.712779,8129050
3,2021-07-09,17753,10515808,12396,5762319,4133,4394147,1224,359342,7360,675548,0.083103,10252,5127362,0.630746,8694,5802910,0.713848,8129050
3,2021-07-10,10977,10526785,8089,5770408,2218,4396365,670,360012,4670,674749,0.083005,6229,5133591,0.631512,5430,5808340,0.714516,8129050
3,2021-07-11,5160,10531945,3821,5774229,1062,4397427,277,360289,2333,674603,0.082987,2776,5136367,0.631853,2630,5810970,0.71484,8129050
3,2021-07-12,14384,10546329,10500,5784729,2882,4400309,1002,361291,5751,672873,0.082774,8551,5144918,0.632905,6821,5817791,0.715679,8129050
3,2021-07-13,15222,10561551,10749,5795478,3556,4403865,917,362208,6690,672133,0.082683,8427,5153345,0.633942,7687,5825478,0.716625,8129050
3,2021-07-14,14491,10576042,10289,5805767,3276,4407141,926,363134,6478,671685,0.082628,7912,5161257,0.634915,7464,5832942,0.717543,8129050
3,2021-07-15,14800,10590842,10702,5816469,3255,4410396,843,363977,6784,671470,0.082601,7917,5169174,0.635889,7702,5840644,0.71849,8129050
3,2021-07-16,17829,10608671,12815,5829284,4120,4414516,894,364871,8515,671751,0.082636,9203,5178377,0.637021,9484,5850128,0.719657,8129050
3,2021-07-17,11329,10620000,8305,5837589,2489,4417005,535,365406,5393,671885,0.082652,5860,5184237,0.637742,5994,5856122,0.720394,8129050
3,2021-07-18,5768,10625768,4359,5841948,1158,4418163,251,365657,2841,672120,0.082681,2883,5187120,0.638097,3118,5859240,0.720778,8129050
3,2021-07-19,14945,10640713,10935,5852883,3127,4421290,883,366540,7323,672878,0.082774,7522,5194642,0.639022,8280,5867520,0.721797,8129050
3,2021-07-20,16665,10657378,11610,5864493,4150,4425440,905,367445,8567,674462,0.082969,7970,5202612,0.640002,9554,5877074,0.722972,8129050
3,2021-07-21,16048,10673426,11366,5875859,3813,4429253,869,368314,8078,675652,0.083116,7837,5210449,0.640967,9027,5886101,0.724082,8129050
3,2021-07-22,16454,10689880,11625,5887484,3862,4433115,967,369281,8533,677422,0.083333,7794,5218243,0.641925,9564,5895665,0.725259,8129050
3,2021-07-23,19349,10709229,13796,5901280,4538,4437653,1015,370296,10383,680094,0.083662,8815,5227058,0.64301,11487,5907152,0.726672,8129050
3,2021-07-24,11665,10720894,8407,5909687,2676,4440329,582,370878,6450,682029,0.0839,5136,5232194,0.643642,7071,5914223,0.727542,8129050
3,2021-07-25,5694,10726588,4268,5913955,1215,4441544,211,371089,4110,684867,0.084249,1533,5233727,0.64383,4371,5918594,0.728079,8129050
3,2021-07-26,15592,10742180,10862,5924817,3755,4445299,975,372064,9427,689287,0.084793,6043,5239770,0.644573,10463,5929057,0.729367,8129050
3,2021-07-27,17598,10759778,12448,5937265,4169,4449468,981,373045,10081,693043,0.085255,7378,5247148,0.645481,11134,5940191,0.730736,8129050
3,2021-07-28,17149,10776927,12278,5949543,3832,4453300,1039,374084,9908,696945,0.085735,7094,5254242,0.646354,10996,5951187,0.732089,8129050
3,2021-07-29,16950,10793877,12206,5961749,3709,4457009,1035,375119,10008,701302,0.086271,6757,5260999,0.647185,11114,5962301,0.733456,8129050
3,2021-07-30,19698,10813575,13909,5975658,4699,4461708,1090,376209,11428,705855,0.086831,8055,5269054,0.648176,12608,5974909,0.735007,8129050
3,2021-07-31,12241,10825816,8862,5984520,2723,4464431,656,376865,7130,708738,0.087186,4966,5274020,0.648787,7849,5982758,0.735973,8129050
3,2021-08-01,6512,10832328,4960,5989480,1291,4465722,261,377126,4209,711005,0.087465,2238,5276258,0.649062,4505,5987263,0.736527,8129050
3,2021-08-02,16611,10848939,12045,6001525,3634,4469356,932,378058,10325,716167,0.0881,6159,5282417,0.64982,11321,5998584,0.737919,8129050
3,2021-08-03,18484,10867423,13332,6014857,4037,4473393,1115,379173,11011,721052,0.088701,7294,5289711,0.650717,12179,6010763,0.739418,8129050
3,2021-08-04,17589,10885012,12645,6027502,3929,4477322,1015,380188,10463,725613,0.089262,6966,5296677,0.651574,11527,6022290,0.740836,8129050
3,2021-08-05,17995,10903007,12998,6040500,3838,4481160,1159,381347,10863,730737,0.089892,6967,5303644,0.652431,12091,6034381,0.742323,8129050
3,2021-08-06,21804,10924811,15799,6056299,4844,4486004,1161,382508,12885,736137,0.090556,8713,5312357,0.653503,14113,6048494,0.744059,8129050
3,2021-08-07,12816,10937627,9518,6065817,2666,4488670,632,383140,7491,739128,0.090924,5183,5317540,0.65414,8174,6056668,0.745065,8129050
3,2021-08-08,7593,10945220,5811,6071628,1539,4490209,243,383383,4680,741259,0.091186,2829,5320369,0.654488,4960,6061628,0.745675,8129050
3,2021-08-09,18390,10963610,13762,6085390,3532,4493741,1096,384479,10381,744964,0.091642,7848,5328217,0.655454,11553,6073181,0.747096,8129050
3,2021-08-10,18616,10982226,13626,6099016,3967,4497708,1023,385502,10485,748552,0.092084,7957,5336174,0.656433,11545,6084726,0.748516,8129050
3,2021-08-11,16623,10998849,12033,6111049,3549,4501257,1041,386543,9255,751737,0.092475,7166,5343340,0.657314,10351,6095077,0.74979,8129050
3,2021-08-12,18207,11017056,12851,6123900,4259,4505516,1097,387640,10006,754898,0.092864,7989,5351329,0.658297,11150,6106227,0.751161,8129050
3,2021-08-13,22682,11039738,16074,6139974,5428,4510944,1180,388820,12355,758619,0.093322,9883,5361212,0.659513,13604,6119831,0.752835,8129050
3,2021-08-14,14731,11054469,10351,6150325,3735,4514679,645,389465,7648,760806,0.093591,6160,5367372,0.660271,8347,6128178,0.753862,8129050
3,2021-08-15,8393,11062862,6087,6156412,2016,4516695,290,389755,4216,761949,0.093732,3391,5370763,0.660688,4534,6132712,0.754419,8129050
3,2021-08-16,20721,11083583,14286,6170698,5440,4522135,995,390750,9808,763879,0.093969,8961,5379724,0.66179,10891,6143603,0.755759,8129050
3,2021-08-17,21361,11104944,14509,6185207,5795,4527930,1057,391807,9797,765510,0.09417,9333,5389057,0.662938,10964,6154567,0.757108,8129050
3,2021-08-18,21182,11126126,14108,6199315,6060,4533990,1014,392821,9517,767087,0.094364,9045,5398102,0.664051,10622,6165189,0.758414,8129050
3,2021-08-19,21274,11147400,14040,6213355,6142,4540132,1092,393913,9237,768407,0.094526,9076,5407178,0.665167,10396,6175585,0.759693,8129050
3,2021-08-20,26797,11174197,18056,6231411,7595,4547727,1146,395059,11280,769057,0.094606,11881,5419059,0.666629,12531,6188116,0.761235,8129050
3,2021-08-21,15559,11189756,11222,6242633,3748,4551475,589,395648,6524,769069,0.094607,7173,5426232,0.667511,7185,6195301,0.762119,8129050
3,2021-08-22,8864,11198620,6315,6248948,2322,4553797,227,395875,3963,769525,0.094664,3783,5430015,0.667977,4239,6199540,0.76264,8129050
3,2021-08-23,22720,11221340,15886,6264834,5895,4559692,939,396814,9738,770471,0.09478,9916,5439931,0.669196,10862,6210402,0.763976,8129050
3,2021-08-24,22649,11243989,16311,6281145,5436,4565128,902,397716,9361,770633,0.0948,10236,5450167,0.670456,10398,6220800,0.765255,8129050
3,2021-08-25,21640,11265629,15421,6296566,5304,4570432,915,398631,8993,770982,0.094843,9683,5459850,0.671647,10032,6230832,0.76649,8129050
3,2021-08-26,22204,11287833,15634,6312200,5581,4576013,989,399620,8886,771121,0.09486,9856,5469706,0.672859,9995,6240827,0.767719,8129050
3,2021-08-27,27164,11314997,19590,6331790,6561,4582574,1013,400633,10482,769963,0.094717,12861,5482567,0.674441,11703,6252530,0.769159,8129050
3,2021-08-28,15706,11330703,11513,6343303,3729,4586303,464,401097,6257,769213,0.094625,7590,5490157,0.675375,6840,6259370,0.77,8129050
3,2021-08-29,9103,11339806,6763,6350066,2184,4588487,156,401253,3623,768717,0.094564,4349,5494506,0.67591,3853,6263223,0.770474,8129050
3,2021-08-30,21771,11361577,15313,6365379,5629,4594116,829,402082,8175,767564,0.094422,10320,5504826,0.677179,9167,6272390,0.771602,8129050
3,2021-08-31,20801,11382378,14374,6379753,5657,4599773,770,402852,7300,765852,0.094212,9931,5514757,0.678401,8219,6280609,0.772613,8129050
3,2021-09-01,20123,11402501,13858,6393611,5455,4605228,810,403662,7717,765570,0.094177,8972,5523729,0.679505,8690,6289299,0.773682,8129050
3,2021-09-02,18114,11420615,12276,6405887,5079,4610307,759,404421,6166,764231,0.094012,8324,5532053,0.680529,6985,6296284,0.774541,8129050
3,2021-09-03,13051,11433666,8795,6414682,3622,4613929,634,405055,4121,762572,0.093808,6423,5538476,0.681319,4764,6301048,0.775127,8129050
4,2020-12-15,475,475,475,475,0,0,0,0,475,475,5.9e-05,0,0,0.0,475,475,5.9e-05,8037679
4,2020-12-16,3118,3593,3118,3593,0,0,0,0,3118,3593,0.000447,0,0,0.0,3118,3593,0.000447,8037679
4,2020-12-17,9129,12722,9129,12722,0,0,0,0,9129,12722,0.001583,0,0,0.0,9129,12722,0.001583,8037679
4,2020-12-18,16432,29154,16418,29140,14,14,0,0,16431,29153,0.003627,0,0,0.0,16431,29153,0.003627,8037679
4,2020-12-19,10487,39641,10476,39616,11,25,0,0,10426,39579,0.004924,0,0,0.0,10426,39579,0.004924,8037679
4,2020-12-20,7516,47157,7500,47116,16,41,0,0,7471,47050,0.005854,0,0,0.0,7471,47050,0.005854,8037679
4,2020-12-21,16583,63740,16548,63664,35,76,0,0,16515,63563,0.007908,2,2,0.0,16515,63565,0.007908,8037679
4,2020-12-22,17372,81112,16594,80258,778,854,0,0,17328,80887,0.010063,4,6,1e-06,17328,80893,0.010064,8037679
4,2020-12-23,17321,98433,14497,94755,2824,3678,0,0,17293,98178,0.012215,2,8,1e-06,17293,98186,0.012216,8037679
4,2020-12-24,8675,107108,6008,100763,2667,6345,0,0,8673,106850,0.013294,1,9,1e-06,8673,106859,0.013295,8037679
4,2020-12-25,918,108026,812,101575,106,6451,0,0,917,107766,0.013408,1,10,1e-06,917,107776,0.013409,8037679
4,2020-12-26,6292,114318,3945,105520,2347,8798,0,0,6290,114054,0.01419,2,12,1e-06,6290,114066,0.014191,8037679
4,2020-12-27,3493,117811,2015,107535,1478,10276,0,0,3493,117547,0.014624,0,12,1e-06,3493,117559,0.014626,8037679
4,2020-12-28,15384,133195,9485,117020,5899,16175,0,0,15354,132895,0.016534,6,18,2e-06,15354,132913,0.016536,8037679
4,2020-12-29,16025,149220,8987,126007,7038,23213,0,0,15991,148885,0.018523,1,19,2e-06,15991,148904,0.018526,8037679
4,2020-12-30,19535,168755,11418,137425,8117,31330,0,0,19525,168408,0.020952,2,21,3e-06,19525,168429,0.020955,8037679
4,2020-12-31,8425,177180,3399,140824,5026,36356,0,0,8411,176810,0.021998,9,30,4e-06,8411,176840,0.022001,8037679
4,2021-01-01,1897,179077,871,141695,1026,37382,0,0,1890,178697,0.022232,3,33,4e-06,1890,178730,0.022237,8037679
4,2021-01-02,5816,184893,3279,144974,2537,39919,0,0,5814,184510,0.022956,1,34,4e-06,5814,184544,0.02296,8037679
4,2021-01-03,2180,187073,1283,146257,897,40816,0,0,2165,186671,0.023224,4,38,5e-06,2165,186709,0.023229,8037679
4,2021-01-04,13176,200249,7103,153360,6073,46889,0,0,13127,199771,0.024854,27,65,8e-06,13127,199836,0.024862,8037679
4,2021-01-05,17181,217430,10173,163533,7008,53897,0,0,14904,212444,0.026431,2249,2314,0.000288,14922,214758,0.026719,8037679
4,2021-01-06,21911,239341,13427,176960,8484,62381,0,0,15686,221970,0.027616,6178,8492,0.001057,15704,230462,0.028673,8037679
4,2021-01-07,28350,267691,17326,194286,11024,73405,0,0,16840,227389,0.02829,11447,19939,0.002481,16866,247328,0.030771,8037679
4,2021-01-08,33348,301039,21422,215708,11926,85331,0,0,18507,231151,0.028758,14774,34713,0.004319,18536,265864,0.033077,8037679
4,2021-01-09,16471,317510,9741,225449,6730,92061,0,0,9564,233832,0.029092,6897,41610,0.005177,9578,275442,0.034269,8037679
4,2021-01-10,8875,326385,5737,231186,3138,95199,0,0,4205,233395,0.029038,4650,46260,0.005755,4213,279655,0.034793,8037679
4,2021-01-11,33980,360365,22316,253502,11664,106863,0,0,19118,237743,0.029579,14823,61083,0.0076,19171,298826,0.037178,8037679
4,2021-01-12,38990,399355,22503,276005,16487,123350,0,0,24495,247867,0.030838,14422,75505,0.009394,24546,323372,0.040232,8037679
4,2021-01-13,39377,438732,19527,295532,19850,143200,0,0,27838,264249,0.032876,11479,86984,0.010822,27861,351233,0.043698,8037679
4,2021-01-14,39905,478637,15398,310930,24507,167707,0,0,32574,289612,0.036032,7245,94229,0.011723,32608,383841,0.047755,8037679
4,2021-01-15,46011,524648,16115,327045,29896,197603,0,0,40275,324258,0.040342,5655,99884,0.012427,40301,424142,0.052769,8037679
4,2021-01-16,29082,553730,9461,336506,19621,217224,0,0,25888,347005,0.043172,3159,103043,0.01282,25906,450048,0.055992,8037679
4,2021-01-17,19132,572862,6622,343128,12510,229734,0,0,17452,362813,0.045139,1657,104700,0.013026,17465,467513,0.058165,8037679
4,2021-01-18,29788,602650,13824,356952,15964,245698,0,0,23681,380520,0.047342,6012,110712,0.013774,23719,491232,0.061116,8037679
4,2021-01-19,46830,649480,23511,380463,23319,269017,0,0,36952,407728,0.050727,9819,120531,0.014996,37027,528259,0.065723,8037679
4,2021-01-20,53280,702760,28435,408898,24845,293862,0,0,42501,439618,0.054695,10676,131207,0.016324,42566,570825,0.071019,8037679
4,2021-01-21,58577,761337,26307,435205,32270,326132,0,0,51625,484417,0.060268,6879,138086,0.01718,51678,622503,0.077448,8037679
4,2021-01-22,56034,817371,22485,457690,33549,359681,0,0,50683,529885,0.065925,5249,143335,0.017833,50717,673220,0.083758,8037679
4,2021-01-23,40069,857440,17459,475149,22610,382291,0,0,35663,561186,0.069819,4397,147732,0.01838,35698,708918,0.088199,8037679
4,2021-01-24,24303,881743,10570,485719,13733,396024,0,0,22389,581697,0.072371,1901,149633,0.018616,22412,731330,0.090988,8037679
4,2021-01-25,48674,930417,22456,508175,26218,422242,0,0,37271,607663,0.075602,11362,160995,0.02003,37328,768658,0.095632,8037679
4,2021-01-26,57646,988063,29364,537539,28282,450524,0,0,45100,640336,0.079667,12494,173489,0.021584,45167,813825,0.101251,8037679
4,2021-01-27,57058,1045121,27091,564630,29967,480491,0,0,45732,674874,0.083964,11252,184741,0.022984,45790,859615,0.106948,8037679
4,2021-01-28,57774,1102895,26071,590701,31703,512194,0,0,47411,712065,0.088591,10271,195012,0.024262,47462,907077,0.112853,8037679
4,2021-01-29,57546,1160441,27493,618194,30053,542247,0,0,46880,748490,0.093123,10494,205506,0.025568,46919,953996,0.11869,8037679
4,2021-01-30,38804,1199245,17418,635612,21386,563633,0,0,33327,776432,0.096599,5421,210927,0.026242,33363,987359,0.122841,8037679
4,2021-01-31,24558,1223803,12806,648418,11752,575385,0,0,22814,797547,0.099226,1719,212646,0.026456,22834,1010193,0.125682,8037679
4,2021-02-01,50563,1274366,24332,672750,26231,601616,0,0,38618,824336,0.102559,11876,224522,0.027934,38665,1048858,0.130493,8037679
4,2021-02-02,56402,1330768,25905,698655,30497,632113,0,0,43215,854505,0.106312,13102,237624,0.029564,43271,1092129,0.135876,8037679
4,2021-02-03,62909,1393677,30820,729475,32089,664202,0,0,48150,888074,0.110489,14641,252265,0.031385,48210,1140339,0.141874,8037679
4,2021-02-04,68474,1462151,31824,761299,36650,700852,0,0,51401,922683,0.114795,16916,269181,0.03349,51525,1191864,0.148285,8037679
4,2021-02-05,74070,1536221,34247,795546,39823,740675,0,0,51332,951669,0.118401,22490,291671,0.036288,51476,1243340,0.154689,8037679
4,2021-02-06,49252,1585473,26393,821939,22859,763534,0,0,37552,977794,0.121651,11631,303302,0.037735,37756,1281096,0.159386,8037679
4,2021-02-07,26770,1612243,17684,839623,9086,772620,0,0,20165,991637,0.123374,6571,309873,0.038553,20414,1301510,0.161926,8037679
4,2021-02-08,59433,1671676,30503,870126,28930,801550,0,0,38499,1009612,0.12561,20789,330662,0.041139,38764,1340274,0.166749,8037679
4,2021-02-09,68073,1739749,34582,904708,33491,835041,0,0,39759,1021603,0.127102,28216,358878,0.044649,40207,1380481,0.171751,8037679
4,2021-02-10,78409,1818158,39227,943935,39182,874223,0,0,41072,1026146,0.127667,37090,395968,0.049264,41633,1422114,0.176931,8037679
4,2021-02-11,82500,1900658,43006,986941,39494,913717,0,0,41846,1028237,0.127927,40440,436408,0.054295,42531,1464645,0.182222,8037679
4,2021-02-12,85410,1986068,38211,1025152,47199,960916,0,0,43796,1031427,0.128324,41405,477813,0.059447,44595,1509240,0.187771,8037679
4,2021-02-13,59411,2045479,30023,1055175,29388,990304,0,0,30112,1033307,0.128558,29148,506961,0.063073,31028,1540268,0.191631,8037679
4,2021-02-14,37261,2082740,19352,1074527,17909,1008213,0,0,18974,1034739,0.128736,18222,525183,0.06534,19654,1559922,0.194076,8037679
4,2021-02-15,46840,2129580,21969,1096496,24871,1033084,0,0,23900,1036990,0.129016,22845,548028,0.068182,25096,1585018,0.197198,8037679
4,2021-02-16,81291,2210871,37299,1133795,43992,1077076,0,0,41107,1039285,0.129302,40046,588074,0.073165,42341,1627359,0.202466,8037679
4,2021-02-17,82666,2293537,39090,1172885,43576,1120652,0,0,39133,1036241,0.128923,43329,631403,0.078555,40285,1667644,0.207478,8037679
4,2021-02-18,84586,2378123,46499,1219384,38087,1158739,0,0,38847,1031046,0.128277,45519,676922,0.084219,40324,1707968,0.212495,8037679
4,2021-02-19,83885,2462008,52785,1272169,31100,1189839,0,0,41687,1031415,0.128322,42006,718928,0.089445,42375,1750343,0.217767,8037679
4,2021-02-20,50316,2512324,33484,1305653,16832,1206671,0,0,27025,1035966,0.128889,23195,742123,0.092331,27746,1778089,0.221219,8037679
4,2021-02-21,30684,2543008,24320,1329973,6364,1213035,0,0,14656,1035012,0.12877,15931,758054,0.094313,14977,1793066,0.223083,8037679
4,2021-02-22,56126,2599134,38503,1368476,17623,1230658,0,0,26926,1033407,0.12857,29014,787068,0.097922,27409,1820475,0.226493,8037679
4,2021-02-23,77828,2676962,43136,1411612,34692,1265350,0,0,34036,1025575,0.127596,43561,830629,0.103342,35729,1856204,0.230938,8037679
4,2021-02-24,92947,2769909,49109,1460721,43838,1309188,0,0,41647,1018392,0.126702,51013,881642,0.109689,43830,1900034,0.236391,8037679
4,2021-02-25,104786,2874695,54852,1515573,49934,1359122,0,0,49668,1015859,0.126387,54873,936515,0.116516,52340,1952374,0.242903,8037679
4,2021-02-26,110774,2985469,55955,1571528,54819,1413941,0,0,56232,1020237,0.126932,54214,990729,0.123261,58592,2010966,0.250192,8037679
4,2021-02-27,80856,3066325,43975,1615503,36867,1450808,14,14,42665,1026473,0.127708,37956,1028685,0.127983,44192,2055158,0.25569,8037679
4,2021-02-28,50009,3116334,30854,1646357,19148,1469956,7,21,27164,1031938,0.128388,22618,1051303,0.130797,28083,2083241,0.259184,8037679
4,2021-03-01,81835,3198169,47866,1694223,33907,1503863,62,83,45033,1041868,0.129623,36420,1087723,0.135328,46350,2129591,0.264951,8037679
4,2021-03-02,90851,3289020,52028,1746251,38811,1542674,12,95,52963,1059011,0.131756,37672,1125395,0.140015,54815,2184406,0.271771,8037679
4,2021-03-03,104746,3393766,55619,1801870,49105,1591779,22,117,58182,1072697,0.133459,46319,1171714,0.145778,60005,2244411,0.279236,8037679
4,2021-03-04,103023,3496789,57347,1859217,45658,1637437,18,135,55988,1083738,0.134832,46767,1218481,0.151596,57808,2302219,0.286428,8037679
4,2021-03-05,99239,3596028,53518,1912735,45390,1682827,331,466,57989,1103038,0.137233,40992,1259473,0.156696,60292,2362511,0.29393,8037679
4,2021-03-06,77960,3673988,43888,1956623,31417,1714244,2655,3121,47605,1124386,0.139889,30206,1289679,0.160454,51554,2414065,0.300344,8037679
4,2021-03-07,45517,3719505,27824,1984447,15445,1729689,2248,5369,26553,1135359,0.141255,18866,1308545,0.162801,29839,2443904,0.304056,8037679
4,2021-03-08,69082,3788587,36032,2020479,29622,1759311,3428,8797,45270,1161651,0.144526,23663,1332208,0.165745,49955,2493859,0.310271,8037679
4,2021-03-09,83124,3871711,41970,2062449,35837,1795148,5317,14114,44741,1174523,0.146127,38172,1370380,0.170494,51044,2544903,0.316622,8037679
4,2021-03-10,93104,3964815,47983,2110432,37532,1832680,7589,21703,46760,1183570,0.147253,46117,1416497,0.176232,55164,2600067,0.323485,8037679
4,2021-03-11,102054,4066869,53469,2163901,40012,1872692,8573,30276,47031,1185335,0.147472,54728,1471225,0.183041,56493,2656560,0.330513,8037679
4,2021-03-12,105950,4172819,52115,2216016,43393,1916085,10442,40718,45288,1181374,0.146979,60347,1531572,0.190549,56386,2712946,0.337529,8037679
4,2021-03-13,82467,4255286,38163,2254179,35735,1951820,8569,49287,38970,1186485,0.147615,43341,1574913,0.195941,48452,2761398,0.343557,8037679
4,2021-03-14,50271,4305557,28630,2282809,17980,1969800,3661,52948,23481,1187479,0.147739,26682,1601595,0.199261,27676,2789074,0.347,8037679
4,2021-03-15,84605,4390162,45501,2328310,34775,2004575,4329,57277,42885,1194016,0.148552,41407,1643002,0.204412,47944,2837018,0.352965,8037679
4,2021-03-16,108944,4499106,56719,2385029,48776,2053351,3449,60726,57203,1203823,0.149772,51454,1694456,0.210814,61261,2898279,0.360587,8037679
4,2021-03-17,108540,4607646,58406,2443435,46597,2099948,3537,64263,63325,1226224,0.152559,44916,1739372,0.216402,67317,2965596,0.368962,8037679
4,2021-03-18,108327,4715973,60080,2503515,44494,2144442,3753,68016,61080,1244447,0.154827,46951,1786323,0.222244,65174,3030770,0.37707,8037679
4,2021-03-19,112737,4828710,64863,2568378,42613,2187055,5261,73277,63764,1265109,0.157397,48662,1834985,0.228298,69324,3100094,0.385695,8037679
4,2021-03-20,85147,4913857,49852,2618230,32237,2219292,3058,76335,51856,1287183,0.160144,33086,1868071,0.232414,55160,3155254,0.392558,8037679
4,2021-03-21,48696,4962553,35298,2653528,11139,2230431,2259,78594,28369,1297947,0.161483,20176,1888247,0.234924,30940,3186194,0.396407,8037679
4,2021-03-22,83485,5046038,54467,2707995,26260,2256691,2758,81352,51456,1321081,0.164361,31745,1919992,0.238874,54879,3241073,0.403235,8037679
4,2021-03-23,106254,5152292,63629,2771624,40433,2297124,2192,83544,62134,1342106,0.166977,43817,1963809,0.244325,64842,3305915,0.411302,8037679
4,2021-03-24,115041,5267333,74195,2845819,38376,2335500,2470,86014,63904,1358216,0.168981,50657,2014466,0.250628,66767,3372682,0.419609,8037679
4,2021-03-25,118758,5386091,73063,2918882,43224,2378724,2471,88485,66454,1375809,0.17117,51787,2066253,0.257071,69380,3442062,0.428241,8037679
4,2021-03-26,121463,5507554,73643,2992525,44737,2423461,3083,91568,65305,1389007,0.172812,55739,2121992,0.264006,68937,3510999,0.436818,8037679
4,2021-03-27,93209,5600763,54927,3047452,36454,2459915,1828,93396,46935,1392217,0.173211,46002,2167994,0.269729,49212,3560211,0.44294,8037679
4,2021-03-28,56476,5657239,37320,3084772,18270,2478185,886,94282,29667,1396522,0.173747,26609,2194603,0.273039,30914,3591125,0.446786,8037679
4,2021-03-29,95113,5752352,56944,3141716,36054,2514239,2115,96397,50769,1405902,0.174914,44045,2238648,0.278519,53425,3644550,0.453433,8037679
4,2021-03-30,118778,5871130,64839,3206555,49714,2563953,4225,100622,69691,1431388,0.178085,48795,2287443,0.28459,74281,3718831,0.462675,8037679
4,2021-03-31,122510,5993640,72303,3278858,43853,2607806,6354,106976,68168,1452113,0.180663,53947,2341390,0.291302,74672,3793503,0.471965,8037679
4,2021-04-01,144242,6137882,82138,3360996,48649,2656455,13455,120431,84472,1490550,0.185445,59196,2400586,0.298667,97633,3891136,0.484112,8037679
4,2021-04-02,138029,6275911,73752,3434748,50580,2707035,13697,134128,79225,1524955,0.189726,58463,2459049,0.30594,92868,3984004,0.495666,8037679
4,2021-04-03,101999,6377910,54505,3489253,33946,2740981,13548,147676,53138,1542912,0.19196,48629,2507678,0.31199,66586,4050590,0.50395,8037679
4,2021-04-04,47215,6425125,24942,3514195,14713,2755694,7560,155236,20527,1544206,0.192121,26557,2534235,0.315294,27851,4078441,0.507415,8037679
4,2021-04-05,110890,6536015,62211,3576406,35686,2791380,12993,168229,57370,1561621,0.194288,53254,2587489,0.32192,70669,4149110,0.516207,8037679
4,2021-04-06,140210,6676225,78888,3655294,41355,2832735,19967,188196,72532,1587040,0.19745,67406,2654895,0.330306,92825,4241935,0.527756,8037679
4,2021-04-07,138985,6815210,78767,3734061,39308,2872043,20910,209106,71760,1612794,0.200654,66933,2721828,0.338634,92687,4334622,0.539288,8037679
4,2021-04-08,141414,6956624,78769,3812830,36969,2909012,25676,234782,70464,1638495,0.203852,70600,2792428,0.347417,96301,4430923,0.551269,8037679
4,2021-04-09,138993,7095617,76149,3888979,39583,2948595,23261,258043,66291,1656320,0.206069,72404,2864832,0.356425,90229,4521152,0.562495,8037679
4,2021-04-10,104693,7200310,51600,3940579,34021,2982616,19072,277115,47259,1666243,0.207304,57192,2922024,0.363541,67115,4588267,0.570845,8037679
4,2021-04-11,63154,7263464,38338,3978917,13530,2996146,11286,288401,27634,1670677,0.207856,35385,2957409,0.367943,39819,4628086,0.575799,8037679
4,2021-04-12,103819,7367283,63040,4041957,30446,3026592,10333,298734,52204,1683081,0.209399,51267,3008676,0.374321,63671,4691757,0.58372,8037679
4,2021-04-13,131457,7498740,82462,4124419,48829,3075421,166,298900,78378,1709759,0.212718,52741,3061417,0.380883,79419,4771176,0.593601,8037679
4,2021-04-14,137021,7635761,87425,4211844,49514,3124935,82,298982,75620,1725678,0.214699,61024,3122441,0.388475,76943,4848119,0.603174,8037679
4,2021-04-15,157235,7792996,104489,4316333,52664,3177599,82,299064,95984,1761731,0.219184,60819,3183260,0.396042,96872,4944991,0.615226,8037679
4,2021-04-16,144473,7937469,91561,4407894,52828,3230427,84,299148,83590,1785616,0.222156,60521,3243781,0.403572,84406,5029397,0.625728,8037679
4,2021-04-17,102089,8039558,64118,4472012,37943,3268370,28,299176,59603,1804247,0.224474,42175,3285956,0.408819,60806,5090203,0.633293,8037679
4,2021-04-18,57485,8097043,38936,4510948,18544,3286914,5,299181,32221,1812338,0.22548,25102,3311058,0.411942,33193,5123396,0.637422,8037679
4,2021-04-19,101749,8198792,66986,4577934,34741,3321655,22,299203,51365,1814228,0.225715,50103,3361161,0.418176,51993,5175389,0.643891,8037679
4,2021-04-20,132068,8330860,78623,4656557,53420,3375075,25,299228,68230,1820115,0.226448,63467,3424628,0.426072,69354,5244743,0.65252,8037679
4,2021-04-21,135372,8466232,88351,4744908,46954,3422029,67,299295,67870,1822135,0.226699,67046,3491674,0.434413,69066,5313809,0.661112,8037679
4,2021-04-22,142458,8608690,94543,4839451,47890,3469919,25,299320,63405,1808102,0.224953,78609,3570283,0.444193,64576,5378385,0.669147,8037679
4,2021-04-23,135840,8744530,88399,4927850,47415,3517334,26,299346,58684,1791270,0.222859,76758,3647041,0.453743,59926,5438311,0.676602,8037679
4,2021-04-24,99453,8843983,67128,4994978,32271,3549605,54,299400,45630,1784549,0.222023,53498,3700539,0.460399,46777,5485088,0.682422,8037679
4,2021-04-25,50658,8894641,35719,5030697,14912,3564517,27,299427,26378,1787305,0.222366,24119,3724658,0.4634,26875,5511963,0.685766,8037679
4,2021-04-26,92702,8987343,60819,5091516,31473,3595990,410,299837,36290,1769285,0.220124,56070,3780728,0.470376,38050,5550013,0.690499,8037679
4,2021-04-27,114534,9101877,70031,5161547,42171,3638161,2332,302169,41082,1740407,0.216531,73109,3853837,0.479471,44231,5594244,0.696002,8037679
4,2021-04-28,105233,9207110,68729,5230276,33952,3672113,2552,304721,38330,1715444,0.213425,66529,3920366,0.487749,41566,5635810,0.701174,8037679
4,2021-04-29,106696,9313806,68135,5298411,36013,3708126,2548,307269,34280,1680847,0.209121,72033,3992399,0.49671,37436,5673246,0.705831,8037679
4,2021-04-30,106396,9420202,67353,5365764,36315,3744441,2728,309997,36425,1651141,0.205425,69532,4061931,0.505361,39826,5713072,0.710786,8037679
4,2021-05-01,70266,9490468,46599,5412363,21874,3766315,1793,311790,20455,1624546,0.202116,49478,4111409,0.511517,22883,5735955,0.713633,8037679
4,2021-05-02,37893,9528361,26890,5439253,9699,3776014,1304,313094,10565,1609365,0.200228,27190,4138599,0.5149,12009,5747964,0.715127,8037679
4,2021-05-03,79741,9608102,55607,5494860,21628,3797642,2506,315600,19223,1571223,0.195482,60227,4198826,0.522393,22085,5770049,0.717875,8037679
4,2021-05-04,101951,9710053,69771,5564631,29385,3827027,2795,318395,22660,1518121,0.188876,78951,4277777,0.532215,25849,5795898,0.721091,8037679
4,2021-05-05,102788,9812841,72450,5637081,27574,3854601,2764,321159,21805,1462380,0.181941,80613,4358390,0.542245,24872,5820770,0.724185,8037679
4,2021-05-06,112625,9925466,84379,5721460,25285,3879886,2961,324120,19574,1393514,0.173373,92527,4450917,0.553757,23661,5844431,0.727129,8037679
4,2021-05-07,105513,10030979,75839,5797299,26981,3906867,2693,326813,20644,1332807,0.16582,84458,4535375,0.564264,23751,5868182,0.730084,8037679
4,2021-05-08,70236,10101215,48439,5845738,19858,3926725,1939,328752,13799,1292707,0.160831,56185,4591560,0.571254,16085,5884267,0.732085,8037679
4,2021-05-09,34549,10135764,28258,5873996,5340,3932065,951,329703,7371,1274061,0.158511,27061,4618621,0.574621,8415,5892682,0.733132,8037679
4,2021-05-10,65509,10201273,43845,5917841,19320,3951385,2344,332047,11049,1233533,0.153469,54217,4672838,0.581367,13689,5906371,0.734835,8037679
4,2021-05-11,83737,10285010,52415,5970256,29117,3980502,2205,334252,15814,1184441,0.147361,67654,4740492,0.589784,18562,5924933,0.737145,8037679
4,2021-05-12,80241,10365251,53347,6023603,24410,4004912,2484,336736,16619,1140699,0.141919,63296,4803788,0.597659,19554,5944487,0.739578,8037679
4,2021-05-13,105282,10470533,77443,6101046,26294,4031206,1545,338281,40674,1119730,0.13931,64247,4868035,0.605652,43278,5987765,0.744962,8037679
4,2021-05-14,105566,10576099,74474,6175520,28951,4060157,2141,340422,40563,1098317,0.136646,64651,4932686,0.613695,43238,6031003,0.750341,8037679
4,2021-05-15,86201,10662300,66612,6242132,18248,4078405,1341,341763,37959,1089951,0.135605,47973,4980659,0.619664,39607,6070610,0.755269,8037679
4,2021-05-16,51913,10714213,41804,6283936,9389,4087794,720,342483,21264,1081596,0.134566,30482,5011141,0.623456,22127,6092737,0.758022,8037679
4,2021-05-17,71527,10785740,52263,6336199,17415,4105209,1849,344332,28196,1068778,0.132971,43104,5054245,0.628819,30286,6123023,0.76179,8037679
4,2021-05-18,82259,10867999,53488,6389687,27010,4132219,1761,346093,29345,1047733,0.130353,52528,5106773,0.635354,31483,6154506,0.765707,8037679
4,2021-05-19,77398,10945397,52330,6442017,23111,4155330,1957,348050,31059,1035021,0.128771,46009,5152782,0.641078,33297,6187803,0.769849,8037679
4,2021-05-20,69517,11014914,44700,6486717,22807,4178137,2010,350060,25726,1019626,0.126856,43481,5196263,0.646488,28086,6215889,0.773344,8037679
4,2021-05-21,74240,11089154,48929,6535646,23418,4201555,1893,351953,26123,1000125,0.12443,47782,5244045,0.652433,28281,6244170,0.776862,8037679
4,2021-05-22,50244,11139398,35242,6570888,13725,4215280,1277,353230,21779,995138,0.123809,28283,5272328,0.655952,23296,6267466,0.779761,8037679
4,2021-05-23,24027,11163425,17134,6588022,6166,4221446,727,353957,9738,991556,0.123363,14158,5286486,0.657713,10576,6278042,0.781076,8037679
4,2021-05-24,43349,11206774,27551,6615573,12781,4234227,3017,356974,15143,981950,0.122168,27967,5314453,0.661192,18361,6296403,0.783361,8037679
4,2021-05-25,45276,11252050,28166,6643739,14267,4248494,2843,359817,16014,972038,0.120935,28993,5343446,0.6648,19081,6315484,0.785735,8037679
4,2021-05-26,44983,11297033,26964,6670703,15401,4263895,2618,362435,15964,962014,0.119688,28778,5372224,0.66838,18754,6334238,0.788068,8037679
4,2021-05-27,39201,11336234,23510,6694213,12542,4276437,3149,365584,14731,955810,0.118916,24249,5396473,0.671397,18045,6352283,0.790313,8037679
4,2021-05-28,43726,11379960,27817,6722030,14289,4290726,1620,367204,18991,952196,0.118467,24443,5420916,0.674438,20829,6373112,0.792905,8037679
4,2021-05-29,23845,11403805,15474,6737504,7437,4298163,934,368138,10880,951343,0.11836,12804,5433720,0.676031,11951,6385063,0.794391,8037679
4,2021-05-30,12120,11415925,8512,6746016,3078,4301241,530,368668,5012,949927,0.118184,7027,5440747,0.676905,5611,6390674,0.795089,8037679
4,2021-05-31,3654,11419579,2326,6748342,1164,4302405,164,368832,1165,948853,0.118051,2424,5443171,0.677207,1350,6392024,0.795257,8037679
4,2021-06-01,39745,11459324,24702,6773044,12583,4314988,2460,371292,13080,938198,0.116725,26410,5469581,0.680493,15755,6407779,0.797218,8037679
4,2021-06-02,32925,11492249,20553,6793597,9549,4324537,2823,374115,10982,930405,0.115755,21743,5491324,0.683198,13950,6421729,0.798953,8037679
4,2021-06-03,48574,11540823,37278,6830875,8821,4333358,2475,376590,10475,905761,0.112689,37907,5529231,0.687914,13263,6434992,0.800603,8037679
4,2021-06-04,55388,11596211,44599,6875474,9452,4342810,1337,377927,12901,878584,0.109308,42231,5571462,0.693168,15054,6450046,0.802476,8037679
4,2021-06-05,45147,11641358,38669,6914143,5479,4348289,999,378926,8794,852491,0.106062,36188,5607650,0.69767,10095,6460141,0.803732,8037679
4,2021-06-06,21302,11662660,19002,6933145,1732,4350021,568,379494,3914,840097,0.10452,17275,5624925,0.69982,4881,6465022,0.804339,8037679
4,2021-06-07,38979,11701639,31534,6964679,5502,4355523,1943,381437,8521,820543,0.102087,30310,5655235,0.703591,10756,6475778,0.805678,8037679
4,2021-06-08,40746,11742385,31964,6996643,6231,4361754,2551,383988,9446,801778,0.099752,31100,5686335,0.70746,12335,6488113,0.807212,8037679
4,2021-06-09,39099,11781484,30992,7027635,5733,4367487,2374,386362,7929,781449,0.097223,30986,5717321,0.711315,10657,6498770,0.808538,8037679
4,2021-06-10,37314,11818798,29387,7057022,5299,4372786,2628,388990,8423,764044,0.095058,28718,5746039,0.714888,11313,6510083,0.809946,8037679
4,2021-06-11,38576,11857374,30263,7087285,6292,4379078,2021,391011,9958,747938,0.093054,28437,5774476,0.718426,12331,6522414,0.81148,8037679
4,2021-06-12,26813,11884187,22311,7109596,3783,4382861,719,391730,6103,734386,0.091368,20594,5795070,0.720988,7042,6529456,0.812356,8037679
4,2021-06-13,10895,11895082,8611,7118207,1803,4384664,481,392211,2282,728715,0.090662,8543,5803613,0.722051,2872,6532328,0.812713,8037679
4,2021-06-14,28796,11923878,21544,7139751,4441,4389105,2811,395022,7850,718798,0.089429,20796,5824409,0.724638,10879,6543207,0.814067,8037679
4,2021-06-15,30230,11954108,21397,7161148,5421,4394526,3412,398434,8363,709144,0.088227,21682,5846091,0.727336,12028,6555235,0.815563,8037679
4,2021-06-16,26839,11980947,20245,7181393,3967,4398493,2627,401061,8109,701554,0.087283,18536,5864627,0.729642,10946,6566181,0.816925,8037679
4,2021-06-17,25274,12006221,18668,7200061,3705,4402198,2901,403962,7665,694903,0.086456,17408,5882035,0.731808,10757,6576938,0.818263,8037679
4,2021-06-18,26799,12033020,21121,7221182,4442,4406640,1236,405198,8225,686250,0.085379,18362,5900397,0.734092,9709,6586647,0.819471,8037679
4,2021-06-19,15793,12048813,12771,7233953,2313,4408953,709,405907,5060,681603,0.084801,10583,5910980,0.735409,5936,6592583,0.82021,8037679
4,2021-06-20,7384,12056197,6076,7240029,1002,4409955,306,406213,2621,679914,0.084591,4700,5915680,0.735994,3011,6595594,0.820584,8037679
4,2021-06-21,14623,12070820,10566,7250595,2909,4412864,1148,407361,7336,681364,0.084771,7193,5922873,0.736888,8643,6604237,0.82166,8037679
4,2021-06-22,20540,12091360,16001,7266596,3459,4416323,1080,408441,7095,676384,0.084152,13307,5936180,0.738544,8327,6612564,0.822696,8037679
4,2021-06-23,18473,12109833,14491,7281087,2980,4419303,1002,409443,6709,672603,0.083681,11618,5947798,0.739989,7837,6620401,0.823671,8037679
4,2021-06-24,17670,12127503,13666,7294753,3013,4422316,991,410434,6567,669359,0.083278,10939,5958737,0.74135,7695,6628096,0.824628,8037679
4,2021-06-25,21703,12149206,17053,7311806,3597,4425913,1053,411487,7831,664687,0.082696,13725,5972462,0.743058,9053,6637149,0.825754,8037679
4,2021-06-26,13141,12162347,10701,7322507,1823,4427736,617,412104,4838,662076,0.082372,8178,5980640,0.744075,5567,6642716,0.826447,8037679
4,2021-06-27,6900,12169247,5593,7328100,965,4428701,342,412446,2902,661417,0.08229,3958,5984598,0.744568,3299,6646015,0.826857,8037679
4,2021-06-28,15208,12184455,12765,7340865,1582,4430283,861,413307,6100,659501,0.082051,9005,5993603,0.745688,7089,6653104,0.827739,8037679
4,2021-06-29,16592,12201047,12879,7353744,2899,4433182,814,414121,6421,656814,0.081717,10043,6003646,0.746938,7356,6660460,0.828655,8037679
4,2021-06-30,14723,12215770,11482,7365226,2502,4435684,739,414860,6126,655339,0.081533,8459,6012105,0.74799,6984,6667444,0.829524,8037679
4,2021-07-01,14674,12230444,11561,7376787,2361,4438045,752,415612,6038,653766,0.081338,8500,6020605,0.749048,6927,6674371,0.830385,8037679
4,2021-07-02,17016,12247460,13485,7390272,2753,4440798,778,416390,6977,651719,0.081083,9930,6030535,0.750283,7883,6682254,0.831366,8037679
4,2021-07-03,9283,12256743,7373,7397645,1496,4442294,414,416804,4010,651012,0.080995,5189,6035724,0.750929,4482,6686736,0.831924,8037679
4,2021-07-04,449,12257192,280,7397925,108,4442402,61,416865,199,651040,0.080999,243,6035967,0.750959,271,6687007,0.831957,8037679
4,2021-07-05,9275,12266467,7541,7405466,1318,4443720,416,417281,4216,650745,0.080962,4976,6040943,0.751578,4681,6691688,0.83254,8037679
4,2021-07-06,16649,12283116,13126,7418592,2714,4446434,809,418090,6142,647436,0.08055,10369,6051312,0.752868,7060,6698748,0.833418,8037679
4,2021-07-07,13824,12296940,10786,7429378,2254,4448688,784,418874,5202,645040,0.080252,8504,6059816,0.753926,6108,6704856,0.834178,8037679
4,2021-07-08,13307,12310247,10389,7439767,2081,4450769,837,419711,5226,643243,0.080028,7951,6067767,0.754915,6154,6711010,0.834944,8037679
4,2021-07-09,15547,12325794,11918,7451685,2690,4453459,939,420650,6325,641559,0.079819,9066,6076833,0.756043,7382,6718392,0.835862,8037679
4,2021-07-10,8923,12334717,7063,7458748,1456,4454915,404,421054,3766,640719,0.079714,5069,6081902,0.756674,4229,6722621,0.836388,8037679
4,2021-07-11,4996,12339713,3998,7462746,798,4455713,200,421254,2240,640477,0.079684,2712,6084614,0.757011,2470,6725091,0.836696,8037679
4,2021-07-12,13117,12352830,10387,7473133,2001,4457714,729,421983,5095,638463,0.079434,7939,6092553,0.757999,5925,6731016,0.837433,8037679
4,2021-07-13,12891,12365721,9870,7483003,2382,4460096,639,422622,5489,637391,0.0793,7297,6099850,0.758907,6225,6737241,0.838207,8037679
4,2021-07-14,11806,12377527,9282,7492285,1965,4462061,559,423181,5117,636541,0.079195,6594,6106444,0.759727,5744,6742985,0.838922,8037679
4,2021-07-15,12498,12390025,9923,7502208,1982,4464043,593,423774,5690,636220,0.079155,6679,6113123,0.760558,6358,6749343,0.839713,8037679
4,2021-07-16,15073,12405098,11755,7513963,2648,4466691,670,424444,6953,635937,0.079119,8014,6121137,0.761555,7731,6757074,0.840675,8037679
4,2021-07-17,9401,12414499,7436,7521399,1639,4468330,326,424770,4446,635898,0.079115,4856,6125993,0.762159,4817,6761891,0.841274,8037679
4,2021-07-18,5388,12419887,4339,7525738,849,4469179,200,424970,2544,635878,0.079112,2785,6128778,0.762506,2765,6764656,0.841618,8037679
4,2021-07-19,12876,12432763,10202,7535940,2015,4471194,659,425629,6118,636070,0.079136,6662,6135440,0.763335,6854,6771510,0.842471,8037679
4,2021-07-20,13920,12446683,10723,7546663,2528,4473722,669,426298,6885,636819,0.079229,6886,6142326,0.764192,7635,6779145,0.843421,8037679
4,2021-07-21,12906,12459589,10007,7556670,2246,4475968,653,426951,6430,637619,0.079329,6337,6148663,0.76498,7137,6786282,0.844309,8037679
4,2021-07-22,13600,12473189,10611,7567281,2323,4478291,666,427617,7070,639031,0.079504,6387,6155050,0.765775,7799,6794081,0.845279,8037679
4,2021-07-23,15829,12489018,12200,7579481,2924,4481215,705,428322,8285,640737,0.079717,7370,6162420,0.766691,9076,6803157,0.846408,8037679
4,2021-07-24,9652,12498670,7554,7587035,1765,4482980,333,428655,4963,641533,0.079816,4550,6166970,0.767258,5346,6808503,0.847073,8037679
4,2021-07-25,4808,12503478,3779,7590814,870,4483850,159,428814,3388,643734,0.08009,1361,6168331,0.767427,3562,6812065,0.847516,8037679
4,2021-07-26,13085,12516563,10243,7601057,2154,4486004,688,429502,7609,646768,0.080467,5316,6173647,0.768088,8350,6820415,0.848555,8037679
4,2021-07-27,14488,12531051,11109,7612166,2614,4488618,765,430267,7823,648896,0.080732,6500,6180147,0.768897,8628,6829043,0.849629,8037679
4,2021-07-28,13305,12544356,10143,7622309,2458,4491076,704,430971,7383,651297,0.08103,5742,6185889,0.769611,8143,6837186,0.850642,8037679
4,2021-07-29,13604,12557960,10569,7632878,2314,4493390,721,431692,7639,654004,0.081367,5730,6191619,0.770324,8437,6845623,0.851692,8037679
4,2021-07-30,15883,12573843,12142,7645020,2931,4496321,810,432502,8615,656642,0.081695,6890,6198509,0.771181,9528,6855151,0.852877,8037679
4,2021-07-31,9767,12583610,7617,7652637,1723,4498044,427,432929,5510,658566,0.081935,4054,6202563,0.771686,5978,6861129,0.853621,8037679
4,2021-08-01,5455,12589065,4497,7657134,788,4498832,170,433099,3219,659870,0.082097,2119,6204682,0.771949,3423,6864552,0.854047,8037679
4,2021-08-02,14118,12603183,11268,7668402,2103,4500935,747,433846,8237,663247,0.082517,5673,6210355,0.772655,9050,6873602,0.855172,8037679
4,2021-08-03,14721,12617904,11302,7679704,2650,4503585,769,434615,8463,666517,0.082924,6036,6216391,0.773406,9306,6882908,0.85633,8037679
4,2021-08-04,13396,12631300,10432,7690136,2269,4505854,695,435310,7563,669198,0.083258,5619,6222010,0.774105,8300,6891208,0.857363,8037679
4,2021-08-05,14372,12645672,11339,7701475,2265,4508119,768,436078,8074,672043,0.083612,6047,6228057,0.774858,8892,6900100,0.858469,8037679
4,2021-08-06,17285,12662957,13257,7714732,3151,4511270,877,436955,9619,675271,0.084013,7334,6235391,0.77577,10562,6910662,0.859783,8037679
4,2021-08-07,10214,12673171,8124,7722856,1647,4512917,443,437398,5571,676862,0.084211,4464,6239855,0.776325,6055,6916717,0.860537,8037679
4,2021-08-08,6253,12679424,4972,7727828,1077,4513994,204,437602,3598,678177,0.084375,2517,6242372,0.776639,3832,6920549,0.861013,8037679
4,2021-08-09,14715,12694139,11920,7739748,2046,4516040,749,438351,7878,680276,0.084636,6603,6248975,0.77746,8702,6929251,0.862096,8037679
4,2021-08-10,14880,12709019,11446,7751194,2664,4518704,770,439121,7846,682175,0.084872,6783,6255758,0.778304,8682,6937933,0.863176,8037679
4,2021-08-11,12685,12721704,9726,7760920,2185,4520889,774,439895,6622,683801,0.085074,5801,6261559,0.779026,7427,6945360,0.8641,8037679
4,2021-08-12,14197,12735901,10806,7771726,2628,4523517,763,440658,7294,685362,0.085269,6542,6268101,0.77984,8103,6953463,0.865108,8037679
4,2021-08-13,17884,12753785,13240,7784966,3737,4527254,907,441565,8811,686758,0.085442,8395,6276496,0.780884,9791,6963254,0.866326,8037679
4,2021-08-14,12274,12766059,8753,7793719,3000,4530254,521,442086,5567,687905,0.085585,5002,6281498,0.781506,6149,6969403,0.867091,8037679
4,2021-08-15,7495,12773554,5480,7799199,1791,4532045,224,442310,3314,688571,0.085668,2917,6284415,0.781869,3583,6972986,0.867537,8037679
4,2021-08-16,18189,12791743,12600,7811799,4709,4536754,880,443190,7509,689529,0.085787,7509,6291924,0.782804,8467,6981453,0.868591,8037679
4,2021-08-17,18495,12810238,12569,7824368,5064,4541818,862,444052,7323,690276,0.08588,7518,6299442,0.783739,8265,6989718,0.869619,8037679
4,2021-08-18,18090,12828328,12172,7836540,5124,4546942,794,444846,6869,691005,0.085971,7013,6306455,0.784611,7742,6997460,0.870582,8037679
4,2021-08-19,18455,12846783,12289,7848829,5375,4552317,791,445637,6813,691820,0.086072,6870,6313325,0.785466,7685,7005145,0.871538,8037679
4,2021-08-20,23310,12870093,15736,7864565,6726,4559043,848,446485,8309,691896,0.086082,9195,6322520,0.78661,9271,7014416,0.872692,8037679
4,2021-08-21,14679,12884772,10255,7874820,4022,4563065,402,446887,4946,691508,0.086033,5801,6328321,0.787332,5413,7019829,0.873365,8037679
4,2021-08-22,8685,12893457,6147,7880967,2377,4565442,161,447048,3418,691947,0.086088,3189,6331510,0.787729,3628,7023457,0.873817,8037679
4,2021-08-23,20389,12913846,14339,7895306,5342,4570784,708,447756,7419,692284,0.08613,7982,6339492,0.788722,8319,7031776,0.874852,8037679
4,2021-08-24,19785,12933631,13985,7909291,5132,4575916,668,448424,6966,692217,0.086122,7857,6347349,0.789699,7790,7039566,0.875821,8037679
4,2021-08-25,18203,12951834,12838,7922129,4737,4580653,628,449052,6549,692582,0.086167,6977,6354326,0.790567,7342,7046908,0.876734,8037679
4,2021-08-26,18719,12970553,13189,7935318,4902,4585555,628,449680,6408,692374,0.086141,7373,6361699,0.791485,7165,7054073,0.877626,8037679
4,2021-08-27,23045,12993598,16454,7951772,5920,4591475,671,450351,7658,691215,0.085997,9695,6371394,0.792691,8536,7062609,0.878688,8037679
4,2021-08-28,14227,13007825,10172,7961944,3693,4595168,362,450713,4760,690532,0.085912,5918,6377312,0.793427,5235,7067844,0.879339,8037679
4,2021-08-29,8408,13016233,6001,7967945,2301,4597469,106,450819,2917,690162,0.085866,3467,6380779,0.793858,3097,7070941,0.879724,8037679
4,2021-08-30,18891,13035124,13199,7981144,5062,4602531,630,451449,6064,689247,0.085752,7767,6388546,0.794825,6852,7077793,0.880577,8037679
4,2021-08-31,18844,13053968,12876,7994020,5430,4607961,538,451987,5600,688033,0.085601,7484,6396030,0.795756,6270,7084063,0.881357,8037679
4,2021-09-01,17062,13071030,11735,8005755,4824,4612785,503,452490,5529,687931,0.085588,6258,6402288,0.796534,6156,7090219,0.882123,8037679
4,2021-09-02,15734,13086764,10856,8016611,4388,4617173,490,452980,4437,686947,0.085466,5925,6408213,0.797272,4941,7095160,0.882737,8037679
4,2021-09-03,11212,13097976,7409,8024020,3289,4620462,514,453494,2981,685750,0.085317,4710,6412923,0.797858,3513,7098673,0.883174,8037679
