vemquartile,administered_date,total_doses,cumulative_total_doses,pfizer_doses,cumulative_pfizer_doses,moderna_doses,cumulative_moderna_doses,jj_doses,cumulative_jj_doses,partially_vaccinated,total_partially_vaccinated,pct_age12pop_partially_vaccinated,fully_vaccinated,cumulative_fully_vaccinated,pct_age12pop_fully_vaccinated,at_least_one_dose,cumulative_at_least_one_dose,pct_age12pop_at_least_one_dose,age12_population
1,2020-12-15,157,157,157,157,0,0,0,0,157,157,1.8e-05,0,0,0.0,157,157,1.8e-05,8700223
1,2020-12-16,1226,1383,1226,1383,0,0,0,0,1226,1383,0.000159,0,0,0.0,1226,1383,0.000159,8700223
1,2020-12-17,4188,5571,4188,5571,0,0,0,0,4189,5572,0.00064,0,0,0.0,4189,5572,0.00064,8700223
1,2020-12-18,6377,11948,6354,11925,23,23,0,0,6379,11950,0.001374,1,1,0.0,6379,11951,0.001374,8700223
1,2020-12-19,2883,14831,2880,14805,3,26,0,0,2882,14831,0.001705,1,2,0.0,2882,14833,0.001705,8700223
1,2020-12-20,2132,16963,2122,16927,10,36,0,0,2133,16964,0.00195,0,2,0.0,2133,16966,0.00195,8700223
1,2020-12-21,7654,24617,7633,24560,21,57,0,0,7703,24667,0.002835,1,3,0.0,7704,24670,0.002836,8700223
1,2020-12-22,7317,31934,6973,31533,344,401,0,0,7318,31983,0.003676,2,5,1e-06,7318,31988,0.003677,8700223
1,2020-12-23,7844,39778,6585,38118,1259,1660,0,0,7839,39821,0.004577,2,7,1e-06,7840,39828,0.004578,8700223
1,2020-12-24,3300,43078,2357,40475,943,2603,0,0,3302,43123,0.004957,0,7,1e-06,3302,43130,0.004957,8700223
1,2020-12-25,240,43318,156,40631,84,2687,0,0,240,43363,0.004984,0,7,1e-06,240,43370,0.004985,8700223
1,2020-12-26,1366,44684,973,41604,393,3080,0,0,1365,44727,0.005141,1,8,1e-06,1365,44735,0.005142,8700223
1,2020-12-27,878,45562,542,42146,336,3416,0,0,878,45604,0.005242,1,9,1e-06,878,45613,0.005243,8700223
1,2020-12-28,7093,52655,4749,46895,2344,5760,0,0,7091,52695,0.006057,0,9,1e-06,7091,52704,0.006058,8700223
1,2020-12-29,8920,61575,4985,51880,3935,9695,0,0,8916,61609,0.007081,2,11,1e-06,8916,61620,0.007083,8700223
1,2020-12-30,11588,73163,6449,58329,5139,14834,0,0,11587,73195,0.008413,1,12,1e-06,11587,73207,0.008414,8700223
1,2020-12-31,5982,79145,1954,60283,4028,18862,0,0,5980,79172,0.0091,4,16,2e-06,5981,79188,0.009102,8700223
1,2021-01-01,603,79748,232,60515,371,19233,0,0,600,79770,0.009169,2,18,2e-06,600,79788,0.009171,8700223
1,2021-01-02,2919,82667,1769,62284,1150,20383,0,0,2919,82689,0.009504,0,18,2e-06,2919,82707,0.009506,8700223
1,2021-01-03,1041,83708,550,62834,491,20874,0,0,1039,83725,0.009623,3,21,2e-06,1039,83746,0.009626,8700223
1,2021-01-04,7387,91095,3597,66431,3790,24664,0,0,7390,91113,0.010472,2,23,3e-06,7390,91136,0.010475,8700223
1,2021-01-05,10869,101964,5249,71680,5620,30284,0,0,10071,100426,0.011543,780,803,9.2e-05,10093,101229,0.011635,8700223
1,2021-01-06,14102,116066,7064,78744,7038,37322,0,0,12178,110730,0.012727,1888,2691,0.000309,12192,113421,0.013037,8700223
1,2021-01-07,17538,133604,9170,87914,8368,45690,0,0,13016,119328,0.013716,4429,7120,0.000818,13027,126448,0.014534,8700223
1,2021-01-08,20209,153813,10497,98411,9712,55402,0,0,14257,127661,0.014673,5935,13055,0.001501,14268,140716,0.016174,8700223
1,2021-01-09,6699,160512,3401,101812,3298,58700,0,0,4841,130650,0.015017,1855,14910,0.001714,4844,145560,0.016731,8700223
1,2021-01-10,3105,163617,1769,103581,1336,60036,0,0,1913,131376,0.0151,1188,16098,0.00185,1914,147474,0.016951,8700223
1,2021-01-11,18088,181705,11854,115435,6234,66270,0,0,11533,136407,0.015679,6545,22643,0.002603,11576,159050,0.018281,8700223
1,2021-01-12,19139,200844,10966,126401,8173,74443,0,0,13140,143618,0.016507,5971,28614,0.003289,13182,172232,0.019796,8700223
1,2021-01-13,19866,220710,10748,137149,9118,83561,0,0,14700,153191,0.017608,5145,33759,0.00388,14718,186950,0.021488,8700223
1,2021-01-14,22049,242759,9449,146598,12600,96161,0,0,19289,169838,0.019521,2702,36461,0.004191,19349,206299,0.023712,8700223
1,2021-01-15,25217,267976,9253,155851,15964,112125,0,0,23272,191264,0.021984,1907,38368,0.00441,23333,229632,0.026394,8700223
1,2021-01-16,13894,281870,4546,160397,9348,121473,0,0,13017,203411,0.02338,873,39241,0.00451,13020,242652,0.02789,8700223
1,2021-01-17,5227,287097,2040,162437,3187,124660,0,0,4853,207898,0.023896,373,39614,0.004553,4860,247512,0.028449,8700223
1,2021-01-18,14346,301443,8613,171050,5733,130393,0,0,11159,215939,0.02482,3173,42787,0.004918,11214,258726,0.029738,8700223
1,2021-01-19,24698,326141,12778,183828,11920,142313,0,0,19528,230379,0.02648,5149,47936,0.00551,19589,278315,0.031989,8700223
1,2021-01-20,29449,355590,14737,198565,14712,157025,0,0,23516,248084,0.028515,5853,53789,0.006182,23558,301873,0.034697,8700223
1,2021-01-21,31264,386854,14678,213243,16586,173611,0,0,27975,272934,0.031371,3223,57012,0.006553,28073,329946,0.037924,8700223
1,2021-01-22,28424,415278,11290,224533,17134,190745,0,0,26350,297308,0.034172,2008,59020,0.006784,26382,356328,0.040956,8700223
1,2021-01-23,18740,434018,8199,232732,10541,201286,0,0,16778,312164,0.03588,1932,60952,0.007006,16788,373116,0.042886,8700223
1,2021-01-24,6690,440708,4159,236891,2531,203817,0,0,6031,317547,0.036499,654,61606,0.007081,6037,379153,0.04358,8700223
1,2021-01-25,25465,466173,10510,247401,14955,218772,0,0,19658,331553,0.038109,5759,67365,0.007743,19765,398918,0.045851,8700223
1,2021-01-26,28848,495021,13491,260892,15357,234129,0,0,22126,347054,0.03989,6659,74024,0.008508,22160,421078,0.048399,8700223
1,2021-01-27,32721,527742,15573,276465,17148,251277,0,0,24578,363607,0.041793,8078,82102,0.009437,24631,445709,0.05123,8700223
1,2021-01-28,35019,562761,16431,292896,18588,269865,0,0,28035,384798,0.044229,6914,89016,0.010231,28105,473814,0.05446,8700223
1,2021-01-29,33773,596534,16489,309385,17284,287149,0,0,27144,405504,0.046608,6484,95500,0.010977,27190,501004,0.057585,8700223
1,2021-01-30,20186,616720,8720,318105,11466,298615,0,0,18042,421445,0.048441,2113,97613,0.01122,18054,519058,0.05966,8700223
1,2021-01-31,7698,624418,5013,323118,2685,301300,0,0,6983,427724,0.049162,707,98320,0.011301,6986,526044,0.060463,8700223
1,2021-02-01,29061,653479,12548,335666,16513,317813,0,0,21208,441137,0.050704,7800,106120,0.012197,21213,547257,0.062901,8700223
1,2021-02-02,32788,686267,11839,347505,20949,338762,0,0,24507,457484,0.052583,8197,114317,0.01314,24544,571801,0.065723,8700223
1,2021-02-03,39692,725959,15275,362780,24417,363179,0,0,28568,475134,0.054612,10955,125272,0.014399,28605,600406,0.06901,8700223
1,2021-02-04,44111,770070,17156,379936,26955,390134,0,0,31774,494745,0.056866,12212,137484,0.015802,31823,632229,0.072668,8700223
1,2021-02-05,46821,816891,17171,397107,29650,419784,0,0,30663,509456,0.058557,16007,153491,0.017642,30718,662947,0.076199,8700223
1,2021-02-06,26560,843451,10493,407600,16067,435851,0,0,20638,524237,0.060256,5874,159365,0.018317,20655,683602,0.078573,8700223
1,2021-02-07,6282,849733,4039,411639,2243,438094,0,0,4628,527250,0.060602,1633,160998,0.018505,4646,688248,0.079107,8700223
1,2021-02-08,31643,881376,14449,426088,17194,455288,0,0,21073,537948,0.061832,10473,171471,0.019709,21171,709419,0.08154,8700223
1,2021-02-09,38640,920016,16990,443078,21650,476938,0,0,23818,547107,0.062884,14739,186210,0.021403,23898,733317,0.084287,8700223
1,2021-02-10,47424,967440,22258,465336,25166,502104,0,0,26990,553872,0.063662,20307,206517,0.023737,27072,760389,0.087399,8700223
1,2021-02-11,51892,1019332,25463,490799,26429,528533,0,0,30971,564347,0.064866,20603,227120,0.026105,31078,791467,0.090971,8700223
1,2021-02-12,50071,1069403,21530,512329,28541,557074,0,0,28713,571999,0.065745,21201,248321,0.028542,28853,820320,0.094287,8700223
1,2021-02-13,26387,1095790,11536,523865,14851,571925,0,0,15256,576271,0.066236,11060,259381,0.029813,15332,835652,0.096049,8700223
1,2021-02-14,11805,1107595,5569,529434,6236,578161,0,0,6718,578000,0.066435,5056,264437,0.030394,6785,842437,0.096829,8700223
1,2021-02-15,23961,1131556,9414,538848,14547,592708,0,0,14587,583454,0.067062,9249,273686,0.031457,14703,857140,0.098519,8700223
1,2021-02-16,47239,1178795,22528,561376,24711,617419,0,0,27541,591496,0.067986,19613,293299,0.033712,27655,884795,0.101698,8700223
1,2021-02-17,48585,1227380,24605,585981,23980,641399,0,0,26137,595490,0.068445,22290,315589,0.036274,26284,911079,0.104719,8700223
1,2021-02-18,51230,1278610,25618,611599,25612,667011,0,0,26510,597763,0.068707,24473,340062,0.039087,26746,937825,0.107793,8700223
1,2021-02-19,46684,1325294,25309,636908,21375,688386,0,0,26119,603542,0.069371,20403,360465,0.041432,26182,964007,0.110803,8700223
1,2021-02-20,27692,1352986,16873,653781,10819,699205,0,0,15794,607583,0.069835,11831,372296,0.042792,15872,979879,0.112627,8700223
1,2021-02-21,12391,1365377,10663,664444,1728,700933,0,0,7441,610186,0.070135,4887,377183,0.043353,7490,987369,0.113488,8700223
1,2021-02-22,31661,1397038,20849,685293,10812,711745,0,0,18212,615147,0.070705,13352,390535,0.044888,18313,1005682,0.115593,8700223
1,2021-02-23,45960,1442998,22320,707613,23640,735385,0,0,25229,620304,0.071297,20434,410969,0.047237,25591,1031273,0.118534,8700223
1,2021-02-24,55996,1498994,27039,734652,28957,764342,0,0,30791,626551,0.072016,24998,435967,0.05011,31245,1062518,0.122125,8700223
1,2021-02-25,68588,1567582,33293,767945,35295,799637,0,0,42413,643468,0.07396,25998,461965,0.053098,42915,1105433,0.127058,8700223
1,2021-02-26,76659,1644241,35887,803832,40772,840409,0,0,50063,667661,0.076741,26344,488309,0.056126,50537,1155970,0.132867,8700223
1,2021-02-27,52808,1697049,24230,828062,28569,868978,9,9,34635,684547,0.078682,18025,506334,0.058198,34911,1190881,0.136879,8700223
1,2021-02-28,20238,1717287,12014,840076,8222,877200,2,11,14827,694195,0.07979,5322,511656,0.05881,14970,1205851,0.1386,8700223
1,2021-03-01,46160,1763447,21347,861423,24762,901962,51,62,29655,707822,0.081357,16317,527973,0.060685,29944,1235795,0.142042,8700223
1,2021-03-02,64839,1828286,28026,889449,36804,938766,9,71,41239,726277,0.083478,23414,551387,0.063376,41869,1277664,0.146854,8700223
1,2021-03-03,72092,1900378,34268,923717,37797,976563,27,98,43826,742626,0.085357,28098,579485,0.066606,44447,1322111,0.151963,8700223
1,2021-03-04,80107,1980485,37562,961279,42509,1019072,36,134,51416,766097,0.088055,28497,607982,0.069881,51968,1374079,0.157936,8700223
1,2021-03-05,79104,2059589,35644,996923,43253,1062325,207,341,52749,793578,0.091214,26106,634088,0.072882,53587,1427666,0.164095,8700223
1,2021-03-06,58028,2117617,27589,1024512,29089,1091414,1350,1691,39282,815910,0.09378,18662,652750,0.075027,40994,1468660,0.168807,8700223
1,2021-03-07,20968,2138585,13045,1037557,6732,1098146,1191,2882,15527,827464,0.095108,5414,658164,0.075649,16968,1485628,0.170757,8700223
1,2021-03-08,46086,2184671,22512,1060069,21614,1119760,1960,4842,32292,848359,0.09751,13690,671854,0.077223,34585,1520213,0.174733,8700223
1,2021-03-09,66793,2251464,32301,1092370,31981,1151741,2511,7353,41086,866737,0.099622,25550,697404,0.080159,43928,1564141,0.179782,8700223
1,2021-03-10,74093,2325557,36907,1129277,32690,1184431,4496,11849,45650,888916,0.102172,28330,725734,0.083416,50509,1614650,0.185587,8700223
1,2021-03-11,90285,2415842,41542,1170819,40737,1225168,8006,19855,52575,912465,0.104878,37472,763206,0.087723,61021,1675671,0.192601,8700223
1,2021-03-12,99088,2514930,43710,1214529,42977,1268145,12401,32256,57909,942247,0.108301,40962,804168,0.092431,70744,1746415,0.200732,8700223
1,2021-03-13,65335,2580265,29544,1244073,28118,1296263,7673,39929,41682,968390,0.111306,23518,827686,0.095134,49661,1796076,0.20644,8700223
1,2021-03-14,27931,2608196,14939,1259012,9423,1305686,3569,43498,15647,975582,0.112133,12208,839894,0.096537,19400,1815476,0.20867,8700223
1,2021-03-15,65312,2673508,28804,1287816,29752,1335438,6756,50254,38386,994376,0.114293,26702,866596,0.099606,45496,1860972,0.213899,8700223
1,2021-03-16,85833,2759341,39134,1326950,41052,1376490,5647,55901,53184,1021125,0.117368,32419,899015,0.103332,59168,1920140,0.2207,8700223
1,2021-03-17,93146,2852487,45394,1372344,41214,1417704,6538,62439,59854,1054818,0.12124,33047,932062,0.107131,66740,1986880,0.228371,8700223
1,2021-03-18,98869,2951356,50977,1423321,42172,1459876,5720,68159,59745,1082006,0.124365,38759,970821,0.111586,65947,2052827,0.235951,8700223
1,2021-03-19,103756,3055112,53755,1477076,43702,1503578,6299,74458,60592,1106553,0.127187,42856,1013677,0.116512,67403,2120230,0.243698,8700223
1,2021-03-20,72862,3127974,37315,1514391,30328,1533906,5219,79677,46802,1132984,0.130225,25869,1039546,0.119485,52300,2172530,0.24971,8700223
1,2021-03-21,27287,3155261,19044,1533435,6436,1540342,1807,81484,16973,1141636,0.131219,10219,1049765,0.12066,18871,2191401,0.251879,8700223
1,2021-03-22,59294,3214555,30649,1564084,25340,1565682,3305,84789,39876,1165997,0.134019,19190,1068955,0.122865,43551,2234952,0.256884,8700223
1,2021-03-23,83428,3297983,42444,1606528,37344,1603026,3640,88429,51187,1189297,0.136697,31978,1100933,0.126541,55278,2290230,0.263238,8700223
1,2021-03-24,88351,3386334,44686,1651214,39298,1642324,4367,92796,52625,1211021,0.139194,35431,1136364,0.130613,57155,2347385,0.269807,8700223
1,2021-03-25,97192,3483526,49680,1700894,41676,1684000,5836,98632,53786,1227774,0.14112,43071,1179435,0.135564,59824,2407209,0.276684,8700223
1,2021-03-26,105491,3589017,51167,1752061,48002,1732002,6322,104954,56511,1242299,0.142789,48600,1228035,0.14115,63125,2470334,0.283939,8700223
1,2021-03-27,74269,3663286,38380,1790441,31671,1763673,4218,109172,38065,1248809,0.143538,35968,1264003,0.145284,42478,2512812,0.288822,8700223
1,2021-03-28,32824,3696110,21496,1811937,10106,1773779,1222,110394,16434,1250635,0.143747,16278,1280281,0.147155,18104,2530916,0.290902,8700223
1,2021-03-29,68664,3764774,33828,1845765,31664,1805443,3172,113566,37850,1261278,0.144971,30579,1310860,0.15067,41222,2572138,0.29564,8700223
1,2021-03-30,93425,3858199,45651,1891416,41370,1846813,6404,119970,48051,1270669,0.14605,45140,1356000,0.155858,54531,2626669,0.301908,8700223
1,2021-03-31,102047,3960246,53096,1944512,42706,1889519,6245,126215,55894,1287057,0.147934,45813,1401813,0.161124,62201,2688870,0.309058,8700223
1,2021-04-01,113344,4073590,54057,1998569,50485,1940004,8802,135017,57615,1298253,0.149221,55260,1457073,0.167475,66456,2755326,0.316696,8700223
1,2021-04-02,112824,4186414,51374,2049943,51720,1991724,9730,144747,57300,1310407,0.150618,55076,1512149,0.173806,67230,2822556,0.324423,8700223
1,2021-04-03,78741,4265155,39604,2089547,29469,2021193,9668,154415,37003,1315589,0.151213,41541,1553690,0.17858,46723,2869279,0.329794,8700223
1,2021-04-04,23810,4288965,11841,2101388,8493,2029686,3476,157891,9944,1315197,0.151168,13797,1567487,0.180166,13405,2882684,0.331334,8700223
1,2021-04-05,77649,4366614,37013,2138401,31243,2060929,9393,167284,34994,1317298,0.15141,42433,1609920,0.185044,44534,2927218,0.336453,8700223
1,2021-04-06,104763,4471377,49594,2187995,38484,2099413,16685,183969,47393,1324332,0.152218,57056,1666976,0.191602,64090,2991308,0.34382,8700223
1,2021-04-07,112827,4584204,54669,2242664,40481,2139894,17677,201646,50962,1331425,0.153033,61547,1728523,0.198676,68640,3059948,0.351709,8700223
1,2021-04-08,123295,4707499,58382,2301046,43799,2183693,21114,222760,54610,1338940,0.153897,68246,1796769,0.20652,75761,3135709,0.360417,8700223
1,2021-04-09,124439,4831938,56739,2357785,46783,2230476,20917,243677,54655,1345124,0.154608,69416,1866185,0.214499,75600,3211309,0.369107,8700223
1,2021-04-10,97313,4929251,43400,2401185,30863,2261339,23050,266727,38515,1348054,0.154945,58574,1924759,0.221231,61504,3272813,0.376176,8700223
1,2021-04-11,36743,4965994,20406,2421591,9438,2270777,6899,273626,14855,1348082,0.154948,21822,1946581,0.223739,21850,3294663,0.378687,8700223
1,2021-04-12,74981,5040975,33462,2455053,31469,2302246,10050,283676,31845,1347280,0.154856,42834,1989415,0.228663,42032,3336695,0.383518,8700223
1,2021-04-13,98307,5139282,52548,2507601,45418,2347664,341,284017,53123,1356220,0.155883,44870,2034285,0.23382,53810,3390505,0.389703,8700223
1,2021-04-14,105155,5244437,54508,2562109,50573,2398237,74,284091,53398,1358691,0.156167,51370,2085655,0.239724,53841,3444346,0.395892,8700223
1,2021-04-15,105975,5350412,57524,2619633,48362,2446599,89,284180,56237,1366057,0.157014,49137,2134792,0.245372,56503,3500849,0.402386,8700223
1,2021-04-16,110854,5461266,56831,2676464,53935,2500534,88,284268,55308,1366636,0.157081,55002,2189794,0.251694,55581,3556430,0.408775,8700223
1,2021-04-17,83494,5544760,45326,2721790,38157,2538691,11,284279,46527,1376613,0.158227,36724,2226518,0.255915,46701,3603131,0.414142,8700223
1,2021-04-18,30511,5575271,20647,2742437,9858,2548549,6,284285,15322,1377050,0.158278,15094,2241612,0.25765,15531,3618662,0.415927,8700223
1,2021-04-19,67225,5642496,34036,2776473,33177,2581726,12,284297,30323,1370988,0.157581,36526,2278138,0.261848,30464,3649126,0.419429,8700223
1,2021-04-20,88506,5731002,44538,2821011,43944,2625670,24,284321,41306,1365686,0.156971,46834,2324972,0.267231,41532,3690658,0.424203,8700223
1,2021-04-21,97923,5828925,51113,2872124,46708,2672378,102,284423,43753,1356191,0.15588,53586,2378558,0.27339,44091,3734749,0.42927,8700223
1,2021-04-22,97766,5926691,51112,2923236,46636,2719014,18,284441,44744,1348682,0.155017,52489,2431047,0.279424,44980,3779729,0.43444,8700223
1,2021-04-23,102719,6029410,53052,2976288,49640,2768654,27,284468,48774,1344305,0.154514,53408,2484455,0.285562,49031,3828760,0.440076,8700223
1,2021-04-24,76484,6105894,47444,3023732,29013,2797667,27,284495,43055,1354371,0.155671,33273,2517728,0.289387,43339,3872099,0.445057,8700223
1,2021-04-25,27383,6133277,17446,3041178,9923,2807590,14,284509,15617,1358499,0.156145,11644,2529372,0.290725,15772,3887871,0.44687,8700223
1,2021-04-26,66533,6199810,34907,3076085,31222,2838812,404,284913,31426,1355880,0.155844,34788,2564160,0.294723,32169,3920040,0.450568,8700223
1,2021-04-27,81875,6281685,43538,3119623,37030,2875842,1307,286220,35325,1346612,0.154779,46240,2610400,0.300038,36972,3957012,0.454817,8700223
1,2021-04-28,81659,6363344,43457,3163080,36691,2912533,1511,287731,35676,1338407,0.153836,45619,2656019,0.305282,37414,3994426,0.459118,8700223
1,2021-04-29,85079,6448423,46838,3209918,36611,2949144,1630,289361,34614,1324736,0.152265,50077,2706096,0.311038,36406,4030832,0.463302,8700223
1,2021-04-30,92758,6541181,50248,3260166,40624,2989768,1886,291247,38542,1311465,0.150739,53860,2759956,0.317228,40589,4071421,0.467967,8700223
1,2021-05-01,63943,6605124,41257,3301423,21256,3011024,1430,292677,26911,1303258,0.149796,36763,2796719,0.321454,28556,4099977,0.47125,8700223
1,2021-05-02,23529,6628653,16661,3318084,6289,3017313,579,293256,9474,1299394,0.149352,13944,2810663,0.323056,10080,4110057,0.472408,8700223
1,2021-05-03,56410,6685063,31294,3349378,23270,3040583,1846,295102,20446,1286039,0.147817,35703,2846366,0.32716,22348,4132405,0.474977,8700223
1,2021-05-04,75983,6761046,43764,3393142,30119,3070702,2100,297202,27200,1266956,0.145623,48465,2894831,0.332731,29382,4161787,0.478354,8700223
1,2021-05-05,78459,6839505,45484,3438626,30669,3101371,2306,299508,26564,1244383,0.143029,51523,2946354,0.338653,28950,4190737,0.481682,8700223
1,2021-05-06,79964,6919469,48568,3487194,29212,3130583,2184,301692,24930,1217024,0.139884,54627,3000981,0.344932,27268,4218005,0.484816,8700223
1,2021-05-07,83581,7003050,47570,3534764,33809,3164392,2202,303894,27910,1191994,0.137007,55204,3056185,0.351277,30174,4248179,0.488284,8700223
1,2021-05-08,57466,7060516,36059,3570823,19760,3184152,1647,305541,19526,1175666,0.135131,37594,3093779,0.355598,21266,4269445,0.490728,8700223
1,2021-05-09,18337,7078853,13156,3583979,4702,3188854,479,306020,5570,1169061,0.134371,12688,3106467,0.357056,6083,4275528,0.491427,8700223
1,2021-05-10,44329,7123182,22418,3606397,20079,3208933,1832,307852,14813,1156575,0.132936,29224,3135691,0.360415,16738,4292266,0.493351,8700223
1,2021-05-11,62872,7186054,34197,3640594,26517,3235450,2158,310010,20663,1137604,0.130756,41909,3177600,0.365232,22938,4315204,0.495988,8700223
1,2021-05-12,62998,7249052,33468,3674062,27464,3262914,2066,312076,20684,1118447,0.128554,41975,3219575,0.370057,22818,4338022,0.49861,8700223
1,2021-05-13,67216,7316268,39435,3713497,25790,3288704,1991,314067,25617,1105140,0.127024,41195,3260770,0.374792,27888,4365910,0.501816,8700223
1,2021-05-14,76830,7393098,46357,3759854,28067,3316771,2406,316473,31053,1093517,0.125688,45359,3306129,0.380005,33736,4399646,0.505693,8700223
1,2021-05-15,66780,7459878,43845,3803699,21165,3337936,1770,318243,26624,1082145,0.124381,39830,3345959,0.384583,28458,4428104,0.508964,8700223
1,2021-05-16,25112,7484990,18511,3822210,5980,3343916,621,318864,10246,1078316,0.123941,14743,3360702,0.386278,10914,4439018,0.510219,8700223
1,2021-05-17,54381,7539371,33242,3855452,19366,3363282,1773,320637,23068,1072173,0.123235,31039,3391741,0.389845,24896,4463914,0.51308,8700223
1,2021-05-18,65214,7604585,39317,3894769,24059,3387341,1838,322475,28295,1065764,0.122498,36633,3428374,0.394056,30224,4494138,0.516554,8700223
1,2021-05-19,66454,7671039,40458,3935227,24070,3411411,1926,324401,29691,1060998,0.121951,36463,3464837,0.398247,31697,4525835,0.520198,8700223
1,2021-05-20,64766,7735805,37561,3972788,24987,3436398,2218,326619,26633,1052272,0.120948,37781,3502618,0.402589,29055,4554890,0.523537,8700223
1,2021-05-21,70131,7805936,41923,4014711,26344,3462742,1864,328483,28929,1042371,0.11981,40790,3543408,0.407278,30889,4585779,0.527088,8700223
1,2021-05-22,56130,7862066,36884,4051595,17519,3480261,1727,330210,24417,1037177,0.119213,31436,3574844,0.410891,26242,4612021,0.530104,8700223
1,2021-05-23,20504,7882570,14338,4065933,5579,3485840,587,330797,9497,1036381,0.119121,10903,3585747,0.412144,10107,4622128,0.531265,8700223
1,2021-05-24,43769,7926339,24403,4090336,17528,3503368,1838,332635,17693,1030174,0.118408,25819,3611566,0.415112,19612,4641740,0.53352,8700223
1,2021-05-25,50902,7977241,29286,4119622,19918,3523286,1698,334333,21101,1023558,0.117647,29511,3641077,0.418504,22895,4664635,0.536151,8700223
1,2021-05-26,48510,8025751,27503,4147125,19112,3542398,1895,336228,20523,1018340,0.117048,27680,3668757,0.421685,22462,4687097,0.538733,8700223
1,2021-05-27,47041,8072792,26387,4173512,18740,3561138,1914,338142,20151,1013926,0.11654,26595,3695352,0.424742,22181,4709278,0.541282,8700223
1,2021-05-28,52542,8125334,29311,4202823,21398,3582536,1833,339975,23518,1010713,0.116171,28688,3724040,0.42804,25475,4734753,0.544211,8700223
1,2021-05-29,30693,8156027,18589,4221412,11138,3593674,966,340941,14604,1010406,0.116136,15931,3739971,0.429871,15624,4750377,0.546006,8700223
1,2021-05-30,11708,8167735,7559,4228971,3593,3597267,556,341497,5529,1010409,0.116136,6106,3746077,0.430573,6109,4756486,0.546709,8700223
1,2021-05-31,5755,8173490,3276,4232247,2222,3599489,257,341754,2005,1008993,0.115973,3690,3749767,0.430997,2274,4758760,0.54697,8700223
1,2021-06-01,45933,8219423,25970,4258217,18390,3617879,1573,343327,17373,999798,0.114916,28212,3777979,0.434239,19017,4777777,0.549156,8700223
1,2021-06-02,40069,8259492,23245,4281462,15309,3633188,1515,344842,16149,993925,0.114241,23615,3801594,0.436954,17742,4795519,0.551195,8700223
1,2021-06-03,41532,8301024,25997,4307459,13811,3646999,1724,346566,15820,986137,0.113346,25404,3826998,0.439874,17616,4813135,0.55322,8700223
1,2021-06-04,50272,8351296,32164,4339623,16296,3663295,1812,348378,17955,974034,0.111955,31949,3858947,0.443546,19846,4832981,0.555501,8700223
1,2021-06-05,40420,8391716,27575,4367198,10835,3674130,2010,350388,14164,964223,0.110827,26036,3884983,0.446538,16225,4849206,0.557366,8700223
1,2021-06-06,13244,8404960,10604,4377802,2125,3676255,515,350903,4567,960773,0.110431,8592,3893575,0.447526,5142,4854348,0.557957,8700223
1,2021-06-07,34048,8439008,23451,4401253,9236,3685491,1361,352264,12082,952514,0.109482,21752,3915327,0.450026,13493,4867841,0.559508,8700223
1,2021-06-08,42324,8481332,29290,4430543,11374,3696865,1660,353924,14716,941652,0.108233,27329,3942656,0.453167,16467,4884308,0.5614,8700223
1,2021-06-09,42240,8523572,29303,4459846,11288,3708153,1649,355573,13748,928928,0.106771,28179,3970835,0.456406,15455,4899763,0.563177,8700223
1,2021-06-10,39192,8562764,26382,4486228,11104,3719257,1706,357279,13370,918541,0.105577,25566,3996401,0.459345,15179,4914942,0.564921,8700223
1,2021-06-11,44143,8606907,29268,4515496,13185,3732442,1690,358969,15713,907899,0.104354,28122,4024523,0.462577,17480,4932422,0.566931,8700223
1,2021-06-12,33855,8640762,24467,4539963,8170,3740612,1218,360187,11128,897803,0.103193,22508,4047031,0.465164,12412,4944834,0.568357,8700223
1,2021-06-13,11643,8652405,8459,4548422,2704,3743316,480,360667,3388,893522,0.102701,8182,4055213,0.466104,3901,4948735,0.568806,8700223
1,2021-06-14,31048,8683453,20898,4569320,8832,3752148,1318,361985,11612,887248,0.10198,19233,4074446,0.468315,12959,4961694,0.570295,8700223
1,2021-06-15,37378,8720831,24495,4593815,11024,3763172,1859,363844,13862,879824,0.101127,23237,4097683,0.470986,15813,4977507,0.572113,8700223
1,2021-06-16,35606,8756437,24054,4617869,9709,3772881,1843,365687,13386,873159,0.100361,21948,4119631,0.473509,15283,4992790,0.573869,8700223
1,2021-06-17,33742,8790179,22310,4640179,9475,3782356,1957,367644,13174,868058,0.099774,20326,4139957,0.475845,15225,5008015,0.575619,8700223
1,2021-06-18,39819,8829998,25853,4666032,11103,3793459,2863,370507,15477,862407,0.099125,24049,4164006,0.478609,18398,5026413,0.577734,8700223
1,2021-06-19,24103,8854101,16721,4682753,6181,3799640,1201,371708,9820,859356,0.098774,14111,4178117,0.480231,11060,5037473,0.579005,8700223
1,2021-06-20,8165,8862266,5984,4688737,1905,3801545,276,371984,3240,858025,0.098621,4858,4182975,0.480789,3527,5041000,0.57941,8700223
1,2021-06-21,21038,8883304,11904,4700641,6939,3808484,2195,374179,10966,861280,0.098995,9956,4192931,0.481934,13211,5054211,0.580929,8700223
1,2021-06-22,30903,8914207,20176,4720817,8578,3817062,2149,376328,12943,858694,0.098698,17743,4210674,0.483973,15157,5069368,0.582671,8700223
1,2021-06-23,29505,8943712,19819,4740636,7867,3824929,1819,378147,12889,857035,0.098507,16392,4227066,0.485857,14733,5084101,0.584364,8700223
1,2021-06-24,28495,8972207,18971,4759607,7845,3832774,1679,379826,12091,854674,0.098236,16199,4243265,0.487719,13838,5097939,0.585955,8700223
1,2021-06-25,31834,9004041,21566,4781173,8862,3841636,1406,381232,14017,852573,0.097994,17576,4260841,0.489739,15475,5113414,0.587734,8700223
1,2021-06-26,22288,9026329,16540,4797713,4917,3846553,831,382063,9721,850733,0.097783,12446,4273287,0.49117,10606,5124020,0.588953,8700223
1,2021-06-27,9165,9035494,6816,4804529,1917,3848470,432,382495,4062,850208,0.097723,5034,4278321,0.491748,4509,5128529,0.589471,8700223
1,2021-06-28,21189,9056683,15732,4820261,4203,3852673,1254,383749,9826,850166,0.097718,11170,4289491,0.493032,11128,5139657,0.59075,8700223
1,2021-06-29,26666,9083349,18237,4838498,7043,3859716,1386,385135,11747,848622,0.09754,14733,4304224,0.494726,13189,5152846,0.592266,8700223
1,2021-06-30,25969,9109318,17959,4856457,6952,3866668,1058,386193,12331,848665,0.097545,13417,4317641,0.496268,13460,5166306,0.593813,8700223
1,2021-07-01,23724,9133042,16490,4872947,5964,3872632,1270,387463,10967,848383,0.097513,12601,4330242,0.497716,12319,5178625,0.595229,8700223
1,2021-07-02,26453,9159495,18155,4891102,7255,3879887,1043,388506,12352,847951,0.097463,13909,4344151,0.499315,13477,5192102,0.596778,8700223
1,2021-07-03,14620,9174115,10217,4901319,3963,3883850,440,388946,6947,847830,0.097449,7540,4351691,0.500182,7419,5199521,0.597631,8700223
1,2021-07-04,1267,9175382,708,4902027,493,3884343,66,389012,610,847865,0.097453,647,4352338,0.500256,682,5200203,0.597709,8700223
1,2021-07-05,11030,9186412,7609,4909636,3057,3887400,364,389376,5235,847783,0.097444,5726,4358064,0.500914,5644,5205847,0.598358,8700223
1,2021-07-06,27209,9213621,19234,4928870,6834,3894234,1141,390517,10852,843703,0.096975,16173,4374237,0.502773,12093,5217940,0.599748,8700223
1,2021-07-07,23725,9237346,16600,4945470,5966,3900200,1159,391676,10200,841810,0.096757,13339,4387576,0.504306,11446,5229386,0.601063,8700223
1,2021-07-08,22749,9260095,15701,4961171,5955,3906155,1093,392769,9813,840004,0.09655,12802,4400378,0.505778,10996,5240382,0.602327,8700223
1,2021-07-09,26839,9286934,18986,4980157,6692,3912847,1161,393930,12070,838702,0.0964,14592,4414970,0.507455,13290,5253672,0.603855,8700223
1,2021-07-10,17688,9304622,12771,4992928,4159,3917006,758,394688,7861,837666,0.096281,9704,4424674,0.50857,8668,5262340,0.604851,8700223
1,2021-07-11,6749,9311371,4932,4997860,1616,3918622,201,394889,3252,837692,0.096284,3445,4428119,0.508966,3471,5265811,0.60525,8700223
1,2021-07-12,20157,9331528,14467,5012327,4804,3923426,886,395775,8926,836504,0.096147,11092,4439211,0.510241,9904,5275715,0.606388,8700223
1,2021-07-13,22161,9353689,15478,5027805,5884,3929310,799,396574,10357,836086,0.096099,11661,4450872,0.511581,11243,5286958,0.607681,8700223
1,2021-07-14,22175,9375864,15224,5043029,5976,3935286,975,397549,9960,835075,0.095983,12058,4462930,0.512967,11047,5298005,0.60895,8700223
1,2021-07-15,21587,9397451,15366,5058395,5491,3940777,730,398279,10361,835189,0.095996,11081,4474011,0.514241,11195,5309200,0.610237,8700223
1,2021-07-16,26621,9424072,18637,5077032,6989,3947766,995,399274,13119,836050,0.096095,13339,4487350,0.515774,14200,5323400,0.611869,8700223
1,2021-07-17,18396,9442468,13267,5090299,4427,3952193,702,399976,9018,836553,0.096153,9252,4496602,0.516838,9755,5333155,0.612991,8700223
1,2021-07-18,7427,9449895,5478,5095777,1663,3953856,286,400262,3797,837081,0.096214,3572,4500174,0.517248,4100,5337255,0.613462,8700223
1,2021-07-19,20835,9470730,15101,5110878,4903,3958759,831,401093,10454,838219,0.096345,10247,4510421,0.518426,11385,5348640,0.61477,8700223
1,2021-07-20,24539,9495269,16973,5127851,6687,3965446,879,401972,12601,840039,0.096554,11753,4522174,0.519777,13573,5362213,0.616331,8700223
1,2021-07-21,24889,9520158,17500,5145351,6187,3971633,1202,403174,12709,842041,0.096784,12026,4534200,0.521159,14028,5376241,0.617943,8700223
1,2021-07-22,24089,9544247,16999,5162350,6256,3977889,834,404008,13134,845329,0.097162,10768,4544968,0.522397,14056,5390297,0.619558,8700223
1,2021-07-23,28522,9572769,20121,5182471,7394,3985283,1007,405015,15844,849751,0.09767,12498,4557466,0.523833,16920,5407217,0.621503,8700223
1,2021-07-24,17926,9590695,12639,5195110,4730,3990013,557,405572,10563,853651,0.098118,7247,4564713,0.524666,11147,5418364,0.622784,8700223
1,2021-07-25,7375,9598070,5291,5200401,1976,3991989,108,405680,5505,857455,0.098556,1830,4566543,0.524877,5634,5423998,0.623432,8700223
1,2021-07-26,21045,9619115,14542,5214943,5765,3997754,738,406418,13572,864479,0.099363,7355,4573898,0.525722,14379,5438377,0.625085,8700223
1,2021-07-27,26599,9645714,18974,5233917,6696,4004450,929,407347,15677,870389,0.100042,10754,4584652,0.526958,16664,5455041,0.627,8700223
1,2021-07-28,27522,9673236,19491,5253408,7167,4011617,864,408211,16900,877785,0.100892,10438,4595090,0.528158,17834,5472875,0.62905,8700223
1,2021-07-29,26182,9699418,18594,5272002,6832,4018449,756,408967,16393,885369,0.101764,9626,4604716,0.529264,17210,5490085,0.631028,8700223
1,2021-07-30,30586,9730004,21922,5293924,7773,4026222,891,409858,18733,893384,0.102685,11647,4616363,0.530603,19662,5509747,0.633288,8700223
1,2021-07-31,19586,9749590,14240,5308164,4812,4031034,534,410392,12187,898888,0.103318,7241,4623604,0.531435,12745,5522492,0.634753,8700223
1,2021-08-01,8723,9758313,6596,5314760,2004,4033038,123,410515,5963,902288,0.103709,2715,4626319,0.531747,6115,5528607,0.635456,8700223
1,2021-08-02,24506,9782819,18281,5333041,5529,4038567,696,411211,15898,910477,0.10465,8453,4634772,0.532719,16642,5545249,0.637369,8700223
1,2021-08-03,27798,9810617,20108,5353149,6807,4045374,883,412094,17394,918574,0.105581,10220,4644992,0.533893,18317,5563566,0.639474,8700223
1,2021-08-04,26627,9837244,19327,5372476,6484,4051858,816,412910,16919,926846,0.106531,9507,4654499,0.534986,17779,5581345,0.641517,8700223
1,2021-08-05,25877,9863121,18909,5391385,6134,4057992,834,413744,16330,934677,0.107431,9358,4663857,0.536062,17189,5598534,0.643493,8700223
1,2021-08-06,16974,9880095,13098,5404483,3136,4061128,740,414484,10241,939055,0.107935,6628,4670485,0.536824,11006,5609540,0.644758,8700223
2,2020-12-15,248,248,248,248,0,0,0,0,248,248,2.9e-05,0,0,0.0,248,248,2.9e-05,8407551
2,2020-12-16,2114,2362,2114,2362,0,0,0,0,2113,2361,0.000281,0,0,0.0,2113,2361,0.000281,8407551
2,2020-12-17,6929,9291,6929,9291,0,0,0,0,6930,9291,0.001105,0,0,0.0,6930,9291,0.001105,8407551
2,2020-12-18,11112,20403,11092,20383,20,20,0,0,11112,20403,0.002427,0,0,0.0,11112,20403,0.002427,8407551
2,2020-12-19,5624,26027,5618,26001,6,26,0,0,5625,26028,0.003096,0,0,0.0,5625,26028,0.003096,8407551
2,2020-12-20,4260,30287,4249,30250,11,37,0,0,4255,30282,0.003602,1,1,0.0,4255,30283,0.003602,8407551
2,2020-12-21,12813,43100,12784,43034,29,66,0,0,12769,43051,0.005121,0,1,0.0,12769,43052,0.005121,8407551
2,2020-12-22,12170,55270,11653,54687,517,583,0,0,12168,55219,0.006568,0,1,0.0,12168,55220,0.006568,8407551
2,2020-12-23,11729,66999,9497,64184,2232,2815,0,0,11731,66950,0.007963,1,2,0.0,11732,66952,0.007963,8407551
2,2020-12-24,5910,72909,3500,67684,2410,5225,0,0,5906,72855,0.008665,3,5,1e-06,5908,72860,0.008666,8407551
2,2020-12-25,488,73397,409,68093,79,5304,0,0,490,73345,0.008724,0,5,1e-06,490,73350,0.008724,8407551
2,2020-12-26,2562,75959,1662,69755,900,6204,0,0,2563,75907,0.009028,1,6,1e-06,2563,75913,0.009029,8407551
2,2020-12-27,2237,78196,1216,70971,1021,7225,0,0,2234,78139,0.009294,2,8,1e-06,2234,78147,0.009295,8407551
2,2020-12-28,11044,89240,7175,78146,3869,11094,0,0,11043,89180,0.010607,2,10,1e-06,11043,89190,0.010608,8407551
2,2020-12-29,12745,101985,7164,85310,5581,16675,0,0,12750,101930,0.012124,0,10,1e-06,12750,101940,0.012125,8407551
2,2020-12-30,15466,117451,8667,93977,6799,23474,0,0,15460,117387,0.013962,5,15,2e-06,15462,117402,0.013964,8407551
2,2020-12-31,7595,125046,2834,96811,4761,28235,0,0,7588,124970,0.014864,5,20,2e-06,7588,124990,0.014866,8407551
2,2021-01-01,1275,126321,632,97443,643,28878,0,0,1274,126240,0.015015,4,24,3e-06,1274,126264,0.015018,8407551
2,2021-01-02,4858,131179,2771,100214,2087,30965,0,0,4855,131093,0.015592,2,26,3e-06,4855,131119,0.015595,8407551
2,2021-01-03,1415,132594,796,101010,619,31584,0,0,1407,132496,0.015759,4,30,4e-06,1407,132526,0.015763,8407551
2,2021-01-04,11706,144300,5563,106573,6143,37727,0,0,11696,144189,0.01715,3,33,4e-06,11696,144222,0.017154,8407551
2,2021-01-05,13907,158207,6956,113529,6951,44678,0,0,12682,155689,0.018518,1217,1250,0.000149,12717,156939,0.018666,8407551
2,2021-01-06,19066,177273,10509,124038,8557,53235,0,0,15230,167153,0.019881,3777,5027,0.000598,15241,172180,0.020479,8407551
2,2021-01-07,23345,200618,13149,137187,10196,63431,0,0,15646,175113,0.020828,7702,12729,0.001514,15662,187842,0.022342,8407551
2,2021-01-08,26951,227569,16235,153422,10716,74147,0,0,16597,181439,0.02158,10297,23026,0.002739,16623,204465,0.024319,8407551
2,2021-01-09,9881,237450,5782,159204,4099,78246,0,0,6290,184155,0.021904,3581,26607,0.003165,6297,210762,0.025068,8407551
2,2021-01-10,5329,242779,2973,162177,2356,80602,0,0,3062,184956,0.021999,2267,28874,0.003434,3068,213830,0.025433,8407551
2,2021-01-11,26066,268845,18018,180195,8048,88650,0,0,14937,188819,0.022458,11125,39999,0.004758,14988,228818,0.027216,8407551
2,2021-01-12,26394,295239,16381,196576,10013,98663,0,0,16772,196056,0.023319,9624,49623,0.005902,16861,245679,0.029221,8407551
2,2021-01-13,28617,323856,15172,211748,13445,112108,0,0,20596,208682,0.024821,8001,57624,0.006854,20627,266306,0.031675,8407551
2,2021-01-14,30617,354473,11677,223425,18940,131048,0,0,26311,230758,0.027447,4313,61937,0.007367,26389,292695,0.034813,8407551
2,2021-01-15,35109,389582,12705,236130,22404,153452,0,0,31805,259363,0.030849,3295,65232,0.007759,31900,324595,0.038608,8407551
2,2021-01-16,18129,407711,6002,242132,12127,165579,0,0,16787,274804,0.032685,1358,66590,0.00792,16799,341394,0.040606,8407551
2,2021-01-17,10564,418275,3561,245693,7003,172582,0,0,9820,283882,0.033765,759,67349,0.008011,9837,351231,0.041776,8407551
2,2021-01-18,19780,438055,11051,256744,8729,181311,0,0,14955,294056,0.034975,4844,72193,0.008587,15018,366249,0.043562,8407551
2,2021-01-19,32650,470705,16968,273712,15682,196993,0,0,24582,310710,0.036956,8067,80260,0.009546,24721,390970,0.046502,8407551
2,2021-01-20,37675,508380,18999,292711,18676,215669,0,0,29037,331233,0.039397,8608,88868,0.01057,29131,420101,0.049967,8407551
2,2021-01-21,41074,549454,17441,310152,23633,239302,0,0,36546,363466,0.043231,4495,93363,0.011105,36728,456829,0.054336,8407551
2,2021-01-22,39653,589107,16579,326731,23074,262376,0,0,36283,396392,0.047147,3387,96750,0.011508,36313,493142,0.058655,8407551
2,2021-01-23,24159,613266,10792,337523,13367,275743,0,0,21174,414633,0.049317,2965,99715,0.01186,21206,514348,0.061177,8407551
2,2021-01-24,12451,625717,6110,343633,6341,282084,0,0,11530,425273,0.050582,905,100620,0.011968,11545,525893,0.06255,8407551
2,2021-01-25,33954,659671,15617,359250,18337,300421,0,0,25098,441709,0.052537,8804,109424,0.013015,25240,551133,0.065552,8407551
2,2021-01-26,40417,700088,19786,379036,20631,321052,0,0,31149,463725,0.055156,9243,118667,0.014114,31259,582392,0.06927,8407551
2,2021-01-27,45718,745806,22658,401694,23060,344112,0,0,35305,488847,0.058144,10285,128952,0.015338,35407,617799,0.073481,8407551
2,2021-01-28,47959,793765,22385,424079,25574,369686,0,0,39190,519424,0.061781,8702,137654,0.016373,39279,657078,0.078153,8407551
2,2021-01-29,45653,839418,22007,446086,23646,393332,0,0,36845,547667,0.06514,8682,146336,0.017405,36925,694003,0.082545,8407551
2,2021-01-30,31308,870726,13323,459409,17985,411317,0,0,27895,572222,0.06806,3374,149710,0.017807,27929,721932,0.085867,8407551
2,2021-01-31,17175,887901,10215,469624,6960,418277,0,0,15958,587008,0.069819,1195,150905,0.017949,15981,737913,0.087768,8407551
2,2021-02-01,41150,929051,19719,489343,21431,439708,0,0,29994,605944,0.072071,11096,162001,0.019269,30032,767945,0.09134,8407551
2,2021-02-02,47948,976999,19471,508814,28477,468185,0,0,36380,630945,0.075045,11475,173476,0.020633,36476,804421,0.095678,8407551
2,2021-02-03,54081,1031080,23805,532619,30276,498461,0,0,39791,656650,0.078102,14185,187661,0.022321,39890,844311,0.100423,8407551
2,2021-02-04,56297,1087377,24157,556776,32140,530601,0,0,40960,682483,0.081175,15226,202887,0.024132,41059,885370,0.105307,8407551
2,2021-02-05,60220,1147597,26234,583010,33986,564587,0,0,40595,703854,0.083717,19412,222299,0.02644,40783,926153,0.110157,8407551
2,2021-02-06,39379,1186976,18364,601374,21015,585602,0,0,31376,727396,0.086517,7927,230226,0.027383,31469,957622,0.1139,8407551
2,2021-02-07,15732,1202708,10450,611824,5282,590884,0,0,11929,735622,0.087495,3773,233999,0.027832,11999,969621,0.115327,8407551
2,2021-02-08,43101,1245809,21884,633708,21217,612101,0,0,29488,751854,0.089426,13467,247466,0.029434,29699,999320,0.11886,8407551
2,2021-02-09,49649,1295458,23433,657141,26216,638317,0,0,30641,764141,0.090887,18706,266172,0.031659,30993,1030313,0.122546,8407551
2,2021-02-10,59664,1355122,27921,685062,31743,670060,0,0,34408,773944,0.092053,24961,291133,0.034628,34764,1065077,0.126681,8407551
2,2021-02-11,64345,1419467,29550,714612,34795,704855,0,0,35813,782093,0.093023,28164,319297,0.037977,36313,1101390,0.131,8407551
2,2021-02-12,65647,1485114,28220,742832,37427,742282,0,0,34847,787118,0.09362,30486,349783,0.041603,35511,1136901,0.135224,8407551
2,2021-02-13,38134,1523248,15908,758740,22226,764508,0,0,21993,793457,0.094374,16035,365818,0.043511,22374,1159275,0.137885,8407551
2,2021-02-14,20162,1543410,9368,768108,10794,775302,0,0,11192,796099,0.094689,8917,374735,0.044571,11559,1170834,0.13926,8407551
2,2021-02-15,33328,1576738,15007,783115,18321,793623,0,0,18469,800704,0.095236,14720,389455,0.046322,19325,1190159,0.141558,8407551
2,2021-02-16,56569,1633307,27715,810830,28854,822477,0,0,29773,804480,0.095685,26674,416129,0.049495,30450,1220609,0.14518,8407551
2,2021-02-17,61892,1695199,31827,842657,30065,852542,0,0,30714,804945,0.095741,31076,447205,0.053191,31541,1252150,0.148932,8407551
2,2021-02-18,66535,1761734,33515,876172,33020,885562,0,0,32374,804583,0.095698,33893,481098,0.057222,33531,1285681,0.15292,8407551
2,2021-02-19,59888,1821622,33150,909322,26738,912300,0,0,29721,804941,0.09574,29969,511067,0.060787,30327,1316008,0.156527,8407551
2,2021-02-20,37863,1859485,24567,933889,13296,925596,0,0,20562,808996,0.096223,17192,528259,0.062831,21247,1337255,0.159054,8407551
2,2021-02-21,21795,1881280,17638,951527,4157,929753,0,0,10790,809682,0.096304,10906,539165,0.064129,11592,1348847,0.160433,8407551
2,2021-02-22,39661,1920941,27127,978654,12534,942287,0,0,18811,808489,0.096162,20692,559857,0.06659,19499,1368346,0.162752,8407551
2,2021-02-23,54012,1974953,27568,1006222,26444,968731,0,0,23664,803977,0.095626,30077,589934,0.070167,25565,1393911,0.165793,8407551
2,2021-02-24,71371,2046324,36736,1042958,34635,1003366,0,0,32715,800639,0.095229,38433,628367,0.074738,35095,1429006,0.169967,8407551
2,2021-02-25,77383,2123707,36587,1079545,40796,1044162,0,0,39265,804896,0.095735,37836,666203,0.079239,42093,1471099,0.174974,8407551
2,2021-02-26,85996,2209703,36833,1116378,49163,1093325,0,0,46228,813871,0.096802,39449,705652,0.083931,48424,1519523,0.180733,8407551
2,2021-02-27,63048,2272751,29299,1145677,33741,1127066,8,8,34150,820712,0.097616,28654,734306,0.087339,35495,1555018,0.184955,8407551
2,2021-02-28,31002,2303753,18582,1164259,12419,1139485,1,9,18016,826716,0.09833,12851,747157,0.088867,18855,1573873,0.187198,8407551
2,2021-03-01,58781,2362534,30699,1194958,28027,1167512,55,64,32034,833588,0.099148,26419,773576,0.09201,33291,1607164,0.191157,8407551
2,2021-03-02,70602,2433136,33858,1228816,36733,1204245,11,75,39516,844561,0.100453,30892,804468,0.095684,41865,1649029,0.196137,8407551
2,2021-03-03,81590,2514726,39330,1268146,42244,1246489,16,91,46097,857988,0.10205,35274,839742,0.09988,48701,1697730,0.201929,8407551
2,2021-03-04,89500,2604226,43815,1311961,45654,1292143,31,122,51532,874226,0.103981,37710,877452,0.104365,53948,1751678,0.208346,8407551
2,2021-03-05,83103,2687329,38983,1350944,43810,1335953,310,432,50574,895209,0.106477,32295,909747,0.108206,53278,1804956,0.214683,8407551
2,2021-03-06,63390,2750719,30939,1381883,30746,1366699,1705,2137,38870,912832,0.108573,24378,934125,0.111105,42001,1846957,0.219678,8407551
2,2021-03-07,28669,2779388,16287,1398170,10839,1377538,1543,3680,18173,923237,0.10981,10423,944548,0.112345,20828,1867785,0.222156,8407551
2,2021-03-08,50934,2830322,23344,1421514,25023,1402561,2567,6247,31978,940571,0.111872,18846,963394,0.114587,36180,1903965,0.226459,8407551
2,2021-03-09,70769,2901091,32225,1453739,34687,1437248,3857,10104,39151,953440,0.113403,31473,994867,0.11833,44342,1948307,0.231733,8407551
2,2021-03-10,78759,2979850,37263,1491002,34934,1472182,6562,16666,41761,966315,0.114934,36766,1031633,0.122703,49641,1997948,0.237637,8407551
2,2021-03-11,93503,3073353,43143,1534145,41972,1514154,8388,25054,48744,980398,0.116609,44429,1076062,0.127988,58512,2056460,0.244597,8407551
2,2021-03-12,94432,3167785,38860,1573005,43594,1557748,11978,37032,46979,993562,0.118175,47183,1123245,0.1336,60347,2116807,0.251775,8407551
2,2021-03-13,69359,3237144,29016,1602021,32336,1590084,8007,45039,38089,1009811,0.120108,31130,1154375,0.137302,47379,2164186,0.25741,8407551
2,2021-03-14,37068,3274212,18323,1620344,14224,1604308,4521,49560,18606,1015324,0.120763,18352,1172727,0.139485,23865,2188051,0.260248,8407551
2,2021-03-15,67568,3341780,30493,1650837,32067,1636375,5008,54568,37196,1028481,0.122328,30137,1202864,0.143069,43294,2231345,0.265398,8407551
2,2021-03-16,86518,3428298,38296,1689133,44190,1680565,4032,58600,52159,1051638,0.125083,34141,1237005,0.14713,57298,2288643,0.272213,8407551
2,2021-03-17,93110,3521408,44589,1733722,44316,1724881,4205,62805,58923,1081680,0.128656,33899,1270904,0.151162,63941,2352584,0.279818,8407551
2,2021-03-18,98436,3619844,46955,1780677,46879,1771760,4602,67407,59711,1108147,0.131804,38392,1309296,0.155729,64859,2417443,0.287532,8407551
2,2021-03-19,97712,3717556,46235,1826912,45334,1817094,6143,73550,57681,1132776,0.134733,39705,1349001,0.160451,64334,2481777,0.295184,8407551
2,2021-03-20,70212,3787768,34010,1860922,32218,1849312,3984,77534,45747,1158643,0.13781,24221,1373222,0.163332,50088,2531865,0.301142,8407551
2,2021-03-21,33531,3821299,21645,1882567,9882,1859194,2004,79538,20002,1167704,0.138888,13373,1386595,0.164923,22434,2554299,0.30381,8407551
2,2021-03-22,63004,3884303,34669,1917236,25699,1884893,2636,82174,41678,1191832,0.141757,21080,1407675,0.16743,45208,2599507,0.309187,8407551
2,2021-03-23,84118,3968421,44694,1961930,36504,1921397,2920,85094,52207,1216188,0.144654,31612,1439287,0.17119,55968,2655475,0.315844,8407551
2,2021-03-24,92081,4060502,49451,2011381,39456,1960853,3174,88268,53673,1235789,0.146986,38059,1477346,0.175717,57660,2713135,0.322702,8407551
2,2021-03-25,101723,4162225,51277,2062658,46548,2007401,3898,92166,57171,1253450,0.149086,44167,1521513,0.18097,61828,2774963,0.330056,8407551
2,2021-03-26,103845,4266070,51431,2114089,48914,2056315,3500,95666,56420,1267390,0.150744,47018,1568531,0.186562,60958,2835921,0.337306,8407551
2,2021-03-27,75956,4342026,37884,2151973,34763,2091078,3309,98975,37832,1271542,0.151238,37847,1606378,0.191064,41999,2877920,0.342302,8407551
2,2021-03-28,37881,4379907,23402,2175375,13668,2104746,811,99786,20161,1275774,0.151741,17586,1623964,0.193155,21818,2899738,0.344897,8407551
2,2021-03-29,71842,4451749,36471,2211846,33095,2137841,2276,102062,40646,1288634,0.153271,30965,1654929,0.196838,43825,2943563,0.350109,8407551
2,2021-03-30,92420,4544169,45249,2257095,42791,2180632,4380,106442,51666,1304749,0.155188,40532,1695461,0.201659,56647,3000210,0.356847,8407551
2,2021-03-31,101588,4645757,52339,2309434,44128,2224760,5121,111563,57425,1323811,0.157455,43833,1739294,0.206873,62895,3063105,0.364328,8407551
2,2021-04-01,118035,4763792,56960,2366394,51811,2276571,9264,120827,64057,1343984,0.159854,53540,1792834,0.213241,73713,3136818,0.373095,8407551
2,2021-04-02,112023,4875815,51572,2417966,50223,2326794,10228,131055,59851,1362751,0.162087,51764,1844598,0.219398,70531,3207349,0.381484,8407551
2,2021-04-03,77002,4952817,37837,2455803,29326,2356120,9839,140894,38103,1372378,0.163232,38684,1883282,0.223999,48311,3255660,0.38723,8407551
2,2021-04-04,29036,4981853,14941,2470744,10235,2366355,3860,144754,13011,1373365,0.163349,15913,1899195,0.225892,16900,3272560,0.389241,8407551
2,2021-04-05,79417,5061270,38897,2509641,31661,2398016,8859,153613,38248,1380226,0.164165,40979,1940174,0.230766,47840,3320400,0.394931,8407551
2,2021-04-06,104189,5165459,50733,2560374,38724,2436740,14732,168345,49293,1390034,0.165332,54602,1994776,0.23726,64410,3384810,0.402592,8407551
2,2021-04-07,110759,5276218,55234,2615608,39221,2475961,16304,184649,52040,1400211,0.166542,58409,2053185,0.244207,68586,3453396,0.410749,8407551
2,2021-04-08,119654,5395872,57578,2673186,43288,2519249,18788,203437,55490,1411234,0.167853,63780,2116965,0.251793,74803,3528199,0.419646,8407551
2,2021-04-09,119168,5515040,57323,2730509,43689,2562938,18156,221593,56326,1424086,0.169382,62454,2179419,0.259222,75306,3603505,0.428603,8407551
2,2021-04-10,87766,5602806,37866,2768375,31444,2594382,18456,240049,36125,1427954,0.169842,51374,2230793,0.265332,55242,3658747,0.435174,8407551
2,2021-04-11,44542,5647348,23110,2791485,12954,2607336,8478,248527,18219,1429191,0.169989,26172,2256965,0.268445,27409,3686156,0.438434,8407551
2,2021-04-12,80306,5727654,37377,2828862,33481,2640817,9448,257975,35738,1431072,0.170213,44288,2301253,0.273713,46169,3732325,0.443925,8407551
2,2021-04-13,102152,5829806,53036,2881898,48854,2689671,262,258237,55848,1442061,0.17152,46018,2347271,0.279186,57007,3789332,0.450706,8407551
2,2021-04-14,106998,5936804,56054,2937952,50889,2740560,55,258292,54569,1446014,0.17199,52109,2399380,0.285384,56062,3845394,0.457374,8407551
2,2021-04-15,113327,6050131,60138,2998090,53102,2793662,87,258379,59011,1452273,0.172734,53909,2453289,0.291796,60168,3905562,0.46453,8407551
2,2021-04-16,111018,6161149,57545,3055635,53418,2847080,55,258434,56282,1455097,0.17307,54365,2507654,0.298262,57189,3962751,0.471332,8407551
2,2021-04-17,83653,6244802,42547,3098182,41092,2888172,14,258448,46668,1465918,0.174357,36727,2544381,0.30263,47548,4010299,0.476988,8407551
2,2021-04-18,35936,6280738,21835,3120017,14094,2902266,7,258455,17073,1465261,0.174279,18719,2563100,0.304857,18062,4028361,0.479136,8407551
2,2021-04-19,74999,6355737,40379,3160396,34602,2936868,18,258473,34057,1459298,0.17357,40659,2603759,0.309693,34696,4063057,0.483263,8407551
2,2021-04-20,97676,6453413,49409,3209805,48240,2985108,27,258500,47132,1457019,0.173299,50181,2653940,0.315661,47902,4110959,0.48896,8407551
2,2021-04-21,104087,6557500,56372,3266177,47654,3032762,61,258561,49105,1452669,0.172781,54486,2708426,0.322142,50136,4161095,0.494924,8407551
2,2021-04-22,108593,6666093,56174,3322351,52394,3085156,25,258586,47474,1440392,0.171321,60670,2769096,0.329358,48393,4209488,0.500679,8407551
2,2021-04-23,108185,6774278,57597,3379948,50569,3135725,19,258605,49933,1433455,0.170496,57814,2826910,0.336235,50877,4260365,0.506731,8407551
2,2021-04-24,81116,6855394,47759,3427707,33317,3169042,40,258645,42188,1438059,0.171044,38562,2865472,0.340821,43166,4303531,0.511865,8407551
2,2021-04-25,36665,6892059,22575,3450282,14075,3183117,15,258660,19923,1441879,0.171498,16584,2882056,0.342794,20404,4323935,0.514292,8407551
2,2021-04-26,74449,6966508,41256,3491538,32883,3216000,310,258970,34161,1437796,0.171012,40003,2922059,0.347552,35920,4359855,0.518564,8407551
2,2021-04-27,88506,7055014,46712,3538250,40427,3256427,1367,260337,37894,1428087,0.169858,50212,2972271,0.353524,40503,4400358,0.523382,8407551
2,2021-04-28,88443,7143457,47293,3585543,39278,3295705,1872,262209,38973,1420736,0.168983,49113,3021384,0.359366,41762,4442120,0.528349,8407551
2,2021-04-29,91439,7234896,49823,3635366,39898,3335603,1718,263927,35472,1402969,0.16687,55557,3076941,0.365974,37790,4479910,0.532844,8407551
2,2021-04-30,95095,7329991,52575,3687941,40511,3376114,2009,265936,36897,1384817,0.164711,57715,3134656,0.372838,39563,4519473,0.537549,8407551
2,2021-05-01,62755,7392746,38300,3726241,22864,3398978,1591,267527,24430,1373700,0.163389,37988,3172644,0.377356,26871,4546344,0.540745,8407551
2,2021-05-02,29350,7422096,20437,3746678,7934,3406912,979,268506,11134,1367824,0.16269,18077,3190721,0.379507,12201,4558545,0.542197,8407551
2,2021-05-03,60793,7482889,36116,3782794,22613,3429525,2064,270570,20396,1350439,0.160622,40108,3230829,0.384277,22723,4581268,0.544899,8407551
2,2021-05-04,80198,7563087,47908,3830702,29896,3459421,2394,272964,26021,1325438,0.157649,53810,3284639,0.390677,28809,4610077,0.548326,8407551
2,2021-05-05,80793,7643880,48142,3878844,30300,3489721,2351,275315,25250,1298267,0.154417,55139,3339778,0.397236,27968,4638045,0.551652,8407551
2,2021-05-06,83251,7727131,50556,3929400,29765,3519486,2930,278245,25351,1269781,0.151029,57403,3397181,0.404063,28917,4666962,0.555092,8407551
2,2021-05-07,84012,7811143,48508,3977908,33073,3552559,2431,280676,25835,1240737,0.147574,57768,3454949,0.410934,28724,4695686,0.558508,8407551
2,2021-05-08,55879,7867022,33898,4011806,20256,3572815,1725,282401,17520,1222599,0.145417,38114,3493063,0.415467,19976,4715662,0.560884,8407551
2,2021-05-09,21916,7888938,15779,4027585,5386,3578201,751,283152,6343,1214445,0.144447,15479,3508542,0.417308,7325,4722987,0.561755,8407551
2,2021-05-10,50387,7939325,27467,4055052,21039,3599240,1881,285033,14193,1195197,0.142158,35928,3544470,0.421582,16680,4739667,0.563739,8407551
2,2021-05-11,66532,8005857,36083,4091135,28319,3627559,2130,287163,20021,1171843,0.13938,46195,3590665,0.427076,22841,4762508,0.566456,8407551
2,2021-05-12,65426,8071283,34889,4126024,28307,3655866,2230,289393,19239,1147856,0.136527,45871,3636536,0.432532,21884,4784392,0.569059,8407551
2,2021-05-13,71206,8142489,41388,4167412,27865,3683731,1953,291346,26064,1131778,0.134614,44837,3681373,0.437865,28759,4813151,0.57248,8407551
2,2021-05-14,80190,8222679,48090,4215502,29833,3713564,2267,293613,30803,1116481,0.132795,49011,3730384,0.443694,33714,4846865,0.57649,8407551
2,2021-05-15,66625,8289304,43786,4259288,21118,3734682,1721,295334,25828,1103888,0.131297,40538,3770922,0.448516,27945,4874810,0.579813,8407551
2,2021-05-16,31729,8321033,23729,4283017,7074,3741756,926,296260,12890,1099136,0.130732,18697,3789619,0.45074,13945,4888755,0.581472,8407551
2,2021-05-17,58189,8379222,36873,4319890,19365,3761121,1951,298211,22936,1089393,0.129573,34997,3824616,0.454903,25254,4914009,0.584476,8407551
2,2021-05-18,70319,8449541,41169,4361059,27183,3788304,1967,300178,27930,1077725,0.128185,42106,3866722,0.459911,30438,4944447,0.588096,8407551
2,2021-05-19,68957,8518498,40818,4401877,26126,3814430,2013,302191,27258,1066081,0.1268,41382,3908104,0.464833,29738,4974185,0.591633,8407551
2,2021-05-20,69676,8588174,40420,4442297,27066,3841496,2190,304381,26478,1052485,0.125183,42854,3950958,0.46993,29258,5003443,0.595113,8407551
2,2021-05-21,73052,8661226,43130,4485427,27760,3869256,2162,306543,27714,1037945,0.123454,44970,3995928,0.475278,30430,5033873,0.598732,8407551
2,2021-05-22,53537,8714763,33931,4519358,17830,3887086,1776,308319,22302,1031561,0.122695,30999,4026927,0.478966,24615,5058488,0.60166,8407551
2,2021-05-23,24423,8739186,16658,4536016,7040,3894126,725,309044,10235,1028604,0.122343,14057,4040984,0.480637,11100,5069588,0.60298,8407551
2,2021-05-24,44775,8783961,25431,4561447,17574,3911700,1770,310814,17162,1020490,0.121378,27388,4068372,0.483895,19274,5088862,0.605273,8407551
2,2021-05-25,50747,8834708,29702,4591149,19180,3930880,1865,312679,19261,1010977,0.120246,31180,4099552,0.487604,21667,5110529,0.60785,8407551
2,2021-05-26,48697,8883405,27268,4618417,19742,3950622,1687,314366,18990,1002621,0.119252,29375,4128927,0.491097,21019,5131548,0.61035,8407551
2,2021-05-27,46570,8929975,26398,4644815,18440,3969062,1732,316098,18561,995657,0.118424,27762,4156689,0.494399,20798,5152346,0.612824,8407551
2,2021-05-28,50037,8980012,27643,4672458,20422,3989484,1972,318070,20981,990246,0.117781,28794,4185483,0.497824,23383,5175729,0.615605,8407551
2,2021-05-29,28982,9008994,17370,4689828,10553,4000037,1059,319129,13220,989090,0.117643,15607,4201090,0.499681,14451,5190180,0.617324,8407551
2,2021-05-30,12675,9021669,8170,4697998,3740,4003777,765,319894,5525,988356,0.117556,7090,4208180,0.500524,6356,5196536,0.61808,8407551
2,2021-05-31,5896,9027565,3444,4701442,2149,4005926,303,320197,1831,986535,0.117339,4004,4212184,0.501,2183,5198719,0.618339,8407551
2,2021-06-01,44784,9072349,25715,4727157,17406,4023332,1663,321860,15566,975235,0.115995,28906,4241090,0.504438,17606,5216325,0.620433,8407551
2,2021-06-02,38223,9110572,22488,4749645,14326,4037658,1409,323269,14937,968862,0.115237,23020,4264110,0.507176,16647,5232972,0.622413,8407551
2,2021-06-03,41389,9151961,26643,4776288,13275,4050933,1471,324740,13897,957366,0.11387,27247,4291357,0.510417,15751,5248723,0.624287,8407551
2,2021-06-04,48029,9199990,31388,4807676,15101,4066034,1540,326280,15466,942639,0.112118,32257,4323614,0.514254,17530,5266253,0.626372,8407551
2,2021-06-05,37891,9237881,27029,4834705,9398,4075432,1464,327744,11780,930428,0.110666,25875,4349489,0.517331,13664,5279917,0.627997,8407551
2,2021-06-06,14921,9252802,12243,4846948,2099,4077531,579,328323,4664,925669,0.1101,10191,4359680,0.518543,5432,5285349,0.628643,8407551
2,2021-06-07,33298,9286100,23294,4870242,8727,4086258,1277,329600,10789,915625,0.108905,22356,4382036,0.521202,12312,5297661,0.630108,8407551
2,2021-06-08,40635,9326735,28762,4899004,10506,4096764,1367,330967,12450,901883,0.107271,27939,4409975,0.524526,14197,5311858,0.631796,8407551
2,2021-06-09,38138,9364873,26628,4925632,10013,4106777,1497,332464,11514,888792,0.105714,26429,4436404,0.527669,13338,5325196,0.633383,8407551
2,2021-06-10,37764,9402637,26256,4951888,9982,4116759,1526,333990,11572,876368,0.104236,25995,4462399,0.530761,13571,5338767,0.634997,8407551
2,2021-06-11,41266,9443903,27390,4979278,12205,4128964,1671,335661,13193,863725,0.102732,27806,4490205,0.534068,15163,5353930,0.6368,8407551
2,2021-06-12,29407,9473310,21639,5000917,6856,4135820,912,336573,8664,852923,0.101447,20604,4510809,0.536519,9802,5363732,0.637966,8407551
2,2021-06-13,12218,9485528,8920,5009837,2679,4138499,619,337192,3101,847757,0.100833,9054,4519863,0.537596,3888,5367620,0.638428,8407551
2,2021-06-14,29903,9515431,21219,5031056,7488,4145987,1196,338388,10357,840142,0.099927,19376,4539239,0.5399,11761,5379381,0.639827,8407551
2,2021-06-15,35560,9550991,23659,5054715,9854,4155841,2047,340435,11945,831135,0.098856,23375,4562614,0.542681,14368,5393749,0.641536,8407551
2,2021-06-16,32989,9583980,22765,5077480,8433,4164274,1791,342226,11386,823187,0.09791,21435,4584049,0.54523,13487,5407236,0.64314,8407551
2,2021-06-17,30815,9614795,20579,5098059,8439,4172713,1797,344023,10879,816312,0.097093,19761,4603810,0.54758,12886,5420122,0.644673,8407551
2,2021-06-18,34723,9649518,22878,5120937,9970,4182683,1875,345898,12654,809248,0.096253,21852,4625662,0.550179,14788,5434910,0.646432,8407551
2,2021-06-19,20922,9670440,14565,5135502,5097,4187780,1260,347158,7897,805741,0.095835,12862,4638524,0.551709,9355,5444265,0.647545,8407551
2,2021-06-20,8282,9678722,5918,5141420,1899,4189679,465,347623,3063,804161,0.095647,5176,4643700,0.552325,3596,5447861,0.647972,8407551
2,2021-06-21,19324,9698046,11819,5153239,6182,4195861,1323,348946,9872,806202,0.09589,9332,4653032,0.553435,11373,5459234,0.649325,8407551
2,2021-06-22,26874,9724920,18401,5171640,7095,4202956,1378,350324,10535,802216,0.095416,16173,4669205,0.555359,12187,5471421,0.650775,8407551
2,2021-06-23,25892,9750812,17876,5189516,6394,4209350,1622,351946,10541,799464,0.095089,15211,4684416,0.557168,12459,5483880,0.652257,8407551
2,2021-06-24,25318,9776130,17234,5206750,6565,4215915,1519,353465,10442,796928,0.094787,14729,4699145,0.55892,12193,5496073,0.653707,8407551
2,2021-06-25,28709,9804839,19465,5226215,7754,4223669,1490,354955,11993,794089,0.09445,16557,4715702,0.560889,13718,5509791,0.655338,8407551
2,2021-06-26,18500,9823339,13631,5239846,3941,4227610,928,355883,7527,791910,0.09419,10884,4726586,0.562183,8705,5518496,0.656374,8407551
2,2021-06-27,8784,9832123,6706,5246552,1631,4229241,447,356330,3521,790790,0.094057,5211,4731797,0.562803,4091,5522587,0.65686,8407551
2,2021-06-28,19744,9851867,15000,5261552,3504,4232745,1240,357570,8696,790000,0.093963,10916,4742713,0.564102,10126,5532713,0.658065,8407551
2,2021-06-29,22621,9874488,15767,5277319,5782,4238527,1072,358642,9634,788090,0.093736,12852,4755565,0.56563,10942,5543655,0.659366,8407551
2,2021-06-30,21847,9896335,15484,5292803,5339,4243866,1024,359666,9721,787072,0.093615,11990,4767555,0.567056,10972,5554627,0.660671,8407551
2,2021-07-01,19721,9916056,13932,5306735,4912,4248778,877,360543,8757,786068,0.093495,10842,4778397,0.568346,9838,5564465,0.661841,8407551
2,2021-07-02,22665,9938721,15632,5322367,6007,4254785,1026,361569,10000,784787,0.093343,12508,4790905,0.569834,11227,5575692,0.663177,8407551
2,2021-07-03,12454,9951175,8983,5331350,3001,4257786,470,362039,5690,784399,0.093297,6668,4797573,0.570627,6280,5581972,0.663924,8407551
2,2021-07-04,998,9952173,589,5331939,342,4258128,67,362106,432,784366,0.093293,555,4798128,0.570693,522,5582494,0.663986,8407551
2,2021-07-05,10999,9963172,8048,5339987,2543,4260671,408,362514,5042,784049,0.093255,5893,4804021,0.571394,5576,5588070,0.664649,8407551
2,2021-07-06,23540,9986712,17120,5357107,5445,4266116,975,363489,9088,780080,0.092783,14310,4818331,0.573096,10341,5598411,0.665879,8407551
2,2021-07-07,20441,10007153,14580,5371687,4764,4270880,1097,364586,8674,778487,0.092594,11628,4829959,0.574479,10035,5608446,0.667072,8407551
2,2021-07-08,19007,10026160,13239,5384926,4739,4275619,1029,365615,8013,776843,0.092398,10891,4840850,0.575774,9247,5617693,0.668172,8407551
2,2021-07-09,22329,10048489,15454,5400380,5631,4281250,1244,366859,9424,774944,0.092172,12774,4853624,0.577293,10875,5628568,0.669466,8407551
2,2021-07-10,14099,10062588,10392,5410772,3020,4284270,687,367546,6170,774124,0.092075,7837,4861461,0.578226,7017,5635585,0.6703,8407551
2,2021-07-11,6540,10069128,4803,5415575,1388,4285658,349,367895,3081,774209,0.092085,3415,4864876,0.578632,3500,5639085,0.670717,8407551
2,2021-07-12,18085,10087213,13287,5428862,3933,4289591,865,368760,7772,772846,0.091923,10201,4875077,0.579845,8838,5647923,0.671768,8407551
2,2021-07-13,19336,10106549,13643,5442505,4809,4294400,884,369644,8637,772004,0.091823,10559,4885636,0.581101,9717,5657640,0.672924,8407551
2,2021-07-14,18499,10125048,13218,5455723,4503,4298903,778,370422,8257,771131,0.091719,10119,4895755,0.582305,9246,5666886,0.674023,8407551
2,2021-07-15,18628,10143676,13520,5469243,4414,4303317,694,371116,8461,770443,0.091637,10056,4905811,0.583501,9368,5676254,0.675138,8407551
2,2021-07-16,22566,10166242,16246,5485489,5495,4308812,825,371941,10782,770598,0.091655,11654,4917465,0.584887,11809,5688063,0.676542,8407551
2,2021-07-17,14187,10180429,10336,5495825,3321,4312133,530,372471,6858,770881,0.091689,7239,4924704,0.585748,7522,5695585,0.677437,8407551
2,2021-07-18,6966,10187395,5205,5501030,1435,4313568,326,372797,3532,771416,0.091753,3391,4928095,0.586151,3926,5699511,0.677904,8407551
2,2021-07-19,18216,10205611,13574,5514604,3913,4317481,729,373526,9028,772283,0.091856,9075,4937170,0.58723,9942,5709453,0.679086,8407551
2,2021-07-20,20572,10226183,14662,5529266,5079,4322560,831,374357,10403,773697,0.092024,10039,4947209,0.588425,11453,5720906,0.680449,8407551
2,2021-07-21,20114,10246297,14636,5543902,4720,4327280,758,375115,10410,775483,0.092236,9579,4956788,0.589564,11365,5732271,0.6818,8407551
2,2021-07-22,20045,10266342,14314,5558216,4890,4332170,841,375956,10706,778008,0.092537,9196,4965984,0.590658,11721,5743992,0.683194,8407551
2,2021-07-23,24065,10290407,16849,5575065,6185,4338355,1031,376987,13113,781545,0.092958,10804,4976788,0.591943,14341,5758333,0.6849,8407551
2,2021-07-24,14602,10305009,10533,5585598,3578,4341933,491,377478,8151,783955,0.093244,6346,4983134,0.592697,8756,5767089,0.685942,8407551
2,2021-07-25,6590,10311599,4839,5590437,1615,4343548,136,377614,4872,787327,0.093645,1675,4984809,0.592897,5047,5772136,0.686542,8407551
2,2021-07-26,18698,10330297,13210,5603647,4733,4348281,755,378369,11835,793296,0.094355,6749,4991558,0.593699,12718,5784854,0.688055,8407551
2,2021-07-27,22392,10352689,16207,5619854,5348,4353629,837,379206,13130,798300,0.09495,9113,5000671,0.594783,14117,5798971,0.689734,8407551
2,2021-07-28,22293,10374982,15961,5635815,5446,4359075,886,380092,13179,803595,0.09558,8953,5009624,0.595848,14248,5813219,0.691428,8407551
2,2021-07-29,21038,10396020,15114,5650929,5064,4364139,860,380952,12707,809115,0.096237,8195,5017819,0.596823,13715,5826934,0.69306,8407551
2,2021-07-30,25643,10421663,18312,5669241,6424,4370563,907,381859,15379,815528,0.096999,10076,5027895,0.598021,16489,5843423,0.695021,8407551
2,2021-07-31,15458,10437121,11414,5680655,3557,4374120,487,382346,9357,819527,0.097475,5980,5033875,0.598733,9979,5853402,0.696208,8407551
2,2021-08-01,7891,10445012,6091,5686746,1634,4375754,166,382512,5151,822220,0.097795,2685,5036560,0.599052,5378,5858780,0.696847,8407551
2,2021-08-02,20900,10465912,15752,5702498,4413,4380167,735,383247,13255,828815,0.09858,7509,5044069,0.599945,14104,5872884,0.698525,8407551
2,2021-08-03,23551,10489463,17206,5719704,5378,4385545,967,384214,14649,835801,0.099411,8757,5052826,0.600987,15743,5888627,0.700397,8407551
2,2021-08-04,22124,10511587,16461,5736165,4884,4390429,779,384993,13835,842355,0.10019,8159,5060985,0.601957,14713,5903340,0.702147,8407551
2,2021-08-05,21959,10533546,16156,5752321,4960,4395389,843,385836,13579,848665,0.100941,8227,5069212,0.602936,14537,5917877,0.703876,8407551
2,2021-08-06,13072,10546618,9739,5762060,2553,4397942,780,386616,7756,852076,0.101347,5226,5074438,0.603557,8637,5926514,0.704904,8407551
3,2020-12-15,322,322,322,322,0,0,0,0,322,322,4e-05,0,0,0.0,322,322,4e-05,8129050
3,2020-12-16,2467,2789,2467,2789,0,0,0,0,2468,2790,0.000343,0,0,0.0,2468,2790,0.000343,8129050
3,2020-12-17,7859,10648,7859,10648,0,0,0,0,7859,10649,0.00131,0,0,0.0,7859,10649,0.00131,8129050
3,2020-12-18,13471,24119,13452,24100,19,19,0,0,13470,24119,0.002967,0,0,0.0,13470,24119,0.002967,8129050
3,2020-12-19,7271,31390,7258,31358,13,32,0,0,7334,31453,0.003869,0,0,0.0,7334,31453,0.003869,8129050
3,2020-12-20,5669,37059,5659,37017,10,42,0,0,5716,37168,0.004572,1,1,0.0,5716,37169,0.004572,8129050
3,2020-12-21,14387,51446,14361,51378,26,68,0,0,14451,51618,0.00635,1,2,0.0,14451,51620,0.00635,8129050
3,2020-12-22,14848,66294,14267,65645,581,649,0,0,14885,66500,0.008181,3,5,1e-06,14885,66505,0.008181,8129050
3,2020-12-23,14864,81158,12258,77903,2606,3255,0,0,14880,81379,0.010011,2,7,1e-06,14881,81386,0.010012,8129050
3,2020-12-24,6801,87959,4878,82781,1923,5178,0,0,6798,88175,0.010847,2,9,1e-06,6798,88184,0.010848,8129050
3,2020-12-25,724,88683,666,83447,58,5236,0,0,722,88897,0.010936,0,9,1e-06,722,88906,0.010937,8129050
3,2020-12-26,4625,93308,3000,86447,1625,6861,0,0,4623,93520,0.011504,0,9,1e-06,4623,93529,0.011506,8129050
3,2020-12-27,2987,96295,1855,88302,1132,7993,0,0,2987,96507,0.011872,0,9,1e-06,2987,96516,0.011873,8129050
3,2020-12-28,13658,109953,8738,97040,4920,12913,0,0,13682,110188,0.013555,1,10,1e-06,13682,110198,0.013556,8129050
3,2020-12-29,15065,125018,8478,105518,6587,19500,0,0,15091,125277,0.015411,2,12,1e-06,15091,125289,0.015413,8129050
3,2020-12-30,18076,143094,10083,115601,7993,27493,0,0,18081,143357,0.017635,2,14,2e-06,18082,143371,0.017637,8129050
3,2020-12-31,8461,151555,3247,118848,5214,32707,0,0,8460,151815,0.018676,2,16,2e-06,8460,151831,0.018678,8129050
3,2021-01-01,1623,153178,773,119621,850,33557,0,0,1619,153433,0.018875,1,17,2e-06,1619,153450,0.018877,8129050
3,2021-01-02,4948,158126,2428,122049,2520,36077,0,0,4948,158381,0.019483,0,17,2e-06,4948,158398,0.019485,8129050
3,2021-01-03,1621,159747,853,122902,768,36845,0,0,1612,159991,0.019681,2,19,2e-06,1612,160010,0.019684,8129050
3,2021-01-04,12061,171808,5971,128873,6090,42935,0,0,12032,172015,0.021161,8,27,3e-06,12032,172042,0.021164,8129050
3,2021-01-05,15762,187570,8161,137034,7601,50536,0,0,14084,184467,0.022692,1662,1689,0.000208,14114,186156,0.0229,8129050
3,2021-01-06,20646,208216,10923,147957,9723,60259,0,0,16076,196030,0.024115,4523,6212,0.000764,16086,202242,0.024879,8129050
3,2021-01-07,26694,234910,15261,163218,11433,71692,0,0,17204,203798,0.02507,9453,15665,0.001927,17221,219463,0.026997,8129050
3,2021-01-08,30717,265627,18773,181991,11944,83636,0,0,18207,209539,0.025777,12489,28154,0.003463,18230,237693,0.02924,8129050
3,2021-01-09,12470,278097,7052,189043,5418,89054,0,0,7932,212949,0.026196,4531,32685,0.004021,7941,245634,0.030217,8129050
3,2021-01-10,7241,285338,4491,193534,2750,91804,0,0,4078,213872,0.02631,3161,35846,0.00441,4084,249718,0.030719,8129050
3,2021-01-11,29199,314537,19104,212638,10095,101899,0,0,16535,217798,0.026793,12656,48502,0.005967,16582,266300,0.032759,8129050
3,2021-01-12,32672,347209,19510,232148,13162,115061,0,0,20014,225324,0.027718,12636,61138,0.007521,20162,286462,0.035239,8129050
3,2021-01-13,34622,381831,18071,250219,16551,131612,0,0,24379,239497,0.029462,10228,71366,0.008779,24401,310863,0.038241,8129050
3,2021-01-14,34809,416640,14228,264447,20581,152193,0,0,28871,262510,0.032293,5896,77262,0.009504,28909,339772,0.041797,8129050
3,2021-01-15,39068,455708,14473,278920,24595,176788,0,0,34363,292267,0.035953,4686,81948,0.010081,34443,374215,0.046034,8129050
3,2021-01-16,21816,477524,7442,286362,14374,191162,0,0,19475,309435,0.038065,2330,84278,0.010368,19498,393713,0.048433,8129050
3,2021-01-17,13163,490687,4466,290828,8697,199859,0,0,12090,320502,0.039427,1072,85350,0.010499,12139,405852,0.049926,8129050
3,2021-01-18,24812,515499,12964,303792,11848,211707,0,0,19192,334129,0.041103,5609,90959,0.011189,19236,425088,0.052292,8129050
3,2021-01-19,41179,556678,20921,324713,20258,231965,0,0,31992,357095,0.043928,9150,100109,0.012315,32116,457204,0.056243,8129050
3,2021-01-20,46286,602964,23054,347767,23232,255197,0,0,36687,384319,0.047277,9551,109660,0.01349,36775,493979,0.060767,8129050
3,2021-01-21,48176,651140,20898,368665,27278,282475,0,0,42634,421563,0.051859,5474,115134,0.014163,42718,536697,0.066022,8129050
3,2021-01-22,49864,701004,19867,388532,29997,312472,0,0,45626,463053,0.056963,4209,119343,0.014681,45699,582396,0.071644,8129050
3,2021-01-23,30404,731408,12823,401355,17581,330053,0,0,27096,486904,0.059897,3300,122643,0.015087,27151,609547,0.074984,8129050
3,2021-01-24,17909,749317,8501,409856,9408,339461,0,0,16717,502464,0.061811,1189,123832,0.015233,16749,626296,0.077044,8129050
3,2021-01-25,40939,790256,18240,428096,22699,362160,0,0,30930,523504,0.064399,9981,133813,0.016461,31021,657317,0.08086,8129050
3,2021-01-26,47450,837706,22645,450741,24805,386965,0,0,37218,550647,0.067738,10199,144012,0.017716,37342,694659,0.085454,8129050
3,2021-01-27,51564,889270,24541,475282,27023,413988,0,0,40838,580940,0.071465,10654,154666,0.019026,40947,735606,0.090491,8129050
3,2021-01-28,52054,941324,24143,499425,27911,441899,0,0,43067,615170,0.075676,8901,163567,0.020121,43131,778737,0.095797,8129050
3,2021-01-29,51182,992506,24542,523967,26640,468539,0,0,41376,646975,0.079588,9628,173195,0.021306,41433,820170,0.100894,8129050
3,2021-01-30,37449,1029955,17778,541745,19671,488210,0,0,32718,675104,0.083048,4676,177871,0.021881,32805,852975,0.104929,8129050
3,2021-01-31,22510,1052465,12804,554549,9706,497916,0,0,21087,694804,0.085472,1408,179279,0.022054,21108,874083,0.107526,8129050
3,2021-02-01,46073,1098538,21070,575619,25003,522919,0,0,35111,719039,0.088453,10910,190189,0.023396,35145,909228,0.111849,8129050
3,2021-02-02,54634,1153172,22784,598403,31850,554769,0,0,42114,748782,0.092112,12421,202610,0.024924,42164,951392,0.117036,8129050
3,2021-02-03,60233,1213405,26727,625130,33506,588275,0,0,44768,778291,0.095742,15333,217943,0.02681,44842,996234,0.122552,8129050
3,2021-02-04,64606,1278011,27959,653089,36647,624922,0,0,47289,808579,0.099468,17118,235061,0.028916,47406,1043640,0.128384,8129050
3,2021-02-05,70575,1348586,29812,682901,40763,665685,0,0,48713,835856,0.102823,21618,256679,0.031576,48895,1092535,0.134399,8129050
3,2021-02-06,43761,1392347,20982,703883,22779,688464,0,0,34081,860489,0.105854,9634,266313,0.032761,34267,1126802,0.138614,8129050
3,2021-02-07,19775,1412122,12576,716459,7199,695663,0,0,15162,871184,0.107169,4593,270906,0.033326,15288,1142090,0.140495,8129050
3,2021-02-08,51673,1463795,24956,741415,26717,722380,0,0,33848,887542,0.109182,17684,288590,0.035501,34042,1176132,0.144683,8129050
3,2021-02-09,58926,1522721,28531,769946,30395,752775,0,0,34444,898133,0.110484,24203,312793,0.038478,34794,1210926,0.148963,8129050
3,2021-02-10,68538,1591259,31901,801847,36637,789412,0,0,36726,903855,0.111188,31514,344307,0.042355,37236,1248162,0.153543,8129050
3,2021-02-11,70969,1662228,34878,836725,36091,825503,0,0,37686,909154,0.11184,32932,377239,0.046406,38231,1286393,0.158246,8129050
3,2021-02-12,75818,1738046,32699,869424,43119,868622,0,0,41746,917919,0.112918,33758,410997,0.050559,42523,1328916,0.163477,8129050
3,2021-02-13,45338,1783384,20542,889966,24796,893418,0,0,26078,925437,0.113843,19142,430139,0.052914,26660,1355576,0.166757,8129050
3,2021-02-14,27455,1810839,13720,903686,13735,907153,0,0,15218,928940,0.114274,12169,442308,0.054411,15672,1371248,0.168685,8129050
3,2021-02-15,40345,1851184,17373,921059,22972,930125,0,0,22265,934180,0.114919,17968,460276,0.056621,23208,1394456,0.17154,8129050
3,2021-02-16,70582,1921766,33391,954450,37191,967316,0,0,36612,938005,0.115389,33821,494097,0.060782,37646,1432102,0.176171,8129050
3,2021-02-17,72439,1994205,36588,991038,35851,1003167,0,0,34302,935486,0.115079,37896,531993,0.065443,35377,1467479,0.180523,8129050
3,2021-02-18,77540,2071745,40487,1031525,37053,1040220,0,0,35813,931120,0.114542,41524,573517,0.070552,37158,1504637,0.185094,8129050
3,2021-02-19,69660,2141405,40143,1071668,29517,1069737,0,0,35125,932578,0.114722,34367,607884,0.074779,35825,1540462,0.189501,8129050
3,2021-02-20,43306,2184711,27338,1099006,15968,1085705,0,0,22609,935122,0.115035,20572,628456,0.07731,23116,1563578,0.192344,8129050
3,2021-02-21,24313,2209024,19550,1118556,4763,1090468,0,0,11831,934960,0.115015,12385,640841,0.078833,12223,1575801,0.193848,8129050
3,2021-02-22,47740,2256764,31095,1149651,16645,1107113,0,0,22341,932539,0.114717,25247,666088,0.081939,22826,1598627,0.196656,8129050
3,2021-02-23,63786,2320550,34669,1184320,29117,1136230,0,0,27792,926565,0.113982,35761,701849,0.086338,29787,1628414,0.20032,8129050
3,2021-02-24,80004,2400554,39317,1223637,40687,1176917,0,0,35324,919999,0.113174,44415,746264,0.091802,37849,1666263,0.204976,8129050
3,2021-02-25,89693,2490247,43679,1267316,46014,1222931,0,0,44625,922478,0.113479,44752,791016,0.097307,47231,1713494,0.210787,8129050
3,2021-02-26,100678,2590925,46052,1313368,54626,1277557,0,0,53108,930665,0.114486,47131,838147,0.103105,55318,1768812,0.217591,8129050
3,2021-02-27,71379,2662304,32804,1346172,38571,1316128,4,4,37684,936219,0.11517,33448,871595,0.10722,39002,1807814,0.222389,8129050
3,2021-02-28,41588,2703892,24019,1370191,17565,1333693,4,8,21324,938448,0.115444,20053,891648,0.109687,22282,1830096,0.22513,8129050
3,2021-03-01,70128,2774020,37221,1407412,32866,1366559,41,49,38919,947797,0.116594,30954,922602,0.113494,40303,1870399,0.230088,8129050
3,2021-03-02,81655,2855675,40271,1447683,41376,1407935,8,57,47063,962535,0.118407,34417,957019,0.117728,49155,1919554,0.236135,8129050
3,2021-03-03,91609,2947284,43835,1491518,47749,1455684,25,82,51130,975733,0.12003,40231,997250,0.122677,53429,1972983,0.242708,8129050
3,2021-03-04,96073,3043357,46974,1538492,49078,1504762,21,103,54321,990863,0.121892,41491,1038741,0.127781,56621,2029604,0.249673,8129050
3,2021-03-05,92312,3135669,45142,1583634,46877,1551639,293,396,55990,1013349,0.124658,36036,1074777,0.132214,58522,2088126,0.256872,8129050
3,2021-03-06,66209,3201878,33551,1617185,30491,1582130,2167,2563,37765,1026455,0.12627,28283,1103060,0.135694,41389,2129515,0.261964,8129050
3,2021-03-07,39274,3241152,22704,1639889,14671,1596801,1899,4462,22078,1034482,0.127257,17112,1120172,0.137799,25139,2154654,0.265056,8129050
3,2021-03-08,60347,3301499,28745,1668634,28595,1625396,3007,7469,38155,1055150,0.1298,22022,1142194,0.140508,42690,2197344,0.270308,8129050
3,2021-03-09,77554,3379053,35803,1704437,37263,1662659,4488,11957,41620,1066611,0.13121,35777,1177971,0.144909,47238,2244582,0.276119,8129050
3,2021-03-10,83669,3462722,41663,1746100,35865,1698524,6141,18098,43661,1078016,0.132613,39767,1217738,0.149801,51172,2295754,0.282414,8129050
3,2021-03-11,97896,3560618,47860,1793960,41373,1739897,8663,26761,47885,1085891,0.133582,49714,1267452,0.155916,57589,2353343,0.289498,8129050
3,2021-03-12,102567,3663185,45698,1839658,44945,1784842,11924,38685,47021,1090633,0.134165,55284,1322736,0.162717,60026,2413369,0.296882,8129050
3,2021-03-13,70829,3734014,29812,1869470,33718,1818560,7299,45984,37415,1103402,0.135736,33265,1356001,0.166809,46034,2459403,0.302545,8129050
3,2021-03-14,41438,3775452,21639,1891109,16230,1834790,3569,49553,20860,1107956,0.136296,20487,1376488,0.16933,25041,2484444,0.305625,8129050
3,2021-03-15,76091,3851543,36076,1927185,35442,1870232,4573,54126,40046,1117756,0.137501,35798,1412286,0.173733,45598,2530042,0.311235,8129050
3,2021-03-16,95477,3947020,44019,1971204,47112,1917344,4346,58472,53557,1134883,0.139608,41655,1453941,0.178857,58782,2588824,0.318466,8129050
3,2021-03-17,98837,4045857,47994,2019198,46284,1963628,4559,63031,59906,1161309,0.142859,38672,1492613,0.183615,65098,2653922,0.326474,8129050
3,2021-03-18,104163,4150020,52929,2072127,46690,2010318,4544,67575,59638,1181807,0.145381,44207,1536820,0.189053,64705,2718627,0.334434,8129050
3,2021-03-19,103724,4253744,55611,2127738,43632,2053950,4481,72056,57637,1198668,0.147455,45784,1582604,0.194685,62645,2781272,0.34214,8129050
3,2021-03-20,72292,4326036,37274,2165012,31342,2085292,3676,75732,44406,1219576,0.150027,27667,1610271,0.198088,48575,2829847,0.348115,8129050
3,2021-03-21,36435,4362471,24767,2189779,10156,2095448,1512,77244,21875,1228992,0.151185,14447,1624718,0.199866,23863,2853710,0.351051,8129050
3,2021-03-22,70889,4433360,41671,2231450,26689,2122137,2529,79773,45025,1251951,0.15401,25607,1650325,0.203016,48566,2902276,0.357025,8129050
3,2021-03-23,90270,4523630,49921,2281371,37799,2159936,2550,82323,54998,1275210,0.156871,34982,1685307,0.207319,58241,2960517,0.36419,8129050
3,2021-03-24,99303,4622933,57129,2338500,39235,2199171,2939,85262,56133,1292095,0.158948,42784,1728091,0.212582,59669,3020186,0.37153,8129050
3,2021-03-25,108006,4730939,59971,2398471,45048,2244219,2987,88249,60446,1308965,0.161023,47195,1775286,0.218388,64065,3084251,0.379411,8129050
3,2021-03-26,111373,4842312,59724,2458195,48289,2292508,3360,91609,57000,1316154,0.161907,54003,1829289,0.225031,61192,3145443,0.386939,8129050
3,2021-03-27,75036,4917348,38124,2496319,34354,2326862,2558,94167,36109,1316809,0.161988,38673,1867962,0.229788,39328,3184771,0.391777,8129050
3,2021-03-28,44621,4961969,28118,2524437,15690,2342552,813,94980,22403,1318574,0.162205,22090,1890052,0.232506,23855,3208626,0.394711,8129050
3,2021-03-29,81258,5043227,42442,2566879,36955,2379507,1861,96841,44196,1328667,0.163447,36781,1926833,0.237031,46874,3255500,0.400477,8129050
3,2021-03-30,100837,5144064,49548,2616427,47640,2427147,3649,100490,56179,1344711,0.16542,44381,1971214,0.24249,60425,3315925,0.407911,8129050
3,2021-03-31,105539,5249603,56901,2673328,43765,2470912,4873,105363,56139,1356906,0.166921,49133,2020347,0.248534,61328,3377253,0.415455,8129050
3,2021-04-01,124263,5373866,62794,2736122,51678,2522590,9791,115154,66641,1376415,0.169321,57174,2077521,0.255568,76683,3453936,0.424888,8129050
3,2021-04-02,118420,5492286,57772,2793894,50262,2572852,10386,125540,62147,1393435,0.171414,55951,2133472,0.26245,72971,3526907,0.433865,8129050
3,2021-04-03,76365,5568651,39083,2832977,28021,2600873,9261,134801,37926,1402630,0.172545,38270,2171742,0.267158,47465,3574372,0.439704,8129050
3,2021-04-04,32507,5601158,17392,2850369,10878,2611751,4237,139038,14181,1402813,0.172568,18243,2189985,0.269402,18426,3592798,0.44197,8129050
3,2021-04-05,89957,5691115,45634,2896003,35035,2646786,9288,148326,43586,1410348,0.173495,46124,2236109,0.275076,53659,3646457,0.448571,8129050
3,2021-04-06,113918,5805033,55389,2951392,43250,2690036,15279,163605,53326,1419314,0.174598,60291,2296400,0.282493,69257,3715714,0.457091,8129050
3,2021-04-07,116734,5921767,60362,3011754,40015,2730051,16357,179962,56234,1431919,0.176148,60219,2356619,0.289901,72824,3788538,0.466049,8129050
3,2021-04-08,121841,6043608,60640,3072394,40962,2771013,20239,200201,56368,1444094,0.177646,65143,2421762,0.297915,77318,3865856,0.475561,8129050
3,2021-04-09,119016,6162624,59229,3131623,40528,2811541,19259,219460,52161,1449778,0.178345,66581,2488343,0.306105,72265,3938121,0.48445,8129050
3,2021-04-10,84688,6247312,37979,3169602,31365,2842906,15344,234804,34386,1450184,0.178395,50100,2538443,0.312268,50506,3988627,0.490663,8129050
3,2021-04-11,45426,6292738,24329,3193931,13053,2855959,8044,242848,17241,1448185,0.178149,28082,2566525,0.315723,26083,4014710,0.493872,8129050
3,2021-04-12,84315,6377053,42583,3236514,32879,2888838,8853,251701,38027,1450113,0.178387,46027,2612552,0.321385,47955,4062665,0.499771,8129050
3,2021-04-13,105890,6482943,57314,3293828,48369,2937207,207,251908,55699,1456982,0.179232,49922,2662474,0.327526,56791,4119456,0.506757,8129050
3,2021-04-14,108025,6590968,59061,3352889,48863,2986070,101,252009,53638,1458090,0.179368,54070,2716544,0.334177,55178,4174634,0.513545,8129050
3,2021-04-15,119621,6710589,67230,3420119,52310,3038380,81,252090,63652,1467015,0.180466,55615,2772159,0.341019,64540,4239174,0.521485,8129050
3,2021-04-16,115944,6826533,64989,3485108,50862,3089242,93,252183,60308,1472781,0.181175,55303,2827462,0.347822,61069,4300243,0.528997,8129050
3,2021-04-17,79757,6906290,43446,3528554,36296,3125538,15,252198,44322,1482906,0.182421,35183,2862645,0.35215,45308,4345551,0.534571,8129050
3,2021-04-18,38923,6945213,23502,3552056,15414,3140952,7,252205,18208,1481406,0.182236,20589,2883234,0.354683,19089,4364640,0.536919,8129050
3,2021-04-19,79466,7024679,44196,3596252,35213,3176165,57,252262,35652,1474031,0.181329,43592,2926826,0.360045,36217,4400857,0.541374,8129050
3,2021-04-20,101094,7125773,53160,3649412,47916,3224081,18,252280,48744,1471751,0.181048,52066,2978892,0.36645,49786,4450643,0.547499,8129050
3,2021-04-21,106286,7232059,59675,3709087,46537,3270618,74,252354,50046,1467112,0.180478,55841,3034733,0.37332,51202,4501845,0.553797,8129050
3,2021-04-22,112436,7344495,63164,3772251,49245,3319863,27,252381,48212,1452466,0.178676,63844,3098577,0.381173,49198,4551043,0.559849,8129050
3,2021-04-23,106750,7451245,61061,3833312,45658,3365521,31,252412,46700,1440536,0.177208,59672,3158249,0.388514,47742,4598785,0.565722,8129050
3,2021-04-24,74268,7525513,45832,3879144,28364,3393885,72,252484,36106,1439846,0.177124,37862,3196111,0.393172,37172,4635957,0.570295,8129050
3,2021-04-25,37098,7562611,23682,3902826,13399,3407284,17,252501,18909,1441149,0.177284,18029,3214140,0.395389,19332,4655289,0.572673,8129050
3,2021-04-26,74312,7636923,42030,3944856,31870,3439154,412,252913,31671,1432221,0.176186,42355,3256495,0.4006,33427,4688716,0.576785,8129050
3,2021-04-27,91476,7728399,48017,3992873,41704,3480858,1755,254668,36221,1416033,0.174194,54929,3311424,0.407357,38741,4727457,0.581551,8129050
3,2021-04-28,87200,7815599,49568,4042441,35482,3516340,2150,256818,35543,1402913,0.17258,51344,3362768,0.413673,38224,4765681,0.586253,8129050
3,2021-04-29,89515,7905114,51177,4093618,36115,3552455,2223,259041,31897,1380266,0.169794,57256,3420024,0.420716,34609,4800290,0.590511,8129050
3,2021-04-30,91110,7996224,51419,4145037,37205,3589660,2486,261527,33876,1360246,0.167331,56848,3476872,0.42771,36828,4837118,0.595041,8129050
3,2021-05-01,55650,8051874,34933,4179970,19239,3608899,1478,263005,20028,1346901,0.16569,35339,3512211,0.432057,21994,4859112,0.597747,8129050
3,2021-05-02,27075,8078949,18497,4198467,7559,3616458,1019,264024,9917,1340887,0.16495,17046,3529257,0.434154,11032,4870144,0.599104,8129050
3,2021-05-03,60074,8139023,35266,4233733,22425,3638883,2383,266407,17510,1318638,0.162213,42326,3571583,0.43936,20077,4890221,0.601573,8129050
3,2021-05-04,77938,8216961,45065,4278798,30181,3669064,2692,269099,22626,1289240,0.158597,54998,3626581,0.446126,25600,4915821,0.604723,8129050
3,2021-05-05,79463,8296424,47712,4326510,29041,3698105,2710,271809,21982,1257092,0.154642,57125,3683706,0.453153,24977,4940798,0.607795,8129050
3,2021-05-06,83744,8380168,52997,4379507,28212,3726317,2535,274344,20711,1218353,0.149876,62532,3746238,0.460846,23793,4964591,0.610722,8129050
3,2021-05-07,82773,8462941,51566,4431073,28569,3754886,2638,276982,21954,1182790,0.145502,60448,3806686,0.468282,24885,4989476,0.613783,8129050
3,2021-05-08,52853,8515794,32769,4463842,18359,3773245,1725,278707,13993,1160191,0.142722,38577,3845263,0.473027,15978,5005454,0.615749,8129050
3,2021-05-09,21030,8536824,15370,4479212,4872,3778117,788,279495,5514,1151139,0.141608,15420,3860683,0.474924,6368,5011822,0.616532,8129050
3,2021-05-10,48326,8585150,25981,4505193,20428,3798545,1917,281412,11204,1127614,0.138714,36907,3897590,0.479464,13382,5025204,0.618179,8129050
3,2021-05-11,64417,8649567,36117,4541310,26072,3824617,2228,283640,16190,1098532,0.135137,47966,3945556,0.485365,18884,5044088,0.620502,8129050
3,2021-05-12,65107,8714674,37409,4578719,25291,3849908,2407,286047,16615,1069659,0.131585,48215,3993771,0.491296,19342,5063430,0.622881,8129050
3,2021-05-13,75706,8790380,47711,4626430,26078,3875986,1917,287964,27636,1052029,0.129416,47811,4041582,0.497178,30181,5093611,0.626594,8129050
3,2021-05-14,80676,8871056,50947,4677377,27588,3903574,2141,290105,31242,1036879,0.127552,49132,4090714,0.503222,33982,5127593,0.630774,8129050
3,2021-05-15,62374,8933430,43025,4720402,18139,3921713,1210,291315,25782,1027729,0.126427,36376,4127090,0.507696,27226,5154819,0.634123,8129050
3,2021-05-16,33264,8966694,24861,4745263,7712,3929425,691,292006,13412,1022195,0.125746,19727,4146817,0.510123,14193,5169012,0.635869,8129050
3,2021-05-17,57107,9023801,36365,4781628,18900,3948325,1842,293848,21035,1009491,0.124183,35792,4182609,0.514526,23088,5192100,0.638709,8129050
3,2021-05-18,64661,9088462,38172,4819800,24619,3972944,1870,295718,24286,995956,0.122518,40087,4222696,0.519458,26552,5218652,0.641976,8129050
3,2021-05-19,64026,9152488,38912,4858712,23363,3996307,1751,297469,24758,983736,0.121015,39006,4261702,0.524256,26786,5245438,0.645271,8129050
3,2021-05-20,61914,9214402,36231,4894943,23831,4020138,1852,299321,22234,968773,0.119174,39383,4301085,0.529101,24420,5269858,0.648275,8129050
3,2021-05-21,66070,9280472,40136,4935079,23832,4043970,2102,301423,23607,952646,0.11719,42137,4343222,0.534284,26010,5295868,0.651474,8129050
3,2021-05-22,45722,9326194,30295,4965374,13954,4057924,1473,302896,19029,946928,0.116487,26475,4369697,0.537541,20757,5316625,0.654028,8129050
3,2021-05-23,21739,9347933,15044,4980418,6042,4063966,653,303549,9180,944401,0.116176,12470,4382167,0.539075,9943,5326568,0.655251,8129050
3,2021-05-24,39524,9387457,23104,5003522,14658,4078624,1762,305311,14635,936315,0.115181,24688,4406855,0.542112,16602,5343170,0.657293,8129050
3,2021-05-25,42724,9430181,24020,5027542,17024,4095648,1680,306991,15143,926056,0.113919,27307,4434162,0.545471,17048,5360218,0.65939,8129050
3,2021-05-26,42420,9472601,24270,5051812,16426,4112074,1724,308715,15869,917530,0.112871,26253,4460415,0.548701,17727,5377945,0.661571,8129050
3,2021-05-27,39355,9511956,22065,5073877,15540,4127614,1750,310465,15418,911172,0.112088,23771,4484186,0.551625,17413,5395358,0.663713,8129050
3,2021-05-28,42789,9554745,24175,5098052,16821,4144435,1793,312258,17777,906259,0.111484,24807,4508993,0.554676,19894,5415252,0.66616,8129050
3,2021-05-29,23460,9578205,14333,5112385,8289,4152724,838,313096,10977,905853,0.111434,12348,4521341,0.556195,11942,5427194,0.66763,8129050
3,2021-05-30,10619,9588824,6885,5119270,3097,4155821,637,313733,4457,904906,0.111318,6083,4527424,0.556944,5136,5432330,0.668261,8129050
3,2021-05-31,4656,9593480,2686,5121956,1705,4157526,265,313998,1461,903509,0.111146,3152,4530576,0.557332,1755,5434085,0.668477,8129050
3,2021-06-01,37704,9631184,21697,5143653,14569,4172095,1438,315436,13168,894014,0.109978,24295,4554871,0.56032,14800,5448885,0.670298,8129050
3,2021-06-02,31489,9662673,18088,5161741,11990,4184085,1411,316847,11647,887579,0.109186,19632,4574503,0.562735,13197,5462082,0.671921,8129050
3,2021-06-03,39617,9702290,27089,5188830,11092,4195177,1436,318283,11418,872638,0.107348,28020,4602523,0.566182,13079,5475161,0.67353,8129050
3,2021-06-04,46164,9748454,32648,5221478,11968,4207145,1548,319831,13107,854893,0.105165,32811,4635334,0.570218,15066,5490227,0.675384,8129050
3,2021-06-05,34333,9782787,25877,5247355,7269,4214414,1187,321018,8689,839525,0.103275,25435,4660769,0.573347,10067,5500294,0.676622,8129050
3,2021-06-06,14643,9797430,12220,5259575,1841,4216255,582,321600,3711,833113,0.102486,10868,4671637,0.574684,4456,5504750,0.67717,8129050
3,2021-06-07,30389,9827819,22088,5281663,7018,4223273,1283,322883,8701,821678,0.101079,21539,4693176,0.577334,10104,5514854,0.678413,8129050
3,2021-06-08,34319,9862138,24644,5306307,8385,4231658,1290,324173,9926,808934,0.099512,24184,4717360,0.580309,11440,5526294,0.67982,8129050
3,2021-06-09,32979,9895117,23920,5330227,7757,4239415,1302,325475,8847,795296,0.097834,23951,4741311,0.583255,10313,5536607,0.681089,8129050
3,2021-06-10,32482,9927599,23423,5353650,7531,4246946,1528,327003,8945,782586,0.09627,23379,4764690,0.586131,10669,5547276,0.682402,8129050
3,2021-06-11,35560,9963159,25140,5378790,9051,4255997,1369,328372,10564,769896,0.094709,24796,4789486,0.589182,12106,5559382,0.683891,8129050
3,2021-06-12,25143,9988302,18938,5397728,5311,4261308,894,329266,6685,759287,0.093404,18339,4807825,0.591437,7730,5567112,0.684842,8129050
3,2021-06-13,10132,9998434,7580,5405308,2063,4263371,489,329755,2363,754494,0.092815,7716,4815541,0.592387,2923,5570035,0.685201,8129050
3,2021-06-14,25799,10024233,18483,5423791,5892,4269263,1424,331179,8083,746555,0.091838,17584,4833125,0.59455,9645,5579680,0.686388,8129050
3,2021-06-15,28726,10052959,19434,5443225,7787,4277050,1505,332684,9651,739032,0.090912,18848,4851973,0.596868,11325,5591005,0.687781,8129050
3,2021-06-16,25870,10078829,18364,5461589,6092,4283142,1414,334098,8721,732356,0.090091,16964,4868937,0.598955,10288,5601293,0.689046,8129050
3,2021-06-17,24847,10103676,17793,5479382,5765,4288907,1289,335387,8616,726318,0.089348,16079,4885016,0.600933,10041,5611334,0.690282,8129050
3,2021-06-18,28006,10131682,19772,5499154,6661,4295568,1573,336960,9806,719900,0.088559,17966,4902982,0.603143,11548,5622882,0.691702,8129050
3,2021-06-19,16012,10147694,11761,5510915,3392,4298960,859,337819,5726,716436,0.088133,10158,4913140,0.604393,6694,5629576,0.692526,8129050
3,2021-06-20,6864,10154558,5147,5516062,1418,4300378,299,338118,2603,715183,0.087979,4207,4917347,0.60491,2954,5632530,0.692889,8129050
3,2021-06-21,16230,10170788,10236,5526298,4595,4304973,1399,339517,8089,716740,0.08817,8050,4925397,0.605901,9607,5642137,0.694071,8129050
3,2021-06-22,22085,10192873,15482,5541780,5306,4310279,1297,340814,8265,712759,0.08768,13697,4939094,0.607586,9716,5651853,0.695266,8129050
3,2021-06-23,20260,10213133,14188,5555968,4738,4315017,1334,342148,8029,710144,0.087359,12116,4951210,0.609076,9501,5661354,0.696435,8129050
3,2021-06-24,19962,10233095,13890,5569858,4618,4319635,1454,343602,7791,707502,0.087034,11998,4963208,0.610552,9356,5670710,0.697586,8129050
3,2021-06-25,23277,10256372,16508,5586366,5345,4324980,1424,345026,9094,704101,0.086615,14049,4977257,0.61228,10648,5681358,0.698896,8129050
3,2021-06-26,13875,10270247,10291,5596657,2812,4327792,772,345798,5790,702809,0.086456,8013,4985270,0.613266,6721,5688079,0.699722,8129050
3,2021-06-27,6691,10276938,5171,5601828,1211,4329003,309,346107,2860,702217,0.086384,3794,4989064,0.613733,3202,5691281,0.700116,8129050
3,2021-06-28,15862,10292800,12182,5614010,2601,4331604,1079,347186,6682,701012,0.086235,9068,4998132,0.614848,7863,5699144,0.701084,8129050
3,2021-06-29,17955,10310755,12648,5626658,4311,4335915,996,348182,7349,699005,0.085989,10483,5008615,0.616138,8476,5707620,0.702126,8129050
3,2021-06-30,16963,10327718,11999,5638657,3923,4339838,1041,349223,7298,697963,0.08586,9529,5018144,0.61731,8487,5716107,0.70317,8129050
3,2021-07-01,16181,10343899,11523,5650180,3596,4343434,1062,350285,6800,696648,0.085699,9280,5027424,0.618452,7965,5724072,0.70415,8129050
3,2021-07-02,18373,10362272,13075,5663255,4196,4347630,1102,351387,7829,695245,0.085526,10433,5037857,0.619735,9030,5733102,0.705261,8129050
3,2021-07-03,10010,10372282,7230,5670485,2349,4349979,431,351818,4295,694421,0.085425,5651,5043508,0.62043,4827,5737929,0.705855,8129050
3,2021-07-04,709,10372991,415,5670900,207,4350186,87,351905,273,694367,0.085418,430,5043938,0.620483,376,5738305,0.705901,8129050
3,2021-07-05,9493,10382484,6938,5677838,2132,4352318,423,352328,4295,694015,0.085375,5131,5049069,0.621114,4779,5743084,0.706489,8129050
3,2021-07-06,18944,10401428,13727,5691565,4101,4356419,1116,353444,6859,690171,0.084902,11941,5061010,0.622583,8097,5751181,0.707485,8129050
3,2021-07-07,15585,10417013,11047,5702612,3433,4359852,1105,354549,6292,688484,0.084694,9190,5070200,0.623714,7503,5758684,0.708408,8129050
3,2021-07-08,15244,10432257,11000,5713612,3249,4363101,995,355544,6193,686811,0.084488,8947,5079147,0.624814,7274,5765958,0.709303,8129050
3,2021-07-09,17480,10449737,12186,5725798,4082,4367183,1212,356756,7213,685196,0.08429,10152,5089299,0.626063,8537,5774495,0.710353,8129050
3,2021-07-10,10758,10460495,7913,5733711,2183,4369366,662,357418,4565,684385,0.08419,6126,5095425,0.626817,5315,5779810,0.711007,8129050
3,2021-07-11,5088,10465583,3765,5737476,1047,4370413,276,357694,2293,684227,0.084171,2747,5098172,0.627155,2589,5782399,0.711325,8129050
3,2021-07-12,14292,10479875,10418,5747894,2873,4373286,1001,358695,5701,682486,0.083956,8512,5106684,0.628202,6771,5789170,0.712158,8129050
3,2021-07-13,15028,10494903,10615,5758509,3506,4376792,907,359602,6574,681691,0.083859,8355,5115039,0.62923,7560,5796730,0.713088,8129050
3,2021-07-14,14297,10509200,10133,5768642,3241,4380033,923,360525,6351,681181,0.083796,7849,5122888,0.630195,7339,5804069,0.713991,8129050
3,2021-07-15,14568,10523768,10522,5779164,3212,4383245,834,361359,6670,680952,0.083768,7805,5130693,0.631155,7576,5811645,0.714923,8129050
3,2021-07-16,17601,10541369,12656,5791820,4059,4387304,886,362245,8402,681219,0.083801,9092,5139785,0.632274,9359,5821004,0.716074,8129050
3,2021-07-17,11145,10552514,8161,5799981,2453,4389757,531,362776,5289,681320,0.083813,5787,5145572,0.632986,5888,5826892,0.716799,8129050
3,2021-07-18,5705,10558219,4304,5804285,1150,4390907,251,363027,2799,681531,0.083839,2865,5148437,0.633338,3076,5829968,0.717177,8129050
3,2021-07-19,14792,10573011,10800,5815085,3114,4394021,878,363905,7252,682294,0.083933,7441,5155878,0.634253,8204,5838172,0.718186,8129050
3,2021-07-20,16367,10589378,11383,5826468,4083,4398104,901,364806,8411,683844,0.084123,7844,5163722,0.635218,9394,5847566,0.719342,8129050
3,2021-07-21,15846,10605224,11211,5837679,3770,4401874,865,365671,7967,685001,0.084266,7752,5171474,0.636172,8909,5856475,0.720438,8129050
3,2021-07-22,16184,10621408,11439,5849118,3792,4405666,953,366624,8398,686748,0.084481,7667,5179141,0.637115,9414,5865889,0.721596,8129050
3,2021-07-23,19065,10640473,13581,5862699,4479,4410145,1005,367629,10233,689378,0.084804,8690,5187831,0.638184,11320,5877209,0.722988,8129050
3,2021-07-24,11477,10651950,8264,5870963,2637,4412782,576,368205,6334,691258,0.085036,5066,5192897,0.638807,6946,5884155,0.723843,8129050
3,2021-07-25,5556,10657506,4166,5875129,1182,4413964,208,368413,4018,694042,0.085378,1493,5194390,0.638991,4277,5888432,0.724369,8129050
3,2021-07-26,15302,10672808,10645,5885774,3704,4417668,953,369366,9238,698343,0.085907,5956,5200346,0.639724,10257,5898689,0.725631,8129050
3,2021-07-27,17279,10690087,12231,5898005,4084,4421752,964,370330,9910,702051,0.086363,7241,5207587,0.640614,10949,5909638,0.726978,8129050
3,2021-07-28,16891,10706978,12118,5910123,3747,4425499,1026,371356,9766,705906,0.086837,6986,5214573,0.641474,10841,5920479,0.728311,8129050
3,2021-07-29,16598,10723576,11953,5922076,3638,4429137,1007,372363,9769,710100,0.087353,6653,5221226,0.642292,10847,5931326,0.729646,8129050
3,2021-07-30,19335,10742911,13669,5935745,4605,4433742,1061,373424,11234,714589,0.087906,7898,5229124,0.643264,12387,5943713,0.731169,8129050
3,2021-07-31,11945,10754856,8667,5944412,2660,4436402,618,374042,6961,717383,0.088249,4853,5233977,0.643861,7647,5951360,0.73211,8129050
3,2021-08-01,6413,10761269,4881,5949293,1275,4437677,257,374299,4158,719634,0.088526,2198,5236175,0.644131,4449,5955809,0.732657,8129050
3,2021-08-02,16413,10777682,11971,5961264,3557,4441234,885,375184,10235,724761,0.089157,6058,5242233,0.644876,11185,5966994,0.734033,8129050
3,2021-08-03,18025,10795707,12991,5974255,3964,4445198,1070,376254,10756,729547,0.089746,7095,5249328,0.645749,11881,5978875,0.735495,8129050
3,2021-08-04,17208,10812915,12374,5986629,3855,4449053,979,377233,10284,734091,0.090305,6772,5256100,0.646582,11316,5990191,0.736887,8129050
3,2021-08-05,17230,10830145,12457,5999086,3692,4452745,1081,378314,10406,738982,0.090906,6666,5262766,0.647402,11557,6001748,0.738309,8129050
3,2021-08-06,10290,10840435,7378,6006464,1927,4454672,985,379299,5777,741393,0.091203,4428,5267194,0.647947,6839,6008587,0.73915,8129050
4,2020-12-15,455,455,455,455,0,0,0,0,455,455,5.7e-05,0,0,0.0,455,455,5.7e-05,8037679
4,2020-12-16,3061,3516,3061,3516,0,0,0,0,3061,3516,0.000437,0,0,0.0,3061,3516,0.000437,8037679
4,2020-12-17,8985,12501,8985,12501,0,0,0,0,8985,12501,0.001555,0,0,0.0,8985,12501,0.001555,8037679
4,2020-12-18,16234,28735,16222,28723,12,12,0,0,16234,28735,0.003575,0,0,0.0,16234,28735,0.003575,8037679
4,2020-12-19,10401,39136,10392,39115,9,21,0,0,10337,39072,0.004861,0,0,0.0,10337,39072,0.004861,8037679
4,2020-12-20,7441,46577,7433,46548,8,29,0,0,7396,46468,0.005781,0,0,0.0,7396,46468,0.005781,8037679
4,2020-12-21,16435,63012,16407,62955,28,57,0,0,16367,62834,0.007817,1,1,0.0,16367,62835,0.007818,8037679
4,2020-12-22,17223,80235,16472,79427,751,808,0,0,17178,80008,0.009954,4,5,1e-06,17178,80013,0.009955,8037679
4,2020-12-23,17158,97393,14420,93847,2738,3546,0,0,17137,97142,0.012086,3,8,1e-06,17137,97150,0.012087,8037679
4,2020-12-24,8574,105967,5975,99822,2599,6145,0,0,8573,105715,0.013152,0,8,1e-06,8573,105723,0.013153,8037679
4,2020-12-25,906,106873,801,100623,105,6250,0,0,906,106621,0.013265,0,8,1e-06,906,106629,0.013266,8037679
4,2020-12-26,6182,113055,3898,104521,2284,8534,0,0,6182,112803,0.014034,0,8,1e-06,6182,112811,0.014035,8037679
4,2020-12-27,3429,116484,1993,106514,1436,9970,0,0,3429,116232,0.014461,0,8,1e-06,3429,116240,0.014462,8037679
4,2020-12-28,15190,131674,9387,115901,5803,15773,0,0,15162,131391,0.016347,3,11,1e-06,15162,131402,0.016348,8037679
4,2020-12-29,15445,147119,8547,124448,6898,22671,0,0,15412,146802,0.018264,1,12,1e-06,15412,146814,0.018266,8037679
4,2020-12-30,19031,166150,11105,135553,7926,30597,0,0,19020,165820,0.02063,2,14,2e-06,19020,165834,0.020632,8037679
4,2020-12-31,8327,174477,3371,138924,4956,35553,0,0,8314,174125,0.021664,9,23,3e-06,8314,174148,0.021666,8037679
4,2021-01-01,1683,176160,763,139687,920,36473,0,0,1679,175801,0.021872,3,26,3e-06,1679,175827,0.021875,8037679
4,2021-01-02,5745,181905,3244,142931,2501,38974,0,0,5743,181543,0.022586,1,27,3e-06,5743,181570,0.02259,8037679
4,2021-01-03,2152,184057,1272,144203,880,39854,0,0,2138,183678,0.022852,3,30,4e-06,2138,183708,0.022856,8037679
4,2021-01-04,13021,197078,7048,151251,5973,45827,0,0,12973,196623,0.024463,28,58,7e-06,12973,196681,0.02447,8037679
4,2021-01-05,17008,214086,10077,161328,6931,52758,0,0,14788,209234,0.026032,2191,2249,0.00028,14802,211483,0.026311,8037679
4,2021-01-06,21727,235813,13320,174648,8407,61165,0,0,15592,218755,0.027216,6086,8335,0.001037,15607,227090,0.028253,8037679
4,2021-01-07,28074,263887,17119,191767,10955,72120,0,0,16751,224266,0.027902,11262,19597,0.002438,16773,243863,0.03034,8037679
4,2021-01-08,33040,296927,21205,212972,11835,83955,0,0,18408,228129,0.028382,14566,34163,0.00425,18429,262292,0.032633,8037679
4,2021-01-09,16359,313286,9681,222653,6678,90633,0,0,9498,230790,0.028714,6850,41013,0.005103,9511,271803,0.033816,8037679
4,2021-01-10,8815,322101,5690,228343,3125,93758,0,0,4187,230368,0.028661,4617,45630,0.005677,4195,275998,0.034338,8037679
4,2021-01-11,33673,355774,22111,250454,11562,105320,0,0,18965,234701,0.0292,14680,60310,0.007503,19013,295011,0.036704,8037679
4,2021-01-12,38727,394501,22339,272793,16388,121708,0,0,24373,244817,0.030459,14299,74609,0.009282,24415,319426,0.039741,8037679
4,2021-01-13,39060,433561,19348,292141,19712,141420,0,0,27640,261106,0.032485,11378,85987,0.010698,27667,347093,0.043183,8037679
4,2021-01-14,39614,473175,15254,307395,24360,165780,0,0,32368,286294,0.035619,7209,93196,0.011595,32397,379490,0.047214,8037679
4,2021-01-15,45641,518816,15950,323345,29691,195471,0,0,40011,320792,0.039911,5562,98758,0.012287,40060,419550,0.052198,8037679
4,2021-01-16,28879,547695,9419,332764,19460,214931,0,0,25747,343457,0.042731,3100,101858,0.012673,25765,445315,0.055403,8037679
4,2021-01-17,19193,566888,6758,339522,12435,227366,0,0,17564,359520,0.044729,1607,103465,0.012872,17670,462985,0.057602,8037679
4,2021-01-18,29584,596472,13696,353218,15888,243254,0,0,23579,377190,0.046928,5937,109402,0.013611,23607,486592,0.060539,8037679
4,2021-01-19,46332,642804,23155,376373,23177,266431,0,0,36766,404654,0.050345,9518,118920,0.014795,36982,523574,0.06514,8037679
4,2021-01-20,52870,695674,28298,404671,24572,291003,0,0,42233,436438,0.054299,10539,129459,0.016107,42323,565897,0.070406,8037679
4,2021-01-21,58109,753783,26173,430844,31936,322939,0,0,51281,481040,0.059848,6744,136203,0.016946,51346,617243,0.076794,8037679
4,2021-01-22,55660,809443,22365,453209,33295,356234,0,0,50454,526389,0.06549,5137,141340,0.017585,50486,667729,0.083075,8037679
4,2021-01-23,39819,849262,17470,470679,22349,378583,0,0,35453,557515,0.069363,4357,145697,0.018127,35483,703212,0.087489,8037679
4,2021-01-24,24086,873348,10525,481204,13561,392144,0,0,22175,577809,0.071888,1902,147599,0.018363,22196,725408,0.090251,8037679
4,2021-01-25,48262,921610,22332,503536,25930,418074,0,0,37038,603714,0.07511,11192,158791,0.019756,37097,762505,0.094866,8037679
4,2021-01-26,57263,978873,29217,532753,28046,446120,0,0,44860,636310,0.079166,12366,171157,0.021294,44962,807467,0.10046,8037679
4,2021-01-27,56579,1035452,26926,559679,29653,475773,0,0,45398,670698,0.083444,11100,182257,0.022675,45488,852955,0.10612,8037679
4,2021-01-28,57061,1092513,25787,585466,31274,507047,0,0,46931,707666,0.088044,10030,192287,0.023923,46998,899953,0.111967,8037679
4,2021-01-29,56975,1149488,27323,612789,29652,536699,0,0,46418,743774,0.092536,10354,202641,0.025211,46462,946415,0.117747,8037679
4,2021-01-30,38282,1187770,17303,630092,20979,557678,0,0,32875,771330,0.095964,5349,207990,0.025877,32905,979320,0.121841,8037679
4,2021-01-31,24120,1211890,12719,642811,11401,569079,0,0,22401,792050,0.098542,1698,209688,0.026088,22418,1001738,0.12463,8037679
4,2021-02-01,49979,1261869,24082,666893,25897,594976,0,0,38224,818624,0.101848,11697,221385,0.027543,38271,1040009,0.129392,8037679
4,2021-02-02,55884,1317753,25689,692582,30195,625171,0,0,42868,848609,0.105579,12930,234315,0.029152,42915,1082924,0.134731,8037679
4,2021-02-03,62539,1380292,30707,723289,31832,657003,0,0,47924,882124,0.109749,14464,248779,0.030952,47979,1130903,0.1407,8037679
4,2021-02-04,67915,1448207,31502,754791,36413,693416,0,0,50971,916433,0.114017,16769,265548,0.033038,51078,1181981,0.147055,8037679
4,2021-02-05,73732,1521939,34165,788956,39567,732983,0,0,51162,945444,0.117626,22287,287835,0.035811,51298,1233279,0.153437,8037679
4,2021-02-06,49006,1570945,26362,815318,22644,755627,0,0,37326,971365,0.120851,11610,299445,0.037255,37531,1270810,0.158107,8037679
4,2021-02-07,26642,1597587,17610,832928,9032,764659,0,0,20106,985208,0.122574,6502,305947,0.038064,20345,1291155,0.160638,8037679
4,2021-02-08,59077,1656664,30414,863342,28663,793322,0,0,38337,1003213,0.124814,20599,326546,0.040627,38604,1329759,0.165441,8037679
4,2021-02-09,67723,1724387,34306,897648,33417,826739,0,0,39616,1015364,0.126326,27912,354458,0.0441,40063,1369822,0.170425,8037679
4,2021-02-10,77941,1802328,39017,936665,38924,865663,0,0,40915,1020053,0.126909,36771,391229,0.048674,41460,1411282,0.175583,8037679
4,2021-02-11,82195,1884523,42923,979588,39272,904935,0,0,41762,1022341,0.127194,40154,431383,0.05367,42442,1453724,0.180864,8037679
4,2021-02-12,85168,1969691,38199,1017787,46969,951904,0,0,43715,1025679,0.127609,41167,472550,0.058792,44505,1498229,0.186401,8037679
4,2021-02-13,59305,2028996,30046,1047833,29259,981163,0,0,30159,1027743,0.127866,28998,501548,0.0624,31062,1529291,0.190265,8037679
4,2021-02-14,37134,2066130,19313,1067146,17821,998984,0,0,18988,1029304,0.12806,18086,519634,0.06465,19647,1548938,0.19271,8037679
4,2021-02-15,46620,2112750,21889,1089035,24731,1023715,0,0,23843,1031645,0.128351,22687,542321,0.067472,25028,1573966,0.195823,8037679
4,2021-02-16,80948,2193698,37160,1126195,43788,1067503,0,0,41078,1034222,0.128672,39722,582043,0.072414,42299,1616265,0.201086,8037679
4,2021-02-17,82275,2275973,38909,1165104,43366,1110869,0,0,39050,1031393,0.12832,43007,625050,0.077765,40178,1656443,0.206085,8037679
4,2021-02-18,84195,2360168,46376,1211480,37819,1148688,0,0,38844,1026571,0.12772,45146,670196,0.083382,40324,1696767,0.211102,8037679
4,2021-02-19,83540,2443708,52664,1264144,30876,1179564,0,0,41655,1027222,0.127801,41698,711894,0.08857,42349,1739116,0.21637,8037679
4,2021-02-20,50021,2493729,33319,1297463,16702,1196266,0,0,27040,1032067,0.128404,22891,734785,0.091418,27736,1766852,0.219821,8037679
4,2021-02-21,30388,2524117,24129,1321592,6259,1202525,0,0,14656,1031366,0.128316,15643,750428,0.093364,14942,1781794,0.22168,8037679
4,2021-02-22,55739,2579856,38303,1359895,17436,1219961,0,0,26807,1029862,0.128129,28762,779190,0.096942,27258,1809052,0.225071,8037679
4,2021-02-23,77324,2657180,42895,1402790,34429,1254390,0,0,33883,1022198,0.127176,43224,822414,0.10232,35560,1844612,0.229496,8037679
4,2021-02-24,92569,2749749,48954,1451744,43615,1298005,0,0,41624,1015321,0.12632,50660,873074,0.108623,43783,1888395,0.234943,8037679
4,2021-02-25,104087,2853836,54454,1506198,49633,1347638,0,0,49585,1013205,0.126057,54261,927335,0.115373,52145,1940540,0.24143,8037679
4,2021-02-26,110220,2964056,55709,1561907,54511,1402149,0,0,56221,1018101,0.126666,53686,981021,0.122053,58582,1999122,0.248719,8037679
4,2021-02-27,80322,3044378,43734,1605641,36578,1438727,10,10,42779,1025064,0.127532,37314,1018335,0.126695,44277,2043399,0.254227,8037679
4,2021-02-28,49634,3094012,30662,1636303,18965,1457692,7,17,27313,1031156,0.12829,22115,1040450,0.129447,28207,2071606,0.257737,8037679
4,2021-03-01,81030,3175042,47472,1683775,33507,1491199,51,68,44581,1040884,0.129501,36099,1076549,0.133938,45827,2117433,0.263438,8037679
4,2021-03-02,89775,3264817,51499,1735274,38267,1529466,9,77,52529,1058167,0.131651,37043,1113592,0.138546,54326,2171759,0.270197,8037679
4,2021-03-03,103807,3368624,55185,1790459,48606,1578072,16,93,57801,1071987,0.13337,45770,1159362,0.144241,59590,2231349,0.277611,8037679
4,2021-03-04,102163,3470787,56884,1847343,45262,1623334,17,110,55618,1083105,0.134753,46291,1205653,0.15,57409,2288758,0.284754,8037679
4,2021-03-05,98212,3568999,53051,1900394,44837,1668171,324,434,57478,1102345,0.137147,40502,1246155,0.155039,59742,2348500,0.292186,8037679
4,2021-03-06,77433,3646432,43634,1944028,31153,1699324,2646,3080,47356,1123731,0.139808,29933,1276088,0.158763,51319,2399819,0.298571,8037679
4,2021-03-07,44982,3691414,27611,1971639,15168,1714492,2203,5283,26173,1134452,0.141142,18720,1294808,0.161092,29441,2429260,0.302234,8037679
4,2021-03-08,68382,3759796,35731,2007370,29266,1743758,3385,8668,44834,1160555,0.144389,23407,1318215,0.164004,49510,2478770,0.308394,8037679
4,2021-03-09,82426,3842222,41607,2048977,35524,1779282,5295,13963,44373,1173405,0.145988,37857,1356072,0.168714,50707,2529477,0.314702,8037679
4,2021-03-10,92447,3934669,47721,2096698,37172,1816454,7554,21517,46448,1182484,0.147118,45782,1401854,0.17441,54861,2584338,0.321528,8037679
4,2021-03-11,101474,4036143,53180,2149878,39771,1856225,8523,30040,46739,1184291,0.147342,54457,1456311,0.181186,56264,2640602,0.328528,8037679
4,2021-03-12,105292,4141435,51873,2201751,43086,1899311,10333,40373,44969,1180382,0.146856,60019,1516330,0.188653,56110,2696712,0.335509,8037679
4,2021-03-13,82028,4223463,37979,2239730,35513,1934824,8536,48909,38742,1185544,0.147498,43133,1559463,0.194019,48295,2745007,0.341517,8037679
4,2021-03-14,50091,4273554,28525,2268255,17919,1952743,3647,52556,23381,1186537,0.147622,26605,1586068,0.197329,27598,2772605,0.344951,8037679
4,2021-03-15,84112,4357666,45248,2313503,34586,1987329,4278,56834,42610,1193003,0.148426,41219,1627287,0.202457,47685,2820290,0.350884,8037679
4,2021-03-16,108436,4466102,56399,2369902,48607,2035936,3430,60264,56876,1202684,0.149631,51285,1678572,0.208838,60966,2881256,0.358469,8037679
4,2021-03-17,107879,4573981,58100,2428002,46269,2082205,3510,63774,62872,1224856,0.152389,44714,1723286,0.214401,66886,2948142,0.36679,8037679
4,2021-03-18,107791,4681772,59813,2487815,44264,2126469,3714,67488,60784,1243042,0.154652,46712,1769998,0.220213,64898,3013040,0.374864,8037679
4,2021-03-19,112269,4794041,64577,2552392,42460,2168929,5232,72720,63542,1263731,0.157226,48428,1818426,0.226238,69117,3082157,0.383464,8037679
4,2021-03-20,84758,4878799,49633,2602025,32094,2201023,3031,75751,51644,1285757,0.159966,32932,1851358,0.230335,54958,3137115,0.390301,8037679
4,2021-03-21,48485,4927284,35135,2637160,11090,2212113,2260,78011,28224,1296468,0.161299,20115,1871473,0.232837,30826,3167941,0.394136,8037679
4,2021-03-22,83075,5010359,54278,2691438,26050,2238163,2747,80758,51189,1319483,0.164162,31608,1903081,0.23677,54623,3222564,0.400932,8037679
4,2021-03-23,105689,5116048,63297,2754735,40241,2278404,2151,82909,61951,1340669,0.166798,43445,1946526,0.242175,64631,3287195,0.408973,8037679
4,2021-03-24,114416,5230464,73791,2828526,38191,2316595,2434,85343,63615,1356806,0.168806,50344,1996870,0.248439,66481,3353676,0.417244,8037679
4,2021-03-25,117984,5348448,72569,2901095,43002,2359597,2413,87756,66188,1374580,0.171017,51291,2048161,0.25482,69065,3422741,0.425837,8037679
4,2021-03-26,120774,5469222,73202,2974297,44525,2404122,3047,90803,65139,1388101,0.172699,55238,2103399,0.261692,68759,3491500,0.434392,8037679
4,2021-03-27,92686,5561908,54603,3028900,36280,2440402,1803,92606,46710,1391377,0.173107,45707,2149106,0.267379,48983,3540483,0.440486,8037679
4,2021-03-28,56176,5618084,37108,3066008,18190,2458592,878,93484,29592,1395816,0.173659,26395,2175501,0.270663,30834,3571317,0.444322,8037679
4,2021-03-29,94470,5712554,56613,3122621,35762,2494354,2095,95579,50563,1405394,0.174851,43614,2219115,0.276089,53192,3624509,0.45094,8037679
4,2021-03-30,118010,5830564,64406,3187027,49430,2543784,4174,99753,69531,1431273,0.17807,48210,2267325,0.282087,74089,3698598,0.460157,8037679
4,2021-03-31,121809,5952373,71876,3258903,43603,2587387,6330,106083,67910,1452172,0.180671,53512,2320837,0.288745,74411,3773009,0.469415,8037679
4,2021-04-01,143287,6095660,81690,3340593,48265,2635652,13332,119415,83920,1490511,0.18544,58834,2379671,0.296064,97173,3870182,0.481505,8037679
4,2021-04-02,137393,6233053,73388,3413981,50362,2686014,13643,133058,78909,1525036,0.189736,58159,2437830,0.3033,92684,3962866,0.493036,8037679
4,2021-04-03,101600,6334653,54276,3468257,33821,2719835,13503,146561,52820,1542886,0.191957,48555,2486385,0.309341,66405,4029271,0.501298,8037679
4,2021-04-04,47022,6381675,24818,3493075,14657,2734492,7547,154108,20427,1544304,0.192133,26476,2512861,0.312635,27894,4057165,0.504768,8037679
4,2021-04-05,110142,6491817,61819,3554894,35430,2769922,12893,167001,57036,1561822,0.194313,52863,2565724,0.319212,70381,4127546,0.513525,8037679
4,2021-04-06,139494,6631311,78474,3633368,41148,2811070,19872,186873,72233,1587364,0.19749,66998,2632722,0.327548,92540,4220086,0.525038,8037679
4,2021-04-07,138181,6769492,78293,3711661,39085,2850155,20803,207676,71373,1613176,0.200702,66526,2699248,0.335824,92338,4312424,0.536526,8037679
4,2021-04-08,140717,6910209,78384,3790045,36755,2886910,25578,233254,69952,1638682,0.203875,70438,2769686,0.344588,95944,4408368,0.548463,8037679
4,2021-04-09,138377,7048586,75832,3865877,39385,2926295,23160,256414,65971,1656555,0.206099,72130,2841816,0.353562,90003,4498371,0.55966,8037679
4,2021-04-10,104197,7152783,51384,3917261,33859,2960154,18954,275368,46970,1666419,0.207326,56996,2898812,0.360653,66860,4565231,0.567979,8037679
4,2021-04-11,62888,7215671,38176,3955437,13499,2973653,11213,286581,27455,1670769,0.207867,35307,2934119,0.365046,39657,4604888,0.572913,8037679
4,2021-04-12,103292,7318963,62782,4018219,30266,3003919,10244,296825,52002,1683233,0.209418,50965,2985084,0.371386,63429,4668317,0.580804,8037679
4,2021-04-13,131023,7449986,82244,4100463,48609,3052528,170,296995,78320,1710201,0.212773,52386,3037470,0.377904,79354,4747671,0.590677,8037679
4,2021-04-14,136506,7586492,87115,4187578,49313,3101841,78,297073,75529,1726409,0.214789,60630,3098100,0.385447,76838,4824509,0.600237,8037679
4,2021-04-15,156595,7743087,104122,4291700,52402,3154243,71,297144,95793,1762658,0.219299,60388,3158488,0.39296,96637,4921146,0.61226,8037679
4,2021-04-16,144035,7887122,91289,4382989,52667,3206910,79,297223,83483,1786740,0.222296,60202,3218690,0.40045,84284,5005430,0.622746,8037679
4,2021-04-17,101745,7988867,63868,4446857,37852,3244762,25,297248,59495,1805460,0.224625,41950,3260640,0.405669,60670,5066100,0.630294,8037679
4,2021-04-18,57082,8045949,38591,4485448,18488,3263250,3,297251,32054,1813604,0.225638,24875,3285515,0.408764,33019,5099119,0.634402,8037679
4,2021-04-19,101536,8147485,66888,4552336,34630,3297880,18,297269,51453,1815855,0.225918,49822,3335337,0.414963,52073,5151192,0.640881,8037679
4,2021-04-20,131799,8279284,78458,4630794,53325,3351205,16,297285,68267,1822030,0.226686,63183,3398520,0.422824,69358,5220550,0.64951,8037679
4,2021-04-21,135007,8414291,88126,4718920,46824,3398029,57,297342,67910,1824452,0.226987,66660,3465180,0.431117,69082,5289632,0.658104,8037679
4,2021-04-22,142078,8556369,94287,4813207,47767,3445796,24,297366,63377,1810715,0.225278,78276,3543456,0.440856,64539,5354171,0.666134,8037679
4,2021-04-23,135525,8691894,88176,4901383,47325,3493121,24,297390,58752,1794297,0.223236,76387,3619843,0.450359,59969,5414140,0.673595,8037679
4,2021-04-24,99185,8791079,66962,4968345,32173,3525294,50,297440,45641,1787844,0.222433,53223,3673066,0.456981,46770,5460910,0.679414,8037679
4,2021-04-25,50533,8841612,35631,5003976,14876,3540170,26,297466,26378,1790705,0.222789,23998,3697064,0.459967,26859,5487769,0.682755,8037679
4,2021-04-26,92391,8934003,60629,5064605,31363,3571533,399,297865,36323,1773022,0.220589,55746,3752810,0.466902,38063,5525832,0.687491,8037679
4,2021-04-27,114240,9048243,69852,5134457,42069,3613602,2319,300184,41106,1744454,0.217035,72793,3825603,0.475959,44225,5570057,0.692993,8037679
4,2021-04-28,104736,9152979,68442,5202899,33754,3647356,2540,302724,38287,1719854,0.213974,66086,3891689,0.484181,41486,5611543,0.698155,8037679
4,2021-04-29,106113,9259092,67798,5270697,35781,3683137,2534,305258,34263,1685773,0.209734,71484,3963173,0.493074,37403,5648946,0.702808,8037679
4,2021-04-30,105838,9364930,67081,5337778,36048,3719185,2709,307967,36370,1656459,0.206087,69057,4032230,0.501666,39743,5688689,0.707753,8037679
4,2021-05-01,69754,9434684,46325,5384103,21647,3740832,1782,309749,20302,1630030,0.202799,49153,4081383,0.507781,22724,5711413,0.71058,8037679
4,2021-05-02,37803,9472487,26844,5410947,9665,3750497,1294,311043,10605,1615003,0.200929,27071,4108454,0.511149,12044,5723457,0.712078,8037679
4,2021-05-03,79489,9551976,55475,5466422,21520,3772017,2494,313537,19305,1577264,0.196234,59911,4168365,0.518603,22172,5745629,0.714837,8037679
4,2021-05-04,101727,9653703,69660,5536082,29293,3801310,2774,316311,22747,1524517,0.189671,78665,4247030,0.52839,25918,5771547,0.718061,8037679
4,2021-05-05,102531,9756234,72300,5608382,27486,3828796,2745,319056,21853,1469100,0.182777,80324,4327354,0.538384,24907,5796454,0.72116,8037679
4,2021-05-06,112340,9868574,84189,5692571,25201,3853997,2950,322006,19695,1400721,0.174269,92147,4419501,0.549848,23768,5820222,0.724117,8037679
4,2021-05-07,105207,9973781,75616,5768187,26903,3880900,2688,324694,20731,1340482,0.166775,84076,4503577,0.560308,23837,5844059,0.727083,8037679
4,2021-05-08,70116,10043897,48359,5816546,19822,3900722,1935,326629,13868,1300651,0.161819,55993,4559570,0.567274,16162,5860221,0.729094,8037679
4,2021-05-09,34434,10078331,28177,5844723,5309,3906031,948,327577,7485,1282340,0.159541,26835,4586405,0.570613,8524,5868745,0.730154,8037679
4,2021-05-10,65331,10143662,43743,5888466,19259,3925290,2329,329906,11048,1241979,0.15452,54050,4640455,0.577338,13689,5882434,0.731857,8037679
4,2021-05-11,83505,10227167,52259,5940725,29049,3954339,2197,332103,15865,1193208,0.148452,67375,4707830,0.58572,18604,5901038,0.734172,8037679
4,2021-05-12,79964,10307131,53160,5993885,24330,3978669,2474,334577,16627,1149741,0.143044,63025,4770855,0.593561,19558,5920596,0.736605,8037679
4,2021-05-13,104924,10412055,77232,6071117,26155,4004824,1537,336114,40632,1129024,0.140466,63949,4834804,0.601517,43232,5963828,0.741984,8037679
4,2021-05-14,105306,10517361,74364,6145481,28809,4033633,2133,338247,40539,1107806,0.137827,64431,4899235,0.609534,43213,6007041,0.74736,8037679
4,2021-05-15,85883,10603244,66402,6211883,18150,4051783,1331,339578,37878,1099567,0.136802,47754,4946989,0.615475,39515,6046556,0.752276,8037679
4,2021-05-16,51706,10654950,41657,6253540,9334,4061117,715,340293,21160,1091197,0.13576,30387,4977376,0.619255,22017,6068573,0.755016,8037679
4,2021-05-17,71356,10726306,52105,6305645,17407,4078524,1844,342137,28191,1078522,0.134183,42948,5020324,0.624599,30273,6098846,0.758782,8037679
4,2021-05-18,81922,10808228,53258,6358903,26909,4105433,1755,343892,29240,1057573,0.131577,52311,5072635,0.631107,31362,6130208,0.762684,8037679
4,2021-05-19,76948,10885176,52020,6410923,22983,4128416,1945,345837,30893,1044958,0.130007,45743,5118378,0.636798,33128,6163336,0.766805,8037679
4,2021-05-20,69253,10954429,44531,6455454,22716,4151132,2006,347843,25662,1029681,0.128107,43293,5161671,0.642184,28016,6191352,0.770291,8037679
4,2021-05-21,73803,11028232,48659,6504113,23277,4174409,1867,349710,26019,1010364,0.125703,47472,5209143,0.64809,28155,6219507,0.773794,8037679
4,2021-05-22,49911,11078143,34986,6539099,13650,4188059,1275,350985,21662,1005458,0.125093,28078,5237221,0.651584,23172,6242679,0.776677,8037679
4,2021-05-23,23992,11102135,17118,6556217,6150,4194209,724,351709,9742,1001909,0.124652,14125,5251346,0.653341,10576,6253255,0.777993,8037679
4,2021-05-24,43074,11145209,27393,6583610,12678,4206887,3003,354712,15055,992375,0.123465,27791,5279137,0.656799,18257,6271512,0.780264,8037679
4,2021-05-25,44907,11190116,27894,6611504,14187,4221074,2826,357538,15862,982498,0.122237,28793,5307930,0.660381,18916,6290428,0.782617,8037679
4,2021-05-26,44616,11234732,26728,6638232,15285,4236359,2603,360141,15827,972540,0.120998,28562,5336492,0.663934,18604,6309032,0.784932,8037679
4,2021-05-27,38925,11273657,23335,6661567,12453,4248812,3137,363278,14644,966417,0.120236,24073,5360565,0.666929,17950,6326982,0.787165,8037679
4,2021-05-28,43299,11316956,27566,6689133,14129,4262941,1604,364882,18851,962924,0.119801,24174,5384739,0.669937,20681,6347663,0.789738,8037679
4,2021-05-29,23708,11340664,15378,6704511,7397,4270338,933,365815,10885,962202,0.119711,12673,5397412,0.671514,11951,6359614,0.791225,8037679
4,2021-05-30,12106,11352770,8508,6713019,3070,4273408,528,366343,5026,960816,0.119539,7011,5404423,0.672386,5625,6365239,0.791925,8037679
4,2021-05-31,3589,11356359,2283,6715302,1144,4274552,162,366505,1143,959748,0.119406,2392,5406815,0.672684,1324,6366563,0.79209,8037679
4,2021-06-01,39468,11395827,24527,6739829,12501,4287053,2440,368945,13019,949199,0.118094,26224,5433039,0.675946,15675,6382238,0.79404,8037679
4,2021-06-02,32639,11428466,20386,6760215,9455,4296508,2798,371743,10882,941463,0.117131,21567,5454606,0.678629,13831,6396069,0.795761,8037679
4,2021-06-03,48068,11476534,36871,6797086,8743,4305251,2454,374197,10336,917005,0.114088,37558,5492164,0.683302,13100,6409169,0.797391,8037679
4,2021-06-04,54816,11531350,44127,6841213,9362,4314613,1327,375524,12706,889980,0.110726,41870,5534034,0.688511,14845,6424014,0.799237,8037679
4,2021-06-05,44814,11576164,38371,6879584,5448,4320061,995,376519,8719,864054,0.1075,35937,5569971,0.692983,10011,6434025,0.800483,8037679
4,2021-06-06,21239,11597403,18948,6898532,1727,4321788,564,377083,3934,851750,0.10597,17199,5587170,0.695122,4895,6438920,0.801092,8037679
4,2021-06-07,38724,11636127,31339,6929871,5465,4327253,1920,379003,8409,832193,0.103536,30174,5617344,0.698876,10617,6449537,0.802413,8037679
4,2021-06-08,40604,11676731,31848,6961719,6211,4333464,2545,381548,9417,813506,0.101212,30992,5648336,0.702732,12305,6461842,0.803944,8037679
4,2021-06-09,38951,11715682,30880,6992599,5710,4339174,2361,383909,7921,793284,0.098696,30858,5679194,0.706571,10636,6472478,0.805267,8037679
4,2021-06-10,37143,11752825,29259,7021858,5258,4344432,2626,386535,8396,775986,0.096544,28585,5707779,0.710128,11287,6483765,0.806671,8037679
4,2021-06-11,38290,11791115,30043,7051901,6234,4350666,2013,388548,9866,759952,0.094549,28265,5736044,0.713644,12231,6495996,0.808193,8037679
4,2021-06-12,26557,11817672,22091,7073992,3752,4354418,714,389262,6028,746494,0.092874,20422,5756466,0.716185,6964,6502960,0.809059,8037679
4,2021-06-13,10841,11828513,8566,7082558,1799,4356217,476,389738,2279,740861,0.092173,8495,5764961,0.717242,2862,6505822,0.809416,8037679
4,2021-06-14,28587,11857100,21385,7103943,4394,4360611,2808,392546,7800,731040,0.090952,20648,5785609,0.719811,10827,6516649,0.810763,8037679
4,2021-06-15,29953,11887053,21170,7125113,5378,4365989,3405,395951,8280,721476,0.089762,21505,5807114,0.722486,11941,6528590,0.812248,8037679
4,2021-06-16,26584,11913637,20035,7145148,3924,4369913,2625,398576,8006,713915,0.088821,18397,5825511,0.724775,10836,6539426,0.813596,8037679
4,2021-06-17,25145,11938782,18564,7163712,3685,4373598,2896,401472,7609,707261,0.087993,17348,5842859,0.726934,10694,6550120,0.814927,8037679
4,2021-06-18,26769,11965551,21115,7184827,4421,4378019,1233,402705,8258,698697,0.086928,18306,5861165,0.729211,9742,6559862,0.816139,8037679
4,2021-06-19,15743,11981294,12737,7197564,2305,4380324,701,403406,5053,694082,0.086354,10542,5871707,0.730523,5927,6565789,0.816876,8037679
4,2021-06-20,7364,11988658,6066,7203630,992,4381316,306,403712,2619,692404,0.086145,4687,5876394,0.731106,3009,6568798,0.817251,8037679
4,2021-06-21,14586,12003244,10546,7214176,2902,4384218,1138,404850,7340,693887,0.086329,7158,5883552,0.731996,8641,6577439,0.818326,8037679
4,2021-06-22,20503,12023747,15975,7230151,3454,4387672,1074,405924,7114,688965,0.085717,13264,5896816,0.733647,8342,6585781,0.819364,8037679
4,2021-06-23,18400,12042147,14440,7244591,2969,4390641,991,406915,6708,685235,0.085253,11551,5908367,0.735084,7821,6593602,0.820337,8037679
4,2021-06-24,17581,12059728,13593,7258184,3000,4393641,988,407903,6555,682049,0.084856,10870,5919237,0.736436,7684,6601286,0.821293,8037679
4,2021-06-25,21552,12081280,16935,7275119,3569,4397210,1048,408951,7805,677463,0.084286,13607,5932844,0.738129,9021,6610307,0.822415,8037679
4,2021-06-26,13029,12094309,10599,7285718,1813,4399023,617,409568,4793,674851,0.083961,8132,5940976,0.739141,5520,6615827,0.823102,8037679
4,2021-06-27,6842,12101151,5541,7291259,958,4399981,343,409911,2879,674206,0.083881,3922,5944898,0.739629,3277,6619104,0.823509,8037679
4,2021-06-28,15052,12116203,12635,7303894,1562,4401543,855,410766,6037,672294,0.083643,8930,5953828,0.74074,7018,6626122,0.824383,8037679
4,2021-06-29,16458,12132661,12770,7316664,2881,4404424,807,411573,6354,669586,0.083306,9993,5963821,0.741983,7285,6633407,0.825289,8037679
4,2021-06-30,14535,12147196,11328,7327992,2470,4406894,737,412310,6030,668076,0.083118,8395,5972216,0.743027,6885,6640292,0.826145,8037679
4,2021-07-01,14438,12161634,11390,7339382,2305,4409199,743,413053,5913,666461,0.082917,8411,5980627,0.744074,6796,6647088,0.826991,8037679
4,2021-07-02,16756,12178390,13304,7352686,2691,4411890,761,413814,6851,664395,0.08266,9806,5990433,0.745294,7740,6654828,0.827954,8037679
4,2021-07-03,9153,12187543,7265,7359951,1479,4413369,409,414223,3966,663713,0.082575,5115,5995548,0.74593,4433,6659261,0.828505,8037679
4,2021-07-04,435,12187978,268,7360219,107,4413476,60,414283,191,663737,0.082578,238,5995786,0.74596,262,6659523,0.828538,8037679
4,2021-07-05,9190,12197168,7475,7367694,1300,4414776,415,414698,4172,663432,0.08254,4941,6000727,0.746575,4636,6664159,0.829115,8037679
4,2021-07-06,16451,12213619,12962,7380656,2689,4417465,800,415498,6062,660135,0.08213,10271,6010998,0.747852,6974,6671133,0.829983,8037679
4,2021-07-07,13692,12227311,10683,7391339,2232,4419697,777,416275,5170,657773,0.081836,8430,6019428,0.748901,6068,6677201,0.830737,8037679
4,2021-07-08,13196,12240507,10317,7401656,2051,4421748,828,417103,5167,655944,0.081609,7914,6027342,0.749886,6085,6683286,0.831495,8037679
4,2021-07-09,15379,12255886,11802,7413458,2640,4424388,937,418040,6254,654267,0.0814,8984,6036326,0.751004,7307,6690593,0.832404,8037679
4,2021-07-10,8815,12264701,6976,7420434,1441,4425829,398,418438,3709,653414,0.081294,5020,6041346,0.751628,4167,6694760,0.832922,8037679
4,2021-07-11,4966,12269667,3977,7424411,788,4426617,201,418639,2224,653168,0.081263,2701,6044047,0.751964,2455,6697215,0.833227,8037679
4,2021-07-12,13022,12282689,10323,7434734,1982,4428599,717,419356,5058,651160,0.081013,7885,6051932,0.752945,5877,6703092,0.833959,8037679
4,2021-07-13,12766,12295455,9779,7444513,2357,4430956,630,419986,5441,650108,0.080883,7218,6059150,0.753843,6166,6709258,0.834726,8037679
4,2021-07-14,11666,12307121,9189,7453702,1929,4432885,548,420534,5052,649256,0.080777,6524,6065674,0.754655,5672,6714930,0.835431,8037679
4,2021-07-15,12386,12319507,9837,7463539,1964,4434849,585,421119,5652,648957,0.080739,6609,6072283,0.755477,6310,6721240,0.836217,8037679
4,2021-07-16,14911,12334418,11624,7475163,2619,4437468,668,421787,6871,648666,0.080703,7937,6080220,0.756465,7646,6728886,0.837168,8037679
4,2021-07-17,9294,12343712,7340,7482503,1631,4439099,323,422110,4384,648604,0.080695,4810,6085030,0.757063,4748,6733634,0.837759,8037679
4,2021-07-18,5351,12349063,4308,7486811,843,4439942,200,422310,2527,648590,0.080694,2764,6087794,0.757407,2750,6736384,0.838101,8037679
4,2021-07-19,12754,12361817,10116,7496927,1987,4441929,651,422961,6041,648740,0.080712,6622,6094416,0.758231,6772,6743156,0.838943,8037679
4,2021-07-20,13686,12375503,10548,7507475,2474,4444403,664,423625,6740,649425,0.080798,6801,6101217,0.759077,7486,6750642,0.839875,8037679
4,2021-07-21,12764,12388267,9898,7517373,2218,4446621,648,424273,6341,650185,0.080892,6287,6107504,0.759859,7047,6757689,0.840751,8037679
4,2021-07-22,13413,12401680,10470,7527843,2293,4448914,650,424923,6980,651573,0.081065,6302,6113806,0.760643,7690,6765379,0.841708,8037679
4,2021-07-23,15616,12417296,12048,7539891,2878,4451792,690,425613,8184,653270,0.081276,7264,6121070,0.761547,8961,6774340,0.842823,8037679
4,2021-07-24,9545,12426841,7474,7547365,1744,4453536,327,425940,4901,654044,0.081372,4505,6125575,0.762107,5279,6779619,0.84348,8037679
4,2021-07-25,4742,12431583,3737,7551102,852,4454388,153,426093,3348,656221,0.081643,1339,6126914,0.762274,3516,6783135,0.843917,8037679
4,2021-07-26,12865,12444448,10099,7561201,2107,4456495,659,426752,7484,659180,0.082011,5240,6132154,0.762926,8199,6791334,0.844937,8037679
4,2021-07-27,14201,12458649,10904,7572105,2546,4459041,751,427503,7658,661238,0.082267,6391,6138545,0.763721,8449,6799783,0.845988,8037679
4,2021-07-28,13082,12471731,10020,7582125,2384,4461425,678,428181,7266,663588,0.08256,5652,6144197,0.764424,8002,6807785,0.846984,8037679
4,2021-07-29,13394,12485125,10433,7592558,2262,4463687,699,428880,7535,666267,0.082893,5640,6149837,0.765126,8319,6816104,0.848019,8037679
4,2021-07-30,15673,12500798,12061,7604619,2852,4466539,760,429640,8529,668882,0.083218,6781,6156618,0.76597,9396,6825500,0.849188,8037679
4,2021-07-31,9632,12510430,7542,7612161,1701,4468240,389,430029,5462,670799,0.083457,3977,6160595,0.766464,5894,6831394,0.849921,8037679
4,2021-08-01,5397,12515827,4464,7616625,772,4469012,161,430190,3190,672082,0.083616,2102,6162697,0.766726,3385,6834779,0.850342,8037679
4,2021-08-02,13880,12529707,11127,7627752,2052,4471064,701,430891,8123,675422,0.084032,5554,6168251,0.767417,8894,6843673,0.851449,8037679
4,2021-08-03,14509,12544216,11180,7638932,2592,4473656,737,431628,8359,678668,0.084436,5926,6174177,0.768154,9172,6852845,0.85259,8037679
4,2021-08-04,13146,12557362,10283,7649215,2220,4475876,643,432271,7463,681344,0.084769,5473,6179650,0.768835,8149,6860994,0.853604,8037679
4,2021-08-05,13818,12571180,10927,7660142,2164,4478040,727,432998,7778,684092,0.085111,5802,6185452,0.769557,8550,6869544,0.854668,8037679
4,2021-08-06,7685,12578865,5822,7665964,1141,4479181,722,433720,3998,685283,0.085259,3592,6189044,0.770004,4783,6874327,0.855263,8037679
