vemquartile,administered_date,total_doses,cumulative_total_doses,pfizer_doses,cumulative_pfizer_doses,moderna_doses,cumulative_moderna_doses,jj_doses,cumulative_jj_doses,partially_vaccinated,total_partially_vaccinated,pct_age12pop_partially_vaccinated,fully_vaccinated,cumulative_fully_vaccinated,pct_age12pop_fully_vaccinated,at_least_one_dose,cumulative_at_least_one_dose,pct_age12pop_at_least_one_dose,age12_population
1,2020-12-15,148,148,148,148,0,0,0,0,148,148,1.7e-05,0,0,0.0,148,148,1.7e-05,8700223
1,2020-12-16,1178,1326,1178,1326,0,0,0,0,1178,1326,0.000152,0,0,0.0,1178,1326,0.000152,8700223
1,2020-12-17,4127,5453,4127,5453,0,0,0,0,4128,5454,0.000627,0,0,0.0,4128,5454,0.000627,8700223
1,2020-12-18,6263,11716,6243,11696,20,20,0,0,6264,11718,0.001347,0,0,0.0,6264,11718,0.001347,8700223
1,2020-12-19,2867,14583,2866,14562,1,21,0,0,2865,14582,0.001676,1,1,0.0,2865,14583,0.001676,8700223
1,2020-12-20,2112,16695,2107,16669,5,26,0,0,2113,16695,0.001919,0,1,0.0,2113,16696,0.001919,8700223
1,2020-12-21,7624,24319,7611,24280,13,39,0,0,7676,24371,0.002801,0,1,0.0,7676,24372,0.002801,8700223
1,2020-12-22,7286,31605,6944,31224,342,381,0,0,7289,31659,0.003639,1,2,0.0,7289,31661,0.003639,8700223
1,2020-12-23,7812,39417,6579,37803,1233,1614,0,0,7806,39465,0.004536,0,2,0.0,7806,39467,0.004536,8700223
1,2020-12-24,3296,42713,2358,40161,938,2552,0,0,3298,42763,0.004915,0,2,0.0,3298,42765,0.004915,8700223
1,2020-12-25,233,42946,150,40311,83,2635,0,0,233,42996,0.004942,0,2,0.0,233,42998,0.004942,8700223
1,2020-12-26,1353,44299,964,41275,389,3024,0,0,1352,44347,0.005097,1,3,0.0,1352,44350,0.005098,8700223
1,2020-12-27,855,45154,526,41801,329,3353,0,0,855,45202,0.005195,0,3,0.0,855,45205,0.005196,8700223
1,2020-12-28,7016,52170,4748,46549,2268,5621,0,0,7015,52217,0.006002,0,3,0.0,7015,52220,0.006002,8700223
1,2020-12-29,8806,60976,4946,51495,3860,9481,0,0,8803,61019,0.007013,1,4,0.0,8803,61023,0.007014,8700223
1,2020-12-30,11561,72537,6437,57932,5124,14605,0,0,11561,72580,0.008342,0,4,0.0,11561,72584,0.008343,8700223
1,2020-12-31,5929,78466,1952,59884,3977,18582,0,0,5928,78507,0.009024,1,5,1e-06,5928,78512,0.009024,8700223
1,2021-01-01,535,79001,180,60064,355,18937,0,0,535,79042,0.009085,0,5,1e-06,535,79047,0.009086,8700223
1,2021-01-02,2888,81889,1798,61862,1090,20027,0,0,2890,81932,0.009417,0,5,1e-06,2890,81937,0.009418,8700223
1,2021-01-03,1018,82907,593,62455,425,20452,0,0,1017,82948,0.009534,1,6,1e-06,1017,82954,0.009535,8700223
1,2021-01-04,7313,90220,3605,66060,3708,24160,0,0,7318,90265,0.010375,1,7,1e-06,7318,90272,0.010376,8700223
1,2021-01-05,10742,100962,5269,71329,5473,29633,0,0,9994,99549,0.011442,733,740,8.5e-05,10017,100289,0.011527,8700223
1,2021-01-06,13950,114912,7070,78399,6880,36513,0,0,12074,109790,0.012619,1839,2579,0.000296,12080,112369,0.012916,8700223
1,2021-01-07,17360,132272,9099,87498,8261,44774,0,0,12925,118385,0.013607,4337,6916,0.000795,12932,125301,0.014402,8700223
1,2021-01-08,20043,152315,10412,97910,9631,54405,0,0,14176,126714,0.014564,5852,12768,0.001468,14181,139482,0.016032,8700223
1,2021-01-09,6653,158968,3388,101298,3265,57670,0,0,4811,129703,0.014908,1826,14594,0.001677,4815,144297,0.016585,8700223
1,2021-01-10,3060,162028,1767,103065,1293,58963,0,0,1874,130408,0.014989,1170,15764,0.001812,1875,146172,0.016801,8700223
1,2021-01-11,18024,180052,11807,114872,6217,65180,0,0,11507,135461,0.01557,6491,22255,0.002558,11544,157716,0.018128,8700223
1,2021-01-12,18892,198944,10729,125601,8163,73343,0,0,12939,142523,0.016382,5912,28167,0.003238,12974,170690,0.019619,8700223
1,2021-01-13,19692,218636,10652,136253,9040,82383,0,0,14576,152021,0.017473,5092,33259,0.003823,14590,185280,0.021296,8700223
1,2021-01-14,21871,240507,9410,145663,12461,94844,0,0,19136,168524,0.01937,2676,35935,0.00413,19179,204459,0.0235,8700223
1,2021-01-15,25045,265552,9233,154896,15812,110656,0,0,23119,189814,0.021817,1877,37812,0.004346,23167,227626,0.026163,8700223
1,2021-01-16,13837,279389,4527,159423,9310,119966,0,0,12979,201939,0.023211,856,38668,0.004444,12981,240607,0.027655,8700223
1,2021-01-17,5177,284566,1990,161413,3187,123153,0,0,4810,206391,0.023722,363,39031,0.004486,4815,245422,0.028209,8700223
1,2021-01-18,14208,298774,8541,169954,5667,128820,0,0,11055,214349,0.024637,3141,42172,0.004847,11099,256521,0.029484,8700223
1,2021-01-19,24524,323298,12852,182806,11672,140492,0,0,19354,228599,0.026275,5155,47327,0.00544,19405,275926,0.031715,8700223
1,2021-01-20,28498,351796,14018,196824,14480,154972,0,0,22888,245964,0.028271,5558,52885,0.006079,22923,298849,0.03435,8700223
1,2021-01-21,30568,382364,14233,211057,16335,171307,0,0,27435,270401,0.03108,3076,55961,0.006432,27513,326362,0.037512,8700223
1,2021-01-22,28033,410397,11116,222173,16917,188224,0,0,26068,294569,0.033858,1926,57887,0.006654,26094,352456,0.040511,8700223
1,2021-01-23,18626,429023,8181,230354,10445,198669,0,0,16708,309382,0.03556,1904,59791,0.006872,16717,369173,0.042433,8700223
1,2021-01-24,6655,435678,4155,234509,2500,201169,0,0,6006,314750,0.036177,643,60434,0.006946,6011,375184,0.043123,8700223
1,2021-01-25,24998,460676,10391,244900,14607,215776,0,0,19373,328606,0.03777,5603,66037,0.00759,19459,394643,0.04536,8700223
1,2021-01-26,28340,489016,13305,258205,15035,230811,0,0,21799,343925,0.039531,6496,72533,0.008337,21815,416458,0.047868,8700223
1,2021-01-27,31463,520479,15317,273522,16146,246957,0,0,23598,359746,0.041349,7801,80334,0.009234,23622,440080,0.050583,8700223
1,2021-01-28,34391,554870,16166,289688,18225,265182,0,0,27660,380782,0.043767,6675,87009,0.010001,27711,467791,0.053768,8700223
1,2021-01-29,33221,588091,16309,305997,16912,282094,0,0,26808,401342,0.04613,6281,93290,0.010723,26841,494632,0.056853,8700223
1,2021-01-30,20093,608184,8743,314740,11350,293444,0,0,18008,417296,0.047964,2061,95351,0.01096,18015,512647,0.058923,8700223
1,2021-01-31,7530,615714,4925,319665,2605,296049,0,0,6889,423548,0.048682,640,95991,0.011033,6892,519539,0.059716,8700223
1,2021-02-01,28455,644169,12407,332072,16048,312097,0,0,20848,436836,0.05021,7565,103556,0.011903,20853,540392,0.062112,8700223
1,2021-02-02,31895,676064,11468,343540,20427,332524,0,0,24043,453123,0.052082,7789,111345,0.012798,24076,564468,0.06488,8700223
1,2021-02-03,39021,715085,14973,358513,24048,356572,0,0,28229,470719,0.054104,10664,122009,0.014024,28260,592728,0.068128,8700223
1,2021-02-04,43484,758569,16938,375451,26546,383118,0,0,31634,490653,0.056395,11746,133755,0.015374,31680,624408,0.071769,8700223
1,2021-02-05,46638,805207,17314,392765,29324,412442,0,0,30723,505630,0.058117,15798,149553,0.01719,30775,655183,0.075306,8700223
1,2021-02-06,26424,831631,10457,403222,15967,428409,0,0,20628,520514,0.059828,5761,155314,0.017852,20645,675828,0.077679,8700223
1,2021-02-07,6197,837828,3974,407196,2223,430632,0,0,4614,523579,0.06018,1567,156881,0.018032,4632,680460,0.078212,8700223
1,2021-02-08,31071,868899,14101,421297,16970,447602,0,0,20775,534206,0.061401,10235,167116,0.019208,20862,701322,0.08061,8700223
1,2021-02-09,38182,907081,16781,438078,21401,469003,0,0,23680,543405,0.062459,14553,181669,0.020881,23752,725074,0.08334,8700223
1,2021-02-10,46561,953642,21886,459964,24675,493678,0,0,26895,550788,0.063307,19587,201256,0.023132,26970,752044,0.08644,8700223
1,2021-02-11,51140,1004782,25100,485064,26040,519718,0,0,30829,561676,0.064559,20039,221295,0.025436,30927,782971,0.089994,8700223
1,2021-02-12,49275,1054057,21263,506327,28012,547730,0,0,28443,569512,0.065459,20737,242032,0.027819,28573,811544,0.093279,8700223
1,2021-02-13,26066,1080123,11336,517663,14730,562460,0,0,15145,573879,0.065961,10854,252886,0.029067,15221,826765,0.095028,8700223
1,2021-02-14,11586,1091709,5465,523128,6121,568581,0,0,6612,575608,0.06616,4948,257834,0.029635,6677,833442,0.095795,8700223
1,2021-02-15,23506,1115215,9246,532374,14260,582841,0,0,14352,581021,0.066782,9055,266889,0.030676,14468,847910,0.097458,8700223
1,2021-02-16,46353,1161568,22101,554475,24252,607093,0,0,27412,589665,0.067776,18880,285769,0.032846,27524,875434,0.100622,8700223
1,2021-02-17,47718,1209286,24067,578542,23651,630744,0,0,26000,594200,0.068297,21609,307378,0.03533,26144,901578,0.103627,8700223
1,2021-02-18,50131,1259417,24958,603500,25173,655917,0,0,26193,596860,0.068603,23745,331123,0.038059,26405,927983,0.106662,8700223
1,2021-02-19,45390,1304807,24562,628062,20828,676745,0,0,25754,603136,0.069324,19540,350663,0.040305,25816,953799,0.109629,8700223
1,2021-02-20,26800,1331607,16315,644377,10485,687230,0,0,15432,607313,0.069804,11331,361994,0.041607,15508,969307,0.111412,8700223
1,2021-02-21,11350,1342957,10119,654496,1231,688461,0,0,6793,609639,0.070072,4516,366510,0.042127,6842,976149,0.112198,8700223
1,2021-02-22,29865,1372822,19586,674082,10279,698740,0,0,17638,615197,0.07071,12176,378686,0.043526,17734,993883,0.114236,8700223
1,2021-02-23,42756,1415578,20875,694957,21881,720621,0,0,24018,620956,0.071372,18617,397303,0.045666,24376,1018259,0.117038,8700223
1,2021-02-24,52771,1468349,25549,720506,27222,747843,0,0,29792,628306,0.072217,22889,420192,0.048297,30239,1048498,0.120514,8700223
1,2021-02-25,64860,1533209,31501,752007,33359,781202,0,0,40896,645829,0.074231,23872,444064,0.051041,41395,1089893,0.125272,8700223
1,2021-02-26,72723,1605932,34127,786134,38596,819798,0,0,48356,670432,0.077059,24224,468288,0.053825,48827,1138720,0.130884,8700223
1,2021-02-27,49728,1655660,22936,809070,26786,846584,6,6,33150,687379,0.079007,16473,484761,0.055718,33420,1172140,0.134725,8700223
1,2021-02-28,19069,1674729,11352,820422,7716,854300,1,7,14097,696700,0.080078,4918,489679,0.056283,14239,1186379,0.136362,8700223
1,2021-03-01,43560,1718289,20059,840481,23481,877781,20,27,28321,710139,0.081623,15132,504811,0.058023,28571,1214950,0.139646,8700223
1,2021-03-02,61432,1779721,26760,867241,34668,912449,4,31,39701,728830,0.083771,21623,526434,0.060508,40314,1255264,0.14428,8700223
1,2021-03-03,68606,1848327,32458,899699,36135,948584,13,44,41810,744567,0.08558,26679,553113,0.063575,42416,1297680,0.149155,8700223
1,2021-03-04,76980,1925307,36105,935804,40842,989426,33,77,49635,767551,0.088222,27192,580305,0.0667,50176,1347856,0.154922,8700223
1,2021-03-05,76198,2001505,34648,970452,41347,1030773,203,280,51275,794929,0.091369,24730,605035,0.069542,52108,1399964,0.160911,8700223
1,2021-03-06,56880,2058385,27148,997600,28405,1059178,1327,1607,38756,817313,0.093942,18063,623098,0.071619,40447,1440411,0.16556,8700223
1,2021-03-07,20041,2078426,12796,1010396,6443,1065621,802,2409,15063,828480,0.095225,4960,628058,0.072189,16127,1456538,0.167414,8700223
1,2021-03-08,43961,2122387,21061,1031457,21046,1086667,1854,4263,30881,848544,0.097531,13008,641066,0.073684,33072,1489610,0.171215,8700223
1,2021-03-09,65443,2187830,31573,1063030,31401,1118068,2469,6732,40481,866980,0.09965,24858,665924,0.076541,43294,1532904,0.176191,8700223
1,2021-03-10,72063,2259893,36064,1099094,31637,1149705,4362,11094,44782,889342,0.102221,27153,693077,0.079662,49515,1582419,0.181883,8700223
1,2021-03-11,88509,2348402,40413,1139507,40176,1189881,7920,19014,51945,913328,0.104978,36349,729426,0.08384,60335,1642754,0.188817,8700223
1,2021-03-12,96974,2445376,42529,1182036,42116,1231997,12329,31343,56864,943084,0.108398,39933,769359,0.08843,69689,1712443,0.196827,8700223
1,2021-03-13,64246,2509622,29295,1211331,27198,1259195,7753,39096,40958,968968,0.111373,23184,792543,0.091095,49068,1761511,0.202467,8700223
1,2021-03-14,27478,2537100,14834,1226165,9095,1268290,3549,42645,15640,976570,0.112247,11788,804331,0.092449,19390,1780901,0.204696,8700223
1,2021-03-15,64232,2601332,28085,1254250,29480,1297770,6667,49312,38075,995667,0.114442,25998,830329,0.095438,45095,1825996,0.209879,8700223
1,2021-03-16,84608,2685940,38356,1292606,40707,1338477,5545,54857,52783,1022705,0.117549,31661,861990,0.099077,58699,1884695,0.216626,8700223
1,2021-03-17,91355,2777295,44049,1336655,40760,1379237,6546,61403,58915,1056248,0.121405,32287,894277,0.102788,65830,1950525,0.224193,8700223
1,2021-03-18,97268,2874563,49974,1386629,41689,1420926,5605,67008,59696,1084742,0.12468,37265,931542,0.107071,65759,2016284,0.231751,8700223
1,2021-03-19,102414,2976977,52946,1439575,43348,1464274,6120,73128,60819,1110809,0.127676,41352,972894,0.111824,67419,2083703,0.2395,8700223
1,2021-03-20,71786,3048763,36902,1476477,29650,1493924,5234,78362,46411,1137485,0.130742,25226,998120,0.114723,51902,2135605,0.245466,8700223
1,2021-03-21,26832,3075595,18736,1495213,6293,1500217,1803,80165,17391,1147392,0.131881,9373,1007493,0.115801,19280,2154885,0.247682,8700223
1,2021-03-22,58464,3134059,30061,1525274,25139,1525356,3264,83429,39792,1172305,0.134744,18499,1025992,0.117927,43412,2198297,0.252671,8700223
1,2021-03-23,81902,3215961,41525,1566799,36775,1562131,3602,87031,51011,1196660,0.137544,30714,1056706,0.121457,55069,2253366,0.259001,8700223
1,2021-03-24,86813,3302774,43800,1610599,38680,1600811,4333,91364,52791,1220157,0.140244,33806,1090512,0.125343,57303,2310669,0.265587,8700223
1,2021-03-25,95382,3398156,48494,1659093,41107,1641918,5781,97145,53895,1238841,0.142392,41219,1131731,0.130081,59903,2370572,0.272473,8700223
1,2021-03-26,103396,3501552,50462,1709555,46649,1688567,6285,103430,56256,1254822,0.144229,46863,1178594,0.135467,62844,2433416,0.279696,8700223
1,2021-03-27,73346,3574898,38116,1747671,31060,1719627,4170,107600,38239,1262516,0.145113,34916,1213510,0.13948,42610,2476026,0.284593,8700223
1,2021-03-28,32309,3607207,21137,1768808,9972,1729599,1200,108800,16618,1265075,0.145407,15591,1229101,0.141272,18150,2494176,0.28668,8700223
1,2021-03-29,66099,3673306,33202,1802010,29805,1759404,3092,111892,36938,1276310,0.146699,29007,1258108,0.144606,40242,2534418,0.291305,8700223
1,2021-03-30,90547,3763853,44643,1846653,39632,1799036,6272,118164,47203,1286686,0.147891,43210,1301318,0.149573,53586,2588004,0.297464,8700223
1,2021-03-31,99284,3863137,52030,1898683,41340,1840376,5914,124078,55178,1304011,0.149882,43855,1345173,0.154614,61180,2649184,0.304496,8700223
1,2021-04-01,109388,3972525,52791,1951474,48234,1888610,8363,132441,56628,1316636,0.151334,52458,1397631,0.160643,65083,2714267,0.311977,8700223
1,2021-04-02,109009,4081534,49946,2001420,49527,1938137,9536,141977,56018,1329810,0.152848,52632,1450263,0.166693,65806,2780073,0.31954,8700223
1,2021-04-03,77110,4158644,38661,2040081,28872,1967009,9577,151554,35993,1334498,0.153387,40969,1491232,0.171402,45657,2825730,0.324788,8700223
1,2021-04-04,23623,4182267,11759,2051840,8410,1975419,3454,155008,9950,1334268,0.15336,13628,1504860,0.172968,13398,2839128,0.326328,8700223
1,2021-04-05,75135,4257402,36171,2088011,29938,2005357,9026,164034,34341,1337208,0.153698,40624,1545484,0.177637,43564,2882692,0.331335,8700223
1,2021-04-06,102200,4359602,48427,2136438,37358,2042715,16415,180449,46471,1344678,0.154557,55507,1600991,0.184017,62977,2945669,0.338574,8700223
1,2021-04-07,109247,4468849,52758,2189196,39208,2081923,17281,197730,49877,1352797,0.15549,59151,1660142,0.190816,67270,3012939,0.346306,8700223
1,2021-04-08,119207,4588056,56080,2245276,42651,2124574,20476,218206,52771,1360040,0.156322,66127,1726269,0.198417,73370,3086309,0.354739,8700223
1,2021-04-09,119995,4708051,54804,2300080,44935,2169509,20256,238462,53073,1366897,0.157111,66620,1792889,0.206074,73477,3159786,0.363184,8700223
1,2021-04-10,93611,4801662,41788,2341868,29457,2198966,22366,260828,36648,1369132,0.157367,56806,1849695,0.212603,59041,3218827,0.369971,8700223
1,2021-04-11,35720,4837382,19939,2361807,9243,2208209,6538,267366,14548,1369211,0.157377,21131,1870826,0.215032,21210,3240037,0.372409,8700223
1,2021-04-12,72494,4909876,32188,2393995,30452,2238661,9854,277220,30794,1368543,0.1573,41482,1912308,0.2198,40814,3280851,0.3771,8700223
1,2021-04-13,95399,5005275,51027,2445022,44041,2282702,331,277551,51496,1377035,0.158276,43678,1955986,0.22482,52170,3333021,0.383096,8700223
1,2021-04-14,102330,5107605,52845,2497867,49418,2332120,67,277618,52133,1379716,0.158584,49886,2005872,0.230554,52567,3385588,0.389138,8700223
1,2021-04-15,103847,5211452,56243,2554110,47520,2379640,84,277702,55628,1387871,0.159521,47723,2053595,0.236039,55878,3441466,0.395561,8700223
1,2021-04-16,108261,5319713,55779,2609889,52393,2432033,89,277791,54402,1389084,0.159661,53456,2107051,0.242184,54669,3496135,0.401844,8700223
1,2021-04-17,81008,5400721,43922,2653811,37078,2469111,8,277799,45517,1399466,0.160854,35305,2142356,0.246242,45687,3541822,0.407096,8700223
1,2021-04-18,28580,5429301,19132,2672943,9442,2478553,6,277805,14468,1400092,0.160926,14046,2156402,0.247856,14672,3556494,0.408782,8700223
1,2021-04-19,64351,5493652,32795,2705738,31544,2510097,12,277817,29198,1394558,0.16029,34868,2191270,0.251864,29334,3585828,0.412154,8700223
1,2021-04-20,85434,5579086,42548,2748286,42867,2552964,19,277836,40578,1390753,0.159853,44602,2235872,0.25699,40797,3626625,0.416843,8700223
1,2021-04-21,91237,5670323,46478,2794764,44666,2597630,93,277929,40844,1381948,0.158841,49951,2285823,0.262732,41146,3667771,0.421572,8700223
1,2021-04-22,92997,5763320,48227,2842991,44754,2642384,16,277945,42627,1374835,0.158023,49970,2335793,0.268475,42857,3710628,0.426498,8700223
1,2021-04-23,97686,5861006,50127,2893118,47534,2689918,25,277970,46449,1370659,0.157543,50866,2386659,0.274322,46690,3757318,0.431865,8700223
1,2021-04-24,72807,5933813,45887,2939005,26907,2716825,13,277983,41150,1380549,0.15868,31528,2418187,0.277945,41418,3798736,0.436625,8700223
1,2021-04-25,26772,5960585,17120,2956125,9643,2726468,9,277992,15395,1384791,0.159167,11292,2429479,0.279243,15534,3814270,0.438411,8700223
1,2021-04-26,59757,6020342,32243,2988368,27161,2753629,353,278345,28015,1381983,0.158845,31507,2460986,0.282865,28699,3842969,0.441709,8700223
1,2021-04-27,75286,6095628,40373,3028741,33790,2787419,1123,279468,32288,1373019,0.157814,42712,2503698,0.287774,33748,3876717,0.445588,8700223
1,2021-04-28,77014,6172642,40866,3069607,34718,2822137,1430,280898,33558,1365033,0.156896,43198,2546896,0.292739,35212,3911929,0.449635,8700223
1,2021-04-29,80050,6252692,44116,3113723,34383,2856520,1551,282449,32374,1351717,0.155366,47400,2594296,0.298187,34084,3946013,0.453553,8700223
1,2021-04-30,87821,6340513,47830,3161553,38197,2894717,1794,284243,36529,1339196,0.153927,51013,2645309,0.304051,38492,3984505,0.457977,8700223
1,2021-05-01,61139,6401652,39750,3201303,20024,2914741,1365,285608,25788,1331404,0.153031,35175,2680484,0.308094,27383,4011888,0.461125,8700223
1,2021-05-02,22437,6424089,15716,3217019,6200,2920941,521,286129,9364,1328353,0.15268,12967,2693451,0.309584,9916,4021804,0.462264,8700223
1,2021-05-03,53772,6477861,30123,3247142,21879,2942820,1770,287899,19466,1315544,0.151208,34102,2727553,0.313504,21293,4043097,0.464712,8700223
1,2021-05-04,72030,6549891,41406,3288548,28618,2971438,2006,289905,25899,1297680,0.149155,45857,2773410,0.318775,27993,4071090,0.467929,8700223
1,2021-05-05,73409,6623300,42161,3330709,29026,3000464,2222,292127,24870,1276585,0.14673,48256,2821666,0.324321,27161,4098251,0.471051,8700223
1,2021-05-06,75150,6698450,45114,3375823,27903,3028367,2133,294260,23694,1251458,0.143842,51114,2872780,0.330196,25987,4124238,0.474038,8700223
1,2021-05-07,78736,6777186,44958,3420781,31651,3060018,2127,296387,26517,1228307,0.141181,51859,2924639,0.336157,28708,4152946,0.477338,8700223
1,2021-05-08,53815,6831001,33596,3454377,18689,3078707,1530,297917,18263,1212978,0.139419,35217,2959856,0.340205,19888,4172834,0.479624,8700223
1,2021-05-09,17608,6848609,12486,3466863,4651,3083358,471,298388,5441,1206869,0.138717,12054,2971910,0.34159,5945,4178779,0.480307,8700223
1,2021-05-10,41341,6889950,20764,3487627,18852,3102210,1725,300113,13803,1195236,0.13738,27254,2999164,0.344723,15621,4194400,0.482103,8700223
1,2021-05-11,57691,6947641,31061,3518688,24637,3126847,1993,302106,18797,1177480,0.135339,38671,3037835,0.349167,20915,4215315,0.484507,8700223
1,2021-05-12,56798,7004439,29900,3548588,25035,3151882,1863,303969,18695,1160269,0.133361,37844,3075679,0.353517,20633,4235948,0.486878,8700223
1,2021-05-13,59226,7063665,34513,3583101,22834,3174716,1879,305848,22383,1148311,0.131986,36501,3112180,0.357713,24543,4260491,0.489699,8700223
1,2021-05-14,72465,7136130,43817,3626918,26392,3201108,2256,308104,29523,1137749,0.130772,42646,3154826,0.362614,32084,4292575,0.493387,8700223
1,2021-05-15,62803,7198933,41628,3668546,19538,3220646,1637,309741,25128,1127141,0.129553,37454,3192280,0.366919,26846,4319421,0.496472,8700223
1,2021-05-16,23396,7222329,17363,3685909,5425,3226071,608,310349,9727,1123944,0.129186,13573,3205853,0.368479,10376,4329797,0.497665,8700223
1,2021-05-17,52101,7274430,32166,3718075,18270,3244341,1665,312014,23281,1120344,0.128772,28606,3234459,0.371767,25006,4354803,0.500539,8700223
1,2021-05-18,62439,7336869,37948,3756023,22757,3267098,1734,313748,28477,1116931,0.12838,33710,3268169,0.375642,30297,4385100,0.504022,8700223
1,2021-05-19,64399,7401268,39481,3795504,23090,3290188,1828,315576,29714,1114118,0.128056,34440,3302609,0.3796,31627,4416727,0.507657,8700223
1,2021-05-20,53417,7454685,31443,3826947,20115,3310303,1859,317435,23075,1109137,0.127484,30092,3332701,0.383059,25111,4441838,0.510543,8700223
1,2021-05-21,58113,7512798,35281,3862228,21177,3331480,1655,319090,25234,1103520,0.126838,32593,3365294,0.386805,26976,4468814,0.513644,8700223
1,2021-05-22,44400,7557198,29920,3892148,13026,3344506,1454,320544,20253,1101336,0.126587,23983,3389277,0.389562,21799,4490613,0.516149,8700223
1,2021-05-23,13484,7570682,10415,3902563,2620,3347126,449,320993,7035,1102449,0.126715,6384,3395661,0.390296,7497,4498110,0.517011,8700223
1,2021-05-24,26381,7597063,14822,3917385,10358,3357484,1201,322194,10214,1097872,0.126189,16024,3411685,0.392138,11447,4509557,0.518327,8700223
2,2020-12-15,234,234,234,234,0,0,0,0,234,234,2.8e-05,0,0,0.0,234,234,2.8e-05,8407551
2,2020-12-16,2083,2317,2083,2317,0,0,0,0,2082,2316,0.000275,0,0,0.0,2082,2316,0.000275,8407551
2,2020-12-17,6708,9025,6708,9025,0,0,0,0,6709,9025,0.001073,0,0,0.0,6709,9025,0.001073,8407551
2,2020-12-18,10839,19864,10820,19845,19,19,0,0,10841,19866,0.002363,0,0,0.0,10841,19866,0.002363,8407551
2,2020-12-19,5583,25447,5577,25422,6,25,0,0,5585,25451,0.003027,0,0,0.0,5585,25451,0.003027,8407551
2,2020-12-20,4214,29661,4205,29627,9,34,0,0,4210,29661,0.003528,0,0,0.0,4210,29661,0.003528,8407551
2,2020-12-21,12762,42423,12738,42365,24,58,0,0,12716,42377,0.00504,0,0,0.0,12716,42377,0.00504,8407551
2,2020-12-22,12079,54502,11568,53933,511,569,0,0,12079,54456,0.006477,0,0,0.0,12079,54456,0.006477,8407551
2,2020-12-23,11692,66194,9488,63421,2204,2773,0,0,11695,66151,0.007868,0,0,0.0,11695,66151,0.007868,8407551
2,2020-12-24,5840,72034,3485,66906,2355,5128,0,0,5837,71988,0.008562,0,0,0.0,5837,71988,0.008562,8407551
2,2020-12-25,478,72512,401,67307,77,5205,0,0,479,72467,0.008619,0,0,0.0,479,72467,0.008619,8407551
2,2020-12-26,2563,75075,1666,68973,897,6102,0,0,2565,75032,0.008924,0,0,0.0,2565,75032,0.008924,8407551
2,2020-12-27,2217,77292,1201,70174,1016,7118,0,0,2215,77246,0.009188,1,1,0.0,2215,77247,0.009188,8407551
2,2020-12-28,10959,88251,7139,77313,3820,10938,0,0,10959,88204,0.010491,1,2,0.0,10959,88206,0.010491,8407551
2,2020-12-29,12632,100883,7117,84430,5515,16453,0,0,12636,100840,0.011994,0,2,0.0,12636,100842,0.011994,8407551
2,2020-12-30,15328,116211,8627,93057,6701,23154,0,0,15345,116184,0.013819,1,3,0.0,15345,116187,0.013819,8407551
2,2020-12-31,7503,123714,2806,95863,4697,27851,0,0,7500,123683,0.014711,1,4,0.0,7500,123687,0.014711,8407551
2,2021-01-01,1120,124834,536,96399,584,28435,0,0,1122,124804,0.014844,1,5,1e-06,1122,124809,0.014845,8407551
2,2021-01-02,4803,129637,2792,99191,2011,30446,0,0,4801,129605,0.015415,0,5,1e-06,4801,129610,0.015416,8407551
2,2021-01-03,1380,131017,841,100032,539,30985,0,0,1375,130977,0.015578,3,8,1e-06,1375,130985,0.015579,8407551
2,2021-01-04,11611,142628,5585,105617,6026,37011,0,0,11599,142572,0.016958,4,12,1e-06,11599,142584,0.016959,8407551
2,2021-01-05,13818,156446,6980,112597,6838,43849,0,0,12635,154062,0.018324,1176,1188,0.000141,12666,155250,0.018466,8407551
2,2021-01-06,18931,175377,10489,123086,8442,52291,0,0,15209,165603,0.019697,3674,4862,0.000578,15215,170465,0.020275,8407551
2,2021-01-07,22919,198296,12906,135992,10013,62304,0,0,15556,173792,0.020671,7380,12242,0.001456,15569,186034,0.022127,8407551
2,2021-01-08,26362,224658,15997,151989,10365,72669,0,0,16323,180124,0.021424,10007,22249,0.002646,16339,202373,0.02407,8407551
2,2021-01-09,9722,234380,5682,157671,4040,76709,0,0,6233,182852,0.021749,3510,25759,0.003064,6238,208611,0.024812,8407551
2,2021-01-10,5278,239658,2972,160643,2306,79015,0,0,3067,183690,0.021848,2233,27992,0.003329,3071,211682,0.025178,8407551
2,2021-01-11,25909,265567,17803,178446,8106,87121,0,0,14983,187762,0.022333,10960,38952,0.004633,15032,226714,0.026966,8407551
2,2021-01-12,26085,291652,16241,194687,9844,96965,0,0,16618,194955,0.023188,9495,48447,0.005762,16688,243402,0.02895,8407551
2,2021-01-13,28444,320096,15095,209782,13349,110314,0,0,20536,207611,0.024693,7902,56349,0.006702,20558,263960,0.031396,8407551
2,2021-01-14,30080,350176,11430,221212,18650,128964,0,0,25888,229337,0.027278,4217,60566,0.007204,25943,289903,0.034481,8407551
2,2021-01-15,34950,385126,12761,233973,22189,151153,0,0,31717,257883,0.030673,3243,63809,0.007589,31789,321692,0.038262,8407551
2,2021-01-16,17545,402671,5600,239573,11945,163098,0,0,16237,272795,0.032446,1335,65144,0.007748,16247,337939,0.040195,8407551
2,2021-01-17,10608,413279,3584,243157,7024,170122,0,0,9905,281979,0.033539,729,65873,0.007835,9913,347852,0.041374,8407551
2,2021-01-18,19633,432912,10987,254144,8646,178768,0,0,14872,292121,0.034745,4778,70651,0.008403,14920,362772,0.043148,8407551
2,2021-01-19,32297,465209,16877,271021,15420,194188,0,0,24364,308661,0.036712,7937,78588,0.009347,24477,387249,0.04606,8407551
2,2021-01-20,36942,502151,18536,289557,18406,212594,0,0,28357,328540,0.039077,8565,87153,0.010366,28444,415693,0.049443,8407551
2,2021-01-21,40364,542515,17139,306696,23225,235819,0,0,35954,360266,0.04285,4386,91539,0.010888,36112,451805,0.053738,8407551
2,2021-01-22,39148,581663,16383,323079,22765,258584,0,0,35870,392880,0.046729,3280,94819,0.011278,35894,487699,0.058007,8407551
2,2021-01-23,23946,605609,10798,333877,13148,271732,0,0,21010,411004,0.048885,2913,97732,0.011624,21037,508736,0.060509,8407551
2,2021-01-24,12446,618055,6155,340032,6291,278023,0,0,11535,421651,0.050151,898,98630,0.011731,11545,520281,0.061883,8407551
2,2021-01-25,33637,651692,15611,355643,18026,296049,0,0,24913,438016,0.052098,8672,107302,0.012763,25037,545318,0.064861,8407551
2,2021-01-26,40081,691773,19801,375444,20280,316329,0,0,31141,460312,0.05475,8922,116224,0.013824,31218,576536,0.068574,8407551
2,2021-01-27,44913,736686,22871,398315,22042,338371,0,0,34976,485512,0.057747,9831,126055,0.014993,35031,611567,0.07274,8407551
2,2021-01-28,47940,784626,22705,421020,25235,363606,0,0,39398,516484,0.061431,8489,134544,0.016003,39461,651028,0.077434,8407551
2,2021-01-29,45433,830059,22286,443306,23147,386753,0,0,36907,545021,0.064825,8424,142968,0.017005,36961,687989,0.08183,8407551
2,2021-01-30,31370,861429,13742,457048,17628,404381,0,0,28070,569858,0.067779,3261,146229,0.017393,28098,716087,0.085172,8407551
2,2021-01-31,17396,878825,10498,467546,6898,411279,0,0,16243,584983,0.069578,1137,147366,0.017528,16262,732349,0.087106,8407551
2,2021-02-01,40904,919729,19885,487431,21019,432298,0,0,30194,604532,0.071903,10677,158043,0.018798,30226,762575,0.090701,8407551
2,2021-02-02,47445,967174,19374,506805,28071,460369,0,0,36167,629584,0.074883,11210,169253,0.020131,36262,798837,0.095014,8407551
2,2021-02-03,53939,1021113,24133,530938,29806,490175,0,0,39954,655739,0.077994,13887,183140,0.021783,40042,838879,0.099777,8407551
2,2021-02-04,55779,1076892,24221,555159,31558,521733,0,0,40862,681868,0.081102,14825,197965,0.023546,40954,879833,0.104648,8407551
2,2021-02-05,59471,1136363,26293,581452,33178,554911,0,0,40331,703389,0.083662,18970,216935,0.025802,40491,920324,0.109464,8407551
2,2021-02-06,38834,1175197,18168,599620,20666,575577,0,0,31233,727177,0.086491,7531,224466,0.026698,31319,951643,0.113189,8407551
2,2021-02-07,15936,1191133,10678,610298,5258,580835,0,0,12121,735570,0.087489,3794,228260,0.027149,12187,963830,0.114639,8407551
2,2021-02-08,43294,1234427,22383,632681,20911,601746,0,0,29874,752355,0.089486,13283,241543,0.028729,30068,993898,0.118215,8407551
2,2021-02-09,49221,1283648,23493,656174,25728,627474,0,0,30681,765065,0.090997,18287,259830,0.030904,30997,1024895,0.121902,8407551
2,2021-02-10,59310,1342958,28080,684254,31230,658704,0,0,34619,775616,0.092252,24417,284247,0.033809,34968,1059863,0.126061,8407551
2,2021-02-11,63875,1406833,29679,713933,34196,692900,0,0,36050,784581,0.093319,27571,311818,0.037088,36536,1096399,0.130406,8407551
2,2021-02-12,64816,1471649,28080,742013,36736,729636,0,0,34588,789860,0.093947,29956,341774,0.040651,35235,1131634,0.134597,8407551
2,2021-02-13,37468,1509117,15733,757746,21735,751371,0,0,21729,796305,0.094713,15660,357434,0.042513,22105,1153739,0.137227,8407551
2,2021-02-14,19906,1529023,9325,767071,10581,761952,0,0,11215,799225,0.09506,8652,366086,0.043543,11572,1165311,0.138603,8407551
2,2021-02-15,32964,1561987,14914,781985,18050,780002,0,0,18328,803879,0.095614,14524,380610,0.04527,19178,1184489,0.140884,8407551
2,2021-02-16,55885,1617872,27643,809628,28242,808244,0,0,29481,807705,0.096069,26322,406932,0.048401,30148,1214637,0.14447,8407551
2,2021-02-17,61147,1679019,31650,841278,29497,837741,0,0,30442,808312,0.096141,30651,437583,0.052046,31258,1245895,0.148188,8407551
2,2021-02-18,65701,1744720,33397,874675,32304,870045,0,0,32071,808092,0.096115,33424,471007,0.056022,33204,1279099,0.152137,8407551
2,2021-02-19,58784,1803504,32787,907462,25997,896042,0,0,29243,808525,0.096167,29400,500407,0.059519,29833,1308932,0.155685,8407551
2,2021-02-20,37000,1840504,24192,931654,12808,908850,0,0,20134,812543,0.096644,16790,517197,0.061516,20808,1329740,0.15816,8407551
2,2021-02-21,20624,1861128,17183,948837,3441,912291,0,0,9906,812601,0.096651,10650,527847,0.062782,10708,1340448,0.159434,8407551
2,2021-02-22,37227,1898355,25589,974426,11638,923929,0,0,17828,811789,0.096555,19316,547163,0.06508,18504,1358952,0.161635,8407551
2,2021-02-23,51362,1949717,26388,1000814,24974,948903,0,0,22676,807846,0.096086,28511,575674,0.068471,24568,1383520,0.164557,8407551
2,2021-02-24,68099,2017816,35132,1035946,32967,981870,0,0,31460,805157,0.095766,36506,612180,0.072813,33817,1417337,0.168579,8407551
2,2021-02-25,73563,2091379,34640,1070586,38923,1020793,0,0,37616,809826,0.096321,35750,647930,0.077065,40419,1457756,0.173387,8407551
2,2021-02-26,81666,2173045,34933,1105519,46733,1067526,0,0,44443,819473,0.097469,36983,684913,0.081464,46630,1504386,0.178933,8407551
2,2021-02-27,59666,2232711,27681,1133200,31981,1099507,4,4,32517,826360,0.098288,26963,711876,0.084671,33850,1538236,0.182959,8407551
2,2021-02-28,28956,2261667,17389,1150589,11566,1111073,1,5,16883,832079,0.098968,11988,723864,0.086097,17707,1555943,0.185065,8407551
2,2021-03-01,55888,2317555,29589,1180178,26275,1137348,24,29,30502,838617,0.099746,25171,749035,0.089091,31709,1587652,0.188836,8407551
2,2021-03-02,67416,2384971,32595,1212773,34816,1172164,5,34,38258,850174,0.10112,29043,778078,0.092545,40600,1628252,0.193665,8407551
2,2021-03-03,78707,2463678,38195,1250968,40502,1212666,10,44,44478,863144,0.102663,34066,812144,0.096597,47036,1675288,0.19926,8407551
2,2021-03-04,86708,2550386,42953,1293921,43728,1256394,27,71,50115,879241,0.104578,36416,848560,0.100928,52513,1727801,0.205506,8407551
2,2021-03-05,80148,2630534,38163,1332084,41686,1298080,299,370,49368,900658,0.107125,30605,879165,0.104569,52022,1779823,0.211693,8407551
2,2021-03-06,61905,2692439,30406,1362490,29836,1327916,1663,2033,38072,918095,0.109199,23733,902898,0.107391,41170,1820993,0.21659,8407551
2,2021-03-07,27450,2719889,16123,1378613,10379,1338295,948,2981,17713,928187,0.110399,9680,912578,0.108543,19772,1840765,0.218942,8407551
2,2021-03-08,49514,2769403,22855,1401468,24226,1362521,2433,5414,31394,945627,0.112474,18032,930610,0.110687,35472,1876237,0.223161,8407551
2,2021-03-09,69207,2838610,31758,1433226,33682,1396203,3767,9181,38644,958936,0.114057,30457,961067,0.11431,43766,1920003,0.228367,8407551
2,2021-03-10,76998,2915608,36664,1469890,33807,1430010,6527,15708,41112,972205,0.115635,35720,996787,0.118559,48989,1968992,0.234193,8407551
2,2021-03-11,91879,3007487,42439,1512329,41109,1471119,8331,24039,48330,986981,0.117392,43297,1040084,0.123708,58073,2027065,0.241101,8407551
2,2021-03-12,92658,3100145,38325,1550654,42374,1513493,11959,35998,46590,1001047,0.119065,45879,1085963,0.129165,59945,2087010,0.24823,8407551
2,2021-03-13,67944,3168089,28754,1579408,31293,1544786,7897,43895,37521,1017462,0.121018,30312,1116275,0.132771,46727,2133737,0.253788,8407551
2,2021-03-14,36446,3204535,18219,1597627,13735,1558521,4492,48387,18696,1023740,0.121764,17670,1133945,0.134872,23948,2157685,0.256637,8407551
2,2021-03-15,66663,3271198,30185,1627812,31497,1590018,4981,53368,37038,1037411,0.12339,29452,1163397,0.138375,43123,2200808,0.261766,8407551
2,2021-03-16,85536,3356734,37899,1665711,43665,1633683,3972,57340,52224,1061571,0.126264,33167,1196564,0.14232,57327,2258135,0.268584,8407551
2,2021-03-17,91566,3448300,43920,1709631,43526,1677209,4120,61460,58476,1092138,0.1299,32879,1229443,0.146231,63446,2321581,0.27613,8407551
2,2021-03-18,96830,3545130,46288,1755919,46087,1723296,4455,65915,59786,1120162,0.133233,36783,1266226,0.150606,64807,2386388,0.283839,8407551
2,2021-03-19,96575,3641705,45700,1801619,44790,1768086,6085,72000,58000,1146431,0.136357,38332,1304558,0.155165,64601,2450989,0.291522,8407551
2,2021-03-20,69027,3710732,33338,1834957,31792,1799878,3897,75897,45568,1172989,0.139516,23261,1327819,0.157932,49819,2500808,0.297448,8407551
2,2021-03-21,32919,3743651,21301,1856258,9649,1809527,1969,77866,20800,1184159,0.140845,12021,1339840,0.159362,23191,2523999,0.300206,8407551
2,2021-03-22,62176,3805827,34177,1890435,25367,1834894,2632,80498,41729,1209151,0.143817,20258,1360098,0.161771,45250,2569249,0.305588,8407551
2,2021-03-23,82968,3888795,44102,1934537,35987,1870881,2879,83377,52382,1234900,0.14688,30352,1390450,0.165381,56101,2625350,0.312261,8407551
2,2021-03-24,90871,3979666,49066,1983603,38684,1909565,3121,86498,54006,1256261,0.149421,36593,1427043,0.169733,57954,2683304,0.319154,8407551
2,2021-03-25,100485,4080151,50747,2034350,45880,1955445,3858,90356,57466,1275621,0.151723,42732,1469775,0.174816,62092,2745396,0.326539,8407551
2,2021-03-26,102631,4182782,51124,2085474,48047,2003492,3460,93816,56721,1291266,0.153584,45591,1515366,0.180239,61236,2806632,0.333823,8407551
2,2021-03-27,74695,4257477,37390,2122864,34009,2037501,3296,97112,37983,1296900,0.154254,36507,1551873,0.184581,42141,2848773,0.338835,8407551
2,2021-03-28,37335,4294812,23059,2145923,13474,2050975,802,97914,20419,1302041,0.154866,16811,1568684,0.18658,21952,2870725,0.341446,8407551
2,2021-03-29,70672,4365484,36130,2182053,32308,2083283,2234,100148,40703,1316055,0.156533,29813,1598497,0.190126,43827,2914552,0.346659,8407551
2,2021-03-30,91239,4456723,44788,2226841,42140,2125423,4311,104459,51639,1333190,0.158571,39425,1637922,0.194816,56560,2971112,0.353386,8407551
2,2021-03-31,100572,4557295,51959,2278800,43555,2168978,5058,109517,57782,1353847,0.161028,42541,1680463,0.199875,63198,3034310,0.360903,8407551
2,2021-04-01,116485,4673780,56396,2335196,51011,2219989,9078,118595,63953,1375088,0.163554,52238,1732701,0.206089,73479,3107789,0.369643,8407551
2,2021-04-02,110765,4784545,51189,2386385,49526,2269515,10050,128645,60020,1395231,0.16595,50427,1783128,0.212086,70570,3178359,0.378036,8407551
2,2021-04-03,76177,4860722,37385,2423770,29059,2298574,9733,138378,37956,1405282,0.167145,38046,1821174,0.216612,48097,3226456,0.383757,8407551
2,2021-04-04,28936,4889658,14870,2438640,10232,2308806,3834,142212,13116,1406533,0.167294,15744,1836918,0.218484,16995,3243451,0.385778,8407551
2,2021-04-05,78392,4968050,38516,2477156,31232,2340038,8644,150856,38319,1414339,0.168222,39939,1876857,0.223235,47745,3291196,0.391457,8407551
2,2021-04-06,102986,5071036,50209,2527365,38180,2378218,14597,165453,49104,1424832,0.169471,53658,1930515,0.229617,64151,3355347,0.399087,8407551
2,2021-04-07,109363,5180399,54664,2582029,38627,2416845,16072,181525,51854,1435833,0.170779,57261,1987776,0.236427,68262,3423609,0.407206,8407551
2,2021-04-08,117718,5298117,56667,2638696,42582,2459427,18469,199994,54830,1447147,0.172125,62619,2050395,0.243875,73933,3497542,0.416,8407551
2,2021-04-09,116943,5415060,56330,2695026,42759,2502186,17854,217848,55482,1460238,0.173682,61158,2111553,0.25115,74249,3571791,0.424831,8407551
2,2021-04-10,85587,5500647,37146,2732172,30556,2532742,17885,235733,35591,1464628,0.174204,49777,2161330,0.25707,54167,3625958,0.431274,8407551
2,2021-04-11,43879,5544526,22714,2754886,12668,2545410,8497,244230,17920,1465933,0.174359,25837,2187167,0.260143,27142,3653100,0.434502,8407551
2,2021-04-12,78856,5623382,36746,2791632,32865,2578275,9245,253475,35367,1468279,0.174638,43260,2230427,0.265289,45606,3698706,0.439927,8407551
2,2021-04-13,100496,5723878,52079,2843711,48167,2626442,250,253725,55206,1479528,0.175976,45086,2275513,0.270651,56335,3755041,0.446627,8407551
2,2021-04-14,105071,5828949,55135,2898846,49887,2676329,49,253774,54113,1484388,0.176554,50716,2326229,0.276683,55576,3810617,0.453237,8407551
2,2021-04-15,111639,5940588,59490,2958336,52083,2728412,66,253840,58741,1491658,0.177419,52570,2378799,0.282936,59840,3870457,0.460355,8407551
2,2021-04-16,108965,6049553,56676,3015012,52239,2780651,50,253890,55532,1494912,0.177806,53159,2431958,0.289259,56413,3926870,0.467065,8407551
2,2021-04-17,81690,6131243,41537,3056549,40139,2820790,14,253904,45970,1506224,0.179151,35523,2467481,0.293484,46835,3973705,0.472635,8407551
2,2021-04-18,33911,6165154,20283,3076832,13623,2834413,5,253909,16219,1505821,0.179103,17589,2485070,0.295576,17186,3990891,0.474679,8407551
2,2021-04-19,73472,6238626,39684,3116516,33777,2868190,11,253920,33676,1500543,0.178476,39577,2524647,0.300283,34299,4025190,0.478759,8407551
2,2021-04-20,94733,6333359,47322,3163838,47388,2915578,23,253943,46259,1499346,0.178333,48205,2572852,0.306017,47008,4072198,0.48435,8407551
2,2021-04-21,98862,6432221,52575,3216413,46234,2961812,53,253996,46834,1495412,0.177865,51689,2624541,0.312165,47755,4119953,0.49003,8407551
2,2021-04-22,105054,6537275,53850,3270263,51185,3012997,19,254015,46133,1483836,0.176488,58593,2683134,0.319134,47017,4166970,0.495622,8407551
2,2021-04-23,104422,6641697,55144,3325407,49262,3062259,16,254031,48378,1477429,0.175726,55699,2738833,0.325759,49292,4216262,0.501485,8407551
2,2021-04-24,78824,6720521,46721,3372128,32065,3094324,38,254069,41264,1482373,0.176314,37268,2776101,0.330191,42212,4258474,0.506506,8407551
2,2021-04-25,35913,6756434,22259,3394387,13640,3107964,14,254083,19663,1486367,0.17679,16136,2792237,0.332111,20130,4278604,0.5089,8407551
2,2021-04-26,67727,6824161,37817,3432204,29621,3137585,289,254372,30995,1482522,0.176332,36514,2828751,0.336454,32669,4311273,0.512786,8407551
2,2021-04-27,82156,6906317,43332,3475536,37691,3175276,1133,255505,35305,1473502,0.175259,46624,2875375,0.341999,37604,4348877,0.517258,8407551
2,2021-04-28,84749,6991066,44866,3520402,38041,3213317,1842,257347,37128,1465991,0.174366,47366,2922741,0.347633,39855,4388732,0.521999,8407551
2,2021-04-29,87206,7078272,47049,3567451,38491,3251808,1666,259013,33533,1448395,0.172273,53382,2976123,0.353982,35786,4424518,0.526255,8407551
2,2021-04-30,91431,7169703,50426,3617877,39070,3290878,1935,260948,35347,1430550,0.170151,55757,3031880,0.360614,37912,4462430,0.530765,8407551
2,2021-05-01,60463,7230166,36856,3654733,22068,3312946,1539,262487,23828,1420335,0.168936,36419,3068299,0.364946,26204,4488634,0.533881,8407551
2,2021-05-02,28756,7258922,19858,3674591,7929,3320875,969,263456,11078,1414897,0.168289,17574,3085873,0.367036,12136,4500770,0.535325,8407551
2,2021-05-03,59149,7318071,35157,3709748,21965,3342840,2027,265483,19845,1397915,0.166269,39107,3124980,0.371687,22125,4522895,0.537956,8407551
2,2021-05-04,77363,7395434,45874,3755622,29157,3371997,2332,267815,25214,1373938,0.163417,51909,3176889,0.377861,27932,4550827,0.541279,8407551
2,2021-05-05,77598,7473032,45904,3801526,29386,3401383,2308,270123,24298,1347889,0.160319,52990,3229879,0.384164,26941,4577768,0.544483,8407551
2,2021-05-06,79823,7552855,48023,3849549,28938,3430321,2862,272985,24510,1320976,0.157118,54909,3284788,0.390695,27996,4605764,0.547813,8407551
2,2021-05-07,80681,7633536,46475,3896024,31813,3462134,2393,275378,24970,1293376,0.153835,55409,3340197,0.397285,27809,4633573,0.55112,8407551
2,2021-05-08,52781,7686317,31898,3927922,19236,3481370,1647,277025,16583,1276328,0.151807,35960,3376157,0.401562,18912,4652485,0.55337,8407551
2,2021-05-09,21161,7707478,15141,3943063,5279,3486649,741,277766,6346,1268941,0.150929,14695,3390852,0.40331,7308,4659793,0.554239,8407551
2,2021-05-10,48436,7755914,26287,3969350,20331,3506980,1818,279584,13881,1250884,0.148781,34340,3425192,0.407395,16283,4676076,0.556176,8407551
2,2021-05-11,61780,7817694,32854,4002204,26958,3533938,1968,281552,18644,1229243,0.146207,42898,3468090,0.412497,21257,4697333,0.558704,8407551
2,2021-05-12,60209,7877903,31762,4033966,26439,3560377,2008,283560,18034,1207704,0.143645,41941,3510031,0.417486,20402,4717735,0.561131,8407551
2,2021-05-13,64066,7941969,37157,4071123,25062,3585439,1847,285407,23453,1193301,0.141932,40379,3550410,0.422288,25976,4743711,0.56422,8407551
2,2021-05-14,76333,8018302,45692,4116815,28549,3613988,2092,287499,29769,1179541,0.140295,46259,3596669,0.42779,32499,4776210,0.568086,8407551
2,2021-05-15,64235,8082537,42264,4159079,20317,3634305,1654,289153,24888,1167318,0.138842,39131,3635800,0.432445,26908,4803118,0.571286,8407551
2,2021-05-16,29506,8112043,22230,4181309,6367,3640672,909,290062,12233,1163412,0.138377,17174,3652974,0.434487,13268,4816386,0.572864,8407551
2,2021-05-17,56399,8168442,35929,4217238,18588,3659260,1882,291944,23673,1156782,0.137588,32541,3685515,0.438358,25911,4842297,0.575946,8407551
2,2021-05-18,68303,8236745,40110,4257348,26266,3685526,1927,293871,28562,1148303,0.13658,39497,3725012,0.443056,31018,4873315,0.579635,8407551
2,2021-05-19,67138,8303883,39996,4297344,25243,3710769,1899,295770,27932,1139651,0.135551,38935,3763947,0.447686,30283,4903598,0.583237,8407551
2,2021-05-20,57548,8361431,33092,4330436,22551,3733320,1905,297675,22689,1130105,0.134415,34637,3798584,0.451806,25091,4928689,0.586222,8407551
2,2021-05-21,60120,8421551,35649,4366085,22595,3755915,1876,299551,23988,1120500,0.133273,35913,3834497,0.456078,26308,4954997,0.589351,8407551
2,2021-05-22,42635,8464186,27392,4393477,13691,3769606,1552,301103,18500,1116989,0.132855,23997,3858494,0.458932,20486,4975483,0.591787,8407551
2,2021-05-23,16423,8480609,12092,4405569,3758,3773364,573,301676,7533,1116331,0.132777,8826,3867320,0.459982,8168,4983651,0.592759,8407551
2,2021-05-24,25066,8505675,14130,4419699,9828,3783192,1108,302784,8590,1109889,0.132011,16362,3883682,0.461928,9920,4993571,0.593939,8407551
3,2020-12-15,304,304,304,304,0,0,0,0,304,304,3.7e-05,0,0,0.0,304,304,3.7e-05,8129050
3,2020-12-16,2308,2612,2308,2612,0,0,0,0,2309,2613,0.000321,0,0,0.0,2309,2613,0.000321,8129050
3,2020-12-17,7660,10272,7660,10272,0,0,0,0,7660,10273,0.001264,0,0,0.0,7660,10273,0.001264,8129050
3,2020-12-18,13091,23363,13078,23350,13,13,0,0,13090,23363,0.002874,0,0,0.0,13090,23363,0.002874,8129050
3,2020-12-19,7190,30553,7179,30529,11,24,0,0,7254,30617,0.003766,0,0,0.0,7254,30617,0.003766,8129050
3,2020-12-20,5629,36182,5622,36151,7,31,0,0,5676,36292,0.004464,1,1,0.0,5676,36293,0.004465,8129050
3,2020-12-21,14313,50495,14289,50440,24,55,0,0,14376,50667,0.006233,1,2,0.0,14376,50669,0.006233,8129050
3,2020-12-22,14743,65238,14169,64609,574,629,0,0,14782,65449,0.008051,0,2,0.0,14782,65451,0.008051,8129050
3,2020-12-23,14766,80004,12170,76779,2596,3225,0,0,14792,80241,0.009871,0,2,0.0,14792,80243,0.009871,8129050
3,2020-12-24,6774,86778,4860,81639,1914,5139,0,0,6772,87012,0.010704,1,3,0.0,6772,87015,0.010704,8129050
3,2020-12-25,721,87499,665,82304,56,5195,0,0,720,87732,0.010792,0,3,0.0,720,87735,0.010793,8129050
3,2020-12-26,4602,92101,2987,85291,1615,6810,0,0,4600,92332,0.011358,0,3,0.0,4600,92335,0.011359,8129050
3,2020-12-27,2955,95056,1837,87128,1118,7928,0,0,2956,95288,0.011722,0,3,0.0,2956,95291,0.011722,8129050
3,2020-12-28,13519,108575,8655,95783,4864,12792,0,0,13547,108834,0.013388,1,4,0.0,13547,108838,0.013389,8129050
3,2020-12-29,14913,123488,8416,104199,6497,19289,0,0,14941,123773,0.015226,2,6,1e-06,14941,123779,0.015227,8129050
3,2020-12-30,17943,141431,9983,114182,7960,27249,0,0,17930,141703,0.017432,0,6,1e-06,17930,141709,0.017432,8129050
3,2020-12-31,8377,149808,3215,117397,5162,32411,0,0,8377,150079,0.018462,1,7,1e-06,8377,150086,0.018463,8129050
3,2021-01-01,1201,151009,552,117949,649,33060,0,0,1198,151277,0.018609,0,7,1e-06,1198,151284,0.01861,8129050
3,2021-01-02,4937,155946,2461,120410,2476,35536,0,0,4937,156214,0.019217,0,7,1e-06,4937,156221,0.019218,8129050
3,2021-01-03,1597,157543,881,121291,716,36252,0,0,1588,157798,0.019412,4,11,1e-06,1588,157809,0.019413,8129050
3,2021-01-04,11961,169504,6010,127301,5951,42203,0,0,11934,169725,0.020879,7,18,2e-06,11934,169743,0.020881,8129050
3,2021-01-05,15611,185115,8157,135458,7454,49657,0,0,14010,182173,0.02241,1587,1605,0.000197,14035,183778,0.022608,8129050
3,2021-01-06,20467,205582,10832,146290,9635,59292,0,0,16053,193859,0.023848,4374,5979,0.000736,16060,199838,0.024583,8129050
3,2021-01-07,26356,231938,15080,161370,11276,70568,0,0,17161,201868,0.024833,9166,15145,0.001863,17175,217013,0.026696,8129050
3,2021-01-08,30242,262180,18493,179863,11749,82317,0,0,18076,207820,0.025565,12145,27290,0.003357,18097,235110,0.028922,8129050
3,2021-01-09,12337,274517,6988,186851,5349,87666,0,0,7851,211199,0.025981,4480,31770,0.003908,7859,242969,0.029889,8129050
3,2021-01-10,7157,281674,4515,191366,2642,90308,0,0,4018,212084,0.02609,3137,34907,0.004294,4022,246991,0.030384,8129050
3,2021-01-11,28795,310469,18862,210228,9933,100241,0,0,16286,215909,0.02656,12504,47411,0.005832,16329,263320,0.032392,8129050
3,2021-01-12,32158,342627,19260,229488,12898,113139,0,0,19769,223390,0.02748,12373,59784,0.007354,19854,283174,0.034835,8129050
3,2021-01-13,34254,376881,17899,247387,16355,129494,0,0,24174,237501,0.029216,10081,69865,0.008594,24192,307366,0.037811,8129050
3,2021-01-14,34438,411319,14166,261553,20272,149766,0,0,28568,260265,0.032017,5838,75703,0.009313,28602,335968,0.041329,8129050
3,2021-01-15,38607,449926,14351,275904,24256,174022,0,0,34004,289736,0.035642,4594,80297,0.009878,34065,370033,0.04552,8129050
3,2021-01-16,21710,471636,7576,283480,14134,188156,0,0,19402,306865,0.037749,2294,82591,0.01016,19423,389456,0.047909,8129050
3,2021-01-17,13046,484682,4400,287880,8646,196802,0,0,12022,317883,0.039105,1023,83614,0.010286,12041,401497,0.04939,8129050
3,2021-01-18,24613,509295,12843,300723,11770,208572,0,0,19089,331474,0.040776,5542,89156,0.010968,19133,420630,0.051744,8129050
3,2021-01-19,40741,550036,20832,321555,19909,228481,0,0,31713,354264,0.04358,9003,98159,0.012075,31793,452423,0.055655,8129050
3,2021-01-20,44798,594834,22052,343607,22746,251227,0,0,35532,380650,0.046826,9223,107382,0.01321,35609,488032,0.060036,8129050
3,2021-01-21,47389,642223,20527,364134,26862,278089,0,0,41973,417343,0.05134,5344,112726,0.013867,42037,530069,0.065207,8129050
3,2021-01-22,49338,691561,19689,383823,29649,307738,0,0,45225,458511,0.056404,4119,116845,0.014374,45287,575356,0.070778,8129050
3,2021-01-23,30009,721570,12733,396556,17276,325014,0,0,26752,482063,0.059301,3247,120092,0.014773,26799,602155,0.074074,8129050
3,2021-01-24,17605,739175,8478,405034,9127,334141,0,0,16460,497406,0.061189,1143,121235,0.014914,16486,618641,0.076102,8129050
3,2021-01-25,40425,779600,18120,423154,22305,356446,0,0,30546,518174,0.063743,9861,131096,0.016127,30629,649270,0.07987,8129050
3,2021-01-26,46702,826302,22368,445522,24334,380780,0,0,36723,545030,0.067047,9969,141065,0.017353,36825,686095,0.0844,8129050
3,2021-01-27,50277,876579,24313,469835,25964,406744,0,0,39842,574579,0.070682,10368,151433,0.018629,39917,726012,0.089311,8129050
3,2021-01-28,51310,927889,23849,493684,27461,434205,0,0,42483,608365,0.074838,8746,160179,0.019705,42532,768544,0.094543,8129050
3,2021-01-29,50291,978180,24273,517957,26018,460223,0,0,40793,639891,0.078717,9312,169491,0.02085,40838,809382,0.099567,8129050
3,2021-01-30,36789,1014969,17554,535511,19235,479458,0,0,32110,667453,0.082107,4627,174118,0.021419,32189,841571,0.103526,8129050
3,2021-01-31,22024,1036993,12635,548146,9389,488847,0,0,20697,686850,0.084493,1317,175435,0.021581,20714,862285,0.106075,8129050
3,2021-02-01,45459,1082452,20813,568959,24646,513493,0,0,34773,711013,0.087466,10645,186080,0.022891,34808,897093,0.110356,8129050
3,2021-02-02,53758,1136210,22386,591345,31372,544865,0,0,41458,740303,0.091069,12218,198298,0.024394,41508,938601,0.115463,8129050
3,2021-02-03,59645,1195855,26623,617968,33022,577887,0,0,44379,769641,0.094678,15109,213407,0.026252,44447,983048,0.12093,8129050
3,2021-02-04,63939,1259794,27799,645767,36140,614027,0,0,46956,799902,0.0984,16799,230206,0.028319,47060,1030108,0.126719,8129050
3,2021-02-05,69726,1329520,29667,675434,40059,654086,0,0,48247,827043,0.101739,21266,251472,0.030935,48407,1078515,0.132674,8129050
3,2021-02-06,43417,1372937,21129,696563,22288,676374,0,0,33722,851280,0.104721,9665,261137,0.032124,33902,1112417,0.136845,8129050
3,2021-02-07,19434,1392371,12316,708879,7118,683492,0,0,14969,861922,0.10603,4453,265590,0.032672,15095,1127512,0.138702,8129050
3,2021-02-08,50808,1443179,24531,733410,26277,709769,0,0,33369,878139,0.108025,17335,282925,0.034804,33552,1161064,0.142829,8129050
3,2021-02-09,58145,1501324,28315,761725,29830,739599,0,0,34172,888851,0.109343,23804,306729,0.037732,34516,1195580,0.147075,8129050
3,2021-02-10,67422,1568746,31363,793088,36059,775658,0,0,36617,895413,0.11015,30583,337312,0.041495,37145,1232725,0.151644,8129050
3,2021-02-11,70124,1638870,34621,827709,35503,811161,0,0,37615,901385,0.110884,32172,369484,0.045452,38144,1270869,0.156337,8129050
3,2021-02-12,74781,1713651,32415,860124,42366,853527,0,0,41418,910482,0.112003,33080,402564,0.049522,42177,1313046,0.161525,8129050
3,2021-02-13,44552,1758203,20249,880373,24303,877830,0,0,25745,918096,0.11294,18711,421275,0.051823,26325,1339371,0.164764,8129050
3,2021-02-14,27062,1785265,13502,893875,13560,891390,0,0,15122,921771,0.113392,11895,433170,0.053287,15570,1354941,0.166679,8129050
3,2021-02-15,39734,1824999,17120,910995,22614,914004,0,0,22049,927153,0.114054,17602,450772,0.055452,22984,1377925,0.169506,8129050
3,2021-02-16,69456,1894455,32850,943845,36606,950610,0,0,36229,931306,0.114565,33100,483872,0.059524,37253,1415178,0.174089,8129050
3,2021-02-17,71166,1965621,36009,979854,35157,985767,0,0,33978,929375,0.114328,36980,520852,0.064073,35049,1450227,0.178401,8129050
3,2021-02-18,76222,2041843,39802,1019656,36420,1022187,0,0,35418,925465,0.113847,40666,561518,0.069075,36756,1486983,0.182922,8129050
3,2021-02-19,67951,2109794,39184,1058840,28767,1050954,0,0,34455,927208,0.114061,33400,594918,0.073184,35143,1522126,0.187245,8129050
3,2021-02-20,41569,2151363,26343,1085183,15226,1066180,0,0,22066,930349,0.114447,19418,614336,0.075573,22559,1544685,0.19002,8129050
3,2021-02-21,22398,2173761,18637,1103820,3761,1069941,0,0,10718,929828,0.114383,11618,625954,0.077002,11097,1555782,0.191385,8129050
3,2021-02-22,44850,2218611,29244,1133064,15606,1085547,0,0,21275,928085,0.114169,23500,649454,0.079893,21757,1577539,0.194062,8129050
3,2021-02-23,60303,2278914,32963,1166027,27340,1112887,0,0,26725,923352,0.113587,33440,682894,0.084007,28707,1606246,0.197593,8129050
3,2021-02-24,76191,2355105,37309,1203336,38882,1151769,0,0,34186,918189,0.112952,41849,724743,0.089155,36686,1642932,0.202106,8129050
3,2021-02-25,85132,2440237,41384,1244720,43748,1195517,0,0,42866,921583,0.113369,42049,766792,0.094327,45443,1688375,0.207696,8129050
3,2021-02-26,95472,2535709,43521,1288241,51951,1247468,0,0,51131,930886,0.114514,44023,810815,0.099743,53326,1741701,0.214256,8129050
3,2021-02-27,67497,2603206,31115,1319356,36379,1283847,3,3,35883,936630,0.11522,31443,842258,0.103611,37187,1778888,0.218831,8129050
3,2021-02-28,37643,2640849,21878,1341234,15764,1299611,1,4,19536,939150,0.11553,17965,860223,0.105821,20485,1799373,0.221351,8129050
3,2021-03-01,65734,2706583,35005,1376239,30713,1330324,16,20,36792,948496,0.11668,28792,889015,0.109363,38138,1837511,0.226043,8129050
3,2021-03-02,77409,2783992,38360,1414599,39045,1369369,4,24,45455,964177,0.118609,31839,920854,0.113279,47520,1885031,0.231888,8129050
3,2021-03-03,87697,2871689,41955,1456554,45728,1415097,14,38,49078,977080,0.120196,38447,959301,0.118009,51350,1936381,0.238205,8129050
3,2021-03-04,92271,2963960,45409,1501963,46847,1461944,15,53,52584,992442,0.122086,39503,998804,0.122868,54865,1991246,0.244954,8129050
3,2021-03-05,88776,3052736,43721,1545684,44765,1506709,290,343,54376,1015139,0.124878,34189,1032993,0.127074,56886,2048132,0.251952,8129050
3,2021-03-06,64507,3117243,32708,1578392,29663,1536372,2136,2479,37043,1028453,0.126516,27335,1060328,0.130437,40649,2088781,0.256953,8129050
3,2021-03-07,37240,3154483,22272,1600664,13859,1550231,1109,3588,21506,1036548,0.127512,15683,1076011,0.132366,23778,2112559,0.259878,8129050
3,2021-03-08,58438,3212921,27982,1628646,27636,1577867,2820,6408,37200,1057012,0.130029,21108,1097119,0.134963,41572,2154131,0.264992,8129050
3,2021-03-09,75935,3288856,35336,1663982,36262,1614129,4337,10745,41089,1068878,0.131489,34737,1131856,0.139236,46603,2200734,0.270725,8129050
3,2021-03-10,81993,3370849,41149,1705131,34818,1648947,6026,16771,43008,1080505,0.132919,38813,1170669,0.144011,50440,2251174,0.27693,8129050
3,2021-03-11,96034,3466883,46988,1752119,40529,1689476,8517,25288,47289,1088904,0.133952,48522,1219191,0.14998,56921,2308095,0.283932,8129050
3,2021-03-12,101084,3567967,45171,1797290,44070,1733546,11843,37131,46604,1094207,0.134605,54302,1273493,0.15666,59605,2367700,0.291264,8129050
3,2021-03-13,69227,3637194,29550,1826840,32478,1766024,7199,44330,36478,1106635,0.136133,32647,1306140,0.160676,45075,2412775,0.296809,8129050
3,2021-03-14,40627,3677821,21498,1848338,15611,1781635,3518,47848,20885,1111992,0.136792,19682,1325822,0.163097,25039,2437814,0.299889,8129050
3,2021-03-15,74914,3752735,35639,1883977,34757,1816392,4518,52366,39733,1122234,0.138052,35017,1360839,0.167404,45259,2483073,0.305457,8129050
3,2021-03-16,94319,3847054,43536,1927513,46493,1862885,4290,56656,53440,1140193,0.140262,40696,1401535,0.172411,58655,2541728,0.312672,8129050
3,2021-03-17,96954,3944008,47154,1974667,45357,1908242,4443,61099,59325,1167202,0.143584,37432,1438967,0.177015,64441,2606169,0.320599,8129050
3,2021-03-18,102222,4046230,52000,2026667,45824,1954066,4398,65497,59549,1189257,0.146297,42448,1481415,0.182237,64503,2670672,0.328534,8129050
3,2021-03-19,102230,4148460,54852,2081519,42967,1997033,4411,69908,57979,1208172,0.148624,44019,1525434,0.187652,62934,2733606,0.336276,8129050
3,2021-03-20,70929,4219389,36627,2118146,30719,2027752,3583,73491,44292,1230070,0.151318,26478,1551912,0.190909,48376,2781982,0.342227,8129050
3,2021-03-21,35758,4255147,24401,2142547,9870,2037622,1487,74978,23118,1242578,0.152856,12567,1564479,0.192455,25075,2807057,0.345312,8129050
3,2021-03-22,69765,4324912,41051,2183598,26211,2063833,2503,77481,45247,1267008,0.155862,24333,1588812,0.195449,48763,2855820,0.35131,8129050
3,2021-03-23,88964,4413876,49141,2232739,37322,2101155,2501,79982,55131,1291739,0.158904,33606,1622418,0.199583,58337,2914157,0.358487,8129050
3,2021-03-24,97982,4511858,56529,2289268,38605,2139760,2848,82830,56618,1310754,0.161243,41062,1663480,0.204634,60077,2974234,0.365877,8129050
3,2021-03-25,106520,4618378,59384,2348652,44224,2183984,2912,85742,60753,1329581,0.163559,45487,1708967,0.21023,64314,3038548,0.373789,8129050
3,2021-03-26,109714,4728092,59024,2407676,47452,2231436,3238,88980,57460,1339139,0.164735,51985,1760952,0.216625,61543,3100091,0.38136,8129050
3,2021-03-27,73747,4801839,37562,2445238,33649,2265085,2536,91516,36428,1341639,0.165043,37139,1798091,0.221193,39639,3139730,0.386236,8129050
3,2021-03-28,43860,4845699,27754,2472992,15301,2280386,805,92321,22727,1344635,0.165411,21036,1819127,0.223781,24032,3163762,0.389192,8129050
3,2021-03-29,80058,4925757,41935,2514927,36294,2316680,1829,94150,44587,1356582,0.166881,35268,1854395,0.22812,47215,3210977,0.395,8129050
3,2021-03-30,99346,5025103,48981,2563908,46761,2363441,3604,97754,56008,1373678,0.168984,43121,1897516,0.233424,60217,3271194,0.402408,8129050
3,2021-03-31,104370,5129473,56470,2620378,43107,2406548,4793,102547,56390,1387392,0.170671,47807,1945323,0.239305,61521,3332715,0.409976,8129050
3,2021-04-01,122526,5251999,62178,2682556,50757,2457305,9591,112138,66722,1408545,0.173273,55518,2000841,0.246135,76671,3409386,0.419408,8129050
3,2021-04-02,117072,5369071,57250,2739806,49618,2506923,10204,122342,62266,1426975,0.17554,54575,2055416,0.252848,73005,3482391,0.428388,8129050
3,2021-04-03,75644,5444715,38697,2778503,27778,2534701,9169,131511,37852,1436663,0.176732,37679,2093095,0.257483,47367,3529758,0.434215,8129050
3,2021-04-04,32270,5476985,17254,2795757,10838,2545539,4178,135689,14235,1437148,0.176792,17969,2111064,0.259694,18454,3548212,0.436485,8129050
3,2021-04-05,88384,5565369,44967,2840724,34446,2579985,8971,144660,43517,1445791,0.177855,44694,2155758,0.265192,53337,3601549,0.443047,8129050
3,2021-04-06,112412,5677781,54837,2895561,42538,2622523,15037,159697,53173,1455747,0.17908,59009,2214767,0.272451,68965,3670514,0.45153,8129050
3,2021-04-07,115204,5792985,59916,2955477,39162,2661685,16126,175823,56055,1469307,0.180748,58944,2273711,0.279702,72504,3743018,0.46045,8129050
3,2021-04-08,120012,5912997,60041,3015518,40138,2701823,19833,195656,55914,1481999,0.182309,63853,2337564,0.287557,76545,3819563,0.469866,8129050
3,2021-04-09,116771,6029768,58398,3073916,39505,2741328,18868,214524,51464,1488152,0.183066,65110,2402674,0.295566,71263,3890826,0.478632,8129050
3,2021-04-10,82558,6112326,37471,3111387,30067,2771395,15020,229544,33749,1489094,0.183182,48666,2451340,0.301553,49608,3940434,0.484735,8129050
3,2021-04-11,44609,6156935,23984,3135371,12681,2784076,7944,237488,16994,1487332,0.182965,27536,2478876,0.30494,25774,3966208,0.487905,8129050
3,2021-04-12,82878,6239813,41988,3177359,32306,2816382,8584,246072,37848,1489987,0.183292,44850,2523726,0.310458,47505,4013713,0.493749,8129050
3,2021-04-13,104239,6344052,56534,3233893,47498,2863880,207,246279,55232,1497469,0.184212,48826,2572552,0.316464,56308,4070021,0.500676,8129050
3,2021-04-14,105395,6449447,57800,3291693,47504,2911384,91,246370,53077,1499972,0.18452,52083,2624635,0.322871,54586,4124607,0.507391,8129050
3,2021-04-15,117802,6567249,66396,3358089,51350,2962734,56,246426,63484,1510210,0.185779,54086,2678721,0.329524,64324,4188931,0.515304,8129050
3,2021-04-16,113729,6680978,63898,3421987,49741,3012475,90,246516,59610,1516679,0.186575,53882,2732603,0.336153,60351,4249282,0.522728,8129050
3,2021-04-17,77856,6758834,42533,3464520,35312,3047787,11,246527,43450,1526849,0.187826,34242,2766845,0.340365,44412,4293694,0.528191,8129050
3,2021-04-18,36866,6795700,21842,3486362,15021,3062808,3,246530,17354,1525625,0.187676,19436,2786281,0.342756,18212,4311906,0.530432,8129050
3,2021-04-19,77884,6873584,43619,3529981,34214,3097022,51,246581,35249,1518950,0.186855,42504,2828785,0.347985,35829,4347735,0.534839,8129050
3,2021-04-20,97738,6971322,50689,3580670,47036,3144058,13,246594,47697,1517847,0.186719,49850,2878635,0.354117,48747,4396482,0.540836,8129050
3,2021-04-21,100675,7071997,55563,3636233,45049,3189107,63,246657,47661,1513781,0.186219,52747,2931382,0.360606,48681,4445163,0.546824,8129050
3,2021-04-22,108478,7180475,60570,3696803,47887,3236994,21,246678,46880,1500288,0.184559,61329,2992711,0.36815,47836,4492999,0.552709,8129050
3,2021-04-23,102822,7283297,58388,3755191,44412,3281406,22,246700,45110,1488986,0.183169,57425,3050136,0.375214,46123,4539122,0.558383,8129050
3,2021-04-24,72564,7355861,45034,3800225,27472,3308878,58,246758,35480,1488631,0.183125,36855,3086991,0.379748,36500,4575622,0.562873,8129050
3,2021-04-25,36145,7392006,23358,3823583,12773,3321651,14,246772,18682,1490355,0.183337,17354,3104345,0.381883,19078,4594700,0.56522,8129050
3,2021-04-26,67258,7459264,37967,3861550,28911,3350562,380,247152,28661,1482278,0.182343,38401,3142746,0.386607,30324,4625024,0.56895,8129050
3,2021-04-27,84658,7543922,44422,3905972,38828,3389390,1408,248560,33906,1467823,0.180565,50498,3193244,0.392819,36043,4661067,0.573384,8129050
3,2021-04-28,83453,7627375,47036,3953008,34337,3423727,2080,250640,33814,1454827,0.178966,49417,3242661,0.398898,36421,4697488,0.577864,8129050
3,2021-04-29,85332,7712707,48480,4001488,34700,3458427,2152,252792,29854,1432074,0.176167,55230,3297891,0.405692,32477,4729965,0.58186,8129050
3,2021-04-30,87946,7800653,49492,4050980,36016,3494443,2438,255230,32658,1412562,0.173767,55051,3352942,0.412464,35539,4765504,0.586231,8129050
3,2021-05-01,54193,7854846,34272,4085252,18489,3512932,1432,256662,19538,1399498,0.17216,34508,3387450,0.416709,21444,4786948,0.588869,8129050
3,2021-05-02,26488,7881334,18012,4103264,7469,3520401,1007,257669,9781,1393739,0.171452,16647,3404097,0.418757,10888,4797836,0.590209,8129050
3,2021-05-03,58661,7939995,34478,4137742,21858,3542259,2325,259994,17194,1372129,0.168793,41305,3445402,0.423838,19695,4817531,0.592631,8129050
3,2021-05-04,75314,8015309,43104,4180846,29591,3571850,2619,262613,22011,1343981,0.165331,53055,3498457,0.430365,24907,4842438,0.595695,8129050
3,2021-05-05,76234,8091543,45497,4226343,28094,3599944,2643,265256,20998,1312911,0.161509,54970,3553427,0.437127,23900,4866338,0.598636,8129050
3,2021-05-06,80863,8172406,51028,4277371,27386,3627330,2449,267705,20267,1275953,0.156962,60223,3613650,0.444535,23265,4889603,0.601497,8129050
3,2021-05-07,79551,8251957,49294,4326665,27686,3655016,2571,270276,21346,1242242,0.152815,57921,3671571,0.451661,24210,4913813,0.604476,8129050
3,2021-05-08,50113,8302070,30938,4357603,17545,3672561,1630,271906,13407,1221113,0.150216,36412,3707983,0.45614,15283,4929096,0.606356,8129050
3,2021-05-09,20335,8322405,14708,4372311,4841,3677402,786,272692,5605,1212961,0.149213,14610,3722593,0.457937,6458,4935554,0.60715,8129050
3,2021-05-10,46303,8368708,24811,4397122,19614,3697016,1878,274570,11031,1191044,0.146517,35079,3757672,0.462252,13162,4948716,0.608769,8129050
3,2021-05-11,59583,8428291,32853,4429975,24703,3721719,2027,276597,15116,1164343,0.143232,44272,3801944,0.467698,17571,4966287,0.610931,8129050
3,2021-05-12,59204,8487495,33728,4463703,23319,3745038,2157,278754,15631,1139029,0.140118,43369,3845313,0.473034,18055,4984342,0.613152,8129050
3,2021-05-13,67561,8555056,42484,4506187,23303,3768341,1774,280528,24586,1123206,0.138172,42752,3888065,0.478293,26929,5011271,0.616465,8129050
3,2021-05-14,77479,8632535,49062,4555249,26335,3794676,2082,282610,30651,1109936,0.136539,46589,3934654,0.484024,33319,5044590,0.620563,8129050
3,2021-05-15,60281,8692816,41527,4596776,17569,3812245,1185,283795,25015,1101242,0.13547,35102,3969756,0.488342,26408,5070998,0.623812,8129050
3,2021-05-16,29874,8722690,22886,4619662,6314,3818559,674,284469,12151,1096505,0.134887,17636,3987392,0.490511,12899,5083897,0.625399,8129050
3,2021-05-17,55225,8777915,35425,4655087,18038,3836597,1762,286231,21914,1087303,0.133755,33077,4020469,0.49458,23875,5107772,0.628336,8129050
3,2021-05-18,62698,8840613,37332,4692419,23547,3860144,1819,288050,24952,1076937,0.13248,37513,4057982,0.499195,27147,5134919,0.631675,8129050
3,2021-05-19,61760,8902373,37719,4730138,22371,3882515,1670,289720,25403,1068127,0.131396,36139,4094121,0.503641,27329,5162248,0.635037,8129050
3,2021-05-20,50392,8952765,29698,4759836,19136,3901651,1558,291278,19118,1058008,0.130151,31063,4125184,0.507462,20944,5183192,0.637613,8129050
3,2021-05-21,53763,9006528,32979,4792815,19017,3920668,1767,293045,19787,1046030,0.128678,33753,4158937,0.511614,21775,5204967,0.640292,8129050
3,2021-05-22,35693,9042221,24103,4816918,10373,3931041,1217,294262,15555,1042962,0.128301,20005,4178942,0.514075,16937,5221904,0.642376,8129050
3,2021-05-23,13771,9055992,10363,4827281,2926,3933967,482,294744,6305,1042384,0.128229,7413,4186355,0.514987,6835,5228739,0.643216,8129050
3,2021-05-24,20364,9076356,11873,4839154,7554,3941521,937,295681,6449,1036003,0.127445,13847,4200202,0.51669,7466,5236205,0.644135,8129050
4,2020-12-15,445,445,445,445,0,0,0,0,445,445,5.5e-05,0,0,0.0,445,445,5.5e-05,8037679
4,2020-12-16,2980,3425,2980,3425,0,0,0,0,2980,3425,0.000426,0,0,0.0,2980,3425,0.000426,8037679
4,2020-12-17,8547,11972,8547,11972,0,0,0,0,8547,11972,0.001489,0,0,0.0,8547,11972,0.001489,8037679
4,2020-12-18,15414,27386,15405,27377,9,9,0,0,15414,27386,0.003407,0,0,0.0,15414,27386,0.003407,8037679
4,2020-12-19,10244,37630,10237,37614,7,16,0,0,10179,37565,0.004674,0,0,0.0,10179,37565,0.004674,8037679
4,2020-12-20,7359,44989,7352,44966,7,23,0,0,7314,44879,0.005584,0,0,0.0,7314,44879,0.005584,8037679
4,2020-12-21,16293,61282,16270,61236,23,46,0,0,16227,61106,0.007602,0,0,0.0,16227,61106,0.007602,8037679
4,2020-12-22,17123,78405,16391,77627,732,778,0,0,17079,78185,0.009727,0,0,0.0,17079,78185,0.009727,8037679
4,2020-12-23,17004,95409,14310,91937,2694,3472,0,0,16976,95161,0.011839,0,0,0.0,16976,95161,0.011839,8037679
4,2020-12-24,8539,103948,5959,97896,2580,6052,0,0,8539,103700,0.012902,0,0,0.0,8539,103700,0.012902,8037679
4,2020-12-25,900,104848,796,98692,104,6156,0,0,900,104600,0.013014,0,0,0.0,900,104600,0.013014,8037679
4,2020-12-26,6171,111019,3870,102562,2301,8457,0,0,6171,110771,0.013781,0,0,0.0,6171,110771,0.013781,8037679
4,2020-12-27,3416,114435,1994,104556,1422,9879,0,0,3416,114187,0.014206,0,0,0.0,3416,114187,0.014206,8037679
4,2020-12-28,14955,129390,9241,113797,5714,15593,0,0,14925,129111,0.016063,1,1,0.0,14925,129112,0.016063,8037679
4,2020-12-29,15245,144635,8434,122231,6811,22404,0,0,15212,144323,0.017956,0,1,0.0,15212,144324,0.017956,8037679
4,2020-12-30,18849,163484,11028,133259,7821,30225,0,0,18837,163158,0.020299,2,3,0.0,18837,163161,0.0203,8037679
4,2020-12-31,8197,171681,3320,136579,4877,35102,0,0,8191,171346,0.021318,3,6,1e-06,8191,171352,0.021319,8037679
4,2021-01-01,1272,172953,538,137117,734,35836,0,0,1270,172614,0.021476,2,8,1e-06,1270,172622,0.021477,8037679
4,2021-01-02,5673,178626,3227,140344,2446,38282,0,0,5672,178285,0.022181,1,9,1e-06,5672,178294,0.022182,8037679
4,2021-01-03,2123,180749,1278,141622,845,39127,0,0,2109,180390,0.022443,4,13,2e-06,2109,180403,0.022445,8037679
4,2021-01-04,12966,193715,7084,148706,5882,45009,0,0,12918,193278,0.024046,30,43,5e-06,12918,193321,0.024052,8037679
4,2021-01-05,16792,210507,9989,158695,6803,51812,0,0,14765,206048,0.025635,2006,2049,0.000255,14776,208097,0.02589,8037679
4,2021-01-06,21466,231973,13167,171862,8299,60111,0,0,15607,215861,0.026856,5807,7856,0.000977,15620,223717,0.027834,8037679
4,2021-01-07,27775,259748,16950,188812,10825,70936,0,0,16975,222109,0.027633,10743,18599,0.002314,16991,240708,0.029947,8037679
4,2021-01-08,32632,292380,20935,209747,11697,82633,0,0,18484,226533,0.028184,14079,32678,0.004066,18503,259211,0.032249,8037679
4,2021-01-09,16167,308547,9566,219313,6601,89234,0,0,9423,229246,0.028521,6721,39399,0.004902,9434,268645,0.033423,8037679
4,2021-01-10,8712,317259,5660,224973,3052,92286,0,0,4109,228781,0.028464,4582,43981,0.005472,4117,272762,0.033935,8037679
4,2021-01-11,33280,350539,21811,246784,11469,103755,0,0,18783,233148,0.029007,14455,58436,0.00727,18822,291584,0.036277,8037679
4,2021-01-12,38263,388802,22031,268815,16232,119987,0,0,24247,243468,0.030291,13967,72403,0.009008,24287,315871,0.039299,8037679
4,2021-01-13,38449,427251,18930,287745,19519,139506,0,0,27242,259582,0.032296,11153,83556,0.010396,27267,343138,0.042691,8037679
4,2021-01-14,38958,466209,14891,302636,24067,163573,0,0,31910,284520,0.035398,7001,90557,0.011267,31939,375077,0.046665,8037679
4,2021-01-15,45105,511314,15610,318246,29495,193068,0,0,39592,318676,0.039648,5456,96013,0.011945,39612,414689,0.051593,8037679
4,2021-01-16,28526,539840,9326,327572,19200,212268,0,0,25420,341043,0.042431,3069,99082,0.012327,25436,440125,0.054758,8037679
4,2021-01-17,18958,558798,6653,334225,12305,224573,0,0,17449,357023,0.044419,1484,100566,0.012512,17464,457589,0.05693,8037679
4,2021-01-18,29367,588165,13601,347826,15766,240339,0,0,23406,374593,0.046605,5867,106433,0.013242,23437,481026,0.059846,8037679
4,2021-01-19,45936,634101,23110,370936,22826,263165,0,0,36629,402043,0.05002,9252,115685,0.014393,36702,517728,0.064413,8037679
4,2021-01-20,51589,685690,27350,398286,24239,287404,0,0,41211,433027,0.053875,10281,125966,0.015672,41265,558993,0.069547,8037679
4,2021-01-21,56278,741968,24873,423159,31405,318809,0,0,49894,476640,0.059301,6323,132289,0.016459,49936,608929,0.075759,8037679
4,2021-01-22,54847,796815,22044,445203,32803,351612,0,0,49767,521450,0.064876,4985,137274,0.017079,49795,658724,0.081955,8037679
4,2021-01-23,39369,836184,17391,462594,21978,373590,0,0,35075,552268,0.06871,4285,141559,0.017612,35103,693827,0.086322,8037679
4,2021-01-24,23905,860089,10490,473084,13415,387005,0,0,22036,572459,0.071222,1861,143420,0.017843,22052,715879,0.089065,8037679
4,2021-01-25,47682,907771,22063,495147,25619,412624,0,0,36629,598119,0.074414,11023,154443,0.019215,36683,752562,0.093629,8037679
4,2021-01-26,56302,964073,28747,523894,27555,440179,0,0,44184,630297,0.078418,12064,166507,0.020716,44242,796804,0.099134,8037679
4,2021-01-27,55072,1019145,26568,550462,28504,468683,0,0,44249,663847,0.082592,10752,177259,0.022054,44302,841106,0.104645,8037679
4,2021-01-28,56129,1075274,25374,575836,30755,499438,0,0,46264,700375,0.087136,9777,187036,0.02327,46305,887411,0.110406,8037679
4,2021-01-29,56086,1131360,27009,602845,29077,528515,0,0,45827,736112,0.091583,10119,197155,0.024529,45856,933267,0.116112,8037679
4,2021-01-30,37530,1168890,17108,619953,20422,548937,0,0,32244,763139,0.094945,5241,202396,0.025181,32268,965535,0.120126,8037679
4,2021-01-31,23780,1192670,12487,632440,11293,560230,0,0,22190,783771,0.097512,1573,203969,0.025377,22205,987740,0.122889,8037679
4,2021-02-01,49623,1242293,24099,656539,25524,585754,0,0,38057,810336,0.100817,11529,215498,0.026811,38094,1025834,0.127628,8037679
4,2021-02-02,54853,1297146,25321,681860,29532,615286,0,0,42159,839904,0.104496,12633,228131,0.028383,42201,1068035,0.132879,8037679
4,2021-02-03,61727,1358873,30324,712184,31403,646689,0,0,47555,873452,0.10867,14062,242193,0.030132,47610,1115645,0.138802,8037679
4,2021-02-04,67252,1426125,31339,743523,35913,682602,0,0,50640,907735,0.112935,16463,258656,0.03218,50746,1166391,0.145115,8037679
4,2021-02-05,72721,1498846,33697,777220,39024,721626,0,0,50798,936983,0.116574,21682,280338,0.034878,50930,1217321,0.151452,8037679
4,2021-02-06,48058,1546904,26040,803260,22018,743644,0,0,36638,962433,0.11974,11388,291726,0.036295,36838,1254159,0.156035,8037679
4,2021-02-07,26320,1573224,17378,820638,8942,752586,0,0,19937,976249,0.121459,6357,298083,0.037086,20173,1274332,0.158545,8037679
4,2021-02-08,58197,1631421,29910,850548,28287,780873,0,0,37910,994254,0.123699,20162,318245,0.039594,38167,1312499,0.163293,8037679
4,2021-02-09,66914,1698335,34097,884645,32817,813690,0,0,39308,1006425,0.125213,27538,345783,0.04302,39709,1352208,0.168234,8037679
4,2021-02-10,76861,1775196,38451,923096,38410,852100,0,0,40861,1012054,0.125914,35773,381556,0.047471,41402,1393610,0.173385,8037679
4,2021-02-11,80704,1855900,42105,965201,38599,890699,0,0,41760,1015748,0.126373,38728,420284,0.052289,42422,1436032,0.178663,8037679
4,2021-02-12,83819,1939719,37567,1002768,46252,936951,0,0,43251,1019396,0.126827,40388,460672,0.057314,44036,1480068,0.184141,8037679
4,2021-02-13,58400,1998119,29625,1032393,28775,965726,0,0,29824,1021660,0.127109,28457,489129,0.060855,30721,1510789,0.187963,8037679
4,2021-02-14,36581,2034700,18973,1051366,17608,983334,0,0,18830,1023443,0.127331,17704,506833,0.063057,19487,1530276,0.190388,8037679
4,2021-02-15,45901,2080601,21497,1072863,24404,1007738,0,0,23665,1026111,0.127663,22171,529004,0.065816,24839,1555115,0.193478,8037679
4,2021-02-16,79536,2160137,36407,1109270,43129,1050867,0,0,40636,1029157,0.128042,38805,567809,0.070643,41851,1596966,0.198685,8037679
4,2021-02-17,80908,2241045,38169,1147439,42739,1093606,0,0,38671,1026876,0.127758,42081,609890,0.075879,39800,1636766,0.203637,8037679
4,2021-02-18,82670,2323715,45491,1192930,37179,1130785,0,0,38319,1022466,0.127209,44203,654093,0.081378,39793,1676559,0.208587,8037679
4,2021-02-19,81703,2405418,51393,1244323,30310,1161095,0,0,41027,1023642,0.127355,40542,694635,0.086422,41718,1718277,0.213778,8037679
4,2021-02-20,48267,2453685,32233,1276556,16034,1177129,0,0,26436,1028984,0.12802,21780,716415,0.089132,27122,1745399,0.217152,8037679
4,2021-02-21,28787,2482472,23166,1299722,5621,1182750,0,0,13910,1028359,0.127942,14819,731234,0.090976,14194,1759593,0.218918,8037679
4,2021-02-22,52360,2534832,36076,1335798,16284,1199034,0,0,25502,1027527,0.127839,26775,758009,0.094307,25943,1785536,0.222146,8037679
4,2021-02-23,73137,2607969,40596,1376394,32541,1231575,0,0,32419,1021010,0.127028,40598,798607,0.099358,34081,1819617,0.226386,8037679
4,2021-02-24,87939,2695908,46396,1422790,41543,1273118,0,0,39972,1015360,0.126325,47770,846377,0.105301,42120,1861737,0.231626,8037679
4,2021-02-25,98186,2794094,51144,1473934,47042,1320160,0,0,47194,1014255,0.126188,50844,897221,0.111627,49739,1911476,0.237814,8037679
4,2021-02-26,104148,2898242,52531,1526465,51617,1371777,0,0,53919,1020497,0.126964,50013,947234,0.117849,56255,1967731,0.244813,8037679
4,2021-02-27,75619,2973861,41288,1567753,34325,1406102,6,6,40515,1027512,0.127837,34980,982214,0.122201,41995,2009726,0.250038,8037679
4,2021-02-28,45057,3018918,27940,1595693,17115,1423217,2,8,25104,1033676,0.128604,19822,1002036,0.124667,25986,2035712,0.253271,8037679
4,2021-03-01,75348,3094266,44273,1639966,31055,1454272,20,28,41707,1043155,0.129783,33429,1035465,0.128826,42908,2078620,0.258609,8037679
4,2021-03-02,84519,3178785,48716,1688682,35798,1490070,5,33,50268,1061105,0.132016,34105,1069570,0.13307,52055,2130675,0.265086,8037679
4,2021-03-03,98908,3277693,52497,1741179,46399,1536469,12,45,55185,1074537,0.133687,43535,1113105,0.138486,56967,2187642,0.272173,8037679
4,2021-03-04,96128,3373821,53483,1794662,42630,1579099,15,60,52912,1086207,0.135139,43026,1156131,0.143839,54696,2242338,0.278978,8037679
4,2021-03-05,93789,3467610,50708,1845370,42769,1621868,312,372,55732,1106304,0.13764,37871,1194002,0.148551,57968,2300306,0.28619,8037679
4,2021-03-06,75691,3543301,42742,1888112,30347,1652215,2602,2974,46542,1127747,0.140308,29044,1223046,0.152164,50487,2350793,0.292472,8037679
4,2021-03-07,42382,3585683,27150,1915262,14071,1666286,1161,4135,25451,1138573,0.141654,16873,1239919,0.154263,27699,2378492,0.295918,8037679
4,2021-03-08,65925,3651608,34583,1949845,28173,1694459,3169,7304,43613,1164484,0.144878,22212,1262131,0.157027,48123,2426615,0.301905,8037679
4,2021-03-09,80724,3732332,41042,1990887,34581,1729040,5101,12405,43700,1177538,0.146502,36876,1299007,0.161615,49930,2476545,0.308117,8037679
4,2021-03-10,90317,3822649,46771,2037658,36141,1765181,7405,19810,45768,1187289,0.147715,44396,1343403,0.167138,54147,2530692,0.314854,8037679
4,2021-03-11,99973,3922622,52619,2090277,38995,1804176,8359,28169,46318,1189641,0.148008,53457,1396860,0.173789,55809,2586501,0.321797,8037679
4,2021-03-12,103991,4026613,51388,2141665,42358,1846534,10245,38414,44636,1186351,0.147599,59137,1455997,0.181146,55847,2642348,0.328745,8037679
4,2021-03-13,80422,4107035,37600,2179265,34444,1880978,8378,46792,37835,1191257,0.148209,42471,1498468,0.18643,47377,2689725,0.33464,8037679
4,2021-03-14,49428,4156463,28288,2207553,17535,1898513,3605,50397,23345,1192841,0.148406,26003,1524471,0.189666,27587,2717312,0.338072,8037679
4,2021-03-15,83427,4239890,44845,2252398,34358,1932871,4224,54621,42912,1200500,0.149359,40318,1564789,0.194682,47977,2765289,0.344041,8037679
4,2021-03-16,107056,4346946,55719,2308117,47955,1980826,3382,58003,57010,1211760,0.15076,49838,1614627,0.200882,61098,2826387,0.351642,8037679
4,2021-03-17,105681,4452627,56905,2365022,45350,2026176,3426,61429,62196,1234694,0.153613,43260,1657887,0.206264,66194,2892581,0.359878,8037679
4,2021-03-18,105889,4558516,58726,2423748,43523,2069699,3640,65069,60682,1254490,0.156076,44965,1702852,0.211859,64761,2957342,0.367935,8037679
4,2021-03-19,110326,4668842,63448,2487196,41723,2111422,5155,70224,63644,1277240,0.158907,46463,1749315,0.217639,69213,3026555,0.376546,8037679
4,2021-03-20,82911,4751753,48567,2535763,31364,2142786,2980,73204,51257,1300257,0.16177,31535,1780850,0.221563,54552,3081107,0.383333,8037679
4,2021-03-21,47779,4799532,34651,2570414,10868,2153654,2260,75464,29031,1313252,0.163387,18651,1799501,0.223883,31646,3112753,0.38727,8037679
4,2021-03-22,81500,4881032,53363,2623777,25437,2179091,2700,78164,51473,1338307,0.166504,29835,1829336,0.227595,54890,3167643,0.394099,8037679
4,2021-03-23,103687,4984719,61951,2685728,39597,2218688,2139,80303,62042,1361618,0.169404,41400,1870736,0.232746,64711,3232354,0.40215,8037679
4,2021-03-24,112790,5097509,72901,2758629,37513,2256201,2376,82679,64168,1380399,0.171741,48223,1918959,0.238745,67004,3299358,0.410486,8037679
4,2021-03-25,116179,5213688,71659,2830288,42164,2298365,2356,85035,67053,1401583,0.174377,48704,1967663,0.244805,69888,3369246,0.419181,8037679
4,2021-03-26,118920,5332608,72303,2902591,43597,2341962,3020,88055,65624,1417842,0.176399,52988,2020651,0.251397,69247,3438493,0.427797,8037679
4,2021-03-27,90806,5423414,53947,2956538,35075,2377037,1784,89839,46483,1422464,0.176974,44123,2064774,0.256887,48745,3487238,0.433861,8037679
4,2021-03-28,55425,5478839,36631,2993169,17928,2394965,866,90705,30036,1428426,0.177716,25260,2090034,0.26003,31222,3518460,0.437746,8037679
4,2021-03-29,92877,5571716,55883,3049052,34934,2429899,2060,92765,50891,1440141,0.179174,41787,2131821,0.265228,53502,3571962,0.444402,8037679
4,2021-03-30,116547,5688263,63695,3112747,48713,2478612,4139,96904,69380,1467131,0.182532,46975,2178796,0.271073,73965,3645927,0.453604,8037679
4,2021-03-31,120300,5808563,71195,3183942,42825,2521437,6280,103184,67962,1489548,0.185321,52052,2230848,0.277549,74469,3720396,0.462869,8037679
4,2021-04-01,141496,5950059,80933,3264875,47421,2568858,13142,116326,83764,1529291,0.190265,57408,2288256,0.284691,97151,3817547,0.474956,8037679
4,2021-04-02,135641,6085700,72627,3337502,49537,2618395,13477,129803,78637,1565040,0.194713,56752,2345008,0.291752,92501,3910048,0.486465,8037679
4,2021-04-03,100769,6186469,53869,3391371,33556,2651951,13344,143147,52685,1583441,0.197002,47916,2392924,0.297713,66317,3976365,0.494716,8037679
4,2021-04-04,46709,6233178,24659,3416030,14556,2666507,7494,150641,20486,1585335,0.197238,26138,2419062,0.300965,28032,4004397,0.498203,8037679
4,2021-04-05,108647,6341825,61242,3477272,34733,2701240,12672,163313,56888,1603912,0.199549,51585,2470647,0.307383,70162,4074559,0.506932,8037679
4,2021-04-06,137799,6479624,77713,3554985,40467,2741707,19619,182932,71774,1630162,0.202815,65824,2536471,0.315573,92074,4166633,0.518388,8037679
4,2021-04-07,136392,6616016,77476,3632461,38357,2780064,20559,203491,70842,1656590,0.206103,65342,2601813,0.323702,91770,4258403,0.529805,8037679
4,2021-04-08,138476,6754492,77427,3709888,35879,2815943,25170,228661,68989,1682187,0.209288,69247,2671060,0.332317,94844,4353247,0.541605,8037679
4,2021-04-09,135866,6890358,74630,3784518,38578,2854521,22658,251319,64942,1700126,0.21152,70741,2741801,0.341118,88680,4441927,0.552638,8037679
4,2021-04-10,101932,6992290,50494,3835012,32926,2887447,18512,269831,45946,1709854,0.21273,55806,2797607,0.348062,65534,4507461,0.560791,8037679
4,2021-04-11,61845,7054135,37693,3872705,13048,2900495,11104,280935,27116,1714514,0.21331,34647,2832254,0.352372,39307,4546768,0.565682,8037679
4,2021-04-12,101589,7155724,61770,3934475,29823,2930318,9996,290931,51308,1727011,0.214864,50028,2882282,0.358596,62525,4609293,0.573461,8037679
4,2021-04-13,128900,7284624,80861,4015336,47884,2978202,155,291086,77350,1754056,0.218229,51308,2933590,0.36498,78353,4687646,0.583209,8037679
4,2021-04-14,133844,7418468,85286,4100622,48485,3026687,73,291159,74527,1770799,0.220312,59055,2992645,0.372327,75798,4763444,0.592639,8037679
4,2021-04-15,154219,7572687,102771,4203393,51414,3078101,34,291193,95138,1807928,0.224932,58781,3051426,0.37964,95910,4859354,0.604572,8037679
4,2021-04-16,141615,7714302,89942,4293335,51598,3129699,75,291268,82800,1832904,0.228039,58596,3110022,0.38693,83572,4942926,0.614969,8037679
4,2021-04-17,99678,7813980,62947,4356282,36723,3166422,8,291276,58550,1851670,0.230374,40913,3150935,0.392021,59679,5002605,0.622394,8037679
4,2021-04-18,53835,7867815,35984,4392266,17848,3184270,3,291279,30651,1860177,0.231432,23087,3174022,0.394893,31594,5034199,0.626325,8037679
4,2021-04-19,100009,7967824,66103,4458369,33893,3218163,13,291292,51273,1863503,0.231846,48544,3222566,0.400932,51870,5086069,0.632778,8037679
4,2021-04-20,126970,8094794,74537,4532906,52425,3270588,8,291300,66699,1871225,0.232807,60022,3282588,0.4084,67744,5153813,0.641207,8037679
4,2021-04-21,126893,8221687,81453,4614359,45390,3315978,50,291350,64142,1873925,0.233143,62490,3345078,0.416175,65190,5219003,0.649317,8037679
4,2021-04-22,136732,8358419,90113,4704472,46601,3362579,18,291368,61309,1861211,0.231561,75127,3420205,0.425521,62413,5281416,0.657082,8037679
4,2021-04-23,130043,8488462,84105,4788577,45917,3408496,21,291389,56513,1845621,0.229621,73251,3493456,0.434635,57661,5339077,0.664256,8037679
4,2021-04-24,96984,8585446,65889,4854466,31044,3439540,51,291440,44664,1839294,0.228834,52081,3545537,0.441115,45754,5384831,0.669949,8037679
4,2021-04-25,49234,8634680,35042,4889508,14168,3453708,24,291464,25995,1842610,0.229247,23128,3568665,0.443992,26444,5411275,0.673239,8037679
4,2021-04-26,83357,8718037,55193,4944701,27790,3481498,374,291838,32908,1826943,0.227297,50216,3618881,0.45024,34549,5445824,0.677537,8037679
4,2021-04-27,105617,8823654,65015,5009716,38809,3520307,1793,293631,38311,1800734,0.224037,67042,3685923,0.458581,40833,5486657,0.682617,8037679
4,2021-04-28,99285,8922939,64469,5074185,32335,3552642,2481,296112,35568,1775916,0.220949,63485,3749408,0.466479,38667,5525324,0.687428,8037679
4,2021-04-29,100587,9023526,63701,5137886,34395,3587037,2491,298603,31502,1741655,0.216686,68823,3818231,0.475041,34562,5559886,0.691728,8037679
4,2021-04-30,101301,9124827,63733,5201619,34930,3621967,2638,301241,34500,1712912,0.21311,66493,3884724,0.483314,37750,5597636,0.696424,8037679
4,2021-05-01,68195,9193022,45472,5247091,20982,3642949,1741,302982,19843,1686934,0.209878,48183,3932907,0.489309,22205,5619841,0.699187,8037679
4,2021-05-02,37137,9230159,26314,5273405,9552,3652501,1271,304253,10505,1672310,0.208059,26537,3959444,0.49261,11913,5631754,0.700669,8037679
4,2021-05-03,77560,9307719,54262,5327667,20853,3673354,2445,306698,19082,1635898,0.203529,58276,4017720,0.499861,21864,5653618,0.703389,8037679
4,2021-05-04,97942,9405661,66515,5394182,28705,3702059,2722,309420,22224,1585733,0.197287,75471,4093191,0.50925,25306,5678924,0.706538,8037679
4,2021-05-05,98608,9504269,69184,5463366,26723,3728782,2701,312121,21480,1533336,0.190769,76854,4170045,0.518812,24457,5703381,0.709581,8037679
4,2021-05-06,108762,9613031,81398,5544764,24467,3753249,2897,315018,19393,1467763,0.18261,88976,4259021,0.529882,23403,5726784,0.712492,8037679
4,2021-05-07,102353,9715384,73475,5618239,26216,3779465,2662,317680,20242,1409266,0.175332,81800,4340821,0.540059,23303,5750087,0.715391,8037679
4,2021-05-08,65872,9781256,45065,5663304,18949,3798414,1858,319538,13125,1372027,0.170699,52552,4393373,0.546597,15313,5765400,0.717297,8037679
4,2021-05-09,33190,9814446,27065,5690369,5190,3803604,935,320473,7841,1355647,0.168662,25246,4418619,0.549738,8866,5774266,0.7184,8037679
4,2021-05-10,62277,9876723,41511,5731880,18500,3822104,2266,322739,10798,1317697,0.16394,51310,4469929,0.556122,13360,5787626,0.720062,8037679
4,2021-05-11,76540,9953263,46865,5778745,27675,3849779,2000,324739,14917,1273610,0.158455,61420,4531349,0.563763,17333,5804959,0.722218,8037679
4,2021-05-12,72660,10025923,47795,5826540,22618,3872397,2247,326986,15979,1235685,0.153737,56462,4587811,0.570788,18537,5823496,0.724525,8037679
4,2021-05-13,94926,10120849,69878,5896418,23635,3896032,1413,328399,36507,1216389,0.151336,58151,4645962,0.578023,38855,5862351,0.729359,8037679
4,2021-05-14,100921,10221770,71044,5967462,27792,3923824,2085,330484,39299,1196926,0.148914,61357,4707319,0.585657,41894,5904245,0.734571,8037679
4,2021-05-15,82218,10303988,63395,6030857,17531,3941355,1292,331776,36113,1188687,0.147889,45914,4753233,0.591369,37675,5941920,0.739258,8037679
4,2021-05-16,46893,10350881,38229,6069086,7976,3949331,688,332464,19081,1180891,0.146919,27693,4780926,0.594814,19897,5961817,0.741734,8037679
4,2021-05-17,68817,10419698,50261,6119347,16756,3966087,1800,334264,28674,1171612,0.145765,39972,4820898,0.599787,30693,5992510,0.745552,8037679
4,2021-05-18,79201,10498899,51441,6170788,26034,3992121,1726,335990,29735,1154293,0.14361,49132,4870030,0.6059,31813,6024323,0.74951,8037679
4,2021-05-19,74042,10572941,49863,6220651,22296,4014417,1883,337873,31589,1145810,0.142555,42222,4912252,0.611153,33739,6058062,0.753708,8037679
4,2021-05-20,56209,10629150,36282,6256933,18319,4032736,1608,339481,22056,1135752,0.141303,33953,4946205,0.615377,23895,6081957,0.756681,8037679
4,2021-05-21,60791,10689941,40691,6297624,18581,4051317,1519,341000,21716,1120313,0.139383,38859,4985064,0.620212,23420,6105377,0.759595,8037679
4,2021-05-22,39472,10729413,28274,6325898,10168,4061485,1030,342030,17484,1117087,0.138981,21875,5006939,0.622933,18649,6124026,0.761915,8037679
4,2021-05-23,15392,10744805,11908,6337806,3005,4064490,479,342509,6464,1115210,0.138748,8871,5015810,0.624037,6994,6131020,0.762785,8037679
4,2021-05-24,23465,10768270,14768,6352574,6597,4071087,2100,344609,6890,1107773,0.137822,16478,5032288,0.626087,9041,6140061,0.76391,8037679
