vemquartile,administered_date,total_doses,cumulative_total_doses,pfizer_doses,cumulative_pfizer_doses,moderna_doses,cumulative_moderna_doses,jj_doses,cumulative_jj_doses,partially_vaccinated,total_partially_vaccinated,pct_age12pop_partially_vaccinated,fully_vaccinated,cumulative_fully_vaccinated,pct_age12pop_fully_vaccinated,at_least_one_dose,cumulative_at_least_one_dose,pct_age12pop_at_least_one_dose,age12_population
1,2020-12-15,150,150,150,150,0,0,0,0,150,150,1.7e-05,0,0,0.0,150,150,1.7e-05,8700223
1,2020-12-16,1176,1326,1176,1326,0,0,0,0,1176,1326,0.000152,0,0,0.0,1176,1326,0.000152,8700223
1,2020-12-17,4141,5467,4141,5467,0,0,0,0,4142,5468,0.000628,0,0,0.0,4142,5468,0.000628,8700223
1,2020-12-18,6327,11794,6307,11774,20,20,0,0,6328,11795,0.001356,1,1,0.0,6328,11796,0.001356,8700223
1,2020-12-19,2869,14663,2868,14642,1,21,0,0,2868,14662,0.001685,1,2,0.0,2868,14664,0.001685,8700223
1,2020-12-20,2123,16786,2116,16758,7,28,0,0,2124,16786,0.001929,0,2,0.0,2124,16788,0.00193,8700223
1,2020-12-21,7624,24410,7610,24368,14,42,0,0,7674,24460,0.002811,1,3,0.0,7675,24463,0.002812,8700223
1,2020-12-22,7283,31693,6943,31311,340,382,0,0,7285,31743,0.003649,2,5,1e-06,7285,31748,0.003649,8700223
1,2020-12-23,7838,39531,6585,37896,1253,1635,0,0,7833,39575,0.004549,2,7,1e-06,7834,39582,0.00455,8700223
1,2020-12-24,3305,42836,2364,40260,941,2576,0,0,3307,42882,0.004929,0,7,1e-06,3307,42889,0.00493,8700223
1,2020-12-25,236,43072,151,40411,85,2661,0,0,236,43118,0.004956,0,7,1e-06,236,43125,0.004957,8700223
1,2020-12-26,1350,44422,962,41373,388,3049,0,0,1349,44466,0.005111,1,8,1e-06,1349,44474,0.005112,8700223
1,2020-12-27,865,45287,533,41906,332,3381,0,0,865,45330,0.00521,1,9,1e-06,865,45339,0.005211,8700223
1,2020-12-28,7080,52367,4758,46664,2322,5703,0,0,7078,52408,0.006024,0,9,1e-06,7078,52417,0.006025,8700223
1,2020-12-29,8867,61234,4981,51645,3886,9589,0,0,8864,61271,0.007042,1,10,1e-06,8864,61281,0.007044,8700223
1,2020-12-30,11577,72811,6449,58094,5128,14717,0,0,11577,72848,0.008373,0,10,1e-06,11577,72858,0.008374,8700223
1,2020-12-31,5951,78762,1961,60055,3990,18707,0,0,5949,78795,0.009057,3,13,1e-06,5950,78808,0.009058,8700223
1,2021-01-01,561,79323,195,60250,366,19073,0,0,560,79354,0.009121,1,14,2e-06,560,79368,0.009123,8700223
1,2021-01-02,2897,82220,1760,62010,1137,20210,0,0,2899,82253,0.009454,0,14,2e-06,2899,82267,0.009456,8700223
1,2021-01-03,1021,83241,546,62556,475,20685,0,0,1019,83270,0.009571,2,16,2e-06,1019,83286,0.009573,8700223
1,2021-01-04,7353,90594,3580,66136,3773,24458,0,0,7357,90626,0.010417,1,17,2e-06,7357,90643,0.010418,8700223
1,2021-01-05,10791,101385,5199,71335,5592,30050,0,0,10038,99949,0.011488,737,754,8.7e-05,10060,100703,0.011575,8700223
1,2021-01-06,14015,115400,7033,78368,6982,37032,0,0,12128,110233,0.01267,1852,2606,0.0003,12136,112839,0.01297,8700223
1,2021-01-07,17441,132841,9098,87466,8343,45375,0,0,12985,118870,0.013663,4359,6965,0.000801,12996,125835,0.014463,8700223
1,2021-01-08,20097,152938,10407,97873,9690,55065,0,0,14210,127213,0.014622,5871,12836,0.001475,14214,140049,0.016097,8700223
1,2021-01-09,6685,159623,3377,101250,3308,58373,0,0,4831,130206,0.014966,1841,14677,0.001687,4834,144883,0.016653,8700223
1,2021-01-10,3068,162691,1746,102996,1322,59695,0,0,1885,130919,0.015048,1173,15850,0.001822,1886,146769,0.01687,8700223
1,2021-01-11,18033,180724,11816,114812,6217,65912,0,0,11497,135942,0.015625,6513,22363,0.00257,11536,158305,0.018196,8700223
1,2021-01-12,18856,199580,10728,125540,8128,74040,0,0,12914,142984,0.016435,5907,28270,0.003249,12949,171254,0.019684,8700223
1,2021-01-13,19714,219294,10671,136211,9043,83083,0,0,14565,152438,0.017521,5128,33398,0.003839,14582,185836,0.02136,8700223
1,2021-01-14,21858,241152,9383,145594,12475,95558,0,0,19117,168917,0.019415,2685,36083,0.004147,19164,205000,0.023563,8700223
1,2021-01-15,25103,266255,9242,154836,15861,111419,0,0,23163,190238,0.021866,1895,37978,0.004365,23216,228216,0.026231,8700223
1,2021-01-16,13861,280116,4534,159370,9327,120746,0,0,12997,202378,0.023261,860,38838,0.004464,13000,241216,0.027725,8700223
1,2021-01-17,5208,285324,2023,161393,3185,123931,0,0,4841,206860,0.023776,363,39201,0.004506,4845,246061,0.028282,8700223
1,2021-01-18,14294,299618,8598,169991,5696,129627,0,0,11126,214878,0.024698,3157,42358,0.004869,11175,257236,0.029567,8700223
1,2021-01-19,24667,324285,12866,182857,11801,141428,0,0,19471,229221,0.026347,5181,47539,0.005464,19524,276760,0.031811,8700223
1,2021-01-20,28682,352967,14038,196895,14644,156072,0,0,23021,246671,0.028352,5607,53146,0.006109,23057,299817,0.034461,8700223
1,2021-01-21,30868,383835,14357,211252,16511,172583,0,0,27696,271349,0.031189,3105,56251,0.006465,27783,327600,0.037654,8700223
1,2021-01-22,28201,412036,11203,222455,16998,189581,0,0,26207,295638,0.033981,1951,58202,0.00669,26240,353840,0.04067,8700223
1,2021-01-23,18715,430751,8207,230662,10508,200089,0,0,16787,310521,0.035691,1914,60116,0.00691,16797,370637,0.042601,8700223
1,2021-01-24,6665,437416,4160,234822,2505,202594,0,0,6008,315882,0.036307,652,60768,0.006985,6013,376650,0.043292,8700223
1,2021-01-25,25190,462606,10419,245241,14771,217365,0,0,19491,329793,0.037906,5677,66445,0.007637,19588,396238,0.045543,8700223
1,2021-01-26,28607,491213,13428,258669,15179,232544,0,0,22009,345269,0.039685,6550,72995,0.00839,22026,418264,0.048075,8700223
1,2021-01-27,32366,523579,15432,274101,16934,249478,0,0,24389,361769,0.041582,7914,80909,0.0093,24414,442678,0.050881,8700223
1,2021-01-28,34743,558322,16323,290424,18420,267898,0,0,27913,382970,0.044018,6771,87680,0.010078,27972,470650,0.054096,8700223
1,2021-01-29,33448,591770,16445,306869,17003,284901,0,0,26964,403616,0.046391,6351,94031,0.010808,26997,497647,0.057199,8700223
1,2021-01-30,20222,611992,8819,315688,11403,296304,0,0,18129,419686,0.048239,2067,96098,0.011045,18137,515784,0.059284,8700223
1,2021-01-31,7661,619653,5005,320693,2656,298960,0,0,6964,425957,0.048959,696,96794,0.011125,6967,522751,0.060085,8700223
1,2021-02-01,28633,648286,12491,333184,16142,315102,0,0,20986,439348,0.050498,7604,104398,0.011999,20995,543746,0.062498,8700223
1,2021-02-02,32108,680394,11563,344747,20545,335647,0,0,24180,455709,0.052379,7862,112260,0.012903,24223,567969,0.065282,8700223
1,2021-02-03,39142,719536,15057,359804,24085,359732,0,0,28298,473334,0.054405,10714,122974,0.014135,28339,596308,0.068539,8700223
1,2021-02-04,43557,763093,17016,376820,26541,386273,0,0,31650,493231,0.056692,11803,134777,0.015491,31700,628008,0.072183,8700223
1,2021-02-05,46613,809706,17271,394091,29342,415615,0,0,30710,508217,0.058414,15772,150549,0.017304,30758,658766,0.075718,8700223
1,2021-02-06,26528,836234,10559,404650,15969,431584,0,0,20697,523141,0.06013,5790,156339,0.01797,20714,679480,0.078099,8700223
1,2021-02-07,6278,842512,4056,408706,2222,433806,0,0,4666,526229,0.060485,1596,157935,0.018153,4684,684164,0.078638,8700223
1,2021-02-08,31330,873842,14359,423065,16971,450777,0,0,20937,536945,0.061716,10314,168249,0.019338,21030,705194,0.081055,8700223
1,2021-02-09,38144,911986,16849,439914,21295,472072,0,0,23572,546031,0.062761,14559,182808,0.021012,23645,728839,0.083772,8700223
1,2021-02-10,46690,958676,21978,461892,24712,496784,0,0,26963,553446,0.063613,19627,202435,0.023268,27042,755881,0.086881,8700223
1,2021-02-11,51351,1010027,25287,487179,26064,522848,0,0,30940,564347,0.064866,20139,222574,0.025583,31040,786921,0.090448,8700223
1,2021-02-12,49325,1059352,21333,508512,27992,550840,0,0,28447,572171,0.065765,20760,243334,0.027969,28584,815505,0.093734,8700223
1,2021-02-13,25991,1085343,11339,519851,14652,565492,0,0,15054,576433,0.066255,10867,254201,0.029218,15129,830634,0.095473,8700223
1,2021-02-14,11636,1096979,5492,525343,6144,571636,0,0,6643,578175,0.066455,4966,259167,0.029789,6708,837342,0.096244,8700223
1,2021-02-15,23569,1120548,9275,534618,14294,585930,0,0,14364,583552,0.067073,9103,268270,0.030835,14480,851822,0.097908,8700223
1,2021-02-16,46393,1166941,22254,556872,24139,610069,0,0,27308,591954,0.068039,19017,287287,0.033021,27419,879241,0.10106,8700223
1,2021-02-17,47821,1214762,24211,581083,23610,633679,0,0,25910,596217,0.068529,21792,309079,0.035525,26055,905296,0.104054,8700223
1,2021-02-18,50263,1265025,25140,606223,25123,658802,0,0,26180,598732,0.068818,23887,332966,0.038271,26402,931698,0.107089,8700223
1,2021-02-19,45564,1310589,24726,630949,20838,679640,0,0,25754,604838,0.06952,19711,352677,0.040537,25817,957515,0.110056,8700223
1,2021-02-20,26984,1337573,16465,647414,10519,690159,0,0,15504,608980,0.069996,11437,364114,0.041851,15579,973094,0.111847,8700223
1,2021-02-21,11517,1349090,10267,657681,1250,691409,0,0,6835,611229,0.070254,4635,368749,0.042384,6884,979978,0.112638,8700223
1,2021-02-22,29868,1378958,19650,677331,10218,701627,0,0,17583,616683,0.070881,12229,380978,0.043789,17683,997661,0.114671,8700223
1,2021-02-23,42970,1421928,20935,698266,22035,723662,0,0,24120,622446,0.071544,18719,399697,0.045941,24482,1022143,0.117485,8700223
1,2021-02-24,52972,1474900,25694,723960,27278,750940,0,0,29699,629423,0.072346,23171,422868,0.048604,30148,1052291,0.12095,8700223
1,2021-02-25,65123,1540023,31699,755659,33424,784364,0,0,40823,646553,0.074315,24194,447062,0.051385,41324,1093615,0.1257,8700223
1,2021-02-26,73040,1613063,34308,789967,38732,823096,0,0,48212,670567,0.077075,24673,471735,0.054221,48687,1142302,0.131296,8700223
1,2021-02-27,50176,1663239,23216,813183,26953,850049,7,7,33377,687532,0.079025,16684,488419,0.056139,33649,1175951,0.135163,8700223
1,2021-02-28,19354,1682593,11490,824673,7862,857911,2,9,14286,696954,0.080108,5004,493423,0.056714,14426,1190377,0.136821,8700223
1,2021-03-01,44087,1726680,20416,845089,23634,881545,37,46,28510,710287,0.08164,15448,508871,0.058489,28781,1219158,0.14013,8700223
1,2021-03-02,61673,1788353,26890,871979,34776,916321,7,53,39781,728916,0.083781,21776,530647,0.060992,40405,1259563,0.144774,8700223
1,2021-03-03,69466,1857819,33148,905127,36297,952618,21,74,42450,745089,0.08564,26891,557538,0.064083,43064,1302627,0.149723,8700223
1,2021-03-04,77547,1935366,36408,941535,41104,993722,35,109,49963,768167,0.088293,27427,584965,0.067236,50505,1353132,0.155528,8700223
1,2021-03-05,76677,2012043,34743,976278,41728,1035450,206,315,51442,795420,0.091425,25025,609990,0.070112,52278,1405410,0.161537,8700223
1,2021-03-06,57083,2069126,27265,1003543,28478,1063928,1340,1655,38897,817904,0.09401,18122,628112,0.072195,40606,1446016,0.166204,8700223
1,2021-03-07,20149,2089275,12833,1016376,6504,1070432,812,2467,15166,829181,0.095306,4964,633076,0.072765,16241,1462257,0.168071,8700223
1,2021-03-08,44247,2133522,21123,1037499,21249,1091681,1875,4342,31003,849235,0.097611,13163,646239,0.074278,33217,1495474,0.171889,8700223
1,2021-03-09,65550,2199072,31687,1069186,31385,1123066,2478,6820,40505,867625,0.099724,24936,671175,0.077145,43326,1538800,0.176869,8700223
1,2021-03-10,72326,2271398,36134,1105320,31812,1154878,4380,11200,44944,890071,0.102304,27250,698425,0.080277,49696,1588496,0.182581,8700223
1,2021-03-11,88691,2360089,40557,1145877,40208,1195086,7926,19126,51960,913918,0.105045,36501,734926,0.084472,60348,1648844,0.189517,8700223
1,2021-03-12,97256,2457345,42607,1188484,42313,1237399,12336,31462,56975,943613,0.108458,40100,775026,0.089081,69795,1718639,0.19754,8700223
1,2021-03-13,64768,2522113,29341,1217825,27760,1265159,7667,39129,41453,969865,0.111476,23208,798234,0.091749,49460,1768099,0.203225,8700223
1,2021-03-14,27571,2549684,14854,1232679,9150,1274309,3567,42696,15671,977457,0.112348,11845,810079,0.09311,19437,1787536,0.205459,8700223
1,2021-03-15,64347,2614031,28156,1260835,29484,1303793,6707,49403,38092,996536,0.114541,26080,836159,0.096108,45159,1832695,0.210649,8700223
1,2021-03-16,84723,2698754,38415,1299250,40768,1344561,5540,54943,52818,1023531,0.117644,31728,867887,0.099755,58723,1891418,0.217399,8700223
1,2021-03-17,91636,2790390,44310,1343560,40795,1385356,6531,61474,59069,1057106,0.121503,32399,900286,0.103478,65974,1957392,0.224982,8700223
1,2021-03-18,97282,2887672,50032,1393592,41632,1426988,5618,67092,59489,1085232,0.124736,37479,937765,0.107786,65605,2022997,0.232522,8700223
1,2021-03-19,102446,2990118,52962,1446554,43345,1470333,6139,73231,60649,1111009,0.127699,41544,979309,0.112561,67321,2090318,0.24026,8700223
1,2021-03-20,71977,3062095,37070,1483624,29709,1500042,5198,78429,46474,1137636,0.130759,25333,1004642,0.115473,51960,2142278,0.246233,8700223
1,2021-03-21,26925,3089020,18799,1502423,6324,1506366,1802,80231,17371,1147429,0.131885,9475,1014117,0.116562,19268,2161546,0.248447,8700223
1,2021-03-22,58557,3147577,30137,1532560,25139,1531505,3281,83512,39748,1172200,0.134732,18626,1032743,0.118703,43397,2204943,0.253435,8700223
1,2021-03-23,82156,3229733,41659,1574219,36886,1568391,3611,87123,51046,1196410,0.137515,30908,1063651,0.122256,55118,2260061,0.25977,8700223
1,2021-03-24,87081,3316814,43920,1618139,38825,1607216,4336,91459,52714,1219492,0.140168,34141,1097792,0.12618,57223,2317284,0.266348,8700223
1,2021-03-25,95592,3412406,48617,1666756,41168,1648384,5807,97266,53786,1237769,0.142269,41531,1139323,0.130953,59808,2377092,0.273222,8700223
1,2021-03-26,103591,3515997,50456,1717212,46878,1695262,6257,103523,56302,1253628,0.144091,47002,1186325,0.136356,62861,2439953,0.280447,8700223
1,2021-03-27,73556,3589553,38040,1755252,31329,1726591,4187,107710,38081,1260823,0.144918,35276,1221601,0.14041,42471,2482424,0.285329,8700223
1,2021-03-28,32509,3622062,21292,1776544,10007,1736598,1210,108920,16497,1263050,0.145174,15914,1237515,0.142239,18141,2500565,0.287414,8700223
1,2021-03-29,66361,3688423,32936,1809480,30336,1766934,3089,112009,36990,1274132,0.146448,29205,1266720,0.145596,40287,2540852,0.292044,8700223
1,2021-03-30,90989,3779412,44734,1854214,39961,1806895,6294,118303,47239,1284167,0.147602,43596,1310316,0.150607,53631,2594483,0.298209,8700223
1,2021-03-31,99821,3879233,52243,1906457,41625,1848520,5953,124256,55177,1301000,0.149536,44375,1354691,0.155708,61208,2655691,0.305244,8700223
1,2021-04-01,110572,3989805,52946,1959403,49212,1897732,8414,132670,56816,1312914,0.150906,53390,1408081,0.161844,65304,2720995,0.31275,8700223
1,2021-04-02,109950,4099755,50188,2009591,50150,1947882,9612,142282,56344,1325875,0.152396,53225,1461306,0.167962,66186,2787181,0.320357,8700223
1,2021-04-03,77695,4177450,39089,2048680,29005,1976887,9601,151883,36442,1330909,0.152974,41092,1502398,0.172685,46126,2833307,0.325659,8700223
1,2021-04-04,23665,4201115,11775,2060455,8434,1985321,3456,155339,9929,1330606,0.152939,13681,1516079,0.174257,13378,2846685,0.327197,8700223
1,2021-04-05,75439,4276554,36169,2096624,30099,2015420,9171,164510,34313,1333323,0.153252,40948,1557027,0.178964,43665,2890350,0.332216,8700223
1,2021-04-06,102721,4379275,48719,2145343,37509,2052929,16493,181003,46666,1340730,0.154103,55807,1612834,0.185378,63214,2953564,0.339481,8700223
1,2021-04-07,110467,4489742,53447,2198790,39576,2092505,17444,198447,50278,1348551,0.155002,59943,1672777,0.192268,67764,3021328,0.34727,8700223
1,2021-04-08,121330,4611072,57356,2256146,43121,2135626,20853,219300,53871,1356256,0.155887,67101,1739878,0.199981,74806,3096134,0.355868,8700223
1,2021-04-09,121929,4733001,55735,2311881,45621,2181247,20573,239873,53901,1363131,0.156678,67686,1807564,0.207761,74561,3170695,0.364438,8700223
1,2021-04-10,95269,4828270,42385,2354266,30271,2211518,22613,262486,37274,1365208,0.156916,57817,1865381,0.214406,59894,3230589,0.371323,8700223
1,2021-04-11,36223,4864493,20256,2374522,9354,2220872,6613,269099,14847,1365457,0.156945,21324,1886705,0.216857,21573,3252162,0.373802,8700223
1,2021-04-12,73680,4938173,32816,2407338,30921,2251793,9943,279042,31350,1364842,0.156874,42076,1928781,0.221693,41461,3293623,0.378568,8700223
1,2021-04-13,96630,5034803,51629,2458967,44662,2296455,339,279381,52280,1373728,0.157896,44095,1972876,0.226762,52981,3346604,0.384657,8700223
1,2021-04-14,104207,5139010,53829,2512796,50308,2346763,70,279451,53057,1376471,0.158211,50806,2023682,0.232601,53549,3400153,0.390812,8700223
1,2021-04-15,105317,5244327,57187,2569983,48044,2394807,86,279537,56634,1385255,0.159221,48151,2071833,0.238136,56935,3457088,0.397356,8700223
1,2021-04-16,109868,5354195,56477,2626460,53304,2448111,87,279624,55288,1386822,0.159401,54121,2125954,0.244356,55688,3512776,0.403757,8700223
1,2021-04-17,82849,5437044,45060,2671520,37779,2485890,10,279634,46693,1397821,0.160665,35957,2161911,0.248489,46956,3559732,0.409154,8700223
1,2021-04-18,29149,5466193,19472,2690992,9670,2495560,7,279641,14862,1398716,0.160768,14211,2176122,0.250123,15106,3574838,0.41089,8700223
1,2021-04-19,66214,5532407,33444,2724436,32754,2528314,16,279657,30318,1393690,0.16019,35587,2211709,0.254213,30561,3605399,0.414403,8700223
1,2021-04-20,86081,5618488,42794,2767230,43266,2571580,21,279678,40852,1389923,0.159757,44951,2256660,0.25938,41184,3646583,0.419137,8700223
1,2021-04-21,93269,5711757,47344,2814574,45827,2617407,98,279776,42106,1381728,0.158815,50682,2307342,0.265205,42487,3689070,0.42402,8700223
1,2021-04-22,94305,5806062,48622,2863196,45667,2663074,16,279792,43427,1374961,0.158037,50436,2357778,0.271002,43669,3732739,0.429039,8700223
1,2021-04-23,99322,5905384,50746,2913942,48551,2711625,25,279817,47521,1371376,0.157625,51353,2409131,0.276905,47768,3780507,0.43453,8700223
1,2021-04-24,74902,5980286,46574,2960516,28302,2739927,26,279843,42532,1381906,0.158836,32281,2441412,0.280615,42811,3823318,0.439451,8700223
1,2021-04-25,26924,6007210,17151,2977667,9762,2749689,11,279854,15436,1386095,0.159317,11391,2452803,0.281924,15580,3838898,0.441241,8700223
1,2021-04-26,64649,6071859,33644,3011311,30606,2780295,399,280253,31021,1384490,0.159133,33360,2486163,0.285759,31755,3870653,0.444891,8700223
1,2021-04-27,79893,6151752,42193,3053504,36411,2816706,1289,281542,34924,1376331,0.158195,44714,2530877,0.290898,36555,3907208,0.449093,8700223
1,2021-04-28,78980,6230732,41520,3095024,35971,2852677,1489,283031,34825,1369009,0.157353,43864,2574741,0.29594,36542,3943750,0.453293,8700223
1,2021-04-29,82255,6312987,44769,3139793,35879,2888556,1607,284638,33824,1356463,0.155911,48137,2622878,0.301473,35591,3979341,0.457384,8700223
1,2021-04-30,89595,6402582,48220,3188013,39528,2928084,1847,286485,37769,1344705,0.15456,51543,2674421,0.307397,39785,4019126,0.461957,8700223
1,2021-05-01,61897,6464479,40049,3228062,20473,2948557,1375,287860,26076,1336745,0.153645,35639,2710060,0.311493,27679,4046805,0.465138,8700223
1,2021-05-02,23174,6487653,16377,3244439,6228,2954785,569,288429,9423,1333114,0.153228,13653,2723713,0.313062,10022,4056827,0.46629,8700223
1,2021-05-03,55193,6542846,30444,3274883,22926,2977711,1823,290252,20365,1320741,0.151805,34615,2758328,0.317041,22242,4079069,0.468846,8700223
1,2021-05-04,73298,6616144,41815,3316698,29406,3007117,2077,292329,26717,1303306,0.149801,46318,2804646,0.322365,28883,4107952,0.472166,8700223
1,2021-05-05,75244,6691388,43167,3359865,29797,3036914,2280,294609,25831,1282370,0.147395,49123,2853769,0.328011,28187,4136139,0.475406,8700223
1,2021-05-06,76200,6767588,45520,3405385,28520,3065434,2160,296769,23853,1256523,0.144424,52016,2905785,0.33399,26169,4162308,0.478414,8700223
1,2021-05-07,80520,6848108,45841,3451226,32508,3097942,2171,298940,27137,1232892,0.141708,53002,2958787,0.340082,29371,4191679,0.48179,8700223
1,2021-05-08,54504,6902612,34013,3485239,18928,3116870,1563,300503,18234,1216811,0.13986,35975,2994762,0.344217,19894,4211573,0.484076,8700223
1,2021-05-09,17647,6920259,12555,3497794,4618,3121488,474,300977,5438,1210624,0.139149,12135,3006897,0.345611,5948,4217521,0.48476,8700223
1,2021-05-10,42187,6962446,21131,3518925,19286,3140774,1770,302747,14173,1198874,0.137798,27788,3034685,0.348805,16038,4233559,0.486604,8700223
1,2021-05-11,59591,7022037,31848,3550773,25618,3166392,2125,304872,19488,1180749,0.135715,39859,3074544,0.353387,21734,4255293,0.489102,8700223
1,2021-05-12,60291,7082328,31936,3582709,26340,3192732,2015,306887,20334,1163484,0.13373,39686,3114230,0.357948,22421,4277714,0.491679,8700223
1,2021-05-13,63595,7145923,37024,3619733,24643,3217375,1928,308815,24377,1151183,0.132316,38887,3153117,0.362418,26586,4304300,0.494734,8700223
1,2021-05-14,73518,7219441,44152,3663885,27051,3244426,2315,311130,29875,1140359,0.131072,43315,3196432,0.367397,32491,4336791,0.498469,8700223
1,2021-05-15,64398,7283839,42193,3706078,20507,3264933,1698,312828,25467,1128918,0.129757,38676,3235108,0.371842,27235,4364026,0.501599,8700223
1,2021-05-16,24036,7307875,17534,3723612,5885,3270818,617,313445,9681,1125007,0.129308,14251,3249359,0.37348,10340,4374366,0.502788,8700223
1,2021-05-17,53641,7361516,32771,3756383,19112,3289930,1758,315203,23120,1119660,0.128693,30282,3279641,0.376961,24935,4399301,0.505654,8700223
1,2021-05-18,63975,7425491,38477,3794860,23681,3313611,1817,317020,28089,1114023,0.128045,35629,3315270,0.381056,29992,4429293,0.509101,8700223
1,2021-05-19,65599,7491090,39965,3834825,23721,3337332,1913,318933,30033,1110746,0.127669,35307,3350577,0.385114,32030,4461323,0.512783,8700223
1,2021-05-20,63231,7554321,36686,3871511,24385,3361717,2160,321093,26693,1103564,0.126843,36237,3386814,0.389279,29055,4490378,0.516122,8700223
1,2021-05-21,69163,7623484,41328,3912839,25992,3387709,1843,322936,29197,1095114,0.125872,39587,3426401,0.393829,31137,4521515,0.519701,8700223
1,2021-05-22,55022,7678506,36337,3949176,17022,3404731,1663,324599,24111,1090319,0.125321,30664,3457065,0.397354,25869,4547384,0.522674,8700223
1,2021-05-23,19429,7697935,13517,3962693,5329,3410060,583,325182,9190,1089975,0.125281,10143,3467208,0.398519,9799,4557183,0.523801,8700223
1,2021-05-24,42349,7740284,23260,3985953,17278,3427338,1811,326993,17166,1084073,0.124603,24960,3492168,0.401388,19058,4576241,0.525991,8700223
1,2021-05-25,50239,7790523,29002,4014955,19586,3446924,1651,328644,21132,1078108,0.123917,28848,3521016,0.404704,22883,4599124,0.528621,8700223
1,2021-05-26,47937,7838460,27196,4042151,18871,3465795,1870,330514,20724,1073839,0.123427,26920,3547936,0.407798,22651,4621775,0.531225,8700223
1,2021-05-27,46556,7885016,26188,4068339,18485,3484280,1883,332397,20578,1070708,0.123067,25701,3573637,0.410752,22570,4644345,0.533819,8700223
1,2021-05-28,51671,7936687,28812,4097151,21072,3505352,1787,334184,23472,1068184,0.122777,27909,3601546,0.41396,25385,4669730,0.536737,8700223
1,2021-05-29,30104,7966791,18222,4115373,10957,3516309,925,335109,14650,1068524,0.122816,15293,3616839,0.415718,15633,4685363,0.538534,8700223
1,2021-05-30,11514,7978305,7433,4122806,3534,3519843,547,335656,5611,1068869,0.122855,5838,3622677,0.416389,6183,4691546,0.539244,8700223
1,2021-05-31,5677,7983982,3228,4126034,2198,3522041,251,335907,2007,1067518,0.1227,3621,3626298,0.416805,2270,4693816,0.539505,8700223
1,2021-06-01,45115,8029097,25569,4151603,18051,3540092,1495,337402,17930,1060130,0.121851,26888,3653186,0.419896,19500,4713316,0.541747,8700223
1,2021-06-02,39557,8068654,22982,4174585,15116,3555208,1459,338861,16407,1055187,0.121283,22879,3676065,0.422525,17936,4731252,0.543808,8700223
1,2021-06-03,40856,8109510,25633,4200218,13591,3568799,1632,340493,16269,1048856,0.120555,24306,3700371,0.425319,17975,4749227,0.545874,8700223
1,2021-06-04,49362,8158872,31694,4231912,15931,3584730,1737,342230,18471,1038561,0.119372,30584,3730955,0.428834,20289,4769516,0.548206,8700223
1,2021-06-05,39578,8198450,27045,4258957,10612,3595342,1921,344151,14470,1030108,0.1184,24899,3755854,0.431696,16446,4785962,0.550096,8700223
1,2021-06-06,12859,8211309,10296,4269253,2069,3597411,494,344645,4721,1027323,0.11808,8063,3763917,0.432623,5278,4791240,0.550703,8700223
1,2021-06-07,33557,8244866,23164,4292417,9063,3606474,1330,345975,12160,1019672,0.117201,21201,3785118,0.43506,13550,4804790,0.552261,8700223
1,2021-06-08,41632,8286498,28874,4321291,11181,3617655,1577,347552,14877,1009715,0.116056,26507,3811625,0.438107,16550,4821340,0.554163,8700223
1,2021-06-09,41536,8328034,28942,4350233,11003,3628658,1591,349143,13638,997381,0.114639,27629,3839254,0.441282,15295,4836635,0.555921,8700223
1,2021-06-10,38378,8366412,26006,4376239,10787,3639445,1585,350728,13350,987612,0.113516,24810,3864064,0.444134,15041,4851676,0.55765,8700223
1,2021-06-11,43103,8409515,28629,4404868,12845,3652290,1629,352357,15414,977333,0.112334,27404,3891468,0.447284,17125,4868801,0.559618,8700223
1,2021-06-12,32859,8442374,23727,4428595,7974,3660264,1158,353515,10720,967338,0.111185,21938,3913406,0.449805,11943,4880744,0.560991,8700223
1,2021-06-13,11372,8453746,8245,4436840,2674,3662938,453,353968,3406,963335,0.110725,7899,3921305,0.450713,3896,4884640,0.561438,8700223
1,2021-06-14,30391,8484137,20516,4457356,8629,3671567,1246,355214,11822,958055,0.110118,18391,3939696,0.452827,13111,4897751,0.562945,8700223
1,2021-06-15,36616,8520753,24167,4481523,10752,3682319,1697,356911,13710,950888,0.109295,22668,3962364,0.455432,15501,4913252,0.564727,8700223
1,2021-06-16,34180,8554933,23270,4504793,9340,3691659,1570,358481,12970,944515,0.108562,20979,3983343,0.457844,14606,4927858,0.566406,8700223
1,2021-06-17,31626,8586559,21321,4526114,8982,3700641,1323,359804,12652,939810,0.108021,18766,4002109,0.460001,14061,4941919,0.568022,8700223
1,2021-06-18,36655,8623214,23793,4549907,10366,3711007,2496,362300,14337,934622,0.107425,22079,4024188,0.462538,16891,4958810,0.569964,8700223
1,2021-06-19,22153,8645367,15468,4565375,5711,3716718,974,363274,8971,931581,0.107076,13026,4037214,0.464036,9985,4968795,0.571111,8700223
1,2021-06-20,2508,8647875,1699,4567074,675,3717393,134,363408,1024,931276,0.10704,1468,4038682,0.464204,1163,4969958,0.571245,8700223
2,2020-12-15,240,240,240,240,0,0,0,0,240,240,2.9e-05,0,0,0.0,240,240,2.9e-05,8407551
2,2020-12-16,2077,2317,2077,2317,0,0,0,0,2076,2316,0.000275,0,0,0.0,2076,2316,0.000275,8407551
2,2020-12-17,6824,9141,6824,9141,0,0,0,0,6825,9141,0.001087,0,0,0.0,6825,9141,0.001087,8407551
2,2020-12-18,11056,20197,11037,20178,19,19,0,0,11056,20197,0.002402,0,0,0.0,11056,20197,0.002402,8407551
2,2020-12-19,5620,25817,5614,25792,6,25,0,0,5621,25818,0.003071,0,0,0.0,5621,25818,0.003071,8407551
2,2020-12-20,4242,30059,4233,30025,9,34,0,0,4238,30056,0.003575,0,0,0.0,4238,30056,0.003575,8407551
2,2020-12-21,12762,42821,12737,42762,25,59,0,0,12717,42773,0.005087,0,0,0.0,12717,42773,0.005087,8407551
2,2020-12-22,12124,54945,11611,54373,513,572,0,0,12123,54896,0.006529,0,0,0.0,12123,54896,0.006529,8407551
2,2020-12-23,11685,66630,9474,63847,2211,2783,0,0,11688,66584,0.00792,1,1,0.0,11689,66585,0.00792,8407551
2,2020-12-24,5862,72492,3496,67343,2366,5149,0,0,5858,72441,0.008616,3,4,0.0,5860,72445,0.008617,8407551
2,2020-12-25,483,72975,405,67748,78,5227,0,0,484,72925,0.008674,0,4,0.0,484,72929,0.008674,8407551
2,2020-12-26,2559,75534,1663,69411,896,6123,0,0,2560,75484,0.008978,1,5,1e-06,2560,75489,0.008979,8407551
2,2020-12-27,2227,77761,1210,70621,1017,7140,0,0,2224,77706,0.009242,2,7,1e-06,2224,77713,0.009243,8407551
2,2020-12-28,10981,88742,7142,77763,3839,10979,0,0,10981,88686,0.010548,1,8,1e-06,10981,88694,0.010549,8407551
2,2020-12-29,12694,101436,7149,84912,5545,16524,0,0,12698,101384,0.012059,0,8,1e-06,12698,101392,0.01206,8407551
2,2020-12-30,15389,116825,8657,93569,6732,23256,0,0,15402,116783,0.01389,5,13,2e-06,15404,116796,0.013892,8407551
2,2020-12-31,7548,124373,2825,96394,4723,27979,0,0,7542,124321,0.014787,4,17,2e-06,7542,124338,0.014789,8407551
2,2021-01-01,1175,125548,571,96965,604,28583,0,0,1174,125492,0.014926,3,20,2e-06,1174,125512,0.014928,8407551
2,2021-01-02,4834,130382,2754,99719,2080,30663,0,0,4832,130324,0.015501,0,20,2e-06,4832,130344,0.015503,8407551
2,2021-01-03,1381,131763,786,100505,595,31258,0,0,1376,131697,0.015664,3,23,3e-06,1376,131720,0.015667,8407551
2,2021-01-04,11624,143387,5556,106061,6068,37326,0,0,11613,143307,0.017045,3,26,3e-06,11613,143333,0.017048,8407551
2,2021-01-05,13854,157241,6905,112966,6949,44275,0,0,12668,154827,0.018415,1181,1207,0.000144,12701,156034,0.018559,8407551
2,2021-01-06,18961,176202,10450,123416,8511,52786,0,0,15216,166356,0.019786,3695,4902,0.000583,15224,171258,0.02037,8407551
2,2021-01-07,23081,199283,12989,136405,10092,62878,0,0,15571,174417,0.020745,7524,12426,0.001478,15585,186843,0.022223,8407551
2,2021-01-08,26418,225701,15971,152376,10447,73325,0,0,16315,180686,0.021491,10065,22491,0.002675,16334,203177,0.024166,8407551
2,2021-01-09,9732,235433,5662,158038,4070,77395,0,0,6235,183419,0.021816,3508,25999,0.003092,6241,209418,0.024908,8407551
2,2021-01-10,5255,240688,2919,160957,2336,79731,0,0,3034,184225,0.021912,2234,28233,0.003358,3040,212458,0.02527,8407551
2,2021-01-11,25948,266636,17823,178780,8125,87856,0,0,14991,188287,0.022395,10978,39211,0.004664,15040,227498,0.027059,8407551
2,2021-01-12,26239,292875,16313,195093,9926,97782,0,0,16675,195462,0.023248,9577,48788,0.005803,16752,244250,0.029051,8407551
2,2021-01-13,28470,321345,15095,210188,13375,111157,0,0,20517,208059,0.024747,7944,56732,0.006748,20541,264791,0.031494,8407551
2,2021-01-14,30315,351660,11579,221767,18736,129893,0,0,26087,229964,0.027352,4245,60977,0.007253,26150,290941,0.034605,8407551
2,2021-01-15,34982,386642,12676,234443,22306,152199,0,0,31720,258499,0.030746,3263,64240,0.007641,31798,322739,0.038387,8407551
2,2021-01-16,17979,404621,5959,240402,12020,164219,0,0,16657,273823,0.032569,1346,65586,0.007801,16670,339409,0.04037,8407551
2,2021-01-17,10538,415159,3556,243958,6982,171201,0,0,9821,282911,0.03365,741,66327,0.007889,9829,349238,0.041539,8407551
2,2021-01-18,19674,434833,11017,254975,8657,179858,0,0,14893,293061,0.034857,4800,71127,0.00846,14950,364188,0.043317,8407551
2,2021-01-19,32492,467325,16984,271959,15508,195366,0,0,24504,309693,0.036835,7989,79116,0.00941,24621,388809,0.046245,8407551
2,2021-01-20,37163,504488,18606,290565,18557,213923,0,0,28534,329713,0.039216,8604,87720,0.010433,28624,417433,0.04965,8407551
2,2021-01-21,40649,545137,17174,307739,23475,237398,0,0,36208,361667,0.043017,4420,92140,0.010959,36374,453807,0.053976,8407551
2,2021-01-22,39361,584498,16446,324185,22915,260313,0,0,36036,394413,0.046912,3321,95461,0.011354,36067,489874,0.058266,8407551
2,2021-01-23,24081,608579,10831,335016,13250,273563,0,0,21123,412630,0.049079,2935,98396,0.011703,21152,511026,0.060782,8407551
2,2021-01-24,12430,621009,6150,341166,6280,279843,0,0,11515,423254,0.050342,902,99298,0.011811,11526,522552,0.062153,8407551
2,2021-01-25,33758,654767,15559,356725,18199,298042,0,0,24975,439633,0.05229,8725,108023,0.012848,25104,547656,0.065139,8407551
2,2021-01-26,40071,694838,19657,376382,20414,318456,0,0,31069,461805,0.054927,8977,117000,0.013916,31149,578805,0.068843,8407551
2,2021-01-27,45452,740290,22676,399058,22776,341232,0,0,35360,487253,0.057954,9971,126971,0.015102,35419,614224,0.073056,8407551
2,2021-01-28,47775,788065,22437,421495,25338,366570,0,0,39160,517925,0.061602,8554,135525,0.016119,39226,653450,0.077722,8407551
2,2021-01-29,45469,833534,22073,443568,23396,389966,0,0,36853,546336,0.064982,8507,144032,0.017131,36918,690368,0.082113,8407551
2,2021-01-30,31154,864688,13448,457016,17706,407672,0,0,27839,570929,0.067907,3276,147308,0.017521,27869,718237,0.085428,8407551
2,2021-01-31,17157,881845,10240,467256,6917,414589,0,0,15985,585775,0.069672,1158,148466,0.017659,16004,734241,0.087331,8407551
2,2021-02-01,40945,922790,19813,487069,21132,435721,0,0,30155,605223,0.071986,10747,159213,0.018937,30195,764436,0.090923,8407551
2,2021-02-02,47554,970344,19341,506410,28213,463934,0,0,36228,630296,0.074968,11257,170470,0.020276,36330,800766,0.095244,8407551
2,2021-02-03,53895,1024239,23930,530340,29965,493899,0,0,39870,656338,0.078065,13926,184396,0.021932,39968,840734,0.099997,8407551
2,2021-02-04,55855,1080094,24135,554475,31720,525619,0,0,40840,682355,0.08116,14920,199316,0.023707,40937,881671,0.104867,8407551
2,2021-02-05,59571,1139665,26159,580634,33412,559031,0,0,40324,703788,0.083709,19066,218382,0.025975,40499,922170,0.109684,8407551
2,2021-02-06,38882,1178547,18167,598801,20715,579746,0,0,30995,727054,0.086476,7819,226201,0.026905,31085,953255,0.113381,8407551
2,2021-02-07,15565,1194112,10308,609109,5257,585003,0,0,11808,735194,0.087444,3734,229935,0.027349,11874,965129,0.114793,8407551
2,2021-02-08,42768,1236880,21774,630883,20994,605997,0,0,29297,751357,0.089367,13342,243277,0.028936,29505,994634,0.118302,8407551
2,2021-02-09,49147,1286027,23257,654140,25890,631887,0,0,30552,763838,0.090851,18398,261675,0.031124,30879,1025513,0.121975,8407551
2,2021-02-10,59145,1345172,27768,681908,31377,663264,0,0,34441,774187,0.092082,24445,286120,0.034031,34794,1060307,0.126114,8407551
2,2021-02-11,63721,1408893,29366,711274,34355,697619,0,0,35829,782911,0.09312,27596,313716,0.037314,36320,1096627,0.130434,8407551
2,2021-02-12,64871,1473764,27999,739273,36872,734491,0,0,34616,788180,0.093747,30001,343717,0.040882,35270,1131897,0.134629,8407551
2,2021-02-13,37550,1511314,15708,754981,21842,756333,0,0,21711,794508,0.094499,15760,359477,0.042756,22088,1153985,0.137256,8407551
2,2021-02-14,19839,1531153,9253,764234,10586,766919,0,0,11117,797305,0.094832,8680,368157,0.043789,11477,1165462,0.138621,8407551
2,2021-02-15,32837,1563990,14798,779032,18039,784958,0,0,18254,801948,0.095384,14465,382622,0.045509,19108,1184570,0.140894,8407551
2,2021-02-16,55742,1619732,27335,806367,28407,813365,0,0,29491,805945,0.09586,26164,408786,0.048621,30161,1214731,0.144481,8407551
2,2021-02-17,61052,1680784,31369,837736,29683,843048,0,0,30488,806756,0.095956,30502,439288,0.052249,31313,1246044,0.148205,8407551
2,2021-02-18,65650,1746434,33131,870867,32519,875567,0,0,32136,806750,0.095955,33288,472576,0.056209,33282,1279326,0.152164,8407551
2,2021-02-19,58788,1805222,32654,903521,26134,901701,0,0,29300,807317,0.096023,29336,501912,0.059698,29903,1309229,0.155721,8407551
2,2021-02-20,36961,1842183,24034,927555,12927,914628,0,0,20267,811656,0.096539,16610,518522,0.061673,20949,1330178,0.158212,8407551
2,2021-02-21,20493,1862676,17030,944585,3463,918091,0,0,9972,811976,0.096577,10450,528972,0.062916,10770,1340948,0.159493,8407551
2,2021-02-22,37473,1900149,25584,970169,11889,929980,0,0,18020,811309,0.096498,19360,548332,0.065219,18693,1359641,0.161717,8407551
2,2021-02-23,51616,1951765,26379,996548,25237,955217,0,0,22874,807518,0.096047,28559,576891,0.068616,24768,1384409,0.164663,8407551
2,2021-02-24,68284,2020049,35109,1031657,33175,988392,0,0,31604,804940,0.09574,36540,613431,0.072962,33962,1418371,0.168702,8407551
2,2021-02-25,74176,2094225,34944,1066601,39232,1027624,0,0,37933,809649,0.0963,36036,649467,0.077248,40745,1459116,0.173548,8407551
2,2021-02-26,82482,2176707,35144,1101745,47338,1074962,0,0,44772,819156,0.097431,37459,686926,0.081703,46966,1506082,0.179134,8407551
2,2021-02-27,60030,2236737,27734,1129479,32289,1107251,7,7,32904,826468,0.098301,26929,713855,0.084906,34241,1540323,0.183207,8407551
2,2021-02-28,29459,2266196,17655,1147134,11803,1119054,1,8,17498,832931,0.099069,11866,725721,0.086318,18329,1558652,0.185387,8407551
2,2021-03-01,56309,2322505,29534,1176668,26741,1145795,34,42,31057,840208,0.099935,25007,750728,0.089292,32284,1590936,0.189227,8407551
2,2021-03-02,67535,2390040,32490,1209158,35038,1180833,7,49,38370,851900,0.101326,29028,779756,0.092745,40720,1631656,0.19407,8407551
2,2021-03-03,79418,2469458,38484,1247642,40921,1221754,13,62,45059,865353,0.102926,34179,813935,0.09681,47632,1679288,0.199736,8407551
2,2021-03-04,87133,2556591,42838,1290480,44265,1266019,30,92,50519,881858,0.104889,36426,850361,0.101143,52931,1732219,0.206031,8407551
2,2021-03-05,80514,2637105,38108,1328588,42103,1308122,303,395,49520,903254,0.107434,30805,881166,0.104807,52201,1784420,0.21224,8407551
2,2021-03-06,62484,2699589,30538,1359126,30258,1338380,1688,2083,38562,921137,0.109561,23812,904978,0.107639,41695,1826115,0.217199,8407551
2,2021-03-07,27449,2727038,16063,1375189,10417,1348797,969,3052,17768,931359,0.110776,9624,914602,0.108783,19846,1845961,0.21956,8407551
2,2021-03-08,49758,2776796,22917,1398106,24389,1373186,2452,5504,31531,948860,0.112858,18124,932726,0.110939,35625,1881586,0.223797,8407551
2,2021-03-09,69576,2846372,31896,1430002,33920,1407106,3760,9264,38858,962229,0.114448,30605,963331,0.114579,43974,1925560,0.229027,8407551
2,2021-03-10,77387,2923759,36775,1466777,34094,1441200,6518,15782,41364,975620,0.116041,35837,999168,0.118842,49228,1974788,0.234883,8407551
2,2021-03-11,92221,3015980,42584,1509361,41309,1482509,8328,24110,48487,990385,0.117797,43463,1042631,0.124011,58228,2033016,0.241808,8407551
2,2021-03-12,93266,3109246,38480,1547841,42823,1525332,11963,36073,46749,1004223,0.119443,46310,1088941,0.129519,60148,2093164,0.248962,8407551
2,2021-03-13,68397,3177643,28813,1576654,31606,1556938,7978,44051,37659,1020546,0.121384,30622,1119563,0.133162,46945,2140109,0.254546,8407551
2,2021-03-14,36547,3214190,18271,1594925,13758,1570696,4518,48569,18636,1026633,0.122108,17827,1137390,0.135282,23914,2164023,0.25739,8407551
2,2021-03-15,66949,3281139,30246,1625171,31702,1602398,5001,53570,37152,1040289,0.123733,29608,1166998,0.138804,43264,2207287,0.262536,8407551
2,2021-03-16,85854,3366993,38026,1663197,43835,1646233,3993,57563,52298,1064317,0.126591,33393,1200391,0.142775,57421,2264708,0.269366,8407551
2,2021-03-17,92096,3459089,44238,1707435,43686,1689919,4172,61735,58714,1094917,0.13023,33137,1233528,0.146717,63737,2328445,0.276947,8407551
2,2021-03-18,97091,3556180,46352,1753787,46242,1736161,4497,66232,59602,1122378,0.133496,37208,1270736,0.151142,64669,2393114,0.284639,8407551
2,2021-03-19,96859,3653039,45787,1799574,44962,1781123,6110,72342,57828,1148090,0.136555,38761,1309497,0.155752,64473,2457587,0.292307,8407551
2,2021-03-20,69535,3722574,33691,1833265,31890,1813013,3954,76296,45721,1174545,0.139701,23589,1333086,0.158558,50044,2507631,0.298259,8407551
2,2021-03-21,32998,3755572,21365,1854630,9647,1822660,1986,78282,20397,1184876,0.14093,12485,1345571,0.160043,22816,2530447,0.300973,8407551
2,2021-03-22,62372,3817944,34271,1888901,25462,1848122,2639,80921,41575,1209407,0.143848,20587,1366158,0.162492,45118,2575565,0.30634,8407551
2,2021-03-23,83095,3901039,44090,1932991,36101,1884223,2904,83825,52188,1234671,0.146853,30663,1396821,0.166139,55927,2631492,0.312992,8407551
2,2021-03-24,91249,3992288,49061,1982052,39031,1923254,3157,86982,53971,1255627,0.149345,36993,1433814,0.170539,57949,2689441,0.319884,8407551
2,2021-03-25,100798,4093086,50849,2032901,46047,1969301,3902,90884,57407,1274621,0.151604,43080,1476894,0.175663,62074,2751515,0.327267,8407551
2,2021-03-26,102843,4195929,51107,2084008,48245,2017546,3491,94375,56704,1290073,0.153442,45800,1522694,0.18111,61252,2812767,0.334552,8407551
2,2021-03-27,75243,4271172,37567,2121575,34381,2051927,3295,97670,37996,1295196,0.154052,37030,1559724,0.185515,42153,2854920,0.339566,8407551
2,2021-03-28,37489,4308661,23161,2144736,13522,2065449,806,98476,20242,1299914,0.154613,17132,1576856,0.187552,21850,2876770,0.342165,8407551
2,2021-03-29,70833,4379494,36095,2180831,32465,2097914,2273,100749,40570,1313567,0.156237,30086,1606942,0.191131,43739,2920509,0.347367,8407551
2,2021-03-30,91468,4470962,44808,2225639,42290,2140204,4370,105119,51649,1330564,0.158258,39629,1646571,0.195844,56626,2977135,0.354103,8407551
2,2021-03-31,100828,4571790,52036,2277675,43704,2183908,5088,110207,57534,1350524,0.160632,43012,1689583,0.20096,62972,3040107,0.361592,8407551
2,2021-04-01,117047,4688837,56607,2334282,51273,2235181,9167,119374,64057,1371541,0.163132,52651,1742234,0.207223,73668,3113775,0.370355,8407551
2,2021-04-02,111194,4800031,51361,2385643,49715,2284896,10118,129492,60116,1391522,0.165509,50736,1792970,0.213257,70717,3184492,0.378766,8407551
2,2021-04-03,76537,4876568,37539,2423182,29185,2314081,9813,139305,38110,1401618,0.166709,38232,1831202,0.217804,48328,3232820,0.384514,8407551
2,2021-04-04,29003,4905571,14917,2438099,10237,2324318,3849,143154,13103,1402801,0.16685,15812,1847014,0.219685,16995,3249815,0.386535,8407551
2,2021-04-05,78715,4984286,38655,2476754,31314,2355632,8746,151900,38343,1410438,0.167758,40222,1887236,0.224469,47859,3297674,0.392228,8407551
2,2021-04-06,103444,5087730,50415,2527169,38351,2393983,14678,166578,49262,1420859,0.168998,53944,1941180,0.230885,64365,3362039,0.399883,8407551
2,2021-04-07,110081,5197811,54963,2582132,38919,2432902,16199,182777,52091,1431716,0.170289,57728,1998908,0.237752,68585,3430624,0.408041,8407551
2,2021-04-08,119026,5316837,57297,2639429,43051,2475953,18678,201455,55421,1443135,0.171647,63289,2062197,0.245279,74708,3505332,0.416927,8407551
2,2021-04-09,118401,5435238,57058,2696487,43290,2519243,18053,219508,56139,1456306,0.173214,61918,2124115,0.252644,75089,3580421,0.425858,8407551
2,2021-04-10,87128,5522366,37767,2734254,31004,2550247,18357,237865,36078,1460626,0.173728,50803,2174918,0.258686,55123,3635544,0.432414,8407551
2,2021-04-11,44319,5566685,23046,2757300,12761,2563008,8512,246377,18206,1462094,0.173902,25983,2200901,0.261777,27451,3662995,0.435679,8407551
2,2021-04-12,79713,5646398,37159,2794459,33195,2596203,9359,255736,35762,1464517,0.174191,43705,2244606,0.266975,46128,3709123,0.441166,8407551
2,2021-04-13,101575,5747973,52705,2847164,48610,2644813,260,255996,55857,1476052,0.175563,45485,2290091,0.272385,57020,3766143,0.447948,8407551
2,2021-04-14,106502,5854475,55766,2902930,50685,2695498,51,256047,54791,1480904,0.17614,51446,2341537,0.278504,56298,3822441,0.454644,8407551
2,2021-04-15,113003,5967478,60077,2963007,52849,2748347,77,256124,59546,1488504,0.177044,53115,2394652,0.284822,60715,3883156,0.461865,8407551
2,2021-04-16,110268,6077746,57260,3020267,52957,2801304,51,256175,56362,1492251,0.177489,53614,2448266,0.291198,57361,3940517,0.468688,8407551
2,2021-04-17,83072,6160818,42282,3062549,40771,2842075,19,256194,46726,1503786,0.178861,36127,2484393,0.295495,47662,3988179,0.474357,8407551
2,2021-04-18,34283,6195101,20559,3083108,13718,2855793,6,256200,16443,1503517,0.178829,17727,2502120,0.297604,17458,4005637,0.476433,8407551
2,2021-04-19,74114,6269215,39908,3123016,34192,2889985,14,256214,34030,1498393,0.17822,39855,2541975,0.302344,34731,4040368,0.480564,8407551
2,2021-04-20,95421,6364636,47667,3170683,47729,2937714,25,256239,46606,1497353,0.178096,48526,2590501,0.308116,47486,4087854,0.486212,8407551
2,2021-04-21,99371,6464007,52646,3223329,46671,2984385,54,256293,47184,1493660,0.177657,51828,2642329,0.31428,48135,4135989,0.491937,8407551
2,2021-04-22,105598,6569605,54073,3277402,51504,3035889,21,256314,46346,1482009,0.176271,58901,2701230,0.321286,47250,4183239,0.497557,8407551
2,2021-04-23,104928,6674533,55251,3332653,49659,3085548,18,256332,48594,1475548,0.175503,55988,2757218,0.327945,49527,4232766,0.503448,8407551
2,2021-04-24,79615,6754148,47007,3379660,32569,3118117,39,256371,41604,1480419,0.176082,37701,2794919,0.33243,42572,4275338,0.508512,8407551
2,2021-04-25,36090,6790238,22288,3401948,13788,3131905,14,256385,19717,1484357,0.17655,16255,2811174,0.334363,20193,4295531,0.510913,8407551
2,2021-04-26,72463,6862701,39874,3441822,32292,3164197,297,256682,33497,1480851,0.176133,38734,2849908,0.33897,35228,4330759,0.515104,8407551
2,2021-04-27,86769,6949470,45434,3487256,39976,3204173,1359,258041,37322,1471637,0.175038,49116,2899024,0.344812,39902,4370661,0.519849,8407551
2,2021-04-28,85948,7035418,45492,3532748,38612,3242785,1844,259885,37947,1464613,0.174202,47717,2946741,0.350487,40693,4411354,0.52469,8407551
2,2021-04-29,88775,7124193,47898,3580646,39184,3281969,1693,261578,34453,1447354,0.172149,53995,3000736,0.35691,36736,4448090,0.529059,8407551
2,2021-04-30,92305,7216498,50741,3631387,39588,3321557,1976,263554,35701,1429448,0.17002,56227,3056963,0.363597,38321,4486411,0.533617,8407551
2,2021-05-01,61531,7278029,37624,3669011,22356,3343913,1551,265105,23972,1418526,0.16872,37289,3094252,0.368032,26367,4512778,0.536753,8407551
2,2021-05-02,29050,7307079,20138,3689149,7941,3351854,971,266076,11049,1412751,0.168034,17882,3112134,0.370159,12107,4524885,0.538193,8407551
2,2021-05-03,59638,7366717,35315,3724464,22287,3374141,2036,268112,20096,1395844,0.166023,39302,3151436,0.374834,22395,4547280,0.540857,8407551
2,2021-05-04,77940,7444657,46144,3770608,29434,3403575,2362,270474,25460,1371887,0.163173,52175,3203611,0.38104,28218,4575498,0.544213,8407551
2,2021-05-05,78209,7522866,46177,3816785,29694,3433269,2338,272812,24445,1345603,0.160047,53410,3257021,0.387392,27126,4602624,0.547439,8407551
2,2021-05-06,80664,7603530,48475,3865260,29287,3462556,2902,275714,24672,1318238,0.156792,55574,3312595,0.394002,28209,4630833,0.550795,8407551
2,2021-05-07,81902,7685432,47051,3912311,32429,3494985,2422,278136,25216,1289971,0.15343,56360,3368955,0.400706,28093,4658926,0.554136,8407551
2,2021-05-08,53464,7738896,32248,3944559,19519,3514504,1697,279833,16794,1272730,0.151379,36456,3405411,0.405042,19215,4678141,0.556421,8407551
2,2021-05-09,21269,7760165,15279,3959838,5251,3519755,739,280572,6385,1265274,0.150493,14810,3420221,0.406803,7354,4685495,0.557296,8407551
2,2021-05-10,48841,7809006,26468,3986306,20520,3540275,1853,282425,13950,1247013,0.148321,34670,3454891,0.410927,16409,4701904,0.559248,8407551
2,2021-05-11,63599,7872605,33777,4020083,27738,3568013,2084,284509,19266,1224965,0.145698,44072,3498963,0.416169,22024,4723928,0.561867,8407551
2,2021-05-12,63405,7936010,33742,4053825,27477,3595490,2186,286695,19480,1203358,0.143128,43660,3542623,0.421362,22053,4745981,0.56449,8407551
2,2021-05-13,68618,8004628,39958,4093783,26756,3622246,1904,288599,25626,1188871,0.141405,42739,3585362,0.426445,28252,4774233,0.567851,8407551
2,2021-05-14,77747,8082375,46422,4140205,29103,3651349,2222,290821,30222,1174772,0.139728,47191,3632553,0.432058,33092,4807325,0.571787,8407551
2,2021-05-15,65199,8147574,42769,4182974,20725,3672074,1705,292526,25240,1162339,0.138249,39743,3672296,0.436785,27310,4834635,0.575035,8407551
2,2021-05-16,30582,8178156,22764,4205738,6900,3678974,918,293444,12355,1157626,0.137689,18112,3690408,0.43894,13399,4848034,0.576629,8407551
2,2021-05-17,57303,8235459,36292,4242030,19084,3698058,1927,295371,22929,1148669,0.136623,34173,3724581,0.443004,25216,4873250,0.579628,8407551
2,2021-05-18,69239,8304698,40397,4282427,26895,3724953,1947,297318,27825,1137814,0.135332,41167,3765748,0.447901,30312,4903562,0.583233,8407551
2,2021-05-19,67937,8372635,40241,4322668,25730,3750683,1966,299284,27599,1127777,0.134139,40063,3805811,0.452666,30026,4933588,0.586804,8407551
2,2021-05-20,68248,8440883,39516,4362184,26574,3777257,2158,301442,26480,1115537,0.132683,41472,3847283,0.457599,29232,4962820,0.590281,8407551
2,2021-05-21,71670,8512553,42309,4404493,27227,3804484,2134,303576,28092,1103057,0.131198,43253,3890536,0.462743,30773,4993593,0.593941,8407551
2,2021-05-22,52706,8565259,33359,4437852,17621,3822105,1726,305302,22011,1096823,0.130457,30492,3921028,0.46637,24258,5017851,0.596827,8407551
2,2021-05-23,23259,8588518,15818,4453670,6719,3828824,722,306024,9986,1094510,0.130182,13155,3934183,0.467934,10842,5028693,0.598116,8407551
2,2021-05-24,43395,8631913,24353,4478023,17303,3846127,1739,307763,16623,1086644,0.129246,26566,3960749,0.471094,18700,5047393,0.60034,8407551
2,2021-05-25,50324,8682237,29522,4507545,18948,3865075,1854,309617,19414,1077826,0.128197,30621,3991370,0.474736,21803,5069196,0.602934,8407551
2,2021-05-26,48232,8730469,27097,4534642,19473,3884548,1662,311279,19241,1070389,0.127313,28679,4020049,0.478147,21242,5090438,0.60546,8407551
2,2021-05-27,46244,8776713,26203,4560845,18302,3902850,1739,313018,18847,1064279,0.126586,27173,4047222,0.481379,21063,5111501,0.607966,8407551
2,2021-05-28,49495,8826208,27396,4588241,20153,3923003,1946,314964,21060,1059514,0.126019,28196,4075418,0.484733,23431,5134932,0.610752,8407551
2,2021-05-29,28734,8854942,17188,4605429,10501,3933504,1045,316009,13450,1059030,0.125962,15142,4090560,0.486534,14658,5149590,0.612496,8407551
2,2021-05-30,12502,8867444,8036,4613465,3709,3937213,757,316766,5592,1058582,0.125908,6866,4097426,0.487351,6418,5156008,0.613259,8407551
2,2021-05-31,5847,8873291,3414,4616879,2131,3939344,302,317068,1838,1056807,0.125697,3965,4101391,0.487822,2190,5158198,0.61352,8407551
2,2021-06-01,44244,8917535,25501,4642380,17168,3956512,1575,318643,16160,1047102,0.124543,27817,4129208,0.491131,18112,5176310,0.615674,8407551
2,2021-06-02,37858,8955393,22267,4664647,14198,3970710,1393,320036,15240,1041645,0.123894,22379,4151587,0.493793,16922,5193232,0.617687,8407551
2,2021-06-03,40979,8996372,26415,4691062,13134,3983844,1430,321466,14220,1031139,0.122644,26538,4178125,0.496949,16032,5209264,0.619594,8407551
2,2021-06-04,47444,9043816,30952,4722014,14972,3998816,1520,322986,15833,1017668,0.121042,31343,4209468,0.500677,17872,5227136,0.621719,8407551
2,2021-06-05,37351,9081167,26649,4748663,9272,4008088,1430,324416,12029,1006428,0.119705,25108,4234576,0.503663,13868,5241004,0.623369,8407551
2,2021-06-06,14598,9095765,11970,4760633,2049,4010137,579,324995,4944,1002531,0.119242,9598,4244174,0.504805,5701,5246705,0.624047,8407551
2,2021-06-07,32843,9128608,23002,4783635,8582,4018719,1259,326254,10889,993095,0.118119,21821,4265995,0.5074,12385,5259090,0.62552,8407551
2,2021-06-08,40225,9168833,28549,4812184,10323,4029042,1353,327607,12694,980217,0.116588,27295,4293290,0.510647,14417,5273507,0.627235,8407551
2,2021-06-09,37669,9206502,26344,4838528,9842,4038884,1483,329090,11517,967568,0.115083,25968,4319258,0.513736,13319,5286826,0.628819,8407551
2,2021-06-10,37267,9243769,25960,4864488,9823,4048707,1484,330574,11722,955884,0.113694,25349,4344607,0.516751,13665,5300491,0.630444,8407551
2,2021-06-11,40605,9284374,26904,4891392,12056,4060763,1645,332219,13187,943830,0.11226,27171,4371778,0.519982,15117,5315608,0.632242,8407551
2,2021-06-12,28973,9313347,21341,4912733,6729,4067492,903,333122,8620,933328,0.111011,20232,4392010,0.522389,9730,5325338,0.633399,8407551
2,2021-06-13,12006,9325353,8739,4921472,2658,4070150,609,333731,3140,928441,0.110429,8803,4400813,0.523436,3916,5329254,0.633865,8407551
2,2021-06-14,29395,9354748,20886,4942358,7346,4077496,1163,334894,10570,921697,0.109627,18680,4419493,0.525658,11936,5341190,0.635285,8407551
2,2021-06-15,35145,9389893,23409,4965767,9721,4087217,2015,336909,12001,913155,0.108611,22928,4442421,0.528385,14386,5355576,0.636996,8407551
2,2021-06-16,32201,9422094,22160,4987927,8291,4095508,1750,338659,11225,905602,0.107713,20815,4463236,0.53086,13262,5368838,0.638573,8407551
2,2021-06-17,29408,9451502,19820,5007747,7944,4103452,1644,340303,10378,898954,0.106922,18868,4482104,0.533105,12220,5381058,0.640027,8407551
2,2021-06-18,32629,9484131,21622,5029369,9325,4112777,1682,341985,11928,892317,0.106133,20507,4502611,0.535544,13870,5394928,0.641677,8407551
2,2021-06-19,19783,9503914,13914,5043283,4756,4117533,1113,343098,7408,888781,0.105712,12229,4514840,0.536998,8693,5403621,0.64271,8407551
2,2021-06-20,2710,9506624,1726,5045009,668,4118201,316,343414,931,888298,0.105655,1769,4516609,0.537209,1286,5404907,0.642863,8407551
3,2020-12-15,301,301,301,301,0,0,0,0,301,301,3.7e-05,0,0,0.0,301,301,3.7e-05,8129050
3,2020-12-16,2312,2613,2312,2613,0,0,0,0,2313,2614,0.000322,0,0,0.0,2313,2614,0.000322,8129050
3,2020-12-17,7802,10415,7802,10415,0,0,0,0,7802,10416,0.001281,0,0,0.0,7802,10416,0.001281,8129050
3,2020-12-18,13354,23769,13341,23756,13,13,0,0,13354,23770,0.002924,0,0,0.0,13354,23770,0.002924,8129050
3,2020-12-19,7200,30969,7189,30945,11,24,0,0,7264,31034,0.003818,0,0,0.0,7264,31034,0.003818,8129050
3,2020-12-20,5649,36618,5642,36587,7,31,0,0,5696,36729,0.004518,1,1,0.0,5696,36730,0.004518,8129050
3,2020-12-21,14329,50947,14304,50891,25,56,0,0,14392,51120,0.006289,1,2,0.0,14392,51122,0.006289,8129050
3,2020-12-22,14764,65711,14187,65078,577,633,0,0,14804,65924,0.00811,0,2,0.0,14804,65926,0.00811,8129050
3,2020-12-23,14779,80490,12175,77253,2604,3237,0,0,14806,80730,0.009931,1,3,0.0,14807,80733,0.009931,8129050
3,2020-12-24,6786,87276,4855,82108,1931,5168,0,0,6784,87513,0.010765,1,4,0.0,6784,87517,0.010766,8129050
3,2020-12-25,722,87998,665,82773,57,5225,0,0,721,88234,0.010854,0,4,0.0,721,88238,0.010855,8129050
3,2020-12-26,4607,92605,2995,85768,1612,6837,0,0,4605,92839,0.011421,0,4,0.0,4605,92843,0.011421,8129050
3,2020-12-27,2978,95583,1851,87619,1127,7964,0,0,2978,95817,0.011787,0,4,0.0,2978,95821,0.011787,8129050
3,2020-12-28,13580,109163,8688,96307,4892,12856,0,0,13606,109422,0.013461,1,5,1e-06,13606,109427,0.013461,8129050
3,2020-12-29,14997,124160,8452,104759,6545,19401,0,0,15024,124444,0.015309,2,7,1e-06,15024,124451,0.015309,8129050
3,2020-12-30,18008,142168,10025,114784,7983,27384,0,0,17996,142440,0.017522,1,8,1e-06,17997,142448,0.017523,8129050
3,2020-12-31,8425,150593,3234,118018,5191,32575,0,0,8425,150864,0.018559,1,9,1e-06,8425,150873,0.01856,8129050
3,2021-01-01,1331,151924,617,118635,714,33289,0,0,1328,152191,0.018722,1,10,1e-06,1328,152201,0.018723,8129050
3,2021-01-02,4933,156857,2419,121054,2514,35803,0,0,4933,157124,0.019329,0,10,1e-06,4933,157134,0.01933,8129050
3,2021-01-03,1610,158467,845,121899,765,36568,0,0,1600,158720,0.019525,4,14,2e-06,1600,158734,0.019527,8129050
3,2021-01-04,11994,170461,5965,127864,6029,42597,0,0,11968,170681,0.020996,7,21,3e-06,11968,170702,0.020999,8129050
3,2021-01-05,15644,186105,8094,135958,7550,50147,0,0,14028,183131,0.022528,1604,1625,0.0002,14054,184756,0.022728,8129050
3,2021-01-06,20514,206619,10824,146782,9690,59837,0,0,16050,194766,0.023959,4423,6048,0.000744,16058,200814,0.024703,8129050
3,2021-01-07,26487,233106,15122,161904,11365,71202,0,0,17149,202622,0.024926,9309,15357,0.001889,17165,217979,0.026815,8129050
3,2021-01-08,30360,263466,18522,180426,11838,83040,0,0,18035,208375,0.025633,12304,27661,0.003403,18057,236036,0.029036,8129050
3,2021-01-09,12378,275844,6994,187420,5384,88424,0,0,7871,211756,0.026049,4500,32161,0.003956,7881,243917,0.030006,8129050
3,2021-01-10,7180,283024,4456,191876,2724,91148,0,0,4045,212673,0.026162,3133,35294,0.004342,4050,247967,0.030504,8129050
3,2021-01-11,28991,312015,18976,210852,10015,101163,0,0,16400,216532,0.026637,12584,47878,0.00589,16443,264410,0.032527,8129050
3,2021-01-12,32246,344261,19286,230138,12960,114123,0,0,19799,223988,0.027554,12428,60306,0.007419,19884,284294,0.034973,8129050
3,2021-01-13,34422,378683,17958,248096,16464,130587,0,0,24251,238086,0.029288,10171,70477,0.00867,24269,308563,0.037958,8129050
3,2021-01-14,34534,413217,14178,262274,20356,150943,0,0,28645,260907,0.032096,5859,76336,0.009391,28680,337243,0.041486,8129050
3,2021-01-15,38835,452052,14433,276707,24402,175345,0,0,34171,290499,0.035736,4655,80991,0.009963,34247,371490,0.045699,8129050
3,2021-01-16,21614,473666,7420,284127,14194,189539,0,0,19296,307512,0.037829,2304,83295,0.010247,19317,390807,0.048075,8129050
3,2021-01-17,13121,486787,4446,288573,8675,198214,0,0,12084,318580,0.03919,1035,84330,0.010374,12103,402910,0.049564,8129050
3,2021-01-18,24774,511561,12948,301521,11826,210040,0,0,19231,332294,0.040877,5560,89890,0.011058,19274,422184,0.051935,8129050
3,2021-01-19,40889,552450,20899,322420,19990,230030,0,0,31823,355161,0.04369,9042,98932,0.01217,31909,454093,0.055861,8129050
3,2021-01-20,45293,597743,22312,344732,22981,253011,0,0,35946,381888,0.046978,9305,108237,0.013315,36032,490125,0.060293,8129050
3,2021-01-21,47721,645464,20621,365353,27100,280111,0,0,42261,418834,0.051523,5388,113625,0.013978,42334,532459,0.065501,8129050
3,2021-01-22,49686,695150,19798,385151,29888,309999,0,0,45547,460313,0.056626,4141,117766,0.014487,45620,578079,0.071113,8129050
3,2021-01-23,30198,725348,12805,397956,17393,327392,0,0,26921,484022,0.059542,3267,121033,0.014889,26976,605055,0.074431,8129050
3,2021-01-24,17664,743012,8503,406459,9161,336553,0,0,16508,499407,0.061435,1154,122187,0.015031,16539,621594,0.076466,8129050
3,2021-01-25,40686,783698,18158,424617,22528,359081,0,0,30752,520332,0.064009,9913,132100,0.01625,30838,652432,0.080259,8129050
3,2021-01-26,47152,830850,22565,447182,24587,383668,0,0,37076,547447,0.067345,10065,142165,0.017489,37180,689612,0.084833,8129050
3,2021-01-27,51357,882207,24494,471676,26863,410531,0,0,40785,577810,0.07108,10502,152667,0.01878,40865,730477,0.08986,8129050
3,2021-01-28,51720,933927,24056,495732,27664,438195,0,0,42822,611876,0.07527,8812,161479,0.019864,42878,773355,0.095135,8129050
3,2021-01-29,50830,984757,24487,520219,26343,464538,0,0,41194,643669,0.079181,9450,170929,0.021027,41243,814598,0.100208,8129050
3,2021-01-30,37180,1021937,17848,538067,19332,483870,0,0,32494,671610,0.082619,4633,175562,0.021597,32574,847172,0.104215,8129050
3,2021-01-31,22284,1044221,12824,550891,9460,493330,0,0,20900,691158,0.085023,1371,176933,0.021766,20919,868091,0.106789,8129050
3,2021-02-01,45784,1090005,21001,571892,24783,518113,0,0,35040,715536,0.088022,10700,187633,0.023082,35078,903169,0.111104,8129050
3,2021-02-02,54221,1144226,22602,594494,31619,549732,0,0,41849,745157,0.091666,12285,199918,0.024593,41906,945075,0.116259,8129050
3,2021-02-03,59819,1204045,26689,621183,33130,582862,0,0,44567,774713,0.095302,15093,215011,0.02645,44649,989724,0.121751,8129050
3,2021-02-04,64172,1268217,27915,649098,36257,619119,0,0,47089,805019,0.09903,16893,231904,0.028528,47199,1036923,0.127558,8129050
3,2021-02-05,69948,1338165,29730,678828,40218,659337,0,0,48467,832398,0.102398,21257,253161,0.031143,48636,1085559,0.133541,8129050
3,2021-02-06,43355,1381520,21030,699858,22325,681662,0,0,33774,856805,0.1054,9550,262711,0.032318,33957,1119516,0.137718,8129050
3,2021-02-07,19700,1401220,12548,712406,7152,688814,0,0,15165,867574,0.106725,4520,267231,0.032874,15289,1134805,0.139599,8129050
3,2021-02-08,51403,1452623,24972,737378,26431,715245,0,0,33793,884049,0.108752,17503,284734,0.035027,33978,1168783,0.143779,8129050
3,2021-02-09,58384,1511007,28499,765877,29885,745130,0,0,34289,894765,0.11007,23920,308654,0.037969,34636,1203419,0.148039,8129050
3,2021-02-10,67901,1578908,31684,797561,36217,781347,0,0,36792,901205,0.110862,30885,339539,0.041769,37325,1240744,0.152631,8129050
3,2021-02-11,70409,1649317,34775,832336,35634,816981,0,0,37802,907278,0.111609,32265,371804,0.045738,38338,1279082,0.157347,8129050
3,2021-02-12,75162,1724479,32596,864932,42566,859547,0,0,41562,916310,0.11272,33305,405109,0.049835,42337,1321419,0.162555,8129050
3,2021-02-13,44567,1769046,20323,885255,24244,883791,0,0,25718,923859,0.113649,18750,423859,0.052141,26299,1347718,0.16579,8129050
3,2021-02-14,27119,1796165,13555,898810,13564,897355,0,0,15142,927521,0.1141,11928,435787,0.053609,15590,1363308,0.167708,8129050
3,2021-02-15,39888,1836053,17171,915981,22717,920072,0,0,22097,932845,0.114754,17707,453494,0.055787,23031,1386339,0.170541,8129050
3,2021-02-16,69747,1905800,33045,949026,36702,956774,0,0,36268,936794,0.11524,33346,486840,0.059889,37295,1423634,0.175129,8129050
3,2021-02-17,71470,1977270,36190,985216,35280,992054,0,0,34018,934647,0.114976,37238,524078,0.06447,35091,1458725,0.179446,8129050
3,2021-02-18,76621,2053891,40056,1025272,36565,1028619,0,0,35541,930601,0.114478,40931,565009,0.069505,36885,1495610,0.183983,8129050
3,2021-02-19,68467,2122358,39491,1064763,28976,1057595,0,0,34628,932187,0.114674,33736,598745,0.073655,35322,1530932,0.188329,8129050
3,2021-02-20,42175,2164533,26721,1091484,15454,1073049,0,0,22234,935066,0.115028,19852,618597,0.076097,22731,1553663,0.191125,8129050
3,2021-02-21,22911,2187444,19077,1110561,3834,1076883,0,0,10885,934384,0.114944,11949,630546,0.077567,11267,1564930,0.192511,8129050
3,2021-02-22,45402,2232846,29575,1140136,15827,1092710,0,0,21491,932524,0.114715,23834,654380,0.080499,21974,1586904,0.195214,8129050
3,2021-02-23,60922,2293768,33259,1173395,27663,1120373,0,0,26906,927544,0.114102,33872,688252,0.084666,28892,1615796,0.198768,8129050
3,2021-02-24,76804,2370572,37636,1211031,39168,1159541,0,0,34232,921880,0.113406,42408,730660,0.089883,36744,1652540,0.203288,8129050
3,2021-02-25,86198,2456770,41956,1252987,44242,1203783,0,0,43205,924914,0.113779,42764,773424,0.095143,45798,1698338,0.208922,8129050
3,2021-02-26,97127,2553897,44455,1297442,52672,1256455,0,0,51602,933531,0.114839,45186,818610,0.100702,53803,1752141,0.215541,8129050
3,2021-02-27,68409,2622306,31535,1328977,36871,1293326,3,3,36409,939438,0.115566,31814,850424,0.104615,37721,1789862,0.220181,8129050
3,2021-02-28,39410,2661716,23091,1352068,16317,1309643,2,5,20728,942585,0.115953,18532,868956,0.106895,21679,1811541,0.222848,8129050
3,2021-03-01,67701,2729417,36088,1388156,31590,1341233,23,28,37797,952013,0.117112,29731,898687,0.110553,39159,1850700,0.227665,8129050
3,2021-03-02,78021,2807438,38642,1426798,39371,1380604,8,36,45693,967583,0.119028,32201,930888,0.114514,47771,1898471,0.233542,8129050
3,2021-03-03,88787,2896225,42640,1469438,46130,1426734,17,53,49729,980723,0.120644,38869,969757,0.119295,52009,1950480,0.239939,8129050
3,2021-03-04,93092,2989317,45723,1515161,47353,1474087,16,69,53045,996213,0.12255,39845,1009602,0.124197,55335,2005815,0.246747,8129050
3,2021-03-05,89350,3078667,43927,1559088,45132,1519219,291,360,54620,1018836,0.125333,34510,1044112,0.128442,57133,2062948,0.253775,8129050
3,2021-03-06,64970,3143637,32948,1592036,29876,1549095,2146,2506,37328,1032278,0.126986,27509,1071621,0.131826,40951,2103899,0.258812,8129050
3,2021-03-07,37524,3181161,22430,1614466,13956,1563051,1138,3644,21654,1040424,0.127988,15814,1087435,0.133771,23960,2127859,0.26176,8129050
3,2021-03-08,58889,3240050,28141,1642607,27887,1590938,2861,6505,37402,1060893,0.130506,21344,1108779,0.136397,41813,2169672,0.266904,8129050
3,2021-03-09,76380,3316430,35470,1678077,36532,1627470,4378,10883,41305,1072787,0.13197,34958,1143737,0.140697,46852,2216524,0.272667,8129050
3,2021-03-10,82372,3398802,41215,1719292,35100,1662570,6057,16940,43181,1084437,0.133403,38995,1182732,0.145494,50645,2267169,0.278897,8129050
3,2021-03-11,96472,3495274,47145,1766437,40772,1703342,8555,25495,47487,1092835,0.134436,48743,1231475,0.151491,57141,2324310,0.285926,8129050
3,2021-03-12,101558,3596832,45408,1811845,44299,1747641,11851,37346,46709,1097927,0.135062,54648,1286123,0.158213,59740,2384050,0.293275,8129050
3,2021-03-13,69619,3666451,29602,1841447,32771,1780412,7246,44592,36620,1110277,0.136581,32889,1319012,0.162259,45239,2429289,0.29884,8129050
3,2021-03-14,40762,3707213,21536,1862983,15674,1796086,3552,48144,20816,1115403,0.137212,19876,1338888,0.164704,25002,2454291,0.301916,8129050
3,2021-03-15,75384,3782597,35815,1898798,35025,1831111,4544,52688,39920,1125599,0.138466,35275,1374163,0.169043,45471,2499762,0.30751,8129050
3,2021-03-16,94760,3877357,43688,1942486,46752,1877863,4320,57008,53609,1143512,0.14067,40946,1415109,0.17408,58859,2558621,0.31475,8129050
3,2021-03-17,97801,3975158,47606,1990092,45680,1923543,4515,61523,59712,1170546,0.143995,37878,1452987,0.17874,64912,2623533,0.322735,8129050
3,2021-03-18,102534,4077692,52120,2042212,45996,1969539,4418,65941,59364,1191966,0.14663,42932,1495919,0.184021,64352,2687885,0.330652,8129050
3,2021-03-19,102569,4180261,54992,2097204,43139,2012678,4438,70379,57639,1209912,0.148838,44687,1540606,0.189519,62633,2750518,0.338357,8129050
3,2021-03-20,71338,4251599,36849,2134053,30860,2043538,3629,74008,44244,1231373,0.151478,26922,1567528,0.19283,48383,2798901,0.344308,8129050
3,2021-03-21,35867,4287466,24460,2158513,9901,2053439,1506,75514,22399,1242378,0.152832,13380,1580908,0.194476,24385,2823286,0.347308,8129050
3,2021-03-22,70068,4357534,41196,2199709,26350,2079789,2522,78036,44938,1265926,0.155729,24931,1605839,0.197543,48479,2871765,0.353272,8129050
3,2021-03-23,89278,4446812,49310,2249019,37435,2117224,2533,80569,55107,1290342,0.158732,33935,1639774,0.201718,58351,2930116,0.36045,8129050
3,2021-03-24,98353,4545165,56657,2305676,38787,2156011,2909,83478,56567,1308968,0.161023,41455,1681229,0.206817,60081,2990197,0.367841,8129050
3,2021-03-25,106960,4652125,59456,2365132,44556,2200567,2948,86426,60737,1327382,0.163289,45919,1727148,0.212466,64333,3054530,0.375755,8129050
3,2021-03-26,110152,4762277,59204,2424336,47663,2248230,3285,89711,57356,1336366,0.164394,52506,1779654,0.218925,61490,3116020,0.383319,8129050
3,2021-03-27,74223,4836500,37815,2462151,33865,2282095,2543,92254,36187,1337930,0.164586,37839,1817493,0.22358,39403,3155423,0.388166,8129050
3,2021-03-28,44002,4880502,27853,2490004,15341,2297436,808,93062,22382,1340161,0.164861,21515,1839008,0.226227,23746,3179169,0.391087,8129050
3,2021-03-29,80320,4960822,42015,2532019,36469,2333905,1836,94898,44298,1351308,0.166232,35801,1874809,0.230631,46948,3226117,0.396863,8129050
3,2021-03-30,99922,5060744,49128,2581147,47165,2381070,3629,98527,56226,1368305,0.168323,43458,1918267,0.235977,60455,3286572,0.4043,8129050
3,2021-03-31,104626,5165370,56504,2637651,43301,2424371,4821,103348,56122,1381268,0.169918,48313,1966580,0.24192,61276,3347848,0.411838,8129050
3,2021-04-01,123199,5288569,62363,2700014,51156,2475527,9680,113028,66808,1402047,0.172474,56046,2022626,0.248815,76825,3424673,0.421288,8129050
3,2021-04-02,117610,5406179,57467,2757481,49852,2525379,10291,123319,62412,1420297,0.174719,54950,2077576,0.255574,73200,3497873,0.430293,8129050
3,2021-04-03,75909,5482088,38823,2796304,27865,2553244,9221,132540,37945,1429968,0.175908,37833,2115409,0.260228,47504,3545377,0.436137,8129050
3,2021-04-04,32334,5514422,17272,2813576,10862,2564106,4200,136740,14220,1430387,0.17596,18040,2133449,0.262448,18459,3563836,0.438407,8129050
3,2021-04-05,89055,5603477,45306,2858882,34639,2598745,9110,145850,43757,1438990,0.177018,45102,2178551,0.267996,53705,3617541,0.445014,8129050
3,2021-04-06,113081,5716558,55092,2913974,42833,2641578,15156,161006,53388,1448819,0.178227,59446,2237997,0.275309,69275,3686816,0.453536,8129050
3,2021-04-07,115993,5832551,60054,2974028,39673,2681251,16266,177272,56336,1462271,0.179882,59423,2297420,0.282619,72875,3759691,0.462501,8129050
3,2021-04-08,121269,5953820,60401,3034429,40771,2722022,20097,197369,56492,1475158,0.181467,64498,2361918,0.290553,77385,3837076,0.47202,8129050
3,2021-04-09,118140,6071960,58902,3093331,40117,2762139,19121,216490,52055,1481391,0.182234,65866,2427784,0.298655,72099,3909175,0.48089,8129050
3,2021-04-10,83596,6155556,37797,3131128,30580,2792719,15219,231709,34175,1482352,0.182352,49265,2477049,0.304716,50226,3959401,0.487068,8129050
3,2021-04-11,45099,6200655,24251,3155379,12849,2805568,7999,239708,17307,1480788,0.18216,27709,2504758,0.308124,26145,3985546,0.490284,8129050
3,2021-04-12,83764,6284419,42352,3197731,32658,2838226,8754,248462,38205,1483486,0.182492,45352,2550110,0.313703,48050,4033596,0.496195,8129050
3,2021-04-13,105216,6389635,57016,3254747,47987,2886213,213,248675,55784,1491160,0.183436,49219,2599329,0.319758,56893,4090489,0.503194,8129050
3,2021-04-14,107265,6496900,58636,3313383,48532,2934745,97,248772,53604,1492927,0.183653,53395,2652724,0.326326,55162,4145651,0.50998,8129050
3,2021-04-15,119220,6616120,67167,3380550,51985,2986730,68,248840,64315,1503522,0.184957,54631,2707355,0.333047,65226,4210877,0.518004,8129050
3,2021-04-16,115088,6731208,64640,3445190,50353,3037083,95,248935,60395,1510329,0.185794,54424,2761779,0.339742,61231,4272108,0.525536,8129050
3,2021-04-17,78847,6810055,43175,3488365,35660,3072743,12,248947,44026,1520766,0.187078,34618,2796397,0.344,45055,4317163,0.531078,8129050
3,2021-04-18,37276,6847331,22141,3510506,15132,3087875,3,248950,17570,1519628,0.186938,19619,2816016,0.346414,18481,4335644,0.533352,8129050
3,2021-04-19,78546,6925877,43812,3554318,34681,3122556,53,249003,35583,1513038,0.186127,42790,2858806,0.351678,36200,4371844,0.537805,8129050
3,2021-04-20,98499,7024376,51046,3605364,47437,3169993,16,249019,48073,1512015,0.186001,50216,2909022,0.357855,49193,4421037,0.543857,8129050
3,2021-04-21,101413,7125789,55778,3661142,45568,3215561,67,249086,48061,1508083,0.185518,53060,2962082,0.364382,49128,4470165,0.5499,8129050
3,2021-04-22,109058,7234847,60728,3721870,48310,3263871,20,249106,47043,1494377,0.183832,61724,3023806,0.371975,48018,4518183,0.555807,8129050
3,2021-04-23,103362,7338209,58491,3780361,44848,3308719,23,249129,45400,1483157,0.182451,57638,3081444,0.379066,46418,4564601,0.561517,8129050
3,2021-04-24,73000,7411209,45234,3825595,27704,3336423,62,249191,35642,1482728,0.182399,37116,3118560,0.383632,36687,4601288,0.56603,8129050
3,2021-04-25,36309,7447518,23377,3848972,12919,3349342,13,249204,18727,1484402,0.182605,17456,3136016,0.385779,19130,4620418,0.568384,8129050
3,2021-04-26,72486,7520004,40684,3889656,31407,3380749,395,249599,30984,1475846,0.181552,41271,3177287,0.390856,32715,4653133,0.572408,8129050
3,2021-04-27,89682,7609686,46737,3936393,41212,3421961,1733,251332,35630,1460200,0.179627,53774,3231061,0.397471,38128,4691261,0.577098,8129050
3,2021-04-28,84833,7694519,47705,3984098,35010,3456971,2118,253450,34748,1447772,0.178099,49821,3280882,0.4036,37393,4728654,0.581698,8129050
3,2021-04-29,86966,7781485,49272,4033370,35507,3492478,2187,255637,30989,1425731,0.175387,55698,3336580,0.410451,33657,4762311,0.585839,8129050
3,2021-04-30,88614,7870099,49680,4083050,36459,3528937,2475,258112,32845,1406032,0.172964,55475,3392055,0.417276,35776,4798087,0.59024,8129050
3,2021-05-01,54642,7924741,34440,4117490,18759,3547696,1443,259555,19683,1392876,0.171345,34767,3426822,0.421553,21611,4819698,0.592898,8129050
3,2021-05-02,26768,7951509,18263,4135753,7495,3555191,1010,260565,9821,1386946,0.170616,16860,3443682,0.423627,10930,4830628,0.594243,8129050
3,2021-05-03,58994,8010503,34507,4170260,22140,3577331,2347,262912,17316,1365293,0.167952,41497,3485179,0.428731,19844,4850472,0.596684,8129050
3,2021-05-04,75661,8086164,43264,4213524,29752,3607083,2645,265557,22115,1337052,0.164478,53283,3538462,0.435286,25042,4875514,0.599764,8129050
3,2021-05-05,77060,8163224,45842,4259366,28537,3635620,2681,268238,21497,1306209,0.160684,55275,3593737,0.442086,24432,4899946,0.60277,8129050
3,2021-05-06,81526,8244750,51190,4310556,27824,3663444,2512,270750,20340,1268858,0.156089,60753,3654490,0.449559,23402,4923348,0.605649,8129050
3,2021-05-07,81005,8325755,50254,4360810,28145,3691589,2606,273356,21557,1234177,0.151823,59132,3713622,0.456833,24451,4947799,0.608656,8129050
3,2021-05-08,50707,8376462,31249,4392059,17767,3709356,1691,275047,13486,1212622,0.149171,36990,3750612,0.461384,15435,4963234,0.610555,8129050
3,2021-05-09,20354,8396816,14789,4406848,4788,3714144,777,275824,5551,1204298,0.148147,14719,3765331,0.463194,6395,4969629,0.611342,8129050
3,2021-05-10,46865,8443681,24988,4431836,19980,3734124,1897,277721,11108,1181988,0.145403,35574,3800905,0.467571,13264,4982893,0.612974,8129050
3,2021-05-11,61634,8505315,33837,4465673,25606,3759730,2191,279912,15711,1154630,0.142038,45711,3846616,0.473194,18353,5001246,0.615231,8129050
3,2021-05-12,62872,8568187,35898,4501571,24586,3784316,2388,282300,17115,1128892,0.138871,45537,3892153,0.478796,19799,5021045,0.617667,8129050
3,2021-05-13,73142,8641329,46154,4547725,25107,3809423,1881,284181,27305,1113069,0.136925,45616,3937769,0.484407,29793,5050838,0.621332,8129050
3,2021-05-14,78250,8719579,49423,4597148,26721,3836144,2106,286287,30799,1099364,0.135239,47204,3984973,0.490214,33499,5084337,0.625453,8129050
3,2021-05-15,61025,8780604,42001,4639149,17823,3853967,1201,287488,25209,1090346,0.13413,35637,4020610,0.494598,26619,5110956,0.628727,8129050
3,2021-05-16,31711,8812315,23765,4662914,7263,3861230,683,288171,12733,1084964,0.133468,18879,4039489,0.49692,13497,5124453,0.630388,8129050
3,2021-05-17,56253,8868568,35798,4698712,18629,3879859,1826,289997,21084,1073147,0.132014,34925,4074414,0.501217,23108,5147561,0.63323,8129050
3,2021-05-18,63642,8932210,37583,4736295,24223,3904082,1836,291833,24356,1060689,0.130481,39037,4113451,0.506019,26579,5174140,0.6365,8129050
3,2021-05-19,62879,8995089,38398,4774693,22763,3926845,1718,293551,25183,1050394,0.129215,37467,4150918,0.510628,27172,5201312,0.639843,8129050
3,2021-05-20,60405,9055494,35382,4810075,23212,3950057,1811,295362,22288,1036968,0.127563,37862,4188780,0.515285,24436,5225748,0.642849,8129050
3,2021-05-21,65026,9120520,39600,4849675,23341,3973398,2085,297447,23961,1022502,0.125784,40795,4229575,0.520304,26329,5252077,0.646087,8129050
3,2021-05-22,44974,9165494,29766,4879441,13746,3987144,1462,298909,18724,1016866,0.12509,26066,4255641,0.52351,20430,5272507,0.648601,8129050
3,2021-05-23,20544,9186038,14260,4893701,5641,3992785,643,299552,8927,1015010,0.124862,11539,4267180,0.52493,9683,5282190,0.649792,8129050
3,2021-05-24,38385,9224423,22245,4915946,14404,4007189,1736,301288,14257,1007237,0.123906,23963,4291143,0.527878,16190,5298380,0.651783,8129050
3,2021-05-25,42315,9266738,23877,4939823,16788,4023977,1650,302938,15296,997614,0.122722,26790,4317933,0.531173,17167,5315547,0.653895,8129050
3,2021-05-26,41980,9308718,24056,4963879,16214,4040191,1710,304648,16065,989882,0.121771,25639,4343572,0.534327,17907,5333454,0.656098,8129050
3,2021-05-27,38878,9347596,21735,4985614,15391,4055582,1752,306400,15447,984008,0.121048,23294,4366866,0.537193,17420,5350874,0.658241,8129050
3,2021-05-28,42293,9389889,23937,5009551,16593,4072175,1763,308163,17798,979561,0.120501,24321,4391187,0.540185,19874,5370748,0.660686,8129050
3,2021-05-29,23177,9413066,14148,5023699,8199,4080374,830,308993,11127,979698,0.120518,11938,4403125,0.541653,12075,5382823,0.662171,8129050
3,2021-05-30,10506,9423572,6815,5030514,3056,4083430,635,309628,4552,979034,0.120436,5891,4409016,0.542378,5227,5388050,0.662814,8129050
3,2021-05-31,4593,9428165,2649,5033163,1676,4085106,268,309896,1468,977697,0.120272,3099,4412115,0.542759,1762,5389812,0.663031,8129050
3,2021-06-01,37387,9465552,21547,5054710,14417,4099523,1423,311319,13811,969744,0.119294,23379,4435494,0.545635,15426,5405238,0.664929,8129050
3,2021-06-02,31302,9496854,18025,5072735,11875,4111398,1402,312721,11945,964053,0.118594,19163,4454657,0.547992,13472,5418710,0.666586,8129050
3,2021-06-03,39340,9536194,26942,5099677,10976,4122374,1422,314143,11918,950360,0.116909,27254,4481911,0.551345,13561,5432271,0.668254,8129050
3,2021-06-04,45781,9581975,32420,5132097,11836,4134210,1525,315668,13613,933957,0.114891,31946,4513857,0.555275,15543,5447814,0.670166,8129050
3,2021-06-05,33999,9615974,25651,5157748,7171,4141381,1177,316845,8995,919491,0.113112,24807,4538664,0.558326,10341,5458155,0.671438,8129050
3,2021-06-06,14308,9630282,11948,5169696,1796,4143177,564,317409,4032,914023,0.112439,10225,4548889,0.559584,4757,5462912,0.672023,8129050
3,2021-06-07,30088,9660370,21883,5191579,6943,4150120,1262,318671,8860,903164,0.111103,21100,4569989,0.56218,10241,5473153,0.673283,8129050
3,2021-06-08,34030,9694400,24467,5216046,8301,4158421,1262,319933,10162,891119,0.109622,23669,4593658,0.565092,11624,5484777,0.674713,8129050
3,2021-06-09,32301,9726701,23364,5239410,7653,4166074,1284,321217,8784,877982,0.108005,23361,4617019,0.567965,10224,5495001,0.675971,8129050
3,2021-06-10,32049,9758750,23137,5262547,7417,4173491,1495,322712,9101,865956,0.106526,22811,4639830,0.570771,10785,5505786,0.677298,8129050
3,2021-06-11,34864,9793614,24618,5287165,8902,4182393,1344,324056,10468,853723,0.105021,24212,4664042,0.57375,11979,5517765,0.678771,8129050
3,2021-06-12,24685,9818299,18641,5305806,5163,4187556,881,324937,6584,843334,0.103743,17990,4682032,0.575963,7601,5525366,0.679706,8129050
3,2021-06-13,9918,9828217,7400,5313206,2036,4189592,482,325419,2398,838808,0.103186,7473,4689505,0.576882,2947,5528313,0.680069,8129050
3,2021-06-14,25389,9853606,18199,5331405,5804,4195396,1386,326805,8278,831618,0.102302,16981,4706486,0.578971,9791,5538104,0.681273,8129050
3,2021-06-15,28478,9882084,19315,5350720,7679,4203075,1484,328289,9729,824456,0.101421,18533,4725019,0.581251,11371,5549475,0.682672,8129050
3,2021-06-16,25256,9907340,17890,5368610,5996,4209071,1370,329659,8634,818157,0.100646,16457,4741476,0.583276,10158,5559633,0.683922,8129050
3,2021-06-17,23832,9931172,17129,5385739,5593,4214664,1110,330769,8416,812544,0.099956,15270,4756746,0.585154,9657,5569290,0.68511,8129050
3,2021-06-18,26525,9957697,18821,5404560,6360,4221024,1344,332113,9334,806379,0.099197,16996,4773742,0.587245,10831,5580121,0.686442,8129050
3,2021-06-19,15242,9972939,11250,5415810,3281,4224305,711,332824,5535,803144,0.098799,9581,4783323,0.588423,6346,5586467,0.687223,8129050
3,2021-06-20,2118,9975057,1389,5417199,525,4224830,204,333028,855,802966,0.098777,1256,4784579,0.588578,1078,5587545,0.687355,8129050
4,2020-12-15,453,453,453,453,0,0,0,0,453,453,5.6e-05,0,0,0.0,453,453,5.6e-05,8037679
4,2020-12-16,3010,3463,3010,3463,0,0,0,0,3010,3463,0.000431,0,0,0.0,3010,3463,0.000431,8037679
4,2020-12-17,8850,12313,8850,12313,0,0,0,0,8850,12313,0.001532,0,0,0.0,8850,12313,0.001532,8037679
4,2020-12-18,15974,28287,15964,28277,10,10,0,0,15974,28287,0.003519,0,0,0.0,15974,28287,0.003519,8037679
4,2020-12-19,10280,38567,10271,38548,9,19,0,0,10215,38502,0.00479,0,0,0.0,10215,38502,0.00479,8037679
4,2020-12-20,7387,45954,7380,45928,7,26,0,0,7342,45844,0.005704,0,0,0.0,7342,45844,0.005704,8037679
4,2020-12-21,16321,62275,16296,62224,25,51,0,0,16255,62098,0.007726,1,1,0.0,16255,62099,0.007726,8037679
4,2020-12-22,17143,79418,16407,78631,736,787,0,0,17096,79193,0.009853,1,2,0.0,17096,79195,0.009853,8037679
4,2020-12-23,17046,96464,14338,92969,2708,3495,0,0,17015,96207,0.01197,1,3,0.0,17015,96210,0.01197,8037679
4,2020-12-24,8564,105028,5968,98937,2596,6091,0,0,8563,104769,0.013035,1,4,0.0,8563,104773,0.013035,8037679
4,2020-12-25,904,105932,799,99736,105,6196,0,0,904,105673,0.013147,0,4,0.0,904,105677,0.013148,8037679
4,2020-12-26,6179,112111,3897,103633,2282,8478,0,0,6179,111852,0.013916,0,4,0.0,6179,111856,0.013916,8037679
4,2020-12-27,3429,115540,1996,105629,1433,9911,0,0,3429,115281,0.014343,0,4,0.0,3429,115285,0.014343,8037679
4,2020-12-28,15057,130597,9296,114925,5761,15672,0,0,15029,130309,0.016212,1,5,1e-06,15029,130314,0.016213,8037679
4,2020-12-29,15372,145969,8519,123444,6853,22525,0,0,15338,145646,0.01812,1,6,1e-06,15338,145652,0.018121,8037679
4,2020-12-30,18943,164912,11082,134526,7861,30386,0,0,18932,164576,0.020476,2,8,1e-06,18932,164584,0.020477,8037679
4,2020-12-31,8275,173187,3349,137875,4926,35312,0,0,8263,172830,0.021502,9,17,2e-06,8263,172847,0.021505,8037679
4,2021-01-01,1452,174639,639,138514,813,36125,0,0,1450,174278,0.021683,2,19,2e-06,1450,174297,0.021685,8037679
4,2021-01-02,5722,180361,3234,141748,2488,38613,0,0,5721,179998,0.022394,1,20,2e-06,5721,180018,0.022397,8037679
4,2021-01-03,2138,182499,1270,143018,868,39481,0,0,2122,182116,0.022658,4,24,3e-06,2122,182140,0.022661,8037679
4,2021-01-04,12977,195476,7050,150068,5927,45408,0,0,12930,195017,0.024263,29,53,7e-06,12930,195070,0.024269,8037679
4,2021-01-05,16911,212387,9999,160067,6912,52320,0,0,14795,207732,0.025845,2092,2145,0.000267,14807,209877,0.026112,8037679
4,2021-01-06,21571,233958,13229,173296,8342,60662,0,0,15565,217358,0.027042,5952,8097,0.001007,15578,225455,0.02805,8037679
4,2021-01-07,27948,261906,17029,190325,10919,71581,0,0,16860,223207,0.02777,11029,19126,0.00238,16878,242333,0.03015,8037679
4,2021-01-08,32815,294721,21052,211377,11763,83344,0,0,18303,227087,0.028253,14442,33568,0.004176,18322,260655,0.032429,8037679
4,2021-01-09,16292,311013,9635,221012,6657,90001,0,0,9464,229754,0.028585,6809,40377,0.005023,9476,270131,0.033608,8037679
4,2021-01-10,8762,319775,5666,226678,3096,93097,0,0,4138,229294,0.028527,4606,44983,0.005597,4146,274277,0.034124,8037679
4,2021-01-11,33393,353168,21912,248590,11481,104578,0,0,18807,233593,0.029062,14550,59533,0.007407,18849,293126,0.036469,8037679
4,2021-01-12,38550,391718,22222,270812,16328,120906,0,0,24354,243853,0.030339,14133,73666,0.009165,24393,317519,0.039504,8037679
4,2021-01-13,38803,430521,19175,289987,19628,140534,0,0,27442,260019,0.03235,11304,84970,0.010571,27470,344989,0.042921,8037679
4,2021-01-14,39251,469772,15061,305048,24190,164724,0,0,32079,285003,0.035458,7124,92094,0.011458,32108,377097,0.046916,8037679
4,2021-01-15,45554,515326,15962,321010,29592,194316,0,0,39915,319389,0.039736,5585,97679,0.012153,39971,417068,0.051889,8037679
4,2021-01-16,28766,544092,9457,330467,19309,213625,0,0,25614,341906,0.042538,3117,100796,0.01254,25634,442702,0.055078,8037679
4,2021-01-17,19143,563235,6753,337220,12390,226015,0,0,17615,358033,0.044544,1502,102298,0.012727,17629,460331,0.057272,8037679
4,2021-01-18,29493,592728,13674,350894,15819,241834,0,0,23493,375654,0.046737,5902,108200,0.013462,23523,483854,0.060198,8037679
4,2021-01-19,46176,638904,23187,374081,22989,264823,0,0,36798,403208,0.050165,9320,117520,0.014621,36874,520728,0.064786,8037679
4,2021-01-20,51960,690864,27522,401603,24438,289261,0,0,41495,434398,0.054045,10365,127885,0.015911,41555,562283,0.069956,8037679
4,2021-01-21,56974,747838,25242,426845,31732,320993,0,0,50501,478539,0.059537,6406,134291,0.016708,50547,612830,0.076245,8037679
4,2021-01-22,55316,803154,22184,449029,33132,354125,0,0,50186,523723,0.065158,5036,139327,0.017334,50220,663050,0.082493,8037679
4,2021-01-23,39572,842726,17450,466479,22122,376247,0,0,35232,554654,0.069007,4331,143658,0.017873,35262,698312,0.08688,8037679
4,2021-01-24,23940,866666,10512,476991,13428,389675,0,0,22062,574863,0.071521,1870,145528,0.018106,22079,720391,0.089627,8037679
4,2021-01-25,48040,914706,22185,499176,25855,415530,0,0,36920,600750,0.074742,11089,156617,0.019485,36976,757367,0.094227,8037679
4,2021-01-26,57002,971708,29097,528273,27905,443435,0,0,44743,633347,0.078797,12206,168823,0.021004,44803,802170,0.099801,8037679
4,2021-01-27,56373,1028081,26863,555136,29510,472945,0,0,45371,667840,0.083089,10930,179753,0.022364,45423,847593,0.105452,8037679
4,2021-01-28,56733,1084814,25675,580811,31058,504003,0,0,46752,704739,0.087679,9897,189650,0.023595,46796,894389,0.111275,8037679
4,2021-01-29,56657,1141471,27216,608027,29441,533444,0,0,46292,740849,0.092172,10217,199867,0.024866,46327,940716,0.117038,8037679
4,2021-01-30,37925,1179396,17330,625357,20595,554039,0,0,32570,768139,0.095567,5305,205172,0.025526,32595,973311,0.121094,8037679
4,2021-01-31,23998,1203394,12654,638011,11344,565383,0,0,22376,788927,0.098154,1605,206777,0.025726,22393,995704,0.12388,8037679
4,2021-02-01,49936,1253330,24241,662252,25695,591078,0,0,38314,815705,0.101485,11579,218356,0.027167,38357,1034061,0.128652,8037679
4,2021-02-02,55506,1308836,25572,687824,29934,621012,0,0,42649,845618,0.105207,12792,231148,0.028758,42705,1076766,0.133965,8037679
4,2021-02-03,62182,1371018,30677,718501,31505,652517,0,0,47831,879268,0.109393,14241,245389,0.03053,47891,1124657,0.139923,8037679
4,2021-02-04,67528,1438546,31481,749982,36047,688564,0,0,50852,913701,0.113677,16523,261912,0.032586,50956,1175613,0.146263,8037679
4,2021-02-05,73327,1511873,34104,784086,39223,727787,0,0,51072,942913,0.117312,21997,283909,0.035322,51209,1226822,0.152634,8037679
4,2021-02-06,48500,1560373,26405,810491,22095,749882,0,0,36947,968541,0.1205,11518,295427,0.036755,37146,1263968,0.157255,8037679
4,2021-02-07,26608,1586981,17642,828133,8966,758848,0,0,20147,982492,0.122236,6435,301862,0.037556,20386,1284354,0.159792,8037679
4,2021-02-08,58687,1645668,30268,858401,28419,787267,0,0,38273,1000744,0.124507,20283,322145,0.040079,38535,1322889,0.164586,8037679
4,2021-02-09,67253,1712921,34280,892681,32973,820240,0,0,39544,1013055,0.126038,27637,349782,0.043518,39948,1362837,0.169556,8037679
4,2021-02-10,77242,1790163,38699,931380,38543,858783,0,0,41070,1018727,0.126744,35943,385725,0.04799,41615,1404452,0.174734,8037679
4,2021-02-11,81359,1871522,42550,973930,38809,897592,0,0,42023,1022306,0.127189,39112,424837,0.052856,42691,1447143,0.180045,8037679
4,2021-02-12,84185,1955707,37733,1011663,46452,944044,0,0,43413,1025938,0.127641,40570,465407,0.057903,44202,1491345,0.185544,8037679
4,2021-02-13,58529,2014236,29746,1041409,28783,972827,0,0,29839,1028116,0.127912,28561,493968,0.061457,30739,1522084,0.189369,8037679
4,2021-02-14,36720,2050956,19054,1060463,17666,990493,0,0,18878,1029861,0.128129,17790,511758,0.06367,19535,1541619,0.191799,8037679
4,2021-02-15,46090,2097046,21603,1082066,24487,1014980,0,0,23679,1032373,0.128442,22345,534103,0.06645,24857,1566476,0.194892,8037679
4,2021-02-16,80072,2177118,36718,1118784,43354,1058334,0,0,40750,1035116,0.128783,39225,573328,0.07133,41968,1608444,0.200113,8037679
4,2021-02-17,81431,2258549,38464,1157248,42967,1101301,0,0,38794,1032566,0.128466,42471,615799,0.076614,39921,1648365,0.20508,8037679
4,2021-02-18,83223,2341772,45808,1203056,37415,1138716,0,0,38468,1027922,0.127888,44591,660390,0.082162,39947,1688312,0.21005,8037679
4,2021-02-19,82515,2424287,51869,1254925,30646,1169362,0,0,41319,1028877,0.128007,41054,701444,0.087269,42009,1730321,0.215276,8037679
4,2021-02-20,48985,2473272,32683,1287608,16302,1185664,0,0,26748,1034141,0.128662,22176,723620,0.090028,27440,1757761,0.21869,8037679
4,2021-02-21,29288,2502560,23537,1311145,5751,1191415,0,0,14097,1033399,0.128569,15123,738743,0.09191,14381,1772142,0.220479,8037679
4,2021-02-22,53158,2555718,36489,1347634,16669,1208084,0,0,25807,1032394,0.128444,27255,765998,0.095301,26250,1798392,0.223745,8037679
4,2021-02-23,73964,2629682,41051,1388685,32913,1240997,0,0,32603,1025441,0.127579,41227,807225,0.10043,34274,1832666,0.228009,8037679
4,2021-02-24,88820,2718502,46920,1435605,41900,1282897,0,0,40118,1019219,0.126805,48495,855720,0.106464,42273,1874939,0.233269,8037679
4,2021-02-25,100008,2818510,52227,1487832,47781,1330678,0,0,47970,1017865,0.126637,51884,907604,0.112919,50530,1925469,0.239555,8037679
4,2021-02-26,106546,2925056,53827,1541659,52719,1383397,0,0,54585,1023068,0.127284,51734,959338,0.119355,56937,1982406,0.246639,8037679
4,2021-02-27,77180,3002236,42124,1583783,35050,1418447,6,6,41379,1030274,0.128181,35660,994998,0.123792,42866,2025272,0.251972,8037679
4,2021-02-28,47481,3049717,29532,1613315,17943,1436390,6,12,26571,1036969,0.129013,20766,1015764,0.126375,27461,2052733,0.255389,8037679
4,2021-03-01,77909,3127626,45779,1659094,32096,1468486,34,46,42994,1046516,0.130201,34670,1050434,0.130689,44217,2096950,0.26089,8037679
4,2021-03-02,85181,3212807,49047,1708141,36127,1504613,7,53,50365,1064020,0.132379,34656,1085090,0.135,52160,2149110,0.267379,8037679
4,2021-03-03,100288,3313095,53428,1761569,46847,1551460,13,66,56042,1077794,0.134093,44048,1129138,0.140481,57822,2206932,0.274573,8037679
4,2021-03-04,97243,3410338,53999,1815568,43227,1594687,17,83,53562,1089677,0.135571,43475,1172613,0.14589,55358,2262290,0.281461,8037679
4,2021-03-05,94419,3504757,51021,1866589,43084,1637771,314,397,56062,1109826,0.138078,38157,1210770,0.150637,58306,2320596,0.288715,8037679
4,2021-03-06,76198,3580955,43011,1909600,30572,1668343,2615,3012,46858,1131419,0.140764,29228,1239998,0.154273,50821,2371417,0.295038,8037679
4,2021-03-07,42718,3623673,27308,1936908,14224,1682567,1186,4198,25618,1142274,0.142115,17036,1257034,0.156393,27891,2399308,0.298508,8037679
4,2021-03-08,66421,3690094,34834,1971742,28387,1710954,3200,7398,43898,1168304,0.145353,22408,1279442,0.159181,48438,2447746,0.304534,8037679
4,2021-03-09,81236,3771330,41180,2012922,34921,1745875,5135,12533,43937,1181352,0.146977,37141,1316583,0.163801,50189,2497935,0.310778,8037679
4,2021-03-10,90991,3862321,47031,2059953,36504,1782379,7456,19989,46025,1191007,0.148178,44800,1361383,0.169375,54455,2552390,0.317553,8037679
4,2021-03-11,100521,3962842,52784,2112737,39332,1821711,8405,28394,46584,1193403,0.148476,53720,1415103,0.176059,56116,2608506,0.324535,8037679
4,2021-03-12,104549,4067391,51598,2164335,42668,1864379,10283,38677,44766,1189895,0.14804,59541,1474644,0.183466,56033,2664539,0.331506,8037679
4,2021-03-13,81080,4148471,37745,2202080,34914,1899293,8421,47098,38124,1194758,0.148645,42831,1517475,0.188795,47694,2712233,0.33744,8037679
4,2021-03-14,49624,4198095,28408,2230488,17577,1916870,3639,50737,23318,1196131,0.148815,26219,1543694,0.192057,27592,2739825,0.340873,8037679
4,2021-03-15,83664,4281759,45028,2275516,34383,1951253,4253,54990,42796,1203380,0.149717,40648,1584342,0.197114,47897,2787722,0.346832,8037679
4,2021-03-16,107592,4389351,55900,2331416,48285,1999538,3407,58397,57097,1214311,0.151077,50278,1634620,0.20337,61209,2848931,0.354447,8037679
4,2021-03-17,106596,4495947,57440,2388856,45662,2045200,3494,61891,62605,1237232,0.153929,43747,1678367,0.208812,66668,2915599,0.362741,8037679
4,2021-03-18,106427,4602374,58944,2447800,43832,2089032,3651,65542,60483,1256122,0.156279,45690,1724057,0.214497,64580,2980179,0.370776,8037679
4,2021-03-19,110807,4713181,63652,2511452,41965,2130997,5190,70732,63184,1277510,0.15894,47393,1771450,0.220393,68781,3048960,0.379333,8037679
4,2021-03-20,83497,4796678,49017,2560469,31477,2162474,3003,73735,51282,1300027,0.161742,32085,1803535,0.224385,54602,3103562,0.386127,8037679
4,2021-03-21,47970,4844648,34780,2595249,10930,2173404,2260,75995,28407,1311602,0.163182,19452,1822987,0.226805,31027,3134589,0.389987,8037679
4,2021-03-22,81928,4926576,53533,2648782,25668,2199072,2727,78722,50925,1335184,0.166116,30789,1853776,0.230636,54371,3188960,0.396751,8037679
4,2021-03-23,104087,5030663,62217,2710999,39723,2238795,2147,80869,62013,1358071,0.168963,41816,1895592,0.235838,64703,3253663,0.404801,8037679
4,2021-03-24,113206,5143869,73180,2784179,37616,2276411,2410,83279,64006,1376153,0.171213,48794,1944386,0.241909,66876,3320539,0.413122,8037679
4,2021-03-25,116790,5260659,71973,2856152,42429,2318840,2388,85667,66966,1396621,0.173759,49371,1993757,0.248051,69839,3390378,0.421811,8037679
4,2021-03-26,119457,5380116,72597,2928749,43818,2362658,3042,88709,65482,1412102,0.175685,53645,2047402,0.254726,69126,3459504,0.430411,8037679
4,2021-03-27,91584,5471700,54274,2983023,35529,2398187,1781,90490,46511,1416034,0.176174,44848,2092250,0.260305,48780,3508284,0.43648,8037679
4,2021-03-28,55575,5527275,36726,3019749,17978,2416165,871,91361,29618,1421045,0.176798,25812,2118062,0.263517,30823,3539107,0.440315,8037679
4,2021-03-29,93359,5620634,56095,3075844,35189,2451354,2075,93436,50664,1431869,0.178145,42472,2160534,0.268801,53296,3592403,0.446945,8037679
4,2021-03-30,116899,5737533,63892,3139736,48856,2500210,4151,97587,69523,1458817,0.181497,47168,2207702,0.274669,74116,3666519,0.456166,8037679
4,2021-03-31,120773,5858306,71430,3211166,43022,2543232,6321,103908,67761,1480430,0.184186,52688,2260390,0.281224,74301,3740820,0.46541,8037679
4,2021-04-01,142257,6000563,81280,3292446,47769,2591001,13208,117116,83871,1519755,0.189079,57986,2318376,0.288438,97311,3838131,0.477517,8037679
4,2021-04-02,136344,6136907,73004,3365450,49788,2640789,13552,130668,78923,1555439,0.193518,57146,2375522,0.295548,92830,3930961,0.489067,8037679
4,2021-04-03,101057,6237964,53978,3419428,33678,2674467,13401,144069,52729,1573704,0.195791,48138,2423660,0.301537,66403,3997364,0.497328,8037679
4,2021-04-04,46873,6284837,24732,3444160,14618,2689085,7523,151592,20442,1575385,0.196,26333,2449993,0.304813,28014,4025378,0.500813,8037679
4,2021-04-05,109110,6393947,61437,3505597,34905,2723990,12768,164360,56999,1593834,0.198295,51918,2501911,0.311273,70367,4095745,0.509568,8037679
4,2021-04-06,138615,6532562,78036,3583633,40817,2764807,19762,184122,72088,1620028,0.201554,66309,2568220,0.319523,92503,4188248,0.521077,8037679
4,2021-04-07,137284,6669846,77828,3661461,38754,2803561,20702,204824,71204,1646424,0.204838,65838,2634058,0.327714,92234,4280482,0.532552,8037679
4,2021-04-08,139821,6809667,77923,3739384,36470,2840031,25428,230252,69574,1672104,0.208033,69979,2704037,0.33642,95659,4376141,0.544453,8037679
4,2021-04-09,137512,6947179,75466,3814850,39055,2879086,22991,253243,65762,1690378,0.210307,71538,2775575,0.34532,89812,4465953,0.555627,8037679
4,2021-04-10,103291,7050470,51221,3866071,33234,2912320,18836,272079,46509,1700220,0.211531,56579,2832154,0.35236,66421,4532374,0.563891,8037679
4,2021-04-11,62397,7112867,38055,3904126,13157,2925477,11185,283264,27419,1705031,0.21213,34884,2867038,0.3567,39695,4572069,0.56883,8037679
4,2021-04-12,102624,7215491,62431,3966557,30058,2955535,10135,293399,51891,1717837,0.213723,50448,2917486,0.362976,63254,4635323,0.576699,8037679
4,2021-04-13,130190,7345681,81688,4048245,48339,3003874,163,293562,78214,1745361,0.217147,51713,2969199,0.36941,79237,4714560,0.586557,8037679
4,2021-04-14,135372,7481053,86271,4134516,49024,3052898,77,293639,75144,1761904,0.219206,59915,3029114,0.376864,76458,4791018,0.59607,8037679
4,2021-04-15,156027,7637080,103893,4238409,52070,3104968,64,293703,96353,1799751,0.223914,59342,3088456,0.384247,97189,4888207,0.608162,8037679
4,2021-04-16,143066,7780146,90832,4329241,52156,3157124,78,293781,83692,1825222,0.227083,59093,3147549,0.391599,84564,4972771,0.618682,8037679
4,2021-04-17,100682,7880828,63570,4392811,37088,3194212,24,293805,59076,1844151,0.229438,41351,3188900,0.396744,60280,5033051,0.626182,8037679
4,2021-04-18,54406,7935234,36400,4429211,18003,3212215,3,293808,30970,1852783,0.230512,23319,3212219,0.399645,31951,5065002,0.630157,8037679
4,2021-04-19,100619,8035853,66431,4495642,34171,3246386,17,293825,51552,1856129,0.230928,48855,3261074,0.405723,52201,5117203,0.636652,8037679
4,2021-04-20,127759,8163612,75031,4570673,52710,3299096,18,293843,67156,1864110,0.231921,60335,3321409,0.41323,68316,5185519,0.645151,8037679
4,2021-04-21,127641,8291253,81858,4652531,45733,3344829,50,293893,64548,1866942,0.232274,62790,3384199,0.421042,65622,5251141,0.653316,8037679
4,2021-04-22,137327,8428580,90490,4743021,46815,3391644,22,293915,61520,1854107,0.230677,75484,3459683,0.430433,62649,5313790,0.66111,8037679
4,2021-04-23,130758,8559338,84427,4827448,46308,3437952,23,293938,56774,1838392,0.228722,73670,3533353,0.439599,57955,5371745,0.66832,8037679
4,2021-04-24,97436,8656774,66062,4893510,31325,3469277,49,293987,44836,1831998,0.227926,52335,3585688,0.44611,45941,5417686,0.674036,8037679
4,2021-04-25,49578,8706352,35257,4928767,14296,3483573,25,294012,26213,1835436,0.228354,23234,3608922,0.449001,26672,5444358,0.677354,8037679
4,2021-04-26,89592,8795944,58414,4987181,30781,3514354,397,294409,35345,1818517,0.226249,53977,3662899,0.455716,37058,5481416,0.681965,8037679
4,2021-04-27,111763,8907707,67967,5055148,41488,3555842,2308,296717,40238,1790608,0.222777,71233,3734132,0.464578,43324,5524740,0.687355,8037679
4,2021-04-28,101276,9008983,65723,5120871,33049,3588891,2504,299221,37075,1766896,0.219827,63930,3798062,0.472532,40218,5564958,0.692359,8037679
4,2021-04-29,102581,9111564,64990,5185861,35079,3623970,2512,301733,33024,1733749,0.215703,69258,3867320,0.481149,36111,5601069,0.696852,8037679
4,2021-04-30,102387,9213951,64564,5250425,35150,3659120,2673,304406,34960,1704925,0.212117,67089,3934409,0.489496,38265,5639334,0.701612,8037679
4,2021-05-01,68595,9282546,45705,5296130,21134,3680254,1756,306162,19896,1678729,0.208857,48479,3982888,0.495527,22283,5661617,0.704385,8037679
4,2021-05-02,37392,9319938,26541,5322671,9571,3689825,1280,307442,10497,1663855,0.207007,26796,4009684,0.498861,11922,5673539,0.705868,8037679
4,2021-05-03,78072,9398010,54427,5377098,21181,3711006,2464,309906,19144,1627108,0.202435,58699,4068383,0.506164,21952,5695491,0.708599,8037679
4,2021-05-04,98499,9496509,66858,5443956,28893,3739899,2748,312654,22318,1576609,0.196152,75935,4144318,0.515611,25436,5720927,0.711764,8037679
4,2021-05-05,99244,9595753,69528,5513484,26996,3766895,2720,315374,21597,1523858,0.189589,77349,4221667,0.525235,24598,5745525,0.714824,8037679
4,2021-05-06,109359,9705112,81665,5595149,24768,3791663,2926,318300,19392,1457751,0.181365,89542,4311209,0.536375,23435,5768960,0.71774,8037679
4,2021-05-07,103034,9808146,73889,5669038,26467,3818130,2678,320978,20391,1398908,0.174044,82314,4393523,0.546616,23471,5792431,0.72066,8037679
4,2021-05-08,66450,9874596,45476,5714514,19054,3837184,1920,322898,13147,1361230,0.169356,53097,4446620,0.553222,15419,5807850,0.722578,8037679
4,2021-05-09,33443,9908039,27300,5741814,5202,3842386,941,323839,7820,1344558,0.167282,25526,4472146,0.556398,8854,5816704,0.72368,8037679
4,2021-05-10,63209,9971248,42029,5783843,18878,3861264,2302,326141,11081,1306305,0.162523,51947,4524093,0.562861,13694,5830398,0.725383,8037679
4,2021-05-11,79105,10050353,48398,5832241,28535,3889799,2172,328313,15591,1261216,0.156913,63305,4587398,0.570737,18216,5848614,0.72765,8037679
4,2021-05-12,77388,10127741,51202,5883443,23742,3913541,2444,330757,18033,1222978,0.152156,59097,4646495,0.578089,20859,5869473,0.730245,8037679
4,2021-05-13,102179,10229920,75160,5958603,25501,3939042,1518,332275,40350,1204313,0.149833,61530,4708025,0.585744,42865,5912338,0.735578,8037679
4,2021-05-14,102477,10332397,72224,6030827,28155,3967197,2098,334373,40281,1185292,0.147467,61920,4769945,0.593448,42899,5955237,0.740915,8037679
4,2021-05-15,84199,10416596,65046,6095873,17834,3985031,1319,335692,37131,1177163,0.146456,46862,4816807,0.599278,38733,5993970,0.745734,8037679
4,2021-05-16,49251,10465847,39978,6135851,8581,3993612,692,336384,20122,1169108,0.145453,29001,4845808,0.602886,20946,6014916,0.74834,8037679
4,2021-05-17,70058,10535905,51122,6186973,17099,4010711,1837,338221,28210,1157714,0.144036,41662,4887470,0.60807,30268,6045184,0.752106,8037679
4,2021-05-18,80892,10616797,52612,6239585,26537,4037248,1743,339964,29477,1138218,0.14161,51071,4938541,0.614424,31575,6076759,0.756034,8037679
4,2021-05-19,76003,10692800,51493,6291078,22580,4059828,1930,341894,31680,1128033,0.140343,44070,4982611,0.619907,33885,6110644,0.76025,8037679
4,2021-05-20,67536,10760336,43299,6334377,22251,4082079,1986,343880,25843,1114750,0.138691,41442,5024053,0.625063,28159,6138803,0.763753,8037679
4,2021-05-21,72886,10833222,48205,6382582,22828,4104907,1853,345733,26733,1097691,0.136568,45899,5069952,0.630773,28840,6167643,0.767341,8037679
4,2021-05-22,49199,10882421,34519,6417101,13417,4118324,1263,346996,21480,1093070,0.135993,27573,5097525,0.634204,22952,6190595,0.770197,8037679
4,2021-05-23,22661,10905082,16214,6433315,5730,4124054,717,347713,9492,1090330,0.135652,13060,5110585,0.635828,10320,6200915,0.771481,8037679
4,2021-05-24,41606,10946688,26207,6459522,12414,4136468,2985,350698,14640,1081373,0.134538,26776,5137361,0.63916,17819,6218734,0.773698,8037679
4,2021-05-25,44552,10991240,27763,6487285,13984,4150452,2805,353503,16125,1072320,0.133412,28213,5165574,0.64267,19160,6237894,0.776082,8037679
4,2021-05-26,44130,11035370,26532,6513817,15019,4165471,2579,356082,16040,1063210,0.132278,27900,5193474,0.646141,18790,6256684,0.778419,8037679
4,2021-05-27,38594,11073964,23218,6537035,12236,4177707,3140,359222,14858,1057805,0.131606,23559,5217033,0.649072,18154,6274838,0.780678,8037679
4,2021-05-28,42928,11116892,27463,6564498,13877,4191584,1588,360810,19041,1054966,0.131253,23679,5240712,0.652018,20840,6295678,0.783271,8037679
4,2021-05-29,23366,11140258,15235,6579733,7202,4198786,929,361739,11209,1055183,0.13128,12046,5252758,0.653517,12263,6307941,0.784796,8037679
4,2021-05-30,11904,11152162,8358,6588091,3021,4201807,525,362264,5076,1054078,0.131142,6774,5259532,0.65436,5669,6313610,0.785502,8037679
4,2021-05-31,3523,11155685,2238,6590329,1126,4202933,159,362423,1138,1053042,0.131013,2356,5261888,0.654653,1320,6314930,0.785666,8037679
4,2021-06-01,39122,11194807,24394,6614723,12291,4215224,2437,364860,13766,1044283,0.129923,25171,5287059,0.657784,16412,6331342,0.787708,8037679
4,2021-06-02,32272,11227079,20181,6634904,9308,4224532,2783,367643,11158,1037417,0.129069,20953,5308012,0.660391,14087,6345429,0.78946,8037679
4,2021-06-03,47689,11274768,36607,6671511,8630,4233162,2452,370095,11107,1014834,0.12626,36440,5344452,0.664925,13857,6359286,0.791184,8037679
4,2021-06-04,54380,11329148,43860,6715371,9206,4242368,1314,371409,13622,990006,0.123171,40554,5385006,0.66997,15726,6375012,0.793141,8037679
4,2021-06-05,44330,11373478,37995,6753366,5345,4247713,990,372399,9188,965455,0.120116,34996,5420002,0.674324,10445,6385457,0.79444,8037679
4,2021-06-06,20940,11394418,18679,6772045,1706,4249419,555,372954,4651,954849,0.118797,16193,5436195,0.676339,5587,6391044,0.795136,8037679
4,2021-06-07,38385,11432803,31070,6803115,5399,4254818,1916,374870,8910,936582,0.116524,29354,5465549,0.679991,11087,6402131,0.796515,8037679
4,2021-06-08,40258,11473061,31617,6834732,6118,4260936,2523,377393,9699,918748,0.114305,30387,5495936,0.683772,12553,6414684,0.798077,8037679
4,2021-06-09,38591,11511652,30594,6865326,5645,4266581,2352,379745,8005,899027,0.111852,30430,5526366,0.687557,10709,6425393,0.799409,8037679
4,2021-06-10,36670,11548322,28900,6894226,5170,4271751,2600,382345,8677,882710,0.109822,27855,5554221,0.691023,11538,6436931,0.800844,8037679
4,2021-06-11,37798,11586120,29719,6923945,6077,4277828,2002,384347,9906,867205,0.107892,27755,5581976,0.694476,12250,6449181,0.802369,8037679
4,2021-06-12,26241,11612361,21853,6945798,3682,4281510,706,385053,6095,854165,0.10627,20055,5602031,0.696971,7015,6456196,0.803241,8037679
4,2021-06-13,10711,11623072,8452,6954250,1784,4283294,475,385528,2407,848900,0.105615,8250,5610281,0.697998,2985,6459181,0.803613,8037679
4,2021-06-14,28242,11651314,21124,6975374,4329,4287623,2789,388317,8134,840052,0.104514,19985,5630266,0.700484,11137,6470318,0.804998,8037679
4,2021-06-15,29643,11680957,20974,6996348,5282,4292905,3387,391704,8292,830764,0.103359,21216,5651482,0.703124,11928,6482246,0.806482,8037679
4,2021-06-16,26060,11707017,19628,7015976,3851,4296756,2581,394285,7964,823574,0.102464,17937,5669419,0.705355,10747,6492993,0.807819,8037679
4,2021-06-17,24470,11731487,18119,7034095,3567,4300323,2784,397069,7408,817064,0.101654,16886,5686305,0.707456,10376,6503369,0.80911,8037679
4,2021-06-18,25745,11757232,20351,7054446,4264,4304587,1130,398199,7913,808708,0.100615,17642,5703947,0.709651,9286,6512655,0.810266,8037679
4,2021-06-19,15205,11772437,12339,7066785,2221,4306808,645,398844,4854,804162,0.100049,10207,5714154,0.710921,5661,6518316,0.81097,8037679
4,2021-06-20,2042,11774479,1561,7068346,327,4307135,154,398998,802,803913,0.100018,1234,5715388,0.711074,985,6519301,0.811092,8037679
