vemquartile,administered_date,total_doses,cumulative_total_doses,pfizer_doses,cumulative_pfizer_doses,moderna_doses,cumulative_moderna_doses,jj_doses,cumulative_jj_doses,partially_vaccinated,total_partially_vaccinated,pct_age12pop_partially_vaccinated,fully_vaccinated,cumulative_fully_vaccinated,pct_age12pop_fully_vaccinated,at_least_one_dose,cumulative_at_least_one_dose,pct_age12pop_at_least_one_dose,age12_population
1,2020-12-15,157,157,157,157,0,0,0,0,157,157,1.8e-05,0,0,0.0,157,157,1.8e-05,8700223
1,2020-12-16,1226,1383,1226,1383,0,0,0,0,1226,1383,0.000159,0,0,0.0,1226,1383,0.000159,8700223
1,2020-12-17,4184,5567,4184,5567,0,0,0,0,4185,5568,0.00064,0,0,0.0,4185,5568,0.00064,8700223
1,2020-12-18,6381,11948,6358,11925,23,23,0,0,6383,11950,0.001374,1,1,0.0,6383,11951,0.001374,8700223
1,2020-12-19,2878,14826,2875,14800,3,26,0,0,2877,14826,0.001704,1,2,0.0,2877,14828,0.001704,8700223
1,2020-12-20,2131,16957,2121,16921,10,36,0,0,2132,16958,0.001949,0,2,0.0,2132,16960,0.001949,8700223
1,2020-12-21,7650,24607,7629,24550,21,57,0,0,7699,24657,0.002834,1,3,0.0,7700,24660,0.002834,8700223
1,2020-12-22,7318,31925,6974,31524,344,401,0,0,7319,31974,0.003675,2,5,1e-06,7319,31979,0.003676,8700223
1,2020-12-23,7840,39765,6581,38105,1259,1660,0,0,7835,39808,0.004576,2,7,1e-06,7836,39815,0.004576,8700223
1,2020-12-24,3298,43063,2356,40461,942,2602,0,0,3300,43108,0.004955,0,7,1e-06,3300,43115,0.004956,8700223
1,2020-12-25,240,43303,156,40617,84,2686,0,0,240,43348,0.004982,0,7,1e-06,240,43355,0.004983,8700223
1,2020-12-26,1365,44668,973,41590,392,3078,0,0,1364,44711,0.005139,1,8,1e-06,1364,44719,0.00514,8700223
1,2020-12-27,876,45544,541,42131,335,3413,0,0,876,45586,0.00524,1,9,1e-06,876,45595,0.005241,8700223
1,2020-12-28,7094,52638,4750,46881,2344,5757,0,0,7092,52678,0.006055,0,9,1e-06,7092,52687,0.006056,8700223
1,2020-12-29,8905,61543,4978,51859,3927,9684,0,0,8901,61577,0.007078,2,11,1e-06,8901,61588,0.007079,8700223
1,2020-12-30,11579,73122,6445,58304,5134,14818,0,0,11578,73154,0.008408,1,12,1e-06,11578,73166,0.00841,8700223
1,2020-12-31,5982,79104,1954,60258,4028,18846,0,0,5980,79131,0.009095,4,16,2e-06,5981,79147,0.009097,8700223
1,2021-01-01,600,79704,231,60489,369,19215,0,0,597,79726,0.009164,2,18,2e-06,597,79744,0.009166,8700223
1,2021-01-02,2920,82624,1769,62258,1151,20366,0,0,2920,82646,0.009499,0,18,2e-06,2920,82664,0.009501,8700223
1,2021-01-03,1040,83664,550,62808,490,20856,0,0,1038,83681,0.009618,3,21,2e-06,1038,83702,0.009621,8700223
1,2021-01-04,7384,91048,3596,66404,3788,24644,0,0,7387,91066,0.010467,2,23,3e-06,7387,91089,0.01047,8700223
1,2021-01-05,10864,101912,5245,71649,5619,30263,0,0,10066,100374,0.011537,780,803,9.2e-05,10088,101177,0.011629,8700223
1,2021-01-06,14087,115999,7065,78714,7022,37285,0,0,12162,110661,0.012719,1889,2692,0.000309,12176,113353,0.013029,8700223
1,2021-01-07,17536,133535,9169,87883,8367,45652,0,0,13016,119260,0.013708,4427,7119,0.000818,13026,126379,0.014526,8700223
1,2021-01-08,20214,153749,10500,98383,9714,55366,0,0,14263,127598,0.014666,5934,13053,0.0015,14272,140651,0.016166,8700223
1,2021-01-09,6692,160441,3397,101780,3295,58661,0,0,4838,130588,0.01501,1851,14904,0.001713,4841,145492,0.016723,8700223
1,2021-01-10,3097,163538,1767,103547,1330,59991,0,0,1907,131310,0.015093,1186,16090,0.001849,1908,147400,0.016942,8700223
1,2021-01-11,18078,181616,11853,115400,6225,66216,0,0,11526,136337,0.015671,6542,22632,0.002601,11569,158969,0.018272,8700223
1,2021-01-12,19137,200753,10965,126365,8172,74388,0,0,13139,143548,0.016499,5970,28602,0.003288,13181,172150,0.019787,8700223
1,2021-01-13,19859,220612,10746,137111,9113,83501,0,0,14696,153120,0.0176,5142,33744,0.003879,14714,186864,0.021478,8700223
1,2021-01-14,22053,242665,9449,146560,12604,96105,0,0,19297,169777,0.019514,2699,36443,0.004189,19356,206220,0.023703,8700223
1,2021-01-15,25206,267871,9254,155814,15952,112057,0,0,23260,191190,0.021975,1908,38351,0.004408,23321,229541,0.026383,8700223
1,2021-01-16,13895,281766,4547,160361,9348,121405,0,0,13018,203337,0.023371,874,39225,0.004509,13021,242562,0.02788,8700223
1,2021-01-17,5219,286985,2037,162398,3182,124587,0,0,4849,207820,0.023887,369,39594,0.004551,4852,247414,0.028438,8700223
1,2021-01-18,14339,301324,8609,171007,5730,130317,0,0,11155,215859,0.024811,3171,42765,0.004915,11210,258624,0.029726,8700223
1,2021-01-19,24691,326015,12769,183776,11922,142239,0,0,19535,230313,0.026472,5135,47900,0.005506,19589,278213,0.031978,8700223
1,2021-01-20,29449,355464,14741,198517,14708,156947,0,0,23518,248020,0.028507,5852,53752,0.006178,23559,301772,0.034686,8700223
1,2021-01-21,31248,386712,14670,213187,16578,173525,0,0,27964,272864,0.031363,3218,56970,0.006548,28062,329834,0.037911,8700223
1,2021-01-22,28421,415133,11289,224476,17132,190657,0,0,26351,297243,0.034165,2004,58974,0.006778,26383,356217,0.040943,8700223
1,2021-01-23,18740,433873,8198,232674,10542,201199,0,0,16779,312101,0.035873,1931,60905,0.007,16789,373006,0.042873,8700223
1,2021-01-24,6689,440562,4159,236833,2530,203729,0,0,6030,317483,0.036491,654,61559,0.007076,6036,379042,0.043567,8700223
1,2021-01-25,25467,466029,10509,247342,14958,218687,0,0,19663,331497,0.038102,5756,67315,0.007737,19770,398812,0.045839,8700223
1,2021-01-26,28844,494873,13488,260830,15356,234043,0,0,22145,347027,0.039887,6637,73952,0.0085,22167,420979,0.048387,8700223
1,2021-01-27,32724,527597,15575,276405,17149,251192,0,0,24599,363602,0.041792,8060,82012,0.009426,24635,445614,0.051219,8700223
1,2021-01-28,35026,562623,16430,292835,18596,269788,0,0,28045,384804,0.044229,6912,88924,0.010221,28114,473728,0.05445,8700223
1,2021-01-29,33765,596388,16486,309321,17279,287067,0,0,27144,405513,0.046609,6477,95401,0.010965,27186,500914,0.057575,8700223
1,2021-01-30,20180,616568,8714,318035,11466,298533,0,0,18038,421451,0.048441,2112,97513,0.011208,18050,518964,0.05965,8700223
1,2021-01-31,7697,624265,5013,323048,2684,301217,0,0,6983,427731,0.049163,706,98219,0.011289,6986,525950,0.060452,8700223
1,2021-02-01,29056,653321,12550,335598,16506,317723,0,0,21206,441144,0.050705,7798,106017,0.012186,21211,547161,0.06289,8700223
1,2021-02-02,32787,686108,11839,347437,20948,338671,0,0,24503,457485,0.052583,8199,114216,0.013128,24540,571701,0.065711,8700223
1,2021-02-03,39687,725795,15270,362707,24417,363088,0,0,28564,475133,0.054612,10954,125170,0.014387,28602,600303,0.068999,8700223
1,2021-02-04,44102,769897,17154,379861,26948,390036,0,0,31775,494756,0.056867,12201,137371,0.015789,31824,632127,0.072656,8700223
1,2021-02-05,46824,816721,17174,397035,29650,419686,0,0,30667,509471,0.058558,16007,153378,0.017629,30722,662849,0.076188,8700223
1,2021-02-06,26559,843280,10490,407525,16069,435755,0,0,20638,524253,0.060257,5873,159251,0.018304,20655,683504,0.078562,8700223
1,2021-02-07,6273,849553,4036,411561,2237,437992,0,0,4629,527276,0.060605,1624,160875,0.018491,4647,688151,0.079096,8700223
1,2021-02-08,31636,881189,14444,426005,17192,455184,0,0,21071,537977,0.061835,10468,171343,0.019694,21169,709320,0.081529,8700223
1,2021-02-09,38630,919819,16989,442994,21641,476825,0,0,23816,547143,0.062888,14730,186073,0.021387,23896,733216,0.084276,8700223
1,2021-02-10,47407,967226,22257,465251,25150,501975,0,0,26976,553897,0.063665,20304,206377,0.023721,27058,760274,0.087386,8700223
1,2021-02-11,51873,1019099,25448,490699,26425,528400,0,0,30963,564374,0.064869,20593,226970,0.026088,31070,791344,0.090957,8700223
1,2021-02-12,50056,1069155,21529,512228,28527,556927,0,0,28706,572026,0.065748,21194,248164,0.028524,28846,820190,0.094272,8700223
1,2021-02-13,26388,1095543,11537,523765,14851,571778,0,0,15263,576310,0.066241,11055,259219,0.029795,15339,835529,0.096035,8700223
1,2021-02-14,11801,1107344,5567,529332,6234,578012,0,0,6715,578037,0.066439,5055,264274,0.030376,6782,842311,0.096815,8700223
1,2021-02-15,23962,1131306,9413,538745,14549,592561,0,0,14585,583486,0.067066,9252,273526,0.031439,14701,857012,0.098505,8700223
1,2021-02-16,47234,1178540,22528,561273,24706,617267,0,0,27540,591531,0.06799,19609,293135,0.033693,27654,884666,0.101683,8700223
1,2021-02-17,48578,1227118,24601,585874,23977,641244,0,0,26135,595527,0.06845,22286,315421,0.036254,26282,910948,0.104704,8700223
1,2021-02-18,51221,1278339,25617,611491,25604,666848,0,0,26511,597810,0.068712,24463,339884,0.039066,26746,937694,0.107778,8700223
1,2021-02-19,46680,1325019,25303,636794,21377,688225,0,0,26118,603590,0.069376,20401,360285,0.041411,26181,963875,0.110787,8700223
1,2021-02-20,27675,1352694,16864,653658,10811,699036,0,0,15787,607631,0.069841,11824,372109,0.04277,15865,979740,0.112611,8700223
1,2021-02-21,12384,1365078,10658,664316,1726,700762,0,0,7439,610235,0.07014,4884,376993,0.043331,7488,987228,0.113472,8700223
1,2021-02-22,31648,1396726,20839,685155,10809,711571,0,0,18199,615183,0.070709,13352,390345,0.044866,18300,1005528,0.115575,8700223
1,2021-02-23,45946,1442672,22308,707463,23638,735209,0,0,25221,620337,0.071301,20429,410774,0.047214,25583,1031111,0.118515,8700223
1,2021-02-24,55946,1498618,26998,734461,28948,764157,0,0,30746,626545,0.072015,24993,435767,0.050087,31201,1062312,0.122102,8700223
1,2021-02-25,68583,1567201,33291,767752,35292,799449,0,0,42404,643447,0.073958,26004,461771,0.053076,42906,1105218,0.127033,8700223
1,2021-02-26,76645,1643846,35881,803633,40764,840213,0,0,50053,667635,0.076738,26339,488110,0.056103,50527,1155745,0.132841,8700223
1,2021-02-27,52805,1696651,24219,827852,28577,868790,9,9,34632,684514,0.078678,18029,506139,0.058175,34908,1190653,0.136853,8700223
1,2021-02-28,20234,1716885,12008,839860,8224,877014,2,11,14825,694162,0.079787,5319,511458,0.058787,14967,1205620,0.138573,8700223
1,2021-03-01,46107,1762992,21336,861196,24720,901734,51,62,29609,707750,0.081348,16310,527768,0.060661,29898,1235518,0.14201,8700223
1,2021-03-02,64795,1827787,28012,889208,36774,938508,9,71,41202,726174,0.083466,23408,551176,0.063352,41832,1277350,0.146818,8700223
1,2021-03-03,72039,1899826,34252,923460,37760,976268,27,98,43786,742496,0.085342,28085,579261,0.06658,44407,1321757,0.151922,8700223
1,2021-03-04,80064,1979890,37539,960999,42489,1018757,36,134,51386,765950,0.088038,28484,607745,0.069854,51938,1373695,0.157892,8700223
1,2021-03-05,79073,2058963,35626,996625,43240,1061997,207,341,52722,793408,0.091194,26102,633847,0.072854,53560,1427255,0.164048,8700223
1,2021-03-06,58012,2116975,27575,1024200,29087,1091084,1350,1691,39273,815735,0.09376,18657,652504,0.074999,40984,1468239,0.168759,8700223
1,2021-03-07,20961,2137936,13044,1037244,6726,1097810,1191,2882,15521,827284,0.095088,5413,657917,0.075621,16962,1485201,0.170708,8700223
1,2021-03-08,46060,2183996,22490,1059734,21610,1119420,1960,4842,32269,848160,0.097487,13687,671604,0.077194,34563,1519764,0.174681,8700223
1,2021-03-09,66752,2250748,32284,1092018,31959,1151379,2509,7351,41053,866513,0.099597,25543,697147,0.08013,43896,1563660,0.179726,8700223
1,2021-03-10,73781,2324529,36727,1128745,32555,1183934,4499,11850,45394,888493,0.102123,28274,725421,0.08338,50254,1613914,0.185503,8700223
1,2021-03-11,90251,2414780,41508,1170253,40735,1224669,8008,19858,52562,912051,0.104831,37453,762874,0.087684,61011,1674925,0.192515,8700223
1,2021-03-12,99066,2513846,43701,1213954,42964,1267633,12401,32259,57905,941852,0.108256,40944,803818,0.092391,70745,1745670,0.200647,8700223
1,2021-03-13,65322,2579168,29537,1243491,28112,1295745,7673,39932,41678,968003,0.111262,23508,827326,0.095093,49659,1795329,0.206354,8700223
1,2021-03-14,27911,2607079,14927,1258418,9415,1305160,3569,43501,15633,975186,0.112087,12204,839530,0.096495,19387,1814716,0.208583,8700223
1,2021-03-15,65285,2672364,28796,1287214,29737,1334897,6752,50253,38367,993963,0.114246,26696,866226,0.099564,45473,1860189,0.213809,8700223
1,2021-03-16,85832,2758196,39131,1326345,41053,1375950,5648,55901,53196,1020739,0.117323,32408,898634,0.103289,59184,1919373,0.220612,8700223
1,2021-03-17,93128,2851324,45389,1371734,41202,1417152,6537,62438,59848,1054435,0.121196,33039,931673,0.107086,66735,1986108,0.228282,8700223
1,2021-03-18,98860,2950184,50968,1422702,42170,1459322,5722,68160,59737,1081622,0.124321,38760,970433,0.111541,65947,2052055,0.235862,8700223
1,2021-03-19,103743,3053927,53740,1476442,43703,1503025,6300,74460,60591,1106183,0.127144,42846,1013279,0.116466,67407,2119462,0.24361,8700223
1,2021-03-20,72845,3126772,37304,1513746,30322,1533347,5219,79679,46800,1132628,0.130184,25855,1039134,0.119438,52300,2171762,0.249621,8700223
1,2021-03-21,27266,3154038,19038,1532784,6421,1539768,1807,81486,16958,1141271,0.131177,10213,1049347,0.120612,18856,2190618,0.251789,8700223
1,2021-03-22,59286,3213324,30639,1563423,25340,1565108,3307,84793,39866,1165624,0.133976,19191,1068538,0.122817,43544,2234162,0.256794,8700223
1,2021-03-23,83414,3296738,42441,1605864,37334,1602442,3639,88432,51191,1188942,0.136656,31965,1100503,0.126491,55283,2289445,0.263148,8700223
1,2021-03-24,88313,3385051,44653,1650517,39294,1641736,4366,92798,52613,1210680,0.139155,35405,1135908,0.130561,57143,2346588,0.269716,8700223
1,2021-03-25,97165,3482216,49669,1700186,41661,1683397,5835,98633,53774,1227437,0.141081,43056,1178964,0.13551,59813,2406401,0.276591,8700223
1,2021-03-26,105479,3587695,51159,1751345,47997,1731394,6323,104956,56507,1241966,0.142751,48594,1227558,0.141095,63123,2469524,0.283846,8700223
1,2021-03-27,74256,3661951,38371,1789716,31668,1763062,4217,109173,38060,1248478,0.1435,35959,1263517,0.145228,42471,2511995,0.288728,8700223
1,2021-03-28,32822,3694773,21492,1811208,10109,1773171,1221,110394,16432,1250301,0.143709,16278,1279795,0.147099,18101,2530096,0.290808,8700223
1,2021-03-29,67421,3762194,33498,1844706,30752,1803923,3171,113565,36995,1260465,0.144877,30203,1309998,0.150571,40367,2570463,0.295448,8700223
1,2021-03-30,92536,3854730,45644,1890350,40487,1844410,6405,119970,47308,1269259,0.145888,44999,1354997,0.155743,53793,2624256,0.301631,8700223
1,2021-03-31,101176,3955906,52797,1943147,42136,1886546,6243,126213,55240,1285203,0.147721,45604,1400601,0.160984,61548,2685804,0.308705,8700223
1,2021-04-01,113317,4069223,54041,1997188,50477,1937023,8799,135012,57627,1296445,0.149013,55224,1455825,0.167332,66466,2752270,0.316345,8700223
1,2021-04-02,112496,4181719,51364,2048552,51407,1988430,9725,144737,57026,1308371,0.150384,55026,1510851,0.173657,66952,2819222,0.32404,8700223
1,2021-04-03,78731,4260450,39598,2088150,29466,2017896,9667,154404,37003,1313562,0.15098,41533,1552384,0.17843,46724,2865946,0.329411,8700223
1,2021-04-04,23802,4284252,11837,2099987,8492,2026388,3473,157877,9944,1313176,0.150936,13789,1566173,0.180015,13403,2879349,0.330951,8700223
1,2021-04-05,77628,4361880,37003,2136990,31237,2057625,9388,167265,34991,1315289,0.151179,42415,1608588,0.18489,44528,2923877,0.336069,8700223
1,2021-04-06,104733,4466613,49588,2186578,38472,2096097,16673,183938,47392,1322344,0.15199,57026,1665614,0.191445,64081,2987958,0.343435,8700223
1,2021-04-07,112799,4579412,54661,2241239,40462,2136559,17676,201614,50966,1329470,0.152809,61517,1727131,0.198516,68643,3056601,0.351324,8700223
1,2021-04-08,123275,4702687,58368,2299607,43793,2180352,21114,222728,54598,1336987,0.153673,68238,1795369,0.206359,75755,3132356,0.360032,8700223
1,2021-04-09,124407,4827094,56720,2356327,46774,2227126,20913,243641,54648,1343185,0.154385,69392,1864761,0.214335,75590,3207946,0.36872,8700223
1,2021-04-10,97307,4924401,43392,2399719,30863,2257989,23052,266693,38510,1346114,0.154722,58574,1923335,0.221067,61503,3269449,0.375789,8700223
1,2021-04-11,36729,4961130,20398,2420117,9434,2267423,6897,273590,14853,1346151,0.154726,21811,1945146,0.223574,21848,3291297,0.3783,8700223
1,2021-04-12,74967,5036097,33460,2453577,31458,2298881,10049,283639,31842,1345358,0.154635,42823,1987969,0.228496,42030,3333327,0.383131,8700223
1,2021-04-13,98291,5134388,52550,2506127,45400,2344281,341,283980,53113,1354292,0.155662,44866,2032835,0.233653,53800,3387127,0.389315,8700223
1,2021-04-14,105147,5239535,54500,2560627,50573,2394854,74,284054,53398,1356771,0.155947,51362,2084197,0.239557,53841,3440968,0.395503,8700223
1,2021-04-15,105979,5345514,57531,2618158,48358,2443212,90,284144,56261,1364178,0.156798,49121,2133318,0.245203,56528,3497496,0.402001,8700223
1,2021-04-16,110845,5456359,56825,2674983,53932,2497144,88,284232,55306,1364762,0.156865,54995,2188313,0.251524,55579,3553075,0.408389,8700223
1,2021-04-17,83478,5539837,45316,2720299,38151,2535295,11,284243,46522,1374742,0.158012,36716,2225029,0.255744,46696,3599771,0.413756,8700223
1,2021-04-18,30326,5570163,20462,2740761,9857,2545152,7,284250,15263,1375246,0.15807,14968,2239997,0.257464,15472,3615243,0.415535,8700223
1,2021-04-19,67153,5637316,33985,2774746,33156,2578308,12,284262,30313,1369233,0.157379,36467,2276464,0.261656,30454,3645697,0.419035,8700223
1,2021-04-20,88470,5725786,44500,2819246,43946,2622254,24,284286,41301,1363956,0.156773,46804,2323268,0.267035,41527,3687224,0.423808,8700223
1,2021-04-21,97846,5823632,51039,2870285,46705,2668959,102,284388,43744,1354515,0.155687,53523,2376791,0.273187,44082,3731306,0.428875,8700223
1,2021-04-22,97665,5921297,51026,2921311,46622,2715581,17,284405,44699,1347012,0.154825,52438,2429229,0.279215,44935,3776241,0.43404,8700223
1,2021-04-23,102644,6023941,52984,2974295,49633,2765214,27,284432,48772,1342701,0.154329,53339,2482568,0.285345,49028,3825269,0.439675,8700223
1,2021-04-24,76442,6100383,47408,3021703,29007,2794221,27,284459,43064,1352826,0.155493,33223,2515791,0.289164,43348,3868617,0.444657,8700223
1,2021-04-25,27346,6127729,17422,3039125,9910,2804131,14,284473,15609,1356974,0.15597,11616,2527407,0.290499,15764,3884381,0.446469,8700223
1,2021-04-26,66468,6194197,34864,3073989,31201,2835332,403,284876,31694,1354955,0.155738,34456,2561863,0.294459,32437,3916818,0.450197,8700223
1,2021-04-27,81792,6275989,43489,3117478,36994,2872326,1309,286185,35642,1346405,0.154755,45841,2607704,0.299728,37291,3954109,0.454484,8700223
1,2021-04-28,81583,6357572,43403,3160881,36669,2908995,1511,287696,35874,1338669,0.153866,45348,2653052,0.304941,37612,3991721,0.458807,8700223
1,2021-04-29,85014,6442586,46779,3207660,36605,2945600,1630,289326,34629,1325094,0.152306,49997,2703049,0.310687,36422,4028143,0.462993,8700223
1,2021-04-30,92646,6535232,50187,3257847,40575,2986175,1884,291210,38647,1312144,0.150817,53643,2756692,0.316853,40693,4068836,0.46767,8700223
1,2021-05-01,63859,6599091,41181,3299028,21248,3007423,1430,292640,26896,1303990,0.14988,36695,2793387,0.321071,28541,4097377,0.470951,8700223
1,2021-05-02,23478,6622569,16610,3315638,6289,3013712,579,293219,9464,1300157,0.14944,13903,2807290,0.322669,10070,4107447,0.472108,8700223
1,2021-05-03,56318,6678887,31208,3346846,23264,3036976,1846,295065,20436,1286873,0.147913,35622,2842912,0.326763,22338,4129785,0.474676,8700223
1,2021-05-04,75894,6754781,43682,3390528,30113,3067089,2099,297164,27186,1267851,0.145726,48389,2891301,0.332325,29367,4159152,0.478051,8700223
1,2021-05-05,78378,6833159,45419,3435947,30655,3097744,2304,299468,26538,1245301,0.143134,51473,2942774,0.338241,28923,4188075,0.481376,8700223
1,2021-05-06,79898,6913057,48514,3484461,29203,3126947,2181,301649,24902,1217947,0.13999,54591,2997365,0.344516,27237,4215312,0.484506,8700223
1,2021-05-07,83462,6996519,47494,3531955,33768,3160715,2200,303849,27860,1192935,0.137115,55136,3052501,0.350853,30124,4245436,0.487969,8700223
1,2021-05-08,57334,7053853,35958,3567913,19731,3180446,1645,305494,19473,1176635,0.135242,37512,3090013,0.355165,21212,4266648,0.490407,8700223
1,2021-05-09,18293,7072146,13114,3581027,4700,3185146,479,305973,5572,1170079,0.134488,12641,3102654,0.356618,6085,4272733,0.491106,8700223
1,2021-05-10,44305,7116451,22395,3603422,20079,3205225,1831,307804,14817,1157624,0.133057,29197,3131851,0.359974,16742,4289475,0.49303,8700223
1,2021-05-11,62766,7179217,34107,3637529,26500,3231725,2159,309963,20644,1138720,0.130884,41824,3173675,0.364781,22920,4312395,0.495665,8700223
1,2021-05-12,62930,7242147,33418,3670947,27447,3259172,2065,312028,20663,1119587,0.128685,41929,3215604,0.3696,22796,4335191,0.498285,8700223
1,2021-05-13,67048,7309195,39304,3710251,25753,3284925,1991,314019,25537,1106285,0.127156,41110,3256714,0.374325,27808,4362999,0.501481,8700223
1,2021-05-14,76730,7385925,46272,3756523,28053,3312978,2405,316424,31018,1094687,0.125823,45297,3302011,0.379532,33699,4396698,0.505355,8700223
1,2021-05-15,66661,7452586,43745,3800268,21153,3334131,1763,318187,26553,1083282,0.124512,39785,3341796,0.384105,28380,4425078,0.508617,8700223
1,2021-05-16,25057,7477643,18458,3818726,5978,3340109,621,318808,10217,1079448,0.124071,14719,3356515,0.385796,10885,4435963,0.509868,8700223
1,2021-05-17,54310,7531953,33188,3851914,19350,3359459,1772,320580,23032,1073302,0.123365,31005,3387520,0.38936,24859,4460822,0.512725,8700223
1,2021-05-18,65141,7597094,39254,3891168,24050,3383509,1837,322417,28253,1066881,0.122627,36602,3424122,0.393567,30181,4491003,0.516194,8700223
1,2021-05-19,66388,7663482,40408,3931576,24055,3407564,1925,324342,29654,1062104,0.122078,36436,3460558,0.397755,31659,4522662,0.519833,8700223
1,2021-05-20,64579,7728061,37416,3968992,24947,3432511,2216,326558,26531,1053355,0.121072,37700,3498258,0.402088,28951,4551613,0.52316,8700223
1,2021-05-21,69901,7797962,41775,4010767,26267,3458778,1859,328417,28812,1043442,0.119933,40681,3538939,0.406764,30768,4582381,0.526697,8700223
1,2021-05-22,55918,7853880,36719,4047486,17477,3476255,1722,330139,24304,1038223,0.119333,31342,3570281,0.410367,26123,4608504,0.5297,8700223
1,2021-05-23,20486,7874366,14320,4061806,5580,3481835,586,330725,9489,1037427,0.119241,10894,3581175,0.411619,10098,4618602,0.53086,8700223
1,2021-05-24,43735,7918101,24375,4086181,17522,3499357,1838,332563,17679,1031225,0.118529,25800,3606975,0.414584,19598,4638200,0.533113,8700223
1,2021-05-25,50856,7968957,29250,4115431,19910,3519267,1696,334259,21073,1024598,0.117767,29493,3636468,0.417974,22866,4661066,0.535741,8700223
1,2021-05-26,48471,8017428,27468,4142899,19109,3538376,1894,336153,20504,1019377,0.117167,27663,3664131,0.421154,22442,4683508,0.53832,8700223
1,2021-05-27,47004,8064432,26355,4169254,18735,3557111,1914,338067,20144,1014985,0.116662,26566,3690697,0.424207,22174,4705682,0.540869,8700223
1,2021-05-28,52502,8116934,29284,4198538,21387,3578498,1831,339898,23510,1011792,0.116295,28658,3719355,0.427501,25465,4731147,0.543796,8700223
1,2021-05-29,30681,8147615,18579,4217117,11138,3589636,964,340862,14600,1011487,0.11626,15923,3735278,0.429331,15618,4746765,0.545591,8700223
1,2021-05-30,11688,8159303,7542,4224659,3591,3593227,555,341417,5528,1011507,0.116262,6087,3741365,0.430031,6107,4752872,0.546293,8700223
1,2021-05-31,5731,8165034,3261,4227920,2216,3595443,254,341671,1990,1010082,0.116098,3682,3745047,0.430454,2257,4755129,0.546553,8700223
1,2021-06-01,45893,8210927,25935,4253855,18387,3613830,1571,343242,17356,1000888,0.115042,28193,3773240,0.433695,18999,4774128,0.548736,8700223
1,2021-06-02,40027,8250954,23205,4277060,15307,3629137,1515,344757,16129,995017,0.114367,23593,3796833,0.436406,17722,4791850,0.550773,8700223
1,2021-06-03,41446,8292400,25945,4303005,13796,3642933,1705,346462,15800,987258,0.113475,25337,3822170,0.439319,17578,4809428,0.552794,8700223
1,2021-06-04,50218,8342618,32113,4335118,16293,3659226,1812,348274,17934,975165,0.112085,31918,3854088,0.442987,19825,4829253,0.555072,8700223
1,2021-06-05,40368,8382986,27523,4362641,10837,3670063,2008,350282,14157,965391,0.110962,25991,3880079,0.445975,16217,4845470,0.556936,8700223
1,2021-06-06,13209,8396195,10568,4373209,2126,3672189,515,350797,4570,961981,0.11057,8556,3888635,0.446958,5146,4850616,0.557528,8700223
1,2021-06-07,34020,8430215,23424,4396633,9235,3681424,1361,352158,12073,953735,0.109622,21732,3910367,0.449456,13486,4864102,0.559078,8700223
1,2021-06-08,42280,8472495,29249,4425882,11373,3692797,1658,353816,14711,942906,0.108377,27290,3937657,0.452593,16461,4880563,0.56097,8700223
1,2021-06-09,42213,8514708,29273,4455155,11291,3704088,1649,355465,13741,930197,0.106916,28157,3965814,0.455829,15448,4896011,0.562745,8700223
1,2021-06-10,39156,8553864,26351,4481506,11100,3715188,1705,357170,13364,919832,0.105725,25537,3991351,0.458764,15172,4911183,0.564489,8700223
1,2021-06-11,44111,8597975,29237,4510743,13184,3728372,1690,358860,15724,909245,0.104508,28078,4019429,0.461991,17491,4928674,0.5665,8700223
1,2021-06-12,33812,8631787,24429,4535172,8167,3736539,1216,360076,11128,899190,0.103353,22465,4041894,0.464574,12410,4941084,0.567926,8700223
1,2021-06-13,11629,8643416,8445,4543617,2704,3739243,480,360556,3383,894911,0.102861,8175,4050069,0.465513,3896,4944980,0.568374,8700223
1,2021-06-14,31017,8674433,20872,4564489,8832,3748075,1313,361869,11614,888664,0.102143,19202,4069271,0.46772,12955,4957935,0.569863,8700223
1,2021-06-15,37339,8711772,24463,4588952,11019,3759094,1857,363726,13852,881253,0.101291,23212,4092483,0.470388,15801,4973736,0.571679,8700223
1,2021-06-16,35570,8747342,24019,4612971,9709,3768803,1842,365568,13375,874599,0.100526,21925,4114408,0.472908,15271,4989007,0.573434,8700223
1,2021-06-17,33707,8781049,22279,4635250,9471,3778274,1957,367525,13160,869504,0.09994,20306,4134714,0.475242,15211,5004218,0.575183,8700223
1,2021-06-18,39773,8820822,25822,4661072,11089,3789363,2862,370387,15458,863850,0.099291,24031,4158745,0.478004,18377,5022595,0.577295,8700223
1,2021-06-19,24083,8844905,16704,4677776,6178,3795541,1201,371588,9814,860806,0.098941,14098,4172843,0.479625,11054,5033649,0.578566,8700223
1,2021-06-20,8157,8853062,5975,4683751,1906,3797447,276,371864,3239,859481,0.098788,4851,4177694,0.480182,3526,5037175,0.578971,8700223
1,2021-06-21,21008,8874070,11880,4695631,6937,3804384,2191,374055,10953,862734,0.099162,9940,4187634,0.481325,13193,5050368,0.580487,8700223
1,2021-06-22,30858,8904928,20136,4715767,8575,3812959,2147,376202,12925,860153,0.098866,17717,4205351,0.483361,15136,5065504,0.582227,8700223
1,2021-06-23,29453,8934381,19774,4735541,7860,3820819,1819,378021,12859,858486,0.098674,16371,4221722,0.485243,14704,5080208,0.583917,8700223
1,2021-06-24,28469,8962850,18958,4754499,7833,3828652,1678,379699,12078,856124,0.098403,16186,4237908,0.487103,13824,5094032,0.585506,8700223
1,2021-06-25,31806,8994656,21547,4776046,8853,3837505,1406,381105,14006,854029,0.098162,17559,4255467,0.489122,15464,5109496,0.587283,8700223
1,2021-06-26,22254,9016910,16506,4792552,4918,3842423,830,381935,9710,852201,0.097952,12422,4267889,0.490549,10594,5120090,0.588501,8700223
1,2021-06-27,9148,9026058,6799,4799351,1917,3844340,432,382367,4056,851680,0.097892,5024,4272913,0.491127,4503,5124593,0.589019,8700223
1,2021-06-28,21147,9047205,15694,4815045,4200,3848540,1253,383620,9800,851627,0.097886,11154,4284067,0.492409,11101,5135694,0.590295,8700223
1,2021-06-29,26632,9073837,18204,4833249,7042,3855582,1386,385006,11732,850086,0.097709,14715,4298782,0.4941,13174,5148868,0.591809,8700223
1,2021-06-30,25931,9099768,17924,4851173,6949,3862531,1058,386064,12323,850148,0.097716,13391,4312173,0.495639,13453,5162321,0.593355,8700223
1,2021-07-01,23687,9123455,16469,4867642,5948,3868479,1270,387334,10959,849886,0.097686,12573,4324746,0.497085,12311,5174632,0.59477,8700223
1,2021-07-02,26413,9149868,18123,4885765,7248,3875727,1042,388376,12333,849454,0.097636,13889,4338635,0.498681,13457,5188089,0.596317,8700223
1,2021-07-03,14597,9164465,10198,4895963,3960,3879687,439,388815,6936,849332,0.097622,7529,4346164,0.499546,7407,5195496,0.597168,8700223
1,2021-07-04,1267,9165732,708,4896671,493,3880180,66,388881,610,849367,0.097626,647,4346811,0.499621,682,5196178,0.597247,8700223
1,2021-07-05,11006,9176738,7584,4904255,3058,3883238,364,389245,5222,849284,0.097616,5714,4352525,0.500277,5631,5201809,0.597894,8700223
1,2021-07-06,27162,9203900,19189,4923444,6833,3890071,1140,390385,10825,845196,0.097146,16153,4368678,0.502134,12065,5213874,0.599281,8700223
1,2021-07-07,23686,9227586,16572,4940016,5956,3896027,1158,391543,10188,843317,0.096931,13311,4381989,0.503664,11432,5225306,0.600594,8700223
1,2021-07-08,22728,9250314,15684,4955700,5954,3901981,1090,392633,9819,841542,0.096726,12776,4394765,0.505132,11001,5236307,0.601859,8700223
1,2021-07-09,26815,9277129,18969,4974669,6685,3908666,1161,393794,12070,840262,0.096579,14571,4409336,0.506807,13291,5249598,0.603387,8700223
1,2021-07-10,17670,9294799,12757,4987426,4156,3912822,757,394551,7859,839240,0.096462,9688,4419024,0.507921,8666,5258264,0.604383,8700223
1,2021-07-11,6742,9301541,4925,4992351,1616,3914438,201,394752,3251,839270,0.096465,3440,4422464,0.508316,3470,5261734,0.604782,8700223
1,2021-07-12,20138,9321679,14446,5006797,4806,3919244,886,395638,8920,838089,0.09633,11079,4433543,0.50959,9898,5271632,0.605919,8700223
1,2021-07-13,22152,9343831,15477,5022274,5877,3925121,798,396436,10364,837692,0.096284,11646,4445189,0.510928,11249,5282881,0.607212,8700223
1,2021-07-14,22133,9365964,15185,5037459,5973,3931094,975,397411,9945,836698,0.09617,12027,4457216,0.512311,11033,5293914,0.60848,8700223
1,2021-07-15,21540,9387504,15322,5052781,5490,3936584,728,398139,10327,836791,0.09618,11067,4468283,0.513583,11160,5305074,0.609763,8700223
1,2021-07-16,26582,9414086,18603,5071384,6986,3943570,993,399132,13097,837649,0.096279,13320,4481603,0.515114,14178,5319252,0.611393,8700223
1,2021-07-17,18387,9432473,13259,5084643,4426,3947996,702,399834,9014,838152,0.096337,9248,4490851,0.516177,9751,5329003,0.612513,8700223
1,2021-07-18,7427,9439900,5479,5090122,1662,3949658,286,400120,3800,838685,0.096398,3570,4494421,0.516587,4103,5333106,0.612985,8700223
1,2021-07-19,20825,9460725,15095,5105217,4901,3954559,829,400949,10453,839828,0.096529,10239,4504660,0.517764,11382,5344488,0.614293,8700223
1,2021-07-20,24526,9485251,16966,5122183,6684,3961243,876,401825,12599,841654,0.096739,11742,4516402,0.519113,13568,5358056,0.615853,8700223
1,2021-07-21,24874,9510125,17496,5139679,6179,3967422,1199,403024,12709,843668,0.096971,12011,4528413,0.520494,14025,5372081,0.617465,8700223
1,2021-07-22,24075,9534200,16993,5156672,6249,3973671,833,403857,13127,846953,0.097348,10763,4539176,0.521731,14048,5386129,0.619079,8700223
1,2021-07-23,28411,9562611,20032,5176704,7376,3981047,1003,404860,15792,851377,0.097857,12441,4551617,0.523161,16865,5402994,0.621018,8700223
1,2021-07-24,17929,9580540,12644,5189348,4728,3985775,557,405417,10568,855283,0.098306,7246,4558863,0.523994,11152,5414146,0.6223,8700223
1,2021-07-25,7375,9587915,5292,5194640,1975,3987750,108,405525,5505,859086,0.098743,1830,4560693,0.524204,5633,5419779,0.622947,8700223
1,2021-07-26,21033,9608948,14533,5209173,5763,3993513,737,406262,13563,866103,0.09955,7352,4568045,0.525049,14369,5434148,0.624599,8700223
1,2021-07-27,26563,9635511,18947,5228120,6692,4000205,924,407186,15673,872035,0.100231,10722,4578767,0.526282,16654,5450802,0.626513,8700223
1,2021-07-28,27458,9662969,19444,5247564,7155,4007360,859,408045,16860,879410,0.101079,10411,4589178,0.527478,17786,5468588,0.628557,8700223
1,2021-07-29,26108,9689077,18538,5266102,6820,4014180,750,408795,16344,886965,0.101947,9599,4598777,0.528582,17154,5485742,0.630529,8700223
1,2021-07-30,30391,9719468,21763,5287865,7749,4021929,879,409674,18620,894934,0.102863,11572,4610349,0.529912,19541,5505283,0.632775,8700223
1,2021-07-31,19559,9739027,14224,5302089,4801,4026730,534,410208,12178,900443,0.103497,7226,4617575,0.530742,12735,5518018,0.634239,8700223
1,2021-08-01,8687,9747714,6569,5308658,1995,4028725,123,410331,5941,903832,0.103886,2701,4620276,0.531053,6090,5524108,0.634939,8700223
1,2021-08-02,24173,9771887,18002,5326660,5490,4034215,681,411012,15728,911996,0.104824,8294,4628570,0.532006,16458,5540566,0.63683,8700223
1,2021-08-03,27257,9799144,19734,5346394,6660,4040875,863,411875,17076,919975,0.105742,10002,4638572,0.533156,17981,5558547,0.638897,8700223
1,2021-08-04,17542,9816686,12617,5359011,4240,4045115,685,412560,11011,925308,0.106355,6397,4644969,0.533891,11730,5570277,0.640245,8700223
2,2020-12-15,248,248,248,248,0,0,0,0,248,248,2.9e-05,0,0,0.0,248,248,2.9e-05,8407551
2,2020-12-16,2115,2363,2115,2363,0,0,0,0,2114,2362,0.000281,0,0,0.0,2114,2362,0.000281,8407551
2,2020-12-17,6927,9290,6927,9290,0,0,0,0,6928,9290,0.001105,0,0,0.0,6928,9290,0.001105,8407551
2,2020-12-18,11107,20397,11087,20377,20,20,0,0,11107,20397,0.002426,0,0,0.0,11107,20397,0.002426,8407551
2,2020-12-19,5628,26025,5622,25999,6,26,0,0,5629,26026,0.003096,0,0,0.0,5629,26026,0.003096,8407551
2,2020-12-20,4256,30281,4245,30244,11,37,0,0,4251,30276,0.003601,1,1,0.0,4251,30277,0.003601,8407551
2,2020-12-21,12813,43094,12784,43028,29,66,0,0,12768,43044,0.00512,0,1,0.0,12768,43045,0.00512,8407551
2,2020-12-22,12164,55258,11646,54674,518,584,0,0,12162,55206,0.006566,0,1,0.0,12162,55207,0.006566,8407551
2,2020-12-23,11731,66989,9502,64176,2229,2813,0,0,11734,66940,0.007962,1,2,0.0,11735,66942,0.007962,8407551
2,2020-12-24,5913,72902,3502,67678,2411,5224,0,0,5908,72846,0.008664,4,6,1e-06,5910,72852,0.008665,8407551
2,2020-12-25,488,73390,409,68087,79,5303,0,0,490,73336,0.008723,0,6,1e-06,490,73342,0.008723,8407551
2,2020-12-26,2559,75949,1661,69748,898,6201,0,0,2560,75895,0.009027,1,7,1e-06,2560,75902,0.009028,8407551
2,2020-12-27,2236,78185,1216,70964,1020,7221,0,0,2233,78126,0.009292,2,9,1e-06,2233,78135,0.009293,8407551
2,2020-12-28,11041,89226,7174,78138,3867,11088,0,0,11040,89164,0.010605,2,11,1e-06,11040,89175,0.010607,8407551
2,2020-12-29,12748,101974,7165,85303,5583,16671,0,0,12753,101917,0.012122,0,11,1e-06,12753,101928,0.012123,8407551
2,2020-12-30,15470,117444,8676,93979,6794,23465,0,0,15464,117378,0.013961,5,16,2e-06,15466,117394,0.013963,8407551
2,2020-12-31,7592,125036,2831,96810,4761,28226,0,0,7585,124958,0.014863,5,21,2e-06,7585,124979,0.014865,8407551
2,2021-01-01,1272,126308,630,97440,642,28868,0,0,1271,126225,0.015013,4,25,3e-06,1271,126250,0.015016,8407551
2,2021-01-02,4856,131164,2770,100210,2086,30954,0,0,4853,131076,0.01559,2,27,3e-06,4853,131103,0.015593,8407551
2,2021-01-03,1413,132577,796,101006,617,31571,0,0,1405,132477,0.015757,4,31,4e-06,1405,132508,0.015761,8407551
2,2021-01-04,11708,144285,5565,106571,6143,37714,0,0,11698,144172,0.017148,3,34,4e-06,11698,144206,0.017152,8407551
2,2021-01-05,13903,158188,6956,113527,6947,44661,0,0,12678,155668,0.018515,1217,1251,0.000149,12713,156919,0.018664,8407551
2,2021-01-06,19055,177243,10505,124032,8550,53211,0,0,15222,167127,0.019878,3774,5025,0.000598,15233,172152,0.020476,8407551
2,2021-01-07,23329,200572,13147,137179,10182,63393,0,0,15631,175073,0.020823,7701,12726,0.001514,15647,187799,0.022337,8407551
2,2021-01-08,26933,227505,16230,153409,10703,74096,0,0,16587,181396,0.021575,10290,23016,0.002738,16613,204412,0.024313,8407551
2,2021-01-09,9881,237386,5783,159192,4098,78194,0,0,6289,184110,0.021898,3582,26598,0.003164,6296,210708,0.025062,8407551
2,2021-01-10,5316,242702,2972,162164,2344,80538,0,0,3049,184898,0.021992,2267,28865,0.003433,3055,213763,0.025425,8407551
2,2021-01-11,26060,268762,18016,180180,8044,88582,0,0,14932,188757,0.022451,11124,39989,0.004756,14983,228746,0.027207,8407551
2,2021-01-12,26392,295154,16378,196558,10014,98596,0,0,16775,196003,0.023313,9618,49607,0.0059,16864,245610,0.029213,8407551
2,2021-01-13,28611,323765,15172,211730,13439,112035,0,0,20588,208619,0.024813,8003,57610,0.006852,20619,266229,0.031665,8407551
2,2021-01-14,30602,354367,11674,223404,18928,130963,0,0,26296,230681,0.027437,4312,61922,0.007365,26374,292603,0.034802,8407551
2,2021-01-15,35116,389483,12701,236105,22415,153378,0,0,31814,259294,0.030841,3293,65215,0.007757,31906,324509,0.038597,8407551
2,2021-01-16,18121,407604,5999,242104,12122,165500,0,0,16779,274728,0.032676,1357,66572,0.007918,16791,341300,0.040594,8407551
2,2021-01-17,10557,418161,3561,245665,6996,172496,0,0,9821,283808,0.033756,751,67323,0.008007,9831,351131,0.041764,8407551
2,2021-01-18,19781,437942,11053,256718,8728,181224,0,0,14957,293984,0.034967,4843,72166,0.008583,15019,366150,0.04355,8407551
2,2021-01-19,32651,470593,16972,273690,15679,196903,0,0,24599,310649,0.036949,8050,80216,0.009541,24715,390865,0.04649,8407551
2,2021-01-20,37666,508259,18994,292684,18672,215575,0,0,29031,331168,0.039389,8604,88820,0.010564,29123,419988,0.049954,8407551
2,2021-01-21,41037,549296,17440,310124,23597,239172,0,0,36515,363373,0.04322,4490,93310,0.011098,36695,456683,0.054318,8407551
2,2021-01-22,39650,588946,16577,326701,23073,262245,0,0,36285,396304,0.047137,3382,96692,0.011501,36313,492996,0.058637,8407551
2,2021-01-23,24151,613097,10789,337490,13362,275607,0,0,21170,414544,0.049306,2961,99653,0.011853,21201,514197,0.061159,8407551
2,2021-01-24,12447,625544,6107,343597,6340,281947,0,0,11525,425178,0.050571,906,100559,0.011961,11540,525737,0.062532,8407551
2,2021-01-25,33949,659493,15614,359211,18335,300282,0,0,25094,441611,0.052526,8803,109362,0.013008,25236,550973,0.065533,8407551
2,2021-01-26,40417,699910,19788,378999,20629,320911,0,0,31169,463644,0.055146,9223,118585,0.014105,31256,582229,0.069251,8407551
2,2021-01-27,45708,745618,22657,401656,23051,343962,0,0,35342,488809,0.058139,10238,128823,0.015322,35403,617632,0.073462,8407551
2,2021-01-28,47946,793564,22377,424033,25569,369531,0,0,39192,519389,0.061776,8687,137510,0.016356,39267,656899,0.078132,8407551
2,2021-01-29,45646,839210,22005,446038,23641,393172,0,0,36852,547639,0.065137,8668,146178,0.017387,36918,693817,0.082523,8407551
2,2021-01-30,31298,870508,13321,459359,17977,411149,0,0,27886,572186,0.068056,3373,149551,0.017788,27920,721737,0.085844,8407551
2,2021-01-31,17174,887682,10214,469573,6960,418109,0,0,15956,586969,0.069815,1196,150747,0.01793,15979,737716,0.087744,8407551
2,2021-02-01,41140,928822,19714,489287,21426,439535,0,0,29990,605908,0.072067,11090,161837,0.019249,30029,767745,0.091316,8407551
2,2021-02-02,47943,976765,19467,508754,28476,468011,0,0,36381,630914,0.075041,11470,173307,0.020613,36476,804221,0.095655,8407551
2,2021-02-03,54066,1030831,23797,532551,30269,498280,0,0,39786,656621,0.078099,14176,187483,0.022299,39883,844104,0.100398,8407551
2,2021-02-04,56286,1087117,24157,556708,32129,530409,0,0,40954,682452,0.081171,15222,202705,0.02411,41053,885157,0.105281,8407551
2,2021-02-05,60194,1147311,26226,582934,33968,564377,0,0,40583,703824,0.083713,19399,222104,0.026417,40771,925928,0.110131,8407551
2,2021-02-06,39375,1186686,18363,601297,21012,585389,0,0,31376,727371,0.086514,7923,230027,0.02736,31470,957398,0.113874,8407551
2,2021-02-07,15732,1202418,10450,611747,5282,590671,0,0,11937,735614,0.087494,3764,233791,0.027807,12007,969405,0.115302,8407551
2,2021-02-08,43100,1245518,21887,633634,21213,611884,0,0,29489,751849,0.089425,13465,247256,0.029409,29700,999105,0.118834,8407551
2,2021-02-09,49646,1295164,23432,657066,26214,638098,0,0,30648,764152,0.090889,18696,265952,0.031633,30999,1030104,0.122521,8407551
2,2021-02-10,59653,1354817,27916,684982,31737,669835,0,0,34416,773981,0.092058,24943,290895,0.034599,34772,1064876,0.126657,8407551
2,2021-02-11,64337,1419154,29545,714527,34792,704627,0,0,35804,782120,0.093026,28166,319061,0.037949,36305,1101181,0.130975,8407551
2,2021-02-12,65635,1484789,28213,742740,37422,742049,0,0,34845,787152,0.093624,30477,349538,0.041574,35509,1136690,0.135199,8407551
2,2021-02-13,38133,1522922,15909,758649,22224,764273,0,0,22002,793510,0.094381,16025,365563,0.04348,22383,1159073,0.137861,8407551
2,2021-02-14,20155,1543077,9364,768013,10791,775064,0,0,11194,796163,0.094696,8908,374471,0.04454,11561,1170634,0.139236,8407551
2,2021-02-15,33312,1576389,15006,783019,18306,793370,0,0,18464,800773,0.095245,14709,389180,0.046289,19319,1189953,0.141534,8407551
2,2021-02-16,56564,1632953,27715,810734,28849,822219,0,0,29776,804560,0.095695,26666,415846,0.049461,30453,1220406,0.145156,8407551
2,2021-02-17,61885,1694838,31828,842562,30057,852276,0,0,30710,805025,0.09575,31072,446918,0.053157,31537,1251943,0.148907,8407551
2,2021-02-18,66530,1761368,33510,876072,33020,885296,0,0,32376,804672,0.095708,33886,480804,0.057187,33533,1285476,0.152895,8407551
2,2021-02-19,59877,1821245,33147,909219,26730,912026,0,0,29717,805033,0.095751,29962,510766,0.060751,30323,1315799,0.156502,8407551
2,2021-02-20,37853,1859098,24559,933778,13294,925320,0,0,20561,809093,0.096234,17184,527950,0.062795,21244,1337043,0.159029,8407551
2,2021-02-21,21781,1880879,17626,951404,4155,929475,0,0,10791,809793,0.096317,10893,538843,0.06409,11593,1348636,0.160408,8407551
2,2021-02-22,39527,1920406,26995,978399,12532,942007,0,0,18692,808487,0.096162,20678,559521,0.06655,19372,1368008,0.162712,8407551
2,2021-02-23,54004,1974410,27564,1005963,26440,968447,0,0,23664,803982,0.095626,30071,589592,0.070126,25566,1393574,0.165753,8407551
2,2021-02-24,71346,2045756,36727,1042690,34619,1003066,0,0,32701,800637,0.095228,38423,628015,0.074697,35078,1428652,0.169925,8407551
2,2021-02-25,77370,2123126,36581,1079271,40789,1043855,0,0,39261,804898,0.095735,37829,665844,0.079196,42090,1470742,0.174931,8407551
2,2021-02-26,85983,2209109,36831,1116102,49152,1093007,0,0,46227,813884,0.096804,39438,705282,0.083887,48424,1519166,0.180691,8407551
2,2021-02-27,63036,2272145,29300,1145402,33728,1126735,8,8,34143,820725,0.097618,28645,733927,0.087294,35486,1554652,0.184911,8407551
2,2021-02-28,30993,2303138,18577,1163979,12415,1139150,1,9,18013,826732,0.098332,12846,746773,0.088822,18853,1573505,0.187154,8407551
2,2021-03-01,58787,2361925,30696,1194675,28037,1167187,54,63,32040,833608,0.09915,26420,773193,0.091964,33296,1606801,0.191114,8407551
2,2021-03-02,70571,2432496,33847,1228522,36713,1203900,11,74,39490,844560,0.100453,30887,804080,0.095638,41839,1648640,0.19609,8407551
2,2021-03-03,81571,2514067,39313,1267835,42243,1246143,15,89,46085,857981,0.102049,35267,839347,0.099833,48688,1697328,0.201881,8407551
2,2021-03-04,89481,2603548,43802,1311637,45648,1291791,31,120,51536,874244,0.103983,37688,877035,0.104315,53951,1751279,0.208298,8407551
2,2021-03-05,83079,2686627,38972,1350609,43797,1335588,310,430,50569,895241,0.106481,32276,909311,0.108154,53273,1804552,0.214635,8407551
2,2021-03-06,63370,2749997,30933,1381542,30733,1366321,1704,2134,38862,912869,0.108577,24366,933677,0.111052,41994,1846546,0.219629,8407551
2,2021-03-07,28657,2778654,16284,1397826,10829,1377150,1544,3678,18165,923271,0.109814,10419,944096,0.112291,20821,1867367,0.222106,8407551
2,2021-03-08,50912,2829566,23337,1421163,25009,1402159,2566,6244,31966,940603,0.111876,18836,962932,0.114532,36168,1903535,0.226408,8407551
2,2021-03-09,70765,2900331,32229,1453392,34680,1436839,3856,10100,39154,953479,0.113407,31468,994400,0.118275,44344,1947879,0.231682,8407551
2,2021-03-10,78724,2979055,37240,1490632,34923,1471762,6561,16661,41734,966334,0.114936,36760,1031160,0.122647,49615,1997494,0.237583,8407551
2,2021-03-11,93456,3072511,43108,1533740,41965,1513727,8383,25044,48743,980460,0.116617,44383,1075543,0.127926,58509,2056003,0.244542,8407551
2,2021-03-12,94403,3166914,38841,1572581,43582,1557309,11980,37024,46959,993618,0.118182,47174,1122717,0.133537,60332,2116335,0.251718,8407551
2,2021-03-13,69347,3236261,29010,1601591,32325,1589634,8012,45036,38077,1009866,0.120114,31130,1153847,0.137239,47378,2163713,0.257354,8407551
2,2021-03-14,37071,3273332,18328,1619919,14222,1603856,4521,49557,18606,1015377,0.12077,18356,1172203,0.139423,23867,2187580,0.260192,8407551
2,2021-03-15,67556,3340888,30485,1650404,32060,1635916,5011,54568,37187,1028527,0.122334,30137,1202340,0.143007,43287,2230867,0.265341,8407551
2,2021-03-16,86500,3427388,38291,1688695,44178,1680094,4031,58599,52240,1051879,0.125111,34042,1236382,0.147056,57394,2288261,0.272167,8407551
2,2021-03-17,93074,3520462,44576,1733271,44297,1724391,4201,62800,58907,1081924,0.128685,33878,1270260,0.151086,63923,2352184,0.27977,8407551
2,2021-03-18,98423,3618885,46948,1780219,46878,1771269,4597,67397,59705,1108390,0.131833,38386,1308646,0.155651,64852,2417036,0.287484,8407551
2,2021-03-19,97715,3716600,46239,1826458,45335,1816604,6141,73538,57689,1133034,0.134764,39699,1348345,0.160373,64343,2481379,0.295137,8407551
2,2021-03-20,70203,3786803,34003,1860461,32216,1848820,3984,77522,45749,1158914,0.137842,24211,1372556,0.163253,50091,2531470,0.301095,8407551
2,2021-03-21,33495,3820298,21633,1882094,9860,1858680,2002,79524,19978,1167960,0.138918,13364,1385920,0.164842,22410,2553880,0.30376,8407551
2,2021-03-22,62994,3883292,34670,1916764,25690,1884370,2634,82158,41674,1192089,0.141788,21074,1406994,0.167349,45203,2599083,0.309137,8407551
2,2021-03-23,84105,3967397,44689,1961453,36496,1920866,2920,85078,52202,1216450,0.144685,31603,1438597,0.171108,55964,2655047,0.315793,8407551
2,2021-03-24,92072,4059469,49442,2010895,39455,1960321,3175,88253,53681,1236077,0.14702,38044,1476641,0.175633,57671,2712718,0.322653,8407551
2,2021-03-25,101702,4161171,51268,2062163,46535,2006856,3899,92152,57169,1253755,0.149122,44149,1520790,0.180884,61827,2774545,0.330006,8407551
2,2021-03-26,103820,4264991,51417,2113580,48905,2055761,3498,95650,56409,1267697,0.150781,47003,1567793,0.186474,60945,2835490,0.337255,8407551
2,2021-03-27,75941,4340932,37870,2151450,34763,2090524,3308,98958,37823,1271845,0.151274,37842,1605635,0.190975,41990,2877480,0.342249,8407551
2,2021-03-28,37870,4378802,23392,2174842,13666,2104190,812,99770,20151,1276070,0.151777,17585,1623220,0.193067,21810,2899290,0.344844,8407551
2,2021-03-29,71636,4450438,36423,2211265,32937,2137127,2276,102046,40520,1288881,0.1533,30889,1654109,0.196741,43700,2942990,0.350041,8407551
2,2021-03-30,92294,4542732,45245,2256510,42669,2179796,4380,106426,51584,1304958,0.155213,40490,1694599,0.201557,56567,2999557,0.356769,8407551
2,2021-03-31,101491,4644223,52306,2308816,44063,2223859,5122,111548,57360,1323982,0.157475,43806,1738405,0.206767,62830,3062387,0.364242,8407551
2,2021-04-01,118006,4762229,56950,2365766,51795,2275654,9261,120809,64048,1344165,0.159876,53521,1791926,0.213133,73704,3136091,0.373009,8407551
2,2021-04-02,111982,4874211,51568,2417334,50189,2325843,10225,131034,59832,1362934,0.162108,51743,1843669,0.219287,70512,3206603,0.381396,8407551
2,2021-04-03,76985,4951196,37833,2455167,29317,2355160,9835,140869,38096,1372564,0.163254,38674,1882343,0.223887,48304,3254907,0.387141,8407551
2,2021-04-04,29034,4980230,14938,2470105,10235,2365395,3861,144730,13016,1373564,0.163373,15906,1898249,0.225779,16906,3271813,0.389152,8407551
2,2021-04-05,79397,5059627,38888,2508993,31652,2397047,8857,153587,38243,1380435,0.16419,40963,1939212,0.230651,47834,3319647,0.394841,8407551
2,2021-04-06,104193,5163820,50738,2559731,38720,2435767,14735,168322,49307,1390269,0.16536,54592,1993804,0.237144,64426,3384073,0.402504,8407551
2,2021-04-07,110737,5274557,55227,2614958,39213,2474980,16297,184619,52047,1400476,0.166574,58380,2052184,0.244088,68587,3452660,0.410662,8407551
2,2021-04-08,119628,5394185,57568,2672526,43277,2518257,18783,203402,55463,1411473,0.167882,63781,2115965,0.251674,74778,3527438,0.419556,8407551
2,2021-04-09,119134,5513319,57314,2729840,43683,2561940,18137,221539,56316,1424322,0.16941,62430,2178395,0.2591,75279,3602717,0.42851,8407551
2,2021-04-10,87757,5601076,37863,2767703,31442,2593382,18452,239991,36123,1428194,0.16987,51367,2229762,0.265209,55239,3657956,0.43508,8407551
2,2021-04-11,44527,5645603,23097,2790800,12953,2606335,8477,248468,18208,1429425,0.170017,26168,2255930,0.268322,27399,3685355,0.438339,8407551
2,2021-04-12,80275,5725878,37353,2828153,33475,2639810,9447,257915,35715,1431294,0.170239,44280,2300210,0.273589,46149,3731504,0.443828,8407551
2,2021-04-13,102120,5827998,53025,2881178,48833,2688643,262,258177,55844,1442302,0.171548,45992,2346202,0.279059,57000,3788504,0.450607,8407551
2,2021-04-14,106942,5934940,56018,2937196,50870,2739513,54,258231,54529,1446227,0.172015,52095,2398297,0.285255,56020,3844524,0.45727,8407551
2,2021-04-15,113312,6048252,60131,2997327,53095,2792608,86,258317,58994,1452468,0.172758,53909,2452206,0.291667,60150,3904674,0.464425,8407551
2,2021-04-16,110977,6159229,57517,3054844,53405,2846013,55,258372,56261,1455287,0.173093,54349,2506555,0.298131,57168,3961842,0.471224,8407551
2,2021-04-17,83637,6242866,42536,3097380,41087,2887100,14,258386,46665,1466119,0.174381,36714,2543269,0.302498,47546,4009388,0.476879,8407551
2,2021-04-18,35753,6278619,21656,3119036,14090,2901190,7,258393,17014,1465525,0.174311,18597,2561866,0.30471,18003,4027391,0.479021,8407551
2,2021-04-19,74942,6353561,40322,3159358,34602,2935792,18,258411,34029,1459563,0.173601,40630,2602496,0.309543,34668,4062059,0.483144,8407551
2,2021-04-20,97627,6451188,49371,3208729,48229,2984021,27,258438,47104,1457272,0.173329,50165,2652661,0.315509,47874,4109933,0.488838,8407551
2,2021-04-21,103959,6555147,56270,3264999,47628,3031649,61,258499,49009,1452852,0.172803,54459,2707120,0.321987,50039,4159972,0.49479,8407551
2,2021-04-22,108494,6663641,56088,3321087,52381,3084030,25,258524,47405,1440532,0.171338,60644,2767764,0.3292,48324,4208296,0.500538,8407551
2,2021-04-23,108066,6771707,57497,3378584,50550,3134580,19,258543,49862,1433570,0.17051,57767,2825531,0.336071,50805,4259101,0.50658,8407551
2,2021-04-24,81059,6852766,47713,3426297,33306,3167886,40,258583,42171,1438193,0.17106,38525,2864056,0.340653,43148,4302249,0.511713,8407551
2,2021-04-25,36632,6889398,22558,3448855,14059,3181945,15,258598,19909,1442018,0.171515,16565,2880621,0.342623,20390,4322639,0.514138,8407551
2,2021-04-26,74379,6963777,41198,3490053,32873,3214818,308,258906,34193,1438068,0.171045,39901,2920522,0.347369,35951,4358590,0.518414,8407551
2,2021-04-27,88460,7052237,46665,3536718,40429,3255247,1366,260272,37928,1428471,0.169903,50133,2970655,0.353332,40536,4399126,0.523235,8407551
2,2021-04-28,88372,7140609,47223,3583941,39275,3294522,1874,262146,38992,1421229,0.169042,49024,3019679,0.359163,41782,4440908,0.528205,8407551
2,2021-04-29,91362,7231971,49756,3633697,39889,3334411,1717,263863,35440,1403475,0.16693,55512,3075191,0.365765,37758,4478666,0.532696,8407551
2,2021-04-30,95031,7327002,52509,3686206,40513,3374924,2009,265872,36894,1385379,0.164778,57656,3132847,0.372623,39560,4518226,0.537401,8407551
2,2021-05-01,62665,7389667,38223,3724429,22851,3397775,1591,267463,24407,1374302,0.16346,37925,3170772,0.377134,26848,4545074,0.540594,8407551
2,2021-05-02,29277,7418944,20363,3744792,7935,3405710,979,268442,11111,1368451,0.162765,18029,3188801,0.379278,12178,4557252,0.542043,8407551
2,2021-05-03,60696,7479640,36026,3780818,22606,3428316,2064,270506,20391,1351155,0.160707,40015,3228816,0.384038,22719,4579971,0.544745,8407551
2,2021-05-04,80136,7559776,47860,3828678,29883,3458199,2393,272899,26019,1326204,0.15774,53756,3282572,0.390431,28805,4608776,0.548171,8407551
2,2021-05-05,80708,7640484,48069,3876747,30288,3488487,2351,275250,25253,1299120,0.154518,55055,3337627,0.39698,27971,4636747,0.551498,8407551
2,2021-05-06,83193,7723677,50518,3927265,29746,3518233,2929,278179,25332,1270657,0.151133,57361,3394988,0.403802,28898,4665645,0.554935,8407551
2,2021-05-07,83911,7807588,48442,3975707,33038,3551271,2431,280610,25789,1241618,0.147679,57717,3452705,0.410667,28678,4694323,0.558346,8407551
2,2021-05-08,55775,7863363,33805,4009512,20247,3571518,1723,282333,17483,1223509,0.145525,38046,3490751,0.415192,19937,4714260,0.560717,8407551
2,2021-05-09,21878,7885241,15743,4025255,5384,3576902,751,283084,6366,1215437,0.144565,15420,3506171,0.417026,7348,4721608,0.561591,8407551
2,2021-05-10,50337,7935578,27425,4052680,21033,3597935,1879,284963,14199,1196249,0.142283,35872,3542043,0.421293,16684,4738292,0.563576,8407551
2,2021-05-11,66425,8002003,36005,4088685,28293,3626228,2127,287090,20003,1172960,0.139513,46109,3588152,0.426777,22820,4761112,0.56629,8407551
2,2021-05-12,65330,8067333,34819,4123504,28287,3654515,2224,289314,19219,1149025,0.136666,45794,3633946,0.432224,21859,4782971,0.56889,8407551
2,2021-05-13,71085,8138418,41306,4164810,27829,3682344,1950,291264,26034,1132998,0.13476,44753,3678699,0.437547,28726,4811697,0.572307,8407551
2,2021-05-14,80066,8218484,47983,4212793,29819,3712163,2264,293528,30757,1117733,0.132944,48931,3727630,0.443367,33666,4845363,0.576311,8407551
2,2021-05-15,66502,8284986,43676,4256469,21107,3733270,1719,295247,25764,1105130,0.131445,40481,3768111,0.448182,27878,4873241,0.579627,8407551
2,2021-05-16,31669,8316655,23675,4280144,7068,3740338,926,296173,12864,1100384,0.13088,18665,3786776,0.450402,13919,4887160,0.581282,8407551
2,2021-05-17,58151,8374806,36832,4316976,19368,3759706,1951,298124,22914,1090629,0.12972,34985,3821761,0.454563,25230,4912390,0.584283,8407551
2,2021-05-18,70252,8445058,41116,4358092,27169,3786875,1967,300091,27908,1078984,0.128335,42061,3863822,0.459566,30416,4942806,0.587901,8407551
2,2021-05-19,68861,8513919,40736,4398828,26113,3812988,2012,302103,27230,1067377,0.126955,41316,3905138,0.46448,29709,4972515,0.591434,8407551
2,2021-05-20,69487,8583406,40278,4439106,27023,3840011,2186,304289,26382,1053767,0.125336,42767,3947905,0.469567,29157,5001672,0.594902,8407551
2,2021-05-21,72841,8656247,42992,4482098,27691,3867702,2158,306447,27631,1039265,0.123611,44845,3992750,0.4749,30343,5032015,0.598511,8407551
2,2021-05-22,53402,8709649,33827,4515925,17801,3885503,1774,308221,22264,1032938,0.122858,30902,4023652,0.478576,24575,5056590,0.601434,8407551
2,2021-05-23,24410,8734059,16652,4532577,7033,3892536,725,308946,10247,1030018,0.122511,14032,4037684,0.480245,11112,5067702,0.602756,8407551
2,2021-05-24,44762,8778821,25418,4557995,17576,3910112,1768,310714,17162,1021912,0.121547,27378,4065062,0.483501,19272,5086974,0.605048,8407551
2,2021-05-25,50724,8829545,29687,4587682,19173,3929285,1864,312578,19247,1012393,0.120415,31171,4096233,0.487209,21652,5108626,0.607624,8407551
2,2021-05-26,48672,8878217,27245,4614927,19741,3949026,1686,314264,18981,1004043,0.119422,29359,4125592,0.490701,21009,5129635,0.610122,8407551
2,2021-05-27,46542,8924759,26373,4641300,18437,3967463,1732,315996,18559,997101,0.118596,27738,4153330,0.494,20796,5150431,0.612596,8407551
2,2021-05-28,50000,8974759,27613,4668913,20416,3987879,1971,317967,20974,991709,0.117955,28766,4182096,0.497421,23374,5173805,0.615376,8407551
2,2021-05-29,28967,9003726,17354,4686267,10554,3998433,1059,319026,13223,990576,0.11782,15587,4197683,0.499275,14454,5188259,0.617095,8407551
2,2021-05-30,12663,9016389,8159,4694426,3739,4002172,765,319791,5524,989852,0.117734,7079,4204762,0.500117,6355,5194614,0.617851,8407551
2,2021-05-31,5882,9022271,3434,4697860,2145,4004317,303,320094,1824,988030,0.117517,3998,4208760,0.500593,2176,5196790,0.61811,8407551
2,2021-06-01,44755,9067026,25700,4723560,17391,4021708,1664,321758,15567,976754,0.116176,28883,4237643,0.504028,17607,5214397,0.620204,8407551
2,2021-06-02,38192,9105218,22465,4746025,14319,4036027,1408,323166,14926,970389,0.115419,23000,4260643,0.506764,16635,5231032,0.622183,8407551
2,2021-06-03,41354,9146572,26615,4772640,13269,4049296,1470,324636,13880,958893,0.114051,27230,4287873,0.510003,15734,5246766,0.624054,8407551
2,2021-06-04,47980,9194552,31339,4803979,15102,4064398,1539,326175,15459,944195,0.112303,32221,4320094,0.513835,17523,5264289,0.626138,8407551
2,2021-06-05,37843,9232395,26983,4830962,9397,4073795,1463,327638,11784,932033,0.110857,25829,4345923,0.516907,13667,5277956,0.627764,8407551
2,2021-06-06,14894,9247289,12217,4843179,2098,4075893,579,328217,4660,927293,0.110293,10169,4356092,0.518117,5429,5283385,0.62841,8407551
2,2021-06-07,33273,9280562,23272,4866451,8724,4084617,1277,329494,10793,917277,0.109102,22331,4378423,0.520773,12315,5295700,0.629874,8407551
2,2021-06-08,40605,9321167,28736,4895187,10502,4095119,1367,330861,12443,903553,0.107469,27915,4406338,0.524093,14191,5309891,0.631562,8407551
2,2021-06-09,38122,9359289,26610,4921797,10016,4105135,1496,332357,11518,890487,0.105915,26408,4432746,0.527234,13342,5323233,0.633149,8407551
2,2021-06-10,37749,9397038,26241,4948038,9982,4115117,1526,333883,11586,878108,0.104443,25964,4458710,0.530322,13585,5336818,0.634765,8407551
2,2021-06-11,41244,9438282,27369,4975407,12205,4127322,1670,335553,13197,865492,0.102942,27782,4486492,0.533626,15166,5351984,0.636569,8407551
2,2021-06-12,29386,9467668,21619,4997026,6855,4134177,912,336465,8663,854708,0.10166,20584,4507076,0.536075,9800,5361784,0.637734,8407551
2,2021-06-13,12210,9479878,8913,5005939,2678,4136855,619,337084,3101,849551,0.101046,9045,4516121,0.537151,3888,5365672,0.638197,8407551
2,2021-06-14,29882,9509760,21199,5027138,7486,4144341,1197,338281,10350,841940,0.100141,19366,4535487,0.539454,11755,5377427,0.639595,8407551
2,2021-06-15,35537,9545297,23641,5050779,9848,4154189,2048,340329,11945,832954,0.099072,23355,4558842,0.542232,14369,5391796,0.641304,8407551
2,2021-06-16,32974,9578271,22747,5073526,8435,4162624,1792,342121,11377,825006,0.098127,21427,4580269,0.54478,13479,5405275,0.642907,8407551
2,2021-06-17,30792,9609063,20557,5094083,8438,4171062,1797,343918,10872,818139,0.09731,19746,4600015,0.547129,12879,5418154,0.644439,8407551
2,2021-06-18,34704,9643767,22865,5116948,9965,4181027,1874,345792,12649,811086,0.096471,21835,4621850,0.549726,14782,5432936,0.646197,8407551
2,2021-06-19,20907,9664674,14550,5131498,5097,4186124,1260,347052,7894,807588,0.096055,12849,4634699,0.551254,9351,5442287,0.647309,8407551
2,2021-06-20,8272,9672946,5910,5137408,1897,4188021,465,347517,3059,806010,0.095867,5170,4639869,0.551869,3592,5445879,0.647737,8407551
2,2021-06-21,19311,9692257,11814,5149222,6178,4194199,1319,348836,9870,808057,0.096111,9323,4649192,0.552978,11370,5457249,0.649089,8407551
2,2021-06-22,26857,9719114,18390,5167612,7091,4201290,1376,350212,10529,804072,0.095637,16164,4665356,0.554901,12179,5469428,0.650538,8407551
2,2021-06-23,25881,9744995,17864,5185476,6397,4207687,1620,351832,10539,801327,0.09531,15201,4680557,0.556709,12456,5481884,0.652019,8407551
2,2021-06-24,25309,9770304,17224,5202700,6566,4214253,1519,353351,10444,798804,0.09501,14718,4695275,0.558459,12195,5494079,0.65347,8407551
2,2021-06-25,28696,9799000,19453,5222153,7754,4222007,1489,354840,11986,795965,0.094673,16549,4711824,0.560428,13710,5507789,0.6551,8407551
2,2021-06-26,18491,9817491,13623,5235776,3940,4225947,928,355768,7523,793787,0.094414,10879,4722703,0.561722,8701,5516490,0.656135,8407551
2,2021-06-27,8769,9826260,6693,5242469,1631,4227578,445,356213,3516,792668,0.09428,5203,4727906,0.56234,4084,5520574,0.656621,8407551
2,2021-06-28,19717,9845977,14976,5257445,3501,4231079,1240,357453,8676,791863,0.094185,10911,4738817,0.563638,10106,5530680,0.657823,8407551
2,2021-06-29,22607,9868584,15758,5273203,5776,4236855,1073,358526,9630,789959,0.093958,12843,4751660,0.565166,10939,5541619,0.659124,8407551
2,2021-06-30,21846,9890430,15483,5288686,5340,4242195,1023,359549,9717,788936,0.093837,11991,4763651,0.566592,10968,5552587,0.660429,8407551
2,2021-07-01,19709,9910139,13930,5302616,4904,4247099,875,360424,8756,787938,0.093718,10833,4774484,0.56788,9835,5562422,0.661598,8407551
2,2021-07-02,22648,9932787,15618,5318234,6004,4253103,1026,361450,9994,786662,0.093566,12497,4786981,0.569367,11221,5573643,0.662933,8407551
2,2021-07-03,12445,9945232,8976,5327210,2999,4256102,470,361920,5684,786271,0.09352,6665,4793646,0.57016,6274,5579917,0.663679,8407551
2,2021-07-04,995,9946227,587,5327797,341,4256443,67,361987,429,786235,0.093515,555,4794201,0.570226,519,5580436,0.663741,8407551
2,2021-07-05,10969,9957196,8023,5335820,2538,4258981,408,362395,5035,785929,0.093479,5875,4800076,0.570924,5569,5586005,0.664403,8407551
2,2021-07-06,23526,9980722,17109,5352929,5444,4264425,973,363368,9081,781959,0.093007,14301,4814377,0.572625,10331,5596336,0.665632,8407551
2,2021-07-07,20430,10001152,14572,5367501,4761,4269186,1097,364465,8675,780378,0.092819,11617,4825994,0.574007,10036,5606372,0.666826,8407551
2,2021-07-08,18992,10020144,13227,5380728,4737,4273923,1028,365493,8011,778743,0.092624,10877,4836871,0.575301,9242,5615614,0.667925,8407551
2,2021-07-09,22320,10042464,15447,5396175,5631,4279554,1242,366735,9420,776844,0.092398,12768,4849639,0.576819,10869,5626483,0.669218,8407551
2,2021-07-10,14090,10056554,10385,5406560,3018,4282572,687,367422,6169,776031,0.092302,7828,4857467,0.577751,7015,5633498,0.670052,8407551
2,2021-07-11,6538,10063092,4802,5411362,1387,4283959,349,367771,3084,776124,0.092313,3409,4860876,0.578156,3502,5637000,0.670469,8407551
2,2021-07-12,18086,10081178,13290,5424652,3932,4287891,864,368635,7779,774773,0.092152,10195,4871071,0.579369,8844,5645844,0.671521,8407551
2,2021-07-13,19322,10100500,13631,5438283,4808,4292699,883,369518,8632,773933,0.092052,10551,4881622,0.580624,9711,5655555,0.672676,8407551
2,2021-07-14,18475,10118975,13195,5451478,4503,4297202,777,370295,8242,773051,0.091947,10112,4891734,0.581826,9230,5664785,0.673773,8407551
2,2021-07-15,18616,10137591,13510,5464988,4412,4301614,694,370989,8457,772368,0.091866,10048,4901782,0.583021,9365,5674150,0.674887,8407551
2,2021-07-16,22559,10160150,16242,5481230,5494,4307108,823,371812,10782,772528,0.091885,11647,4913429,0.584407,11807,5685957,0.676292,8407551
2,2021-07-17,14189,10174339,10337,5491567,3322,4310430,530,372342,6858,772810,0.091919,7240,4920669,0.585268,7522,5693479,0.677186,8407551
2,2021-07-18,6963,10181302,5205,5496772,1434,4311864,324,372666,3532,773346,0.091982,3388,4924057,0.585671,3924,5697403,0.677653,8407551
2,2021-07-19,18211,10199513,13569,5510341,3912,4315776,730,373396,9029,774222,0.092087,9068,4933125,0.586749,9944,5707347,0.678836,8407551
2,2021-07-20,20569,10220082,14661,5525002,5077,4320853,831,374227,10405,775642,0.092255,10035,4943160,0.587943,11455,5718802,0.680198,8407551
2,2021-07-21,20108,10240190,14631,5539633,4719,4325572,758,374985,10404,777424,0.092467,9577,4952737,0.589082,11359,5730161,0.681549,8407551
2,2021-07-22,20037,10260227,14311,5553944,4886,4330458,840,375825,10708,779961,0.092769,9185,4961922,0.590174,11722,5741883,0.682944,8407551
2,2021-07-23,24013,10284240,16805,5570749,6185,4336643,1023,376848,13091,783500,0.09319,10773,4972695,0.591456,14312,5756195,0.684646,8407551
2,2021-07-24,14603,10298843,10536,5581285,3576,4340219,491,377339,8150,785908,0.093476,6347,4979042,0.592211,8755,5764950,0.685687,8407551
2,2021-07-25,6589,10305432,4838,5586123,1615,4341834,136,377475,4872,789281,0.093878,1675,4980717,0.59241,5048,5769998,0.686288,8407551
2,2021-07-26,18653,10324085,13174,5599297,4725,4346559,754,378229,11797,795217,0.094584,6742,4987459,0.593212,12678,5782676,0.687796,8407551
2,2021-07-27,22337,10346422,16163,5615460,5341,4351900,833,379062,13098,800207,0.095177,9090,4996549,0.594293,14080,5796756,0.68947,8407551
2,2021-07-28,22252,10368674,15929,5631389,5443,4357343,880,379942,13151,805478,0.095804,8944,5005493,0.595357,14215,5810971,0.691161,8407551
2,2021-07-29,20956,10389630,15048,5646437,5056,4362399,852,380794,12651,810959,0.096456,8170,5013663,0.596329,13651,5824622,0.692785,8407551
2,2021-07-30,25522,10415152,18255,5664692,6368,4368767,899,381693,15315,817356,0.097217,10021,5023684,0.59752,16418,5841040,0.694737,8407551
2,2021-07-31,15400,10430552,11369,5676061,3545,4372312,486,382179,9321,821332,0.09769,5959,5029643,0.598229,9935,5850975,0.695919,8407551
2,2021-08-01,7885,10438437,6085,5682146,1634,4373946,166,382345,5153,824033,0.098011,2678,5032321,0.598548,5379,5856354,0.696559,8407551
2,2021-08-02,20659,10459096,15542,5697688,4390,4378336,727,383072,13085,830513,0.098782,7440,5039761,0.599433,13920,5870274,0.698214,8407551
2,2021-08-03,23151,10482247,16944,5714632,5276,4383612,931,384003,14397,837351,0.099595,8612,5048373,0.600457,15450,5885724,0.700052,8407551
2,2021-08-04,14086,10496333,10356,5724988,3100,4386712,630,384633,8705,841476,0.100086,5300,5053673,0.601087,9425,5895149,0.701173,8407551
3,2020-12-15,322,322,322,322,0,0,0,0,322,322,4e-05,0,0,0.0,322,322,4e-05,8129050
3,2020-12-16,2467,2789,2467,2789,0,0,0,0,2468,2790,0.000343,0,0,0.0,2468,2790,0.000343,8129050
3,2020-12-17,7857,10646,7857,10646,0,0,0,0,7857,10647,0.00131,0,0,0.0,7857,10647,0.00131,8129050
3,2020-12-18,13461,24107,13443,24089,18,18,0,0,13460,24107,0.002966,0,0,0.0,13460,24107,0.002966,8129050
3,2020-12-19,7270,31377,7257,31346,13,31,0,0,7333,31440,0.003868,0,0,0.0,7333,31440,0.003868,8129050
3,2020-12-20,5667,37044,5657,37003,10,41,0,0,5714,37153,0.00457,1,1,0.0,5714,37154,0.004571,8129050
3,2020-12-21,14386,51430,14360,51363,26,67,0,0,14450,51602,0.006348,1,2,0.0,14450,51604,0.006348,8129050
3,2020-12-22,14846,66276,14265,65628,581,648,0,0,14883,66482,0.008178,3,5,1e-06,14883,66487,0.008179,8129050
3,2020-12-23,14851,81127,12247,77875,2604,3252,0,0,14867,81348,0.010007,2,7,1e-06,14868,81355,0.010008,8129050
3,2020-12-24,6797,87924,4877,82752,1920,5172,0,0,6794,88140,0.010843,2,9,1e-06,6794,88149,0.010844,8129050
3,2020-12-25,724,88648,666,83418,58,5230,0,0,722,88862,0.010931,0,9,1e-06,722,88871,0.010933,8129050
3,2020-12-26,4624,93272,3000,86418,1624,6854,0,0,4622,93484,0.0115,0,9,1e-06,4622,93493,0.011501,8129050
3,2020-12-27,2985,96257,1854,88272,1131,7985,0,0,2985,96469,0.011867,0,9,1e-06,2985,96478,0.011868,8129050
3,2020-12-28,13650,109907,8731,97003,4919,12904,0,0,13674,110142,0.013549,1,10,1e-06,13674,110152,0.01355,8129050
3,2020-12-29,15059,124966,8472,105475,6587,19491,0,0,15086,125226,0.015405,2,12,1e-06,15086,125238,0.015406,8129050
3,2020-12-30,18073,143039,10079,115554,7994,27485,0,0,18078,143303,0.017629,2,14,2e-06,18079,143317,0.01763,8129050
3,2020-12-31,8458,151497,3247,118801,5211,32696,0,0,8457,151758,0.018669,2,16,2e-06,8457,151774,0.018671,8129050
3,2021-01-01,1611,153108,766,119567,845,33541,0,0,1608,153365,0.018866,1,17,2e-06,1608,153382,0.018868,8129050
3,2021-01-02,4946,158054,2427,121994,2519,36060,0,0,4946,158311,0.019475,0,17,2e-06,4946,158328,0.019477,8129050
3,2021-01-03,1619,159673,852,122846,767,36827,0,0,1610,159919,0.019673,2,19,2e-06,1610,159938,0.019675,8129050
3,2021-01-04,12060,171733,5972,128818,6088,42915,0,0,12031,171942,0.021152,8,27,3e-06,12031,171969,0.021155,8129050
3,2021-01-05,15753,187486,8157,136975,7596,50511,0,0,14078,184390,0.022683,1660,1687,0.000208,14108,186077,0.02289,8129050
3,2021-01-06,20635,208121,10917,147892,9718,60229,0,0,16069,195950,0.024105,4519,6206,0.000763,16079,202156,0.024868,8129050
3,2021-01-07,26695,234816,15264,163156,11431,71660,0,0,17203,203715,0.02506,9455,15661,0.001927,17220,219376,0.026987,8129050
3,2021-01-08,30704,265520,18766,181922,11938,83598,0,0,18200,209456,0.025766,12482,28143,0.003462,18223,237599,0.029228,8129050
3,2021-01-09,12473,277993,7053,188975,5420,89018,0,0,7935,212869,0.026186,4531,32674,0.004019,7944,245543,0.030206,8129050
3,2021-01-10,7235,285228,4490,193465,2745,91763,0,0,4072,213786,0.026299,3161,35835,0.004408,4078,249621,0.030707,8129050
3,2021-01-11,29181,314409,19100,212565,10081,101844,0,0,16517,217694,0.02678,12656,48491,0.005965,16564,266185,0.032745,8129050
3,2021-01-12,32657,347066,19501,232066,13156,115000,0,0,20006,225219,0.027705,12629,61120,0.007519,20154,286339,0.035224,8129050
3,2021-01-13,34608,381674,18060,250126,16548,131548,0,0,24371,239390,0.029449,10222,71342,0.008776,24393,310732,0.038225,8129050
3,2021-01-14,34800,416474,14226,264352,20574,152122,0,0,28865,262399,0.032279,5894,77236,0.009501,28903,339635,0.04178,8129050
3,2021-01-15,39053,455527,14466,278818,24587,176709,0,0,34358,292154,0.03594,4676,81912,0.010076,34431,374066,0.046016,8129050
3,2021-01-16,21805,477332,7435,286253,14370,191079,0,0,19469,309319,0.038051,2325,84237,0.010362,19490,393556,0.048414,8129050
3,2021-01-17,13162,490494,4466,290719,8696,199775,0,0,12120,320418,0.039416,1041,85278,0.010491,12140,405696,0.049907,8129050
3,2021-01-18,24807,515301,12962,303681,11845,211620,0,0,19190,334046,0.041093,5605,90883,0.01118,19233,424929,0.052273,8129050
3,2021-01-19,41168,556469,20918,324599,20250,231870,0,0,32030,357061,0.043924,9102,99985,0.0123,32117,457046,0.056224,8129050
3,2021-01-20,46279,602748,23051,347650,23228,255098,0,0,36688,384290,0.047274,9543,109528,0.013474,36772,493818,0.060747,8129050
3,2021-01-21,48141,650889,20886,368536,27255,282353,0,0,42611,421517,0.051853,5462,114990,0.014146,42689,536507,0.065999,8129050
3,2021-01-22,49851,700740,19865,388401,29986,312339,0,0,45612,462992,0.056955,4210,119200,0.014663,45685,582192,0.071619,8129050
3,2021-01-23,30394,731134,12817,401218,17577,329916,0,0,27090,486841,0.059889,3296,122496,0.015069,27145,609337,0.074958,8129050
3,2021-01-24,17905,749039,8497,409715,9408,339324,0,0,16714,502398,0.061803,1188,123684,0.015215,16745,626082,0.077018,8129050
3,2021-01-25,40923,789962,18235,427950,22688,362012,0,0,30917,523428,0.06439,9978,133662,0.016443,31008,657090,0.080832,8129050
3,2021-01-26,47438,837400,22639,450589,24799,386811,0,0,37229,550587,0.067731,10176,143838,0.017694,37335,694425,0.085425,8129050
3,2021-01-27,51563,888963,24538,475127,27025,413836,0,0,40865,580908,0.071461,10626,154464,0.019001,40947,735372,0.090462,8129050
3,2021-01-28,52045,941008,24141,499268,27904,441740,0,0,43066,615139,0.075672,8894,163358,0.020096,43125,778497,0.095767,8129050
3,2021-01-29,51157,992165,24531,523799,26626,468366,0,0,41361,646934,0.079583,9618,172976,0.021279,41413,819910,0.100862,8129050
3,2021-01-30,37439,1029604,17772,541571,19667,488033,0,0,32710,675056,0.083042,4674,177650,0.021854,32796,852706,0.104896,8129050
3,2021-01-31,22501,1052105,12797,554368,9704,497737,0,0,21078,694747,0.085465,1408,179058,0.022027,21099,873805,0.107492,8129050
3,2021-02-01,46051,1098156,21058,575426,24993,522730,0,0,35086,718955,0.088443,10913,189971,0.023369,35121,908926,0.111812,8129050
3,2021-02-02,54613,1152769,22779,598205,31834,554564,0,0,42104,748700,0.092102,12410,202381,0.024896,42155,951081,0.116998,8129050
3,2021-02-03,60225,1212994,26725,624930,33500,588064,0,0,44769,778217,0.095733,15325,217706,0.026781,44842,995923,0.122514,8129050
3,2021-02-04,64591,1277585,27954,652884,36637,624701,0,0,47278,808498,0.099458,17114,234820,0.028887,47395,1043318,0.128344,8129050
3,2021-02-05,70561,1348146,29807,682691,40754,665455,0,0,48708,835780,0.102814,21608,256428,0.031545,48890,1092208,0.134359,8129050
3,2021-02-06,43754,1391900,20978,703669,22776,688231,0,0,34080,860418,0.105845,9628,266056,0.032729,34266,1126474,0.138574,8129050
3,2021-02-07,19765,1411665,12572,716241,7193,695424,0,0,15158,871115,0.107161,4587,270643,0.033293,15284,1141758,0.140454,8129050
3,2021-02-08,51655,1463320,24949,741190,26706,722130,0,0,33845,887484,0.109174,17669,288312,0.035467,34038,1175796,0.144641,8129050
3,2021-02-09,58916,1522236,28530,769720,30386,752516,0,0,34449,898095,0.11048,24188,312500,0.038442,34799,1210595,0.148922,8129050
3,2021-02-10,68527,1590763,31892,801612,36635,789151,0,0,36722,903820,0.111184,31507,344007,0.042318,37232,1247827,0.153502,8129050
3,2021-02-11,70946,1661709,34874,836486,36072,825223,0,0,37680,909128,0.111837,32916,376923,0.046367,38224,1286051,0.158204,8129050
3,2021-02-12,75812,1737521,32694,869180,43118,868341,0,0,41748,917901,0.112916,33752,410675,0.050519,42525,1328576,0.163436,8129050
3,2021-02-13,45326,1782847,20540,889720,24786,893127,0,0,26076,925427,0.113842,19133,429808,0.052873,26659,1355235,0.166715,8129050
3,2021-02-14,27453,1810300,13718,903438,13735,906862,0,0,15220,928935,0.114274,12166,441974,0.05437,15674,1370909,0.168643,8129050
3,2021-02-15,40334,1850634,17369,920807,22965,929827,0,0,22263,934180,0.114919,17959,459933,0.056579,23204,1394113,0.171498,8129050
3,2021-02-16,70566,1921200,33385,954192,37181,967008,0,0,36617,938029,0.115392,33801,493734,0.060737,37650,1431763,0.176129,8129050
3,2021-02-17,72423,1993623,36577,990769,35846,1002854,0,0,34297,935515,0.115083,37886,531620,0.065398,35372,1467135,0.18048,8129050
3,2021-02-18,77533,2071156,40486,1031255,37047,1039901,0,0,35818,931163,0.114548,41515,573135,0.070505,37163,1504298,0.185052,8129050
3,2021-02-19,69626,2140782,40129,1071384,29497,1069398,0,0,35117,932636,0.114729,34343,607478,0.074729,35816,1540114,0.189458,8129050
3,2021-02-20,43294,2184076,27330,1098714,15964,1085362,0,0,22606,935185,0.115042,20564,628042,0.077259,23113,1563227,0.192301,8129050
3,2021-02-21,24304,2208380,19539,1118253,4765,1090127,0,0,11826,935021,0.115022,12382,640424,0.078782,12218,1575445,0.193804,8129050
3,2021-02-22,47641,2256021,31005,1149258,16636,1106763,0,0,22255,932525,0.114715,25235,665659,0.081886,22739,1598184,0.196602,8129050
3,2021-02-23,63750,2319771,34648,1183906,29102,1135865,0,0,27784,926570,0.113983,35733,701392,0.086282,29778,1627962,0.200265,8129050
3,2021-02-24,79978,2399749,39296,1223202,40682,1176547,0,0,35308,919998,0.113174,44406,745798,0.091745,37834,1665796,0.204919,8129050
3,2021-02-25,89650,2489399,43653,1266855,45997,1222544,0,0,44604,922474,0.113479,44733,790531,0.097248,47209,1713005,0.210726,8129050
3,2021-02-26,100651,2590050,46044,1312899,54607,1277151,0,0,53099,930669,0.114487,47114,837645,0.103043,55309,1768314,0.21753,8129050
3,2021-02-27,71368,2661418,32798,1345697,38566,1315717,4,4,37678,936221,0.11517,33445,871090,0.107158,38997,1807311,0.222327,8129050
3,2021-02-28,41575,2702993,24008,1369705,17563,1333280,4,8,21320,938454,0.115444,20045,891135,0.109624,22278,1829589,0.225068,8129050
3,2021-03-01,70103,2773096,37205,1406910,32857,1366137,41,49,38908,947805,0.116595,30941,922076,0.11343,40292,1869881,0.230025,8129050
3,2021-03-02,81574,2854670,40229,1447139,41337,1407474,8,57,47027,962548,0.118408,34375,956451,0.117658,49118,1918999,0.236067,8129050
3,2021-03-03,91550,2946220,43799,1490938,47726,1455200,25,82,51099,975744,0.120032,40203,996654,0.122604,53399,1972398,0.242636,8129050
3,2021-03-04,96046,3042266,46946,1537884,49079,1504279,21,103,54306,990870,0.121892,41480,1038134,0.127707,56606,2029004,0.249599,8129050
3,2021-03-05,92275,3134541,45124,1583008,46858,1551137,293,396,55975,1013363,0.124659,36014,1074148,0.132137,58507,2087511,0.256796,8129050
3,2021-03-06,66189,3200730,33537,1616545,30486,1581623,2166,2562,37757,1026477,0.126273,28270,1102418,0.135615,41384,2128895,0.261887,8129050
3,2021-03-07,39262,3239992,22698,1639243,14666,1596289,1898,4460,22076,1034510,0.127261,17102,1119520,0.137718,25135,2154030,0.264979,8129050
3,2021-03-08,60331,3300323,28742,1667985,28582,1624871,3007,7467,38148,1055182,0.129804,22013,1141533,0.140426,42685,2196715,0.27023,8129050
3,2021-03-09,77536,3377859,35797,1703782,37251,1662122,4488,11955,41608,1066639,0.131213,35772,1177305,0.144827,47229,2243944,0.27604,8129050
3,2021-03-10,83613,3461472,41633,1745415,35841,1697963,6139,18094,43621,1078018,0.132613,39752,1217057,0.149717,51131,2295075,0.28233,8129050
3,2021-03-11,97756,3559228,47741,1793156,41356,1739319,8659,26753,47862,1085980,0.133592,49600,1266657,0.155819,57562,2352637,0.289411,8129050
3,2021-03-12,102531,3661759,45677,1838833,44935,1784254,11919,38672,47000,1090717,0.134175,55271,1321928,0.162618,60008,2412645,0.296793,8129050
3,2021-03-13,70805,3732564,29804,1868637,33707,1817961,7294,45966,37406,1103490,0.135746,33252,1355180,0.166708,46025,2458670,0.302455,8129050
3,2021-03-14,41425,3773989,21633,1890270,16224,1834185,3568,49534,20854,1108047,0.136307,20480,1375660,0.169228,25037,2483707,0.305535,8129050
3,2021-03-15,76066,3850055,36063,1926333,35431,1869616,4572,54106,40028,1117840,0.137512,35790,1411450,0.17363,45583,2529290,0.311142,8129050
3,2021-03-16,95452,3945507,44007,1970340,47102,1916718,4343,58449,53624,1135129,0.139639,41564,1453014,0.178743,58853,2588143,0.318382,8129050
3,2021-03-17,98817,4044324,47981,2018321,46275,1962993,4561,63010,59901,1161565,0.142891,38660,1491674,0.183499,65096,2653239,0.32639,8129050
3,2021-03-18,104128,4148452,52911,2071232,46673,2009666,4544,67554,59633,1182090,0.145416,44178,1535852,0.188934,64703,2717942,0.334349,8129050
3,2021-03-19,103699,4252151,55598,2126830,43622,2053288,4479,72033,57626,1198957,0.14749,45771,1581623,0.194564,62638,2780580,0.342055,8129050
3,2021-03-20,72276,4324427,37266,2164096,31336,2084624,3674,75707,44394,1219857,0.150061,27663,1609286,0.197967,48563,2829143,0.348029,8129050
3,2021-03-21,36417,4360844,24754,2188850,10151,2094775,1512,77219,21867,1229274,0.15122,14437,1623723,0.199743,23854,2852997,0.350963,8129050
3,2021-03-22,70870,4431714,41658,2230508,26682,2121457,2530,79749,45016,1252236,0.154045,25598,1649321,0.202892,48560,2901557,0.356937,8129050
3,2021-03-23,90262,4521976,49922,2280430,37793,2159250,2547,82296,55009,1275524,0.156909,34963,1684284,0.207193,58251,2959808,0.364103,8129050
3,2021-03-24,99286,4621262,57118,2337548,39229,2198479,2939,85235,56136,1292433,0.158989,42766,1727050,0.212454,59675,3019483,0.371444,8129050
3,2021-03-25,107977,4729239,59955,2397503,45037,2243516,2985,88220,60445,1309328,0.161068,47168,1774218,0.218256,64063,3083546,0.379324,8129050
3,2021-03-26,111343,4840582,59699,2457202,48283,2291799,3361,91581,56994,1316538,0.161955,53980,1828198,0.224897,61190,3144736,0.386852,8129050
3,2021-03-27,75027,4915609,38122,2495324,34348,2326147,2557,94138,36107,1317198,0.162036,38665,1866863,0.229653,39325,3184061,0.391689,8129050
3,2021-03-28,44612,4960221,28111,2523435,15688,2341835,813,94951,22404,1318973,0.162254,22081,1888944,0.23237,23856,3207917,0.394624,8129050
3,2021-03-29,81117,5041338,42393,2565828,36862,2378697,1862,96813,44132,1329078,0.163497,36705,1925649,0.236885,46810,3254727,0.400382,8129050
3,2021-03-30,100779,5142117,49532,2615360,47599,2426296,3648,100461,56161,1345142,0.165473,44342,1969991,0.24234,60406,3315133,0.407813,8129050
3,2021-03-31,105444,5247561,56860,2672220,43710,2470006,4874,105335,56098,1357351,0.166975,49076,2019067,0.248377,61285,3376418,0.415352,8129050
3,2021-04-01,124241,5371802,62779,2734999,51672,2521678,9790,115125,66627,1376863,0.169376,57169,2076236,0.255409,76681,3453099,0.424785,8129050
3,2021-04-02,118366,5490168,57753,2792752,50229,2571907,10384,125509,62120,1393887,0.17147,55928,2132164,0.262289,72952,3526051,0.433759,8129050
3,2021-04-03,76366,5566534,39082,2831834,28022,2599929,9262,134771,37920,1403072,0.1726,38280,2170444,0.266998,47465,3573516,0.439598,8129050
3,2021-04-04,32497,5599031,17389,2849223,10877,2610806,4231,139002,14177,1403257,0.172623,18237,2188681,0.269242,18422,3591938,0.441864,8129050
3,2021-04-05,89923,5688954,45619,2894842,35024,2645830,9280,148282,43571,1410795,0.17355,46105,2234786,0.274914,53643,3645581,0.448463,8129050
3,2021-04-06,113867,5802821,55368,2950210,43248,2689078,15251,163533,53315,1419767,0.174653,60252,2295038,0.282325,69224,3714805,0.456979,8129050
3,2021-04-07,116703,5919524,60344,3010554,40005,2729083,16354,179887,56218,1432376,0.176205,60205,2355243,0.289732,72814,3787619,0.465936,8129050
3,2021-04-08,121803,6041327,60627,3071181,40948,2770031,20228,200115,56337,1444532,0.1777,65136,2420379,0.297744,77292,3864911,0.475444,8129050
3,2021-04-09,118987,6160314,59221,3130402,40519,2810550,19247,219362,52148,1450215,0.178399,66566,2486945,0.305933,72249,3937160,0.484332,8129050
3,2021-04-10,84670,6244984,37972,3168374,31358,2841908,15340,234702,34382,1450631,0.17845,50086,2537031,0.312094,50502,3987662,0.490545,8129050
3,2021-04-11,45430,6290414,24333,3192707,13053,2854961,8044,242746,17243,1448638,0.178205,28084,2565115,0.315549,26091,4013753,0.493754,8129050
3,2021-04-12,84279,6374693,42562,3235269,32870,2887831,8847,251593,38010,1450563,0.178442,46009,2611124,0.321209,47934,4061687,0.499651,8129050
3,2021-04-13,105855,6480548,57292,3292561,48355,2936186,208,251801,55670,1457410,0.179284,49915,2661039,0.327349,56762,4118449,0.506633,8129050
3,2021-04-14,107936,6588484,58976,3351537,48857,2985043,103,251904,53564,1458459,0.179413,54056,2715095,0.333999,55105,4173554,0.513412,8129050
3,2021-04-15,119589,6708073,67207,3418744,52302,3037345,80,251984,63647,1467401,0.180513,55592,2770687,0.340838,64534,4238088,0.521351,8129050
3,2021-04-16,115910,6823983,64967,3483711,50850,3088195,93,252077,60296,1473177,0.181224,55280,2825967,0.347638,61056,4299144,0.528862,8129050
3,2021-04-17,79719,6903702,43414,3527125,36290,3124485,15,252092,44306,1483302,0.182469,35165,2861132,0.351964,45290,4344434,0.534433,8129050
3,2021-04-18,38855,6942557,23433,3550558,15415,3139900,7,252099,18184,1481822,0.182287,20546,2881678,0.354491,19066,4363500,0.536779,8129050
3,2021-04-19,79407,7021964,44170,3594728,35181,3175081,56,252155,35620,1474439,0.181379,43566,2925244,0.359851,36183,4399683,0.54123,8129050
3,2021-04-20,101057,7123021,53129,3647857,47910,3222991,18,252173,48727,1472160,0.181099,52048,2977292,0.366253,49769,4449452,0.547352,8129050
3,2021-04-21,106221,7229242,59642,3707499,46506,3269497,73,252246,50019,1467528,0.180529,55807,3033099,0.373119,51175,4500627,0.553647,8129050
3,2021-04-22,112400,7341642,63139,3770638,49234,3318731,27,252273,48198,1452886,0.178728,63825,3096924,0.38097,49183,4549810,0.559698,8129050
3,2021-04-23,106715,7448357,61029,3831667,45656,3364387,30,252303,46694,1440979,0.177263,59642,3156566,0.388307,47735,4597545,0.56557,8129050
3,2021-04-24,74245,7522602,45814,3877481,28359,3392746,72,252375,36105,1440309,0.17718,37841,3194407,0.392962,37171,4634716,0.570142,8129050
3,2021-04-25,37072,7559674,23658,3901139,13397,3406143,17,252392,18905,1441630,0.177343,18008,3212415,0.395177,19329,4654045,0.57252,8129050
3,2021-04-26,74286,7633960,42010,3943149,31868,3438011,408,252800,31686,1432759,0.176252,42315,3254730,0.400383,33444,4687489,0.576634,8129050
3,2021-04-27,91433,7725393,47974,3991123,41709,3479720,1750,254550,36233,1416631,0.174268,54877,3309607,0.407133,38749,4726238,0.581401,8129050
3,2021-04-28,87137,7812530,49519,4040642,35474,3515194,2144,256694,35525,1403532,0.172656,51298,3360905,0.413444,38199,4764437,0.5861,8129050
3,2021-04-29,89464,7901994,51136,4091778,36107,3551301,2221,258915,31883,1380902,0.169872,57224,3418129,0.420483,34594,4799031,0.590356,8129050
3,2021-04-30,91091,7993085,51398,4143176,37206,3588507,2487,261402,33883,1360911,0.167413,56825,3474954,0.427474,36834,4835865,0.594887,8129050
3,2021-05-01,55592,8048677,34883,4178059,19232,3607739,1477,262879,20013,1347588,0.165774,35303,3510257,0.431816,21980,4857845,0.597591,8129050
3,2021-05-02,27055,8075732,18479,4196538,7558,3615297,1018,263897,9906,1341570,0.165034,17038,3527295,0.433912,11020,4868865,0.598946,8129050
3,2021-05-03,60047,8135779,35239,4231777,22426,3637723,2382,266279,17507,1319347,0.1623,42298,3569593,0.439116,20075,4888940,0.601416,8129050
3,2021-05-04,77907,8213686,45035,4276812,30181,3667904,2691,268970,22643,1290007,0.158691,54955,3624548,0.445876,25615,4914555,0.604567,8129050
3,2021-05-05,79427,8293113,47696,4324508,29020,3696924,2711,271681,22033,1258001,0.154754,57036,3681584,0.452892,25030,4939585,0.607646,8129050
3,2021-05-06,83736,8376849,53004,4377512,28199,3725123,2533,274214,20727,1219293,0.149992,62515,3744099,0.460583,23807,4963392,0.610575,8129050
3,2021-05-07,82722,8459571,51534,4429046,28553,3753676,2635,276849,21935,1183740,0.145618,60418,3804517,0.468015,24865,4988257,0.613633,8129050
3,2021-05-08,52780,8512351,32714,4461760,18342,3772018,1724,278573,13976,1161177,0.142843,38523,3843040,0.472754,15960,5004217,0.615597,8129050
3,2021-05-09,21017,8533368,15358,4477118,4871,3776889,788,279361,5533,1152176,0.141736,15388,3858428,0.474647,6387,5010604,0.616382,8129050
3,2021-05-10,48299,8581667,25962,4503080,20421,3797310,1916,281277,11204,1128676,0.138845,36881,3895309,0.479184,13381,5023985,0.618029,8129050
3,2021-05-11,64386,8646053,36087,4539167,26074,3823384,2225,283502,16203,1099649,0.135274,47922,3943231,0.485079,18895,5042880,0.620353,8129050
3,2021-05-12,65076,8711129,37384,4576551,25286,3848670,2406,285908,16623,1070820,0.131728,48177,3991408,0.491005,19348,5062228,0.622733,8129050
3,2021-05-13,75636,8786765,47667,4624218,26053,3874723,1916,287824,27609,1053202,0.12956,47770,4039178,0.496882,30152,5092380,0.626442,8129050
3,2021-05-14,80634,8867399,50925,4675143,27568,3902291,2141,289965,31243,1038093,0.127702,49091,4088269,0.502921,33982,5126362,0.630623,8129050
3,2021-05-15,62294,8929693,42965,4718108,18119,3920410,1210,291175,25752,1028959,0.126578,36330,4124599,0.50739,27196,5153558,0.633968,8129050
3,2021-05-16,33258,8962951,24857,4742965,7709,3928119,692,291867,13412,1023430,0.125898,19722,4144321,0.509816,14193,5167751,0.635714,8129050
3,2021-05-17,57069,9020020,36342,4779307,18886,3947005,1841,293708,21032,1010756,0.124339,35758,4180079,0.514215,23084,5190835,0.638554,8129050
3,2021-05-18,64630,9084650,38143,4817450,24621,3971626,1866,295574,24273,997222,0.122674,40069,4220148,0.519144,26535,5217370,0.641818,8129050
3,2021-05-19,63961,9148611,38870,4856320,23344,3994970,1747,297321,24756,985054,0.121177,38948,4259096,0.523935,26780,5244150,0.645112,8129050
3,2021-05-20,61786,9210397,36144,4892464,23792,4018762,1850,299171,22175,970099,0.119337,39317,4298413,0.528772,24362,5268512,0.648109,8129050
3,2021-05-21,65928,9276325,40042,4932506,23786,4042548,2100,301271,23562,954018,0.117359,42044,4340457,0.533944,25963,5294475,0.651303,8129050
3,2021-05-22,45673,9321998,30259,4962765,13941,4056489,1473,302744,19020,948326,0.116659,26440,4366897,0.537196,20748,5315223,0.653855,8129050
3,2021-05-23,21738,9343736,15041,4977806,6044,4062533,653,303397,9190,945819,0.11635,12460,4379357,0.538729,9953,5325176,0.65508,8129050
3,2021-05-24,39508,9383244,23099,5000905,14652,4077185,1757,305154,14635,937745,0.115357,24671,4404028,0.541764,16597,5341773,0.657121,8129050
3,2021-05-25,42713,9425957,24020,5024925,17015,4094200,1678,306832,15145,927496,0.114096,27298,4431326,0.545122,17049,5358822,0.659219,8129050
3,2021-05-26,42403,9468360,24266,5049191,16420,4110620,1717,308549,15865,918970,0.113048,26242,4457568,0.54835,17716,5376538,0.661398,8129050
3,2021-05-27,39349,9507709,22062,5071253,15538,4126158,1749,310298,15423,912623,0.112267,23764,4481332,0.551274,17417,5393955,0.663541,8129050
3,2021-05-28,42768,9550477,24161,5095414,16818,4142976,1789,312087,17776,907725,0.111664,24787,4506119,0.554323,19889,5413844,0.665987,8129050
3,2021-05-29,23461,9573938,14332,5109746,8290,4151266,839,312926,10981,907325,0.111615,12345,4518464,0.555842,11945,5425789,0.667457,8129050
3,2021-05-30,10611,9584549,6879,5116625,3096,4154362,636,313562,4453,906377,0.111499,6079,4524543,0.556589,5131,5430920,0.668088,8129050
3,2021-05-31,4637,9589186,2677,5119302,1695,4156057,265,313827,1455,904985,0.111327,3141,4527684,0.556976,1749,5432669,0.668303,8129050
3,2021-06-01,37696,9626882,21691,5140993,14568,4170625,1437,315264,13167,895491,0.110159,24292,4551976,0.559964,14798,5447467,0.670123,8129050
3,2021-06-02,31484,9658366,18089,5159082,11984,4182609,1411,316675,11641,889048,0.109367,19634,4571610,0.562379,13191,5460658,0.671746,8129050
3,2021-06-03,39591,9697957,27076,5186158,11079,4193688,1436,318111,11416,874129,0.107532,27996,4599606,0.565823,13077,5473735,0.673355,8129050
3,2021-06-04,46161,9744118,32649,5218807,11965,4205653,1547,319658,13111,856392,0.10535,32806,4632412,0.569859,15069,5488804,0.675209,8129050
3,2021-06-05,34324,9778442,25870,5244677,7267,4212920,1187,320845,8695,841046,0.103462,25419,4657831,0.572986,10073,5498877,0.676448,8129050
3,2021-06-06,14636,9793078,12213,5256890,1841,4214761,582,321427,3714,834644,0.102674,10862,4668693,0.574322,4460,5503337,0.676996,8129050
3,2021-06-07,30389,9823467,22086,5278976,7020,4221781,1283,322710,8704,823216,0.101268,21535,4690228,0.576971,10107,5513444,0.67824,8129050
3,2021-06-08,34311,9857778,24635,5303611,8386,4230167,1290,324000,9926,810482,0.099702,24174,4714402,0.579945,11440,5524884,0.679647,8129050
3,2021-06-09,32969,9890747,23914,5327525,7754,4237921,1301,325301,8849,796855,0.098026,23942,4738344,0.58289,10315,5535199,0.680916,8129050
3,2021-06-10,32463,9923210,23407,5350932,7530,4245451,1526,326827,8945,784160,0.096464,23362,4761706,0.585764,10667,5545866,0.682228,8129050
3,2021-06-11,35552,9958762,25134,5376066,9049,4254500,1369,328196,10576,771499,0.094906,24779,4786485,0.588812,12118,5557984,0.683719,8129050
3,2021-06-12,25143,9983905,18941,5395007,5311,4259811,891,329087,6690,760895,0.093602,18336,4804821,0.591068,7732,5565716,0.68467,8129050
3,2021-06-13,10131,9994036,7579,5402586,2063,4261874,489,329576,2362,756102,0.093012,7715,4812536,0.592017,2922,5568638,0.685029,8129050
3,2021-06-14,25797,10019833,18484,5421070,5890,4267764,1423,330999,8085,748168,0.092036,17580,4830116,0.59418,9646,5578284,0.686216,8129050
3,2021-06-15,28725,10048558,19431,5440501,7790,4275554,1504,332503,9651,740647,0.091111,18844,4848960,0.596498,11323,5589607,0.687609,8129050
3,2021-06-16,25866,10074424,18362,5458863,6091,4281645,1413,333916,8721,733974,0.09029,16962,4865922,0.598584,10289,5599896,0.688875,8129050
3,2021-06-17,24845,10099269,17792,5476655,5766,4287411,1287,335203,8618,727941,0.089548,16074,4881996,0.600562,10041,5609937,0.69011,8129050
3,2021-06-18,27986,10127255,19760,5496415,6654,4294065,1572,336775,9803,721532,0.08876,17952,4899948,0.60277,11543,5621480,0.69153,8129050
3,2021-06-19,16011,10143266,11761,5508176,3391,4297456,859,337634,5724,718065,0.088333,10160,4910108,0.60402,6693,5628173,0.692353,8129050
3,2021-06-20,6859,10150125,5143,5513319,1417,4298873,299,337933,2599,716809,0.088179,4206,4914314,0.604537,2950,5631123,0.692716,8129050
3,2021-06-21,16218,10166343,10229,5523548,4592,4303465,1397,339330,8086,718370,0.088371,8041,4922355,0.605526,9602,5640725,0.693897,8129050
3,2021-06-22,22078,10188421,15476,5539024,5306,4308771,1296,340626,8262,714387,0.087881,13695,4936050,0.607211,9712,5650437,0.695092,8129050
3,2021-06-23,20253,10208674,14184,5553208,4737,4313508,1332,341958,8030,711777,0.08756,12109,4948159,0.608701,9499,5659936,0.69626,8129050
3,2021-06-24,19951,10228625,13880,5567088,4620,4318128,1451,343409,7790,709139,0.087235,11990,4960149,0.610176,9352,5669288,0.697411,8129050
3,2021-06-25,23270,10251895,16504,5583592,5343,4323471,1423,344832,9091,705737,0.086817,14047,4974196,0.611904,10645,5679933,0.69872,8129050
3,2021-06-26,13876,10265771,10291,5593883,2813,4326284,772,345604,5793,704449,0.086658,8012,4982208,0.612889,6724,5686657,0.699548,8129050
3,2021-06-27,6690,10272461,5171,5599054,1210,4327494,309,345913,2860,703858,0.086586,3793,4986001,0.613356,3202,5689859,0.699941,8129050
3,2021-06-28,15865,10288326,12184,5611238,2602,4330096,1079,346992,6687,702659,0.086438,9066,4995067,0.614471,7867,5697726,0.700909,8129050
3,2021-06-29,17944,10306270,12642,5623880,4307,4334403,995,347987,7341,700647,0.086191,10480,5005547,0.61576,8468,5706194,0.701951,8129050
3,2021-06-30,16955,10323225,11994,5635874,3920,4338323,1041,349028,7294,699605,0.086062,9525,5015072,0.616932,8483,5714677,0.702994,8129050
3,2021-07-01,16166,10339391,11518,5647392,3587,4341910,1061,350089,6796,698297,0.085901,9270,5024342,0.618072,7962,5722639,0.703974,8129050
3,2021-07-02,18369,10357760,13075,5660467,4192,4346102,1102,351191,7826,696892,0.085729,10432,5034774,0.619356,9027,5731666,0.705084,8129050
3,2021-07-03,10004,10367764,7230,5667697,2344,4348446,430,351621,4289,696062,0.085626,5652,5040426,0.620051,4822,5736488,0.705678,8129050
3,2021-07-04,707,10368471,411,5668108,209,4348655,87,351708,271,696007,0.08562,429,5040855,0.620104,374,5736862,0.705724,8129050
3,2021-07-05,9491,10377962,6937,5675045,2131,4350786,423,352131,4295,695654,0.085576,5132,5045987,0.620735,4779,5741641,0.706311,8129050
3,2021-07-06,18928,10396890,13719,5688764,4093,4354879,1116,353247,6861,691826,0.085105,11927,5057914,0.622202,8099,5749740,0.707308,8129050
3,2021-07-07,15575,10412465,11042,5699806,3428,4358307,1105,354352,6286,690134,0.084897,9189,5067103,0.623333,7497,5757237,0.70823,8129050
3,2021-07-08,15226,10427691,10988,5710794,3244,4361551,994,355346,6185,688462,0.084692,8938,5076041,0.624432,7266,5764503,0.709124,8129050
3,2021-07-09,17464,10445155,12184,5722978,4073,4365624,1207,356553,7205,686842,0.084492,10144,5086185,0.62568,8524,5773027,0.710172,8129050
3,2021-07-10,10754,10455909,7908,5730886,2183,4367807,663,357216,4564,686034,0.084393,6123,5092308,0.626433,5315,5778342,0.710826,8129050
3,2021-07-11,5085,10460994,3762,5734648,1047,4368854,276,357492,2293,685878,0.084374,2745,5095053,0.626771,2589,5780931,0.711145,8129050
3,2021-07-12,14286,10475280,10411,5745059,2874,4371728,1001,358493,5698,684136,0.084159,8510,5103563,0.627818,6768,5787699,0.711977,8129050
3,2021-07-13,15025,10490305,10610,5755669,3508,4375236,907,359400,6574,683344,0.084062,8352,5111915,0.628845,7560,5795259,0.712907,8129050
3,2021-07-14,14312,10504617,10151,5765820,3238,4378474,923,360323,6365,682850,0.084001,7847,5119762,0.629811,7353,5802612,0.713812,8129050
3,2021-07-15,14564,10519181,10523,5776343,3208,4381682,833,361156,6675,682634,0.083975,7796,5127558,0.63077,7580,5810192,0.714744,8129050
3,2021-07-16,17575,10536756,12636,5788979,4056,4385738,883,362039,8386,682891,0.084006,9083,5136641,0.631887,9340,5819532,0.715893,8129050
3,2021-07-17,11146,10547902,8162,5797141,2452,4388190,532,362571,5293,682998,0.084019,5785,5142426,0.632599,5892,5825424,0.716618,8129050
3,2021-07-18,5704,10553606,4303,5801444,1150,4389340,251,362822,2796,683204,0.084045,2867,5145293,0.632951,3073,5828497,0.716996,8129050
3,2021-07-19,14782,10568388,10793,5812237,3113,4392453,876,363698,7248,683967,0.084139,7435,5152728,0.633866,8198,5836695,0.718005,8129050
3,2021-07-20,16364,10584752,11380,5823617,4083,4396536,901,364599,8412,685520,0.08433,7841,5160569,0.634831,9394,5846089,0.71916,8129050
3,2021-07-21,15832,10600584,11206,5834823,3762,4400298,864,365463,7960,686673,0.084471,7747,5168316,0.635784,8900,5854989,0.720255,8129050
3,2021-07-22,16180,10616764,11437,5846260,3791,4404089,952,366415,8398,688422,0.084687,7666,5175982,0.636727,9415,5864404,0.721413,8129050
3,2021-07-23,19048,10635812,13569,5859829,4479,4408568,1000,367415,10232,691061,0.085011,8675,5184657,0.637794,11314,5875718,0.722805,8129050
3,2021-07-24,11479,10647291,8263,5868092,2640,4411208,576,367991,6335,692942,0.085243,5066,5189723,0.638417,6947,5882665,0.72366,8129050
3,2021-07-25,5558,10652849,4168,5872260,1182,4412390,208,368199,4019,695726,0.085585,1494,5191217,0.638601,4278,5886943,0.724186,8129050
3,2021-07-26,15283,10668132,10628,5882888,3702,4416092,953,369152,9224,700017,0.086113,5952,5197169,0.639333,10243,5897186,0.725446,8129050
3,2021-07-27,17256,10685388,12219,5895107,4077,4420169,960,370112,9901,703725,0.086569,7229,5204398,0.640222,10937,5908123,0.726791,8129050
3,2021-07-28,16858,10702246,12093,5907200,3739,4423908,1026,371138,9741,707559,0.087041,6978,5211376,0.641081,10812,5918935,0.728121,8129050
3,2021-07-29,16560,10718806,11929,5919129,3627,4427535,1004,372142,9742,711731,0.087554,6645,5218021,0.641898,10817,5929752,0.729452,8129050
3,2021-07-30,19265,10738071,13636,5932765,4580,4432115,1049,373191,11201,716207,0.088105,7867,5225888,0.642866,12343,5942095,0.73097,8129050
3,2021-07-31,11936,10750007,8661,5941426,2658,4434773,617,373808,6956,718998,0.088448,4849,5230737,0.643462,7640,5949735,0.73191,8129050
3,2021-08-01,6409,10756416,4880,5946306,1272,4436045,257,374065,4154,721245,0.088724,2198,5232935,0.643733,4445,5954180,0.732457,8129050
3,2021-08-02,16289,10772705,11872,5958178,3539,4439584,878,374943,10141,726302,0.089346,6029,5238964,0.644474,11086,5965266,0.733821,8129050
3,2021-08-03,17654,10790359,12718,5970896,3892,4443476,1044,375987,10555,731033,0.089928,6931,5245895,0.645327,11662,5976928,0.735255,8129050
3,2021-08-04,11172,10801531,7861,5978757,2438,4445914,873,376860,6511,733915,0.090283,4563,5250458,0.645888,7445,5984373,0.736171,8129050
4,2020-12-15,454,454,454,454,0,0,0,0,454,454,5.6e-05,0,0,0.0,454,454,5.6e-05,8037679
4,2020-12-16,3058,3512,3058,3512,0,0,0,0,3058,3512,0.000437,0,0,0.0,3058,3512,0.000437,8037679
4,2020-12-17,8977,12489,8977,12489,0,0,0,0,8977,12489,0.001554,0,0,0.0,8977,12489,0.001554,8037679
4,2020-12-18,16226,28715,16214,28703,12,12,0,0,16226,28715,0.003573,0,0,0.0,16226,28715,0.003573,8037679
4,2020-12-19,10394,39109,10385,39088,9,21,0,0,10330,39045,0.004858,0,0,0.0,10330,39045,0.004858,8037679
4,2020-12-20,7441,46550,7434,46522,7,28,0,0,7396,46441,0.005778,0,0,0.0,7396,46441,0.005778,8037679
4,2020-12-21,16432,62982,16406,62928,26,54,0,0,16365,62805,0.007814,1,1,0.0,16365,62806,0.007814,8037679
4,2020-12-22,17226,80208,16476,79404,750,804,0,0,17181,79982,0.009951,4,5,1e-06,17181,79987,0.009952,8037679
4,2020-12-23,17158,97366,14420,93824,2738,3542,0,0,17136,97115,0.012082,3,8,1e-06,17136,97123,0.012083,8037679
4,2020-12-24,8575,105941,5977,99801,2598,6140,0,0,8574,105689,0.013149,0,8,1e-06,8574,105697,0.01315,8037679
4,2020-12-25,906,106847,801,100602,105,6245,0,0,906,106595,0.013262,0,8,1e-06,906,106603,0.013263,8037679
4,2020-12-26,6184,113031,3901,104503,2283,8528,0,0,6184,112779,0.014031,0,8,1e-06,6184,112787,0.014032,8037679
4,2020-12-27,3429,116460,1993,106496,1436,9964,0,0,3429,116208,0.014458,0,8,1e-06,3429,116216,0.014459,8037679
4,2020-12-28,15185,131645,9387,115883,5798,15762,0,0,15157,131362,0.016343,3,11,1e-06,15157,131373,0.016345,8037679
4,2020-12-29,15443,147088,8545,124428,6898,22660,0,0,15409,146770,0.01826,1,12,1e-06,15409,146782,0.018262,8037679
4,2020-12-30,19021,166109,11097,135525,7924,30584,0,0,19010,165778,0.020625,2,14,2e-06,19010,165792,0.020627,8037679
4,2020-12-31,8325,174434,3370,138895,4955,35539,0,0,8312,174081,0.021658,9,23,3e-06,8312,174104,0.021661,8037679
4,2021-01-01,1670,176104,757,139652,913,36452,0,0,1666,175744,0.021865,3,26,3e-06,1666,175770,0.021868,8037679
4,2021-01-02,5741,181845,3242,142894,2499,38951,0,0,5739,181482,0.022579,1,27,3e-06,5739,181509,0.022582,8037679
4,2021-01-03,2152,183997,1272,144166,880,39831,0,0,2138,183617,0.022845,3,30,4e-06,2138,183647,0.022848,8037679
4,2021-01-04,13017,197014,7045,151211,5972,45803,0,0,12969,196558,0.024455,28,58,7e-06,12969,196616,0.024462,8037679
4,2021-01-05,17005,214019,10074,161285,6931,52734,0,0,14786,209168,0.026023,2190,2248,0.00028,14800,211416,0.026303,8037679
4,2021-01-06,21718,235737,13315,174600,8403,61137,0,0,15588,218689,0.027208,6081,8329,0.001036,15602,227018,0.028244,8037679
4,2021-01-07,28065,263802,17110,191710,10955,72092,0,0,16755,224217,0.027896,11249,19578,0.002436,16777,243795,0.030332,8037679
4,2021-01-08,33032,296834,21203,212913,11829,83921,0,0,18407,228086,0.028377,14559,34137,0.004247,18428,262223,0.032624,8037679
4,2021-01-09,16354,313188,9677,222590,6677,90598,0,0,9497,230748,0.028708,6847,40984,0.005099,9509,271732,0.033807,8037679
4,2021-01-10,8806,321994,5689,228279,3117,93715,0,0,4179,230319,0.028655,4616,45600,0.005673,4187,275919,0.034328,8037679
4,2021-01-11,33653,355647,22107,250386,11546,105261,0,0,18945,234632,0.029192,14680,60280,0.0075,18993,294912,0.036691,8037679
4,2021-01-12,38715,394362,22337,272723,16378,121639,0,0,24361,244736,0.030449,14299,74579,0.009279,24403,319315,0.039727,8037679
4,2021-01-13,39060,433422,19348,292071,19712,141351,0,0,27640,261025,0.032475,11378,85957,0.010694,27667,346982,0.043169,8037679
4,2021-01-14,39602,473024,15247,307318,24355,165706,0,0,32357,286203,0.035608,7208,93165,0.011591,32386,379368,0.047199,8037679
4,2021-01-15,45632,518656,15950,323268,29682,195388,0,0,40025,320715,0.039901,5539,98704,0.01228,40051,419419,0.052182,8037679
4,2021-01-16,28876,547532,9422,332690,19454,214842,0,0,25742,343373,0.04272,3102,101806,0.012666,25760,445179,0.055387,8037679
4,2021-01-17,19189,566721,6758,339448,12431,227273,0,0,17653,359526,0.04473,1514,103320,0.012854,17667,462846,0.057585,8037679
4,2021-01-18,29575,596296,13691,353139,15884,243157,0,0,23574,377193,0.046928,5933,109253,0.013593,23600,486446,0.060521,8037679
4,2021-01-19,46309,642605,23144,376283,23165,266322,0,0,36885,404776,0.05036,9376,118629,0.014759,36959,523405,0.065119,8037679
4,2021-01-20,52852,695457,28283,404566,24569,290891,0,0,42246,436577,0.054316,10508,129137,0.016066,42309,565714,0.070383,8037679
4,2021-01-21,58086,753543,26172,430738,31914,322805,0,0,51275,481172,0.059865,6728,135865,0.016904,51323,617037,0.076768,8037679
4,2021-01-22,55648,809191,22356,453094,33292,356097,0,0,50449,526518,0.065506,5130,140995,0.017542,50476,667513,0.083048,8037679
4,2021-01-23,39811,849002,17468,470562,22343,378440,0,0,35446,557639,0.069378,4355,145350,0.018084,35476,702989,0.087462,8037679
4,2021-01-24,24084,873086,10526,481088,13558,391998,0,0,22174,577932,0.071903,1901,147251,0.01832,22194,725183,0.090223,8037679
4,2021-01-25,48235,921321,22320,503408,25915,417913,0,0,37023,603834,0.075125,11180,158431,0.019711,37082,762265,0.094836,8037679
4,2021-01-26,57245,978566,29204,532612,28041,445954,0,0,44881,636450,0.079183,12327,170758,0.021245,44943,807208,0.100428,8037679
4,2021-01-27,56565,1035131,26918,559530,29647,475601,0,0,45423,670866,0.083465,11061,181819,0.022621,45477,852685,0.106086,8037679
4,2021-01-28,57041,1092172,25782,585312,31259,506860,0,0,46944,707858,0.088067,9999,191818,0.023865,46991,899676,0.111932,8037679
4,2021-01-29,56956,1149128,27316,612628,29640,536500,0,0,46417,743974,0.092561,10336,202154,0.025151,46452,946128,0.117712,8037679
4,2021-01-30,38274,1187402,17298,629926,20976,557476,0,0,32871,771529,0.095989,5346,207500,0.025816,32901,979029,0.121805,8037679
4,2021-01-31,24112,1211514,12714,642640,11398,568874,0,0,22394,792243,0.098566,1697,209197,0.026027,22411,1001440,0.124593,8037679
4,2021-02-01,49952,1261466,24073,666713,25879,594753,0,0,38206,818805,0.101871,11689,220886,0.027481,38251,1039691,0.129352,8037679
4,2021-02-02,55869,1317335,25678,692391,30191,624944,0,0,42861,848791,0.105602,12922,233808,0.029089,42908,1082599,0.13469,8037679
4,2021-02-03,62531,1379866,30704,723095,31827,656771,0,0,47923,882310,0.109772,14458,248266,0.030888,47977,1130576,0.14066,8037679
4,2021-02-04,67911,1447777,31497,754592,36414,693185,0,0,50975,916630,0.114042,16763,265029,0.032973,51083,1181659,0.147015,8037679
4,2021-02-05,73712,1521489,34153,788745,39559,732744,0,0,51147,945631,0.11765,22282,287311,0.035746,51283,1232942,0.153395,8037679
4,2021-02-06,48990,1570479,26352,815097,22638,755382,0,0,37315,971544,0.120874,11606,298917,0.037189,37519,1270461,0.158063,8037679
4,2021-02-07,26635,1597114,17608,832705,9027,764409,0,0,20110,985402,0.122598,6491,305408,0.037997,20349,1290810,0.160595,8037679
4,2021-02-08,59062,1656176,30407,863112,28655,793064,0,0,38339,1003426,0.12484,20582,325990,0.040558,38606,1329416,0.165398,8037679
4,2021-02-09,67711,1723887,34300,897412,33411,826475,0,0,39628,1015610,0.126356,27890,353880,0.044028,40074,1369490,0.170384,8037679
4,2021-02-10,77936,1801823,39013,936425,38923,865398,0,0,40923,1020320,0.126942,36758,390638,0.048601,41468,1410958,0.175543,8037679
4,2021-02-11,82180,1884003,42915,979340,39265,904663,0,0,41755,1022609,0.127227,40146,430784,0.053596,42435,1453393,0.180822,8037679
4,2021-02-12,85155,1969158,38193,1017533,46962,951625,0,0,43719,1025969,0.127645,41149,471933,0.058715,44509,1497902,0.18636,8037679
4,2021-02-13,59290,2028448,30041,1047574,29249,980874,0,0,30154,1028038,0.127902,28988,500921,0.062322,31057,1528959,0.190224,8037679
4,2021-02-14,37124,2065572,19310,1066884,17814,998688,0,0,18983,1029598,0.128096,18082,519003,0.064571,19642,1548601,0.192668,8037679
4,2021-02-15,46615,2112187,21886,1088770,24729,1023417,0,0,23845,1031947,0.128389,22681,541684,0.067393,25030,1573631,0.195782,8037679
4,2021-02-16,80922,2193109,37149,1125919,43773,1067190,0,0,41075,1034542,0.128712,39700,581384,0.072332,42295,1615926,0.201044,8037679
4,2021-02-17,82252,2275361,38898,1164817,43354,1110544,0,0,39045,1031726,0.128361,42989,624373,0.077681,40173,1656099,0.206042,8037679
4,2021-02-18,84173,2359534,46365,1211182,37808,1148352,0,0,38843,1026926,0.127764,45124,669497,0.083295,40324,1696423,0.211059,8037679
4,2021-02-19,83530,2443064,52661,1263843,30869,1179221,0,0,41654,1027583,0.127846,41691,711188,0.088482,42348,1738771,0.216327,8037679
4,2021-02-20,50012,2493076,33314,1297157,16698,1195919,0,0,27041,1032436,0.12845,22883,734071,0.091329,27736,1766507,0.219778,8037679
4,2021-02-21,30369,2523445,24113,1321270,6256,1202175,0,0,14650,1031742,0.128363,15630,749701,0.093273,14936,1781443,0.221636,8037679
4,2021-02-22,55683,2579128,38255,1359525,17428,1219603,0,0,26764,1030208,0.128172,28749,778450,0.09685,27215,1808658,0.225022,8037679
4,2021-02-23,77291,2656419,42877,1402402,34414,1254017,0,0,33867,1022545,0.127219,43207,821657,0.102226,35544,1844202,0.229445,8037679
4,2021-02-24,92529,2748948,48934,1451336,43595,1297612,0,0,41602,1015664,0.126363,50642,872299,0.108526,43761,1887963,0.234889,8037679
4,2021-02-25,104067,2853015,54444,1505780,49623,1347235,0,0,49575,1013547,0.126099,54252,926551,0.115276,52135,1940098,0.241375,8037679
4,2021-02-26,110192,2963207,55691,1561471,54501,1401736,0,0,56213,1018455,0.12671,53665,980216,0.121953,58573,1998671,0.248663,8037679
4,2021-02-27,80309,3043516,43729,1605200,36570,1438306,10,10,42774,1025421,0.127577,37306,1017522,0.126594,44272,2042943,0.254171,8037679
4,2021-02-28,49626,3093142,30656,1635856,18963,1457269,7,17,27314,1031523,0.128336,22106,1039628,0.129344,28208,2071151,0.25768,8037679
4,2021-03-01,80997,3174139,47444,1683300,33503,1490772,50,67,44570,1041258,0.129547,36080,1075708,0.133833,45815,2116966,0.26338,8037679
4,2021-03-02,89686,3263825,51446,1734746,38231,1529003,9,76,52482,1058537,0.131697,37001,1112709,0.138437,54280,2171246,0.270133,8037679
4,2021-03-03,103728,3367553,55132,1789878,48580,1577583,16,92,57758,1072350,0.133415,45734,1158443,0.144127,59547,2230793,0.277542,8037679
4,2021-03-04,102109,3469662,56842,1846720,45250,1622833,17,109,55580,1083446,0.134796,46276,1204719,0.149884,57372,2288165,0.28468,8037679
4,2021-03-05,98146,3567808,53013,1899733,44810,1667643,323,432,57440,1102674,0.137188,40474,1245193,0.154919,59702,2347867,0.292108,8037679
4,2021-03-06,77411,3645219,43628,1943361,31137,1698780,2646,3078,47349,1124074,0.139851,29918,1275111,0.158642,51318,2399185,0.298492,8037679
4,2021-03-07,44953,3690172,27595,1970956,15159,1713939,2199,5277,26142,1134766,0.141181,18722,1293833,0.160971,29414,2428599,0.302152,8037679
4,2021-03-08,68337,3758509,35706,2006662,29250,1743189,3381,8658,44801,1160853,0.144426,23396,1317229,0.163882,49483,2478082,0.308308,8037679
4,2021-03-09,82390,3840899,41576,2048238,35520,1778709,5294,13952,44348,1173701,0.146025,37846,1355075,0.16859,50694,2528776,0.314615,8037679
4,2021-03-10,92400,3933299,47698,2095936,37150,1815859,7552,21504,46402,1182742,0.14715,45781,1400856,0.174286,54822,2583598,0.321436,8037679
4,2021-03-11,101444,4034743,53159,2149095,39763,1855622,8522,30026,46724,1184561,0.147376,54443,1455299,0.18106,56262,2639860,0.328436,8037679
4,2021-03-12,105260,4140003,51860,2200955,43068,1898690,10332,40358,44938,1180642,0.146888,60017,1515316,0.188527,56098,2695958,0.335415,8037679
4,2021-03-13,81990,4221993,37964,2238919,35495,1934185,8531,48889,38713,1185796,0.14753,43124,1558440,0.193892,48278,2744236,0.341421,8037679
4,2021-03-14,50074,4272067,28515,2267434,17911,1952096,3648,52537,23371,1186795,0.147654,26598,1585038,0.197201,27597,2771833,0.344855,8037679
4,2021-03-15,84100,4356167,45238,2312672,34586,1986682,4276,56813,42593,1193251,0.148457,41224,1626262,0.20233,47680,2819513,0.350787,8037679
4,2021-03-16,108400,4464567,56370,2369042,48600,2035282,3430,60243,56895,1203010,0.149671,51231,1677493,0.208704,60990,2880503,0.358375,8037679
4,2021-03-17,107846,4572413,58087,2427129,46248,2081530,3511,63754,62854,1225188,0.152431,44701,1722194,0.214265,66879,2947382,0.366696,8037679
4,2021-03-18,107765,4680178,59804,2486933,44249,2125779,3712,67466,60769,1243369,0.154693,46701,1768895,0.220075,64882,3012264,0.374768,8037679
4,2021-03-19,112229,4792407,64558,2551491,42440,2168219,5231,72697,63516,1264052,0.157266,48416,1817311,0.226099,69099,3081363,0.383365,8037679
4,2021-03-20,84734,4877141,49622,2601113,32084,2200303,3028,75725,51626,1286067,0.160005,32928,1850239,0.230196,54943,3136306,0.3902,8037679
4,2021-03-21,48473,4925614,35128,2636241,11084,2211387,2261,77986,28213,1296772,0.161337,20114,1870353,0.232698,30819,3167125,0.394035,8037679
4,2021-03-22,83054,5008668,54264,2690505,26049,2237436,2741,80727,51175,1319782,0.164199,31603,1901956,0.23663,54613,3221738,0.400829,8037679
4,2021-03-23,105657,5114325,63276,2753781,40230,2277666,2151,82878,61933,1340974,0.166836,43431,1945387,0.242033,64623,3286361,0.408869,8037679
4,2021-03-24,114396,5228721,73775,2827556,38188,2315854,2433,85311,63609,1357125,0.168845,50328,1995715,0.248295,66479,3352840,0.41714,8037679
4,2021-03-25,117952,5346673,72544,2900100,42997,2358851,2411,87722,66184,1374923,0.17106,51264,2046979,0.254673,69062,3421902,0.425733,8037679
4,2021-03-26,120747,5467420,73195,2973295,44506,2403357,3046,90768,65143,1388479,0.172746,55209,2102188,0.261542,68765,3490667,0.434288,8037679
4,2021-03-27,92673,5560093,54595,3027890,36275,2439632,1803,92571,46712,1391770,0.173156,45694,2147882,0.267227,48985,3539652,0.440382,8037679
4,2021-03-28,56171,5616264,37105,3064995,18189,2457821,877,93448,29596,1396224,0.17371,26385,2174267,0.270509,30839,3570491,0.444219,8037679
4,2021-03-29,94359,5710623,56569,3121564,35696,2493517,2094,95542,50518,1405820,0.174904,43551,2217818,0.275928,53147,3623638,0.450831,8037679
4,2021-03-30,117935,5828558,64387,3185951,49376,2542893,4172,99714,69500,1431715,0.178125,48166,2265984,0.28192,74061,3697699,0.460046,8037679
4,2021-03-31,121741,5950299,71842,3257793,43573,2586466,6326,106040,67884,1452633,0.180728,53471,2319455,0.288573,74389,3772088,0.469301,8037679
4,2021-04-01,143235,6093534,81667,3339460,48246,2634712,13322,119362,83854,1490939,0.185494,58853,2378308,0.295895,97159,3869247,0.481389,8037679
4,2021-04-02,137352,6230886,73376,3412836,50337,2685049,13639,133001,78862,1525445,0.189787,58166,2436474,0.303132,92672,3961919,0.492918,8037679
4,2021-04-03,101577,6332463,54263,3467099,33817,2718866,13497,146498,52784,1543273,0.192005,48569,2485043,0.309174,66397,4028316,0.501179,8037679
4,2021-04-04,47005,6379468,24812,3491911,14656,2733522,7537,154035,20403,1544677,0.192179,26483,2511526,0.312469,27887,4056203,0.504649,8037679
4,2021-04-05,110070,6489538,61769,3553680,35417,2768939,12884,166919,56967,1562140,0.194352,52862,2564388,0.319046,70325,4126528,0.513398,8037679
4,2021-04-06,139407,6628945,78429,3632109,41121,2810060,19857,186776,72148,1587619,0.197522,66996,2631384,0.327381,92475,4219003,0.524903,8037679
4,2021-04-07,138126,6767071,78251,3710360,39082,2849142,20793,207569,71338,1613424,0.200733,66505,2697889,0.335655,92310,4311313,0.536388,8037679
4,2021-04-08,140661,6907732,78352,3788712,36749,2885891,25560,233129,69877,1638871,0.203899,70457,2768346,0.344421,95904,4407217,0.54832,8037679
4,2021-04-09,138312,7046044,75796,3864508,39374,2925265,23142,256271,65909,1656703,0.206117,72130,2840476,0.353395,89962,4497179,0.559512,8037679
4,2021-04-10,104153,7150197,51354,3915862,33853,2959118,18946,275217,46923,1666530,0.20734,56999,2897475,0.360487,66826,4564005,0.567826,8037679
4,2021-04-11,62847,7213044,38143,3954005,13498,2972616,11206,286423,27418,1670852,0.207877,35304,2932779,0.364879,39626,4603631,0.572756,8037679
4,2021-04-12,103238,7316282,62745,4016750,30259,3002875,10234,296657,51970,1683304,0.209427,50944,2983723,0.371217,63396,4667027,0.580644,8037679
4,2021-04-13,130881,7447163,82114,4098864,48598,3051473,169,296826,78200,1710174,0.21277,52364,3036087,0.377732,79234,4746261,0.590501,8037679
4,2021-04-14,135950,7583113,86595,4185459,49277,3100750,78,296904,75009,1725898,0.214726,60594,3096681,0.385271,76318,4822579,0.599996,8037679
4,2021-04-15,156495,7739608,104046,4289505,52378,3153128,71,296975,95726,1762111,0.219231,60356,3157037,0.39278,96569,4919148,0.612011,8037679
4,2021-04-16,143952,7883560,91247,4380752,52626,3205754,79,297054,83429,1786163,0.222224,60178,3217215,0.400267,84230,5003378,0.62249,8037679
4,2021-04-17,101728,7985288,63856,4444608,37847,3243601,25,297079,59488,1804884,0.224553,41941,3259156,0.405485,60662,5064040,0.630038,8037679
4,2021-04-18,56914,8042202,38435,4483043,18476,3262077,3,297082,31963,1813012,0.225564,24801,3283957,0.40857,32929,5096969,0.634134,8037679
4,2021-04-19,101491,8143693,66851,4549894,34622,3296699,18,297100,51434,1815269,0.225845,49798,3333755,0.414766,52055,5149024,0.640611,8037679
4,2021-04-20,131727,8275420,78417,4628311,53294,3349993,16,297116,68232,1821442,0.226613,63148,3396903,0.422622,69321,5218345,0.649235,8037679
4,2021-04-21,134934,8410354,88074,4716385,46803,3396796,57,297173,67872,1823859,0.226914,66624,3463527,0.430911,69041,5287386,0.657825,8037679
4,2021-04-22,141977,8552331,94208,4810593,47745,3444541,24,297197,63328,1810118,0.225204,78228,3541755,0.440644,64487,5351873,0.665848,8037679
4,2021-04-23,135456,8687787,88142,4898735,47290,3491831,24,297221,58721,1793703,0.223162,76354,3618109,0.450144,59939,5411812,0.673305,8037679
4,2021-04-24,99119,8786906,66904,4965639,32165,3523996,50,297271,45603,1787238,0.222357,53198,3671307,0.456762,46733,5458545,0.67912,8037679
4,2021-04-25,50474,8837380,35584,5001223,14863,3538859,27,297298,26354,1790109,0.222715,23965,3695272,0.459744,26836,5485381,0.682458,8037679
4,2021-04-26,92307,8929687,60545,5061768,31362,3570221,400,297698,36310,1772496,0.220523,55678,3750950,0.466671,38065,5523446,0.687194,8037679
4,2021-04-27,114141,9043828,69757,5131525,42063,3612284,2321,300019,41093,1744009,0.216979,72707,3823657,0.475717,44220,5567666,0.692696,8037679
4,2021-04-28,104662,9148490,68378,5199903,33745,3646029,2539,302558,38280,1719469,0.213926,66024,3889681,0.483931,41484,5609150,0.697857,8037679
4,2021-04-29,106019,9254509,67728,5267631,35756,3681785,2535,305093,34255,1685465,0.209695,71399,3961080,0.492814,37395,5646545,0.702509,8037679
4,2021-04-30,105750,9360259,67012,5334643,36030,3717815,2708,307801,36352,1656199,0.206054,68991,4030071,0.501397,39725,5686270,0.707452,8037679
4,2021-05-01,69649,9429908,46228,5380871,21642,3739457,1779,309580,20284,1629837,0.202775,49069,4079140,0.507502,22707,5708977,0.710277,8037679
4,2021-05-02,37726,9467634,26769,5407640,9663,3749120,1294,310874,10585,1614848,0.20091,27014,4106154,0.510863,12025,5721002,0.711773,8037679
4,2021-05-03,79436,9547070,55426,5463066,21517,3770637,2493,313367,19319,1577184,0.196224,59849,4166003,0.518309,22185,5743187,0.714533,8037679
4,2021-05-04,101632,9648702,69586,5532652,29275,3799912,2771,316138,22786,1524602,0.189682,78537,4244540,0.52808,25955,5769142,0.717762,8037679
4,2021-05-05,102511,9751213,72285,5604937,27481,3827393,2745,318883,22244,1469983,0.182887,79913,4324453,0.538023,25294,5794436,0.720909,8037679
4,2021-05-06,112312,9863525,84160,5689097,25205,3852598,2947,321830,19774,1401782,0.174401,92045,4416498,0.549474,23844,5818280,0.723876,8037679
4,2021-05-07,105141,9968666,75575,5764672,26881,3879479,2685,324515,20768,1341673,0.166923,83980,4500478,0.559923,23871,5842151,0.726846,8037679
4,2021-05-08,70027,10038693,48275,5812947,19819,3899298,1933,326448,13876,1301946,0.16198,55895,4556373,0.566877,16168,5858319,0.728857,8037679
4,2021-05-09,34386,10073079,28129,5841076,5309,3904607,948,327396,7529,1283768,0.159719,26746,4583119,0.570204,8568,5866887,0.729923,8037679
4,2021-05-10,65326,10138405,43740,5884816,19258,3923865,2328,329724,11069,1243452,0.154703,54026,4637145,0.576926,13710,5880597,0.731629,8037679
4,2021-05-11,83452,10221857,52225,5937041,29032,3952897,2195,331919,15880,1194762,0.148645,67307,4704452,0.5853,18617,5899214,0.733945,8037679
4,2021-05-12,79920,10301777,53126,5990167,24320,3977217,2474,334393,16644,1151363,0.143246,62973,4767425,0.593135,19574,5918788,0.73638,8037679
4,2021-05-13,104845,10406622,77167,6067334,26143,4003360,1535,335928,40606,1130667,0.140671,63900,4831325,0.601085,43204,5961992,0.741755,8037679
4,2021-05-14,105258,10511880,74335,6141669,28789,4032149,2134,338062,40564,1109546,0.138043,64358,4895683,0.609092,43237,6005229,0.747135,8037679
4,2021-05-15,85819,10597699,66345,6208014,18143,4050292,1331,339393,37864,1101342,0.137022,47705,4943388,0.615027,39501,6044730,0.752049,8037679
4,2021-05-16,51669,10649368,41632,6249646,9323,4059615,714,340107,21166,1093017,0.135987,30347,4973735,0.618802,22022,6066752,0.754789,8037679
4,2021-05-17,71309,10720677,52069,6301715,17397,4077012,1843,341950,28194,1080394,0.134416,42897,5016632,0.624139,30274,6097026,0.758556,8037679
4,2021-05-18,81884,10802561,53231,6354946,26899,4103911,1754,343704,29258,1059510,0.131818,52263,5068895,0.630642,31379,6128405,0.76246,8037679
4,2021-05-19,76906,10879467,51980,6406926,22983,4126894,1943,345647,30885,1046918,0.130251,45710,5114605,0.636329,33118,6161523,0.76658,8037679
4,2021-05-20,69142,10948609,44456,6451382,22688,4149582,1998,347645,25623,1031663,0.128353,43224,5157829,0.641706,27969,6189492,0.77006,8037679
4,2021-05-21,73665,11022274,48577,6499959,23226,4172808,1862,349507,25985,1012402,0.125957,47377,5205206,0.647601,28116,6217608,0.773558,8037679
4,2021-05-22,49858,11072132,34938,6534897,13645,4186453,1275,350782,21668,1007560,0.125355,28020,5233226,0.651087,23178,6240786,0.776441,8037679
4,2021-05-23,23981,11096113,17111,6552008,6147,4192600,723,351505,9759,1004055,0.124919,14098,5247324,0.652841,10593,6251379,0.777759,8037679
4,2021-05-24,43069,11139182,27392,6579400,12675,4205275,3002,354507,15057,994527,0.123733,27786,5275110,0.656298,18258,6269637,0.780031,8037679
4,2021-05-25,44897,11184079,27887,6607287,14184,4219459,2826,357333,15859,984652,0.122505,28791,5303901,0.65988,18916,6288553,0.782384,8037679
4,2021-05-26,44619,11228698,26729,6634016,15287,4234746,2603,359936,15832,974702,0.121267,28558,5332459,0.663433,18608,6307161,0.784699,8037679
4,2021-05-27,38911,11267609,23334,6657350,12440,4247186,3137,363073,14647,968602,0.120508,24054,5356513,0.666425,17954,6325115,0.786933,8037679
4,2021-05-28,43290,11310899,27562,6684912,14124,4261310,1604,364677,18856,965126,0.120075,24162,5380675,0.669431,20686,6345801,0.789507,8037679
4,2021-05-29,23699,11334598,15376,6700288,7390,4268700,933,365610,10891,964422,0.119988,12661,5393336,0.671007,11957,6357758,0.790994,8037679
4,2021-05-30,12105,11346703,8506,6708794,3072,4271772,527,366137,5025,963034,0.119815,7011,5400347,0.671879,5623,6363381,0.791694,8037679
4,2021-05-31,3582,11350285,2277,6711071,1143,4272915,162,366299,1141,961970,0.119683,2386,5402733,0.672176,1322,6364703,0.791858,8037679
4,2021-06-01,39455,11389740,24521,6735592,12493,4285408,2441,368740,13017,951428,0.118371,26216,5428949,0.675437,15674,6380377,0.793808,8037679
4,2021-06-02,32623,11422363,20374,6755966,9452,4294860,2797,371537,10878,943696,0.117409,21557,5450506,0.678119,13825,6394202,0.795528,8037679
4,2021-06-03,48060,11470423,36866,6792832,8739,4303599,2455,373992,10338,919250,0.114368,37549,5488055,0.682791,13103,6407305,0.797159,8037679
4,2021-06-04,54806,11525229,44119,6836951,9360,4312959,1327,375319,12706,892236,0.111007,41860,5529915,0.687999,14846,6422151,0.799006,8037679
4,2021-06-05,44811,11570040,38370,6875321,5445,4318404,996,376315,8722,866319,0.107782,35932,5565847,0.692469,10015,6432166,0.800252,8037679
4,2021-06-06,21236,11591276,18949,6894270,1723,4320127,564,376879,3941,854031,0.106253,17190,5583037,0.694608,4902,6437068,0.800862,8037679
4,2021-06-07,38712,11629988,31328,6925598,5464,4325591,1920,378799,8408,834482,0.103821,30165,5613202,0.698361,10616,6447684,0.802182,8037679
4,2021-06-08,40590,11670578,31837,6957435,6208,4331799,2545,381344,9419,815808,0.101498,30981,5644183,0.702216,12307,6459991,0.803713,8037679
4,2021-06-09,38944,11709522,30874,6988309,5709,4337508,2361,383705,7915,795581,0.098981,30859,5675042,0.706055,10632,6470623,0.805036,8037679
4,2021-06-10,37135,11746657,29252,7017561,5258,4342766,2625,386330,8404,778305,0.096832,28570,5703612,0.709609,11294,6481917,0.806441,8037679
4,2021-06-11,38290,11784947,30042,7047603,6235,4349001,2013,388343,9873,762286,0.094839,28258,5731870,0.713125,12239,6494156,0.807964,8037679
4,2021-06-12,26549,11811496,22084,7069687,3752,4352753,713,389056,6031,748840,0.093166,20412,5752282,0.715665,6966,6501122,0.808831,8037679
4,2021-06-13,10840,11822336,8564,7078251,1800,4354553,476,389532,2278,743205,0.092465,8496,5760778,0.716722,2861,6503983,0.809187,8037679
4,2021-06-14,28581,11850917,21379,7099630,4396,4358949,2806,392338,7798,733386,0.091244,20643,5781421,0.71929,10824,6514807,0.810533,8037679
4,2021-06-15,29943,11880860,21164,7120794,5376,4364325,3403,395741,8279,723824,0.090054,21501,5802922,0.721965,11939,6526746,0.812019,8037679
4,2021-06-16,26577,11907437,20030,7140824,3923,4368248,2624,398365,8006,716267,0.089114,18392,5821314,0.724253,10835,6537581,0.813367,8037679
4,2021-06-17,25134,11932571,18556,7159380,3683,4371931,2895,401260,7603,709612,0.088286,17343,5838657,0.726411,10688,6548269,0.814697,8037679
4,2021-06-18,26765,11959336,21109,7180489,4423,4376354,1233,402493,8258,701051,0.087221,18303,5856960,0.728688,9742,6558011,0.815909,8037679
4,2021-06-19,15746,11975082,12737,7193226,2308,4378662,701,403194,5056,696439,0.086647,10542,5867502,0.73,5930,6563941,0.816646,8037679
4,2021-06-20,7363,11982445,6066,7199292,991,4379653,306,403500,2619,694762,0.086438,4686,5872188,0.730583,3009,6566950,0.817021,8037679
4,2021-06-21,14577,11997022,10536,7209828,2902,4382555,1139,404639,7334,696242,0.086622,7157,5879345,0.731473,8637,6575587,0.818095,8037679
4,2021-06-22,20499,12017521,15971,7225799,3454,4386009,1074,405713,7110,691318,0.08601,13262,5892607,0.733123,8338,6583925,0.819133,8037679
4,2021-06-23,18391,12035912,14431,7240230,2970,4388979,990,406703,6705,687588,0.085546,11547,5904154,0.73456,7817,6591742,0.820105,8037679
4,2021-06-24,17578,12053490,13590,7253820,3000,4391979,988,407691,6553,684402,0.085149,10868,5915022,0.735912,7682,6599424,0.821061,8037679
4,2021-06-25,21539,12075029,16925,7270745,3568,4395547,1046,408737,7801,679817,0.084579,13600,5928622,0.737604,9015,6608439,0.822182,8037679
4,2021-06-26,13025,12088054,10596,7281341,1812,4397359,617,409354,4790,677202,0.084253,8133,5936755,0.738616,5518,6613957,0.822869,8037679
4,2021-06-27,6841,12094895,5540,7286881,958,4398317,343,409697,2879,676557,0.084173,3922,5940677,0.739104,3277,6617234,0.823277,8037679
4,2021-06-28,15038,12109933,12626,7299507,1558,4399875,854,410551,6033,674649,0.083936,8920,5949597,0.740213,7012,6624246,0.824149,8037679
4,2021-06-29,16445,12126378,12765,7312272,2877,4402752,803,411354,6353,671948,0.0836,9981,5959578,0.741455,7280,6631526,0.825055,8037679
4,2021-06-30,14526,12140904,11320,7323592,2469,4405221,737,412091,6029,670444,0.083413,8388,5967966,0.742499,6884,6638410,0.825911,8037679
4,2021-07-01,14432,12155336,11388,7334980,2303,4407524,741,412832,5910,668826,0.083211,8409,5976375,0.743545,6791,6645201,0.826756,8037679
4,2021-07-02,16752,12172088,13299,7348279,2692,4410216,761,413593,6852,666765,0.082955,9802,5986177,0.744764,7741,6652942,0.827719,8037679
4,2021-07-03,9154,12181242,7267,7355546,1477,4411693,410,414003,3966,666082,0.08287,5116,5991293,0.745401,4433,6657375,0.828271,8037679
4,2021-07-04,433,12181675,268,7355814,106,4411799,59,414062,191,666106,0.082873,237,5991530,0.74543,261,6657636,0.828303,8037679
4,2021-07-05,9191,12190866,7477,7363291,1299,4413098,415,414477,4172,665802,0.082835,4940,5996470,0.746045,4636,6662272,0.82888,8037679
4,2021-07-06,16443,12207309,12960,7376251,2683,4415781,800,415277,6058,662505,0.082425,10267,6006737,0.747322,6970,6669242,0.829747,8037679
4,2021-07-07,13688,12220997,10680,7386931,2230,4418011,778,416055,5166,660139,0.082131,8430,6015167,0.748371,6064,6675306,0.830502,8037679
4,2021-07-08,13183,12234180,10313,7397244,2040,4420051,830,416885,5153,658299,0.081902,7915,6023082,0.749356,6075,6681381,0.831258,8037679
4,2021-07-09,15364,12249544,11798,7409042,2631,4422682,935,417820,6249,656624,0.081693,8975,6032057,0.750472,7300,6688681,0.832166,8037679
4,2021-07-10,8807,12258351,6966,7416008,1443,4424125,398,418218,3704,655768,0.081587,5019,6037076,0.751097,4163,6692844,0.832684,8037679
4,2021-07-11,4971,12263322,3981,7419989,789,4424914,201,418419,2229,655527,0.081557,2701,6039777,0.751433,2460,6695304,0.83299,8037679
4,2021-07-12,13012,12276334,10316,7430305,1980,4426894,716,419135,5051,653513,0.081306,7883,6047660,0.752414,5869,6701173,0.83372,8037679
4,2021-07-13,12754,12289088,9768,7440073,2356,4429250,630,419765,5432,652456,0.081175,7214,6054874,0.753311,6157,6707330,0.834486,8037679
4,2021-07-14,11658,12300746,9182,7449255,1929,4431179,547,420312,5050,651604,0.081069,6521,6061395,0.754123,5669,6712999,0.835191,8037679
4,2021-07-15,12388,12313134,9839,7459094,1964,4433143,585,420897,5658,651316,0.081033,6605,6068000,0.754944,6317,6719316,0.835977,8037679
4,2021-07-16,14902,12328036,11615,7470709,2619,4435762,668,421565,6863,651018,0.080996,7937,6075937,0.755932,7639,6726955,0.836928,8037679
4,2021-07-17,9291,12337327,7338,7478047,1631,4437393,322,421887,4384,650958,0.080988,4808,6080745,0.75653,4748,6731703,0.837518,8037679
4,2021-07-18,5350,12342677,4307,7482354,843,4438236,200,422087,2527,650944,0.080987,2764,6083509,0.756874,2750,6734453,0.83786,8037679
4,2021-07-19,12752,12355429,10116,7492470,1986,4440222,650,422737,6040,651093,0.081005,6621,6090130,0.757698,6770,6741223,0.838703,8037679
4,2021-07-20,13668,12369097,10541,7503011,2470,4442692,657,423394,6731,651771,0.081089,6791,6096921,0.758542,7469,6748692,0.839632,8037679
4,2021-07-21,12754,12381851,9898,7512909,2216,4444908,640,424034,6343,652536,0.081185,6276,6103197,0.759323,7041,6755733,0.840508,8037679
4,2021-07-22,13397,12395248,10457,7523366,2291,4447199,649,424683,6968,653916,0.081356,6298,6109495,0.760107,7678,6763411,0.841463,8037679
4,2021-07-23,15597,12410845,12041,7535407,2871,4450070,685,425368,8180,655617,0.081568,7251,6116746,0.761009,8952,6772363,0.842577,8037679
4,2021-07-24,9554,12420399,7484,7542891,1743,4451813,327,425695,4903,656385,0.081664,4513,6121259,0.76157,5281,6777644,0.843234,8037679
4,2021-07-25,4741,12425140,3736,7546627,852,4452665,153,425848,3346,658560,0.081934,1339,6122598,0.761737,3514,6781158,0.843671,8037679
4,2021-07-26,12861,12438001,10095,7556722,2108,4454773,658,426506,7483,661521,0.082302,5236,6127834,0.762388,8197,6789355,0.844691,8037679
4,2021-07-27,14191,12452192,10894,7567616,2546,4457319,751,427257,7652,663577,0.082558,6388,6134222,0.763183,8444,6797799,0.845742,8037679
4,2021-07-28,13055,12465247,10008,7577624,2373,4459692,674,427931,7251,665923,0.08285,5637,6139859,0.763885,7983,6805782,0.846735,8037679
4,2021-07-29,13342,12478589,10394,7588018,2255,4461947,693,428624,7506,668586,0.083181,5622,6145481,0.764584,8285,6814067,0.847766,8037679
4,2021-07-30,15621,12494210,12035,7600053,2836,4464783,750,429374,8502,671188,0.083505,6761,6152242,0.765425,9363,6823430,0.84893,8037679
4,2021-07-31,9602,12503812,7516,7607569,1698,4466481,388,429762,5450,673106,0.083744,3961,6156203,0.765918,5879,6829309,0.849662,8037679
4,2021-08-01,5399,12509211,4466,7612035,772,4467253,161,429923,3192,674391,0.083904,2103,6158306,0.76618,3388,6832697,0.850083,8037679
4,2021-08-02,13770,12522981,11054,7623089,2033,4469286,683,430606,8071,677714,0.084317,5500,6163806,0.766864,8823,6841520,0.851181,8037679
4,2021-08-03,14322,12537303,11031,7634120,2569,4471855,722,431328,8264,680941,0.084719,5836,6169642,0.76759,9063,6850583,0.852309,8037679
4,2021-08-04,8613,12545916,6579,7640699,1481,4473336,553,431881,4787,682635,0.084929,3699,6173341,0.76805,5393,6855976,0.85298,8037679
