hpiquartile,administered_date,total_doses,cumulative_total_doses,pfizer_doses,cumulative_pfizer_doses,moderna_doses,cumulative_moderna_doses,jj_doses,cumulative_jj_doses,partially_vaccinated,total_partially_vaccinated,pct_age16pop_partially_vaccinated,fully_vaccinated,cumulative_fully_vaccinated,pct_age16pop_fully_vaccinated,at_least_one_dose,cumulative_at_least_one_dose,pct_age16pop_at_least_one_dose,age16_population
1,2020-12-15,144,144,144,144,0,0,0,0,144,144,1.8e-05,0,0,0.0,144,144,1.8e-05,8051741
1,2020-12-16,1276,1420,1276,1420,0,0,0,0,1276,1420,0.000176,0,0,0.0,1276,1420,0.000176,8051741
1,2020-12-17,4101,5521,4101,5521,0,0,0,0,4102,5522,0.000686,0,0,0.0,4102,5522,0.000686,8051741
1,2020-12-18,6073,11594,6032,11553,41,41,0,0,6078,11600,0.001441,0,0,0.0,6078,11600,0.001441,8051741
1,2020-12-19,2782,14376,2781,14334,1,42,0,0,2782,14381,0.001786,1,1,0.0,2782,14382,0.001786,8051741
1,2020-12-20,2030,16406,2027,16361,3,45,0,0,2032,16413,0.002038,0,1,0.0,2032,16414,0.002039,8051741
1,2020-12-21,7853,24259,7840,24201,13,58,0,0,7908,24321,0.003021,0,1,0.0,7908,24322,0.003021,8051741
1,2020-12-22,7387,31646,6944,31145,443,501,0,0,7391,31711,0.003938,1,2,0.0,7391,31713,0.003939,8051741
1,2020-12-23,7585,39231,6323,37468,1262,1763,0,0,7583,39294,0.00488,0,2,0.0,7583,39296,0.00488,8051741
1,2020-12-24,3266,42497,2323,39791,943,2706,0,0,3267,42561,0.005286,0,2,0.0,3267,42563,0.005286,8051741
1,2020-12-25,230,42727,147,39938,83,2789,0,0,230,42791,0.005315,0,2,0.0,230,42793,0.005315,8051741
1,2020-12-26,1328,44055,966,40904,362,3151,0,0,1328,44118,0.005479,1,3,0.0,1328,44121,0.00548,8051741
1,2020-12-27,851,44906,526,41430,325,3476,0,0,852,44970,0.005585,0,3,0.0,852,44973,0.005586,8051741
1,2020-12-28,7180,52086,4974,46404,2206,5682,0,0,7179,52149,0.006477,0,3,0.0,7179,52152,0.006477,8051741
1,2020-12-29,8725,60811,4961,51365,3764,9446,0,0,8721,60868,0.00756,2,5,1e-06,8721,60873,0.00756,8051741
1,2020-12-30,11279,72090,6253,57618,5026,14472,0,0,11300,72168,0.008963,0,5,1e-06,11300,72173,0.008964,8051741
1,2020-12-31,5759,77849,1877,59495,3882,18354,0,0,5936,78104,0.0097,0,5,1e-06,5936,78109,0.009701,8051741
1,2021-01-01,481,78330,157,59652,324,18678,0,0,480,78584,0.00976,0,5,1e-06,480,78589,0.00976,8051741
1,2021-01-02,2724,81054,1616,61268,1108,19786,0,0,2823,81407,0.01011,0,5,1e-06,2823,81412,0.010111,8051741
1,2021-01-03,994,82048,532,61800,462,20248,0,0,994,82400,0.010234,1,6,1e-06,994,82406,0.010235,8051741
1,2021-01-04,7262,89310,3534,65334,3728,23976,0,0,7289,89688,0.011139,1,7,1e-06,7289,89695,0.01114,8051741
1,2021-01-05,10863,100173,5212,70546,5651,29627,0,0,10130,99097,0.012308,782,789,9.8e-05,10191,99886,0.012406,8051741
1,2021-01-06,14010,114183,7116,77662,6894,36521,0,0,12211,109526,0.013603,1788,2577,0.00032,12217,112103,0.013923,8051741
1,2021-01-07,17671,131854,9265,86927,8406,44927,0,0,13307,118606,0.01473,4232,6809,0.000846,13312,125415,0.015576,8051741
1,2021-01-08,20062,151916,10322,97249,9740,54667,0,0,14352,127255,0.015805,5708,12517,0.001555,14357,139772,0.017359,8051741
1,2021-01-09,6488,158404,3261,100510,3227,57894,0,0,4787,130288,0.016181,1757,14274,0.001773,4790,144562,0.017954,8051741
1,2021-01-10,3001,161405,1706,102216,1295,59189,0,0,1849,130992,0.016269,1146,15420,0.001915,1850,146412,0.018184,8051741
1,2021-01-11,18324,179729,12070,114286,6254,65443,0,0,11430,135701,0.016854,6763,22183,0.002755,11472,157884,0.019609,8051741
1,2021-01-12,19188,198917,10756,125042,8432,73875,0,0,13142,142868,0.017744,6030,28213,0.003504,13197,171081,0.021248,8051741
1,2021-01-13,19759,218676,10460,135502,9299,83174,0,0,14803,152705,0.018965,4981,33194,0.004123,14818,185899,0.023088,8051741
1,2021-01-14,22287,240963,9327,144829,12960,96134,0,0,19616,169782,0.021086,2595,35789,0.004445,19672,205571,0.025531,8051741
1,2021-01-15,25325,266288,9497,154326,15828,111962,0,0,23354,191234,0.023751,1968,37757,0.004689,23420,228991,0.02844,8051741
1,2021-01-16,14119,280407,4511,158837,9608,121570,0,0,13372,203769,0.025307,839,38596,0.004793,13374,242365,0.030101,8051741
1,2021-01-17,5951,286358,1930,160767,4021,125591,0,0,5759,209166,0.025978,367,38963,0.004839,5764,248129,0.030817,8051741
1,2021-01-18,14813,301171,8974,169741,5839,131430,0,0,11491,217399,0.027,3320,42283,0.005251,11553,259682,0.032252,8051741
1,2021-01-19,24156,325327,12845,182586,11311,142741,0,0,19037,231375,0.028736,5107,47390,0.005886,19083,278765,0.034622,8051741
1,2021-01-20,27434,352761,13277,195863,14157,156898,0,0,22101,248191,0.030825,5312,52702,0.006545,22128,300893,0.03737,8051741
1,2021-01-21,30981,383742,14973,210836,16008,172906,0,0,28161,273565,0.033976,2880,55582,0.006903,28254,329147,0.040879,8051741
1,2021-01-22,27215,410957,10890,221726,16325,189231,0,0,25388,297098,0.036899,1874,57456,0.007136,25407,354554,0.044034,8051741
1,2021-01-23,18288,429245,8079,229805,10209,199440,0,0,16459,311726,0.038715,1842,59298,0.007365,16470,371024,0.04608,8051741
1,2021-01-24,6421,435666,4072,233877,2349,201789,0,0,5793,316884,0.039356,638,59936,0.007444,5796,376820,0.0468,8051741
1,2021-01-25,25325,460991,10125,244002,15200,216989,0,0,19870,331381,0.041156,5513,65449,0.008129,20010,396830,0.049285,8051741
1,2021-01-26,28299,489290,13282,257284,15017,232006,0,0,21764,346651,0.043053,6526,71975,0.008939,21796,418626,0.051992,8051741
1,2021-01-27,30796,520086,15296,272580,15500,247506,0,0,23044,361930,0.044951,7788,79763,0.009906,23067,441693,0.054857,8051741
1,2021-01-28,34252,554338,16230,288810,18022,265528,0,0,27801,383087,0.047578,6697,86460,0.010738,27854,469547,0.058316,8051741
1,2021-01-29,33578,587916,16428,305238,17150,282678,0,0,27522,404332,0.050217,6323,92783,0.011523,27568,497115,0.06174,8051741
1,2021-01-30,20495,608411,8577,313815,11918,294596,0,0,18528,420900,0.052274,1968,94751,0.011768,18536,515651,0.064042,8051741
1,2021-01-31,8385,616796,5168,318983,3217,297813,0,0,7961,428130,0.053172,733,95484,0.011859,7963,523614,0.065031,8051741
1,2021-02-01,27838,644634,12030,331013,15808,313621,0,0,20789,441682,0.054855,7241,102725,0.012758,20793,544407,0.067614,8051741
1,2021-02-02,31348,675982,11314,342327,20034,333655,0,0,23625,457594,0.056832,7745,110470,0.01372,23657,568064,0.070552,8051741
1,2021-02-03,38804,714786,14674,357001,24130,357785,0,0,28224,475242,0.059024,10605,121075,0.015037,28253,596317,0.074061,8051741
1,2021-02-04,43921,758707,16998,373999,26923,384708,0,0,32082,495427,0.06153,11942,133017,0.01652,32127,628444,0.078051,8051741
1,2021-02-05,46468,805175,17257,391256,29211,413919,0,0,30775,510488,0.063401,15761,148778,0.018478,30822,659266,0.081879,8051741
1,2021-02-06,26159,831334,10499,401755,15660,429579,0,0,20379,525141,0.065221,5740,154518,0.019191,20393,679659,0.084411,8051741
1,2021-02-07,6013,837347,3824,405579,2189,431768,0,0,4484,528125,0.065591,1519,156037,0.019379,4503,684162,0.084971,8051741
1,2021-02-08,30883,868230,14037,419616,16846,448614,0,0,20573,538392,0.066867,10382,166419,0.020669,20649,704811,0.087535,8051741
1,2021-02-09,37727,905957,16341,435957,21386,470000,0,0,22966,546598,0.067886,14841,181260,0.022512,23047,727858,0.090398,8051741
1,2021-02-10,46163,952120,21670,457627,24493,494493,0,0,26899,554172,0.068826,19402,200662,0.024922,26976,754834,0.093748,8051741
1,2021-02-11,51014,1003134,25502,483129,25512,520005,0,0,30625,564166,0.070068,20727,221389,0.027496,30721,785555,0.097563,8051741
1,2021-02-12,49276,1052410,21015,504144,28261,548266,0,0,28648,572273,0.071074,20666,242055,0.030062,28773,814328,0.101137,8051741
1,2021-02-13,26539,1078949,10980,515124,15559,563825,0,0,15194,576254,0.071569,11293,253348,0.031465,15274,829602,0.103034,8051741
1,2021-02-14,12152,1091101,5292,520416,6860,570685,0,0,6509,577212,0.071688,5622,258970,0.032163,6580,836182,0.103851,8051741
1,2021-02-15,23347,1114448,9137,529553,14210,584895,0,0,14218,582421,0.072335,9141,268111,0.033299,14350,850532,0.105633,8051741
1,2021-02-16,45186,1159634,21560,551113,23626,608521,0,0,27198,591605,0.073475,18130,286241,0.03555,27314,877846,0.109026,8051741
1,2021-02-17,47132,1206766,23997,575110,23135,631656,0,0,26318,597212,0.074172,20851,307092,0.03814,26458,904304,0.112312,8051741
1,2021-02-18,49828,1256594,24773,599883,25055,656711,0,0,26429,600426,0.074571,23432,330524,0.04105,26646,930950,0.115621,8051741
1,2021-02-19,45178,1301772,24435,624318,20743,677454,0,0,26646,608572,0.075583,18573,349097,0.043357,26719,957669,0.118939,8051741
1,2021-02-20,25507,1327279,15537,639855,9970,687424,0,0,14952,612795,0.076107,10806,359903,0.044699,15029,972698,0.120806,8051741
1,2021-02-21,9293,1336572,8221,648076,1072,688496,0,0,5842,615045,0.076387,3636,363539,0.04515,5886,978584,0.121537,8051741
1,2021-02-22,30394,1366966,20609,668685,9785,698281,0,0,19143,622600,0.077325,11681,375220,0.046601,19236,997820,0.123926,8051741
1,2021-02-23,42671,1409637,20505,689190,22166,720447,0,0,24332,628917,0.078109,18356,393576,0.048881,24673,1022493,0.12699,8051741
1,2021-02-24,54154,1463791,26918,716108,27236,747683,0,0,32389,639701,0.079449,22050,415626,0.051619,32834,1055327,0.131068,8051741
1,2021-02-25,64759,1528550,31674,747782,33085,780768,0,0,41255,657732,0.081688,23723,439349,0.054566,41754,1097081,0.136254,8051741
1,2021-02-26,72241,1600791,33698,781480,38543,819311,0,0,48858,683236,0.084856,23814,463163,0.057523,49318,1146399,0.142379,8051741
1,2021-02-27,48178,1648969,20611,802091,27566,846877,1,1,31813,698537,0.086756,16776,479939,0.059607,32077,1178476,0.146363,8051741
1,2021-02-28,18713,1667682,10879,812970,7834,854711,0,1,13819,707188,0.08783,5319,485258,0.060267,13970,1192446,0.148098,8051741
1,2021-03-01,42939,1710621,19287,832257,23646,878357,6,7,28360,720776,0.089518,15012,500270,0.062132,28600,1221046,0.15165,8051741
1,2021-03-02,57179,1767800,23287,855544,33890,912247,2,9,37060,738116,0.091672,20376,520646,0.064663,37716,1258762,0.156334,8051741
1,2021-03-03,68610,1836410,33140,888684,35459,947706,11,20,41991,754283,0.093679,26423,547069,0.067944,42590,1301352,0.161624,8051741
1,2021-03-04,75213,1911623,35161,923845,40023,987729,29,49,48569,776894,0.096488,26490,573559,0.071234,49101,1350453,0.167722,8051741
1,2021-03-05,73947,1985570,32677,956522,41076,1028805,194,243,50015,804033,0.099858,23700,597259,0.074178,50839,1401292,0.174036,8051741
1,2021-03-06,55420,2040990,27122,983644,27022,1055827,1276,1519,38719,827759,0.102805,16707,613966,0.076253,40433,1441725,0.179058,8051741
1,2021-03-07,18986,2059976,12086,995730,6113,1061940,787,2306,14304,838441,0.104132,4662,618628,0.076832,15344,1457069,0.180963,8051741
1,2021-03-08,41929,2101905,20099,1015829,19986,1081926,1844,4150,29199,857235,0.106466,12581,631209,0.078394,31375,1488444,0.18486,8051741
1,2021-03-09,58393,2160298,25331,1041160,30666,1112592,2396,6546,35908,873511,0.108487,22384,653593,0.081174,38660,1527104,0.189661,8051741
1,2021-03-10,70730,2231028,34984,1076144,31649,1144241,4097,10643,44770,896940,0.111397,25826,679419,0.084382,49255,1576359,0.195779,8051741
1,2021-03-11,86163,2317191,39901,1116045,38947,1183188,7315,17958,51706,922200,0.114534,34228,713647,0.088633,59488,1635847,0.203167,8051741
1,2021-03-12,95164,2412355,41529,1157574,40773,1223961,12862,30820,54703,949907,0.117975,40352,753999,0.093644,68059,1703906,0.21162,8051741
1,2021-03-13,62349,2474704,28753,1186327,26042,1250003,7554,38374,40132,975823,0.121194,22134,776133,0.096393,48050,1751956,0.217587,8051741
1,2021-03-14,26672,2501376,14236,1200563,8848,1258851,3588,41962,15754,984454,0.122266,10920,787053,0.097749,19551,1771507,0.220015,8051741
1,2021-03-15,65096,2566472,29525,1230088,28877,1287728,6694,48656,37917,1002456,0.124502,26990,814043,0.101101,44992,1816499,0.225603,8051741
1,2021-03-16,85024,2651496,39291,1269379,40270,1327998,5463,54119,53680,1030773,0.128019,31214,845257,0.104978,59531,1876030,0.232997,8051741
1,2021-03-17,91813,2743309,45540,1314919,39887,1367885,6386,60505,58296,1062490,0.131958,33402,878659,0.109127,65119,1941149,0.241084,8051741
1,2021-03-18,94804,2838113,49446,1364365,39671,1407556,5687,66192,57892,1089990,0.135373,36558,915217,0.113667,64058,2005207,0.24904,8051741
1,2021-03-19,102263,2940376,53112,1417477,42762,1450318,6389,72581,61025,1116918,0.138718,41003,956220,0.118759,67931,2073138,0.257477,8051741
1,2021-03-20,68001,3008377,35541,1453018,27596,1477914,4864,77445,45086,1144326,0.142122,22806,979026,0.121592,50214,2123352,0.263713,8051741
1,2021-03-21,25959,3034336,18011,1471029,6213,1484127,1735,79180,16891,1154070,0.143332,8978,988004,0.122707,18722,2142074,0.266039,8051741
1,2021-03-22,57034,3091370,29974,1501003,24150,1508277,2910,82090,39292,1179005,0.146429,17623,1005627,0.124896,42558,2184632,0.271324,8051741
1,2021-03-23,81673,3173043,41815,1542818,36550,1544827,3308,85398,54130,1209513,0.150218,27390,1033017,0.128297,57898,2242530,0.278515,8051741
1,2021-03-24,87072,3260115,45032,1587850,37923,1582750,4117,89515,53047,1233018,0.153137,33862,1066879,0.132503,57367,2299897,0.28564,8051741
1,2021-03-25,92480,3352595,47967,1635817,39320,1622070,5193,94708,53754,1253707,0.155706,38498,1105377,0.137284,59187,2359084,0.292991,8051741
1,2021-03-26,102103,3454698,49359,1685176,46648,1668718,6096,100804,57542,1273349,0.158146,44329,1149706,0.14279,63971,2423055,0.300936,8051741
1,2021-03-27,70870,3525568,37435,1722611,29835,1698553,3600,104404,36683,1279824,0.15895,34020,1183726,0.147015,40495,2463550,0.305965,8051741
1,2021-03-28,31325,3556893,20543,1743154,9573,1708126,1209,105613,17041,1284181,0.159491,14222,1197948,0.148781,18579,2482129,0.308272,8051741
1,2021-03-29,63691,3620584,32345,1775499,28838,1736964,2508,108121,36955,1297260,0.161115,26618,1224566,0.152087,39697,2521826,0.313203,8051741
1,2021-03-30,89047,3709631,44354,1819853,39249,1776213,5444,113565,52148,1318106,0.163704,36896,1261462,0.156669,57742,2579568,0.320374,8051741
1,2021-03-31,97571,3807202,52033,1871886,39860,1816073,5678,119243,56152,1338838,0.166279,41210,1302672,0.161788,61942,2641510,0.328067,8051741
1,2021-04-01,105842,3913044,51191,1923077,46861,1862934,7790,127033,56372,1353865,0.168146,49252,1351924,0.167905,64279,2705789,0.33605,8051741
1,2021-04-02,104959,4018003,47373,1970450,48629,1911563,8957,135990,54636,1367756,0.169871,49982,1401906,0.174112,63873,2769662,0.343983,8051741
1,2021-04-03,74817,4092820,38237,2008687,27794,1939357,8786,144776,36315,1374600,0.170721,38376,1440282,0.178878,45220,2814882,0.349599,8051741
1,2021-04-04,22316,4115136,11201,2019888,8061,1947418,3054,147830,9663,1374701,0.170733,12622,1452904,0.180446,12723,2827605,0.351179,8051741
1,2021-04-05,71157,4186293,34855,2054743,27711,1975129,8591,156421,34397,1381268,0.171549,36646,1489550,0.184997,43213,2870818,0.356546,8051741
1,2021-04-06,100990,4287283,49161,2103904,36451,2011580,15378,171799,47109,1390194,0.172658,53680,1543230,0.191664,62606,2933424,0.364322,8051741
1,2021-04-07,105896,4393179,51219,2155123,38291,2049871,16386,188185,49335,1399647,0.173832,56372,1599602,0.198665,65825,2999249,0.372497,8051741
1,2021-04-08,112432,4505611,53584,2208707,38879,2088750,19969,208154,51463,1410414,0.175169,60808,1660410,0.206218,71575,3070824,0.381386,8051741
1,2021-04-09,84730,4590341,34749,2243456,36377,2125127,13604,221758,38076,1415773,0.175834,46490,1706900,0.211991,51849,3122673,0.387826,8051741
1,2021-04-10,58938,4649279,23534,2266990,20878,2146005,14526,236284,23152,1417885,0.176097,35694,1742594,0.216424,37806,3160479,0.392521,8051741
1,2021-04-11,11500,4660779,5068,2272058,4219,2150224,2213,238497,4566,1417758,0.176081,6908,1749502,0.217282,6781,3167260,0.393363,8051741
2,2020-12-15,227,227,227,227,0,0,0,0,233,233,3e-05,0,0,0.0,233,233,3e-05,7897587
2,2020-12-16,1908,2135,1908,2135,0,0,0,0,1917,2150,0.000272,0,0,0.0,1917,2150,0.000272,7897587
2,2020-12-17,6601,8736,6601,8736,0,0,0,0,6645,8795,0.001114,0,0,0.0,6645,8795,0.001114,7897587
2,2020-12-18,11014,19750,10993,19729,21,21,0,0,11076,19871,0.002516,0,0,0.0,11076,19871,0.002516,7897587
2,2020-12-19,5690,25440,5686,25415,4,25,0,0,5692,25563,0.003237,0,0,0.0,5692,25563,0.003237,7897587
2,2020-12-20,4375,29815,4369,29784,6,31,0,0,4371,29934,0.00379,0,0,0.0,4371,29934,0.00379,7897587
2,2020-12-21,12440,42255,12403,42187,37,68,0,0,12431,42365,0.005364,0,0,0.0,12431,42365,0.005364,7897587
2,2020-12-22,11824,54079,11375,53562,449,517,0,0,11827,54192,0.006862,0,0,0.0,11827,54192,0.006862,7897587
2,2020-12-23,11498,65577,9337,62899,2161,2678,0,0,11508,65700,0.008319,0,0,0.0,11508,65700,0.008319,7897587
2,2020-12-24,5770,71347,3416,66315,2354,5032,0,0,5769,71469,0.009049,0,0,0.0,5769,71469,0.009049,7897587
2,2020-12-25,477,71824,401,66716,76,5108,0,0,478,71947,0.00911,0,0,0.0,478,71947,0.00911,7897587
2,2020-12-26,2531,74355,1663,68379,868,5976,0,0,2534,74481,0.009431,0,0,0.0,2534,74481,0.009431,7897587
2,2020-12-27,2203,76558,1193,69572,1010,6986,0,0,2202,76682,0.00971,1,1,0.0,2202,76683,0.00971,7897587
2,2020-12-28,10604,87162,6909,76481,3695,10681,0,0,10606,87287,0.011052,1,2,0.0,10606,87289,0.011053,7897587
2,2020-12-29,12659,99821,7157,83638,5502,16183,0,0,12663,99950,0.012656,0,2,0.0,12663,99952,0.012656,7897587
2,2020-12-30,15465,115286,8754,92392,6711,22894,0,0,15522,115472,0.014621,0,2,0.0,15522,115474,0.014621,7897587
2,2020-12-31,7467,122753,2804,95196,4663,27557,0,0,7556,123027,0.015578,1,3,0.0,7556,123030,0.015578,7897587
2,2021-01-01,1052,123805,508,95704,544,28101,0,0,1056,124082,0.015711,1,4,1e-06,1056,124086,0.015712,7897587
2,2021-01-02,4831,128636,2791,98495,2040,30141,0,0,4828,128910,0.016323,0,4,1e-06,4828,128914,0.016323,7897587
2,2021-01-03,1403,130039,777,99272,626,30767,0,0,1383,130290,0.016497,3,7,1e-06,1383,130297,0.016498,7897587
2,2021-01-04,11586,141625,5489,104761,6097,36864,0,0,11574,141859,0.017962,5,12,2e-06,11574,141871,0.017964,7897587
2,2021-01-05,13469,155094,6814,111575,6655,43519,0,0,12351,153083,0.019384,1136,1148,0.000145,12360,154231,0.019529,7897587
2,2021-01-06,18863,173957,10532,122107,8331,51850,0,0,15071,164342,0.020809,3818,4966,0.000629,15077,169308,0.021438,7897587
2,2021-01-07,22863,196820,12817,134924,10046,61896,0,0,15542,172501,0.021842,7395,12361,0.001565,15554,184862,0.023407,7897587
2,2021-01-08,25934,222754,15920,150844,10014,71910,0,0,15962,178539,0.022607,9938,22299,0.002824,15976,200838,0.02543,7897587
2,2021-01-09,9390,232144,5387,156231,4003,75913,0,0,6135,181378,0.022966,3300,25599,0.003241,6139,206977,0.026208,7897587
2,2021-01-10,5239,237383,2905,159136,2334,78247,0,0,3035,182186,0.023069,2231,27830,0.003524,3039,210016,0.026592,7897587
2,2021-01-11,25512,262895,17550,176686,7962,86209,0,0,15024,186562,0.023623,10664,38494,0.004874,15040,225056,0.028497,7897587
2,2021-01-12,25305,288200,15827,192513,9478,95687,0,0,16120,193440,0.024494,9279,47773,0.006049,16157,241213,0.030543,7897587
2,2021-01-13,27520,315720,14585,207098,12935,108622,0,0,19807,205491,0.026019,7773,55546,0.007033,19824,261037,0.033053,7897587
2,2021-01-14,28957,344677,11237,218335,17720,126342,0,0,24938,226370,0.028663,4074,59620,0.007549,24953,285990,0.036212,7897587
2,2021-01-15,33900,378577,12518,230853,21382,147724,0,0,30778,254010,0.032163,3164,62784,0.00795,30804,316794,0.040113,7897587
2,2021-01-16,17288,395865,5544,236397,11744,159468,0,0,16059,268750,0.034029,1329,64113,0.008118,16069,332863,0.042147,7897587
2,2021-01-17,9944,405809,3507,239904,6437,165905,0,0,9270,277310,0.035113,715,64828,0.008209,9275,342138,0.043322,7897587
2,2021-01-18,18749,424558,10556,250460,8193,174098,0,0,14237,286978,0.036337,4590,69418,0.00879,14258,356396,0.045127,7897587
2,2021-01-19,31399,455957,16571,267031,14828,188926,0,0,23615,302845,0.038347,7858,77276,0.009785,23725,380121,0.048131,7897587
2,2021-01-20,36144,492101,17993,285024,18151,207077,0,0,27620,321985,0.04077,8566,85842,0.010869,27706,407827,0.051639,7897587
2,2021-01-21,39070,531171,16110,301134,22960,230037,0,0,34609,352248,0.044602,4470,90312,0.011435,34733,442560,0.056037,7897587
2,2021-01-22,38811,569982,16202,317336,22609,252646,0,0,35571,384598,0.048698,3252,93564,0.011847,35602,478162,0.060545,7897587
2,2021-01-23,23801,593783,10757,328093,13044,265690,0,0,20902,402648,0.050984,2880,96444,0.012212,20930,499092,0.063196,7897587
2,2021-01-24,12232,606015,6042,334135,6190,271880,0,0,11351,413136,0.052312,873,97317,0.012322,11361,510453,0.064634,7897587
2,2021-01-25,31883,637898,15417,349552,16466,288346,0,0,23453,428210,0.05422,8441,105758,0.013391,23515,533968,0.067612,7897587
2,2021-01-26,38897,676795,19476,369028,19421,307767,0,0,30211,449788,0.056953,8699,114457,0.014493,30277,564245,0.071445,7897587
2,2021-01-27,43943,720738,22469,391497,21474,329241,0,0,34340,474645,0.0601,9527,123984,0.015699,34384,598629,0.075799,7897587
2,2021-01-28,46698,767436,21899,413396,24799,354040,0,0,38408,504789,0.063917,8312,132296,0.016751,38456,637085,0.080668,7897587
2,2021-01-29,44092,811528,21639,435035,22453,376493,0,0,35789,532293,0.067399,8318,140614,0.017805,35822,672907,0.085204,7897587
2,2021-01-30,30753,842281,13520,448555,17233,393726,0,0,27619,556828,0.070506,3111,143725,0.018199,27646,700553,0.088705,7897587
2,2021-01-31,16431,858712,10086,458641,6345,400071,0,0,15244,570912,0.072289,1175,144900,0.018347,15259,715812,0.090637,7897587
2,2021-02-01,38872,897584,18624,477265,20248,420319,0,0,28587,589176,0.074602,10353,155253,0.019658,28617,744429,0.09426,7897587
2,2021-02-02,46657,944241,19320,496585,27337,447656,0,0,35476,613500,0.077682,11247,166500,0.021082,35571,780000,0.098764,7897587
2,2021-02-03,52167,996408,23099,519684,29068,476724,0,0,38873,639059,0.080918,13391,179891,0.022778,38950,818950,0.103696,7897587
2,2021-02-04,54188,1050596,23340,543024,30848,507572,0,0,39649,664164,0.084097,14631,194522,0.024631,39736,858686,0.108728,7897587
2,2021-02-05,58136,1108732,25681,568705,32455,540027,0,0,39799,685756,0.086831,18402,212924,0.026961,39994,898680,0.113792,7897587
2,2021-02-06,38958,1147690,18059,586764,20899,560926,0,0,31502,709935,0.089893,7402,220326,0.027898,31581,930261,0.117791,7897587
2,2021-02-07,15111,1162801,9861,596625,5250,566176,0,0,11276,717452,0.090844,3823,224149,0.028382,11340,941601,0.119226,7897587
2,2021-02-08,41427,1204228,20899,617524,20528,586704,0,0,28662,733522,0.092879,12780,236929,0.03,28850,970451,0.122879,7897587
2,2021-02-09,47407,1251635,22338,639862,25069,611773,0,0,29876,746062,0.094467,17653,254582,0.032235,30193,1000644,0.126702,7897587
2,2021-02-10,58207,1309842,27265,667127,30942,642715,0,0,34490,757096,0.095864,23805,278387,0.03525,34839,1035483,0.131114,7897587
2,2021-02-11,59971,1369813,27124,694251,32847,675562,0,0,34702,767016,0.09712,25258,303645,0.038448,35178,1070661,0.135568,7897587
2,2021-02-12,62512,1432325,27040,721291,35472,711034,0,0,33720,772470,0.097811,28908,332553,0.042108,34362,1105023,0.139919,7897587
2,2021-02-13,36374,1468699,15109,736400,21265,732299,0,0,21269,778822,0.098615,15295,347848,0.044045,21647,1126670,0.14266,7897587
2,2021-02-14,18976,1487675,8974,745374,10002,742301,0,0,11183,782385,0.099066,8006,355854,0.045059,11569,1138239,0.144125,7897587
2,2021-02-15,31773,1519448,14333,759707,17440,759741,0,0,18046,787599,0.099727,13666,369520,0.046789,18880,1157119,0.146516,7897587
2,2021-02-16,54887,1574335,27382,787089,27505,787246,0,0,29422,792307,0.100323,25417,394937,0.050007,30125,1187244,0.15033,7897587
2,2021-02-17,59425,1633760,30581,817670,28844,816090,0,0,29734,793086,0.100421,29799,424736,0.05378,30578,1217822,0.154202,7897587
2,2021-02-18,63454,1697214,32299,849969,31155,847245,0,0,31366,793401,0.100461,32213,456949,0.057859,32528,1250350,0.158321,7897587
2,2021-02-19,56587,1753801,31766,881735,24821,872066,0,0,28206,793636,0.100491,28577,485526,0.061478,28812,1279162,0.161969,7897587
2,2021-02-20,36219,1790020,23614,905349,12605,884671,0,0,20028,797982,0.101041,16369,501895,0.06355,20715,1299877,0.164592,7897587
2,2021-02-21,16858,1806878,13424,918773,3434,888105,0,0,8921,799563,0.101241,8086,509981,0.064574,9667,1309544,0.165816,7897587
2,2021-02-22,35148,1842026,24076,942849,11072,899177,0,0,17003,799075,0.10118,18205,528186,0.066879,17717,1327261,0.168059,7897587
2,2021-02-23,47630,1889656,24752,967601,22878,922055,0,0,21779,796478,0.100851,26304,554490,0.07021,23707,1350968,0.171061,7897587
2,2021-02-24,64752,1954408,32841,1000442,31911,953966,0,0,30279,794534,0.100605,34648,589138,0.074597,32704,1383672,0.175202,7897587
2,2021-02-25,70223,2024631,32311,1032753,37912,991878,0,0,36465,799760,0.101266,34114,623252,0.078917,39340,1423012,0.180183,7897587
2,2021-02-26,78370,2103001,33756,1066509,44614,1036492,0,0,42566,808510,0.102374,35984,659236,0.083473,44734,1467746,0.185847,7897587
2,2021-02-27,56908,2159909,26109,1092618,30795,1067287,4,4,31746,815904,0.103311,25680,684916,0.086725,33074,1500820,0.190035,7897587
2,2021-02-28,27481,2187390,16851,1109469,10630,1077917,0,4,17224,823321,0.10425,10704,695620,0.08808,18121,1518941,0.19233,7897587
2,2021-03-01,53225,2240615,27789,1137258,25426,1103343,10,14,30250,831476,0.105282,23323,718943,0.091033,31478,1550419,0.196316,7897587
2,2021-03-02,60184,2300799,27881,1165139,32300,1135643,3,17,35042,843425,0.106795,25606,744549,0.094276,37555,1587974,0.201071,7897587
2,2021-03-03,74561,2375360,35176,1200315,39383,1175026,2,19,41809,855158,0.108281,32733,777282,0.09842,44466,1632440,0.206701,7897587
2,2021-03-04,80303,2455663,38218,1238533,42063,1217089,22,41,47226,871723,0.110378,33080,810362,0.102609,49645,1682085,0.212987,7897587
2,2021-03-05,75142,2530805,35359,1273892,39492,1256581,291,332,45891,891154,0.112839,29190,839552,0.106305,48621,1730706,0.219144,7897587
2,2021-03-06,57589,2588394,28057,1301949,27913,1284494,1619,1951,35397,907527,0.114912,22130,861682,0.109107,38503,1769209,0.224019,7897587
2,2021-03-07,26678,2615072,15388,1317337,10361,1294855,929,2880,17430,917826,0.116216,9233,870915,0.110276,19532,1788741,0.226492,7897587
2,2021-03-08,47227,2662299,21370,1338707,23478,1318333,2379,5259,30071,934721,0.118355,17189,888104,0.112453,34084,1822825,0.230808,7897587
2,2021-03-09,61018,2723317,24532,1363239,32773,1351106,3713,8972,33049,944952,0.119651,27904,916008,0.115986,38135,1860960,0.235637,7897587
2,2021-03-10,72037,2795354,32788,1396027,33205,1384311,6044,15016,38648,957719,0.121267,33296,949304,0.120202,46063,1907023,0.241469,7897587
2,2021-03-11,88313,2883667,39913,1435940,40792,1425103,7608,22624,47442,973490,0.123264,40735,990039,0.12536,56506,1963529,0.248624,7897587
2,2021-03-12,88677,2972344,36164,1472104,41528,1466631,10985,33609,45192,987734,0.125068,43329,1033368,0.130846,57573,2021102,0.255914,7897587
2,2021-03-13,65619,3037963,27052,1499156,30797,1497428,7770,41379,36242,1003677,0.127087,29378,1062746,0.134566,45321,2066423,0.261652,7897587
2,2021-03-14,35299,3073262,17696,1516852,13254,1510682,4349,45728,18798,1011201,0.128039,16399,1079145,0.136642,23923,2090346,0.264682,7897587
2,2021-03-15,64066,3137328,27958,1544810,31331,1542013,4777,50505,36555,1026243,0.129944,27413,1106558,0.140113,42455,2132801,0.270057,7897587
2,2021-03-16,83575,3220903,36335,1581145,43307,1585320,3933,54438,52062,1052025,0.133208,31376,1137934,0.144086,57158,2189959,0.277295,7897587
2,2021-03-17,87527,3308430,41598,1622743,42074,1627394,3855,58293,57065,1083522,0.137197,30304,1168238,0.147923,61801,2251760,0.28512,7897587
2,2021-03-18,93102,3401532,43539,1666282,45296,1672690,4267,62560,59179,1113816,0.141032,33775,1202013,0.1522,64069,2315829,0.293232,7897587
2,2021-03-19,92387,3493919,43524,1709806,43105,1715795,5758,68318,56513,1140997,0.144474,35695,1237708,0.15672,62876,2378705,0.301194,7897587
2,2021-03-20,67993,3561912,32167,1741973,31999,1747794,3827,72145,45973,1169240,0.14805,21918,1259626,0.159495,50161,2428866,0.307545,7897587
2,2021-03-21,32732,3594644,21070,1763043,9691,1757485,1971,74116,21830,1182559,0.149737,10930,1270556,0.160879,24249,2453115,0.310616,7897587
2,2021-03-22,61165,3655809,33302,1796345,24822,1782307,3041,77157,41648,1208775,0.153056,19375,1289931,0.163332,45591,2498706,0.316389,7897587
2,2021-03-23,80248,3736057,42326,1838671,34983,1817290,2939,80096,53982,1240459,0.157068,26086,1316017,0.166635,57770,2556476,0.323703,7897587
2,2021-03-24,87108,3823165,46365,1885036,37531,1854821,3212,83308,54209,1266021,0.160305,32714,1348731,0.170778,58276,2614752,0.331082,7897587
2,2021-03-25,96878,3920043,47997,1933033,45304,1900125,3577,86885,57274,1288240,0.163118,39409,1388140,0.175768,61628,2676380,0.338886,7897587
2,2021-03-26,97381,4017424,47861,1980894,46170,1946295,3350,90235,55611,1306825,0.165471,41513,1429653,0.181024,60098,2736478,0.346495,7897587
2,2021-03-27,71709,4089133,35054,2015948,33493,1979788,3162,93397,37412,1314129,0.166396,34145,1463798,0.185347,41449,2777927,0.351744,7897587
2,2021-03-28,36385,4125518,22126,2038074,13483,1993271,776,94173,20608,1320522,0.167206,15720,1479518,0.187338,22113,2800040,0.354544,7897587
2,2021-03-29,68318,4193836,34828,2072902,31242,2024513,2248,96421,40840,1337198,0.169317,27338,1506856,0.1908,44014,2844054,0.360117,7897587
2,2021-03-30,87918,4281754,42472,2115374,41606,2066119,3840,100261,55125,1364109,0.172725,32672,1539528,0.194937,59583,2903637,0.367661,7897587
2,2021-03-31,96494,4378248,48848,2164222,42880,2108999,4766,105027,58208,1389327,0.175918,38125,1577653,0.199764,63343,2966980,0.375682,7897587
2,2021-04-01,111101,4489349,52531,2216753,50207,2159206,8363,113390,62518,1412336,0.178831,48380,1626033,0.20589,71389,3038369,0.384721,7897587
2,2021-04-02,104451,4593800,48446,2265199,46800,2206006,9205,122595,58247,1434305,0.181613,45991,1672024,0.211713,67960,3106329,0.393326,7897587
2,2021-04-03,72665,4666465,34412,2299611,28977,2234983,9276,131871,37292,1446052,0.1831,35260,1707284,0.216178,47007,3153336,0.399278,7897587
2,2021-04-04,28387,4694852,14099,2313710,10634,2245617,3654,135525,13112,1447627,0.1833,15235,1722519,0.218107,16810,3170146,0.401407,7897587
2,2021-04-05,75569,4770421,36608,2350318,30731,2276348,8230,143755,37477,1456137,0.184377,37998,1760517,0.222918,46508,3216654,0.407296,7897587
2,2021-04-06,98440,4868861,47563,2397881,37167,2313515,13710,157465,47774,1467582,0.185827,50489,1811006,0.229311,61934,3278588,0.415138,7897587
2,2021-04-07,102953,4971814,50872,2448753,37083,2350598,14998,172463,49739,1479568,0.187344,53074,1864080,0.236032,65060,3343648,0.423376,7897587
2,2021-04-08,109565,5081379,52742,2501495,40100,2390698,16723,189186,51641,1490756,0.188761,57717,1921797,0.24334,68905,3412553,0.432101,7897587
2,2021-04-09,86177,5167556,39865,2541360,35258,2425956,11054,200240,41573,1499859,0.189914,44431,1966228,0.248966,53534,3466087,0.438879,7897587
2,2021-04-10,57540,5225096,23809,2565169,23841,2449797,9890,210130,24892,1502841,0.190291,32544,1998772,0.253086,35526,3501613,0.443378,7897587
2,2021-04-11,18043,5243139,7604,2572773,7923,2457720,2516,212646,7771,1502903,0.190299,10241,2009013,0.254383,10303,3511916,0.444682,7897587
3,2020-12-15,298,298,298,298,0,0,0,0,298,298,3.9e-05,0,0,0.0,298,298,3.9e-05,7688185
3,2020-12-16,2102,2400,2102,2400,0,0,0,0,2102,2400,0.000312,0,0,0.0,2102,2400,0.000312,7688185
3,2020-12-17,7472,9872,7472,9872,0,0,0,0,7472,9872,0.001284,0,0,0.0,7472,9872,0.001284,7688185
3,2020-12-18,12652,22524,12642,22514,10,10,0,0,12650,22522,0.002929,0,0,0.0,12650,22522,0.002929,7688185
3,2020-12-19,6934,29458,6923,29437,11,21,0,0,6998,29520,0.00384,0,0,0.0,6998,29520,0.00384,7688185
3,2020-12-20,5429,34887,5421,34858,8,29,0,0,5477,34996,0.004552,1,1,0.0,5477,34997,0.004552,7688185
3,2020-12-21,14019,48906,14008,48866,11,40,0,0,14084,49079,0.006384,1,2,0.0,14084,49081,0.006384,7688185
3,2020-12-22,14205,63111,13674,62540,531,571,0,0,14244,63323,0.008236,0,2,0.0,14244,63325,0.008237,7688185
3,2020-12-23,14344,77455,11792,74332,2552,3123,0,0,14373,77696,0.010106,0,2,0.0,14373,77698,0.010106,7688185
3,2020-12-24,6713,84168,4816,79148,1897,5020,0,0,6711,84406,0.010979,1,3,0.0,6711,84409,0.010979,7688185
3,2020-12-25,717,84885,663,79811,54,5074,0,0,716,85122,0.011072,0,3,0.0,716,85125,0.011072,7688185
3,2020-12-26,4566,89451,2981,82792,1585,6659,0,0,4564,89686,0.011665,0,3,0.0,4564,89689,0.011666,7688185
3,2020-12-27,2946,92397,1830,84622,1116,7775,0,0,2947,92633,0.012049,0,3,0.0,2947,92636,0.012049,7688185
3,2020-12-28,13235,105632,8468,93090,4767,12542,0,0,13262,105894,0.013774,1,4,1e-06,13262,105898,0.013774,7688185
3,2020-12-29,14714,120346,8295,101385,6419,18961,0,0,14746,120639,0.015691,1,5,1e-06,14746,120644,0.015692,7688185
3,2020-12-30,17700,138046,9917,111302,7783,26744,0,0,17689,138328,0.017992,0,5,1e-06,17689,138333,0.017993,7688185
3,2020-12-31,8002,146048,3012,114314,4990,31734,0,0,8000,146326,0.019033,2,7,1e-06,8000,146333,0.019033,7688185
3,2021-01-01,1086,147134,484,114798,602,32336,0,0,1083,147409,0.019173,0,7,1e-06,1083,147416,0.019174,7688185
3,2021-01-02,4896,152030,2409,117207,2487,34823,0,0,4897,152306,0.01981,0,7,1e-06,4897,152313,0.019811,7688185
3,2021-01-03,1548,153578,836,118043,712,35535,0,0,1556,153858,0.020012,4,11,1e-06,1556,153869,0.020014,7688185
3,2021-01-04,11719,165297,5898,123941,5821,41356,0,0,11694,165546,0.021533,6,17,2e-06,11694,165563,0.021535,7688185
3,2021-01-05,15280,180577,7877,131818,7403,48759,0,0,13758,177807,0.023127,1501,1518,0.000197,13762,179325,0.023325,7688185
3,2021-01-06,19633,200210,10245,142063,9388,58147,0,0,15509,189238,0.024614,4083,5601,0.000729,15514,194839,0.025343,7688185
3,2021-01-07,25440,225650,14514,156577,10926,69073,0,0,16556,196948,0.025617,8859,14460,0.001881,16569,211408,0.027498,7688185
3,2021-01-08,29541,255191,18109,174686,11432,80505,0,0,17598,202645,0.026358,11920,26380,0.003431,17617,229025,0.029789,7688185
3,2021-01-09,11894,267085,6686,181372,5208,85713,0,0,7663,206089,0.026806,4224,30604,0.003981,7668,236693,0.030787,7688185
3,2021-01-10,7111,274196,4439,185811,2672,88385,0,0,3987,206958,0.026919,3122,33726,0.004387,3991,240684,0.031306,7688185
3,2021-01-11,28102,302298,18325,204136,9777,98162,0,0,15947,210770,0.027415,12149,45875,0.005967,15961,256645,0.033382,7688185
3,2021-01-12,31289,333587,18631,222767,12658,110820,0,0,19197,217956,0.028349,12075,57950,0.007538,19261,275906,0.035887,7688185
3,2021-01-13,33776,367363,17732,240499,16044,126864,0,0,23915,231946,0.030169,9941,67891,0.008831,23931,299837,0.039,7688185
3,2021-01-14,33723,401086,13937,254436,19786,146650,0,0,27983,254225,0.033067,5731,73622,0.009576,28010,327847,0.042643,7688185
3,2021-01-15,37874,438960,14205,268641,23669,170319,0,0,33362,283133,0.036827,4505,78127,0.010162,33413,361260,0.046989,7688185
3,2021-01-16,21329,460289,7573,276214,13756,184075,0,0,19035,299908,0.039009,2280,80407,0.010459,19055,380315,0.049467,7688185
3,2021-01-17,12595,472884,4452,280666,8143,192218,0,0,11580,310490,0.040385,1015,81422,0.010591,11597,391912,0.050976,7688185
3,2021-01-18,24355,497239,12655,293321,11700,203918,0,0,18944,324037,0.042147,5431,86853,0.011297,18978,410890,0.053444,7688185
3,2021-01-19,39792,537031,20519,313840,19273,223191,0,0,30942,346231,0.045034,8827,95680,0.012445,31021,441911,0.057479,7688185
3,2021-01-20,43812,580843,21563,335403,22249,245440,0,0,34732,371982,0.048384,9046,104726,0.013622,34797,476708,0.062005,7688185
3,2021-01-21,45950,626793,19688,355091,26262,271702,0,0,40765,407681,0.053027,5117,109843,0.014287,40816,517524,0.067314,7688185
3,2021-01-22,48191,674984,19213,374304,28978,300680,0,0,44156,447850,0.058252,4051,113894,0.014814,44220,561744,0.073066,7688185
3,2021-01-23,29571,704555,12612,386916,16959,317639,0,0,26299,470926,0.061253,3261,117155,0.015238,26337,588081,0.076492,7688185
3,2021-01-24,17250,721805,8414,395330,8836,326475,0,0,16121,485943,0.063206,1127,118282,0.015385,16144,604225,0.078591,7688185
3,2021-01-25,39456,761261,17593,412923,21863,348338,0,0,29838,506251,0.065848,9605,127887,0.016634,29913,634138,0.082482,7688185
3,2021-01-26,45614,806875,21819,434742,23795,372133,0,0,35893,532526,0.069266,9719,137606,0.017898,35994,670132,0.087164,7688185
3,2021-01-27,49216,856091,23897,458639,25319,397452,0,0,39019,561495,0.073033,10115,147721,0.019214,39084,709216,0.092248,7688185
3,2021-01-28,50044,906135,23336,481975,26708,424160,0,0,41529,594624,0.077343,8439,156160,0.020312,41568,750784,0.097654,7688185
3,2021-01-29,49122,955257,23713,505688,25409,449569,0,0,39903,625486,0.081357,9079,165239,0.021493,39941,790725,0.102849,7688185
3,2021-01-30,35632,990889,17081,522769,18551,468120,0,0,31401,652540,0.084876,4416,169655,0.022067,31470,822195,0.106943,7688185
3,2021-01-31,22025,1012914,13067,535836,8958,477078,0,0,20586,671707,0.087369,1432,171087,0.022253,20599,842794,0.109622,7688185
3,2021-02-01,44499,1057413,20371,556207,24128,501206,0,0,34581,696441,0.090586,9882,180969,0.023539,34616,877410,0.114124,7688185
3,2021-02-02,53145,1110558,22728,578935,30417,531623,0,0,40777,724901,0.094288,12363,193332,0.025147,40823,918233,0.119434,7688185
3,2021-02-03,59298,1169856,26837,605772,32461,564084,0,0,44433,754652,0.098157,14744,208076,0.027064,44495,962728,0.125222,7688185
3,2021-02-04,63226,1233082,27977,633749,35249,599333,0,0,46702,784937,0.102097,16514,224590,0.029212,46799,1009527,0.131309,7688185
3,2021-02-05,68641,1301723,29279,663028,39362,638695,0,0,47730,811947,0.10561,20882,245472,0.031928,47892,1057419,0.137538,7688185
3,2021-02-06,43012,1344735,20922,683950,22090,660785,0,0,33373,835893,0.108724,9612,255084,0.033179,33558,1090977,0.141903,7688185
3,2021-02-07,19802,1364537,12758,696708,7044,667829,0,0,15366,846959,0.110164,4424,259508,0.033754,15490,1106467,0.143918,7688185
3,2021-02-08,50428,1414965,24449,721157,25979,693808,0,0,33434,863491,0.112314,17089,276597,0.035977,33621,1140088,0.148291,7688185
3,2021-02-09,57128,1472093,28101,749258,29027,722835,0,0,33624,873962,0.113676,23495,300092,0.039033,33966,1174054,0.152709,7688185
3,2021-02-10,65870,1537963,31187,780445,34683,757518,0,0,35810,880316,0.114502,29974,330066,0.042932,36328,1210382,0.157434,7688185
3,2021-02-11,68170,1606133,33637,814082,34533,792051,0,0,36925,886699,0.115333,31072,361138,0.046973,37455,1247837,0.162306,7688185
3,2021-02-12,72966,1679099,31587,845669,41379,833430,0,0,40682,895886,0.116528,32244,393382,0.051167,41431,1289268,0.167695,7688185
3,2021-02-13,43454,1722553,19884,865553,23570,857000,0,0,25272,903698,0.117544,18048,411430,0.053515,25860,1315128,0.171058,7688185
3,2021-02-14,26350,1748903,13319,878872,13031,870031,0,0,14956,907745,0.11807,11353,422783,0.054991,15400,1330528,0.173061,7688185
3,2021-02-15,39047,1787950,16800,895672,22247,892278,0,0,21763,913218,0.118782,17230,440013,0.057232,22703,1353231,0.176014,7688185
3,2021-02-16,67528,1855478,32250,927922,35278,927556,0,0,35479,917670,0.119361,32048,472061,0.061401,36500,1389731,0.180762,7688185
3,2021-02-17,68980,1924458,35055,962977,33925,961481,0,0,33006,915918,0.119133,35864,507925,0.066066,34112,1423843,0.185199,7688185
3,2021-02-18,73604,1998062,38676,1001653,34928,996409,0,0,34329,912398,0.118675,39205,547130,0.071165,35685,1459528,0.18984,7688185
3,2021-02-19,65631,2063693,37990,1039643,27641,1024050,0,0,33649,914685,0.118973,32068,579198,0.075336,34355,1493883,0.194309,7688185
3,2021-02-20,40289,2103982,25647,1065290,14642,1038692,0,0,21524,918011,0.119405,18695,597893,0.077768,22021,1515904,0.197173,7688185
3,2021-02-21,18543,2122525,15291,1080581,3252,1041944,0,0,8772,917300,0.119313,9715,607608,0.079031,9004,1524908,0.198344,7688185
3,2021-02-22,43271,2165796,28081,1108662,15190,1057134,0,0,20302,915157,0.119034,22932,630540,0.082014,20789,1545697,0.201048,7688185
3,2021-02-23,57270,2223066,31233,1139895,26037,1083171,0,0,25111,910124,0.11838,32106,662646,0.08619,27073,1572770,0.20457,7688185
3,2021-02-24,73203,2296269,35517,1175412,37686,1120857,0,0,32387,904253,0.117616,40740,703386,0.091489,34869,1607639,0.209105,7688185
3,2021-02-25,81190,2377459,39105,1214517,42085,1162942,0,0,40549,906891,0.117959,40472,743858,0.096753,43110,1650749,0.214712,7688185
3,2021-02-26,92788,2470247,42210,1256727,50578,1213520,0,0,49240,915021,0.119017,43287,787145,0.102384,51417,1702166,0.2214,7688185
3,2021-02-27,64839,2535086,29385,1286112,35451,1248971,3,3,34585,920769,0.119764,30136,817281,0.106304,35884,1738050,0.226068,7688185
3,2021-02-28,36455,2571541,21377,1307489,15078,1264049,0,3,18978,923327,0.120097,17373,834654,0.108563,19931,1757981,0.22866,7688185
3,2021-03-01,63417,2634958,33644,1341133,29772,1293821,1,4,35514,932391,0.121276,27788,862442,0.112178,36852,1794833,0.233453,7688185
3,2021-03-02,70219,2705177,33880,1375013,36338,1330159,1,5,41181,946783,0.123148,28923,891365,0.11594,43315,1838148,0.239087,7688185
3,2021-03-03,83635,2788812,39426,1414439,44199,1374358,10,15,46116,957786,0.124579,37376,928741,0.120801,48379,1886527,0.24538,7688185
3,2021-03-04,86736,2875548,42607,1457046,44115,1418473,14,29,49529,972537,0.126498,37053,965794,0.125621,51804,1938331,0.252118,7688185
3,2021-03-05,84200,2959748,40935,1497981,42984,1461457,281,310,51573,994144,0.129308,32451,998245,0.129841,54058,1992389,0.259149,7688185
3,2021-03-06,60850,3020598,30412,1528393,28368,1489825,2070,2380,34917,1006780,0.130952,25838,1024083,0.133202,38474,2030863,0.264154,7688185
3,2021-03-07,36063,3056661,21242,1549635,13741,1503566,1080,3460,21233,1015509,0.132087,14791,1038874,0.135126,23520,2054383,0.267213,7688185
3,2021-03-08,55756,3112417,26516,1576151,26506,1530072,2734,6194,35296,1034706,0.134584,20370,1059244,0.137776,39567,2093950,0.272359,7688185
3,2021-03-09,67178,3179595,28567,1604718,34345,1564417,4266,10460,35547,1044178,0.135816,31560,1090804,0.141881,41032,2134982,0.277696,7688185
3,2021-03-10,76898,3256493,37691,1642409,33423,1597840,5784,16244,40716,1056063,0.137362,36066,1126870,0.146572,47951,2182933,0.283933,7688185
3,2021-03-11,91337,3347830,44826,1687235,38443,1636283,8068,24312,45349,1064819,0.138501,45816,1172686,0.152531,54572,2237505,0.291032,7688185
3,2021-03-12,97253,3445083,43176,1730411,42567,1678850,11510,35822,44371,1069111,0.139059,52744,1225430,0.159391,57036,2294541,0.29845,7688185
3,2021-03-13,66643,3511726,28097,1758508,31496,1710346,7050,42872,35186,1081353,0.140651,31388,1256818,0.163474,43630,2338171,0.304125,7688185
3,2021-03-14,39586,3551312,20874,1779382,15289,1725635,3423,46295,21686,1089270,0.141681,17856,1274674,0.165796,25773,2363944,0.307478,7688185
3,2021-03-15,72448,3623760,33953,1813335,34140,1759775,4355,50650,39122,1100556,0.143149,33212,1307886,0.170116,44498,2408442,0.313265,7688185
3,2021-03-16,90816,3714576,41664,1854999,45094,1804869,4058,54708,52507,1119906,0.145666,38159,1346045,0.17508,57509,2465951,0.320746,7688185
3,2021-03-17,93380,3807956,44986,1899985,44119,1848988,4275,58983,57888,1147423,0.149245,35340,1381385,0.179676,62857,2528808,0.328921,7688185
3,2021-03-18,97314,3905270,49033,1949018,44103,1893091,4178,63161,58102,1171299,0.152351,39041,1420426,0.184754,62917,2591725,0.337105,7688185
3,2021-03-19,97355,4002625,51608,2000626,41571,1934662,4176,67337,55667,1190191,0.154808,41521,1461947,0.190155,60413,2652138,0.344963,7688185
3,2021-03-20,69177,4071802,35576,2036202,30162,1964824,3439,70776,44078,1213254,0.157808,24958,1486905,0.193401,48021,2700159,0.351209,7688185
3,2021-03-21,34635,4106437,23604,2059806,9615,1974439,1416,72192,23316,1227217,0.159624,11262,1498167,0.194866,25225,2725384,0.35449,7688185
3,2021-03-22,67449,4173886,39445,2099251,25767,2000206,2237,74429,44978,1253125,0.162994,22337,1520504,0.197772,48245,2773629,0.360765,7688185
3,2021-03-23,85835,4259721,47400,2146651,36124,2036330,2311,76740,56876,1284246,0.167042,28797,1549301,0.201517,59918,2833547,0.368559,7688185
3,2021-03-24,94758,4354479,54851,2201502,37463,2073793,2444,79184,57153,1307094,0.170013,37368,1586669,0.206378,60216,2893763,0.376391,7688185
3,2021-03-25,102170,4456649,56885,2258387,42592,2116385,2693,81877,60031,1328574,0.172807,41904,1628573,0.211828,63384,2957147,0.384635,7688185
3,2021-03-26,105787,4562436,57104,2315491,45540,2161925,3143,85020,57429,1341935,0.174545,48140,1676713,0.21809,61501,3018648,0.392635,7688185
3,2021-03-27,71546,4633982,36043,2351534,33043,2194968,2460,87480,36189,1346054,0.175081,35212,1711925,0.22267,39331,3057979,0.39775,7688185
3,2021-03-28,42505,4676487,26717,2378251,14998,2209966,790,88270,22772,1350450,0.175653,19663,1731588,0.225227,24059,3082038,0.40088,7688185
3,2021-03-29,77502,4753989,40683,2418934,35131,2245097,1688,89958,45145,1365921,0.177665,32193,1763781,0.229414,47664,3129702,0.407079,7688185
3,2021-03-30,96688,4850677,47682,2466616,45767,2290864,3239,93197,60033,1393317,0.181228,36491,1800272,0.234161,63887,3193589,0.415389,7688185
3,2021-03-31,101083,4951760,54463,2521079,41970,2332834,4650,97847,57145,1411662,0.183614,43792,1844064,0.239857,62137,3255726,0.423471,7688185
3,2021-04-01,116816,5068576,59010,2580089,48713,2381547,9093,106940,65541,1435587,0.186726,51113,1895177,0.246505,75038,3330764,0.433232,7688185
3,2021-04-02,111729,5180305,54599,2634688,47456,2429003,9674,116614,60914,1456067,0.18939,50631,1945808,0.253091,71111,3401875,0.442481,7688185
3,2021-04-03,72908,5253213,36820,2671508,27283,2456286,8805,125419,37414,1467273,0.190848,35370,1981178,0.257691,46576,3448451,0.448539,7688185
3,2021-04-04,31024,5284237,16580,2688088,10587,2466873,3857,129276,13797,1467794,0.190916,17180,1998358,0.259926,17701,3466152,0.450841,7688185
3,2021-04-05,84905,5369142,42969,2731057,33388,2500261,8548,137824,42773,1477955,0.192237,42008,2040366,0.26539,52169,3518321,0.457627,7688185
3,2021-04-06,107123,5476265,52405,2783462,40358,2540619,14360,152184,51732,1489595,0.193751,55204,2095570,0.27257,66844,3585165,0.466321,7688185
3,2021-04-07,108844,5585109,56490,2839952,37564,2578183,14790,166974,53761,1503561,0.195568,54900,2150470,0.279711,68866,3654031,0.475279,7688185
3,2021-04-08,110962,5696071,56287,2896239,36784,2614967,17891,184865,52922,1517266,0.19735,57841,2208311,0.287234,71546,3725577,0.484585,7688185
3,2021-04-09,84013,5780084,41306,2937545,31036,2646003,11671,196536,38675,1523284,0.198133,45212,2253523,0.293115,51230,3776807,0.491248,7688185
3,2021-04-10,54612,5834696,23513,2961058,23608,2669611,7491,204027,24167,1525474,0.198418,30348,2283871,0.297062,32538,3809345,0.49548,7688185
3,2021-04-11,18079,5852775,8621,2969679,7789,2677400,1669,205696,7762,1524624,0.198307,10284,2294155,0.2984,9434,3818779,0.496707,7688185
4,2020-12-15,444,444,444,444,0,0,0,0,444,444,5.9e-05,0,0,0.0,444,444,5.9e-05,7584050
4,2020-12-16,2915,3359,2915,3359,0,0,0,0,2915,3359,0.000443,0,0,0.0,2915,3359,0.000443,7584050
4,2020-12-17,8427,11786,8427,11786,0,0,0,0,8427,11786,0.001554,0,0,0.0,8427,11786,0.001554,7584050
4,2020-12-18,15246,27032,15237,27023,9,9,0,0,15244,27029,0.003564,1,1,0.0,15244,27030,0.003564,7584050
4,2020-12-19,10163,37195,10157,37180,6,15,0,0,10098,37127,0.004895,0,1,0.0,10098,37128,0.004896,7584050
4,2020-12-20,7335,44530,7323,44503,12,27,0,0,7288,44415,0.005856,0,1,0.0,7288,44416,0.005857,7584050
4,2020-12-21,16135,60665,16115,60618,20,47,0,0,16068,60483,0.007975,0,1,0.0,16068,60484,0.007975,7584050
4,2020-12-22,16941,77606,16233,76851,708,755,0,0,16898,77381,0.010203,0,1,0.0,16898,77382,0.010203,7584050
4,2020-12-23,16738,94344,14080,90931,2658,3413,0,0,16708,94089,0.012406,0,1,0.0,16708,94090,0.012406,7584050
4,2020-12-24,8481,102825,5918,96849,2563,5976,0,0,8481,102570,0.013524,0,1,0.0,8481,102571,0.013525,7584050
4,2020-12-25,895,103720,790,97639,105,6081,0,0,894,103463,0.013642,1,2,0.0,894,103465,0.013642,7584050
4,2020-12-26,6153,109873,3859,101498,2294,8375,0,0,6152,109615,0.014453,0,2,0.0,6152,109617,0.014454,7584050
4,2020-12-27,3408,113281,1991,103489,1417,9792,0,0,3408,113023,0.014903,0,2,0.0,3408,113025,0.014903,7584050
4,2020-12-28,14850,128131,9189,112678,5661,15453,0,0,14821,127843,0.016857,1,3,0.0,14821,127846,0.016857,7584050
4,2020-12-29,15137,143268,8384,121062,6753,22206,0,0,15102,142945,0.018848,0,3,0.0,15102,142948,0.018849,7584050
4,2020-12-30,18747,162015,11015,132077,7732,29938,0,0,18736,161679,0.021318,2,5,1e-06,18736,161684,0.021319,7584050
4,2020-12-31,8128,170143,3301,135378,4827,34765,0,0,8123,169800,0.022389,2,7,1e-06,8123,169807,0.02239,7584050
4,2021-01-01,1097,171240,451,135829,646,35411,0,0,1097,170897,0.022534,0,7,1e-06,1097,170904,0.022535,7584050
4,2021-01-02,5613,176853,3176,139005,2437,37848,0,0,5612,176508,0.023274,1,8,1e-06,5612,176516,0.023275,7584050
4,2021-01-03,2097,178950,1246,140251,851,38699,0,0,2083,178587,0.023548,4,12,2e-06,2083,178599,0.023549,7584050
4,2021-01-04,12862,191812,7015,147266,5847,44546,0,0,12814,191370,0.025233,31,43,6e-06,12814,191413,0.025239,7584050
4,2021-01-05,16554,208366,9795,157061,6759,51305,0,0,14564,203977,0.026896,1966,2009,0.000265,14573,205986,0.02716,7584050
4,2021-01-06,21283,229649,13062,170123,8221,59526,0,0,15504,213769,0.028187,5723,7732,0.00102,15515,221501,0.029206,7584050
4,2021-01-07,27467,257116,16734,186857,10733,70259,0,0,16911,220089,0.02902,10602,18334,0.002417,16922,238423,0.031437,7584050
4,2021-01-08,32393,289509,20786,207643,11607,81866,0,0,18370,224515,0.029604,13958,32292,0.004258,18384,256807,0.033861,7584050
4,2021-01-09,15933,305442,9398,217041,6535,88401,0,0,9343,227299,0.029971,6569,38861,0.005124,9353,266160,0.035095,7584050
4,2021-01-10,8665,314107,5600,222641,3065,91466,0,0,4076,226814,0.029907,4567,43428,0.005726,4082,270242,0.035633,7584050
4,2021-01-11,32987,347094,21562,244203,11425,102891,0,0,18631,231148,0.030478,14316,57744,0.007614,18650,288892,0.038092,7584050
4,2021-01-12,37681,384775,21560,265763,16121,119012,0,0,23824,241149,0.031797,13859,71603,0.009441,23860,312752,0.041238,7584050
4,2021-01-13,38101,422876,18738,284501,19363,138375,0,0,27030,257182,0.033911,11018,82621,0.010894,27051,339803,0.044805,7584050
4,2021-01-14,38594,461470,14727,299228,23867,162242,0,0,31589,281837,0.037162,6962,89583,0.011812,31617,371420,0.048974,7584050
4,2021-01-15,44732,506202,15495,314723,29237,191479,0,0,39266,315713,0.041629,5411,94994,0.012525,39287,410707,0.054154,7584050
4,2021-01-16,28358,534560,9285,324008,19073,210552,0,0,25262,337930,0.044558,3059,98053,0.012929,25276,435983,0.057487,7584050
4,2021-01-17,18839,553399,6620,330628,12219,222771,0,0,17337,353804,0.046651,1477,99530,0.013124,17351,453334,0.059775,7584050
4,2021-01-18,29015,582414,13328,343956,15687,238458,0,0,23086,371086,0.04893,5834,105364,0.013893,23116,476450,0.062823,7584050
4,2021-01-19,45570,627984,23097,367053,22473,260931,0,0,36344,398331,0.052522,9170,114534,0.015102,36415,512865,0.067624,7584050
4,2021-01-20,50848,678832,26892,393945,23956,284887,0,0,40579,428781,0.056537,10177,124711,0.016444,40627,553492,0.072981,7584050
4,2021-01-21,55602,734434,24537,418482,31065,315952,0,0,49348,471969,0.062232,6193,130904,0.01726,49381,602873,0.079492,7584050
4,2021-01-22,54284,788718,21817,440299,32467,348419,0,0,49257,516330,0.068081,4925,135829,0.01791,49286,652159,0.085991,7584050
4,2021-01-23,39223,827941,17362,457661,21861,370280,0,0,34961,547066,0.072134,4253,140082,0.018471,34989,687148,0.090604,7584050
4,2021-01-24,23700,851641,10403,468064,13297,383577,0,0,21854,567093,0.074774,1841,141923,0.018713,21868,709016,0.093488,7584050
4,2021-01-25,47050,898691,21732,489796,25318,408895,0,0,36164,592448,0.078118,10862,152785,0.020146,36217,745233,0.098263,7584050
4,2021-01-26,55597,954288,28406,518202,27191,436086,0,0,43688,624342,0.082323,11854,164639,0.021709,43748,788981,0.104032,7584050
4,2021-01-27,54475,1008763,26377,544579,28098,464184,0,0,43677,657406,0.086683,10659,175298,0.023114,43723,832704,0.109797,7584050
4,2021-01-28,55645,1064408,25244,569823,30401,494585,0,0,45861,693611,0.091457,9696,184994,0.024393,45901,878605,0.115849,7584050
4,2021-01-29,55525,1119933,26690,596513,28835,523420,0,0,45377,729000,0.096123,10010,195004,0.025712,45399,924004,0.121835,7584050
4,2021-01-30,37188,1157121,16920,613433,20268,543688,0,0,31997,755875,0.099666,5144,200148,0.026391,32019,956023,0.126057,7584050
4,2021-01-31,23709,1180830,12473,625906,11236,554924,0,0,22142,776473,0.102382,1553,201701,0.026595,22151,978174,0.128978,7584050
4,2021-02-01,47767,1228597,22591,648497,25176,580100,0,0,37605,803975,0.106009,10142,211843,0.027933,37644,1015818,0.133941,7584050
4,2021-02-02,55407,1284004,26341,674838,29066,609166,0,0,41803,832342,0.109749,13474,225317,0.029709,41841,1057659,0.139458,7584050
4,2021-02-03,61354,1345358,30205,705043,31149,640315,0,0,47335,865817,0.114163,13914,239231,0.031544,47389,1105048,0.145707,7584050
4,2021-02-04,66663,1412021,31150,736193,35513,675828,0,0,50190,899788,0.118642,16319,255550,0.033696,50290,1155338,0.152338,7584050
4,2021-02-05,71956,1483977,33364,769557,38592,714420,0,0,50293,928791,0.122466,21425,276975,0.036521,50428,1205766,0.158987,7584050
4,2021-02-06,47813,1531790,25884,795441,21929,736349,0,0,36458,954127,0.125807,11329,288304,0.038015,36665,1242431,0.163822,7584050
4,2021-02-07,26195,1557985,17265,812706,8930,745279,0,0,19873,967947,0.127629,6286,294590,0.038843,20106,1262537,0.166473,7584050
4,2021-02-08,57561,1615546,29579,842285,27982,773261,0,0,37443,985656,0.129964,19993,314583,0.04148,37702,1300239,0.171444,7584050
4,2021-02-09,66237,1681783,33850,876135,32387,805648,0,0,38884,997639,0.131544,27297,341880,0.045079,39280,1339519,0.176623,7584050
4,2021-02-10,76323,1758106,38250,914385,38073,843721,0,0,40809,1003677,0.132341,35299,377179,0.049733,41337,1380856,0.182074,7584050
4,2021-02-11,79652,1837758,41530,955915,38122,881843,0,0,41379,1007637,0.132863,38077,415256,0.054754,42037,1422893,0.187617,7584050
4,2021-02-12,82976,1920734,37128,993043,45848,927691,0,0,42878,1011343,0.133351,39951,455207,0.060022,43657,1466550,0.193373,7584050
4,2021-02-13,57499,1978233,28961,1022004,28538,956229,0,0,29384,1013563,0.133644,28054,483261,0.063721,30274,1496824,0.197365,7584050
4,2021-02-14,36086,2014319,18628,1040632,17458,973687,0,0,18520,1015165,0.133855,17573,500834,0.066038,19175,1515999,0.199893,7584050
4,2021-02-15,45393,2059712,21261,1061893,24132,997819,0,0,23535,1018087,0.134241,21798,522632,0.068912,24720,1540719,0.203153,7584050
4,2021-02-16,78324,2138036,35758,1097651,42566,1040385,0,0,40093,1021244,0.134657,38156,560788,0.073943,41313,1582032,0.2086,7584050
4,2021-02-17,79238,2217274,37209,1134860,42029,1082414,0,0,38038,1019344,0.134406,41066,601854,0.079358,39166,1621198,0.213764,7584050
4,2021-02-18,81275,2298549,44811,1179671,36464,1118878,0,0,37849,1015367,0.133882,43294,645148,0.085066,39317,1660515,0.218948,7584050
4,2021-02-19,80140,2378689,50543,1230214,29597,1148475,0,0,40542,1017142,0.134116,39472,684620,0.090271,41247,1701762,0.224387,7584050
4,2021-02-20,47362,2426051,31940,1262154,15422,1163897,0,0,26256,1022929,0.134879,21166,705786,0.093062,26953,1728715,0.227941,7584050
4,2021-02-21,24939,2450990,19461,1281615,5478,1169375,0,0,11345,1020840,0.134604,13689,719475,0.094867,11600,1740315,0.22947,7584050
4,2021-02-22,51534,2502524,35546,1317161,15988,1185363,0,0,25167,1020156,0.134513,26293,745768,0.098334,25609,1765924,0.232847,7584050
4,2021-02-23,71128,2573652,39303,1356464,31825,1217188,0,0,31395,1013560,0.133644,39636,785404,0.10356,33040,1798964,0.237204,7584050
4,2021-02-24,86315,2659967,45293,1401757,41022,1258210,0,0,39284,1008109,0.132925,46868,832272,0.10974,41417,1840381,0.242665,7584050
4,2021-02-25,96223,2756190,50068,1451825,46155,1304365,0,0,46167,1006894,0.132765,49922,882194,0.116322,48707,1889088,0.249087,7584050
4,2021-02-26,102611,2858801,51625,1503450,50986,1355351,0,0,53003,1012799,0.133543,49415,931609,0.122838,55320,1944408,0.256381,7584050
4,2021-02-27,73978,2932779,40037,1543487,33936,1389287,5,5,39604,1019556,0.134434,34325,965934,0.127364,41082,1985490,0.261798,7584050
4,2021-02-28,44424,2977203,27566,1571053,16857,1406144,1,6,24848,1025761,0.135252,19526,985460,0.129938,25731,2011221,0.265191,7584050
4,2021-03-01,73331,3050534,42753,1613806,30575,1436719,3,9,40686,1035138,0.136489,32491,1017951,0.134223,41868,2053089,0.270711,7584050
4,2021-03-02,76238,3126772,42723,1656529,33512,1470231,3,12,45657,1052141,0.138731,30458,1048409,0.138239,47461,2100550,0.276969,7584050
4,2021-03-03,95331,3222103,50271,1706800,45056,1515287,4,16,52543,1063826,0.140271,42626,1091035,0.143859,54311,2154861,0.284131,7584050
4,2021-03-04,92737,3314840,51597,1758397,41130,1556417,10,26,51154,1075322,0.141787,41424,1132459,0.149321,52920,2207781,0.291108,7584050
4,2021-03-05,90151,3404991,48152,1806549,41696,1598113,303,329,53628,1094791,0.144354,36381,1168840,0.154118,55850,2263631,0.298473,7584050
4,2021-03-06,71704,3476695,40092,1846641,29039,1627152,2573,2902,44201,1115519,0.147088,27423,1196263,0.157734,48151,2311782,0.304822,7584050
4,2021-03-07,40806,3517501,25911,1872552,13769,1640921,1126,4028,24859,1126756,0.148569,15892,1212155,0.15983,27129,2338911,0.308399,7584050
4,2021-03-08,63660,3581161,32881,1905433,27748,1668669,3031,7059,41865,1151288,0.151804,21709,1233864,0.162692,46241,2385152,0.314496,7584050
4,2021-03-09,71988,3653149,33218,1938651,33714,1702383,5056,12115,37614,1160896,0.153071,34249,1268113,0.167208,43857,2429009,0.320279,7584050
4,2021-03-10,86407,3739556,43890,1982541,35311,1737694,7206,19321,43647,1170115,0.154286,42653,1310766,0.172832,51872,2480881,0.327118,7584050
4,2021-03-11,97908,3837464,51572,2034113,38350,1776044,7986,27307,45698,1172937,0.154658,52038,1362804,0.179693,54860,2535741,0.334352,7584050
4,2021-03-12,101336,3938800,49994,2084107,41392,1817436,9950,37257,43340,1169381,0.15419,57818,1420622,0.187317,54262,2590003,0.341507,7584050
4,2021-03-13,78017,4016817,36406,2120513,33436,1850872,8175,45432,36465,1173751,0.154766,41443,1462065,0.192782,45813,2635816,0.347547,7584050
4,2021-03-14,48531,4065348,27788,2148301,17215,1868087,3528,48960,24862,1179182,0.155482,23612,1485677,0.195895,29043,2664859,0.351377,7584050
4,2021-03-15,81755,4147103,43580,2191881,34037,1902124,4138,53098,43249,1189098,0.156789,38355,1524032,0.200952,48271,2713130,0.357742,7584050
4,2021-03-16,104626,4251729,54391,2246272,46926,1949050,3309,56407,56974,1202632,0.158574,47485,1571517,0.207213,61019,2774149,0.365787,7584050
4,2021-03-17,102822,4354551,55411,2301683,44087,1993137,3324,59731,60421,1224746,0.16149,42227,1613744,0.212781,64341,2838490,0.374271,7584050
4,2021-03-18,102612,4457163,57040,2358723,42038,2035175,3534,63265,59974,1246301,0.164332,42449,1656193,0.218378,64004,2902494,0.38271,7584050
4,2021-03-19,106373,4563536,60915,2419638,40422,2075597,5036,68301,61426,1268431,0.16725,44756,1700949,0.22428,66886,2969380,0.39153,7584050
4,2021-03-20,81163,4644699,47472,2467110,30772,2106369,2919,71220,50765,1292201,0.170384,30242,1731191,0.228267,54012,3023392,0.398651,7584050
4,2021-03-21,46636,4691335,33724,2500834,10651,2117020,2261,73481,29507,1307335,0.17238,17026,1748217,0.230512,32160,3055552,0.402892,7584050
4,2021-03-22,79220,4770555,52116,2552950,24591,2141611,2513,75994,51392,1334315,0.175937,27687,1775904,0.234163,54667,3110219,0.4101,7584050
4,2021-03-23,100838,4871393,60191,2613141,38647,2180258,2000,77994,64351,1364956,0.179977,36287,1812191,0.238948,66928,3177147,0.418925,7584050
4,2021-03-24,109418,4980811,71025,2684166,36237,2216495,2156,80150,64063,1386600,0.182831,45076,1857267,0.244891,66720,3243867,0.427722,7584050
4,2021-03-25,111964,5092775,68777,2752943,41012,2257507,2175,82325,66062,1409798,0.18589,45549,1902816,0.250897,68747,3312614,0.436787,7584050
4,2021-03-26,115169,5207944,70039,2822982,42161,2299668,2969,85294,65304,1429161,0.188443,49631,1952447,0.257441,68994,3381608,0.445884,7584050
4,2021-03-27,88488,5296432,52351,2875333,34407,2334075,1730,87024,46105,1435264,0.189248,42219,1994666,0.263008,48322,3429930,0.452256,7584050
4,2021-03-28,54016,5350448,35482,2910815,17669,2351744,865,87889,30121,1442754,0.190235,23810,2018476,0.266148,31300,3461230,0.456383,7584050
4,2021-03-29,90531,5440979,54503,2965318,34063,2385807,1965,89854,51671,1458297,0.192285,38702,2057178,0.271251,54245,3515475,0.463535,7584050
4,2021-03-30,113403,5554382,61792,3027110,47703,2433510,3908,93762,73676,1496774,0.197358,39582,2096760,0.27647,78059,3593534,0.473828,7584050
4,2021-03-31,117098,5671480,69393,3096503,41647,2475157,6058,99820,68800,1523800,0.200922,48083,2144843,0.28281,75109,3668643,0.483731,7584050
4,2021-04-01,136383,5807863,77886,3174389,45949,2521106,12548,112368,82387,1565261,0.206389,53800,2198643,0.289904,95261,3763904,0.496292,7584050
4,2021-04-02,130744,5938607,70053,3244442,48053,2569159,12638,125006,77218,1602177,0.211256,53343,2251986,0.296937,90259,3854163,0.508193,7584050
4,2021-04-03,97406,6036013,51660,3296102,32889,2602048,12857,137863,52177,1622423,0.213926,45102,2297088,0.302884,65348,3919511,0.51681,7584050
4,2021-04-04,44794,6080807,23528,3319630,14241,2616289,7025,144888,19567,1623895,0.21412,25177,2322265,0.306204,26649,3946160,0.520324,7584050
4,2021-04-05,103749,6184556,58453,3378083,33274,2649563,12022,156910,54568,1642033,0.216511,49068,2371333,0.312674,67206,4013366,0.529185,7584050
4,2021-04-06,132440,6316996,73976,3452059,39419,2688982,19045,175955,68949,1667392,0.219855,63335,2434668,0.321025,88694,4102060,0.54088,7584050
4,2021-04-07,130309,6447305,73674,3525733,37067,2726049,19568,195523,67545,1692289,0.223138,62590,2497258,0.329278,87487,4189547,0.552416,7584050
4,2021-04-08,130081,6577386,72700,3598433,34017,2760066,23364,218887,65025,1716439,0.226322,64860,2562118,0.33783,89010,4278557,0.564152,7584050
4,2021-04-09,102845,6680231,55906,3654339,33250,2793316,13689,232576,52171,1732795,0.228479,50536,2612654,0.344493,66892,4345449,0.572972,7584050
4,2021-04-10,70704,6750935,34286,3688625,27435,2820751,8983,241559,35490,1743259,0.229859,35116,2647770,0.349123,45580,4391029,0.578982,7584050
4,2021-04-11,28340,6779275,17353,3705978,8179,2828930,2808,244367,15189,1748158,0.230505,13126,2660896,0.350854,18025,4409054,0.581359,7584050
