vemquartile,administered_date,total_doses,cumulative_total_doses,pfizer_doses,cumulative_pfizer_doses,moderna_doses,cumulative_moderna_doses,jj_doses,cumulative_jj_doses,partially_vaccinated,total_partially_vaccinated,pct_age12pop_partially_vaccinated,fully_vaccinated,cumulative_fully_vaccinated,pct_age12pop_fully_vaccinated,at_least_one_dose,cumulative_at_least_one_dose,pct_age12pop_at_least_one_dose,age12_population
1,2020-12-15,150,150,150,150,0,0,0,0,150,150,1.7e-05,0,0,0.0,150,150,1.7e-05,8700223
1,2020-12-16,1182,1332,1182,1332,0,0,0,0,1182,1332,0.000153,0,0,0.0,1182,1332,0.000153,8700223
1,2020-12-17,4160,5492,4160,5492,0,0,0,0,4161,5493,0.000631,0,0,0.0,4161,5493,0.000631,8700223
1,2020-12-18,6329,11821,6309,11801,20,20,0,0,6329,11819,0.001358,3,3,0.0,6329,11822,0.001359,8700223
1,2020-12-19,2874,14695,2873,14674,1,21,0,0,2873,14691,0.001689,1,4,0.0,2873,14695,0.001689,8700223
1,2020-12-20,2136,16831,2128,16802,8,29,0,0,2136,16826,0.001934,1,5,1e-06,2136,16831,0.001935,8700223
1,2020-12-21,7640,24471,7626,24428,14,43,0,0,7689,24515,0.002818,1,6,1e-06,7690,24521,0.002818,8700223
1,2020-12-22,7284,31755,6940,31368,344,387,0,0,7286,31799,0.003655,2,8,1e-06,7286,31807,0.003656,8700223
1,2020-12-23,7841,39596,6585,37953,1256,1643,0,0,7836,39634,0.004556,2,10,1e-06,7837,39644,0.004557,8700223
1,2020-12-24,3302,42898,2367,40320,935,2578,0,0,3304,42938,0.004935,0,10,1e-06,3304,42948,0.004936,8700223
1,2020-12-25,236,43134,152,40472,84,2662,0,0,236,43174,0.004962,0,10,1e-06,236,43184,0.004964,8700223
1,2020-12-26,1359,44493,966,41438,393,3055,0,0,1358,44531,0.005118,1,11,1e-06,1358,44542,0.00512,8700223
1,2020-12-27,871,45364,535,41973,336,3391,0,0,871,45401,0.005218,1,12,1e-06,871,45413,0.00522,8700223
1,2020-12-28,7095,52459,4768,46741,2327,5718,0,0,7093,52494,0.006034,0,12,1e-06,7093,52506,0.006035,8700223
1,2020-12-29,8875,61334,4983,51724,3892,9610,0,0,8872,61364,0.007053,2,14,2e-06,8872,61378,0.007055,8700223
1,2020-12-30,11586,72920,6449,58173,5137,14747,0,0,11585,72949,0.008385,0,14,2e-06,11585,72963,0.008386,8700223
1,2020-12-31,5946,78866,1957,60130,3989,18736,0,0,5944,78891,0.009068,3,17,2e-06,5945,78908,0.00907,8700223
1,2021-01-01,573,79439,199,60329,374,19110,0,0,572,79462,0.009133,1,18,2e-06,572,79480,0.009135,8700223
1,2021-01-02,2908,82347,1761,62090,1147,20257,0,0,2910,82372,0.009468,0,18,2e-06,2910,82390,0.00947,8700223
1,2021-01-03,1019,83366,545,62635,474,20731,0,0,1016,83385,0.009584,3,21,2e-06,1016,83406,0.009587,8700223
1,2021-01-04,7344,90710,3582,66217,3762,24493,0,0,7348,90732,0.010429,1,22,3e-06,7348,90754,0.010431,8700223
1,2021-01-05,10813,101523,5215,71432,5598,30091,0,0,10057,100070,0.011502,741,763,8.8e-05,10079,100833,0.01159,8700223
1,2021-01-06,14021,115544,7046,78478,6975,37066,0,0,12123,110341,0.012683,1862,2625,0.000302,12133,112966,0.012984,8700223
1,2021-01-07,17488,133032,9132,87610,8356,45422,0,0,12991,118946,0.013672,4397,7022,0.000807,13002,125968,0.014479,8700223
1,2021-01-08,20161,153193,10458,98068,9703,55125,0,0,14242,127294,0.014631,5901,12923,0.001485,14249,140217,0.016116,8700223
1,2021-01-09,6700,159893,3387,101455,3313,58438,0,0,4848,130303,0.014977,1843,14766,0.001697,4852,145069,0.016674,8700223
1,2021-01-10,3079,162972,1754,103209,1325,59763,0,0,1890,131014,0.015059,1180,15946,0.001833,1891,146960,0.016892,8700223
1,2021-01-11,18063,181035,11834,115043,6229,65992,0,0,11518,136045,0.015637,6526,22472,0.002583,11557,158517,0.01822,8700223
1,2021-01-12,19108,200143,10911,125954,8197,74189,0,0,13129,143270,0.016467,5940,28412,0.003266,13165,171682,0.019733,8700223
1,2021-01-13,19880,220023,10777,136731,9103,83292,0,0,14726,152884,0.017572,5130,33542,0.003855,14744,186426,0.021428,8700223
1,2021-01-14,22100,242123,9558,146289,12542,95834,0,0,19335,169563,0.01949,2706,36248,0.004166,19385,205811,0.023656,8700223
1,2021-01-15,25189,267312,9250,155539,15939,111773,0,0,23242,190959,0.021949,1902,38150,0.004385,23298,229109,0.026334,8700223
1,2021-01-16,13905,281217,4558,160097,9347,121120,0,0,13041,203140,0.023349,863,39013,0.004484,13044,242153,0.027833,8700223
1,2021-01-17,5192,286409,2000,162097,3192,124312,0,0,4823,207601,0.023862,366,39379,0.004526,4827,246980,0.028388,8700223
1,2021-01-18,14321,300730,8592,170689,5729,130041,0,0,11134,215613,0.024782,3175,42554,0.004891,11187,258167,0.029674,8700223
1,2021-01-19,24682,325412,12836,183525,11846,141887,0,0,19531,230066,0.026444,5132,47686,0.005481,19585,277752,0.031925,8700223
1,2021-01-20,29459,354871,14746,198271,14713,156600,0,0,23541,247803,0.028482,5842,53528,0.006152,23579,301331,0.034635,8700223
1,2021-01-21,31226,386097,14578,212849,16648,173248,0,0,27960,272654,0.031339,3199,56727,0.00652,28050,329381,0.037859,8700223
1,2021-01-22,28349,414446,11222,224071,17127,190375,0,0,26324,297042,0.034142,1966,58693,0.006746,26354,355735,0.040888,8700223
1,2021-01-23,18773,433219,8202,232273,10571,200946,0,0,16826,311950,0.035855,1928,60621,0.006968,16836,372571,0.042823,8700223
1,2021-01-24,6682,439901,4158,236431,2524,203470,0,0,6023,317325,0.036473,653,61274,0.007043,6028,378599,0.043516,8700223
1,2021-01-25,25381,465282,10466,246897,14915,218385,0,0,19638,331350,0.038085,5714,66988,0.0077,19739,398338,0.045785,8700223
1,2021-01-26,28620,493902,13351,260248,15269,233654,0,0,21973,346753,0.039856,6590,73578,0.008457,21993,420331,0.048313,8700223
1,2021-01-27,32453,526355,15403,275651,17050,250704,0,0,24353,363103,0.041735,8028,81606,0.00938,24378,444709,0.051115,8700223
1,2021-01-28,34802,561157,16288,291939,18514,269218,0,0,27889,384213,0.044161,6842,88448,0.010166,27952,472661,0.054327,8700223
1,2021-01-29,33501,594658,16310,308249,17191,286409,0,0,26981,404852,0.046534,6376,94824,0.010899,27015,499676,0.057433,8700223
1,2021-01-30,20082,614740,8645,316894,11437,297846,0,0,17986,420777,0.048364,2069,96893,0.011137,17994,517670,0.059501,8700223
1,2021-01-31,7526,622266,4857,321751,2669,300515,0,0,6819,426896,0.049067,702,97595,0.011218,6821,524491,0.060285,8700223
1,2021-02-01,28798,651064,12370,334121,16428,316943,0,0,21030,440220,0.050599,7711,105306,0.012104,21035,545526,0.062703,8700223
1,2021-02-02,32458,683522,11643,345764,20815,337758,0,0,24296,456472,0.052467,8080,113386,0.013033,24332,569858,0.065499,8700223
1,2021-02-03,39661,723183,15221,360985,24440,362198,0,0,28639,474290,0.054515,10858,124244,0.014281,28676,598534,0.068795,8700223
1,2021-02-04,44106,767289,17220,378205,26886,389084,0,0,31950,494261,0.05681,12027,136271,0.015663,31998,630532,0.072473,8700223
1,2021-02-05,46954,814243,17409,395614,29545,418629,0,0,30803,509109,0.058517,16012,152283,0.017503,30860,661392,0.07602,8700223
1,2021-02-06,26508,840751,10487,406101,16021,434650,0,0,20605,523867,0.060213,5864,158147,0.018177,20622,682014,0.07839,8700223
1,2021-02-07,6230,846981,3993,410094,2237,436887,0,0,4626,526929,0.060565,1582,159729,0.018359,4644,686658,0.078924,8700223
1,2021-02-08,31362,878343,14181,424275,17181,454068,0,0,20890,537516,0.061782,10399,170128,0.019554,20986,707644,0.081336,8700223
1,2021-02-09,38384,916727,16822,441097,21562,475630,0,0,23667,546505,0.062815,14753,184881,0.02125,23742,731386,0.084065,8700223
1,2021-02-10,47125,963852,22049,463146,25076,500706,0,0,26771,553099,0.063573,20256,205137,0.023578,26850,758236,0.087151,8700223
1,2021-02-11,51665,1015517,25251,488397,26414,527120,0,0,30894,563643,0.064785,20453,225590,0.025929,30997,789233,0.090714,8700223
1,2021-02-12,49929,1065446,21442,509839,28487,555607,0,0,28705,571388,0.065675,21099,246689,0.028354,28844,818077,0.094029,8700223
1,2021-02-13,26347,1091793,11520,521359,14827,570434,0,0,15232,575659,0.066166,11036,257725,0.029623,15307,833384,0.095789,8700223
1,2021-02-14,11718,1103511,5535,526894,6183,576617,0,0,6670,577376,0.066363,5018,262743,0.0302,6735,840119,0.096563,8700223
1,2021-02-15,23774,1127285,9359,536253,14415,591032,0,0,14468,582774,0.066984,9187,271930,0.031256,14585,854704,0.098239,8700223
1,2021-02-16,46842,1174127,22307,558560,24535,615567,0,0,27525,591176,0.06795,19235,291165,0.033466,27637,882341,0.101416,8700223
1,2021-02-17,48173,1222300,24345,582905,23828,639395,0,0,26070,595433,0.068439,21963,313128,0.035991,26220,908561,0.10443,8700223
1,2021-02-18,51074,1273374,25375,608280,25699,665094,0,0,26501,597860,0.068718,24302,337430,0.038784,26729,935290,0.107502,8700223
1,2021-02-19,46264,1319638,24975,633255,21289,686383,0,0,25990,603812,0.069402,20103,357533,0.041095,26055,961345,0.110497,8700223
1,2021-02-20,27302,1346940,16631,649886,10671,697054,0,0,15640,607962,0.069879,11579,369112,0.042426,15729,977074,0.112304,8700223
1,2021-02-21,11639,1358579,10348,660234,1291,698345,0,0,6939,610314,0.070149,4640,373752,0.042959,6992,984066,0.113108,8700223
1,2021-02-22,30552,1389131,20021,680255,10531,708876,0,0,17893,615738,0.070773,12578,386330,0.044405,18002,1002068,0.115177,8700223
1,2021-02-23,43791,1432922,21279,701534,22512,731388,0,0,24425,621310,0.071413,19215,405545,0.046613,24787,1026855,0.118026,8700223
1,2021-02-24,53285,1486207,25785,727319,27500,758888,0,0,29824,628237,0.072209,23344,428889,0.049296,30271,1057126,0.121506,8700223
1,2021-02-25,65384,1551591,31763,759082,33621,792509,0,0,40960,645385,0.07418,24313,453202,0.052091,41461,1098587,0.126271,8700223
1,2021-02-26,73485,1625076,34474,793556,39011,831520,0,0,48388,669322,0.076932,24926,478128,0.054956,48863,1147450,0.131887,8700223
1,2021-02-27,50191,1675267,23197,816753,26985,858505,9,9,33410,686353,0.078889,16654,494782,0.05687,33685,1181135,0.135759,8700223
1,2021-02-28,19437,1694704,11507,828260,7928,866433,2,11,14337,695795,0.079974,5036,499818,0.057449,14478,1195613,0.137423,8700223
1,2021-03-01,44467,1739171,20389,848649,24039,890472,39,50,28723,709194,0.081514,15598,515416,0.059242,28997,1224610,0.140756,8700223
1,2021-03-02,62295,1801466,27143,875792,35144,925616,8,58,40264,728186,0.083697,21896,537312,0.061758,40888,1265498,0.145456,8700223
1,2021-03-03,70162,1871628,33577,909369,36563,962179,22,80,42985,744758,0.085602,27030,564342,0.064865,43602,1309100,0.150467,8700223
1,2021-03-04,78390,1950018,36958,946327,41397,1003576,35,115,50706,768494,0.08833,27514,591856,0.068028,51250,1360350,0.156358,8700223
1,2021-03-05,77425,2027443,35161,981488,42058,1045634,206,321,52020,796160,0.09151,25187,617043,0.070923,52853,1413203,0.162433,8700223
1,2021-03-06,57302,2084745,27389,1008877,28570,1074204,1343,1664,39016,818669,0.094097,18216,635259,0.073016,40725,1453928,0.167114,8700223
1,2021-03-07,20183,2104928,12865,1021742,6507,1080711,811,2475,15172,829928,0.095392,4988,640247,0.07359,16247,1470175,0.168981,8700223
1,2021-03-08,45823,2150751,22565,1044307,21384,1102095,1874,4349,32208,850828,0.097794,13522,653769,0.075144,34422,1504597,0.172938,8700223
1,2021-03-09,66530,2217281,32193,1076500,31862,1133957,2475,6824,41019,869274,0.099914,25391,679160,0.078062,43837,1548434,0.177976,8700223
1,2021-03-10,73305,2290586,36594,1113094,32324,1166281,4387,11211,45227,891280,0.102443,27980,707140,0.081278,49986,1598420,0.183722,8700223
1,2021-03-11,89941,2380527,41273,1154367,40736,1207017,7932,19143,52530,915015,0.105171,37188,744328,0.085553,60923,1659343,0.190724,8700223
1,2021-03-12,98786,2479313,43537,1197904,42880,1249897,12369,31512,57790,944860,0.108602,40791,785119,0.090241,70636,1729979,0.198843,8700223
1,2021-03-13,65207,2544520,29471,1227375,27969,1277866,7767,39279,41555,970998,0.111606,23517,808636,0.092944,49655,1779634,0.20455,8700223
1,2021-03-14,27657,2572177,14916,1242291,9168,1287034,3573,42852,15631,978438,0.112461,11960,820596,0.094319,19400,1799034,0.20678,8700223
1,2021-03-15,65218,2637395,28771,1271062,29746,1316780,6701,49553,38584,997656,0.11467,26424,847020,0.097356,45642,1844676,0.212026,8700223
1,2021-03-16,85696,2723091,39042,1310104,41044,1357824,5610,55163,53456,1025045,0.117818,32040,879060,0.101039,59429,1904105,0.218857,8700223
1,2021-03-17,92826,2815917,45277,1355381,41020,1398844,6529,61692,60017,1059344,0.121761,32615,911675,0.104788,66914,1971019,0.226548,8700223
1,2021-03-18,98657,2914574,50897,1406278,42028,1440872,5732,67424,60270,1087795,0.125031,38047,949722,0.109161,66498,2037517,0.234191,8700223
1,2021-03-19,103326,3017900,53615,1459893,43551,1484423,6160,73584,61095,1113604,0.127997,41963,991685,0.113984,67772,2105289,0.241981,8700223
1,2021-03-20,72215,3090115,37171,1497064,29792,1514215,5252,78836,46568,1140247,0.13106,25461,1017146,0.11691,52104,2157393,0.24797,8700223
1,2021-03-21,27112,3117227,18952,1516016,6345,1520560,1815,80651,17066,1149640,0.132139,9963,1027109,0.118055,19356,2176749,0.250195,8700223
1,2021-03-22,59280,3176507,30542,1546558,25460,1546020,3278,83929,40283,1174784,0.135029,18792,1045901,0.120215,43936,2220685,0.255245,8700223
1,2021-03-23,83008,3259515,42244,1588802,37145,1583165,3619,87548,51451,1198977,0.13781,31335,1077236,0.123817,55528,2276213,0.261627,8700223
1,2021-03-24,87852,3347367,44500,1633302,38992,1622157,4360,91908,52919,1221753,0.140428,34674,1111910,0.127802,57450,2333663,0.26823,8700223
1,2021-03-25,96649,3444016,49392,1682694,41430,1663587,5827,97735,54124,1239699,0.14249,42217,1154127,0.132655,60163,2393826,0.275145,8700223
1,2021-03-26,104384,3548400,50990,1733684,47077,1710664,6317,104052,56529,1255317,0.144286,47529,1201656,0.138118,63147,2456973,0.282403,8700223
1,2021-03-27,73925,3622325,38208,1771892,31537,1742201,4180,108232,38306,1262611,0.145124,35397,1237053,0.142186,42691,2499664,0.28731,8700223
1,2021-03-28,32565,3654890,21319,1793211,10038,1752239,1208,109440,16495,1264783,0.145374,15969,1253022,0.144022,18141,2517805,0.289395,8700223
1,2021-03-29,66843,3721733,33281,1826492,30467,1782706,3095,112535,37162,1275745,0.146634,29499,1282521,0.147412,40461,2558266,0.294046,8700223
1,2021-03-30,91716,3813449,45256,1871748,40150,1822856,6310,118845,47390,1285381,0.147741,44155,1326676,0.152488,53791,2612057,0.300229,8700223
1,2021-03-31,100507,3913956,52565,1924313,41849,1864705,6093,124938,55354,1302038,0.149656,44864,1371540,0.157644,61521,2673578,0.3073,8700223
1,2021-04-01,111556,4025512,53425,1977738,49425,1914130,8706,133644,57078,1313796,0.151007,54089,1425629,0.163861,65847,2739425,0.314868,8700223
1,2021-04-02,111069,4136581,50866,2028604,50571,1964701,9632,143276,56571,1326142,0.152426,54073,1479702,0.170076,66419,2805844,0.322503,8700223
1,2021-04-03,77957,4214538,39235,2067839,29100,1993801,9622,152898,36501,1331059,0.152991,41283,1520985,0.174821,46200,2852044,0.327813,8700223
1,2021-04-04,23709,4238247,11808,2079647,8441,2002242,3460,156358,9937,1330740,0.152955,13709,1534694,0.176397,13390,2865434,0.329352,8700223
1,2021-04-05,76252,4314499,36817,2116464,30257,2032499,9178,165536,34521,1333077,0.153223,41539,1576233,0.181172,43876,2909310,0.334395,8700223
1,2021-04-06,103498,4417997,49202,2165666,37762,2070261,16534,182070,46872,1340168,0.154038,56362,1632595,0.18765,63453,2972763,0.341688,8700223
1,2021-04-07,111573,4529570,54307,2219973,39812,2110073,17454,199524,50438,1347248,0.154852,60849,1693444,0.194644,67929,3040692,0.349496,8700223
1,2021-04-08,121932,4651502,57802,2277775,43256,2153329,20874,220398,53961,1354578,0.155695,67577,1761021,0.202411,74907,3115599,0.358106,8700223
1,2021-04-09,123035,4774537,56346,2334121,46078,2199407,20611,241009,54191,1360964,0.156429,68490,1829511,0.210283,74876,3190475,0.366712,8700223
1,2021-04-10,95418,4869955,42431,2376552,30348,2229755,22639,263648,37267,1362905,0.156652,57959,1887470,0.216945,59900,3250375,0.373597,8700223
1,2021-04-11,36281,4906236,20287,2396839,9362,2239117,6632,270280,14848,1363122,0.156677,21374,1908844,0.219402,21591,3271966,0.376078,8700223
1,2021-04-12,74159,4980395,33196,2430035,30996,2270113,9967,280247,31424,1362213,0.156572,42455,1951299,0.224281,41546,3313512,0.380854,8700223
1,2021-04-13,97088,5077483,52020,2482055,44729,2314842,339,280586,52469,1371019,0.157584,44343,1995642,0.229378,53149,3366661,0.386963,8700223
1,2021-04-14,104870,5182353,54343,2536398,50457,2365299,70,280656,53436,1373816,0.157906,51081,2046723,0.235249,53878,3420539,0.393155,8700223
1,2021-04-15,106087,5288440,57743,2594141,48253,2413552,91,280747,56789,1382133,0.158862,48732,2095455,0.240851,57049,3477588,0.399713,8700223
1,2021-04-16,110423,5398863,56791,2650932,53544,2467096,88,280835,55399,1383286,0.158994,54515,2149970,0.247117,55668,3533256,0.406111,8700223
1,2021-04-17,83336,5482199,45314,2696246,38010,2505106,12,280847,46927,1394198,0.160249,36190,2186160,0.251276,47102,3580358,0.411525,8700223
1,2021-04-18,30100,5512299,20370,2716616,9723,2514829,7,280854,15249,1394888,0.160328,14765,2200925,0.252973,15455,3595813,0.413301,8700223
1,2021-04-19,67137,5579436,33964,2750580,33160,2547989,13,280867,30533,1389298,0.159685,36265,2237190,0.257142,30675,3626488,0.416827,8700223
1,2021-04-20,88304,5667740,44545,2795125,43735,2591724,24,280891,41589,1384726,0.15916,46389,2283579,0.262474,41817,3668305,0.421633,8700223
1,2021-04-21,96908,5764648,50462,2845587,46348,2638072,98,280989,43683,1376037,0.158161,52702,2336281,0.268531,44013,3712318,0.426692,8700223
1,2021-04-22,96500,5861148,50387,2895974,46097,2684169,16,281005,44328,1368892,0.15734,51707,2387988,0.274474,44562,3756880,0.431814,8700223
1,2021-04-23,101229,5962377,52280,2948254,48924,2733093,25,281030,48432,1365262,0.156923,52312,2440300,0.280487,48682,3805562,0.43741,8700223
1,2021-04-24,75295,6037672,46700,2994954,28570,2761663,25,281055,42703,1375750,0.158128,32493,2472793,0.284222,42981,3848543,0.44235,8700223
1,2021-04-25,26944,6064616,17147,3012101,9784,2771447,13,281068,15418,1379897,0.158605,11418,2484211,0.285534,15565,3864108,0.444139,8700223
1,2021-04-26,65903,6130519,34617,3046718,30887,2802334,399,281467,31479,1377973,0.158384,34140,2518351,0.289458,32216,3896324,0.447842,8700223
1,2021-04-27,81126,6211645,43152,3089870,36679,2839013,1295,282762,35504,1369767,0.15744,45349,2563700,0.294671,37143,3933467,0.452111,8700223
1,2021-04-28,80656,6292301,42913,3132783,36259,2875272,1484,284246,35671,1362485,0.156603,44664,2608364,0.299804,37382,3970849,0.456408,8700223
1,2021-04-29,83731,6376032,46071,3178854,36055,2911327,1605,285851,34621,1350082,0.155178,48788,2657152,0.305412,36385,4007234,0.46059,8700223
1,2021-04-30,91426,6467458,49592,3228446,39986,2951313,1848,287699,38641,1338262,0.153819,52479,2709631,0.311444,40659,4047893,0.465263,8700223
1,2021-05-01,62096,6529554,40159,3268605,20527,2971840,1410,289109,26189,1330379,0.152913,35705,2745336,0.315548,27822,4075715,0.468461,8700223
1,2021-05-02,23194,6552748,16390,3284995,6234,2978074,570,289679,9391,1326671,0.152487,13697,2759033,0.317122,9989,4085704,0.469609,8700223
1,2021-05-03,55584,6608332,30695,3315690,23049,3001123,1840,291519,20561,1314324,0.151068,34804,2793837,0.321122,22457,4108161,0.47219,8700223
1,2021-05-04,74870,6683202,43151,3358841,29640,3030763,2079,293598,27213,1296324,0.148999,47381,2841218,0.326568,29381,4137542,0.475567,8700223
1,2021-05-05,77143,6760345,44788,3403629,30062,3060825,2293,295891,26393,1274659,0.146509,50436,2891654,0.332366,28771,4166313,0.478874,8700223
1,2021-05-06,78294,6838639,47426,3451055,28700,3089525,2168,298059,24600,1248241,0.143472,53340,2944994,0.338496,26922,4193235,0.481969,8700223
1,2021-05-07,82346,6920985,46832,3497887,33328,3122853,2186,300245,27672,1223890,0.140673,54273,2999267,0.344734,29922,4223157,0.485408,8700223
1,2021-05-08,56593,6977578,35519,3533406,19438,3142291,1636,301881,19351,1208042,0.138852,36929,3036196,0.348979,21081,4244238,0.487831,8700223
1,2021-05-09,18131,6995709,13047,3546453,4611,3146902,473,302354,5553,1201603,0.138112,12501,3048697,0.350416,6062,4250300,0.488528,8700223
1,2021-05-10,43657,7039366,22080,3568533,19773,3166675,1804,304158,14831,1189759,0.13675,28574,3077271,0.3537,16730,4267030,0.490451,8700223
1,2021-05-11,61541,7100907,33422,3601955,25987,3192662,2132,306290,20374,1171484,0.13465,40903,3118174,0.358402,22628,4289658,0.493051,8700223
1,2021-05-12,62096,7163003,33114,3635069,26977,3219639,2005,308295,20468,1152695,0.13249,41333,3159507,0.363152,22544,4312202,0.495643,8700223
1,2021-05-13,66044,7229047,38800,3673869,25268,3244907,1976,310271,25164,1139591,0.130984,40525,3200032,0.36781,27421,4339623,0.498794,8700223
1,2021-05-14,75646,7304693,45682,3719551,27582,3272489,2382,312653,30680,1128338,0.129691,44593,3244625,0.372936,33340,4372963,0.502627,8700223
1,2021-05-15,65824,7370517,43248,3762799,20840,3293329,1736,314389,26294,1117190,0.128409,39250,3283875,0.377447,28102,4401065,0.505857,8700223
1,2021-05-16,24829,7395346,18282,3781081,5926,3299255,621,315010,10195,1113526,0.127988,14525,3298400,0.379117,10861,4411926,0.507105,8700223
1,2021-05-17,53857,7449203,32964,3814045,19137,3318392,1756,316766,22942,1107618,0.127309,30668,3329068,0.382642,24760,4436686,0.509951,8700223
1,2021-05-18,64591,7513794,38976,3853021,23798,3342190,1817,318583,28075,1101338,0.126587,36256,3365324,0.386809,29976,4466662,0.513396,8700223
1,2021-05-19,65904,7579698,40187,3893208,23797,3365987,1920,320503,29461,1096634,0.126047,36173,3401497,0.390967,31469,4498131,0.517013,8700223
1,2021-05-20,63695,7643393,37041,3930249,24490,3390477,2164,322667,26280,1088183,0.125075,37096,3438593,0.39523,28645,4526776,0.520306,8700223
1,2021-05-21,69502,7712895,41537,3971786,26116,3416593,1849,324516,28746,1078513,0.123964,40364,3478957,0.39987,30694,4557470,0.523834,8700223
1,2021-05-22,55361,7768256,36481,4008267,17178,3433771,1702,326218,24180,1073560,0.123395,30932,3509889,0.403425,25979,4583449,0.52682,8700223
1,2021-05-23,20071,7788327,14121,4022388,5364,3439135,586,326804,9355,1072910,0.12332,10615,3520504,0.404645,9965,4593414,0.527965,8700223
1,2021-05-24,43496,7831823,24278,4046666,17400,3456535,1818,328622,17681,1066914,0.122631,25577,3546081,0.407585,19581,4612995,0.530216,8700223
1,2021-05-25,50486,7882309,29114,4075780,19714,3476249,1658,330280,20957,1060372,0.121879,29257,3575338,0.410948,22715,4635710,0.532827,8700223
1,2021-05-26,48192,7930501,27358,4103138,18951,3495200,1883,332163,20463,1055333,0.1213,27431,3602769,0.414101,22392,4658102,0.5354,8700223
1,2021-05-27,46653,7977154,26250,4129388,18526,3513726,1877,334040,20065,1051088,0.120812,26307,3629076,0.417124,22062,4680164,0.537936,8700223
1,2021-05-28,52021,8029175,28987,4158375,21251,3534977,1783,335823,23347,1047967,0.120453,28375,3657451,0.420386,25254,4705418,0.540839,8700223
1,2021-05-29,30255,8059430,18336,4176711,10987,3545964,932,336755,14425,1047704,0.120423,15676,3673127,0.422188,15413,4720831,0.54261,8700223
1,2021-05-30,11553,8070983,7457,4184168,3550,3549514,546,337301,5455,1047701,0.120422,6029,3679156,0.422881,6026,4726857,0.543303,8700223
1,2021-05-31,5660,8076643,3232,4187400,2182,3551696,246,337547,1976,1046306,0.120262,3630,3682786,0.423298,2235,4729092,0.54356,8700223
1,2021-06-01,45470,8122113,25758,4213158,18203,3569899,1509,339056,17293,1037307,0.119228,27879,3710665,0.426502,18880,4747972,0.54573,8700223
1,2021-06-02,39666,8161779,23061,4236219,15138,3585037,1467,340523,15995,1031455,0.118555,23388,3734053,0.42919,17536,4765508,0.547746,8700223
1,2021-06-03,40979,8202758,25717,4261936,13614,3598651,1648,342171,15690,1023871,0.117683,24995,3759048,0.432063,17411,4782919,0.549747,8700223
1,2021-06-04,49718,8252476,31948,4293884,16025,3614676,1745,343916,17841,1011973,0.116316,31562,3790610,0.435691,19664,4802583,0.552007,8700223
1,2021-06-05,40015,8292491,27343,4321227,10719,3625395,1953,345869,14064,1002312,0.115205,25734,3816344,0.438649,16073,4818656,0.553854,8700223
1,2021-06-06,13035,8305526,10445,4331672,2090,3627485,500,346369,4513,998943,0.114818,8444,3824788,0.43962,5075,4823731,0.554438,8700223
1,2021-06-07,33759,8339285,23291,4354963,9126,3636611,1342,347711,11992,990767,0.113878,21565,3846353,0.442098,13389,4837120,0.555977,8700223
1,2021-06-08,41896,8381181,29058,4384021,11235,3647846,1603,349314,14592,980009,0.112642,27047,3873400,0.445207,16289,4853409,0.557849,8700223
1,2021-06-09,41767,8422948,29002,4413023,11157,3659003,1608,350922,13575,967351,0.111187,27903,3901303,0.448414,15245,4868654,0.559601,8700223
1,2021-06-10,38697,8461645,26192,4439215,10862,3669865,1643,352565,13340,957312,0.110033,25130,3926433,0.451303,15091,4883745,0.561336,8700223
1,2021-06-11,43283,8504928,28729,4467944,12923,3682788,1631,354196,15343,946724,0.108816,27643,3954076,0.45448,17055,4900800,0.563296,8700223
1,2021-06-12,33500,8538428,24270,4492214,8049,3690837,1181,355377,11048,936775,0.107673,22250,3976326,0.457037,12301,4913101,0.56471,8700223
1,2021-06-13,11591,8550019,8425,4500639,2687,3693524,479,355856,3421,932608,0.107194,8102,3984428,0.457968,3935,4917036,0.565162,8700223
1,2021-06-14,30517,8580536,20562,4521201,8666,3702190,1289,357145,11400,926404,0.10648,18933,4003361,0.460145,12729,4929765,0.566625,8700223
1,2021-06-15,36945,8617481,24267,4545468,10848,3713038,1830,358975,13707,919048,0.105635,22985,4026346,0.462787,15629,4945394,0.568422,8700223
1,2021-06-16,35045,8652526,23713,4569181,9524,3722562,1808,360783,13167,912452,0.104877,21637,4047983,0.465273,15041,4960435,0.57015,8700223
1,2021-06-17,33264,8685790,22036,4591217,9294,3731856,1934,362717,13068,907575,0.104316,19968,4067951,0.467569,15091,4975526,0.571885,8700223
1,2021-06-18,39006,8724796,25329,4616546,10859,3742715,2818,365535,15133,901966,0.103672,23619,4091570,0.470283,18010,4993536,0.573955,8700223
1,2021-06-19,23601,8748397,16374,4632920,6043,3748758,1184,366719,9775,899307,0.103366,13653,4105223,0.471853,10994,5004530,0.575219,8700223
1,2021-06-20,8062,8756459,5889,4638809,1902,3750660,271,366990,3198,897985,0.103214,4801,4110024,0.472404,3479,5008009,0.575618,8700223
1,2021-06-21,20719,8777178,11716,4650525,6823,3757483,2180,369170,10792,901183,0.103582,9822,4119846,0.473533,13020,5021029,0.577115,8700223
1,2021-06-22,30395,8807573,19885,4670410,8406,3765889,2104,371274,12802,898763,0.103303,17400,4137246,0.475533,14980,5036009,0.578837,8700223
1,2021-06-23,28946,8836519,19419,4689829,7730,3773619,1797,373071,12665,897171,0.10312,16087,4153333,0.477382,14495,5050504,0.580503,8700223
1,2021-06-24,27757,8864276,18539,4708368,7586,3781205,1632,374703,11815,894917,0.102861,15767,4169100,0.479195,13513,5064017,0.582056,8700223
1,2021-06-25,31160,8895436,21237,4729605,8558,3789763,1365,376068,13755,892902,0.10263,17191,4186291,0.481171,15176,5079193,0.5838,8700223
1,2021-06-26,21866,8917302,16282,4745887,4800,3794563,784,376852,9563,891106,0.102423,12192,4198483,0.482572,10396,5089589,0.584995,8700223
1,2021-06-27,9072,8926374,6761,4752648,1895,3796458,416,377268,4075,890672,0.102373,4942,4203425,0.48314,4508,5094097,0.585513,8700223
1,2021-06-28,20129,8946503,14963,4767611,4021,3800479,1145,378413,9430,890750,0.102382,10549,4213974,0.484352,10627,5104724,0.586735,8700223
1,2021-06-29,17600,8964103,12103,4779714,4480,3804959,1017,379430,7198,888704,0.102147,10292,4224266,0.485535,8246,5112970,0.587683,8700223
2,2020-12-15,241,241,241,241,0,0,0,0,241,241,2.9e-05,0,0,0.0,241,241,2.9e-05,8407551
2,2020-12-16,2079,2320,2079,2320,0,0,0,0,2078,2319,0.000276,0,0,0.0,2078,2319,0.000276,8407551
2,2020-12-17,6842,9162,6842,9162,0,0,0,0,6842,9160,0.001089,1,1,0.0,6842,9161,0.00109,8407551
2,2020-12-18,11074,20236,11054,20216,20,20,0,0,11072,20230,0.002406,2,3,0.0,11072,20233,0.002407,8407551
2,2020-12-19,5624,25860,5618,25834,6,26,0,0,5625,25855,0.003075,0,3,0.0,5625,25858,0.003076,8407551
2,2020-12-20,4253,30113,4243,30077,10,36,0,0,4249,30104,0.003581,0,3,0.0,4249,30107,0.003581,8407551
2,2020-12-21,12776,42889,12751,42828,25,61,0,0,12731,42835,0.005095,0,3,0.0,12731,42838,0.005095,8407551
2,2020-12-22,12157,55046,11644,54472,513,574,0,0,12157,54992,0.006541,0,3,0.0,12157,54995,0.006541,8407551
2,2020-12-23,11689,66735,9475,63947,2214,2788,0,0,11691,66683,0.007931,1,4,0.0,11692,66687,0.007932,8407551
2,2020-12-24,5909,72644,3498,67445,2411,5199,0,0,5904,72585,0.008633,4,8,1e-06,5906,72593,0.008634,8407551
2,2020-12-25,480,73124,403,67848,77,5276,0,0,482,73067,0.008691,0,8,1e-06,482,73075,0.008692,8407551
2,2020-12-26,2567,75691,1672,69520,895,6171,0,0,2568,75634,0.008996,1,9,1e-06,2568,75643,0.008997,8407551
2,2020-12-27,2220,77911,1206,70726,1014,7185,0,0,2217,77849,0.009259,2,11,1e-06,2217,77860,0.009261,8407551
2,2020-12-28,11017,88928,7174,77900,3843,11028,0,0,11017,88865,0.01057,1,12,1e-06,11017,88877,0.010571,8407551
2,2020-12-29,12718,101646,7152,85052,5566,16594,0,0,12722,101587,0.012083,0,12,1e-06,12722,101599,0.012084,8407551
2,2020-12-30,15408,117054,8665,93717,6743,23337,0,0,15421,117005,0.013917,5,17,2e-06,15423,117022,0.013919,8407551
2,2020-12-31,7574,124628,2830,96547,4744,28081,0,0,7567,124567,0.014816,5,22,3e-06,7567,124589,0.014819,8407551
2,2021-01-01,1207,125835,585,97132,622,28703,0,0,1208,125772,0.014959,3,25,3e-06,1208,125797,0.014962,8407551
2,2021-01-02,4848,130683,2769,99901,2079,30782,0,0,4843,130613,0.015535,2,27,3e-06,4843,130640,0.015538,8407551
2,2021-01-03,1389,132072,792,100693,597,31379,0,0,1384,131994,0.015699,3,30,4e-06,1384,132024,0.015703,8407551
2,2021-01-04,11650,143722,5555,106248,6095,37474,0,0,11638,143629,0.017083,3,33,4e-06,11638,143662,0.017087,8407551
2,2021-01-05,13875,157597,6929,113177,6946,44420,0,0,12678,155151,0.018454,1190,1223,0.000145,12712,156374,0.018599,8407551
2,2021-01-06,18974,176571,10456,123633,8518,52938,0,0,15207,166654,0.019822,3713,4936,0.000587,15216,171590,0.020409,8407551
2,2021-01-07,23211,199782,13106,136739,10105,63043,0,0,15580,174608,0.020768,7640,12576,0.001496,15594,187184,0.022264,8407551
2,2021-01-08,26672,226454,16208,152947,10464,73507,0,0,16404,180816,0.021506,10219,22795,0.002711,16427,203611,0.024218,8407551
2,2021-01-09,9832,236286,5742,158689,4090,77597,0,0,6277,183536,0.02183,3564,26359,0.003135,6284,209895,0.024965,8407551
2,2021-01-10,5297,241583,2927,161616,2370,79967,0,0,3071,184375,0.02193,2237,28596,0.003401,3076,212971,0.025331,8407551
2,2021-01-11,26076,267659,17938,179554,8138,88105,0,0,15022,188377,0.022406,11070,39666,0.004718,15072,228043,0.027124,8407551
2,2021-01-12,26237,293896,16324,195878,9913,98018,0,0,16685,195568,0.023261,9576,49242,0.005857,16767,244810,0.029118,8407551
2,2021-01-13,28602,322498,15197,211075,13405,111423,0,0,20642,208285,0.024774,7952,57194,0.006803,20669,265479,0.031576,8407551
2,2021-01-14,30302,352800,11514,222589,18788,130211,0,0,26057,230143,0.027373,4268,61462,0.00731,26126,291605,0.034684,8407551
2,2021-01-15,35159,387959,12843,235432,22316,152527,0,0,31886,258835,0.030786,3280,64742,0.0077,31972,323577,0.038486,8407551
2,2021-01-16,17702,405661,5628,241060,12074,164601,0,0,16370,273865,0.032574,1351,66093,0.007861,16381,339958,0.040435,8407551
2,2021-01-17,10679,416340,3631,244691,7048,171649,0,0,9954,283084,0.03367,743,66836,0.00795,9962,349920,0.04162,8407551
2,2021-01-18,19702,436042,11018,255709,8684,180333,0,0,14905,293232,0.034877,4815,71651,0.008522,14963,364883,0.043399,8407551
2,2021-01-19,32485,468527,16947,272656,15538,195871,0,0,24496,309853,0.036854,7989,79640,0.009472,24610,389493,0.046327,8407551
2,2021-01-20,37647,506174,19003,291659,18644,214515,0,0,29034,330391,0.039297,8587,88227,0.010494,29125,418618,0.049791,8407551
2,2021-01-21,40916,547090,17427,309086,23489,238004,0,0,36445,362558,0.043123,4447,92674,0.011023,36614,455232,0.054146,8407551
2,2021-01-22,39583,586673,16568,325654,23015,261019,0,0,36243,395473,0.047038,3353,96027,0.011422,36268,491500,0.058459,8407551
2,2021-01-23,24127,610800,10795,336449,13332,274351,0,0,21142,413687,0.049204,2958,98985,0.011773,21172,512672,0.060978,8407551
2,2021-01-24,12436,623236,6117,342566,6319,280670,0,0,11511,424301,0.050467,909,99894,0.011881,11523,524195,0.062348,8407551
2,2021-01-25,33913,657149,15672,358238,18241,298911,0,0,25103,440785,0.052427,8754,108648,0.012923,25238,549433,0.06535,8407551
2,2021-01-26,40483,697632,19957,378195,20526,319437,0,0,31367,463140,0.055086,9094,117742,0.014004,31449,580882,0.069091,8407551
2,2021-01-27,45896,743528,22919,401114,22977,342414,0,0,35653,488729,0.05813,10121,127863,0.015208,35710,616592,0.073338,8407551
2,2021-01-28,48202,791730,22768,423882,25434,367848,0,0,39520,519696,0.061813,8624,136487,0.016234,39591,656183,0.078047,8407551
2,2021-01-29,45795,837525,22268,446150,23527,391375,0,0,37086,548250,0.065209,8596,145083,0.017256,37150,693333,0.082466,8407551
2,2021-01-30,31614,869139,13676,459826,17938,409313,0,0,28236,573181,0.068175,3338,148421,0.017653,28269,721602,0.085828,8407551
2,2021-01-31,17586,886725,10626,470452,6960,416273,0,0,16370,588377,0.069982,1192,149613,0.017795,16388,737990,0.087777,8407551
2,2021-02-01,41198,927923,19899,490351,21299,437572,0,0,30201,607666,0.072276,10950,160563,0.019097,30239,768229,0.091374,8407551
2,2021-02-02,47939,975862,19569,509920,28370,465942,0,0,36460,632815,0.075267,11408,171971,0.020454,36557,804786,0.095722,8407551
2,2021-02-03,54447,1030309,24307,534227,30140,496082,0,0,40231,659023,0.078385,14115,186086,0.022133,40323,845109,0.100518,8407551
2,2021-02-04,56264,1086573,24348,558575,31916,527998,0,0,41167,685292,0.081509,14996,201082,0.023917,41265,886374,0.105426,8407551
2,2021-02-05,60030,1146603,26450,585025,33580,561578,0,0,40645,706917,0.084081,19193,220275,0.0262,40818,927192,0.110281,8407551
2,2021-02-06,39029,1185632,18177,603202,20852,582430,0,0,31358,730772,0.086919,7593,227868,0.027103,31448,958640,0.114021,8407551
2,2021-02-07,16002,1201634,10712,613914,5290,587720,0,0,12144,739153,0.087915,3833,231701,0.027559,12214,970854,0.115474,8407551
2,2021-02-08,43493,1245127,22413,636327,21080,608800,0,0,29949,755914,0.089909,13397,245098,0.029152,30158,1001012,0.119061,8407551
2,2021-02-09,49472,1294599,23560,659887,25912,634712,0,0,30676,768389,0.091393,18531,263629,0.031356,31006,1032018,0.122749,8407551
2,2021-02-10,59841,1354440,28222,688109,31619,666331,0,0,34605,778409,0.092585,24938,288567,0.034322,34958,1066976,0.126907,8407551
2,2021-02-11,64400,1418840,29820,717929,34580,700911,0,0,36009,786830,0.093586,28080,316647,0.037662,36501,1103477,0.131248,8407551
2,2021-02-12,65400,1484240,28264,746193,37136,738047,0,0,34750,791889,0.094188,30349,346996,0.041272,35408,1138885,0.13546,8407551
2,2021-02-13,38092,1522332,15933,762126,22159,760206,0,0,22036,798354,0.094957,15949,362945,0.043169,22414,1161299,0.138126,8407551
2,2021-02-14,20091,1542423,9437,771563,10654,770860,0,0,11275,801224,0.095298,8766,371711,0.044212,11636,1172935,0.13951,8407551
2,2021-02-15,33298,1575721,15104,786667,18194,789054,0,0,18425,805766,0.095838,14739,386450,0.045965,19281,1192216,0.141803,8407551
2,2021-02-16,56415,1632136,27871,814538,28544,817598,0,0,29688,809511,0.096284,26623,413073,0.049131,30368,1222584,0.145415,8407551
2,2021-02-17,62009,1694145,32144,846682,29865,847463,0,0,30679,809784,0.096316,31238,444311,0.052847,31511,1254095,0.149163,8407551
2,2021-02-18,66493,1760638,33754,880436,32739,880202,0,0,32257,809230,0.09625,33959,478270,0.056886,33405,1287500,0.153136,8407551
2,2021-02-19,59916,1820554,33456,913892,26460,906662,0,0,29518,809203,0.096247,30152,508422,0.060472,30125,1317625,0.156719,8407551
2,2021-02-20,37846,1858400,24745,938637,13101,919763,0,0,20413,813014,0.0967,17299,525721,0.06253,21110,1338735,0.15923,8407551
2,2021-02-21,21392,1879792,17764,956401,3628,923391,0,0,10209,812930,0.09669,11095,536816,0.063849,11011,1349746,0.16054,8407551
2,2021-02-22,38225,1918017,26214,982615,12011,935402,0,0,18239,811989,0.096579,19862,556678,0.066212,18921,1368667,0.16279,8407551
2,2021-02-23,52345,1970362,26854,1009469,25491,960893,0,0,23030,807809,0.096081,29105,585783,0.069673,24925,1393592,0.165755,8407551
2,2021-02-24,68744,2039106,35427,1044896,33317,994210,0,0,31633,804851,0.09573,36957,622740,0.074069,33999,1427591,0.169799,8407551
2,2021-02-25,74533,2113639,35134,1080030,39399,1033609,0,0,37987,809322,0.096261,36327,659067,0.07839,40798,1468389,0.174651,8407551
2,2021-02-26,82735,2196374,35353,1115383,47382,1080991,0,0,44681,818411,0.097342,37787,696854,0.082884,46876,1515265,0.180227,8407551
2,2021-02-27,60498,2256872,28025,1143408,32466,1113457,7,7,33042,825546,0.098191,27249,724103,0.086125,34384,1549649,0.184316,8407551
2,2021-02-28,29971,2286843,17935,1161343,12035,1125492,1,8,17540,831589,0.09891,12329,736432,0.087592,18372,1568021,0.186502,8407551
2,2021-03-01,57222,2344065,30102,1191445,27083,1152575,37,45,31099,838069,0.099681,25850,762282,0.090666,32330,1600351,0.190347,8407551
2,2021-03-02,68029,2412094,32777,1224222,35244,1187819,8,53,38533,849602,0.101052,29344,791626,0.094157,40877,1641228,0.195209,8407551
2,2021-03-03,79917,2492011,38822,1263044,41081,1228900,14,67,45183,862825,0.102625,34541,826167,0.098265,47764,1688992,0.20089,8407551
2,2021-03-04,87479,2579490,43155,1306199,44293,1273193,31,98,50469,878907,0.104538,36793,862960,0.102641,52875,1741867,0.207179,8407551
2,2021-03-05,80959,2660449,38338,1344537,42314,1315507,307,405,49754,900338,0.107087,31005,893965,0.106329,52436,1794303,0.213416,8407551
2,2021-03-06,62556,2723005,30585,1375122,30284,1345791,1687,2092,38532,918095,0.109199,23900,917865,0.109172,41657,1835960,0.21837,8407551
2,2021-03-07,27750,2750755,16186,1391308,10587,1356378,977,3069,17838,928175,0.110398,9848,927713,0.110343,19928,1855888,0.220741,8407551
2,2021-03-08,50059,2800814,23080,1414388,24509,1380887,2470,5539,31663,945653,0.112477,18291,946004,0.112518,35769,1891657,0.224995,8407551
2,2021-03-09,70063,2870877,32049,1446437,34228,1415115,3786,9325,38863,958574,0.114013,31080,977084,0.116215,44001,1935658,0.230229,8407551
2,2021-03-10,77875,2948752,36979,1483416,34347,1449462,6549,15874,41420,971629,0.115566,36249,1013333,0.120527,49304,1984962,0.236093,8407551
2,2021-03-11,92822,3041574,42908,1526324,41556,1491018,8358,24232,48527,985929,0.117267,43995,1057328,0.125759,58295,2043257,0.243026,8407551
2,2021-03-12,93881,3135455,38633,1564957,43252,1534270,11996,36228,46820,999354,0.118864,46828,1104156,0.131329,60253,2103510,0.250193,8407551
2,2021-03-13,69001,3204456,28928,1593885,32154,1566424,7919,44147,38041,1015791,0.120819,30826,1134982,0.134996,47263,2150773,0.255814,8407551
2,2021-03-14,36713,3241169,18286,1612171,13899,1580323,4528,48675,18630,1021723,0.121524,17981,1152963,0.137134,23913,2174686,0.258659,8407551
2,2021-03-15,67263,3308432,30430,1642601,31786,1612109,5047,53722,37146,1035115,0.123117,29904,1182867,0.140691,43296,2217982,0.263808,8407551
2,2021-03-16,86157,3394589,38144,1680745,43999,1656108,4014,57736,52382,1059041,0.125963,33602,1216469,0.144688,57528,2275510,0.270651,8407551
2,2021-03-17,92538,3487127,44316,1725061,44065,1700173,4157,61893,58955,1089676,0.129607,33322,1249791,0.148651,63957,2339467,0.278258,8407551
2,2021-03-18,97856,3584983,46730,1771791,46542,1746715,4584,66477,59998,1117265,0.132888,37559,1287350,0.153118,65148,2404615,0.286007,8407551
2,2021-03-19,97296,3682279,46049,1817840,45106,1791821,6141,72618,58057,1143073,0.135958,38947,1326297,0.157751,64755,2469370,0.293709,8407551
2,2021-03-20,69631,3751910,33742,1851582,31963,1823784,3926,76544,45757,1169494,0.1391,23637,1349934,0.160562,50058,2519428,0.299663,8407551
2,2021-03-21,33210,3785120,21527,1873109,9701,1833485,1982,78526,20058,1179397,0.140278,13026,1362960,0.162111,22929,2542357,0.30239,8407551
2,2021-03-22,62704,3847824,34510,1907619,25542,1859027,2652,81178,41771,1204009,0.143206,20713,1383673,0.164575,45325,2587682,0.307781,8407551
2,2021-03-23,83650,3931474,44515,1952134,36223,1895250,2912,84090,52518,1229407,0.146227,30870,1414543,0.168247,56268,2643950,0.314473,8407551
2,2021-03-24,91430,4022904,49184,2001318,39097,1934347,3149,87239,53940,1250138,0.148692,37178,1451721,0.172669,57909,2701859,0.321361,8407551
2,2021-03-25,101024,4123928,50957,2052275,46173,1980520,3894,91133,57519,1269133,0.150952,43184,1494905,0.177805,62179,2764038,0.328757,8407551
2,2021-03-26,103124,4227052,51191,2103466,48438,2028958,3495,94628,56803,1284516,0.152781,45969,1540874,0.183273,61352,2825390,0.336054,8407551
2,2021-03-27,75404,4302456,37579,2141045,34517,2063475,3308,97936,38009,1289529,0.153377,37165,1578039,0.187693,42178,2867568,0.341071,8407551
2,2021-03-28,37557,4340013,23171,2164216,13574,2077049,812,98748,20262,1294235,0.153937,17176,1595215,0.189736,21882,2889450,0.343673,8407551
2,2021-03-29,71098,4411111,36191,2200407,32638,2109687,2269,101017,40692,1307875,0.15556,30218,1625433,0.19333,43858,2933308,0.34889,8407551
2,2021-03-30,91709,4502820,44867,2245274,42486,2152173,4356,105373,51744,1324814,0.157574,39768,1665201,0.19806,56707,2990015,0.355634,8407551
2,2021-03-31,101059,4603879,52020,2297294,43925,2196098,5114,110487,57592,1344701,0.15994,43167,1708368,0.203194,63054,3053069,0.363134,8407551
2,2021-04-01,117374,4721253,56698,2353992,51473,2247571,9203,119690,64164,1365661,0.162433,52846,1761214,0.20948,73806,3126875,0.371913,8407551
2,2021-04-02,111534,4832787,51400,2405392,49978,2297549,10156,129846,60231,1385589,0.164803,50942,1812156,0.215539,70870,3197745,0.380342,8407551
2,2021-04-03,76712,4909499,37637,2443029,29257,2326806,9818,139664,38097,1395496,0.165981,38411,1850567,0.220108,48318,3246063,0.386089,8407551
2,2021-04-04,29039,4938538,14919,2457948,10269,2337075,3851,143515,13096,1396632,0.166116,15852,1866419,0.221993,16988,3263051,0.38811,8407551
2,2021-04-05,78986,5017524,38754,2496702,31441,2368516,8791,152306,38399,1404157,0.167011,40427,1906846,0.226802,47952,3311003,0.393813,8407551
2,2021-04-06,103847,5121371,50581,2547283,38571,2407087,14695,167001,49431,1414540,0.168246,54162,1961008,0.233244,64545,3375548,0.40149,8407551
2,2021-04-07,110385,5231756,55061,2602344,39088,2446175,16236,183237,52143,1425242,0.169519,57966,2018974,0.240138,68668,3444216,0.409657,8407551
2,2021-04-08,119301,5351057,57415,2659759,43158,2489333,18728,201965,55480,1436566,0.170866,63484,2082458,0.247689,74808,3519024,0.418555,8407551
2,2021-04-09,118787,5469844,57140,2716899,43481,2532814,18166,220131,56214,1449614,0.172418,62211,2144669,0.255088,75259,3594283,0.427507,8407551
2,2021-04-10,87495,5557339,37787,2754686,31360,2564174,18348,238479,36202,1453817,0.172918,51036,2195705,0.261159,55239,3649522,0.434077,8407551
2,2021-04-11,44462,5601801,23047,2777733,12950,2577124,8465,246944,18270,1455225,0.173085,26059,2221764,0.264258,27467,3676989,0.437344,8407551
2,2021-04-12,79965,5681766,37243,2814976,33333,2610457,9389,256333,35855,1457621,0.17337,43850,2265614,0.269474,46246,3723235,0.442844,8407551
2,2021-04-13,101908,5783674,52867,2867843,48782,2659239,259,256592,55940,1468993,0.174723,45719,2311333,0.274912,57091,3780326,0.449635,8407551
2,2021-04-14,106700,5890374,55852,2923695,50796,2710035,52,256644,54694,1473458,0.175254,51713,2363046,0.281062,56178,3836504,0.456316,8407551
2,2021-04-15,113363,6003737,60244,2983939,53041,2763076,78,256722,59462,1480541,0.176097,53524,2416570,0.287429,60607,3897111,0.463525,8407551
2,2021-04-16,110637,6114374,57482,3041421,53105,2816181,50,256772,56343,1483829,0.176488,53953,2470523,0.293846,57241,3954352,0.470333,8407551
2,2021-04-17,83336,6197710,42377,3083798,40942,2857123,17,256789,46910,1495444,0.177869,36174,2506697,0.298148,47789,4002141,0.476017,8407551
2,2021-04-18,35565,6233275,21633,3105431,13926,2871049,6,256795,16968,1494934,0.177808,18460,2525157,0.300344,17950,4020091,0.478152,8407551
2,2021-04-19,74725,6308000,40267,3145698,34443,2905492,15,256810,34154,1489423,0.177153,40301,2565458,0.305137,34790,4054881,0.48229,8407551
2,2021-04-20,97456,6405456,49377,3195075,48052,2953544,27,256837,47394,1487844,0.176965,49740,2615198,0.311053,48161,4103042,0.488019,8407551
2,2021-04-21,103294,6508750,55930,3251005,47309,3000853,55,256892,48940,1483887,0.176495,53920,2669118,0.317467,49963,4153005,0.493961,8407551
2,2021-04-22,107322,6616072,55568,3306573,51733,3052586,21,256913,47068,1472002,0.175081,59867,2728985,0.324587,47982,4200987,0.499668,8407551
2,2021-04-23,106711,6722783,56778,3363351,49915,3102501,18,256931,49340,1465310,0.174285,56972,2785957,0.331364,50280,4251267,0.505649,8407551
2,2021-04-24,79678,6802461,47051,3410402,32587,3135088,40,256971,41639,1470198,0.174866,37721,2823678,0.33585,42609,4293876,0.510717,8407551
2,2021-04-25,36185,6838646,22275,3432677,13895,3148983,15,256986,19699,1474011,0.17532,16363,2840041,0.337796,20176,4314052,0.513116,8407551
2,2021-04-26,73549,6912195,40769,3473446,32477,3181460,303,257289,33906,1470275,0.174876,39388,2879429,0.342481,35652,4349704,0.517357,8407551
2,2021-04-27,87681,6999876,46218,3519664,40100,3221560,1363,258652,37699,1460936,0.173765,49628,2929057,0.348384,40289,4389993,0.522149,8407551
2,2021-04-28,87471,7087347,46768,3566432,38842,3260402,1861,260513,38634,1453819,0.172918,48522,2977579,0.354155,41405,4431398,0.527074,8407551
2,2021-04-29,90181,7177528,49131,3615563,39355,3299757,1695,262208,35093,1436469,0.170855,54736,3032315,0.360666,37386,4468784,0.53152,8407551
2,2021-04-30,93685,7271213,51808,3667371,39893,3339650,1984,264192,36454,1418747,0.168747,56812,3089127,0.367423,39090,4507874,0.53617,8407551
2,2021-05-01,61709,7332922,37680,3705051,22465,3362115,1564,265756,24024,1407791,0.167444,37391,3126518,0.37187,26435,4534309,0.539314,8407551
2,2021-05-02,29114,7362036,20199,3725250,7943,3370058,972,266728,11080,1402036,0.166759,17896,3144414,0.373999,12141,4546450,0.540758,8407551
2,2021-05-03,59872,7421908,35458,3760708,22370,3392428,2044,268772,20146,1385033,0.164737,39461,3183875,0.378692,22458,4568908,0.543429,8407551
2,2021-05-04,79387,7501295,47394,3808102,29623,3422051,2370,271142,25815,1360367,0.161803,53251,3237126,0.385026,28585,4597493,0.546829,8407551
2,2021-05-05,79801,7581096,47559,3855661,29899,3451950,2343,273485,25024,1333696,0.158631,54401,3291527,0.391497,27730,4625223,0.550127,8407551
2,2021-05-06,82077,7663173,49728,3905389,29449,3481399,2900,276385,25149,1305892,0.155324,56493,3348020,0.398216,28689,4653912,0.55354,8407551
2,2021-05-07,83016,7746189,47881,3953270,32710,3514109,2425,278810,25610,1277315,0.151925,57069,3405089,0.405004,28492,4682404,0.556928,8407551
2,2021-05-08,55123,7801312,33402,3986672,20014,3534123,1707,280517,17305,1259468,0.149802,37589,3442678,0.409475,19742,4702146,0.559277,8407551
2,2021-05-09,21688,7823000,15651,4002323,5296,3539419,741,281258,6332,1251493,0.148853,15279,3457957,0.411292,7304,4709450,0.560145,8407551
2,2021-05-10,49647,7872647,27106,4029429,20682,3560101,1859,283117,14033,1232609,0.146607,35388,3493345,0.415501,16504,4725954,0.562108,8407551
2,2021-05-11,65436,7938083,35297,4064726,28035,3588136,2104,285221,19859,1209963,0.143914,45300,3538645,0.420889,22654,4748608,0.564803,8407551
2,2021-05-12,64500,8002583,34495,4099221,27805,3615941,2200,287421,19052,1186445,0.141117,45157,3583802,0.42626,21639,4770247,0.567377,8407551
2,2021-05-13,70293,8072876,40981,4140202,27375,3643316,1937,289358,25865,1170819,0.139258,44156,3627958,0.431512,28530,4798777,0.57077,8407551
2,2021-05-14,79042,8151918,47476,4187678,29328,3672644,2238,291596,30444,1155905,0.137484,48243,3676201,0.43725,33329,4832106,0.574734,8407551
2,2021-05-15,65877,8217795,43307,4230985,20858,3693502,1712,293308,25558,1143474,0.136006,40091,3716292,0.442018,27660,4859766,0.578024,8407551
2,2021-05-16,31493,8249288,23550,4254535,7020,3700522,923,294231,12858,1138867,0.135458,18518,3734810,0.444221,13911,4873677,0.579679,8407551
2,2021-05-17,57619,8306907,36527,4291062,19152,3719674,1940,296171,22768,1129302,0.13432,34638,3769448,0.448341,25073,4898750,0.582661,8407551
2,2021-05-18,69759,8376666,40839,4331901,26960,3746634,1960,298131,27765,1117823,0.132955,41744,3811192,0.453306,30265,4929015,0.58626,8407551
2,2021-05-19,68343,8445009,40524,4372425,25835,3772469,1984,300115,27153,1106518,0.13161,40909,3852101,0.458172,29604,4958619,0.589782,8407551
2,2021-05-20,68690,8513699,39797,4412222,26721,3799190,2172,302287,26109,1093114,0.130016,42278,3894379,0.4632,28874,4987493,0.593216,8407551
2,2021-05-21,72129,8585828,42578,4454800,27419,3826609,2132,304419,27540,1079086,0.128347,44250,3938629,0.468463,30222,5017715,0.596811,8407551
2,2021-05-22,53103,8638931,33612,4488412,17727,3844336,1764,306183,22157,1072801,0.1276,30740,3969369,0.47212,24455,5042170,0.599719,8407551
2,2021-05-23,24055,8662986,16525,4504937,6806,3851142,724,306907,10171,1070069,0.127275,13761,3983130,0.473756,11029,5053199,0.601031,8407551
2,2021-05-24,44520,8707506,25340,4530277,17416,3868558,1764,308671,17168,1062197,0.126338,27143,4010273,0.476985,19271,5072470,0.603323,8407551
2,2021-05-25,50486,8757992,29593,4559870,19033,3887591,1860,310531,19227,1052854,0.125227,30973,4041246,0.480669,21630,5094100,0.605896,8407551
2,2021-05-26,48535,8806527,27235,4587105,19633,3907224,1667,312198,19002,1044658,0.124252,29213,4070459,0.484143,21017,5115117,0.608396,8407551
2,2021-05-27,46446,8852973,26304,4613409,18399,3925623,1743,313941,18592,1037871,0.123445,27624,4098083,0.487429,20837,5135954,0.610874,8407551
2,2021-05-28,49745,8902718,27485,4640894,20307,3945930,1953,315894,20942,1032633,0.122822,28557,4126640,0.490825,23319,5159273,0.613648,8407551
2,2021-05-29,28892,8931610,17299,4658193,10547,3956477,1046,316940,13236,1031572,0.122696,15509,4142149,0.49267,14448,5173721,0.615366,8407551
2,2021-05-30,12557,8944167,8081,4666274,3717,3960194,759,317699,5498,1030884,0.122614,7011,4149160,0.493504,6323,5180044,0.616118,8407551
2,2021-05-31,5868,8950035,3418,4669692,2148,3962342,302,318001,1827,1029069,0.122398,3994,4153154,0.493979,2179,5182223,0.616377,8407551
2,2021-06-01,44466,8994501,25594,4695286,17298,3979640,1574,319575,15541,1017917,0.121072,28647,4181801,0.497386,17495,5199718,0.618458,8407551
2,2021-06-02,38078,9032579,22395,4717681,14291,3993931,1392,320967,14971,1011713,0.120334,22859,4204660,0.500105,16655,5216373,0.620439,8407551
2,2021-06-03,41239,9073818,26599,4744280,13195,4007126,1445,322412,13929,1000389,0.118987,27078,4231738,0.503326,15754,5232127,0.622313,8407551
2,2021-06-04,47802,9121620,31196,4775476,15076,4022202,1530,323942,15470,985859,0.117259,32054,4263792,0.507138,17524,5249651,0.624397,8407551
2,2021-06-05,37678,9159298,26920,4802396,9310,4031512,1448,325390,11803,973866,0.115832,25658,4289450,0.51019,13665,5263316,0.626022,8407551
2,2021-06-06,14751,9174049,12086,4814482,2084,4033596,581,325971,4627,969190,0.115276,10065,4299515,0.511387,5389,5268705,0.626663,8407551
2,2021-06-07,33079,9207128,23146,4837628,8665,4042261,1268,327239,10742,959245,0.114093,22201,4321716,0.514028,12256,5280961,0.628121,8407551
2,2021-06-08,40425,9247553,28627,4866255,10437,4052698,1361,328600,12431,945649,0.112476,27756,4349472,0.517329,14160,5295121,0.629805,8407551
2,2021-06-09,37883,9285436,26502,4892757,9891,4062589,1490,330090,11492,932751,0.110942,26203,4375675,0.520446,13305,5308426,0.631388,8407551
2,2021-06-10,37541,9322977,26143,4918900,9885,4072474,1513,331603,11713,920810,0.109522,25628,4401303,0.523494,13687,5322113,0.633016,8407551
2,2021-06-11,41037,9364014,27241,4946141,12131,4084605,1665,333268,13210,908403,0.108046,27572,4428875,0.526773,15165,5337278,0.63482,8407551
2,2021-06-12,29240,9393254,21534,4967675,6794,4091399,912,334180,8706,897829,0.106788,20403,4449278,0.5292,9829,5347107,0.635989,8407551
2,2021-06-13,12146,9405400,8873,4976548,2662,4094061,611,334791,3097,892720,0.106181,8984,4458262,0.530269,3875,5350982,0.63645,8407551
2,2021-06-14,29684,9435084,21048,4997596,7457,4101518,1179,335970,10260,885099,0.105274,19268,4477530,0.532561,11647,5362629,0.637835,8407551
2,2021-06-15,35346,9470430,23539,5021135,9773,4111291,2034,338004,12013,876418,0.104242,23103,4500633,0.535308,14422,5377051,0.63955,8407551
2,2021-06-16,32746,9503176,22603,5043738,8360,4119651,1783,339787,11325,868574,0.103309,21256,4521889,0.537837,13412,5390463,0.641145,8407551
2,2021-06-17,30515,9533691,20428,5064166,8310,4127961,1777,341564,10810,861836,0.102507,19533,4541422,0.54016,12795,5403258,0.642667,8407551
2,2021-06-18,34266,9567957,22575,5086741,9828,4137789,1863,343427,12519,854939,0.101687,21541,4562963,0.542722,14644,5417902,0.644409,8407551
2,2021-06-19,20727,9588684,14440,5101181,5041,4142830,1246,344673,7879,851575,0.101287,12674,4575637,0.544229,9310,5427212,0.645516,8407551
2,2021-06-20,8190,9596874,5843,5107024,1883,4144713,464,345137,3038,850035,0.101104,5109,4580746,0.544837,3569,5430781,0.645941,8407551
2,2021-06-21,19101,9615975,11686,5118710,6117,4150830,1298,346435,9821,852171,0.101358,9163,4589909,0.545927,11299,5442080,0.647285,8407551
2,2021-06-22,26589,9642564,18237,5136947,7006,4157836,1346,347781,10483,848322,0.1009,15940,4605849,0.547823,12091,5454171,0.648723,8407551
2,2021-06-23,25593,9668157,17674,5154621,6322,4164158,1597,349378,10439,845628,0.10058,15016,4620865,0.549609,12322,5466493,0.650189,8407551
2,2021-06-24,25011,9693168,17074,5171695,6488,4170646,1449,350827,10394,843224,0.100294,14475,4635340,0.551331,12071,5478564,0.651624,8407551
2,2021-06-25,28136,9721304,19088,5190783,7594,4178240,1454,352281,11809,840542,0.099975,16171,4651511,0.553254,13489,5492053,0.653229,8407551
2,2021-06-26,18253,9739557,13470,5204253,3890,4182130,893,353174,7446,838390,0.099719,10722,4662233,0.554529,8570,5500623,0.654248,8407551
2,2021-06-27,8717,9748274,6641,5210894,1622,4183752,454,353628,3517,837322,0.099592,5157,4667390,0.555143,4089,5504712,0.654734,8407551
2,2021-06-28,18955,9767229,14468,5225362,3394,4187146,1093,354721,8466,836630,0.099509,10383,4677773,0.556378,9691,5514403,0.655887,8407551
2,2021-06-29,14884,9782113,10499,5235861,3619,4190765,766,355487,6014,834732,0.099284,8783,4686556,0.557422,6885,5521288,0.656706,8407551
3,2020-12-15,305,305,305,305,0,0,0,0,305,305,3.8e-05,0,0,0.0,305,305,3.8e-05,8129050
3,2020-12-16,2311,2616,2311,2616,0,0,0,0,2312,2617,0.000322,0,0,0.0,2312,2617,0.000322,8129050
3,2020-12-17,7795,10411,7795,10411,0,0,0,0,7792,10407,0.00128,2,2,0.0,7792,10409,0.00128,8129050
3,2020-12-18,13394,23805,13381,23792,13,13,0,0,13393,23800,0.002928,0,2,0.0,13393,23802,0.002928,8129050
3,2020-12-19,7219,31024,7208,31000,11,24,0,0,7283,31083,0.003824,0,2,0.0,7283,31085,0.003824,8129050
3,2020-12-20,5658,36682,5650,36650,8,32,0,0,5705,36787,0.004525,1,3,0.0,5705,36790,0.004526,8129050
3,2020-12-21,14343,51025,14318,50968,25,57,0,0,14407,51193,0.006298,1,4,0.0,14407,51197,0.006298,8129050
3,2020-12-22,14782,65807,14202,65170,580,637,0,0,14820,66012,0.008121,1,5,1e-06,14820,66017,0.008121,8129050
3,2020-12-23,14832,80639,12222,77392,2610,3247,0,0,14860,80872,0.009949,1,6,1e-06,14861,80878,0.009949,8129050
3,2020-12-24,6786,87425,4870,82262,1916,5163,0,0,6783,87653,0.010783,2,8,1e-06,6783,87661,0.010784,8129050
3,2020-12-25,722,88147,665,82927,57,5220,0,0,720,88373,0.010871,0,8,1e-06,720,88381,0.010872,8129050
3,2020-12-26,4616,92763,2997,85924,1619,6839,0,0,4614,92987,0.011439,0,8,1e-06,4614,92995,0.01144,8129050
3,2020-12-27,2980,95743,1850,87774,1130,7969,0,0,2980,95967,0.011805,0,8,1e-06,2980,95975,0.011806,8129050
3,2020-12-28,13626,109369,8726,96500,4900,12869,0,0,13652,109618,0.013485,1,9,1e-06,13652,109627,0.013486,8129050
3,2020-12-29,15007,124376,8469,104969,6538,19407,0,0,15034,124650,0.015334,2,11,1e-06,15034,124661,0.015335,8129050
3,2020-12-30,18017,142393,10023,114992,7994,27401,0,0,18003,142652,0.017548,2,13,2e-06,18004,142665,0.01755,8129050
3,2020-12-31,8442,150835,3235,118227,5207,32608,0,0,8441,151091,0.018587,2,15,2e-06,8441,151106,0.018588,8129050
3,2021-01-01,1380,152215,641,118868,739,33347,0,0,1376,152466,0.018756,1,16,2e-06,1376,152482,0.018758,8129050
3,2021-01-02,4940,157155,2425,121293,2515,35862,0,0,4940,157406,0.019363,0,16,2e-06,4940,157422,0.019365,8129050
3,2021-01-03,1610,158765,847,122140,763,36625,0,0,1599,159001,0.01956,4,20,2e-06,1599,159021,0.019562,8129050
3,2021-01-04,11982,170747,5947,128087,6035,42660,0,0,11956,170950,0.02103,7,27,3e-06,11956,170977,0.021033,8129050
3,2021-01-05,15663,186410,8103,136190,7560,50220,0,0,14035,183398,0.022561,1614,1641,0.000202,14062,185039,0.022763,8129050
3,2021-01-06,20544,206954,10824,147014,9720,59940,0,0,16070,195047,0.023994,4429,6070,0.000747,16078,201117,0.024741,8129050
3,2021-01-07,26537,233491,15178,162192,11359,71299,0,0,17119,202794,0.024947,9387,15457,0.001901,17134,218251,0.026848,8129050
3,2021-01-08,30485,263976,18637,180829,11848,83147,0,0,18062,208478,0.025646,12400,27857,0.003427,18084,236335,0.029073,8129050
3,2021-01-09,12422,276398,7026,187855,5396,88543,0,0,7889,211849,0.026061,4527,32384,0.003984,7898,244233,0.030044,8129050
3,2021-01-10,7178,283576,4465,192320,2713,91256,0,0,4035,212749,0.026171,3140,35524,0.00437,4040,248273,0.030541,8129050
3,2021-01-11,28982,312558,18974,211294,10008,101264,0,0,16401,216619,0.026648,12574,48098,0.005917,16444,264717,0.032564,8129050
3,2021-01-12,32363,344921,19411,230705,12952,114216,0,0,19833,224028,0.027559,12511,60609,0.007456,19920,284637,0.035015,8129050
3,2021-01-13,34459,379380,18018,248723,16441,130657,0,0,24255,238098,0.02929,10205,70814,0.008711,24275,308912,0.038001,8129050
3,2021-01-14,34690,414070,14254,262977,20436,151093,0,0,28785,261044,0.032112,5877,76691,0.009434,28823,337735,0.041547,8129050
3,2021-01-15,38856,452926,14462,277439,24394,175487,0,0,34182,290633,0.035752,4662,81353,0.010008,34251,371986,0.04576,8129050
3,2021-01-16,21909,474835,7600,285039,14309,189796,0,0,19587,307933,0.037881,2309,83662,0.010292,19609,391595,0.048172,8129050
3,2021-01-17,13134,487969,4435,289474,8699,198495,0,0,12093,319006,0.039243,1039,84701,0.01042,12112,403707,0.049662,8129050
3,2021-01-18,24705,512674,12896,302370,11809,210304,0,0,19128,332584,0.040913,5592,90293,0.011107,19170,422877,0.05202,8129050
3,2021-01-19,40940,553614,20892,323262,20048,230352,0,0,31843,355443,0.043725,9071,99364,0.012223,31930,454807,0.055948,8129050
3,2021-01-20,45885,599499,22824,346086,23061,253413,0,0,36352,382388,0.04704,9489,108853,0.013391,36434,491241,0.06043,8129050
3,2021-01-21,48019,647518,20875,366961,27144,280557,0,0,42507,419533,0.051609,5435,114288,0.014059,42580,533821,0.065668,8129050
3,2021-01-22,49697,697215,19823,386784,29874,310431,0,0,45521,460950,0.056704,4176,118464,0.014573,45593,579414,0.071277,8129050
3,2021-01-23,30328,727543,12798,399582,17530,327961,0,0,27023,484731,0.059629,3295,121759,0.014978,27076,606490,0.074608,8129050
3,2021-01-24,17820,745363,8473,408055,9347,337308,0,0,16649,500243,0.061538,1168,122927,0.015122,16680,623170,0.07666,8129050
3,2021-01-25,40685,786048,18130,426185,22555,359863,0,0,30741,521151,0.06411,9919,132846,0.016342,30827,653997,0.080452,8129050
3,2021-01-26,47031,833079,22482,448667,24549,384412,0,0,36933,548106,0.067426,10084,142930,0.017583,37039,691036,0.085008,8129050
3,2021-01-27,51229,884308,24380,473047,26849,411261,0,0,40612,578255,0.071134,10545,153475,0.01888,40694,731730,0.090014,8129050
3,2021-01-28,51579,935887,23920,496967,27659,438920,0,0,42634,612089,0.075296,8858,162333,0.019969,42692,774422,0.095266,8129050
3,2021-01-29,50683,986570,24300,521267,26383,465303,0,0,41007,643662,0.07918,9482,171815,0.021136,41055,815477,0.100316,8129050
3,2021-01-30,37226,1023796,17564,538831,19662,484965,0,0,32504,671588,0.082616,4662,176477,0.021709,32588,848065,0.104325,8129050
3,2021-01-31,22204,1046000,12578,551409,9626,494591,0,0,20793,691004,0.085004,1396,177873,0.021881,20812,868877,0.106885,8129050
3,2021-02-01,45680,1091680,20827,572236,24853,519444,0,0,34842,715091,0.087967,10789,188662,0.023208,34876,903753,0.111176,8129050
3,2021-02-02,54319,1145999,22580,594816,31739,551183,0,0,41878,744673,0.091606,12347,201009,0.024727,41929,945682,0.116334,8129050
3,2021-02-03,60106,1206105,26813,621629,33293,584476,0,0,44674,774157,0.095233,15263,216272,0.026605,44747,990429,0.121838,8129050
3,2021-02-04,64400,1270505,27971,649600,36429,620905,0,0,47214,804506,0.098967,16974,233246,0.028693,47323,1037752,0.12766,8129050
3,2021-02-05,70261,1340766,29879,679479,40382,661287,0,0,48527,831727,0.102315,21478,254724,0.031335,48699,1086451,0.13365,8129050
3,2021-02-06,43865,1384631,21187,700666,22678,683965,0,0,34114,856315,0.10534,9708,264432,0.032529,34296,1120747,0.137869,8129050
3,2021-02-07,19516,1404147,12366,713032,7150,691115,0,0,15009,866959,0.106649,4492,268924,0.033082,15136,1135883,0.139731,8129050
3,2021-02-08,51076,1455223,24634,737666,26442,717557,0,0,33465,883130,0.108639,17479,286403,0.035232,33650,1169533,0.143871,8129050
3,2021-02-09,58406,1513629,28383,766049,30023,747580,0,0,34225,893704,0.10994,24000,310403,0.038184,34574,1204107,0.148124,8129050
3,2021-02-10,67942,1581571,31562,797611,36380,783960,0,0,36491,899528,0.110656,31199,341602,0.042022,37023,1241130,0.152678,8129050
3,2021-02-11,70603,1652174,34789,832400,35814,819774,0,0,37446,904739,0.111297,32772,374374,0.046054,37983,1279113,0.157351,8129050
3,2021-02-12,75466,1727640,32690,865090,42776,862550,0,0,41618,913597,0.112387,33541,407915,0.05018,42399,1321512,0.162567,8129050
3,2021-02-13,45200,1772840,20487,885577,24713,887263,0,0,26020,921139,0.113314,19062,426977,0.052525,26604,1348116,0.165839,8129050
3,2021-02-14,27302,1800142,13658,899235,13644,900907,0,0,15188,924716,0.113754,12061,439038,0.054009,15638,1363754,0.167763,8129050
3,2021-02-15,40047,1840189,17212,916447,22835,923742,0,0,22154,930010,0.114406,17796,456834,0.056198,23090,1386844,0.170603,8129050
3,2021-02-16,70007,1910196,33126,949573,36881,960623,0,0,36396,933972,0.114893,33461,490295,0.060314,37423,1424267,0.175207,8129050
3,2021-02-17,71737,1981933,36331,985904,35406,996029,0,0,34119,931778,0.114623,37390,527685,0.064913,35196,1459463,0.179537,8129050
3,2021-02-18,76928,2058861,40210,1026114,36718,1032747,0,0,35616,927633,0.114113,41106,568791,0.06997,36961,1496424,0.184084,8129050
3,2021-02-19,68966,2127827,39755,1065869,29211,1061958,0,0,34768,929106,0.114295,33987,602778,0.074151,35460,1531884,0.188446,8129050
3,2021-02-20,42585,2170412,26880,1092749,15705,1077663,0,0,22377,931931,0.114642,20063,622841,0.076619,22888,1554772,0.191261,8129050
3,2021-02-21,23136,2193548,19108,1111857,4028,1081691,0,0,11107,931490,0.114588,11930,634771,0.078087,11489,1566261,0.192675,8129050
3,2021-02-22,45905,2239453,29931,1141788,15974,1097665,0,0,21689,929567,0.114351,24109,658880,0.081053,22186,1588447,0.195404,8129050
3,2021-02-23,61363,2300816,33468,1175256,27895,1125560,0,0,27027,924393,0.113715,34186,693066,0.085258,29012,1617459,0.198973,8129050
3,2021-02-24,76924,2377740,37699,1212955,39225,1164785,0,0,34320,918802,0.113027,42424,735490,0.090477,36833,1654292,0.203504,8129050
3,2021-02-25,86243,2463983,41988,1254943,44255,1209040,0,0,43233,921870,0.113404,42758,778248,0.095737,45826,1700118,0.209141,8129050
3,2021-02-26,97063,2561046,44395,1299338,52668,1261708,0,0,51556,930479,0.114463,45150,823398,0.101291,53759,1753877,0.215754,8129050
3,2021-02-27,68582,2629628,31577,1330915,37002,1298710,3,3,36485,936369,0.115188,31908,855306,0.105216,37798,1791675,0.220404,8129050
3,2021-02-28,39864,2669492,22968,1353883,16893,1315603,3,6,20748,939112,0.115525,18956,874262,0.107548,21699,1813374,0.223073,8129050
3,2021-03-01,67604,2737096,35894,1389777,31685,1347288,25,31,37815,948682,0.116703,29608,903870,0.11119,39178,1852552,0.227893,8129050
3,2021-03-02,78068,2815164,38592,1428369,39468,1386756,8,39,45727,964281,0.118622,32202,936072,0.115151,47801,1900353,0.233773,8129050
3,2021-03-03,89046,2904210,42734,1471103,46293,1433049,19,58,49991,977700,0.120272,38857,974929,0.119931,52276,1952629,0.240204,8129050
3,2021-03-04,93035,2997245,45605,1516708,47410,1480459,20,78,52984,993144,0.122172,39835,1014764,0.124832,55279,2007908,0.247004,8129050
3,2021-03-05,89678,3086923,43971,1560679,45417,1525876,290,368,54871,1015950,0.124978,34581,1049345,0.129086,57387,2065295,0.254064,8129050
3,2021-03-06,64998,3151921,32940,1593619,29911,1555787,2147,2515,37329,1029372,0.126629,27528,1076873,0.132472,40950,2106245,0.259101,8129050
3,2021-03-07,37825,3189746,22397,1616016,14280,1570067,1148,3663,21641,1037213,0.127593,16116,1092989,0.134455,23957,2130202,0.262048,8129050
3,2021-03-08,58991,3248737,28233,1644249,27895,1597962,2863,6526,37456,1057700,0.130114,21378,1114367,0.137085,41865,2172067,0.267198,8129050
3,2021-03-09,76515,3325252,35498,1679747,36647,1634609,4370,10896,41227,1069304,0.131541,35160,1149527,0.14141,46764,2218831,0.272951,8129050
3,2021-03-10,82623,3407875,41339,1721086,35206,1669815,6078,16974,43176,1080730,0.132947,39230,1188757,0.146236,50656,2269487,0.279182,8129050
3,2021-03-11,96808,3504683,47449,1768535,40802,1710617,8557,25531,47479,1088795,0.133939,49064,1237821,0.152271,57129,2326616,0.28621,8129050
3,2021-03-12,101955,3606638,45418,1813953,44689,1755306,11848,37379,46804,1093690,0.134541,54917,1292738,0.159027,59812,2386428,0.293568,8129050
3,2021-03-13,70395,3677033,29679,1843632,33480,1788786,7236,44615,37262,1106548,0.136123,33005,1325743,0.163087,45863,2432291,0.29921,8129050
3,2021-03-14,41019,3718052,21564,1865196,15893,1804679,3562,48177,20799,1111402,0.13672,20137,1345880,0.165564,24991,2457282,0.302284,8129050
3,2021-03-15,75415,3793467,35843,1901039,35034,1839713,4538,52715,39778,1121299,0.137937,35423,1381303,0.169922,45320,2502602,0.307859,8129050
3,2021-03-16,94887,3888354,43794,1944833,46777,1886490,4316,57031,53580,1139045,0.14012,41078,1422381,0.174975,58824,2561426,0.315095,8129050
3,2021-03-17,98137,3986491,47703,1992536,45930,1932420,4504,61535,59907,1166136,0.143453,37992,1460373,0.179649,65083,2626509,0.323102,8129050
3,2021-03-18,103427,4089918,52688,2045224,46238,1978658,4501,66036,59834,1187717,0.146108,43323,1503696,0.184978,64904,2691413,0.331086,8129050
3,2021-03-19,103085,4193003,55290,2100514,43350,2022008,4445,70481,57856,1205701,0.14832,44945,1548641,0.190507,62929,2754342,0.338827,8129050
3,2021-03-20,71567,4264570,36954,2137468,30997,2053005,3616,74097,44429,1227300,0.150977,26955,1575596,0.193823,48554,2802896,0.3448,8129050
3,2021-03-21,36113,4300683,24673,2162141,9937,2062942,1503,75600,21925,1237733,0.15226,14092,1589688,0.195556,24525,2827421,0.347817,8129050
3,2021-03-22,70422,4371105,41424,2203565,26481,2089423,2517,78117,45184,1261431,0.155176,25023,1614711,0.198635,48721,2876142,0.35381,8129050
3,2021-03-23,89608,4460713,49624,2253189,37469,2126892,2515,80632,55296,1285892,0.158185,34060,1648771,0.202825,58521,2934663,0.361009,8129050
3,2021-03-24,98527,4559240,56747,2309936,38891,2165783,2889,83521,56475,1304151,0.160431,41711,1690482,0.207956,59970,2994633,0.368387,8129050
3,2021-03-25,107102,4666342,59540,2369476,44618,2210401,2944,86465,60785,1322529,0.162692,45995,1736477,0.213614,64373,3059006,0.376305,8129050
3,2021-03-26,110310,4776652,59220,2428696,47788,2258189,3302,89767,57427,1331525,0.163798,52579,1789056,0.220082,61575,3120581,0.38388,8129050
3,2021-03-27,74422,4851074,37882,2466578,33997,2292186,2543,92310,36340,1333206,0.164005,37875,1826931,0.224741,39556,3160137,0.388746,8129050
3,2021-03-28,44216,4895290,27836,2494414,15569,2307755,811,93121,22524,1335526,0.164291,21582,1848513,0.227396,23902,3184039,0.391686,8129050
3,2021-03-29,80503,4975793,42063,2536477,36595,2344350,1845,94966,44361,1346647,0.165659,35896,1884409,0.231812,47017,3231056,0.39747,8129050
3,2021-03-30,100039,5075832,49166,2585643,47255,2391605,3618,98584,56257,1363588,0.167743,43536,1927945,0.237167,60477,3291533,0.40491,8129050
3,2021-03-31,104965,5180797,56608,2642251,43525,2435130,4832,103416,56253,1376505,0.169332,48501,1976446,0.243134,61418,3352951,0.412465,8129050
3,2021-04-01,123415,5304212,62433,2704684,51260,2486390,9722,113138,66813,1397133,0.171869,56237,2032683,0.250052,76865,3429816,0.421921,8129050
3,2021-04-02,117829,5422041,57547,2762231,49973,2536363,10309,123447,62504,1415374,0.174113,55062,2087745,0.256825,73303,3503119,0.430938,8129050
3,2021-04-03,76034,5498075,38869,2801100,27935,2564298,9230,132677,37973,1424977,0.175294,37922,2125667,0.26149,47525,3550644,0.436785,8129050
3,2021-04-04,32401,5530476,17317,2818417,10869,2575167,4215,136892,14233,1425371,0.175343,18087,2143754,0.263715,18481,3569125,0.439058,8129050
3,2021-04-05,89003,5619479,45192,2863609,34689,2609856,9122,146014,43588,1433708,0.176368,45206,2188960,0.269276,53543,3622668,0.445645,8129050
3,2021-04-06,113314,5732793,55160,2918769,42993,2652849,15161,161175,53486,1443511,0.177574,59567,2248527,0.276604,69370,3692038,0.454178,8129050
3,2021-04-07,116272,5849065,60149,2978918,39839,2692688,16284,177459,56413,1456874,0.179218,59613,2308140,0.283937,72976,3765014,0.463155,8129050
3,2021-04-08,121333,5970398,60397,3039315,40807,2733495,20129,197588,56376,1469493,0.180771,64669,2372809,0.291893,77288,3842302,0.472663,8129050
3,2021-04-09,118288,6088686,58977,3098292,40186,2773681,19125,216713,52075,1475627,0.181525,65977,2438786,0.300009,72111,3914413,0.481534,8129050
3,2021-04-10,84359,6173045,37861,3136153,31244,2804925,15254,231967,34358,1476229,0.181599,49833,2488619,0.306139,50435,3964848,0.487738,8129050
3,2021-04-11,45243,6218288,24283,3160436,12992,2817917,7968,239935,17276,1474433,0.181378,27879,2516498,0.309569,26083,3990931,0.490947,8129050
3,2021-04-12,83921,6302209,42421,3202857,32732,2850649,8768,248703,38212,1477016,0.181696,45483,2561981,0.315164,48066,4038997,0.49686,8129050
3,2021-04-13,105434,6407643,57129,3259986,48090,2898739,215,248918,55804,1484509,0.182618,49407,2611388,0.321241,56900,4095897,0.503859,8129050
3,2021-04-14,107616,6515259,58823,3318809,48696,2947435,97,249015,53604,1485913,0.18279,53735,2665123,0.327852,55139,4151036,0.510642,8129050
3,2021-04-15,119381,6634640,67186,3385995,52122,2999557,73,249088,64011,1495739,0.183999,55062,2720185,0.334625,64888,4215924,0.518624,8129050
3,2021-04-16,115453,6750093,64762,3450757,50596,3050153,95,249183,60380,1502099,0.184782,54779,2774964,0.341364,61139,4277063,0.526145,8129050
3,2021-04-17,79364,6829457,43284,3494041,36066,3086219,14,249197,44400,1512724,0.186089,34755,2809719,0.345639,45380,4322443,0.531728,8129050
3,2021-04-18,38684,6868141,23323,3517364,15358,3101577,3,249200,18244,1511504,0.185939,20339,2830058,0.348141,19119,4341562,0.53408,8129050
3,2021-04-19,79157,6947298,44121,3561485,34983,3136560,53,249253,35816,1504709,0.185103,43172,2873230,0.353452,36377,4377939,0.538555,8129050
3,2021-04-20,100829,7048127,53068,3614553,47745,3184305,16,249269,49016,1503192,0.184916,51576,2924806,0.359797,50059,4427998,0.544713,8129050
3,2021-04-21,105436,7153563,59206,3673759,46163,3230468,67,249336,49876,1499000,0.1844,55219,2980025,0.36659,51027,4479025,0.55099,8129050
3,2021-04-22,111168,7264731,62454,3736213,48694,3279162,20,249356,47906,1484951,0.182672,62937,3042962,0.374332,48888,4527913,0.557004,8129050
3,2021-04-23,105534,7370265,60387,3796600,45122,3324284,25,249381,46330,1473429,0.181255,58886,3101848,0.381576,47364,4575277,0.56283,8129050
3,2021-04-24,73130,7443395,45238,3841838,27828,3352112,64,249445,35719,1473039,0.181207,37162,3139010,0.386147,36772,4612049,0.567354,8129050
3,2021-04-25,36667,7480062,23404,3865242,13246,3365358,17,249462,18743,1474401,0.181374,17789,3156799,0.388336,19151,4631200,0.56971,8129050
3,2021-04-26,73425,7553487,41414,3906656,31607,3396965,404,249866,31425,1465818,0.180318,41752,3198551,0.393472,33169,4664369,0.57379,8129050
3,2021-04-27,90641,7644128,47577,3954233,41328,3438293,1736,251602,36069,1450107,0.178386,54284,3252835,0.400149,38573,4702942,0.578535,8129050
3,2021-04-28,86284,7730412,48966,4003199,35193,3473486,2125,253727,35338,1437424,0.176826,50677,3303512,0.406384,37994,4740936,0.583209,8129050
3,2021-04-29,88382,7818794,50528,4053727,35661,3509147,2193,255920,31595,1415213,0.174093,56484,3359996,0.413332,34273,4775209,0.587425,8129050
3,2021-04-30,90015,7908809,50784,4104511,36751,3545898,2480,258400,33529,1395506,0.171669,56183,3416179,0.420243,36476,4811685,0.591912,8129050
3,2021-05-01,54839,7963648,34490,4139001,18892,3564790,1457,259857,19739,1382288,0.170043,34899,3451078,0.424536,21681,4833366,0.594579,8129050
3,2021-05-02,26801,7990449,18289,4157290,7501,3572291,1011,260868,9832,1376339,0.169311,16891,3467969,0.426614,10942,4844308,0.595925,8129050
3,2021-05-03,59180,8049629,34574,4191864,22245,3594536,2361,263229,17381,1354644,0.166642,41616,3509585,0.431734,19921,4864229,0.598376,8129050
3,2021-05-04,77200,8126829,44623,4236487,29927,3624463,2650,265879,22489,1325629,0.163073,54436,3564021,0.43843,25421,4889650,0.601503,8129050
3,2021-05-05,78655,8205484,47245,4283732,28720,3653183,2690,268569,21870,1293989,0.159181,56485,3620506,0.445379,24845,4914495,0.60456,8129050
3,2021-05-06,82675,8288159,52209,4335941,27945,3681128,2521,271090,20640,1256108,0.154521,61589,3682095,0.452955,23708,4938203,0.607476,8129050
3,2021-05-07,81950,8370109,51054,4386995,28282,3709410,2614,273704,21812,1221011,0.150203,59814,3741909,0.460313,24717,4962920,0.610517,8129050
3,2021-05-08,52140,8422249,32304,4419299,18134,3727544,1702,275406,13865,1198812,0.147473,38027,3779936,0.464991,15828,4978748,0.612464,8129050
3,2021-05-09,20853,8443102,15264,4434563,4804,3732348,785,276191,5524,1189944,0.146382,15244,3795180,0.466866,6376,4985124,0.613248,8129050
3,2021-05-10,47626,8490728,25604,4460167,20124,3752472,1898,278089,11123,1166914,0.143549,36315,3831495,0.471334,13285,4998409,0.614882,8129050
3,2021-05-11,63564,8554292,35536,4495703,25822,3778294,2206,280295,16149,1138549,0.140059,47189,3878684,0.477139,18824,5017233,0.617198,8129050
3,2021-05-12,64264,8618556,36999,4532702,24874,3803168,2391,282686,16519,1110244,0.136577,47514,3926198,0.482984,19209,5036442,0.619561,8129050
3,2021-05-13,74598,8693154,47179,4579881,25525,3828693,1894,284580,27451,1093285,0.134491,46913,3973111,0.488755,29954,5066396,0.623246,8129050
3,2021-05-14,79629,8772783,50472,4630353,27034,3855727,2123,286703,31016,1078676,0.132694,48347,4021458,0.494702,33738,5100134,0.627396,8129050
3,2021-05-15,61666,8834449,42570,4672923,17892,3873619,1204,287907,25555,1069726,0.131593,35926,4057384,0.499122,26976,5127110,0.630715,8129050
3,2021-05-16,32995,8867444,24659,4697582,7650,3881269,686,288593,13353,1064317,0.130928,19534,4076918,0.501525,14125,5141235,0.632452,8129050
3,2021-05-17,56670,8924114,36090,4733672,18750,3900019,1830,290423,20978,1051892,0.129399,35435,4112353,0.505884,23010,5164245,0.635283,8129050
3,2021-05-18,64143,8988257,37982,4771654,24321,3924340,1840,292263,24244,1038730,0.12778,39640,4151993,0.51076,26478,5190723,0.63854,8129050
3,2021-05-19,63330,9051587,38649,4810303,22951,3947291,1730,293993,24718,1027073,0.126346,38376,4190369,0.515481,26719,5217442,0.641827,8129050
3,2021-05-20,60978,9112565,35759,4846062,23403,3970694,1816,295809,21999,1012519,0.124556,38715,4229084,0.520243,24161,5241603,0.644799,8129050
3,2021-05-21,65331,9177896,39757,4885819,23494,3994188,2080,297889,23460,996769,0.122618,41584,4270668,0.525359,25834,5267437,0.647977,8129050
3,2021-05-22,45383,9223279,30078,4915897,13842,4008030,1463,299352,18966,991226,0.121936,26228,4296896,0.528585,20685,5288122,0.650522,8129050
3,2021-05-23,21327,9244606,14925,4930822,5755,4013785,647,299999,9124,988985,0.121661,12122,4309018,0.530076,9881,5298003,0.651737,8129050
3,2021-05-24,39308,9283914,23008,4953830,14562,4028347,1738,301737,14650,981096,0.12069,24483,4333501,0.533088,16594,5314597,0.653778,8129050
3,2021-05-25,42493,9326407,23937,4977767,16902,4045249,1654,303391,15144,971012,0.11945,27103,4360604,0.536422,17019,5331616,0.655872,8129050
3,2021-05-26,42110,9368517,24134,5001901,16266,4061515,1710,305101,15840,962702,0.118427,25989,4386593,0.539619,17679,5349295,0.658047,8129050
3,2021-05-27,39211,9407728,21983,5023884,15486,4077001,1742,306843,15453,956526,0.117668,23609,4410202,0.542524,17433,5366728,0.660191,8129050
3,2021-05-28,42510,9450238,24035,5047919,16692,4093693,1783,308626,17700,951710,0.117075,24622,4434824,0.545553,19806,5386534,0.662628,8129050
3,2021-05-29,23317,9473555,14231,5062150,8251,4101944,835,309461,10921,951308,0.117026,12280,4447104,0.547063,11878,5398412,0.664089,8129050
3,2021-05-30,10529,9484084,6826,5068976,3071,4105015,632,310093,4431,950381,0.116912,6030,4453134,0.547805,5103,5403515,0.664717,8129050
3,2021-05-31,4609,9488693,2657,5071633,1683,4106698,269,310362,1450,948997,0.116741,3130,4456264,0.54819,1746,5405261,0.664931,8129050
3,2021-06-01,37508,9526201,21616,5093249,14467,4121165,1425,311787,13134,939584,0.115583,24167,4480431,0.551163,14754,5420015,0.666746,8129050
3,2021-06-02,31380,9557581,18032,5111281,11933,4133098,1415,313202,11621,933186,0.114796,19559,4499990,0.553569,13161,5433176,0.668365,8129050
3,2021-06-03,39448,9597029,26995,5138276,11031,4144129,1422,314624,11469,918494,0.112989,27803,4527793,0.556989,13111,5446287,0.669978,8129050
3,2021-06-04,45970,9642999,32537,5170813,11902,4156031,1531,316155,13092,900871,0.110821,32650,4560443,0.561006,15027,5461314,0.671827,8129050
3,2021-06-05,34155,9677154,25754,5196567,7215,4163246,1186,317341,8688,885658,0.10895,25268,4585711,0.564114,10055,5471369,0.673064,8129050
3,2021-06-06,14469,9691623,12081,5208648,1809,4165055,579,317920,3675,879332,0.108172,10740,4596451,0.565435,4414,5475783,0.673607,8129050
3,2021-06-07,30224,9721847,21981,5230629,6977,4172032,1266,319186,8660,867947,0.106771,21430,4617881,0.568071,10045,5485828,0.674842,8129050
3,2021-06-08,34212,9756059,24582,5255211,8348,4180380,1282,320468,9961,855359,0.105223,24040,4641921,0.571029,11452,5497280,0.676251,8129050
3,2021-06-09,32782,9788841,23792,5279003,7708,4188088,1282,321750,8835,841849,0.103561,23784,4665705,0.573955,10274,5507554,0.677515,8129050
3,2021-06-10,32318,9821159,23335,5302338,7452,4195540,1531,323281,9014,829422,0.102032,23166,4688871,0.576804,10739,5518293,0.678836,8129050
3,2021-06-11,35282,9856441,24937,5327275,8989,4204529,1356,324637,10475,816811,0.10048,24622,4713493,0.579833,12011,5530304,0.680314,8129050
3,2021-06-12,25036,9881477,18878,5346153,5263,4209792,895,325532,6703,806336,0.099192,18220,4731713,0.582075,7745,5538049,0.681266,8129050
3,2021-06-13,10101,9891578,7553,5353706,2054,4211846,494,326026,2371,801587,0.098608,7681,4739394,0.583019,2932,5540981,0.681627,8129050
3,2021-06-14,25659,9917237,18365,5372071,5888,4217734,1406,327432,8041,793678,0.097635,17492,4756886,0.585171,9583,5550564,0.682806,8129050
3,2021-06-15,28508,9945745,19305,5391376,7712,4225446,1491,328923,9658,786348,0.096733,18635,4775521,0.587464,11305,5561869,0.684197,8129050
3,2021-06-16,25667,9971412,18214,5409590,6066,4231512,1387,330310,8706,779806,0.095928,16789,4792310,0.589529,10247,5572116,0.685457,8129050
3,2021-06-17,24653,9996065,17699,5427289,5700,4237212,1254,331564,8593,773877,0.095199,15911,4808221,0.591486,9982,5582098,0.686685,8129050
3,2021-06-18,27727,10023792,19577,5446866,6593,4243805,1557,333121,9741,767562,0.094422,17776,4825997,0.593673,11461,5593559,0.688095,8129050
3,2021-06-19,15843,10039635,11612,5458478,3377,4247182,854,333975,5712,764243,0.094014,9989,4835986,0.594902,6670,5600229,0.688916,8129050
3,2021-06-20,6836,10046471,5136,5463614,1403,4248585,297,334272,2601,763008,0.093862,4185,4840171,0.595417,2950,5603179,0.689278,8129050
3,2021-06-21,16097,10062568,10185,5473799,4541,4253126,1371,335643,8053,764593,0.094057,7959,4848130,0.596396,9544,5612723,0.690453,8129050
3,2021-06-22,21874,10084442,15364,5489163,5267,4258393,1243,336886,8234,760690,0.093577,13527,4861657,0.59806,9624,5622347,0.691636,8129050
3,2021-06-23,20072,10104514,14127,5503290,4654,4263047,1291,338177,8022,758198,0.09327,11941,4873598,0.599529,9449,5631796,0.692799,8129050
3,2021-06-24,19786,10124300,13797,5517087,4565,4267612,1424,339601,7739,755588,0.092949,11888,4885486,0.600991,9278,5641074,0.69394,8129050
3,2021-06-25,23069,10147369,16368,5533455,5299,4272911,1402,341003,9066,752294,0.092544,13887,4899373,0.602699,10593,5651667,0.695243,8129050
3,2021-06-26,13711,10161080,10155,5543610,2794,4275705,762,341765,5724,751008,0.092386,7923,4907296,0.603674,6637,5658304,0.69606,8129050
3,2021-06-27,6646,10167726,5123,5548733,1215,4276920,308,342073,2859,750454,0.092318,3752,4911048,0.604136,3198,5661502,0.696453,8129050
3,2021-06-28,15303,10183029,11842,5560575,2547,4279467,914,342987,6565,749367,0.092184,8644,4919692,0.605199,7557,5669059,0.697383,8129050
3,2021-06-29,11824,10194853,8470,5569045,2649,4282116,705,343692,4632,747637,0.091971,7122,4926814,0.606075,5392,5674451,0.698046,8129050
4,2020-12-15,454,454,454,454,0,0,0,0,454,454,5.6e-05,0,0,0.0,454,454,5.6e-05,8037679
4,2020-12-16,3007,3461,3007,3461,0,0,0,0,3007,3461,0.000431,0,0,0.0,3007,3461,0.000431,8037679
4,2020-12-17,8897,12358,8897,12358,0,0,0,0,8896,12356,0.001537,1,1,0.0,8896,12357,0.001537,8037679
4,2020-12-18,16117,28475,16106,28464,11,11,0,0,16117,28473,0.003542,0,1,0.0,16117,28474,0.003543,8037679
4,2020-12-19,10348,38823,10339,38803,9,20,0,0,10283,38756,0.004822,0,1,0.0,10283,38757,0.004822,8037679
4,2020-12-20,7393,46216,7386,46189,7,27,0,0,7348,46104,0.005736,0,1,0.0,7348,46105,0.005736,8037679
4,2020-12-21,16359,62575,16333,62522,26,53,0,0,16292,62395,0.007763,1,2,0.0,16292,62397,0.007763,8037679
4,2020-12-22,17169,79744,16432,78954,737,790,0,0,17121,79513,0.009893,3,5,1e-06,17121,79518,0.009893,8037679
4,2020-12-23,17072,96816,14366,93320,2706,3496,0,0,17040,96551,0.012012,2,7,1e-06,17040,96558,0.012013,8037679
4,2020-12-24,8522,105338,5950,99270,2572,6068,0,0,8522,105073,0.013073,0,7,1e-06,8522,105080,0.013073,8037679
4,2020-12-25,904,106242,798,100068,106,6174,0,0,904,105977,0.013185,0,7,1e-06,904,105984,0.013186,8037679
4,2020-12-26,6167,112409,3890,103958,2277,8451,0,0,6167,112144,0.013952,0,7,1e-06,6167,112151,0.013953,8037679
4,2020-12-27,3433,115842,2000,105958,1433,9884,0,0,3433,115577,0.014379,0,7,1e-06,3433,115584,0.01438,8037679
4,2020-12-28,15082,130924,9316,115274,5766,15650,0,0,15054,130630,0.016252,1,8,1e-06,15054,130638,0.016253,8037679
4,2020-12-29,15350,146274,8507,123781,6843,22493,0,0,15316,145946,0.018158,0,8,1e-06,15316,145954,0.018159,8037679
4,2020-12-30,18921,165195,11066,134847,7855,30348,0,0,18911,164855,0.02051,2,10,1e-06,18911,164865,0.020512,8037679
4,2020-12-31,8270,173465,3355,138202,4915,35263,0,0,8258,173104,0.021537,9,19,2e-06,8258,173123,0.021539,8037679
4,2021-01-01,1499,174964,666,138868,833,36096,0,0,1496,174598,0.021722,2,21,3e-06,1496,174619,0.021725,8037679
4,2021-01-02,5719,180683,3228,142096,2491,38587,0,0,5718,180315,0.022434,1,22,3e-06,5718,180337,0.022436,8037679
4,2021-01-03,2137,182820,1265,143361,872,39459,0,0,2121,182432,0.022697,4,26,3e-06,2121,182458,0.0227,8037679
4,2021-01-04,12931,195751,7001,150362,5930,45389,0,0,12883,195286,0.024296,29,55,7e-06,12883,195341,0.024303,8037679
4,2021-01-05,16873,212624,9994,160356,6879,52268,0,0,14688,207828,0.025857,2159,2214,0.000275,14701,210042,0.026132,8037679
4,2021-01-06,21570,234194,13219,173575,8351,60619,0,0,15513,217345,0.027041,6008,8222,0.001023,15525,225567,0.028064,8037679
4,2021-01-07,27923,262117,17019,190594,10904,71523,0,0,16694,222888,0.02773,11171,19393,0.002413,16714,242281,0.030143,8037679
4,2021-01-08,32784,294901,21046,211640,11738,83261,0,0,18292,226767,0.028213,14431,33824,0.004208,18310,260591,0.032421,8037679
4,2021-01-09,16276,311177,9638,221278,6638,89899,0,0,9460,229442,0.028546,6796,40620,0.005054,9471,270062,0.0336,8037679
4,2021-01-10,8764,319941,5657,226935,3107,93006,0,0,4146,229002,0.028491,4594,45214,0.005625,4154,274216,0.034116,8037679
4,2021-01-11,33429,353370,21914,248849,11515,104521,0,0,18837,233340,0.029031,14543,59757,0.007435,18881,293097,0.036465,8037679
4,2021-01-12,38546,391916,22233,271082,16313,120834,0,0,24243,243389,0.030281,14233,73990,0.009205,24282,317379,0.039486,8037679
4,2021-01-13,38779,430695,19178,290260,19601,140435,0,0,27400,259495,0.032285,11322,85312,0.010614,27428,344807,0.042899,8037679
4,2021-01-14,39298,469993,15126,305386,24172,164607,0,0,32118,284513,0.035397,7130,92442,0.011501,32148,376955,0.046898,8037679
4,2021-01-15,45324,515317,15731,321117,29593,194200,0,0,39686,318642,0.039644,5579,98021,0.012195,39708,416663,0.051839,8037679
4,2021-01-16,28714,544031,9345,330462,19369,213569,0,0,25566,341112,0.042439,3114,101135,0.012583,25584,442247,0.055022,8037679
4,2021-01-17,19068,563099,6670,337132,12398,225967,0,0,17540,357161,0.044436,1505,102640,0.01277,17554,459801,0.057206,8037679
4,2021-01-18,29460,592559,13639,350771,15821,241788,0,0,23456,374731,0.046622,5912,108552,0.013505,23482,483283,0.060127,8037679
4,2021-01-19,46097,638656,23166,373937,22931,264719,0,0,36730,402223,0.050042,9311,117863,0.014664,36803,520086,0.064706,8037679
4,2021-01-20,52609,691265,28178,402115,24431,289150,0,0,42063,433900,0.053983,10446,128309,0.015963,42123,562209,0.069947,8037679
4,2021-01-21,57557,748822,25882,427997,31675,320825,0,0,50798,478053,0.059476,6688,134997,0.016796,50841,613050,0.076272,8037679
4,2021-01-22,55334,804156,22247,450244,33087,353912,0,0,50156,523154,0.065088,5082,140079,0.017428,50183,663233,0.082515,8037679
4,2021-01-23,39662,843818,17416,467660,22246,376158,0,0,35305,554144,0.068943,4344,144423,0.017968,35334,698567,0.086912,8037679
4,2021-01-24,23943,867761,10482,478142,13461,389619,0,0,22048,574325,0.071454,1884,146307,0.018203,22065,720632,0.089657,8037679
4,2021-01-25,47955,915716,22119,500261,25836,415455,0,0,36816,600097,0.07466,11099,157406,0.019584,36871,757503,0.094244,8037679
4,2021-01-26,56782,972498,28914,529175,27868,443323,0,0,44509,632445,0.078685,12221,169627,0.021104,44569,802072,0.099789,8037679
4,2021-01-27,56153,1028651,26687,555862,29466,472789,0,0,45137,666694,0.082946,10940,180567,0.022465,45189,847261,0.105411,8037679
4,2021-01-28,56523,1085174,25490,581352,31033,503822,0,0,46517,703339,0.087505,9917,190484,0.023699,46562,893823,0.111204,8037679
4,2021-01-29,56509,1141683,27096,608448,29413,533235,0,0,46081,739211,0.091968,10243,200727,0.024973,46115,939938,0.116941,8037679
4,2021-01-30,37993,1179676,17110,625558,20883,554118,0,0,32624,766552,0.09537,5307,206034,0.025634,32648,972586,0.121003,8037679
4,2021-01-31,23861,1203537,12498,638056,11363,565481,0,0,22154,787038,0.097919,1685,207719,0.025843,22171,994757,0.123762,8037679
4,2021-02-01,49724,1253261,24001,662057,25723,591204,0,0,38024,813461,0.101206,11641,219360,0.027291,38064,1032821,0.128497,8037679
4,2021-02-02,55442,1308703,25466,687523,29976,621180,0,0,42557,843251,0.104912,12811,232171,0.028885,42601,1075422,0.133798,8037679
4,2021-02-03,62117,1370820,30484,718007,31633,652813,0,0,47780,876869,0.109095,14217,246388,0.030654,47835,1123257,0.139749,8037679
4,2021-02-04,67684,1438504,31521,749528,36163,688976,0,0,50873,911194,0.113365,16652,263040,0.032726,50977,1174234,0.146091,8037679
4,2021-02-05,73115,1511619,33832,783360,39283,728259,0,0,50962,940394,0.116998,21898,284938,0.03545,51098,1225332,0.152448,8037679
4,2021-02-06,48615,1560234,26112,809472,22503,750762,0,0,37124,966298,0.120221,11422,296360,0.036871,37326,1262658,0.157092,8037679
4,2021-02-07,26371,1586605,17393,826865,8978,759740,0,0,19974,980140,0.121943,6367,302727,0.037663,20209,1282867,0.159607,8037679
4,2021-02-08,58494,1645099,30071,856936,28423,788163,0,0,38024,998092,0.124177,20333,323060,0.040193,38285,1321152,0.16437,8037679
4,2021-02-09,67185,1712284,34168,891104,33017,821180,0,0,39379,1010158,0.125678,27718,350778,0.043642,39784,1360936,0.16932,8037679
4,2021-02-10,77438,1789722,38695,929799,38743,859923,0,0,40621,1014758,0.12625,36566,387344,0.048191,41166,1402102,0.174441,8037679
4,2021-02-11,81246,1870968,42354,972153,38892,898815,0,0,41383,1017179,0.126551,39631,426975,0.053122,42052,1444154,0.179673,8037679
4,2021-02-12,84571,1955539,37896,1010049,46675,945490,0,0,43415,1020459,0.126959,40927,467902,0.058214,44207,1488361,0.185173,8037679
4,2021-02-13,59041,2014580,29893,1039942,29148,974638,0,0,30074,1022620,0.127228,28813,496715,0.061798,30974,1519335,0.189027,8037679
4,2021-02-14,36909,2051489,19182,1059124,17727,992365,0,0,18890,1024218,0.127427,17951,514666,0.064032,19549,1538884,0.191459,8037679
4,2021-02-15,46232,2097721,21627,1080751,24605,1016970,0,0,23734,1026712,0.127737,22420,537086,0.066821,24914,1563798,0.194558,8037679
4,2021-02-16,80097,2177818,36687,1117438,43410,1060380,0,0,40769,1029485,0.128082,39217,576303,0.0717,41990,1605788,0.199783,8037679
4,2021-02-17,81450,2259268,38476,1155914,42974,1103354,0,0,38732,1026819,0.127751,42526,618829,0.076991,39860,1645648,0.204742,8037679
4,2021-02-18,83396,2342664,45887,1201801,37509,1140863,0,0,38578,1022272,0.127185,44607,663436,0.082541,40060,1685708,0.209726,8037679
4,2021-02-19,82878,2425542,52081,1253882,30797,1171660,0,0,41351,1023036,0.12728,41278,704714,0.087676,42042,1727750,0.214956,8037679
4,2021-02-20,49375,2474917,32846,1286728,16529,1188189,0,0,26849,1028166,0.127918,22420,727134,0.090466,27550,1755300,0.218384,8037679
4,2021-02-21,29623,2504540,23723,1310451,5900,1194089,0,0,14327,1027568,0.127844,15211,742345,0.092358,14613,1769913,0.220202,8037679
4,2021-02-22,53829,2558369,36978,1347429,16851,1210940,0,0,26072,1026476,0.127708,27621,769966,0.095795,26529,1796442,0.223503,8037679
4,2021-02-23,74338,2632707,41189,1388618,33149,1244089,0,0,32724,1019407,0.126829,41466,811432,0.100954,34397,1830839,0.227782,8037679
4,2021-02-24,88780,2721487,46854,1435472,41926,1286015,0,0,40120,1013239,0.126061,48443,859875,0.106981,42275,1873114,0.233042,8037679
4,2021-02-25,99873,2821360,52128,1487600,47745,1333760,0,0,47867,1011820,0.125885,51846,911721,0.113431,50427,1923541,0.239315,8037679
4,2021-02-26,106376,2927736,53705,1541305,52671,1386431,0,0,54532,1017099,0.126541,51608,963329,0.119852,56887,1980428,0.246393,8037679
4,2021-02-27,77019,3004755,41913,1583218,35099,1421530,7,7,41384,1024475,0.127459,35492,998821,0.124267,42868,2023296,0.251726,8037679
4,2021-02-28,47680,3052435,29394,1612612,18279,1439809,7,14,26544,1030931,0.128262,20980,1019801,0.126878,27436,2050732,0.25514,8037679
4,2021-03-01,77804,3130239,45692,1658304,32074,1471883,38,52,42961,1040538,0.129458,34581,1054382,0.13118,44188,2094920,0.260637,8037679
4,2021-03-02,85135,3215374,48993,1707297,36134,1508017,8,60,50368,1058105,0.131643,34597,1088979,0.135484,52164,2147084,0.267127,8037679
4,2021-03-03,100220,3315594,53342,1760639,46864,1554881,14,74,56035,1071956,0.133366,43963,1132942,0.140954,57814,2204898,0.27432,8037679
4,2021-03-04,97052,3412646,53849,1814488,43185,1598066,18,92,53422,1083759,0.134835,43412,1176354,0.146355,55215,2260113,0.28119,8037679
4,2021-03-05,94368,3507014,50937,1865425,43115,1641181,316,408,55998,1103844,0.137334,38157,1214511,0.151102,58242,2318355,0.288436,8037679
4,2021-03-06,76165,3583179,42934,1908359,30614,1671795,2617,3025,46860,1125473,0.140025,29189,1243700,0.154734,50818,2369173,0.294758,8037679
4,2021-03-07,43083,3626262,27254,1935613,14641,1686436,1188,4213,25627,1135982,0.141332,17388,1261088,0.156897,27897,2397070,0.298229,8037679
4,2021-03-08,66502,3692764,34909,1970522,28401,1714837,3192,7405,43933,1162000,0.144569,22444,1283532,0.159689,48462,2445532,0.304258,8037679
4,2021-03-09,81224,3773988,41191,2011713,34899,1749736,5134,12539,43848,1174891,0.146173,37205,1320737,0.164318,50096,2495628,0.310491,8037679
4,2021-03-10,90997,3864985,46971,2058684,36597,1786333,7429,19968,45975,1184410,0.147357,44843,1365580,0.169897,54362,2549990,0.317255,8037679
4,2021-03-11,100555,3965540,52873,2111557,39289,1825622,8393,28361,46464,1186535,0.147622,53843,1419423,0.176596,55968,2605958,0.324218,8037679
4,2021-03-12,104539,4070079,51552,2163109,42733,1868355,10254,38615,44634,1182770,0.147153,59623,1479046,0.184014,55858,2661816,0.331167,8037679
4,2021-03-13,81452,4151531,37815,2200924,35224,1903579,8413,47028,38453,1187910,0.147793,42856,1521902,0.189346,47996,2709812,0.337139,8037679
4,2021-03-14,49777,4201308,28396,2229320,17757,1921336,3624,50652,23237,1188957,0.147923,26447,1548349,0.192636,27494,2737306,0.340559,8037679
4,2021-03-15,83623,4284931,45030,2274350,34346,1955682,4247,54899,42552,1195768,0.14877,40836,1589185,0.197717,47647,2784953,0.346487,8037679
4,2021-03-16,107577,4392508,55939,2330289,48239,2003921,3399,58298,57051,1206625,0.150121,50294,1639479,0.203974,61151,2846104,0.354095,8037679
4,2021-03-17,106851,4499359,57565,2387854,45792,2049713,3494,61792,62800,1229696,0.152991,43790,1683269,0.209422,66861,2912965,0.362414,8037679
4,2021-03-18,107018,4606377,59379,2447233,43955,2093668,3684,65476,61009,1249084,0.155404,45740,1729009,0.215113,65128,2978093,0.370517,8037679
4,2021-03-19,111446,4717823,64146,2511379,42115,2135783,5185,70661,63735,1270942,0.158123,47467,1776476,0.221019,69325,3047418,0.379142,8037679
4,2021-03-20,83837,4801660,49021,2560400,31821,2167604,2995,73656,51627,1293814,0.160969,32066,1808542,0.225008,54938,3102356,0.385977,8037679
4,2021-03-21,48123,4849783,34939,2595339,10928,2178532,2256,75912,28302,1305226,0.162388,19706,1828248,0.22746,31118,3133474,0.389848,8037679
4,2021-03-22,82440,4932223,53901,2649240,25803,2204335,2736,78648,51339,1329148,0.165365,30874,1859122,0.231301,54796,3188270,0.396666,8037679
4,2021-03-23,104795,5037018,62749,2711989,39890,2244225,2156,80804,62594,1352509,0.168271,41932,1901054,0.236518,65293,3253563,0.404789,8037679
4,2021-03-24,113438,5150456,73238,2785227,37790,2282015,2410,83214,64164,1370693,0.170533,48848,1949902,0.242595,67032,3320595,0.413129,8037679
4,2021-03-25,116997,5267453,72049,2857276,42560,2324575,2388,85602,67166,1391360,0.173105,49368,1999270,0.248737,70035,3390630,0.421842,8037679
4,2021-03-26,119612,5387065,72618,2929894,43955,2368530,3039,88641,65640,1407010,0.175052,53626,2052896,0.255409,69276,3459906,0.430461,8037679
4,2021-03-27,91971,5479036,54244,2984138,35940,2404470,1787,90428,46861,1411272,0.175582,44870,2097766,0.260992,49132,3509038,0.436574,8037679
4,2021-03-28,55664,5534700,36734,3020872,18060,2422530,870,91298,29648,1416271,0.176204,25855,2123621,0.264208,30854,3539892,0.440412,8037679
4,2021-03-29,93504,5628204,56049,3076921,35375,2457905,2080,93378,50814,1427264,0.177572,42452,2166073,0.26949,53445,3593337,0.447062,8037679
4,2021-03-30,117068,5745272,63863,3140784,49043,2506948,4162,97540,69623,1454256,0.18093,47225,2213298,0.275365,74217,3667554,0.456295,8037679
4,2021-03-31,120994,5866266,71390,3212174,43280,2550228,6324,103864,67965,1476068,0.183644,52693,2265991,0.281921,74505,3742059,0.465565,8037679
4,2021-04-01,142405,6008671,81252,3293426,47938,2598166,13215,117079,83994,1515486,0.188548,57988,2323979,0.289136,97406,3839465,0.477683,8037679
4,2021-04-02,136554,6145225,72978,3366404,50012,2648178,13564,130643,79082,1551281,0.193001,57183,2381162,0.29625,92978,3932443,0.489251,8037679
4,2021-04-03,101175,6246400,54093,3420497,33688,2681866,13394,144037,52718,1569391,0.195254,48263,2429425,0.302255,66373,3998816,0.497509,8037679
4,2021-04-04,46848,6293248,24728,3445225,14602,2696468,7518,151555,20458,1571113,0.195468,26285,2455710,0.305525,28007,4026823,0.500993,8037679
4,2021-04-05,109257,6402505,61466,3506691,35007,2731475,12784,164339,57061,1589553,0.197763,51995,2507705,0.311994,70435,4097258,0.509756,8037679
4,2021-04-06,138706,6541211,78098,3584789,40890,2772365,19718,184057,72194,1615805,0.201029,66285,2573990,0.32024,92537,4189795,0.521269,8037679
4,2021-04-07,137531,6678742,77918,3662707,38922,2811287,20691,204748,71286,1642096,0.2043,65998,2639988,0.328452,92289,4282084,0.532751,8037679
4,2021-04-08,139909,6818651,78008,3740715,36481,2847768,25420,230168,69592,1667710,0.207487,70034,2710022,0.337165,95648,4377732,0.544651,8037679
4,2021-04-09,137568,6956219,75530,3816245,39065,2886833,22973,253141,65726,1685827,0.209741,71623,2781645,0.346076,89740,4467472,0.555816,8037679
4,2021-04-10,103729,7059948,51188,3867433,33694,2920527,18847,271988,46818,1695852,0.210988,56701,2838346,0.35313,66726,4534198,0.564118,8037679
4,2021-04-11,62581,7122529,38025,3905458,13396,2933923,11160,283148,27370,1700353,0.211548,35110,2873456,0.357498,39611,4573809,0.569046,8037679
4,2021-04-12,102693,7225222,62465,3967923,30094,2964017,10134,293282,51784,1712875,0.213106,50618,2924074,0.363796,63140,4636949,0.576901,8037679
4,2021-04-13,130185,7355407,81684,4049607,48337,3012354,164,293446,78010,1740016,0.216482,51892,2975966,0.370252,79033,4715982,0.586734,8037679
4,2021-04-14,135356,7490763,86263,4135870,49018,3061372,75,293521,74996,1756283,0.218506,60032,3035998,0.377721,76299,4792281,0.596227,8037679
4,2021-04-15,156073,7646836,103919,4239789,52090,3113462,64,293585,95873,1793136,0.223091,59842,3095840,0.385166,96695,4888976,0.608257,8037679
4,2021-04-16,143404,7790240,90931,4330720,52395,3165857,78,293663,83476,1817774,0.226157,59633,3155473,0.392585,84271,4973247,0.618742,8037679
4,2021-04-17,101331,7891571,63711,4394431,37596,3203453,24,293687,59692,1837264,0.228581,41373,3196846,0.397732,60863,5034110,0.626314,8037679
4,2021-04-18,56708,7948279,38316,4432747,18389,3221842,3,293690,32029,1845697,0.229631,24554,3221400,0.400787,32987,5067097,0.630418,8037679
4,2021-04-19,101325,8049604,66819,4499566,34488,3256330,18,293708,51808,1848838,0.230021,49280,3270680,0.406918,52421,5119518,0.63694,8037679
4,2021-04-20,131539,8181143,78493,4578059,53030,3309360,16,293724,68754,1856189,0.230936,62492,3333172,0.414693,69843,5189361,0.645629,8037679
4,2021-04-21,133876,8315019,87459,4665518,46364,3355724,53,293777,67633,1859106,0.231299,65878,3399050,0.422889,68795,5258156,0.654188,8037679
4,2021-04-22,140471,8455490,93322,4758840,47127,3402851,22,293799,62956,1846038,0.229673,77166,3476216,0.43249,64098,5322254,0.662163,8037679
4,2021-04-23,134000,8589490,87337,4846177,46639,3449490,24,293823,58274,1830130,0.227694,75395,3551611,0.44187,59487,5381741,0.669564,8037679
4,2021-04-24,97650,8687140,66073,4912250,31527,3481017,50,293873,45023,1823917,0.226921,52352,3603963,0.448384,46139,5427880,0.675304,8037679
4,2021-04-25,50028,8737168,35271,4947521,14732,3495749,25,293898,26196,1826884,0.22729,23694,3627657,0.451331,26661,5454541,0.678621,8037679
4,2021-04-26,91513,8828681,60011,5007532,31105,3526854,397,294295,36071,1809525,0.22513,55156,3682813,0.458194,37797,5492338,0.683324,8037679
4,2021-04-27,113314,8941995,69254,5076786,41758,3568612,2302,296597,40924,1781461,0.221639,72088,3754901,0.467162,44024,5536362,0.688801,8037679
4,2021-04-28,103544,9045539,67667,5144453,33367,3601979,2510,299107,37975,1757333,0.218637,65275,3820176,0.475283,41147,5577509,0.69392,8037679
4,2021-04-29,104977,9150516,67078,5211531,35378,3637357,2521,301628,34025,1723854,0.214472,70628,3890804,0.484071,37149,5614658,0.698542,8037679
4,2021-04-30,104596,9255112,66333,5277864,35592,3672949,2671,304299,36049,1695047,0.210888,68186,3958990,0.492554,39379,5654037,0.703442,8037679
4,2021-05-01,68811,9323923,45766,5323630,21290,3694239,1755,306054,19995,1668851,0.207628,48587,4007577,0.498599,22391,5676428,0.706227,8037679
4,2021-05-02,37400,9361323,26542,5350172,9579,3703818,1279,307333,10495,1653973,0.205777,26796,4034373,0.501933,11918,5688346,0.70771,8037679
4,2021-05-03,78205,9439528,54438,5404610,21302,3725120,2465,309798,19174,1617186,0.201201,58791,4093164,0.509247,22004,5710350,0.710448,8037679
4,2021-05-04,100709,9540237,68960,5473570,28995,3754115,2754,312552,22716,1565314,0.194747,77728,4170892,0.518917,25856,5736206,0.713664,8037679
4,2021-05-05,101433,9641670,71553,5545123,27160,3781275,2720,315272,22032,1511292,0.188026,79082,4249974,0.528756,25060,5761266,0.716782,8037679
4,2021-05-06,110965,9752635,83179,5628302,24861,3806136,2925,318197,19675,1444168,0.179675,90846,4340820,0.540059,23722,5784988,0.719734,8037679
4,2021-05-07,104116,9856751,74897,5703199,26543,3832679,2676,320873,20614,1384719,0.172278,83156,4423976,0.550405,23707,5808695,0.722683,8037679
4,2021-05-08,69172,9925923,47700,5750899,19551,3852230,1921,322794,13769,1345581,0.167409,55185,4479161,0.55727,16047,5824742,0.72468,8037679
4,2021-05-09,34058,9959981,27891,5778790,5229,3857459,938,323732,7483,1327625,0.165175,26472,4505633,0.560564,8516,5833258,0.725739,8037679
4,2021-05-10,64411,10024392,43132,5821922,18971,3876430,2308,326040,11001,1288031,0.160249,53218,4558851,0.567185,13624,5846882,0.727434,8037679
4,2021-05-11,82074,10106466,51253,5873175,28644,3905074,2177,328217,15823,1240503,0.154336,66028,4624879,0.5754,18500,5865382,0.729736,8037679
4,2021-05-12,79086,10185552,52690,5925865,23902,3928976,2494,330711,16653,1197862,0.149031,62164,4687043,0.583134,19523,5884905,0.732165,8037679
4,2021-05-13,103850,10289402,76573,6002438,25757,3954733,1520,332231,40368,1177589,0.146509,63170,4750213,0.590993,42897,5927802,0.737502,8037679
4,2021-05-14,104220,10393622,73696,6076134,28395,3983128,2129,334360,40231,1156780,0.14392,63698,4813911,0.598918,42889,5970691,0.742838,8037679
4,2021-05-15,85031,10478653,65793,6141927,17915,4001043,1323,335683,37609,1148811,0.142928,47191,4861102,0.604789,39222,6009913,0.747717,8037679
4,2021-05-16,51289,10529942,41345,6183272,9235,4010278,709,336392,21032,1140572,0.141903,30118,4891220,0.608536,21879,6031792,0.75044,8037679
4,2021-05-17,70786,10600728,51759,6235031,17187,4027465,1840,338232,28059,1128156,0.140358,42539,4933759,0.613829,30123,6061915,0.754187,8037679
4,2021-05-18,81237,10681965,52904,6287935,26589,4054054,1744,339976,29154,1107679,0.137811,51737,4985496,0.620266,31260,6093175,0.758076,8037679
4,2021-05-19,76268,10758233,51645,6339580,22683,4076737,1940,341916,30817,1095541,0.136301,45181,5030677,0.625887,33043,6126218,0.762187,8037679
4,2021-05-20,68370,10826603,43931,6383511,22446,4099183,1993,343909,25342,1080464,0.134425,42754,5073431,0.631206,27677,6153895,0.765631,8037679
4,2021-05-21,73092,10899695,48261,6431772,22971,4122154,1860,345769,25855,1061475,0.132062,46968,5120399,0.637049,27979,6181874,0.769112,8037679
4,2021-05-22,49415,10949110,34687,6466459,13449,4135603,1279,347048,21548,1056804,0.131481,27717,5148116,0.640498,23046,6204920,0.771979,8037679
4,2021-05-23,23716,10972826,17014,6483473,5984,4141587,718,347766,9731,1053495,0.13107,13866,5161982,0.642223,10557,6215477,0.773293,8037679
4,2021-05-24,42875,11015701,27312,6510785,12573,4154160,2990,350756,15051,1044115,0.129903,27621,5189603,0.645659,18241,6233718,0.775562,8037679
4,2021-05-25,44696,11060397,27794,6538579,14089,4168249,2813,353569,15885,1034452,0.1287,28593,5218196,0.649217,18930,6252648,0.777917,8037679
4,2021-05-26,44286,11104683,26606,6565185,15095,4183344,2585,356154,15776,1024675,0.127484,28312,5246508,0.652739,18535,6271183,0.780223,8037679
4,2021-05-27,38695,11143378,23269,6588454,12303,4195647,3123,359277,14600,1018651,0.126734,23915,5270423,0.655715,17891,6289074,0.782449,8037679
4,2021-05-28,43064,11186442,27477,6615931,13991,4209638,1596,360873,18803,1015247,0.126311,24028,5294451,0.658704,20624,6309698,0.785015,8037679
4,2021-05-29,23510,11209952,15307,6631238,7268,4216906,935,361808,10836,1014593,0.12623,12556,5307007,0.660266,11902,6321600,0.786496,8037679
4,2021-05-30,11955,11221907,8396,6639634,3035,4219941,524,362332,4990,1013268,0.126065,6908,5313915,0.661126,5583,6327183,0.78719,8037679
4,2021-05-31,3535,11225442,2245,6641879,1132,4221073,158,362490,1131,1012208,0.125933,2371,5316286,0.661421,1311,6328494,0.787353,8037679
4,2021-06-01,39240,11264682,24403,6666282,12396,4233469,2441,364931,12989,1001802,0.124638,26052,5342338,0.664662,15646,6344140,0.7893,8037679
4,2021-06-02,32378,11297060,20259,6686541,9341,4242810,2778,367709,10831,994178,0.12369,21382,5363720,0.667322,13758,6357898,0.791012,8037679
4,2021-06-03,47794,11344854,36684,6723225,8660,4251470,2450,370159,10339,969967,0.120677,37306,5401026,0.671963,13095,6370993,0.792641,8037679
4,2021-06-04,54528,11399382,43918,6767143,9291,4260761,1319,371478,12748,943278,0.117357,41559,5442585,0.677134,14870,6385863,0.794491,8037679
4,2021-06-05,44500,11443882,38120,6805263,5384,4266145,996,372474,8716,917629,0.114166,35638,5478223,0.681568,9989,6395852,0.795734,8037679
4,2021-06-06,21062,11464944,18799,6824062,1706,4267851,557,373031,3928,905466,0.112653,17034,5495257,0.683687,4871,6400723,0.79634,8037679
4,2021-06-07,38507,11503451,31172,6855234,5425,4273276,1910,374941,8425,886121,0.110246,29956,5525213,0.687414,10611,6411334,0.79766,8037679
4,2021-06-08,40332,11543783,31665,6886899,6142,4279418,2525,377466,9446,867723,0.107957,30702,5555915,0.691234,12304,6423638,0.799191,8037679
4,2021-06-09,38722,11582505,30716,6917615,5656,4285074,2350,379816,7915,847699,0.105466,30644,5586559,0.695046,10620,6434258,0.800512,8037679
4,2021-06-10,36936,11619441,29122,6946737,5204,4290278,2610,382426,8554,830893,0.103375,28232,5614791,0.698559,11426,6445684,0.801933,8037679
4,2021-06-11,38044,11657485,29887,6976624,6149,4296427,2008,384434,9835,815021,0.1014,28063,5642854,0.70205,12191,6457875,0.80345,8037679
4,2021-06-12,26408,11683893,22001,6998625,3700,4300127,707,385141,6066,801772,0.099752,20239,5663093,0.704568,6990,6464865,0.80432,8037679
4,2021-06-13,10792,11694685,8527,7007152,1788,4301915,477,385618,2289,796198,0.099058,8444,5671537,0.705619,2870,6467735,0.804677,8037679
4,2021-06-14,28409,11723094,21264,7028416,4350,4306265,2795,388413,7742,786415,0.097841,20538,5692075,0.708174,10755,6478490,0.806015,8037679
4,2021-06-15,29764,11752858,21062,7049478,5309,4311574,3393,391806,8287,777008,0.096671,21338,5713413,0.710829,11931,6490421,0.807499,8037679
4,2021-06-16,26351,11779209,19855,7069333,3899,4315473,2597,394403,8017,769658,0.095756,18172,5731585,0.71309,10822,6501243,0.808846,8037679
4,2021-06-17,24920,11804129,18412,7087745,3642,4319115,2866,397269,7562,763092,0.094939,17178,5748763,0.715227,10612,6511855,0.810166,8037679
4,2021-06-18,26516,11830645,20925,7108670,4372,4323487,1219,398488,8214,754668,0.093891,18106,5766869,0.717479,9682,6521537,0.811371,8037679
4,2021-06-19,15657,11846302,12676,7121346,2290,4325777,691,399179,5048,750112,0.093324,10460,5777329,0.718781,5904,6527441,0.812105,8037679
4,2021-06-20,7340,11853642,6052,7127398,982,4326759,306,399485,2619,748451,0.093118,4665,5781994,0.719361,3004,6530445,0.812479,8037679
4,2021-06-21,14411,11868053,10426,7137824,2856,4329615,1129,400614,7314,750030,0.093314,7022,5789016,0.720235,8601,6539046,0.813549,8037679
4,2021-06-22,20254,11888307,15808,7153632,3394,4333009,1052,401666,7060,745214,0.092715,13079,5802095,0.721862,8263,6547309,0.814577,8037679
4,2021-06-23,18212,11906519,14296,7167928,2942,4335951,974,402640,6672,741563,0.092261,11424,5813519,0.723283,7773,6555082,0.815544,8037679
4,2021-06-24,17370,11923889,13478,7181406,2915,4338866,977,403617,6494,738441,0.091872,10730,5824249,0.724618,7608,6562690,0.816491,8037679
4,2021-06-25,21299,11945188,16755,7198161,3518,4342384,1026,404643,7723,733911,0.091309,13446,5837695,0.726291,8916,6571606,0.8176,8037679
4,2021-06-26,12929,11958117,10548,7208709,1772,4344156,609,405252,4788,731370,0.090993,8043,5845738,0.727292,5502,6577108,0.818284,8037679
4,2021-06-27,6796,11964913,5507,7214216,950,4345106,339,405591,2880,730762,0.090917,3881,5849619,0.727775,3273,6580381,0.818692,8037679
4,2021-06-28,14683,11979596,12374,7226590,1506,4346612,803,406394,5959,728980,0.090695,8651,5858270,0.728851,6869,6587250,0.819546,8037679
4,2021-06-29,11156,11990752,8733,7235323,1833,4348445,590,406984,4205,726934,0.090441,6880,5865150,0.729707,4834,6592084,0.820148,8037679
