vemquartile,administered_date,total_doses,cumulative_total_doses,pfizer_doses,cumulative_pfizer_doses,moderna_doses,cumulative_moderna_doses,jj_doses,cumulative_jj_doses,partially_vaccinated,total_partially_vaccinated,pct_age12pop_partially_vaccinated,fully_vaccinated,cumulative_fully_vaccinated,pct_age12pop_fully_vaccinated,at_least_one_dose,cumulative_at_least_one_dose,pct_age12pop_at_least_one_dose,age12_population
1,2020-12-15,154,154,154,154,0,0,0,0,154,154,1.8e-05,0,0,0.0,154,154,1.8e-05,8700223
1,2020-12-16,1252,1406,1252,1406,0,0,0,0,1251,1405,0.000161,0,0,0.0,1251,1405,0.000161,8700223
1,2020-12-17,4176,5582,4176,5582,0,0,0,0,4178,5583,0.000642,0,0,0.0,4178,5583,0.000642,8700223
1,2020-12-18,6400,11982,6376,11958,24,24,0,0,6404,11986,0.001378,1,1,0.0,6404,11987,0.001378,8700223
1,2020-12-19,2887,14869,2884,14842,3,27,0,0,2886,14871,0.001709,1,2,0.0,2886,14873,0.001709,8700223
1,2020-12-20,2137,17006,2126,16968,11,38,0,0,2139,17010,0.001955,0,2,0.0,2139,17012,0.001955,8700223
1,2020-12-21,7703,24709,7682,24650,21,59,0,0,7753,24763,0.002846,1,3,0.0,7754,24766,0.002847,8700223
1,2020-12-22,7371,32080,7021,31671,350,409,0,0,7371,32132,0.003693,2,5,1e-06,7371,32137,0.003694,8700223
1,2020-12-23,7923,40003,6649,38320,1274,1683,0,0,7921,40052,0.004604,2,7,1e-06,7922,40059,0.004604,8700223
1,2020-12-24,3312,43315,2369,40689,943,2626,0,0,3313,43365,0.004984,0,7,1e-06,3313,43372,0.004985,8700223
1,2020-12-25,241,43556,157,40846,84,2710,0,0,241,43606,0.005012,0,7,1e-06,241,43613,0.005013,8700223
1,2020-12-26,1374,44930,979,41825,395,3105,0,0,1373,44978,0.00517,1,8,1e-06,1373,44986,0.005171,8700223
1,2020-12-27,882,45812,547,42372,335,3440,0,0,882,45859,0.005271,1,9,1e-06,882,45868,0.005272,8700223
1,2020-12-28,7143,52955,4793,47165,2350,5790,0,0,7140,52999,0.006092,0,9,1e-06,7140,53008,0.006093,8700223
1,2020-12-29,9074,62029,5061,52226,4013,9803,0,0,9070,62067,0.007134,2,11,1e-06,9070,62078,0.007135,8700223
1,2020-12-30,11783,73812,6564,58790,5219,15022,0,0,11781,73847,0.008488,1,12,1e-06,11781,73859,0.008489,8700223
1,2020-12-31,6054,79866,1973,60763,4081,19103,0,0,6051,79894,0.009183,5,17,2e-06,6052,79911,0.009185,8700223
1,2021-01-01,632,80498,255,61018,377,19480,0,0,628,80520,0.009255,2,19,2e-06,628,80539,0.009257,8700223
1,2021-01-02,2938,83436,1776,62794,1162,20642,0,0,2938,83458,0.009593,0,19,2e-06,2938,83477,0.009595,8700223
1,2021-01-03,1058,84494,553,63347,505,21147,0,0,1056,84511,0.009714,3,22,3e-06,1056,84533,0.009716,8700223
1,2021-01-04,7413,91907,3611,66958,3802,24949,0,0,7416,91925,0.010566,2,24,3e-06,7416,91949,0.010569,8700223
1,2021-01-05,10981,102888,5288,72246,5693,30642,0,0,10179,101344,0.011648,784,808,9.3e-05,10203,102152,0.011741,8700223
1,2021-01-06,14167,117055,7097,79343,7070,37712,0,0,12215,111660,0.012834,1916,2724,0.000313,12232,114384,0.013147,8700223
1,2021-01-07,17650,134705,9178,88521,8472,46184,0,0,13117,120347,0.013833,4441,7165,0.000824,13128,127512,0.014656,8700223
1,2021-01-08,20247,154952,10486,99007,9761,55945,0,0,14272,128679,0.01479,5957,13122,0.001508,14289,141801,0.016299,8700223
1,2021-01-09,6710,161662,3412,102419,3298,59243,0,0,4835,131649,0.015132,1869,14991,0.001723,4839,146640,0.016855,8700223
1,2021-01-10,3119,164781,1778,104197,1341,60584,0,0,1923,132382,0.015216,1191,16182,0.00186,1924,148564,0.017076,8700223
1,2021-01-11,18221,183002,11909,116106,6312,66896,0,0,11591,137404,0.015793,6615,22797,0.00262,11637,160201,0.018413,8700223
1,2021-01-12,19230,202232,11010,127116,8220,75116,0,0,13185,144620,0.016623,6012,28809,0.003311,13228,173429,0.019934,8700223
1,2021-01-13,19906,222138,10774,137890,9132,84248,0,0,14726,154210,0.017725,5155,33964,0.003904,14745,188174,0.021629,8700223
1,2021-01-14,22228,244366,9559,147449,12669,96917,0,0,19380,170871,0.01964,2783,36747,0.004224,19444,207618,0.023864,8700223
1,2021-01-15,25303,269669,9271,156720,16032,112949,0,0,23343,192361,0.02211,1921,38668,0.004444,23411,231029,0.026554,8700223
1,2021-01-16,13964,283633,4572,161292,9392,122341,0,0,13063,204535,0.023509,894,39562,0.004547,13068,244097,0.028056,8700223
1,2021-01-17,5230,288863,2045,163337,3185,125526,0,0,4852,209013,0.024024,377,39939,0.004591,4855,248952,0.028614,8700223
1,2021-01-18,14405,303268,8643,171980,5762,131288,0,0,11191,217063,0.024949,3199,43138,0.004958,11249,260201,0.029907,8700223
1,2021-01-19,24853,328121,12950,184930,11903,143191,0,0,19557,231404,0.026597,5272,48410,0.005564,19613,279814,0.032162,8700223
1,2021-01-20,29528,357649,14793,199723,14735,157926,0,0,23551,249105,0.028632,5894,54304,0.006242,23595,303409,0.034874,8700223
1,2021-01-21,31419,389068,14809,214532,16610,174536,0,0,28024,273908,0.031483,3326,57630,0.006624,28129,331538,0.038107,8700223
1,2021-01-22,28489,417557,11323,225855,17166,191702,0,0,26379,298277,0.034284,2040,59670,0.006858,26409,357947,0.041142,8700223
1,2021-01-23,18736,436293,8203,234058,10533,202235,0,0,16772,313123,0.03599,1937,61607,0.007081,16783,374730,0.043071,8700223
1,2021-01-24,6683,442976,4173,238231,2510,204745,0,0,6021,318493,0.036607,656,62263,0.007156,6026,380756,0.043764,8700223
1,2021-01-25,25606,468582,10566,248797,15040,219785,0,0,19746,332541,0.038222,5811,68074,0.007824,19859,400615,0.046047,8700223
1,2021-01-26,28950,497532,13569,262366,15381,235166,0,0,22145,347971,0.039996,6742,74816,0.008599,22172,422787,0.048595,8700223
1,2021-01-27,32806,530338,15613,277979,17193,252359,0,0,24565,364453,0.04189,8172,82988,0.009539,24654,447441,0.051429,8700223
1,2021-01-28,35071,565409,16496,294475,18575,270934,0,0,27986,385553,0.044315,7014,90002,0.010345,28114,475555,0.05466,8700223
1,2021-01-29,33853,599262,16535,311010,17318,288252,0,0,27126,406197,0.046688,6580,96582,0.011101,27224,502779,0.057789,8700223
1,2021-01-30,20227,619489,8750,319760,11477,299729,0,0,17994,422076,0.048513,2201,98783,0.011354,18080,520859,0.059867,8700223
1,2021-01-31,7721,627210,5017,324777,2704,302433,0,0,6998,428362,0.049236,715,99498,0.011436,7001,527860,0.060672,8700223
1,2021-02-01,29195,656405,12590,337367,16605,319038,0,0,21298,441826,0.050783,7844,107342,0.012338,21308,549168,0.063121,8700223
1,2021-02-02,32883,689288,11876,349243,21007,340045,0,0,24546,458162,0.052661,8249,115591,0.013286,24585,573753,0.065947,8700223
1,2021-02-03,39788,729076,15298,364541,24490,364535,0,0,28535,475716,0.054679,11081,126672,0.01456,28635,602388,0.069238,8700223
1,2021-02-04,44224,773300,17230,381771,26994,391529,0,0,31777,495288,0.056928,12320,138992,0.015976,31892,634280,0.072904,8700223
1,2021-02-05,47078,820378,17202,398973,29876,421405,0,0,30714,509908,0.058609,16212,155204,0.017839,30832,665112,0.076448,8700223
1,2021-02-06,26669,847047,10551,409524,16118,437523,0,0,20679,524718,0.060311,5943,161147,0.018522,20753,685865,0.078833,8700223
1,2021-02-07,6312,853359,4058,413582,2254,439777,0,0,4653,527753,0.06066,1637,162784,0.01871,4672,690537,0.07937,8700223
1,2021-02-08,31779,885138,14491,428073,17288,457065,0,0,21140,538455,0.06189,10540,173324,0.019922,21242,711779,0.081812,8700223
1,2021-02-09,38708,923846,17071,445144,21637,478702,0,0,23796,547487,0.062928,14878,188202,0.021632,23910,735689,0.08456,8700223
1,2021-02-10,47528,971374,22223,467367,25305,504007,0,0,26983,554160,0.063695,20407,208609,0.023977,27080,762769,0.087672,8700223
1,2021-02-11,52195,1023569,25536,492903,26659,530666,0,0,31026,564456,0.064878,20853,229462,0.026374,31149,793918,0.091253,8700223
1,2021-02-12,50273,1073842,21626,514529,28647,559313,0,0,28816,572127,0.06576,21291,250753,0.028821,28962,822880,0.094581,8700223
1,2021-02-13,26542,1100384,11549,526078,14993,574306,0,0,15324,576383,0.066249,11147,261900,0.030103,15403,838283,0.096352,8700223
1,2021-02-14,11821,1112205,5589,531667,6232,580538,0,0,6714,578089,0.066445,5077,266977,0.030686,6783,845066,0.097132,8700223
1,2021-02-15,24047,1136252,9445,541112,14602,595140,0,0,14612,583509,0.067068,9309,276286,0.031756,14729,859795,0.098824,8700223
1,2021-02-16,47269,1183521,22549,563661,24720,619860,0,0,27474,591403,0.067976,19702,295988,0.034021,27596,887391,0.101996,8700223
1,2021-02-17,48633,1232154,24640,588301,23993,643853,0,0,26129,595341,0.068428,22344,318332,0.036589,26282,913673,0.105017,8700223
1,2021-02-18,51304,1283458,25670,613971,25634,669487,0,0,26503,597541,0.068681,24548,342880,0.03941,26748,940421,0.108092,8700223
1,2021-02-19,46799,1330257,25366,639337,21433,690920,0,0,26151,603277,0.06934,20479,363359,0.041764,26215,966636,0.111105,8700223
1,2021-02-20,27861,1358118,16920,656257,10941,701861,0,0,15868,607308,0.069804,11922,375281,0.043135,15953,982589,0.112938,8700223
1,2021-02-21,12462,1370580,10704,666961,1758,703619,0,0,7474,609911,0.070103,4924,380205,0.043701,7527,990116,0.113804,8700223
1,2021-02-22,31793,1402373,20877,687838,10916,714535,0,0,18261,614853,0.070671,13428,393633,0.045244,18370,1008486,0.115915,8700223
1,2021-02-23,46016,1448389,22365,710203,23651,738186,0,0,25238,619984,0.071261,20476,414109,0.047598,25607,1034093,0.118858,8700223
1,2021-02-24,56062,1504451,27111,737314,28951,767137,0,0,30818,626268,0.071983,24992,439101,0.05047,31276,1065369,0.122453,8700223
1,2021-02-25,68683,1573134,33358,770672,35325,802462,0,0,42449,643221,0.073932,25998,465099,0.053458,42951,1108320,0.12739,8700223
1,2021-02-26,76778,1649912,35946,806618,40832,843294,0,0,50107,667456,0.076717,26357,491456,0.056488,50592,1158912,0.133205,8700223
1,2021-02-27,52860,1702772,24279,830897,28570,871864,11,11,34653,684400,0.078665,17991,509447,0.058556,34935,1193847,0.13722,8700223
1,2021-02-28,20310,1723082,12059,842956,8249,880113,2,13,14854,694037,0.079772,5363,514810,0.059172,15000,1208847,0.138944,8700223
1,2021-03-01,46396,1769478,21455,864411,24878,904991,63,76,29778,707710,0.081344,16418,531228,0.061059,30091,1238938,0.142403,8700223
1,2021-03-02,64997,1834475,28104,892515,36881,941872,12,88,41333,726232,0.083473,23472,554700,0.063757,41994,1280932,0.14723,8700223
1,2021-03-03,72313,1906788,34423,926938,37859,979731,31,119,43929,742656,0.085361,28151,582851,0.066993,44575,1325507,0.152353,8700223
1,2021-03-04,80280,1987068,37670,964608,42572,1022303,38,157,51443,766076,0.088052,28580,611431,0.070278,52000,1377507,0.15833,8700223
1,2021-03-05,79307,2066375,35740,1000348,43359,1065662,208,365,52833,793603,0.091216,26164,637595,0.073285,53691,1431198,0.164501,8700223
1,2021-03-06,58104,2124479,27633,1027981,29121,1094783,1350,1715,39306,815971,0.093787,18650,656245,0.075429,41018,1472216,0.169216,8700223
1,2021-03-07,21036,2145515,13065,1041046,6773,1101556,1198,2913,15554,827514,0.095114,5454,661699,0.076055,16997,1489213,0.17117,8700223
1,2021-03-08,46196,2191711,22555,1063601,21681,1123237,1960,4873,32336,848396,0.097514,13745,675444,0.077635,34627,1523840,0.17515,8700223
1,2021-03-09,67065,2258776,32490,1096091,32059,1155296,2516,7389,41268,866893,0.09964,25615,701059,0.080579,44112,1567952,0.18022,8700223
1,2021-03-10,74315,2333091,37017,1133108,32793,1188089,4505,11894,45733,889041,0.102186,28441,729500,0.083848,50589,1618541,0.186034,8700223
1,2021-03-11,90498,2423589,41636,1174744,40836,1228925,8026,19920,52646,912552,0.104888,37596,767096,0.08817,61107,1679648,0.193058,8700223
1,2021-03-12,99385,2522974,43792,1218536,43132,1272057,12461,32381,57954,942192,0.108295,41190,808286,0.092904,70830,1750478,0.201199,8700223
1,2021-03-13,65491,2588465,29586,1248122,28197,1300254,7708,40089,41694,968230,0.111288,23651,831937,0.095622,49689,1800167,0.20691,8700223
1,2021-03-14,27970,2616435,14969,1263091,9436,1309690,3565,43654,15659,975400,0.112112,12231,844168,0.097028,19401,1819568,0.20914,8700223
1,2021-03-15,65412,2681847,28851,1291942,29806,1339496,6755,50409,38448,994203,0.114273,26733,870901,0.100101,45536,1865104,0.214374,8700223
1,2021-03-16,86018,2767865,39214,1331156,41133,1380629,5671,56080,53250,1020927,0.117345,32531,903432,0.10384,59255,1924359,0.221185,8700223
1,2021-03-17,93442,2861307,45624,1376780,41269,1421898,6549,62629,60058,1054750,0.121233,33124,936556,0.107647,66947,1991306,0.22888,8700223
1,2021-03-18,99114,2960421,51119,1427899,42273,1464171,5722,68351,59886,1081985,0.124363,38850,975406,0.112113,66085,2057391,0.236476,8700223
1,2021-03-19,104035,3064456,53857,1481756,43867,1508038,6311,74662,60678,1106445,0.127174,43035,1018441,0.117059,67495,2124886,0.244234,8700223
1,2021-03-20,72986,3137442,37396,1519152,30374,1538412,5216,79878,46869,1132880,0.130213,25917,1044358,0.120038,52352,2177238,0.250251,8700223
1,2021-03-21,27433,3164875,19090,1538242,6534,1544946,1809,81687,17069,1141582,0.131213,10262,1054620,0.121218,18964,2196202,0.252431,8700223
1,2021-03-22,59428,3224303,30680,1568922,25441,1570387,3307,84994,39920,1165900,0.134008,19273,1073893,0.123433,43591,2239793,0.257441,8700223
1,2021-03-23,83704,3308007,42634,1611556,37430,1607817,3640,88634,51295,1189149,0.13668,32132,1106025,0.127126,55381,2295174,0.263806,8700223
1,2021-03-24,88631,3396638,44840,1656396,39415,1647232,4376,93010,52751,1210868,0.139177,35561,1141586,0.131213,57280,2352454,0.27039,8700223
1,2021-03-25,97539,3494177,49915,1706311,41771,1689003,5853,98863,53939,1227610,0.141101,43250,1184836,0.136185,59992,2412446,0.277286,8700223
1,2021-03-26,105832,3600009,51399,1757710,48102,1737105,6331,105194,56697,1242183,0.142776,48745,1233581,0.141787,63318,2475764,0.284563,8700223
1,2021-03-27,74637,3674646,38553,1796263,31866,1768971,4218,109412,38338,1248872,0.143545,36057,1269638,0.145932,42746,2518510,0.289476,8700223
1,2021-03-28,32880,3707526,21501,1817764,10150,1779121,1229,110641,16436,1250661,0.14375,16325,1285963,0.147808,18114,2536624,0.291559,8700223
1,2021-03-29,68800,3776326,33891,1851655,31737,1810858,3172,113813,37895,1261275,0.14497,30662,1316625,0.151332,41276,2577900,0.296303,8700223
1,2021-03-30,93686,3870012,45803,1897458,41469,1852327,6414,120227,48089,1270489,0.146029,45355,1361980,0.156545,54569,2632469,0.302575,8700223
1,2021-03-31,102266,3972278,53242,1950700,42769,1895096,6255,126482,55991,1286853,0.14791,45923,1407903,0.161824,62287,2694756,0.309734,8700223
1,2021-04-01,113894,4086172,54387,2005087,50668,1945764,8839,135321,57788,1297901,0.14918,55601,1463504,0.168215,66649,2761405,0.317395,8700223
1,2021-04-02,113022,4199194,51449,2056536,51808,1997572,9765,145086,57330,1309953,0.150565,55232,1518736,0.174563,67284,2828689,0.325128,8700223
1,2021-04-03,78876,4278070,39666,2096202,29495,2027067,9715,154801,37020,1315078,0.151155,41654,1560390,0.179351,46779,2875468,0.330505,8700223
1,2021-04-04,23852,4301922,11866,2108068,8499,2035566,3487,158288,9935,1314647,0.151105,13839,1574229,0.180941,13408,2888876,0.332046,8700223
1,2021-04-05,77877,4379799,37086,2145154,31361,2066927,9430,167718,35045,1316658,0.151336,42600,1616829,0.185838,44611,2933487,0.337174,8700223
1,2021-04-06,105052,4484851,49765,2194919,38559,2105486,16728,184446,47538,1323730,0.152149,57186,1674015,0.192411,64258,2997745,0.34456,8700223
1,2021-04-07,113119,4597970,54851,2249770,40568,2146054,17700,202146,51003,1330631,0.152942,61779,1735794,0.199511,68680,3066425,0.352454,8700223
1,2021-04-08,123471,4721441,58433,2308203,43893,2189947,21145,223291,54611,1337983,0.153787,68414,1804208,0.207375,75766,3142191,0.361162,8700223
1,2021-04-09,124617,4846058,56801,2365004,46865,2236812,20951,244242,54713,1344128,0.154494,69515,1873723,0.215365,75660,3217851,0.369858,8700223
1,2021-04-10,97517,4943575,43495,2408499,30952,2267764,23070,267312,38617,1347067,0.154831,58658,1932381,0.222107,61597,3279448,0.376938,8700223
1,2021-04-11,36787,4980362,20428,2428927,9457,2277221,6902,274214,14871,1347091,0.154834,21840,1954221,0.224617,21864,3301312,0.379451,8700223
1,2021-04-12,75293,5055655,33662,2462589,31549,2308770,10082,284296,32018,1346353,0.154749,42959,1997180,0.229555,42221,3343533,0.384304,8700223
1,2021-04-13,98512,5154167,52644,2515233,45522,2354292,346,284642,53199,1355258,0.155773,44988,2042168,0.234726,53893,3397426,0.390499,8700223
1,2021-04-14,105505,5259672,54663,2569896,50762,2405054,80,284722,53573,1357754,0.15606,51528,2093696,0.240649,54024,3451450,0.396708,8700223
1,2021-04-15,106285,5365957,57764,2627660,48428,2453482,93,284815,56328,1365010,0.156894,49341,2143037,0.24632,56597,3508047,0.403213,8700223
1,2021-04-16,111362,5477319,57037,2684697,54234,2507716,91,284906,55618,1365736,0.156977,55174,2198211,0.252661,55900,3563947,0.409639,8700223
1,2021-04-17,83694,5561013,45483,2730180,38199,2545915,12,284918,46677,1375839,0.158138,36751,2234962,0.256886,46854,3610801,0.415024,8700223
1,2021-04-18,30613,5591626,20720,2750900,9886,2555801,7,284925,15311,1376161,0.158175,15205,2250167,0.258633,15527,3626328,0.416809,8700223
1,2021-04-19,67370,5658996,34102,2785002,33255,2589056,13,284938,30353,1370028,0.15747,36630,2286797,0.262843,30497,3656825,0.420314,8700223
1,2021-04-20,88629,5747625,44593,2829595,44011,2633067,25,284963,41289,1364591,0.156846,46952,2333749,0.26824,41515,3698340,0.425086,8700223
1,2021-04-21,98036,5845661,51114,2880709,46819,2679886,103,285066,43695,1354897,0.155731,53736,2387485,0.274417,44042,3742382,0.430148,8700223
1,2021-04-22,97944,5943605,51229,2931938,46696,2726582,19,285085,44805,1347346,0.154863,52596,2440081,0.280462,45045,3787427,0.435325,8700223
1,2021-04-23,102989,6046594,53196,2985134,49764,2776346,29,285114,48874,1342931,0.154356,53558,2493639,0.286618,49143,3836570,0.440974,8700223
1,2021-04-24,76953,6123547,47725,3032859,29201,2805547,27,285141,43299,1353040,0.155518,33479,2527118,0.290466,43588,3880158,0.445984,8700223
1,2021-04-25,27441,6150988,17468,3050327,9957,2815504,16,285157,15628,1357146,0.15599,11681,2538799,0.291808,15787,3895945,0.447798,8700223
1,2021-04-26,66683,6217671,35005,3085332,31271,2846775,407,285564,31448,1354433,0.155678,34904,2573703,0.29582,32191,3928136,0.451498,8700223
1,2021-04-27,82047,6299718,43633,3128965,37107,2883882,1307,286871,35396,1345142,0.15461,46334,2620037,0.301146,37043,3965179,0.455756,8700223
1,2021-04-28,81861,6381579,43578,3172543,36765,2920647,1518,288389,35772,1336949,0.153668,45707,2665744,0.3064,37514,4002693,0.460068,8700223
1,2021-04-29,85363,6466942,46991,3219534,36739,2957386,1633,290022,34705,1323198,0.152088,50255,2715999,0.312176,36504,4039197,0.464264,8700223
1,2021-04-30,92962,6559904,50323,3269857,40742,2998128,1897,291919,38611,1309884,0.150558,53980,2769979,0.31838,40666,4079863,0.468938,8700223
1,2021-05-01,64112,6624016,41342,3311199,21334,3019462,1436,293355,26992,1301688,0.149615,36835,2806814,0.322614,28639,4108502,0.47223,8700223
1,2021-05-02,23571,6647587,16696,3327895,6291,3025753,584,293939,9475,1297795,0.149168,13979,2820793,0.324221,10086,4118588,0.473389,8700223
1,2021-05-03,56584,6704171,31381,3359276,23346,3049099,1857,295796,20485,1284365,0.147624,35823,2856616,0.328338,22393,4140981,0.475963,8700223
1,2021-05-04,76172,6780343,43907,3403183,30163,3079262,2102,297898,27244,1265187,0.14542,48601,2905217,0.333924,29423,4170404,0.479344,8700223
1,2021-05-05,78582,6858925,45568,3448751,30705,3109967,2309,300207,26541,1242457,0.142807,51659,2956876,0.339862,28929,4199333,0.48267,8700223
1,2021-05-06,80117,6939042,48667,3497418,29265,3139232,2185,302392,24895,1214894,0.139639,54797,3011673,0.34616,27234,4226567,0.4858,8700223
1,2021-05-07,83718,7022760,47643,3545061,33874,3173106,2201,304593,27804,1189535,0.136725,55428,3067101,0.352531,30069,4256636,0.489256,8700223
1,2021-05-08,57642,7080402,36195,3581256,19791,3192897,1656,306249,19540,1173072,0.134832,37743,3104844,0.356869,21280,4277916,0.491702,8700223
1,2021-05-09,18374,7098776,13189,3594445,4707,3197604,478,306727,5568,1166432,0.134069,12720,3117564,0.358332,6080,4283996,0.492401,8700223
1,2021-05-10,44473,7143249,22511,3616956,20127,3217731,1835,308562,14835,1153861,0.132624,29331,3146895,0.361703,16760,4300756,0.494327,8700223
1,2021-05-11,63023,7206272,34275,3651231,26580,3244311,2168,310730,20689,1134800,0.130433,42026,3188921,0.366533,22965,4323721,0.496967,8700223
1,2021-05-12,63172,7269444,33581,3684812,27519,3271830,2072,312802,20733,1115580,0.128224,42086,3231007,0.371371,22866,4346587,0.499595,8700223
1,2021-05-13,67453,7336897,39589,3724401,25873,3297703,1991,314793,25675,1102159,0.126682,41370,3272377,0.376126,27949,4374536,0.502807,8700223
1,2021-05-14,77035,7413932,46448,3770849,28176,3325879,2411,317204,31082,1090409,0.125331,45521,3317898,0.381358,33771,4408307,0.506689,8700223
1,2021-05-15,66970,7480902,43977,3814826,21222,3347101,1771,318975,26658,1078935,0.124012,39971,3357869,0.385952,28497,4436804,0.509964,8700223
1,2021-05-16,25140,7506042,18534,3833360,5984,3353085,622,319597,10245,1075081,0.123569,14767,3372636,0.387649,10913,4447717,0.511219,8700223
1,2021-05-17,54550,7560592,33314,3866674,19451,3372536,1785,321382,23082,1068821,0.12285,31181,3403817,0.391233,24921,4472638,0.514083,8700223
1,2021-05-18,65428,7626020,39407,3906081,24178,3396714,1843,323225,28346,1062321,0.122103,36778,3440595,0.395461,30278,4502916,0.517563,8700223
1,2021-05-19,66768,7692788,40672,3946753,24153,3420867,1943,325168,29857,1057598,0.12156,36597,3477192,0.399667,31874,4534790,0.521227,8700223
1,2021-05-20,65095,7757883,37790,3984543,25068,3445935,2237,327405,26757,1048821,0.120551,37968,3515160,0.404031,29191,4563981,0.524582,8700223
1,2021-05-21,70773,7828656,42335,4026878,26558,3472493,1880,329285,29163,1038776,0.119396,41180,3556340,0.408764,31135,4595116,0.528161,8700223
1,2021-05-22,56615,7885271,37253,4064131,17630,3490123,1732,331017,24605,1033494,0.118789,31711,3588051,0.412409,26429,4621545,0.531198,8700223
1,2021-05-23,20566,7905837,14383,4078514,5596,3495719,587,331604,9530,1032713,0.1187,10923,3598974,0.413665,10142,4631687,0.532364,8700223
1,2021-05-24,44338,7950175,24747,4103261,17738,3513457,1853,333457,17945,1026476,0.117983,26114,3625088,0.416666,19877,4651564,0.534649,8700223
1,2021-05-25,51616,8001791,29759,4133020,20131,3533588,1726,335183,21450,1019911,0.117228,29832,3654920,0.420095,23267,4674831,0.537323,8700223
1,2021-05-26,48956,8050747,27749,4160769,19292,3552880,1915,337098,20762,1014758,0.116636,27868,3682788,0.423298,22715,4697546,0.539934,8700223
1,2021-05-27,47519,8098266,26695,4187464,18901,3571781,1923,339021,20363,1010311,0.116125,26844,3709632,0.426384,22397,4719943,0.542508,8700223
1,2021-05-28,53283,8151549,29777,4217241,21651,3593432,1855,340876,23884,1007138,0.11576,29037,3738669,0.429721,25864,4745807,0.545481,8700223
1,2021-05-29,30935,8182484,18741,4235982,11215,3604647,979,341855,14689,1006786,0.11572,16074,3754743,0.431569,15722,4761529,0.547288,8700223
1,2021-05-30,11736,8194220,7586,4243568,3590,3608237,560,342415,5530,1006771,0.115718,6130,3760873,0.432273,6115,4767644,0.547991,8700223
1,2021-05-31,5826,8200046,3315,4246883,2250,3610487,261,342676,2039,1005362,0.115556,3720,3764593,0.432701,2311,4769955,0.548257,8700223
1,2021-06-01,46508,8246554,26352,4273235,18568,3629055,1588,344264,17631,996149,0.114497,28493,3793086,0.435976,19280,4789235,0.550473,8700223
1,2021-06-02,40586,8287140,23591,4296826,15477,3644532,1518,345782,16402,990293,0.113824,23856,3816942,0.438718,18000,4807235,0.552542,8700223
1,2021-06-03,42032,8329172,26354,4323180,13939,3658471,1739,347521,16074,982544,0.112933,25636,3842578,0.441664,17887,4825122,0.554598,8700223
1,2021-06-04,50899,8380071,32606,4355786,16468,3674939,1825,349346,18265,970469,0.111545,32243,3874821,0.44537,20168,4845290,0.556916,8700223
1,2021-06-05,40731,8420802,27797,4383583,10913,3685852,2021,351367,14267,960574,0.110408,26235,3901056,0.448386,16340,4861630,0.558794,8700223
1,2021-06-06,13261,8434063,10619,4394202,2126,3687978,516,351883,4570,957120,0.110011,8601,3909657,0.449374,5147,4866777,0.559385,8700223
1,2021-06-07,34368,8468431,23714,4417916,9278,3697256,1376,353259,12302,949021,0.10908,21831,3931488,0.451884,13732,4880509,0.560964,8700223
1,2021-06-08,42499,8510930,29408,4447324,11427,3708683,1664,354923,14800,938171,0.107833,27403,3958891,0.455033,16553,4897062,0.562866,8700223
1,2021-06-09,42414,8553344,29411,4476735,11348,3720031,1655,356578,13809,925414,0.106367,28279,3987170,0.458284,15522,4912584,0.56465,8700223
1,2021-06-10,39384,8592728,26516,4503251,11151,3731182,1717,358295,13431,914980,0.105167,25682,4012852,0.461236,15248,4927832,0.566403,8700223
1,2021-06-11,44654,8637382,29637,4532888,13312,3744494,1705,360000,15930,904298,0.10394,28396,4041248,0.464499,17714,4945546,0.568439,8700223
1,2021-06-12,34100,8671482,24655,4557543,8223,3752717,1222,361222,11192,894096,0.102767,22683,4063931,0.467107,12481,4958027,0.569874,8700223
1,2021-06-13,11709,8683191,8517,4566060,2710,3755427,482,361704,3414,889806,0.102274,8219,4072150,0.468051,3929,4961956,0.570325,8700223
1,2021-06-14,31404,8714595,21175,4587235,8891,3764318,1338,363042,11726,883438,0.101542,19461,4091611,0.470288,13093,4975049,0.57183,8700223
1,2021-06-15,37896,8752491,24862,4612097,11160,3775478,1874,364916,14098,876007,0.100688,23491,4115102,0.472988,16060,4991109,0.573676,8700223
1,2021-06-16,36030,8788521,24377,4636474,9799,3785277,1854,366770,13601,869389,0.099927,22130,4137232,0.475532,15512,5006621,0.575459,8700223
1,2021-06-17,34001,8822522,22486,4658960,9542,3794819,1973,368743,13284,864279,0.09934,20451,4157683,0.477882,15341,5021962,0.577222,8700223
1,2021-06-18,39928,8862450,25943,4684903,11116,3805935,2869,371612,15457,858484,0.098674,24173,4181856,0.480661,18378,5040340,0.579335,8700223
1,2021-06-19,24121,8886571,16740,4701643,6178,3812113,1203,372815,9802,855385,0.098318,14143,4195999,0.482286,11044,5051384,0.580604,8700223
1,2021-06-20,8173,8894744,5988,4707631,1908,3814021,277,373092,3235,854042,0.098163,4865,4200864,0.482846,3522,5054906,0.581009,8700223
1,2021-06-21,21090,8915834,11936,4719567,6957,3820978,2197,375289,10978,857277,0.098535,9988,4210852,0.483994,13223,5068129,0.582529,8700223
1,2021-06-22,31021,8946855,20248,4739815,8611,3829589,2162,377451,12948,854603,0.098228,17847,4228699,0.486045,15173,5083302,0.584273,8700223
1,2021-06-23,29555,8976410,19853,4759668,7871,3837460,1831,379282,12851,852834,0.098024,16476,4245175,0.487939,14707,5098009,0.585963,8700223
1,2021-06-24,28644,9005054,19092,4778760,7871,3845331,1681,380963,12130,850410,0.097746,16301,4261476,0.489812,13877,5111886,0.587558,8700223
1,2021-06-25,32012,9037066,21664,4800424,8924,3854255,1424,382387,14021,848174,0.097489,17736,4279212,0.491851,15500,5127386,0.58934,8700223
1,2021-06-26,22673,9059739,16840,4817264,4988,3859243,845,383232,9892,846311,0.097275,12648,4291860,0.493305,10785,5138171,0.590579,8700223
1,2021-06-27,9293,9069032,6926,4824190,1928,3861171,439,383671,4114,845776,0.097213,5104,4296964,0.493891,4569,5142740,0.591104,8700223
1,2021-06-28,21472,9090504,15958,4840148,4250,3865421,1264,384935,9949,845722,0.097207,11312,4308276,0.495191,11258,5153998,0.592398,8700223
1,2021-06-29,27263,9117767,18679,4858827,7183,3872604,1401,386336,12087,844288,0.097042,14980,4323256,0.496913,13546,5167544,0.593955,8700223
1,2021-06-30,26595,9144362,18434,4877261,7089,3879693,1072,387408,12706,844479,0.097064,13660,4336916,0.498483,13851,5181395,0.595547,8700223
1,2021-07-01,24328,9168690,16918,4894179,6098,3885791,1312,388720,11298,844309,0.097045,12854,4349770,0.499961,12684,5194079,0.597005,8700223
1,2021-07-02,27146,9195836,18667,4912846,7420,3893211,1059,389779,12725,843966,0.097005,14207,4363977,0.501594,13864,5207943,0.598599,8700223
1,2021-07-03,15051,9210887,10514,4923360,4079,3897290,458,390237,7204,843959,0.097004,7703,4371680,0.502479,7696,5215639,0.599483,8700223
1,2021-07-04,1297,9212184,730,4924090,499,3897789,68,390305,630,844006,0.09701,656,4372336,0.502554,703,5216342,0.599564,8700223
1,2021-07-05,11252,9223436,7800,4931890,3086,3900875,366,390671,5342,843929,0.097001,5833,4378169,0.503225,5756,5222098,0.600226,8700223
1,2021-07-06,27865,9251301,19701,4951591,7006,3907881,1158,391829,11153,839834,0.09653,16506,4394675,0.505122,12411,5234509,0.601652,8700223
1,2021-07-07,24179,9275480,16924,4968515,6083,3913964,1172,393001,10399,837902,0.096308,13587,4408262,0.506684,11655,5246164,0.602992,8700223
1,2021-07-08,23221,9298701,16098,4984613,6022,3919986,1101,394102,9980,836034,0.096093,13036,4421298,0.508182,11168,5257332,0.604276,8700223
1,2021-07-09,27388,9326089,19378,5003991,6835,3926821,1175,395277,12365,834791,0.095951,14838,4436136,0.509888,13595,5270927,0.605838,8700223
1,2021-07-10,18095,9344184,13051,5017042,4270,3931091,774,396051,8059,833766,0.095833,9904,4446040,0.511026,8879,5279806,0.606859,8700223
1,2021-07-11,6816,9351000,4987,5022029,1622,3932713,207,396258,3293,833813,0.095838,3471,4449511,0.511425,3518,5283324,0.607263,8700223
1,2021-07-12,20472,9371472,14719,5036748,4849,3937562,904,397162,9086,832657,0.095705,11238,4460749,0.512717,10082,5293406,0.608422,8700223
1,2021-07-13,22703,9394175,15844,5052592,6035,3943597,824,397986,10629,832278,0.095662,11918,4472667,0.514086,11539,5304945,0.609748,8700223
1,2021-07-14,22659,9416834,15570,5068162,6098,3949695,991,398977,10216,831315,0.095551,12279,4484946,0.515498,11316,5316261,0.611049,8700223
1,2021-07-15,22033,9438867,15616,5083778,5681,3955376,736,399713,10665,831601,0.095584,11220,4496166,0.516787,11506,5327767,0.612371,8700223
1,2021-07-16,27139,9466006,18970,5102748,7159,3962535,1010,400723,13454,832637,0.095703,13513,4509679,0.518341,14549,5342316,0.614044,8700223
1,2021-07-17,18842,9484848,13616,5116364,4520,3967055,706,401429,9278,833229,0.095771,9428,4519107,0.519424,10020,5352336,0.615195,8700223
1,2021-07-18,7513,9492361,5548,5121912,1679,3968734,286,401715,3839,833755,0.095831,3615,4522722,0.51984,4141,5356477,0.615671,8700223
1,2021-07-19,21048,9513409,15240,5137152,4971,3973705,837,402552,10554,834887,0.095962,10354,4533076,0.52103,11486,5367963,0.616991,8700223
1,2021-07-20,25104,9538513,17357,5154509,6857,3980562,890,403442,12906,836764,0.096177,12010,4545086,0.52241,13887,5381850,0.618588,8700223
1,2021-07-21,25466,9563979,17885,5172394,6364,3986926,1217,404659,13015,838825,0.096414,12287,4557373,0.523823,14348,5396198,0.620237,8700223
1,2021-07-22,24540,9588519,17357,5189751,6338,3993264,845,405504,13364,842138,0.096795,10987,4568360,0.525085,14300,5410498,0.62188,8700223
1,2021-07-23,29300,9617819,20726,5210477,7548,4000812,1026,406530,16337,846810,0.097332,12756,4581116,0.526552,17428,5427926,0.623884,8700223
1,2021-07-24,18210,9636029,12855,5223332,4786,4005598,569,407099,10709,850733,0.097783,7380,4588496,0.5274,11303,5439229,0.625183,8700223
1,2021-07-25,7538,9643567,5423,5228755,1998,4007596,117,407216,5619,854613,0.098229,1876,4590372,0.527615,5756,5444985,0.625844,8700223
1,2021-07-26,21655,9665222,14980,5243735,5911,4013507,764,407980,14006,861943,0.099071,7511,4597883,0.528479,14841,5459826,0.62755,8700223
1,2021-07-27,27198,9692420,19431,5263166,6824,4020331,943,408923,16021,867958,0.099763,11002,4608885,0.529743,17017,5476843,0.629506,8700223
1,2021-07-28,28176,9720596,19985,5283151,7313,4027644,878,409801,17283,875483,0.100628,10707,4619592,0.530974,18232,5495075,0.631602,8700223
1,2021-07-29,26804,9747400,19015,5302166,6991,4034635,798,410599,16764,883244,0.10152,9863,4629455,0.532108,17624,5512699,0.633627,8700223
1,2021-07-30,31323,9778723,22408,5324574,8010,4042645,905,411504,19165,891406,0.102458,11946,4641401,0.533481,20108,5532807,0.635939,8700223
1,2021-07-31,20006,9798729,14521,5339095,4943,4047588,542,412046,12441,897011,0.103102,7402,4648803,0.534331,13007,5545814,0.637434,8700223
1,2021-08-01,8890,9807619,6700,5345795,2063,4049651,127,412173,6091,900507,0.103504,2750,4651553,0.534648,6246,5552060,0.638151,8700223
1,2021-08-02,24983,9832602,18601,5364396,5670,4055321,712,412885,16253,908954,0.104475,8568,4660121,0.535632,17015,5569075,0.640107,8700223
1,2021-08-03,28869,9861471,20920,5385316,7012,4062333,937,413822,18128,917501,0.105457,10551,4670672,0.536845,19098,5588173,0.642302,8700223
1,2021-08-04,27717,9889188,20151,5405467,6686,4069019,880,414702,17622,926162,0.106453,9888,4680560,0.537982,18549,5606722,0.644434,8700223
1,2021-08-05,27513,9916701,20187,5425654,6420,4075439,906,415608,17365,934511,0.107412,9944,4690504,0.539125,18293,5625015,0.646537,8700223
1,2021-08-06,33929,9950630,25009,5450663,7944,4083383,976,416584,21190,944220,0.108528,12501,4703005,0.540561,22210,5647225,0.64909,8700223
1,2021-08-07,21762,9972392,16318,5466981,4876,4088259,568,417152,13551,950272,0.109224,8081,4711086,0.54149,14133,5661358,0.650714,8700223
1,2021-08-08,10522,9982914,7685,5474666,2636,4090895,201,417353,6843,953716,0.10962,3609,4714695,0.541905,7053,5668411,0.651525,8700223
1,2021-08-09,27859,10010773,20866,5495532,6179,4097074,814,418167,17213,961325,0.110494,10452,4725147,0.543106,18061,5686472,0.653601,8700223
1,2021-08-10,29325,10040098,21559,5517091,6896,4103970,870,419037,17469,968073,0.11127,11645,4736792,0.544445,18393,5704865,0.655715,8700223
1,2021-08-11,27039,10067137,19903,5536994,6219,4110189,917,419954,15943,974075,0.11196,10884,4747676,0.545696,16886,5721751,0.657656,8700223
1,2021-08-12,28743,10095880,20659,5557653,7038,4117227,1046,421000,17169,981028,0.112759,11285,4758961,0.546993,18238,5739989,0.659752,8700223
1,2021-08-13,36032,10131912,26183,5583836,8801,4126028,1048,422048,20970,988337,0.113599,14755,4773716,0.548689,22064,5762053,0.662288,8700223
1,2021-08-14,23906,10155818,18154,5601990,5196,4131224,556,422604,13680,992818,0.114114,9773,4783489,0.549812,14254,5776307,0.663926,8700223
1,2021-08-15,10548,10166366,7779,5609769,2613,4133837,156,422760,6099,994950,0.114359,4145,4787634,0.550289,6277,5782584,0.664648,8700223
1,2021-08-16,29066,10195432,20627,5630396,7648,4141485,791,423551,16039,999661,0.114901,12150,4799784,0.551685,16861,5799445,0.666586,8700223
1,2021-08-17,31563,10226995,22375,5652771,8275,4149760,913,424464,16620,1003226,0.11531,14008,4813792,0.553295,17573,5817018,0.668606,8700223
1,2021-08-18,31525,10258520,22597,5675368,8040,4157800,888,425352,16018,1005862,0.115613,14317,4828109,0.554941,16953,5833971,0.670554,8700223
1,2021-08-19,30768,10289288,21932,5697300,7831,4165631,1005,426357,15725,1008830,0.115954,13799,4841908,0.556527,16767,5850738,0.672481,8700223
1,2021-08-20,37855,10327143,27506,5724806,9411,4175042,938,427295,19217,1011922,0.11631,17095,4859003,0.558492,20187,5870925,0.674802,8700223
1,2021-08-21,22964,10350107,17170,5741976,5231,4180273,563,427858,11253,1012783,0.116409,10969,4869972,0.559753,11830,5882755,0.676161,8700223
1,2021-08-22,11863,10361970,8686,5750662,2975,4183248,202,428060,5976,1013476,0.116489,5499,4875471,0.560385,6192,5888947,0.676873,8700223
1,2021-08-23,30839,10392809,22873,5773535,7236,4190484,730,428790,14908,1014354,0.116589,14823,4890294,0.562088,15701,5904648,0.678678,8700223
1,2021-08-24,31496,10424305,23869,5797404,6805,4197289,822,429612,14946,1014816,0.116643,15370,4905664,0.563855,15832,5920480,0.680497,8700223
1,2021-08-25,30986,10455291,23509,5820913,6754,4204043,723,430335,14485,1014766,0.116637,15309,4920973,0.565615,15259,5935739,0.682251,8700223
1,2021-08-26,30659,10485950,22849,5843762,6937,4210980,873,431208,14497,1015411,0.116711,14768,4935741,0.567312,15413,5951152,0.684023,8700223
1,2021-08-27,37318,10523268,28649,5872411,7924,4218904,745,431953,17013,1014565,0.116614,18679,4954420,0.569459,17833,5968985,0.686073,8700223
1,2021-08-28,23963,10547231,18699,5891110,4854,4223758,410,432363,10321,1012441,0.11637,12899,4967319,0.570942,10775,5979760,0.687311,8700223
1,2021-08-29,4368,10551599,3055,5894165,1214,4224972,99,432462,1914,1012181,0.11634,2296,4969615,0.571205,2036,5981796,0.687545,8700223
2,2020-12-15,263,263,263,263,0,0,0,0,263,263,3.1e-05,0,0,0.0,263,263,3.1e-05,8407551
2,2020-12-16,2342,2605,2342,2605,0,0,0,0,2343,2606,0.00031,0,0,0.0,2343,2606,0.00031,8407551
2,2020-12-17,7254,9859,7254,9859,0,0,0,0,7253,9859,0.001173,0,0,0.0,7253,9859,0.001173,8407551
2,2020-12-18,11183,21042,11162,21021,21,21,0,0,11187,21046,0.002503,0,0,0.0,11187,21046,0.002503,8407551
2,2020-12-19,5649,26691,5642,26663,7,28,0,0,5651,26697,0.003175,0,0,0.0,5651,26697,0.003175,8407551
2,2020-12-20,4268,30959,4251,30914,17,45,0,0,4261,30957,0.003682,1,1,0.0,4261,30958,0.003682,8407551
2,2020-12-21,12896,43855,12866,43780,30,75,0,0,12851,43808,0.005211,0,1,0.0,12851,43809,0.005211,8407551
2,2020-12-22,12314,56169,11780,55560,534,609,0,0,12313,56121,0.006675,0,1,0.0,12313,56122,0.006675,8407551
2,2020-12-23,11838,68007,9570,65130,2268,2877,0,0,11839,67959,0.008083,2,3,0.0,11840,67962,0.008083,8407551
2,2020-12-24,5918,73925,3501,68631,2417,5294,0,0,5916,73874,0.008787,3,6,1e-06,5918,73880,0.008787,8407551
2,2020-12-25,505,74430,421,69052,84,5378,0,0,508,74382,0.008847,0,6,1e-06,508,74388,0.008848,8407551
2,2020-12-26,2593,77023,1676,70728,917,6295,0,0,2594,76975,0.009155,1,7,1e-06,2594,76982,0.009156,8407551
2,2020-12-27,2246,79269,1221,71949,1025,7320,0,0,2243,79216,0.009422,2,9,1e-06,2243,79225,0.009423,8407551
2,2020-12-28,11159,90428,7236,79185,3923,11243,0,0,11159,90372,0.010749,3,12,1e-06,11159,90384,0.01075,8407551
2,2020-12-29,13016,103444,7320,86505,5696,16939,0,0,13021,103393,0.012298,0,12,1e-06,13021,103405,0.012299,8407551
2,2020-12-30,15770,119214,8854,95359,6916,23855,0,0,15764,119154,0.014172,5,17,2e-06,15766,119171,0.014174,8407551
2,2020-12-31,7647,126861,2848,98207,4799,28654,0,0,7639,126788,0.01508,5,22,3e-06,7639,126810,0.015083,8407551
2,2021-01-01,1453,128314,703,98910,750,29404,0,0,1448,128232,0.015252,4,26,3e-06,1448,128258,0.015255,8407551
2,2021-01-02,4889,133203,2787,101697,2102,31506,0,0,4884,133114,0.015833,2,28,3e-06,4884,133142,0.015836,8407551
2,2021-01-03,1439,134642,814,102511,625,32131,0,0,1431,134541,0.016002,4,32,4e-06,1431,134573,0.016006,8407551
2,2021-01-04,11830,146472,5632,108143,6198,38329,0,0,11816,146353,0.017407,4,36,4e-06,11816,146389,0.017412,8407551
2,2021-01-05,14056,160528,7047,115190,7009,45338,0,0,12801,157937,0.018785,1250,1286,0.000153,12834,159223,0.018938,8407551
2,2021-01-06,19310,179838,10693,125883,8617,53955,0,0,15278,169260,0.020132,3970,5256,0.000625,15293,174516,0.020757,8407551
2,2021-01-07,23519,203357,13270,139153,10249,64204,0,0,15745,177240,0.021081,7784,13040,0.001551,15764,190280,0.022632,8407551
2,2021-01-08,27230,230587,16453,155606,10777,74981,0,0,16647,183392,0.021813,10526,23566,0.002803,16678,206958,0.024616,8407551
2,2021-01-09,9927,240514,5816,161422,4111,79092,0,0,6312,186105,0.022135,3610,27176,0.003232,6323,213281,0.025368,8407551
2,2021-01-10,5368,245882,2988,164410,2380,81472,0,0,3099,186942,0.022235,2268,29444,0.003502,3105,216386,0.025737,8407551
2,2021-01-11,26248,272130,18147,182557,8101,89573,0,0,15050,190846,0.022699,11200,40644,0.004834,15104,231490,0.027534,8407551
2,2021-01-12,26612,298742,16539,199096,10073,99646,0,0,16878,198065,0.023558,9753,50397,0.005994,16972,248462,0.029552,8407551
2,2021-01-13,28792,327534,15283,214379,13509,113155,0,0,20725,210779,0.02507,8052,58449,0.006952,20766,269228,0.032022,8407551
2,2021-01-14,30776,358310,11795,226174,18981,132136,0,0,26433,232944,0.027707,4352,62801,0.00747,26517,295745,0.035176,8407551
2,2021-01-15,35338,393648,12810,238984,22528,154664,0,0,32002,261711,0.031128,3329,66130,0.007866,32096,327841,0.038994,8407551
2,2021-01-16,18410,412058,6163,245147,12247,166911,0,0,16979,277251,0.032976,1448,67578,0.008038,16988,344829,0.041014,8407551
2,2021-01-17,10618,422676,3593,248740,7025,173936,0,0,9860,286351,0.034059,772,68350,0.00813,9872,354701,0.042188,8407551
2,2021-01-18,19909,442585,11143,259883,8766,182702,0,0,15001,296494,0.035265,4925,73275,0.008715,15068,369769,0.043981,8407551
2,2021-01-19,32959,475544,17210,277093,15749,198451,0,0,24732,313117,0.037242,8226,81501,0.009694,24849,394618,0.046936,8407551
2,2021-01-20,37876,513420,19092,296185,18784,217235,0,0,29131,333629,0.039682,8716,90217,0.01073,29228,423846,0.050413,8407551
2,2021-01-21,41356,554776,17603,313788,23753,240988,0,0,36718,365933,0.043524,4605,94822,0.011278,36909,460755,0.054803,8407551
2,2021-01-22,39846,594622,16666,330454,23180,264168,0,0,36435,398967,0.047453,3431,98253,0.011686,36465,497220,0.05914,8407551
2,2021-01-23,24371,618993,10847,341301,13524,277692,0,0,21370,417391,0.049645,2977,101230,0.01204,21401,518621,0.061685,8407551
2,2021-01-24,12516,631509,6132,347433,6384,284076,0,0,11579,428069,0.050915,921,102151,0.01215,11599,530220,0.063065,8407551
2,2021-01-25,34220,665729,15737,363170,18483,302559,0,0,25245,444544,0.052874,8920,111071,0.013211,25395,555615,0.066085,8407551
2,2021-01-26,40673,706402,19891,383061,20782,323341,0,0,31293,466578,0.055495,9351,120422,0.014323,31385,587000,0.069818,8407551
2,2021-01-27,45983,752385,22771,405832,23212,346553,0,0,35465,491716,0.058485,10395,130817,0.015559,35533,622533,0.074045,8407551
2,2021-01-28,48420,800805,22579,428411,25841,372394,0,0,39520,522488,0.062145,8832,139649,0.01661,39604,662137,0.078755,8407551
2,2021-01-29,46021,846826,22135,450546,23886,396280,0,0,37094,550868,0.065521,8797,148446,0.017656,37177,699314,0.083177,8407551
2,2021-01-30,31533,878359,13352,463898,18181,414461,0,0,28075,575574,0.068459,3414,151860,0.018062,28120,727434,0.086522,8407551
2,2021-01-31,17308,895667,10231,474129,7077,421538,0,0,16071,590453,0.070229,1215,153075,0.018207,16094,743528,0.088436,8407551
2,2021-02-01,41657,937324,19939,494068,21718,443256,0,0,30370,609649,0.072512,11224,164299,0.019542,30420,773948,0.092054,8407551
2,2021-02-02,48292,985616,19635,513703,28657,471913,0,0,36591,634741,0.075497,11601,175900,0.020922,36693,810641,0.096418,8407551
2,2021-02-03,54379,1039995,23895,537598,30484,502397,0,0,39976,660520,0.078563,14299,190199,0.022622,40078,850719,0.101185,8407551
2,2021-02-04,56634,1096629,24271,561869,32363,534760,0,0,41121,686346,0.081634,15400,205599,0.024454,41226,891945,0.106089,8407551
2,2021-02-05,60692,1157321,26349,588218,34343,569103,0,0,40928,707938,0.084203,19537,225136,0.026778,41129,933074,0.11098,8407551
2,2021-02-06,39640,1196961,18401,606619,21239,590342,0,0,31507,731502,0.087005,8052,233188,0.027736,31616,964690,0.114741,8407551
2,2021-02-07,15811,1212772,10458,617077,5353,595695,0,0,11964,739725,0.087983,3814,237002,0.028189,12037,976727,0.116173,8407551
2,2021-02-08,43336,1256108,21937,639014,21399,617094,0,0,29612,755983,0.089917,13572,250574,0.029803,29830,1006557,0.119721,8407551
2,2021-02-09,49851,1305959,23598,662612,26253,643347,0,0,30711,768153,0.091365,18908,269482,0.032052,31078,1037635,0.123417,8407551
2,2021-02-10,59910,1365869,28008,690620,31902,675249,0,0,34504,777928,0.092527,25107,294589,0.035039,34882,1072517,0.127566,8407551
2,2021-02-11,64652,1430521,29685,720305,34967,710216,0,0,35927,786038,0.093492,28339,322928,0.038409,36449,1108966,0.131901,8407551
2,2021-02-12,66355,1496876,28616,748921,37739,747955,0,0,35397,791454,0.094136,30657,353585,0.042056,36073,1145039,0.136192,8407551
2,2021-02-13,38356,1535232,15963,764884,22393,770348,0,0,22076,797740,0.094884,16173,369758,0.043979,22459,1167498,0.138863,8407551
2,2021-02-14,20236,1555468,9422,774306,10814,781162,0,0,11229,800390,0.095199,8952,378710,0.045044,11602,1179100,0.140243,8407551
2,2021-02-15,33490,1588958,15062,789368,18428,799590,0,0,18514,804951,0.095741,14826,393536,0.046807,19387,1198487,0.142549,8407551
2,2021-02-16,56732,1645690,27784,817152,28948,828538,0,0,29791,808619,0.096178,26815,420351,0.049997,30483,1228970,0.146175,8407551
2,2021-02-17,62128,1707818,31920,849072,30208,858746,0,0,30760,808943,0.096216,31261,451612,0.053715,31585,1260555,0.149931,8407551
2,2021-02-18,66807,1774625,33659,882731,33148,891894,0,0,32454,808484,0.096162,34070,485682,0.057767,33611,1294166,0.153929,8407551
2,2021-02-19,60132,1834757,33210,915941,26922,918816,0,0,29774,808707,0.096188,30145,515827,0.061353,30368,1324534,0.157541,8407551
2,2021-02-20,38025,1872782,24639,940580,13386,932202,0,0,20601,812703,0.096663,17308,533135,0.063411,21304,1345838,0.160075,8407551
2,2021-02-21,21942,1894724,17715,958295,4227,936429,0,0,10817,813346,0.09674,11013,544148,0.064721,11656,1357494,0.161461,8407551
2,2021-02-22,39879,1934603,27242,985537,12637,949066,0,0,18903,812149,0.096598,20810,564958,0.067196,19613,1377107,0.163794,8407551
2,2021-02-23,54263,1988866,27670,1013207,26593,975659,0,0,23780,807646,0.096062,30200,595158,0.070789,25697,1402804,0.16685,8407551
2,2021-02-24,71645,2060511,36848,1050055,34797,1010456,0,0,32765,804184,0.09565,38639,633797,0.075384,35177,1437981,0.171034,8407551
2,2021-02-25,77704,2138215,36751,1086806,40953,1051409,0,0,39369,808380,0.096149,38042,671839,0.079909,42238,1480219,0.176058,8407551
2,2021-02-26,86312,2224527,37001,1123807,49311,1100720,0,0,46335,817288,0.097209,39643,711482,0.084624,48551,1528770,0.181833,8407551
2,2021-02-27,63168,2287695,29317,1153124,33843,1134563,8,8,34146,824024,0.09801,28768,740250,0.088046,35504,1564274,0.186056,8407551
2,2021-02-28,31168,2318863,18662,1171786,12505,1147068,1,9,18033,829918,0.098711,12995,753245,0.089591,18889,1583163,0.188303,8407551
2,2021-03-01,59348,2378211,30909,1202695,28359,1175427,80,89,32338,836912,0.099543,26668,779913,0.092763,33662,1616825,0.192306,8407551
2,2021-03-02,71075,2449286,34109,1236804,36950,1212377,16,105,39741,847921,0.100852,31129,811042,0.096466,42138,1658963,0.197318,8407551
2,2021-03-03,82098,2531384,39579,1276383,42499,1254876,20,125,46309,861356,0.10245,35547,846589,0.100694,48982,1707945,0.203144,8407551
2,2021-03-04,89977,2621361,44085,1320468,45858,1300734,34,159,51467,877038,0.104316,38237,884826,0.105242,53919,1761864,0.209557,8407551
2,2021-03-05,83653,2705014,39217,1359685,44115,1344849,321,480,50726,897824,0.106788,32664,917490,0.109127,53450,1815314,0.215915,8407551
2,2021-03-06,63708,2768722,31071,1390756,30913,1375762,1724,2204,38967,915351,0.108872,24593,942083,0.112052,42120,1857434,0.220924,8407551
2,2021-03-07,28904,2797626,16404,1407160,10945,1386707,1555,3759,18265,925736,0.110108,10556,952639,0.113308,20941,1878375,0.223415,8407551
2,2021-03-08,51284,2848910,23497,1430657,25205,1411912,2582,6341,32173,943142,0.112178,18984,971623,0.115566,36390,1914765,0.227743,8407551
2,2021-03-09,71200,2920110,32416,1463073,34902,1446814,3882,10223,39358,956036,0.113712,31686,1003309,0.119334,44580,1959345,0.233046,8407551
2,2021-03-10,79141,2999251,37393,1500466,35149,1481963,6599,16822,41886,968812,0.115231,37015,1040324,0.123737,49791,2009136,0.238968,8407551
2,2021-03-11,93874,3093125,43336,1543802,42123,1524086,8415,25237,48876,982803,0.116895,44663,1084987,0.129049,58654,2067790,0.245944,8407551
2,2021-03-12,94810,3187935,39045,1582847,43749,1567835,12016,37253,46983,995597,0.118417,47553,1132540,0.134705,60347,2128137,0.253122,8407551
2,2021-03-13,69603,3257538,29102,1611949,32469,1600304,8032,45285,38126,1011689,0.120331,31320,1163860,0.13843,47412,2175549,0.258761,8407551
2,2021-03-14,37171,3294709,18378,1630327,14271,1614575,4522,49807,18656,1017192,0.120986,18401,1182261,0.140619,23904,2199453,0.261604,8407551
2,2021-03-15,67911,3362620,30687,1661014,32196,1646771,5028,54835,37338,1030329,0.122548,30322,1212583,0.144225,43459,2242912,0.266774,8407551
2,2021-03-16,86854,3449474,38482,1699496,44331,1691102,4041,58876,52344,1053545,0.125309,34283,1246866,0.148303,57499,2300411,0.273612,8407551
2,2021-03-17,93527,3543001,44821,1744317,44497,1735599,4209,63085,59196,1083712,0.128897,34032,1280898,0.152351,64199,2364610,0.281248,8407551
2,2021-03-18,98830,3641831,47177,1791494,47018,1782617,4635,67720,59855,1110117,0.132038,38625,1319523,0.156945,65030,2429640,0.288983,8407551
2,2021-03-19,98104,3739935,46475,1837969,45456,1828073,6173,73893,57820,1134650,0.134956,39950,1359473,0.161697,64483,2494123,0.296653,8407551
2,2021-03-20,70432,3810367,34113,1872082,32305,1860378,4014,77907,45861,1160544,0.138036,24320,1383793,0.164589,50214,2544337,0.302625,8407551
2,2021-03-21,33863,3844230,21780,1893862,10072,1870450,2011,79918,20219,1169731,0.139129,13473,1397266,0.166192,22660,2566997,0.30532,8407551
2,2021-03-22,63312,3907542,34855,1928717,25812,1896262,2645,82563,41828,1193876,0.142,21224,1418490,0.168716,45369,2612366,0.310717,8407551
2,2021-03-23,84413,3991955,44859,1973576,36618,1932880,2936,85499,52291,1218125,0.144885,31814,1450304,0.1725,56063,2668429,0.317385,8407551
2,2021-03-24,92538,4084493,49728,2023304,39625,1972505,3185,88684,53914,1237779,0.147222,38258,1488562,0.177051,57912,2726341,0.324273,8407551
2,2021-03-25,102144,4186637,51540,2074844,46672,2019177,3932,92616,57298,1255323,0.149309,44454,1533016,0.182338,61998,2788339,0.331647,8407551
2,2021-03-26,104251,4290888,51688,2126532,49062,2068239,3501,96117,56583,1269194,0.150959,47247,1580263,0.187958,61118,2849457,0.338916,8407551
2,2021-03-27,76206,4367094,38024,2164556,34858,2103097,3324,99441,37938,1273335,0.151451,37982,1618245,0.192475,42123,2891580,0.343927,8407551
2,2021-03-28,38046,4405140,23515,2188071,13717,2116814,814,100255,20212,1277535,0.151951,17678,1635923,0.194578,21878,2913458,0.346529,8407551
2,2021-03-29,72257,4477397,36728,2224799,33242,2150056,2287,102542,40746,1290295,0.153469,31267,1667190,0.198297,44027,2957485,0.351765,8407551
2,2021-03-30,92778,4570175,45449,2270248,42932,2192988,4397,106939,51760,1306292,0.155371,40784,1707974,0.203148,56781,3014266,0.358519,8407551
2,2021-03-31,101929,4672104,52546,2322794,44241,2237229,5142,112081,57536,1325299,0.157632,44048,1752022,0.208387,63055,3077321,0.366019,8407551
2,2021-04-01,118701,4790805,57343,2380137,52007,2289236,9351,121432,64298,1345405,0.160023,53927,1805949,0.214801,74033,3151354,0.374824,8407551
2,2021-04-02,112449,4903254,51808,2431945,50368,2339604,10273,131705,59975,1364065,0.162243,52035,1857984,0.22099,70695,3222049,0.383233,8407551
2,2021-04-03,77245,4980499,37968,2469913,29393,2368997,9884,141589,38198,1373693,0.163388,38814,1896798,0.225606,48442,3270491,0.388994,8407551
2,2021-04-04,29165,5009664,15009,2484922,10271,2379268,3885,145474,13070,1374690,0.163507,15974,1912772,0.227506,16971,3287462,0.391013,8407551
2,2021-04-05,79805,5089469,39083,2524005,31803,2411071,8919,154393,38364,1381470,0.164313,41237,1954009,0.232411,48017,3335479,0.396724,8407551
2,2021-04-06,104588,5194057,50926,2574931,38867,2449938,14795,169188,49400,1391173,0.165467,54882,2008891,0.238939,64585,3400064,0.404406,8407551
2,2021-04-07,111343,5305400,55558,2630489,39415,2489353,16370,185558,52173,1401077,0.166645,58851,2067742,0.245939,68755,3468819,0.412584,8407551
2,2021-04-08,120022,5425422,57761,2688250,43394,2532747,18867,204425,55632,1412073,0.167953,63999,2131741,0.253551,74995,3543814,0.421504,8407551
2,2021-04-09,119537,5544959,57481,2745731,43793,2576540,18263,222688,56404,1424813,0.169468,62731,2194472,0.261012,75471,3619285,0.43048,8407551
2,2021-04-10,88046,5633005,37974,2783705,31534,2608074,18538,241226,36220,1428655,0.169925,51546,2246018,0.267143,55388,3674673,0.437068,8407551
2,2021-04-11,44682,5677687,23162,2806867,13002,2621076,8518,249744,18266,1429886,0.170072,26254,2272272,0.270266,27485,3702158,0.440337,8407551
2,2021-04-12,80559,5758246,37511,2844378,33557,2654633,9491,259235,35813,1431708,0.170288,44456,2316728,0.275553,46278,3748436,0.445842,8407551
2,2021-04-13,102408,5860654,53166,2897544,48975,2703608,267,259502,55918,1442604,0.171584,46186,2362914,0.281047,57082,3805518,0.452631,8407551
2,2021-04-14,107408,5968062,56312,2953856,51033,2754641,63,259565,54671,1446378,0.172033,52397,2415311,0.287279,56171,3861689,0.459312,8407551
2,2021-04-15,113803,6081865,60454,3014310,53248,2807889,101,259666,59265,1452713,0.172787,54112,2469423,0.293715,60447,3922136,0.466502,8407551
2,2021-04-16,111401,6193266,57814,3072124,53528,2861417,59,259725,56484,1455574,0.173127,54538,2523961,0.300202,57399,3979535,0.473329,8407551
2,2021-04-17,83906,6277172,42710,3114834,41180,2902597,16,259741,46775,1466383,0.174413,36855,2560816,0.304585,47664,4027199,0.478998,8407551
2,2021-04-18,36073,6313245,21924,3136758,14137,2916734,12,259753,17030,1465520,0.17431,18898,2579714,0.306833,18035,4045234,0.481143,8407551
2,2021-04-19,75146,6388391,40460,3177218,34667,2951401,19,259772,34030,1459362,0.173578,40824,2620538,0.311689,34666,4079900,0.485266,8407551
2,2021-04-20,97853,6486244,49503,3226721,48321,2999722,29,259801,47131,1456920,0.173287,50350,2670888,0.317677,47908,4127808,0.490964,8407551
2,2021-04-21,104354,6590598,56506,3283227,47777,3047499,71,259872,49120,1452379,0.172747,54713,2725601,0.324185,50172,4177980,0.496932,8407551
2,2021-04-22,108882,6699480,56337,3339564,52517,3100016,28,259900,47554,1439988,0.171273,60853,2786454,0.331423,48462,4226442,0.502696,8407551
2,2021-04-23,108496,6807976,57769,3397333,50707,3150723,20,259920,50009,1432900,0.17043,58045,2844499,0.338327,50957,4277399,0.508757,8407551
2,2021-04-24,81394,6889370,47938,3445271,33412,3184135,44,259964,42286,1437441,0.17097,38734,2883233,0.342934,43275,4320674,0.513904,8407551
2,2021-04-25,36735,6926105,22623,3467894,14095,3198230,17,259981,19938,1441237,0.171422,16631,2899864,0.344912,20427,4341101,0.516334,8407551
2,2021-04-26,74647,7000752,41375,3509269,32954,3231184,318,260299,34195,1437058,0.170925,40151,2940015,0.349687,35972,4377073,0.520612,8407551
2,2021-04-27,88729,7089481,46834,3556103,40521,3271705,1374,261673,37964,1427294,0.169763,50351,2990366,0.355676,40587,4417660,0.52544,8407551
2,2021-04-28,88710,7178191,47437,3603540,39391,3311096,1882,263555,39026,1419811,0.168873,49311,3039677,0.361541,41828,4459488,0.530415,8407551
2,2021-04-29,91710,7269901,49977,3653517,40012,3351108,1721,265276,35536,1401920,0.166745,55753,3095430,0.368173,37862,4497350,0.534918,8407551
2,2021-04-30,95361,7365262,52689,3706206,40659,3391767,2013,267289,36950,1383630,0.16457,57913,3153343,0.375061,39623,4536973,0.539631,8407551
2,2021-05-01,63081,7428343,38458,3744664,23014,3414781,1609,268898,24584,1372545,0.163251,38137,3191480,0.379597,27052,4564025,0.542848,8407551
2,2021-05-02,29415,7457758,20477,3765141,7960,3422741,978,269876,11163,1366670,0.162553,18105,3209585,0.38175,12230,4576255,0.544303,8407551
2,2021-05-03,60921,7518679,36186,3801327,22667,3445408,2068,271944,20421,1349217,0.160477,40203,3249788,0.386532,22750,4599005,0.547009,8407551
2,2021-05-04,80385,7599064,47998,3849325,29978,3475386,2409,274353,26039,1324081,0.157487,53972,3303760,0.392952,28836,4627841,0.550439,8407551
2,2021-05-05,81007,7680071,48260,3897585,30381,3505767,2366,276719,25268,1296761,0.154238,55322,3359082,0.399532,28002,4655843,0.553769,8407551
2,2021-05-06,83419,7763490,50679,3948264,29804,3535571,2936,279655,25265,1267946,0.15081,57648,3416730,0.406388,28833,4684676,0.557199,8407551
2,2021-05-07,84207,7847697,48624,3996888,33146,3568717,2437,282092,25746,1238535,0.147312,58044,3474774,0.413292,28633,4713309,0.560604,8407551
2,2021-05-08,55974,7903671,33958,4030846,20289,3589006,1727,283819,17469,1220211,0.145133,38253,3513027,0.417842,19929,4733238,0.562975,8407551
2,2021-05-09,21939,7925610,15794,4046640,5397,3594403,748,284567,6324,1211994,0.144155,15519,3528546,0.419688,7302,4740540,0.563843,8407551
2,2021-05-10,50541,7976151,27568,4074208,21080,3615483,1893,286460,14216,1192657,0.141855,36047,3564593,0.423975,16710,4757250,0.565831,8407551
2,2021-05-11,66661,8042812,36144,4110352,28377,3643860,2140,288600,20044,1169245,0.139071,46285,3610878,0.42948,22873,4780123,0.568551,8407551
2,2021-05-12,65564,8108376,34955,4145307,28371,3672231,2238,290838,19257,1145180,0.136209,45972,3656850,0.434948,21907,4802030,0.571157,8407551
2,2021-05-13,71391,8179767,41473,4186780,27963,3700194,1955,292793,26073,1128942,0.134277,45005,3701855,0.440301,28767,4830797,0.574578,8407551
2,2021-05-14,80370,8260137,48183,4234963,29914,3730108,2273,295066,30814,1113499,0.13244,49171,3751026,0.44615,33728,4864525,0.57859,8407551
2,2021-05-15,66866,8327003,43923,4278886,21220,3751328,1723,296789,25896,1100825,0.130933,40697,3791723,0.45099,28023,4892548,0.581923,8407551
2,2021-05-16,31833,8358836,23824,4302710,7083,3758411,926,297715,12946,1096085,0.130369,18745,3810468,0.45322,14005,4906553,0.583589,8407551
2,2021-05-17,58273,8417109,36915,4339625,19395,3777806,1963,299678,22915,1086233,0.129197,35098,3845566,0.457394,25246,4931799,0.586592,8407551
2,2021-05-18,70487,8487596,41227,4380852,27289,3805095,1971,301649,27929,1074407,0.127791,42267,3887833,0.462422,30441,4962240,0.590212,8407551
2,2021-05-19,69234,8556830,40969,4421821,26236,3831331,2029,303678,27350,1062707,0.126399,41549,3929382,0.467363,29849,4992089,0.593763,8407551
2,2021-05-20,70018,8626848,40639,4462460,27178,3858509,2201,305879,26611,1049073,0.124777,43050,3972432,0.472484,29416,5021505,0.597261,8407551
2,2021-05-21,73600,8700448,43468,4505928,27956,3886465,2176,308055,27951,1034497,0.123044,45266,4017698,0.477868,30690,5052195,0.600912,8407551
2,2021-05-22,53975,8754423,34284,4540212,17913,3904378,1778,309833,22514,1028113,0.122284,31219,4048917,0.481581,24835,5077030,0.603866,8407551
2,2021-05-23,24515,8778938,16730,4556942,7060,3911438,725,310558,10271,1025143,0.121931,14109,4063026,0.483259,11139,5088169,0.60519,8407551
2,2021-05-24,45227,8824165,25723,4582665,17718,3929156,1786,312344,17375,1017039,0.120967,27608,4090634,0.486543,19504,5107673,0.60751,8407551
2,2021-05-25,51304,8875469,30069,4612734,19359,3948515,1876,314220,19513,1007500,0.119833,31467,4122101,0.490286,21928,5129601,0.610118,8407551
2,2021-05-26,49103,8924572,27528,4640262,19881,3968396,1694,315914,19198,999177,0.118843,29557,4151658,0.493801,21234,5150835,0.612644,8407551
2,2021-05-27,47027,8971599,26703,4666965,18581,3986977,1743,317657,18769,992196,0.118012,27996,4179654,0.497131,21015,5171850,0.615143,8407551
2,2021-05-28,50643,9022242,28014,4694979,20640,4007617,1989,319646,21228,986710,0.11736,29139,4208793,0.500597,23653,5195503,0.617957,8407551
2,2021-05-29,29261,9051503,17534,4712513,10658,4018275,1069,320715,13321,985512,0.117217,15768,4224561,0.502472,14570,5210073,0.61969,8407551
2,2021-05-30,12712,9064215,8188,4720701,3754,4022029,770,321485,5535,984776,0.11713,7107,4231668,0.503318,6371,5216444,0.620448,8407551
2,2021-05-31,5952,9070167,3491,4724192,2156,4024185,305,321790,1857,982954,0.116913,4032,4235700,0.503797,2210,5218654,0.62071,8407551
2,2021-06-01,45262,9115429,26015,4750207,17574,4041759,1673,323463,15741,971561,0.115558,29176,4264876,0.507267,17783,5236437,0.622825,8407551
2,2021-06-02,38629,9154058,22744,4772951,14458,4056217,1427,324890,15124,965185,0.1148,23226,4288102,0.51003,16850,5253287,0.62483,8407551
2,2021-06-03,41804,9195862,26943,4799894,13380,4069597,1481,326371,14100,953700,0.113434,27453,4315555,0.513295,15968,5269255,0.626729,8407551
2,2021-06-04,48662,9244524,31800,4831694,15298,4084895,1564,327935,15742,938935,0.111678,32595,4348150,0.517172,17830,5287085,0.62885,8407551
2,2021-06-05,38145,9282669,27229,4858923,9445,4094340,1471,329406,11858,926648,0.110216,26040,4374190,0.520269,13753,5300838,0.630485,8407551
2,2021-06-06,14971,9297640,12283,4871206,2109,4096449,579,329985,4663,921844,0.109645,10242,4384432,0.521487,5438,5306276,0.631132,8407551
2,2021-06-07,33561,9331201,23496,4894702,8778,4105227,1287,331272,10998,911973,0.108471,22394,4406826,0.524151,12523,5318799,0.632622,8407551
2,2021-06-08,40741,9371942,28826,4923528,10542,4115769,1373,332645,12491,898227,0.106836,27993,4434819,0.52748,14247,5333046,0.634316,8407551
2,2021-06-09,38232,9410174,26688,4950216,10042,4125811,1502,334147,11547,885119,0.105277,26484,4461303,0.530631,13376,5346422,0.635907,8407551
2,2021-06-10,37936,9448110,26384,4976600,10017,4135828,1535,335682,11621,872637,0.103792,26114,4487417,0.533737,13632,5360054,0.637529,8407551
2,2021-06-11,41599,9489709,27642,5004242,12278,4148106,1679,337361,13313,859919,0.102279,28012,4515429,0.537068,15294,5375348,0.639348,8407551
2,2021-06-12,29683,9519392,21861,5026103,6904,4155010,918,338279,8713,848961,0.100976,20824,4536253,0.539545,9866,5385214,0.640521,8407551
2,2021-06-13,12266,9531658,8962,5035065,2682,4157692,622,338901,3119,843786,0.10036,9083,4545336,0.540625,3908,5389122,0.640986,8407551
2,2021-06-14,30161,9561819,21422,5056487,7526,4165218,1213,340114,10435,836090,0.099445,19547,4564883,0.54295,11851,5400973,0.642396,8407551
2,2021-06-15,35975,9597794,23981,5080468,9932,4175150,2062,342176,12101,827034,0.098368,23597,4588480,0.545757,14541,5415514,0.644125,8407551
2,2021-06-16,33351,9631145,23046,5103514,8489,4183639,1816,343992,11541,819076,0.097421,21629,4610109,0.54833,13671,5429185,0.645751,8407551
2,2021-06-17,31045,9662190,20751,5124265,8487,4192126,1807,345799,10998,812228,0.096607,19860,4629969,0.550692,13012,5442197,0.647299,8407551
2,2021-06-18,34821,9697011,22951,5147216,9988,4202114,1882,347681,12620,805005,0.095748,21975,4651944,0.553305,14752,5456949,0.649053,8407551
2,2021-06-19,20989,9718000,14622,5161838,5106,4207220,1261,348942,7911,801462,0.095326,12913,4664857,0.554841,9370,5466319,0.650168,8407551
2,2021-06-20,8310,9726310,5943,5167781,1902,4209122,465,349407,3068,799870,0.095137,5195,4670052,0.555459,3603,5469922,0.650596,8407551
2,2021-06-21,19359,9745669,11853,5179634,6184,4215306,1322,350729,9872,801881,0.095376,9364,4679416,0.556573,11375,5481297,0.651949,8407551
2,2021-06-22,26925,9772594,18443,5198077,7099,4222405,1383,352112,10528,797844,0.094896,16221,4695637,0.558502,12184,5493481,0.653398,8407551
2,2021-06-23,25966,9798560,17919,5215996,6418,4228823,1629,353741,10531,795008,0.094559,15289,4710926,0.560321,12453,5505934,0.65488,8407551
2,2021-06-24,25441,9824001,17328,5233324,6586,4235409,1527,355268,10467,792414,0.09425,14820,4725746,0.562084,12226,5518160,0.656334,8407551
2,2021-06-25,28865,9852866,19562,5252886,7805,4243214,1498,356766,12007,789463,0.093899,16695,4742441,0.564069,13744,5531904,0.657969,8407551
2,2021-06-26,18748,9871614,13805,5266691,4005,4247219,938,357704,7644,787290,0.093641,11010,4753451,0.565379,8837,5540741,0.65902,8407551
2,2021-06-27,8888,9880502,6790,5273481,1647,4248866,451,358155,3576,786187,0.09351,5254,4758705,0.566004,4151,5544892,0.659513,8407551
2,2021-06-28,19977,9900479,15175,5288656,3553,4252419,1249,359404,8820,785428,0.093419,11019,4769724,0.567314,10260,5555152,0.660734,8407551
2,2021-06-29,22896,9923375,15946,5304602,5871,4258290,1079,360483,9818,783621,0.093204,12938,4782662,0.568853,11131,5566283,0.662058,8407551
2,2021-06-30,22163,9945538,15718,5320320,5415,4263705,1030,361513,9908,782681,0.093093,12107,4794769,0.570293,11167,5577450,0.663386,8407551
2,2021-07-01,20097,9965635,14205,5334525,4992,4268697,900,362413,8953,781728,0.092979,11009,4805778,0.571603,10056,5587506,0.664582,8407551
2,2021-07-02,23105,9988740,15932,5350457,6142,4274839,1031,363444,10261,780550,0.092839,12672,4818450,0.57311,11494,5599000,0.665949,8407551
2,2021-07-03,12647,10001387,9111,5359568,3058,4277897,478,363922,5803,780206,0.092798,6746,4825196,0.573912,6402,5605402,0.66671,8407551
2,2021-07-04,1018,10002405,597,5360165,354,4278251,67,363989,437,780164,0.092793,569,4825765,0.57398,527,5605929,0.666773,8407551
2,2021-07-05,11126,10013531,8152,5368317,2564,4280815,410,364399,5097,779841,0.092755,5958,4831723,0.574689,5635,5611564,0.667443,8407551
2,2021-07-06,23953,10037484,17393,5385710,5548,4286363,1012,365411,9267,775867,0.092282,14523,4846246,0.576416,10549,5622113,0.668698,8407551
2,2021-07-07,20639,10058123,14710,5400420,4822,4291185,1107,366518,8757,774257,0.092091,11737,4857983,0.577812,10127,5632240,0.669903,8407551
2,2021-07-08,19232,10077355,13398,5413818,4792,4295977,1042,367560,8076,772535,0.091886,11043,4869026,0.579125,9321,5641561,0.671011,8407551
2,2021-07-09,22614,10099969,15671,5429489,5689,4301666,1254,368814,9589,770693,0.091667,12884,4881910,0.580658,11042,5652603,0.672325,8407551
2,2021-07-10,14333,10114302,10571,5440060,3076,4304742,686,369500,6309,769916,0.091574,7929,4889839,0.581601,7152,5659755,0.673175,8407551
2,2021-07-11,6566,10120868,4826,5444886,1390,4306132,350,369850,3087,769989,0.091583,3435,4893274,0.582009,3508,5663263,0.673592,8407551
2,2021-07-12,18254,10139122,13427,5458313,3956,4310088,871,370721,7865,768654,0.091424,10270,4903544,0.583231,8935,5672198,0.674655,8407551
2,2021-07-13,19606,10158728,13846,5472159,4875,4314963,885,371606,8801,767880,0.091332,10655,4914199,0.584498,9881,5682079,0.67583,8407551
2,2021-07-14,18754,10177482,13388,5485547,4574,4319537,792,372398,8393,767047,0.091233,10229,4924428,0.585715,9396,5691475,0.676948,8407551
2,2021-07-15,18866,10196348,13678,5499225,4485,4324022,703,373101,8578,766373,0.091153,10169,4934597,0.586924,9495,5700970,0.678077,8407551
2,2021-07-16,22929,10219277,16501,5515726,5595,4329617,833,373934,10998,766616,0.091182,11794,4946391,0.588327,12037,5713007,0.679509,8407551
2,2021-07-17,14399,10233676,10490,5526216,3375,4332992,534,374468,6952,766880,0.091213,7357,4953748,0.589202,7621,5720628,0.680415,8407551
2,2021-07-18,6994,10240670,5223,5531439,1442,4334434,329,374797,3536,767398,0.091275,3415,4957163,0.589608,3933,5724561,0.680883,8407551
2,2021-07-19,18437,10259107,13728,5545167,3964,4338398,745,375542,9146,768297,0.091382,9175,4966338,0.5907,10074,5734635,0.682082,8407551
2,2021-07-20,20880,10279987,14867,5560034,5174,4343572,839,376381,10581,769770,0.091557,10164,4976502,0.591909,11637,5746272,0.683466,8407551
2,2021-07-21,20422,10300409,14855,5574889,4794,4348366,773,377154,10582,771608,0.091776,9712,4986214,0.593064,11550,5757822,0.684839,8407551
2,2021-07-22,20310,10320719,14513,5589402,4946,4353312,851,378005,10850,774171,0.09208,9313,4995527,0.594171,11876,5769698,0.686252,8407551
2,2021-07-23,24417,10345136,17097,5606499,6273,4359585,1047,379052,13293,777744,0.092505,10965,5006492,0.595476,14538,5784236,0.687981,8407551
2,2021-07-24,14776,10359912,10648,5617147,3633,4363218,495,379547,8255,780195,0.092797,6413,5012905,0.596238,8864,5793100,0.689035,8407551
2,2021-07-25,6706,10366618,4941,5622088,1624,4364842,141,379688,4964,783643,0.093207,1696,5014601,0.59644,5144,5798244,0.689647,8407551
2,2021-07-26,19087,10385705,13464,5635552,4842,4369684,781,380469,12092,789773,0.093936,6867,5021468,0.597257,12997,5811241,0.691193,8407551
2,2021-07-27,22845,10408550,16530,5652082,5454,4375138,861,381330,13383,794864,0.094542,9302,5030770,0.598363,14393,5825634,0.692905,8407551
2,2021-07-28,22607,10431157,16157,5668239,5547,4380685,903,382233,13368,800246,0.095182,9072,5039842,0.599442,14454,5840088,0.694624,8407551
2,2021-07-29,21398,10452555,15323,5683562,5158,4385843,917,383150,12925,805907,0.095855,8329,5048171,0.600433,13990,5854078,0.696288,8407551
2,2021-07-30,26236,10478791,18685,5702247,6592,4392435,959,384109,15716,812461,0.096635,10323,5058494,0.601661,16877,5870955,0.698295,8407551
2,2021-07-31,15755,10494546,11607,5713854,3638,4396073,510,384619,9534,816547,0.097121,6094,5064588,0.602386,10180,5881135,0.699506,8407551
2,2021-08-01,8061,10502607,6206,5720060,1683,4397756,172,384791,5291,819364,0.097456,2710,5067298,0.602708,5527,5886662,0.700164,8407551
2,2021-08-02,21287,10523894,16006,5736066,4518,4402274,763,385554,13501,826100,0.098257,7642,5074940,0.603617,14378,5901040,0.701874,8407551
2,2021-08-03,24102,10547996,17573,5753639,5513,4407787,1016,386570,14982,833263,0.099109,8966,5083906,0.604683,16129,5917169,0.703792,8407551
2,2021-08-04,22763,10570759,16875,5770514,5018,4412805,870,387440,14186,839983,0.099908,8431,5092337,0.605686,15151,5932320,0.705594,8407551
2,2021-08-05,23132,10593891,16973,5787487,5228,4418033,931,388371,14309,846686,0.100705,8650,5100987,0.606715,15353,5947673,0.70742,8407551
2,2021-08-06,27668,10621559,20261,5807748,6419,4424452,988,389359,16843,854007,0.101576,10635,5111622,0.60798,17956,5965629,0.709556,8407551
2,2021-08-07,16886,10638445,12553,5820301,3739,4428191,594,389953,10374,858654,0.102129,6402,5118024,0.608741,11049,5976678,0.71087,8407551
2,2021-08-08,9374,10647819,7100,5827401,2046,4430237,228,390181,5859,861354,0.10245,3429,5121453,0.609149,6129,5982807,0.711599,8407551
2,2021-08-09,23238,10671057,17814,5845215,4657,4434894,767,390948,14072,867314,0.103159,9007,5130460,0.610221,14967,5997774,0.713379,8407551
2,2021-08-10,24322,10695379,17916,5863131,5558,4440452,848,391796,14295,872744,0.103805,9852,5140312,0.611392,15282,6013056,0.715197,8407551
2,2021-08-11,21940,10717319,16360,5879491,4673,4445125,907,392703,12742,877465,0.104366,9024,5149336,0.612466,13745,6026801,0.716832,8407551
2,2021-08-12,23844,10741163,17052,5896543,5719,4450844,1073,393776,13902,882811,0.105002,9728,5159064,0.613623,15074,6041875,0.718625,8407551
2,2021-08-13,29755,10770918,21515,5918058,7198,4458042,1042,394818,17200,888987,0.105737,12198,5171262,0.615074,18374,6060249,0.72081,8407551
2,2021-08-14,18693,10789611,13773,5931831,4417,4462459,503,395321,10484,892490,0.106153,7621,5178883,0.61598,11124,6071373,0.722133,8407551
2,2021-08-15,9723,10799334,7292,5939123,2245,4464704,186,395507,5330,894109,0.106346,3968,5182851,0.616452,5587,6076960,0.722798,8407551
2,2021-08-16,24719,10824053,17504,5956627,6372,4471076,843,396350,12901,897425,0.10674,10573,5193424,0.617709,13889,6090849,0.72445,8407551
2,2021-08-17,25875,10849928,18338,5974965,6604,4477680,933,397283,12841,899742,0.107016,11585,5205009,0.619087,13902,6104751,0.726103,8407551
2,2021-08-18,26143,10876071,18558,5993523,6695,4484375,890,398173,12810,901974,0.107281,11617,5216626,0.620469,13849,6118600,0.727751,8407551
2,2021-08-19,25920,10901991,17900,6011423,6998,4491373,1022,399195,12864,904762,0.107613,11226,5227852,0.621804,14014,6132614,0.729417,8407551
2,2021-08-20,32332,10934323,22708,6034131,8588,4499961,1036,400231,15199,906408,0.107809,14734,5242586,0.623557,16380,6148994,0.731366,8407551
2,2021-08-21,18983,10953306,14013,6048144,4427,4504388,543,400774,9049,907281,0.107913,8854,5251440,0.62461,9727,6158721,0.732523,8407551
2,2021-08-22,10680,10963986,7905,6056049,2562,4506950,213,400987,5279,908011,0.107999,4839,5256279,0.625186,5569,6164290,0.733185,8407551
2,2021-08-23,26558,10990544,19416,6075465,6424,4513374,718,401705,12400,908998,0.108117,12374,5268653,0.626657,13361,6177651,0.734774,8407551
2,2021-08-24,27231,11017775,20273,6095738,6103,4519477,855,402560,12040,908770,0.10809,13339,5281992,0.628244,13111,6190762,0.736334,8407551
2,2021-08-25,26112,11043887,19822,6115560,5569,4525046,721,403281,11879,909088,0.108128,12490,5294482,0.629729,12808,6203570,0.737857,8407551
2,2021-08-26,25948,11069835,19374,6134934,5766,4530812,808,404089,11610,909234,0.108145,12456,5306938,0.631211,12602,6216172,0.739356,8407551
2,2021-08-27,31611,11101446,23543,6158477,7262,4538074,806,404895,13128,907437,0.107931,16000,5322938,0.633114,14203,6230375,0.741045,8407551
2,2021-08-28,18786,11120232,14384,6172861,4051,4542125,351,405246,7977,906284,0.107794,9665,5332603,0.634264,8512,6238887,0.742058,8407551
2,2021-08-29,4294,11124526,3124,6175985,1053,4543178,117,405363,1748,905951,0.107754,2282,5334885,0.634535,1949,6240836,0.742289,8407551
3,2020-12-15,342,342,342,342,0,0,0,0,342,342,4.2e-05,0,0,0.0,342,342,4.2e-05,8129050
3,2020-12-16,2529,2871,2529,2871,0,0,0,0,2529,2871,0.000353,0,0,0.0,2529,2871,0.000353,8129050
3,2020-12-17,7943,10814,7943,10814,0,0,0,0,7944,10815,0.00133,0,0,0.0,7944,10815,0.00133,8129050
3,2020-12-18,13575,24389,13554,24368,21,21,0,0,13569,24384,0.003,0,0,0.0,13569,24384,0.003,8129050
3,2020-12-19,7286,31675,7274,31642,12,33,0,0,7343,31725,0.003903,2,2,0.0,7343,31727,0.003903,8129050
3,2020-12-20,5693,37368,5680,37322,13,46,0,0,5741,37465,0.004609,1,3,0.0,5741,37468,0.004609,8129050
3,2020-12-21,14489,51857,14461,51783,28,74,0,0,14553,52017,0.006399,1,4,0.0,14553,52021,0.006399,8129050
3,2020-12-22,15007,66864,14395,66178,612,686,0,0,15042,67055,0.008249,4,8,1e-06,15042,67063,0.00825,8129050
3,2020-12-23,15013,81877,12355,78533,2658,3344,0,0,15035,82089,0.010098,2,10,1e-06,15036,82099,0.010099,8129050
3,2020-12-24,6845,88722,4896,83429,1949,5293,0,0,6841,88928,0.01094,2,12,1e-06,6841,88940,0.010941,8129050
3,2020-12-25,740,89462,678,84107,62,5355,0,0,737,89665,0.01103,0,12,1e-06,737,89677,0.011032,8129050
3,2020-12-26,4652,94114,3016,87123,1636,6991,0,0,4650,94315,0.011602,0,12,1e-06,4650,94327,0.011604,8129050
3,2020-12-27,3028,97142,1874,88997,1154,8145,0,0,3028,97343,0.011975,0,12,1e-06,3028,97355,0.011976,8129050
3,2020-12-28,13797,110939,8823,97820,4974,13119,0,0,13819,111160,0.013674,2,14,2e-06,13819,111174,0.013676,8129050
3,2020-12-29,15443,126382,8747,106567,6696,19815,0,0,15470,126628,0.015577,2,16,2e-06,15470,126644,0.015579,8129050
3,2020-12-30,18428,144810,10338,116905,8090,27905,0,0,18434,145061,0.017845,2,18,2e-06,18435,145079,0.017847,8129050
3,2020-12-31,8537,153347,3263,120168,5274,33179,0,0,8537,153596,0.018895,2,20,2e-06,8537,153616,0.018897,8129050
3,2021-01-01,1893,155240,908,121076,985,34164,0,0,1888,155483,0.019127,1,21,3e-06,1888,155504,0.019129,8129050
3,2021-01-02,4994,160234,2457,123533,2537,36701,0,0,4993,160476,0.019741,0,21,3e-06,4993,160497,0.019744,8129050
3,2021-01-03,1640,161874,863,124396,777,37478,0,0,1631,162105,0.019941,2,23,3e-06,1631,162128,0.019944,8129050
3,2021-01-04,12182,174056,6053,130449,6129,43607,0,0,12152,174248,0.021435,9,32,4e-06,12152,174280,0.021439,8129050
3,2021-01-05,15930,189986,8273,138722,7657,51264,0,0,14215,186801,0.022979,1696,1728,0.000213,14249,188529,0.023192,8129050
3,2021-01-06,20784,210770,11028,149750,9756,61020,0,0,16139,198354,0.024401,4597,6325,0.000778,16150,204679,0.025179,8129050
3,2021-01-07,26855,237625,15368,165118,11487,72507,0,0,17278,206116,0.025355,9538,15863,0.001951,17300,221979,0.027307,8129050
3,2021-01-08,30878,268503,18850,183968,12028,84535,0,0,18254,211797,0.026054,12600,28463,0.003501,18281,240260,0.029556,8129050
3,2021-01-09,12573,281076,7109,191077,5464,89999,0,0,8003,215248,0.026479,4562,33025,0.004063,8013,248273,0.030541,8129050
3,2021-01-10,7284,288360,4513,195590,2771,92770,0,0,4106,216186,0.026594,3176,36201,0.004453,4114,252387,0.031048,8129050
3,2021-01-11,29403,317763,19267,214857,10136,102906,0,0,16621,220088,0.027074,12769,48970,0.006024,16671,269058,0.033098,8129050
3,2021-01-12,32924,350687,19636,234493,13288,116194,0,0,20150,227636,0.028003,12755,61725,0.007593,20303,289361,0.035596,8129050
3,2021-01-13,34901,385588,18236,252729,16665,132859,0,0,24576,241923,0.02976,10320,72045,0.008863,24607,313968,0.038623,8129050
3,2021-01-14,35035,420623,14314,267043,20721,153580,0,0,29067,265097,0.032611,5936,77981,0.009593,29110,343078,0.042204,8129050
3,2021-01-15,39342,459965,14605,281648,24737,178317,0,0,34602,295059,0.036297,4720,82701,0.010174,34682,377760,0.04647,8129050
3,2021-01-16,22042,482007,7522,289170,14520,192837,0,0,19650,312352,0.038424,2381,85082,0.010466,19674,397434,0.048891,8129050
3,2021-01-17,13202,495209,4489,293659,8713,201550,0,0,12106,323380,0.039781,1096,86178,0.010601,12124,409558,0.050382,8129050
3,2021-01-18,24988,520197,13057,306716,11931,213481,0,0,19295,337018,0.041458,5708,91886,0.011303,19346,428904,0.052762,8129050
3,2021-01-19,41589,561786,21209,327925,20380,233861,0,0,32173,359894,0.044273,9387,101273,0.012458,32263,461167,0.056731,8129050
3,2021-01-20,46556,608342,23178,351103,23378,257239,0,0,36820,387113,0.047621,9688,110961,0.01365,36907,498074,0.061271,8129050
3,2021-01-21,48590,656932,21106,372209,27484,284723,0,0,42928,424548,0.052226,5579,116540,0.014336,43014,541088,0.066562,8129050
3,2021-01-22,50188,707120,20008,392217,30180,314903,0,0,45883,466205,0.05735,4302,120842,0.014865,45959,587047,0.072216,8129050
3,2021-01-23,30658,737778,12885,405102,17773,332676,0,0,27327,490274,0.060311,3320,124162,0.015274,27389,614436,0.075585,8129050
3,2021-01-24,18088,755866,8542,413644,9546,342222,0,0,16887,505997,0.062246,1197,125359,0.015421,16920,631356,0.077667,8129050
3,2021-01-25,41299,797165,18405,432049,22894,365116,0,0,31142,527100,0.064842,10134,135493,0.016668,31237,662593,0.081509,8129050
3,2021-01-26,47741,844906,22801,454850,24940,390056,0,0,37378,554242,0.06818,10349,145842,0.017941,37491,700084,0.086121,8129050
3,2021-01-27,52029,896935,24765,479615,27264,417320,0,0,41172,584716,0.071929,10785,156627,0.019268,41259,741343,0.091197,8129050
3,2021-01-28,52695,949630,24436,504051,28259,445579,0,0,43568,619313,0.076185,9033,165660,0.020379,43630,784973,0.096564,8129050
3,2021-01-29,51673,1001303,24713,528764,26960,472539,0,0,41746,651383,0.08013,9729,175389,0.021576,41799,826772,0.101706,8129050
3,2021-01-30,37836,1039139,17818,546582,20018,492557,0,0,33071,679837,0.083631,4711,180100,0.022155,33165,859937,0.105786,8129050
3,2021-01-31,22918,1062057,12891,559473,10027,502584,0,0,21467,699898,0.086098,1432,181532,0.022331,21493,881430,0.10843,8129050
3,2021-02-01,46656,1108713,21356,580829,25300,527884,0,0,35535,724422,0.089115,11054,192586,0.023691,35578,917008,0.112806,8129050
3,2021-02-02,55034,1163747,22964,603793,32070,559954,0,0,42404,754351,0.092797,12529,205115,0.025232,42458,959466,0.118029,8129050
3,2021-02-03,60556,1224303,26916,630709,33640,593594,0,0,44945,783925,0.096435,15448,220563,0.027133,45022,1004488,0.123568,8129050
3,2021-02-04,65018,1289321,28150,658859,36868,630462,0,0,47537,814324,0.100175,17266,237829,0.029257,47665,1052153,0.129431,8129050
3,2021-02-05,71268,1360589,30026,688885,41242,671704,0,0,49173,841885,0.103565,21835,259664,0.031943,49396,1101549,0.135508,8129050
3,2021-02-06,44047,1404636,21072,709957,22975,694679,0,0,34288,866661,0.106613,9711,269375,0.033137,34487,1136036,0.13975,8129050
3,2021-02-07,19919,1424555,12674,722631,7245,701924,0,0,15290,877472,0.107943,4610,273985,0.033704,15421,1151457,0.141647,8129050
3,2021-02-08,51974,1476529,25096,747727,26878,728802,0,0,34011,893865,0.109959,17822,291807,0.035897,34215,1185672,0.145856,8129050
3,2021-02-09,59296,1535825,28767,776494,30529,759331,0,0,34596,904332,0.111247,24488,316295,0.038909,34955,1220627,0.150156,8129050
3,2021-02-10,68916,1604741,32070,808564,36846,796177,0,0,36868,909987,0.111943,31743,348038,0.042814,37398,1258025,0.154757,8129050
3,2021-02-11,71455,1676196,35120,843684,36335,832512,0,0,37834,915161,0.112579,33218,381256,0.0469,38392,1296417,0.15948,8129050
3,2021-02-12,76410,1752606,32906,876590,43504,876016,0,0,42080,924043,0.113672,33979,415235,0.05108,42861,1339278,0.164752,8129050
3,2021-02-13,45565,1798171,20622,897212,24943,900959,0,0,26084,931364,0.114572,19359,434594,0.053462,26680,1365958,0.168034,8129050
3,2021-02-14,27610,1825781,13770,910982,13840,914799,0,0,15301,934896,0.115007,12240,446834,0.054968,15772,1381730,0.169974,8129050
3,2021-02-15,40578,1866359,17480,928462,23098,937897,0,0,22362,940119,0.115649,18098,464932,0.057194,23321,1405051,0.172843,8129050
3,2021-02-16,70973,1937332,33587,962049,37386,975283,0,0,36709,943787,0.116101,34096,499028,0.061388,37764,1442815,0.177489,8129050
3,2021-02-17,72740,2010072,36739,998788,36001,1011284,0,0,34345,941081,0.115768,38126,537154,0.066078,35420,1478235,0.181846,8129050
3,2021-02-18,77924,2087996,40704,1039492,37220,1048504,0,0,35892,936514,0.115206,41814,578968,0.071222,37247,1515482,0.186428,8129050
3,2021-02-19,69989,2157985,40303,1079795,29686,1078190,0,0,35251,937890,0.115375,34558,613526,0.075473,35934,1551416,0.190848,8129050
3,2021-02-20,43554,2201539,27463,1107258,16091,1094281,0,0,22644,940291,0.11567,20783,634309,0.07803,23184,1574600,0.1937,8129050
3,2021-02-21,24526,2226065,19692,1126950,4834,1099115,0,0,11785,939869,0.115619,12630,646939,0.079584,12208,1586808,0.195202,8129050
3,2021-02-22,47997,2274062,31246,1158196,16751,1115866,0,0,22426,937385,0.115313,25414,672353,0.08271,22930,1609738,0.198023,8129050
3,2021-02-23,64194,2338256,34838,1193034,29356,1145222,0,0,27897,931258,0.114559,36045,708398,0.087144,29918,1639656,0.201703,8129050
3,2021-02-24,80381,2418637,39513,1232547,40868,1186090,0,0,35323,924353,0.11371,44782,753180,0.092653,37877,1677533,0.206363,8129050
3,2021-02-25,90092,2508729,43893,1276440,46199,1232289,0,0,44688,926599,0.113986,45075,798255,0.098198,47321,1724854,0.212184,8129050
3,2021-02-26,101141,2609870,46238,1322678,54903,1287192,0,0,53147,934436,0.11495,47546,845801,0.104047,55383,1780237,0.218997,8129050
3,2021-02-27,71709,2681579,32932,1355610,38773,1325965,4,4,37582,939481,0.115571,33875,879676,0.108214,38920,1819157,0.223785,8129050
3,2021-02-28,41844,2723423,24176,1379786,17663,1343628,5,9,21152,941134,0.115774,20481,900157,0.110733,22134,1841291,0.226508,8129050
3,2021-03-01,70898,2794321,37556,1417342,33283,1376911,59,68,39352,950661,0.116946,31268,931425,0.11458,40795,1882086,0.231526,8129050
3,2021-03-02,82284,2876605,40558,1457900,41711,1418622,15,83,47372,965464,0.118767,34726,966151,0.118852,49529,1931615,0.237619,8129050
3,2021-03-03,92287,2968892,44159,1502059,48090,1466712,38,121,51463,978717,0.120397,40562,1006713,0.123841,53815,1985430,0.244239,8129050
3,2021-03-04,96672,3065564,47287,1549346,49360,1516072,25,146,54616,993898,0.122265,41782,1048495,0.128981,56963,2042393,0.251246,8129050
3,2021-03-05,93068,3158632,45452,1594798,47313,1563385,303,449,56132,1015968,0.12498,36630,1085125,0.133487,58700,2101093,0.258467,8129050
3,2021-03-06,66533,3225165,33722,1628520,30638,1594023,2173,2622,37871,1028977,0.12658,28493,1113618,0.136992,41502,2142595,0.263573,8129050
3,2021-03-07,39556,3264721,22810,1651330,14822,1608845,1924,4546,22223,1037033,0.127571,17247,1130865,0.139114,25303,2167898,0.266685,8129050
3,2021-03-08,60745,3325466,28906,1680236,28804,1637649,3035,7581,38363,1057750,0.13012,22203,1153068,0.141845,42920,2210818,0.271965,8129050
3,2021-03-09,78078,3403544,36029,1716265,37545,1675194,4504,12085,41895,1069268,0.131537,36004,1189072,0.146274,47522,2258340,0.277811,8129050
3,2021-03-10,84198,3487742,41870,1758135,36153,1711347,6175,18260,43912,1080670,0.132939,40040,1229112,0.1512,51442,2309782,0.284139,8129050
3,2021-03-11,98425,3586167,48158,1806293,41575,1752922,8692,26952,48093,1088457,0.133897,50025,1279137,0.157354,57812,2367594,0.291251,8129050
3,2021-03-12,103155,3689322,46070,1852363,45147,1798069,11938,38890,47008,1092569,0.134403,55865,1335002,0.164226,59977,2427571,0.298629,8129050
3,2021-03-13,71075,3760397,29941,1882304,33822,1831891,7312,46202,37487,1105228,0.13596,33429,1368431,0.168338,46088,2473659,0.304299,8129050
3,2021-03-14,41619,3802016,21734,1904038,16306,1848197,3579,49781,20957,1109811,0.136524,20560,1388991,0.170868,25143,2498802,0.307392,8129050
3,2021-03-15,76448,3878464,36256,1940294,35596,1883793,4596,54377,40224,1119631,0.137732,35959,1424950,0.175291,45779,2544581,0.313023,8129050
3,2021-03-16,95916,3974380,44240,1984534,47290,1931083,4386,58763,53804,1136869,0.139853,41831,1466781,0.180437,59069,2603650,0.32029,8129050
3,2021-03-17,99298,4073678,48218,2032752,46489,1977572,4591,63354,60169,1163395,0.143116,38856,1505637,0.185217,65382,2669032,0.328333,8129050
3,2021-03-18,104622,4178300,53155,2085907,46865,2024437,4602,67956,59808,1183829,0.145629,44491,1550128,0.19069,64925,2733957,0.336319,8129050
3,2021-03-19,104203,4282503,55915,2141822,43783,2068220,4505,72461,57865,1200687,0.147703,46024,1596152,0.196352,62882,2796839,0.344055,8129050
3,2021-03-20,72603,4355106,37412,2179234,31460,2099680,3731,76192,44565,1221636,0.15028,27806,1623958,0.199772,48755,2845594,0.350052,8129050
3,2021-03-21,36642,4391748,24872,2204106,10242,2109922,1528,77720,21992,1231105,0.151445,14523,1638481,0.201559,23992,2869586,0.353004,8129050
3,2021-03-22,71202,4462950,41843,2245949,26814,2136736,2545,80265,45163,1254057,0.154269,25759,1664240,0.204727,48711,2918297,0.358996,8129050
3,2021-03-23,90683,4553633,50154,2296103,37940,2174676,2589,82854,55147,1277254,0.157122,35231,1699471,0.209061,58428,2976725,0.366184,8129050
3,2021-03-24,99679,4653312,57361,2353464,39355,2214031,2963,85817,56227,1293989,0.159181,43048,1742519,0.214357,59783,3036508,0.373538,8129050
3,2021-03-25,108413,4761725,60201,2413665,45167,2259198,3045,88862,60551,1310744,0.161242,47471,1789990,0.220197,64226,3100734,0.381439,8129050
3,2021-03-26,111794,4873519,59962,2473627,48447,2307645,3385,92247,57106,1317757,0.162105,54305,1844295,0.226877,61318,3162052,0.388982,8129050
3,2021-03-27,75308,4948827,38292,2511919,34453,2342098,2563,94810,36180,1318292,0.16217,38867,1883162,0.231658,39402,3201454,0.393829,8129050
3,2021-03-28,44785,4993612,28229,2540148,15734,2357832,822,95632,22446,1320005,0.162381,22204,1905366,0.23439,23917,3225371,0.396771,8129050
3,2021-03-29,81635,5075247,42632,2582780,37135,2394967,1868,97500,44275,1329922,0.163601,37075,1942441,0.238951,46992,3272363,0.402552,8129050
3,2021-03-30,101279,5176526,49784,2632564,47775,2442742,3720,101220,56267,1345775,0.165551,44724,1987165,0.244452,60577,3332940,0.410004,8129050
3,2021-03-31,105955,5282481,57138,2689702,43914,2486656,4903,106123,56232,1357781,0.167028,49438,2036603,0.250534,61444,3394384,0.417562,8129050
3,2021-04-01,125046,5407527,63190,2752892,51980,2538636,9876,115999,66979,1377271,0.169426,57579,2094182,0.257617,77069,3471453,0.427043,8129050
3,2021-04-02,118877,5526404,57987,2810879,50431,2589067,10459,126458,62254,1394082,0.171494,56286,2150468,0.264541,73097,3544550,0.436035,8129050
3,2021-04-03,76619,5603023,39204,2850083,28116,2617183,9299,135757,38045,1403297,0.172627,38393,2188861,0.269264,47608,3592158,0.441891,8129050
3,2021-04-04,32649,5635672,17457,2867540,10938,2628121,4254,140011,14235,1403446,0.172646,18320,2207181,0.271518,18469,3610627,0.444163,8129050
3,2021-04-05,90412,5726084,45884,2913424,35178,2663299,9350,149361,43745,1410895,0.173562,46411,2253592,0.277227,53860,3664487,0.450789,8129050
3,2021-04-06,114356,5840440,55649,2969073,43380,2706679,15327,164688,53506,1419820,0.17466,60540,2314132,0.284674,69465,3733952,0.459334,8129050
3,2021-04-07,117173,5957613,60623,3029696,40147,2746826,16403,181091,56337,1432250,0.176189,60536,2374668,0.292121,72966,3806918,0.46831,8129050
3,2021-04-08,122247,6079860,60840,3090536,41082,2787908,20325,201416,56504,1444366,0.17768,65398,2440066,0.300166,77514,3884432,0.477846,8129050
3,2021-04-09,119393,6199253,59428,3149964,40650,2828558,19315,220731,52255,1449884,0.178358,66850,2506916,0.30839,72368,3956800,0.486748,8129050
3,2021-04-10,84957,6284210,38129,3188093,31442,2860000,15386,236117,34517,1450311,0.178411,50220,2557136,0.314568,50647,4007447,0.492979,8129050
3,2021-04-11,45559,6329769,24379,3212472,13081,2873081,8099,244216,17277,1448303,0.178164,28172,2585308,0.318033,26164,4033611,0.496197,8129050
3,2021-04-12,84632,6414401,42724,3255196,33000,2906081,8908,253124,38109,1450131,0.178389,46242,2631550,0.323722,48070,4081681,0.50211,8129050
3,2021-04-13,106168,6520569,57480,3312676,48475,2954556,213,253337,55745,1456830,0.179213,50148,2681698,0.329891,56847,4138528,0.509104,8129050
3,2021-04-14,108391,6628960,59267,3371943,49014,3003570,110,253447,53747,1457822,0.179335,54308,2736006,0.336571,55300,4193828,0.515906,8129050
3,2021-04-15,120090,6749050,67559,3439502,52445,3056015,86,253533,63827,1466669,0.180423,55887,2791893,0.343446,64734,4258562,0.52387,8129050
3,2021-04-16,116267,6865317,65199,3504701,50970,3106985,98,253631,60433,1472378,0.181125,55492,2847385,0.350273,61201,4319763,0.531398,8129050
3,2021-04-17,79952,6945269,43587,3548288,36349,3143334,16,253647,44373,1482417,0.18236,35329,2882714,0.354619,45368,4365131,0.536979,8129050
3,2021-04-18,39107,6984376,23648,3571936,15449,3158783,10,253657,18275,1480894,0.182173,20691,2903405,0.357164,19168,4384299,0.539337,8129050
3,2021-04-19,79646,7064022,44310,3616246,35276,3194059,60,253717,35669,1473402,0.181251,43740,2947145,0.362545,36248,4420547,0.543796,8129050
3,2021-04-20,101342,7165364,53355,3669601,47965,3242024,22,253739,48752,1470940,0.180949,52280,2999425,0.368976,49818,4470365,0.549925,8129050
3,2021-04-21,106586,7271950,59842,3729443,46661,3288685,83,253822,50125,1466203,0.180366,56038,3055463,0.37587,51301,4521666,0.556235,8129050
3,2021-04-22,112715,7384665,63349,3792792,49336,3338021,30,253852,48253,1451387,0.178543,64060,3119523,0.38375,49244,4570910,0.562293,8129050
3,2021-04-23,107015,7491680,61233,3854025,45750,3383771,32,253884,46713,1439242,0.177049,59912,3179435,0.39112,47767,4618677,0.568169,8129050
3,2021-04-24,74461,7566141,45942,3899967,28445,3412216,74,253958,36165,1438498,0.176958,37994,3217429,0.395794,37250,4655927,0.572752,8129050
3,2021-04-25,37186,7603327,23728,3923695,13440,3425656,18,253976,18929,1439764,0.177113,18085,3235514,0.398019,19351,4675278,0.575132,8129050
3,2021-04-26,74506,7677833,42113,3965808,31974,3457630,419,254395,31675,1430685,0.175997,42526,3278040,0.40325,33447,4708725,0.579247,8129050
3,2021-04-27,91743,7769576,48167,4013975,41814,3499444,1762,256157,36254,1414324,0.173984,55154,3333194,0.410035,38793,4747518,0.584019,8129050
3,2021-04-28,87553,7857129,49736,4063711,35662,3535106,2155,258312,35623,1401046,0.172351,51603,3384797,0.416383,38325,4785843,0.588733,8129050
3,2021-04-29,89862,7946991,51344,4115055,36279,3571385,2239,260551,31971,1378229,0.169544,57515,3442312,0.423458,34698,4820541,0.593002,8129050
3,2021-04-30,91416,8038407,51583,4166638,37337,3608722,2496,263047,33954,1358085,0.167066,57058,3499370,0.430477,36914,4857455,0.597543,8129050
3,2021-05-01,56048,8094455,35107,4201745,19447,3628169,1494,264541,20178,1344698,0.165419,35551,3534921,0.43485,22164,4879619,0.600269,8129050
3,2021-05-02,27157,8121612,18543,4220288,7590,3635759,1024,265565,9947,1338676,0.164678,17092,3552013,0.436953,11070,4890689,0.601631,8129050
3,2021-05-03,60228,8181840,35372,4255660,22471,3658230,2385,267950,17513,1316295,0.161925,42460,3594473,0.442176,20079,4910768,0.604101,8129050
3,2021-05-04,78089,8259929,45150,4300810,30244,3688474,2695,270645,22625,1286741,0.158289,55144,3649617,0.44896,25590,4936358,0.607249,8129050
3,2021-05-05,79628,8339557,47807,4348617,29096,3717570,2725,273370,21973,1254453,0.154317,57284,3706901,0.456007,24996,4961354,0.610324,8129050
3,2021-05-06,83944,8423501,53118,4401735,28278,3745848,2548,275918,20648,1215409,0.149514,62781,3769682,0.46373,23737,4985091,0.613244,8129050
3,2021-05-07,82959,8506460,51688,4453423,28619,3774467,2652,278570,21879,1179546,0.145103,60693,3830375,0.471196,24830,5009921,0.616298,8129050
3,2021-05-08,53013,8559473,32869,4486292,18411,3792878,1733,280303,14005,1156829,0.142308,38721,3869096,0.475959,16004,5025925,0.618267,8129050
3,2021-05-09,21099,8580572,15425,4501717,4879,3797757,795,281098,5485,1147668,0.141181,15510,3884606,0.477867,6349,5032274,0.619048,8129050
3,2021-05-10,48469,8629041,26091,4527808,20457,3818214,1921,283019,11205,1124007,0.13827,37042,3921648,0.482424,13381,5045655,0.620694,8129050
3,2021-05-11,64566,8693607,36223,4564031,26109,3844323,2234,285253,16212,1094836,0.134682,48084,3969732,0.488339,18913,5064568,0.623021,8129050
3,2021-05-12,65288,8758895,37518,4601549,25352,3869675,2418,287671,16641,1065862,0.131118,48353,4018085,0.494287,19379,5083947,0.625405,8129050
3,2021-05-13,75920,8834815,47848,4649397,26142,3895817,1930,289601,27666,1048103,0.128933,47981,4066066,0.50019,30222,5114169,0.629123,8129050
3,2021-05-14,80880,8915695,51055,4700452,27663,3923480,2162,291763,31284,1032874,0.12706,49276,4115342,0.506251,34047,5148216,0.633311,8129050
3,2021-05-15,62551,8978246,43126,4743578,18195,3941675,1230,292993,25840,1023698,0.125931,36480,4151822,0.510739,27304,5175520,0.63667,8129050
3,2021-05-16,33342,9011588,24939,4768517,7711,3949386,692,293685,13455,1018181,0.125252,19758,4171580,0.513169,14241,5189761,0.638422,8129050
3,2021-05-17,57267,9068855,36456,4804973,18949,3968335,1862,295547,21083,1005441,0.123685,35894,4207474,0.517585,23154,5212915,0.64127,8129050
3,2021-05-18,64828,9133683,38259,4843232,24689,3993024,1880,297427,24339,991854,0.122014,40200,4247674,0.52253,26613,5239528,0.644544,8129050
3,2021-05-19,64299,9197982,39072,4882304,23461,4016485,1766,299193,24862,979596,0.120506,39167,4286841,0.527348,26909,5266437,0.647854,8129050
3,2021-05-20,62162,9260144,36371,4918675,23929,4040414,1862,301055,22289,964519,0.118651,39569,4326410,0.532216,24492,5290929,0.650867,8129050
3,2021-05-21,66518,9326662,40431,4959106,23970,4064384,2117,303172,23762,948300,0.116656,42407,4368817,0.537433,26188,5317117,0.654088,8129050
3,2021-05-22,46036,9372698,30516,4989622,14044,4078428,1476,304648,19151,942536,0.115947,26647,4395464,0.540711,20883,5338000,0.656657,8129050
3,2021-05-23,21840,9394538,15109,5004731,6075,4084503,656,305304,9232,940025,0.115638,12512,4407976,0.54225,10001,5348001,0.657888,8129050
3,2021-05-24,39909,9434447,23358,5028089,14776,4099279,1775,307079,14793,931887,0.114637,24904,4432880,0.545313,16766,5364767,0.65995,8129050
3,2021-05-25,43146,9477593,24284,5052373,17165,4116444,1697,308776,15303,921576,0.113368,27543,4460423,0.548702,17232,5381999,0.66207,8129050
3,2021-05-26,42738,9520331,24455,5076828,16537,4132981,1746,310522,16006,913041,0.112318,26424,4486847,0.551952,17889,5399888,0.66427,8129050
3,2021-05-27,39672,9560003,22246,5099074,15665,4148646,1761,312283,15513,906591,0.111525,23975,4510822,0.554901,17525,5417413,0.666426,8129050
3,2021-05-28,43256,9603259,24462,5123536,16982,4165628,1812,314095,17996,901682,0.110921,25038,4535860,0.557982,20129,5437542,0.668903,8129050
3,2021-05-29,23631,9626890,14442,5137978,8348,4173976,841,314936,11006,901189,0.11086,12474,4548334,0.559516,11981,5449523,0.670376,8129050
3,2021-05-30,10670,9637560,6918,5144896,3115,4177091,637,315573,4481,900243,0.110744,6108,4554442,0.560267,5162,5454685,0.671011,8129050
3,2021-05-31,4705,9642265,2726,5147622,1712,4178803,267,315840,1472,898835,0.110571,3176,4557618,0.560658,1768,5456453,0.671229,8129050
3,2021-06-01,38070,9680335,21913,5169535,14697,4193500,1460,317300,13317,889314,0.109399,24490,4582108,0.563671,14969,5471422,0.67307,8129050
3,2021-06-02,31786,9712121,18307,5187842,12055,4205555,1424,318724,11763,882838,0.108603,19805,4601913,0.566107,13329,5484751,0.67471,8129050
3,2021-06-03,39924,9752045,27315,5215157,11164,4216719,1445,320169,11531,867847,0.106759,28207,4630120,0.569577,13216,5497967,0.676336,8129050
3,2021-06-04,46636,9798681,32994,5248151,12088,4228807,1554,321723,13300,850050,0.104569,33072,4663192,0.573645,15275,5513242,0.678215,8129050
3,2021-06-05,34551,9833232,26050,5274201,7311,4236118,1190,322913,8759,834621,0.102671,25577,4688769,0.576792,10148,5523390,0.679463,8129050
3,2021-06-06,14699,9847931,12267,5286468,1845,4237963,587,323500,3701,828145,0.101875,10932,4699701,0.578137,4456,5527846,0.680011,8129050
3,2021-06-07,30670,9878601,22289,5308757,7092,4245055,1289,324789,8884,816815,0.100481,21621,4721322,0.580796,10291,5538137,0.681277,8129050
3,2021-06-08,34454,9913055,24717,5333474,8436,4253491,1301,326090,9952,804011,0.098906,24284,4745606,0.583784,11480,5549617,0.682689,8129050
3,2021-06-09,33096,9946151,24001,5357475,7786,4261277,1309,327399,8880,790338,0.097224,24028,4769634,0.586739,10355,5559972,0.683963,8129050
3,2021-06-10,32634,9978785,23531,5381006,7563,4268840,1540,328939,8979,777567,0.095653,23491,4793125,0.589629,10720,5570692,0.685282,8129050
3,2021-06-11,35841,10014626,25349,5406355,9111,4277951,1381,330320,10657,764805,0.094083,24977,4818102,0.592702,12215,5582907,0.686785,8129050
3,2021-06-12,25415,10040041,19168,5425523,5348,4283299,899,331219,6726,754029,0.092757,18565,4836667,0.594986,7789,5590696,0.687743,8129050
3,2021-06-13,10210,10050251,7650,5433173,2068,4285367,492,331711,2388,749216,0.092165,7768,4844435,0.595941,2955,5593651,0.688106,8129050
3,2021-06-14,26030,10076281,18671,5451844,5920,4291287,1439,333150,8149,741207,0.09118,17741,4862176,0.598124,9732,5603383,0.689304,8129050
3,2021-06-15,29032,10105313,19655,5471499,7851,4299138,1526,334676,9764,733643,0.09025,19024,4881200,0.600464,11460,5614843,0.690713,8129050
3,2021-06-16,26159,10131472,18595,5490094,6132,4305270,1432,336108,8851,726956,0.089427,17120,4898320,0.60257,10433,5625276,0.691997,8129050
3,2021-06-17,25008,10156480,17905,5507999,5801,4311071,1302,337410,8686,720927,0.088685,16157,4914477,0.604557,10128,5635404,0.693243,8129050
3,2021-06-18,28070,10184550,19816,5527815,6680,4317751,1574,338984,9801,714434,0.087887,18035,4932512,0.606776,11542,5646946,0.694662,8129050
3,2021-06-19,16056,10200606,11794,5539609,3401,4321152,861,339845,5741,710960,0.087459,10185,4942697,0.608029,6711,5653657,0.695488,8129050
3,2021-06-20,6897,10207503,5173,5544782,1422,4322574,302,340147,2611,709699,0.087304,4227,4946924,0.608549,2966,5656623,0.695853,8129050
3,2021-06-21,16269,10223772,10263,5555045,4599,4327173,1407,341554,8092,711237,0.087493,8082,4955006,0.609543,9620,5666243,0.697036,8129050
3,2021-06-22,22132,10245904,15510,5570555,5321,4332494,1301,342855,8262,707218,0.086999,13736,4968742,0.611233,9717,5675960,0.698232,8129050
3,2021-06-23,20315,10266219,14219,5584774,4750,4337244,1346,344201,8022,704551,0.086671,12173,4980915,0.61273,9506,5685466,0.699401,8129050
3,2021-06-24,20020,10286239,13930,5598704,4631,4341875,1459,345660,7812,701905,0.086345,12024,4992939,0.614209,9378,5694844,0.700555,8129050
3,2021-06-25,23397,10309636,16602,5615306,5370,4347245,1425,347085,9133,698467,0.085922,14124,5007063,0.615947,10686,5705530,0.701869,8129050
3,2021-06-26,14062,10323698,10445,5625751,2842,4350087,775,347860,5870,697187,0.085765,8083,5015146,0.616941,6803,5712333,0.702706,8129050
3,2021-06-27,6761,10330459,5239,5630990,1214,4351301,308,348168,2893,696602,0.085693,3821,5018967,0.617411,3236,5715569,0.703104,8129050
3,2021-06-28,16137,10346596,12418,5643408,2634,4353935,1085,349253,6796,695400,0.085545,9190,5028157,0.618542,7988,5723557,0.704087,8129050
3,2021-06-29,18181,10364777,12810,5656218,4358,4358293,1013,350266,7463,693439,0.085304,10569,5038726,0.619842,8608,5732165,0.705146,8129050
3,2021-06-30,17203,10381980,12199,5668417,3958,4362251,1046,351312,7432,692461,0.085184,9604,5048330,0.621023,8626,5740791,0.706207,8129050
3,2021-07-01,16482,10398462,11751,5680168,3653,4365904,1078,352390,6963,691223,0.085031,9379,5057709,0.622177,8141,5748932,0.707208,8129050
3,2021-07-02,18608,10417070,13232,5693400,4271,4370175,1105,353495,7966,689869,0.084865,10520,5068229,0.623471,9166,5758098,0.708336,8129050
3,2021-07-03,10176,10427246,7358,5700758,2377,4372552,441,353936,4371,689058,0.084765,5725,5073954,0.624176,4914,5763012,0.70894,8129050
3,2021-07-04,732,10427978,430,5701188,215,4372767,87,354023,283,689004,0.084758,440,5074394,0.62423,386,5763398,0.708988,8129050
3,2021-07-05,9581,10437559,7012,5708200,2146,4374913,423,354446,4329,688639,0.084713,5180,5079574,0.624867,4815,5768213,0.70958,8129050
3,2021-07-06,19231,10456790,13940,5722140,4164,4379077,1127,355573,6959,684759,0.084236,12089,5091663,0.626354,8209,5776422,0.71059,8129050
3,2021-07-07,15804,10472594,11216,5733356,3465,4382542,1123,356696,6364,683053,0.084026,9300,5100963,0.627498,7594,5784016,0.711524,8129050
3,2021-07-08,15390,10487984,11125,5744481,3265,4385807,1000,357696,6214,681332,0.083814,9024,5109987,0.628608,7303,5791319,0.712423,8129050
3,2021-07-09,17690,10505674,12341,5756822,4127,4389934,1222,358918,7326,679762,0.083621,10227,5120214,0.629866,8657,5799976,0.713488,8129050
3,2021-07-10,10910,10516584,8037,5764859,2205,4392139,668,359586,4630,678942,0.08352,6208,5126422,0.63063,5388,5805364,0.71415,8129050
3,2021-07-11,5131,10521715,3800,5768659,1056,4393195,275,359861,2315,678786,0.083501,2766,5129188,0.63097,2610,5807974,0.714471,8129050
3,2021-07-12,14370,10536085,10487,5779146,2879,4396074,1004,360865,5747,677062,0.083289,8543,5137731,0.632021,6819,5814793,0.71531,8129050
3,2021-07-13,15195,10551280,10734,5789880,3548,4399622,913,361778,6679,676321,0.083198,8414,5146145,0.633056,7673,5822466,0.716254,8129050
3,2021-07-14,14475,10565755,10281,5800161,3273,4402895,921,362699,6473,675874,0.083143,7901,5154046,0.634028,7454,5829920,0.717171,8129050
3,2021-07-15,14765,10580520,10673,5810834,3250,4406145,842,363541,6758,675642,0.083115,7905,5161951,0.635001,7673,5837593,0.718115,8129050
3,2021-07-16,17807,10598327,12804,5823638,4107,4410252,896,364437,8504,675920,0.083149,9193,5171144,0.636131,9471,5847064,0.71928,8129050
3,2021-07-17,11304,10609631,8280,5831918,2491,4412743,533,364970,5381,676052,0.083165,5848,5176992,0.636851,5980,5853044,0.720016,8129050
3,2021-07-18,5758,10615389,4350,5836268,1157,4413900,251,365221,2831,676277,0.083193,2883,5179875,0.637205,3108,5856152,0.720398,8129050
3,2021-07-19,14917,10630306,10916,5847184,3121,4417021,880,366101,7315,677045,0.083287,7500,5187375,0.638128,8268,5864420,0.721415,8129050
3,2021-07-20,16558,10646864,11524,5858708,4131,4421152,903,367004,8511,678612,0.08348,7928,5195303,0.639103,9495,5873915,0.722583,8129050
3,2021-07-21,15989,10662853,11322,5870030,3799,4424951,868,367872,8039,679777,0.083623,7819,5203122,0.640065,8984,5882899,0.723688,8129050
3,2021-07-22,16361,10679214,11557,5881587,3838,4428789,966,368838,8482,681534,0.083839,7753,5210875,0.641019,9510,5892409,0.724858,8129050
3,2021-07-23,19290,10698504,13752,5895339,4525,4433314,1013,369851,10358,684209,0.084168,8784,5219659,0.6421,11459,5903868,0.726268,8129050
3,2021-07-24,11580,10710084,8337,5903676,2664,4435978,579,370430,6397,686119,0.084403,5103,5224762,0.642727,7013,5910881,0.727131,8129050
3,2021-07-25,5660,10715744,4242,5907918,1208,4437186,210,370640,4085,688939,0.08475,1525,5226287,0.642915,4345,5915226,0.727665,8129050
3,2021-07-26,15503,10731247,10790,5918708,3746,4440932,967,371607,9372,693321,0.085289,6018,5232305,0.643655,10400,5925626,0.728944,8129050
3,2021-07-27,17500,10748747,12373,5931081,4148,4445080,979,372586,10025,697057,0.085749,7341,5239646,0.644558,11077,5936703,0.730307,8129050
3,2021-07-28,17057,10765804,12205,5943286,3817,4448897,1035,373621,9844,700917,0.086224,7069,5246715,0.645428,10929,5947632,0.731652,8129050
3,2021-07-29,16871,10782675,12145,5955431,3693,4452590,1033,374654,9954,705237,0.086755,6740,5253455,0.646257,11060,5958692,0.733012,8129050
3,2021-07-30,19650,10802325,13870,5969301,4689,4457279,1091,375745,11404,709786,0.087315,8035,5261490,0.647245,12584,5971276,0.73456,8129050
3,2021-07-31,12236,10814561,8866,5978167,2716,4459995,654,376399,7129,712672,0.08767,4962,5266452,0.647856,7848,5979124,0.735526,8129050
3,2021-08-01,6507,10821068,4958,5983125,1289,4461284,260,376659,4205,714936,0.087948,2236,5268688,0.648131,4500,5983624,0.736079,8129050
3,2021-08-02,16603,10837671,12046,5995171,3625,4464909,932,377591,10319,720094,0.088583,6156,5274844,0.648888,11314,5994938,0.737471,8129050
3,2021-08-03,18469,10856140,13332,6008503,4024,4468933,1113,378704,11003,724974,0.089183,7288,5282132,0.649785,12168,6007106,0.738968,8129050
3,2021-08-04,17595,10873735,12640,6021143,3940,4472873,1015,379719,10481,729566,0.089748,6953,5289085,0.65064,11545,6018651,0.740388,8129050
3,2021-08-05,17969,10891704,12988,6034131,3826,4476699,1155,380874,10845,734674,0.090376,6961,5296046,0.651496,12069,6030720,0.741873,8129050
3,2021-08-06,21774,10913478,15777,6049908,4834,4481533,1163,382037,12870,740071,0.09104,8702,5304748,0.652567,14099,6044819,0.743607,8129050
3,2021-08-07,12798,10926276,9510,6059418,2656,4484189,632,382669,7487,743071,0.091409,5170,5309918,0.653203,8170,6052989,0.744612,8129050
3,2021-08-08,7582,10933858,5802,6065220,1538,4485727,242,382911,4675,745202,0.091671,2822,5312740,0.65355,4953,6057942,0.745221,8129050
3,2021-08-09,18359,10952217,13726,6078946,3537,4489264,1096,384007,10366,748906,0.092127,7831,5320571,0.654513,11535,6069477,0.74664,8129050
3,2021-08-10,18578,10970795,13595,6092541,3966,4493230,1017,385024,10468,752490,0.092568,7940,5328511,0.65549,11524,6081001,0.748058,8129050
3,2021-08-11,16583,10987378,11999,6104540,3546,4496776,1038,386062,9230,755664,0.092958,7149,5335660,0.656369,10323,6091324,0.749328,8129050
3,2021-08-12,18141,11005519,12792,6117332,4257,4501033,1092,387154,9957,758791,0.093343,7970,5343630,0.65735,11097,6102421,0.750693,8129050
3,2021-08-13,22643,11028162,16056,6133388,5408,4506441,1179,388333,12331,762500,0.093799,9871,5353501,0.658564,13580,6116001,0.752364,8129050
3,2021-08-14,14706,11042868,10351,6143739,3733,4510174,622,388955,7663,764721,0.094073,6118,5359619,0.659317,8339,6124340,0.753389,8129050
3,2021-08-15,8363,11051231,6068,6149807,2010,4512184,285,389240,4199,765851,0.094212,3381,5363000,0.659733,4511,6128851,0.753944,8129050
3,2021-08-16,20693,11071924,14264,6164071,5437,4517621,992,390232,9814,767807,0.094452,8937,5371937,0.660832,10893,6139744,0.755284,8129050
3,2021-08-17,21325,11093249,14489,6178560,5782,4523403,1054,391286,9793,769456,0.094655,9307,5381244,0.661977,10956,6150700,0.756632,8129050
3,2021-08-18,21152,11114401,14101,6192661,6039,4529442,1012,392298,9516,771042,0.09485,9032,5390276,0.663088,10618,6161318,0.757938,8129050
3,2021-08-19,21214,11135615,14005,6206666,6122,4535564,1087,393385,9219,772363,0.095013,9050,5399326,0.664201,10371,6171689,0.759214,8129050
3,2021-08-20,26689,11162304,17977,6224643,7575,4543139,1137,394522,11230,772991,0.09509,11842,5411168,0.665658,12470,6184159,0.760748,8129050
3,2021-08-21,15544,11177848,11212,6235855,3745,4546884,587,395109,6521,773001,0.095091,7169,5418337,0.66654,7179,6191338,0.761631,8129050
3,2021-08-22,8846,11186694,6317,6242172,2303,4549187,226,395335,3965,773461,0.095148,3781,5422118,0.667005,4241,6195579,0.762153,8129050
3,2021-08-23,22618,11209312,15817,6257989,5873,4555060,928,396263,9706,774403,0.095264,9874,5431992,0.66822,10816,6206395,0.763483,8129050
3,2021-08-24,22540,11231852,16235,6274224,5414,4560474,891,397154,9319,774549,0.095282,10194,5442186,0.669474,10340,6216735,0.764755,8129050
3,2021-08-25,21439,11253291,15282,6289506,5266,4565740,891,398045,8928,774899,0.095325,9593,5451779,0.670654,9943,6226678,0.765979,8129050
3,2021-08-26,21788,11275079,15341,6304847,5487,4571227,960,399005,8734,775006,0.095338,9707,5461486,0.671848,9814,6236492,0.767186,8129050
3,2021-08-27,26483,11301562,19135,6323982,6407,4577634,941,399946,10219,773785,0.095188,12585,5474071,0.673396,11364,6247856,0.768584,8129050
3,2021-08-28,15301,11316863,11222,6335204,3630,4581264,449,400395,6085,773009,0.095092,7426,5481497,0.67431,6650,6254506,0.769402,8129050
3,2021-08-29,3654,11320517,2509,6337713,1019,4582283,126,400521,1320,772658,0.095049,1837,5483334,0.674536,1486,6255992,0.769585,8129050
4,2020-12-15,473,473,473,473,0,0,0,0,473,473,5.9e-05,0,0,0.0,473,473,5.9e-05,8037679
4,2020-12-16,3106,3579,3106,3579,0,0,0,0,3106,3579,0.000445,0,0,0.0,3106,3579,0.000445,8037679
4,2020-12-17,9116,12695,9116,12695,0,0,0,0,9116,12695,0.001579,0,0,0.0,9116,12695,0.001579,8037679
4,2020-12-18,16393,29088,16379,29074,14,14,0,0,16392,29087,0.003619,0,0,0.0,16392,29087,0.003619,8037679
4,2020-12-19,10470,39558,10460,39534,10,24,0,0,10409,39496,0.004914,0,0,0.0,10409,39496,0.004914,8037679
4,2020-12-20,7511,47069,7496,47030,15,39,0,0,7466,46962,0.005843,0,0,0.0,7466,46962,0.005843,8037679
4,2020-12-21,16551,63620,16517,63547,34,73,0,0,16483,63444,0.007893,1,1,0.0,16483,63445,0.007893,8037679
4,2020-12-22,17336,80956,16565,80112,771,844,0,0,17292,80732,0.010044,4,5,1e-06,17292,80737,0.010045,8037679
4,2020-12-23,17293,98249,14482,94594,2811,3655,0,0,17264,97994,0.012192,2,7,1e-06,17264,98001,0.012193,8037679
4,2020-12-24,8672,106921,6012,100606,2660,6315,0,0,8670,106663,0.01327,1,8,1e-06,8670,106671,0.013271,8037679
4,2020-12-25,917,107838,812,101418,105,6420,0,0,916,107578,0.013384,1,9,1e-06,916,107587,0.013385,8037679
4,2020-12-26,6269,114107,3928,105346,2341,8761,0,0,6269,113847,0.014164,0,9,1e-06,6269,113856,0.014165,8037679
4,2020-12-27,3489,117596,2013,107359,1476,10237,0,0,3489,117336,0.014598,0,9,1e-06,3489,117345,0.014599,8037679
4,2020-12-28,15352,132948,9464,116823,5888,16125,0,0,15325,132658,0.016505,3,12,1e-06,15325,132670,0.016506,8037679
4,2020-12-29,15983,148931,8966,125789,7017,23142,0,0,15949,148606,0.018489,1,13,2e-06,15949,148619,0.01849,8037679
4,2020-12-30,19502,168433,11416,137205,8086,31228,0,0,19492,168096,0.020914,2,15,2e-06,19492,168111,0.020915,8037679
4,2020-12-31,8402,176835,3392,140597,5010,36238,0,0,8389,176476,0.021956,9,24,3e-06,8389,176500,0.021959,8037679
4,2021-01-01,1874,178709,863,141460,1011,37249,0,0,1867,178339,0.022188,4,28,3e-06,1867,178367,0.022191,8037679
4,2021-01-02,5805,184514,3272,144732,2533,39782,0,0,5803,184141,0.02291,1,29,4e-06,5803,184170,0.022913,8037679
4,2021-01-03,2176,186690,1282,146014,894,40676,0,0,2162,186300,0.023178,3,32,4e-06,2162,186332,0.023182,8037679
4,2021-01-04,13144,199834,7089,153103,6055,46731,0,0,13095,199368,0.024804,27,59,7e-06,13095,199427,0.024812,8037679
4,2021-01-05,17138,216972,10148,163251,6990,53721,0,0,14875,212027,0.026379,2234,2293,0.000285,14893,214320,0.026664,8037679
4,2021-01-06,21891,238863,13412,176663,8479,62200,0,0,15676,221553,0.027564,6168,8461,0.001053,15694,230014,0.028617,8037679
4,2021-01-07,28311,267174,17293,193956,11018,73218,0,0,16829,226988,0.02824,11419,19880,0.002473,16854,246868,0.030714,8037679
4,2021-01-08,33264,300438,21358,215314,11906,85124,0,0,18484,230787,0.028713,14714,34594,0.004304,18513,265381,0.033017,8037679
4,2021-01-09,16452,316890,9723,225037,6729,91853,0,0,9555,233470,0.029047,6886,41480,0.005161,9569,274950,0.034208,8037679
4,2021-01-10,8870,325760,5730,230767,3140,94993,0,0,4212,233048,0.028994,4644,46124,0.005738,4222,279172,0.034733,8037679
4,2021-01-11,33938,359698,22293,253060,11645,106638,0,0,19109,237410,0.029537,14799,60923,0.00758,19161,298333,0.037117,8037679
4,2021-01-12,38926,398624,22477,275537,16449,123087,0,0,24462,247516,0.030794,14407,75330,0.009372,24513,322846,0.040167,8037679
4,2021-01-13,39267,437891,19460,294997,19807,142894,0,0,27777,263891,0.032832,11431,86761,0.010794,27806,350652,0.043626,8037679
4,2021-01-14,39850,477741,15378,310375,24472,167366,0,0,32543,289212,0.035982,7256,94017,0.011697,32577,383229,0.047679,8037679
4,2021-01-15,45976,523717,16101,326476,29875,197241,0,0,40258,323855,0.040292,5641,99658,0.012399,40284,423513,0.052691,8037679
4,2021-01-16,29034,552751,9447,335923,19587,216828,0,0,25854,346579,0.043119,3147,102805,0.01279,25871,449384,0.05591,8037679
4,2021-01-17,19123,571874,6623,342546,12500,229328,0,0,17445,362381,0.045085,1655,104460,0.012996,17457,466841,0.058082,8037679
4,2021-01-18,29749,601623,13793,356339,15956,245284,0,0,23660,380081,0.047287,5995,110455,0.013742,23695,490536,0.06103,8037679
4,2021-01-19,46766,648389,23471,379810,23295,268579,0,0,36917,407282,0.050672,9791,120246,0.01496,36992,527528,0.065632,8037679
4,2021-01-20,53206,701595,28398,408208,24808,293387,0,0,42440,439126,0.054633,10661,130907,0.016287,42505,570033,0.07092,8037679
4,2021-01-21,58521,760116,26300,434508,32221,325608,0,0,51581,483894,0.060203,6865,137772,0.017141,51633,621666,0.077344,8037679
4,2021-01-22,55982,816098,22469,456977,33513,359121,0,0,50639,529324,0.065855,5241,143013,0.017793,50671,672337,0.083648,8037679
4,2021-01-23,40041,856139,17445,474422,22596,381717,0,0,35643,560613,0.069748,4388,147401,0.018339,35677,708014,0.088087,8037679
4,2021-01-24,24294,880433,10565,484987,13729,395446,0,0,22374,581102,0.072297,1908,149309,0.018576,22397,730411,0.090873,8037679
4,2021-01-25,48597,929030,22429,507416,26168,421614,0,0,37229,607062,0.075527,11328,160637,0.019985,37288,767699,0.095513,8037679
4,2021-01-26,57567,986597,29330,536746,28237,449851,0,0,45056,639727,0.079591,12457,173094,0.021535,45122,812821,0.101126,8037679
4,2021-01-27,56999,1043596,27066,563812,29933,479784,0,0,45711,674281,0.08389,11214,184308,0.022931,45768,858589,0.106821,8037679
4,2021-01-28,57706,1101302,26040,589852,31666,511450,0,0,47381,711479,0.088518,10232,194540,0.024204,47430,906019,0.112721,8037679
4,2021-01-29,57477,1158779,27460,617312,30017,541467,0,0,46844,747900,0.093049,10460,205000,0.025505,46881,952900,0.118554,8037679
4,2021-01-30,38758,1197537,17383,634695,21375,562842,0,0,33291,775815,0.096522,5410,210410,0.026178,33325,986225,0.1227,8037679
4,2021-01-31,24535,1222072,12795,647490,11740,574582,0,0,22797,796916,0.099148,1715,212125,0.026391,22816,1009041,0.125539,8037679
4,2021-02-01,50484,1272556,24284,671774,26200,600782,0,0,38566,823679,0.102477,11851,223976,0.027866,38614,1047655,0.130343,8037679
4,2021-02-02,56359,1328915,25880,697654,30479,631261,0,0,43203,853869,0.106233,13069,237045,0.029492,43259,1090914,0.135725,8037679
4,2021-02-03,62844,1391759,30800,728454,32044,663305,0,0,48127,887458,0.110412,14598,251643,0.031308,48187,1139101,0.14172,8037679
4,2021-02-04,68412,1460171,31788,760242,36624,699929,0,0,51380,922082,0.11472,16875,268518,0.033407,51499,1190600,0.148127,8037679
4,2021-02-05,74021,1534192,34232,794474,39789,739718,0,0,51329,951114,0.118332,22438,290956,0.036199,51470,1242070,0.154531,8037679
4,2021-02-06,49215,1583407,26382,820856,22833,762551,0,0,37524,977222,0.12158,11620,302576,0.037645,37728,1279798,0.159225,8037679
4,2021-02-07,26750,1610157,17671,838527,9079,771630,0,0,20151,991059,0.123302,6564,309140,0.038461,20401,1300199,0.161763,8037679
4,2021-02-08,59360,1669517,30469,868996,28891,800521,0,0,38481,1009071,0.125543,20734,329874,0.041041,38746,1338945,0.166584,8037679
4,2021-02-09,68008,1737525,34550,903546,33458,833979,0,0,39754,1021119,0.127042,28155,358029,0.044544,40203,1379148,0.171585,8037679
4,2021-02-10,78322,1815847,39190,942736,39132,873111,0,0,41067,1025739,0.127616,37008,395037,0.049148,41628,1420776,0.176764,8037679
4,2021-02-11,82430,1898277,42977,985713,39453,912564,0,0,41841,1027899,0.127885,40363,435400,0.05417,42523,1463299,0.182055,8037679
4,2021-02-12,85352,1983629,38197,1023910,47155,959719,0,0,43783,1031118,0.128286,41360,476760,0.059316,44579,1507878,0.187601,8037679
4,2021-02-13,59438,2043067,30030,1053940,29408,989127,0,0,30149,1033049,0.128526,29135,505895,0.06294,31066,1538944,0.191466,8037679
4,2021-02-14,37227,2080294,19339,1073279,17888,1007015,0,0,18967,1034496,0.128706,18196,524091,0.065204,19643,1558587,0.19391,8037679
4,2021-02-15,46821,2127115,21960,1095239,24861,1031876,0,0,23907,1036779,0.12899,22820,546911,0.068043,25103,1583690,0.197033,8037679
4,2021-02-16,81213,2208328,37254,1132493,43959,1075835,0,0,41096,1039129,0.129282,39978,586889,0.073017,42328,1626018,0.202299,8037679
4,2021-02-17,82599,2290927,39055,1171548,43544,1119379,0,0,39125,1036134,0.12891,43267,630156,0.0784,40272,1666290,0.20731,8037679
4,2021-02-18,84477,2375404,46447,1217995,38030,1157409,0,0,38808,1030968,0.128267,45450,675606,0.084055,40284,1706574,0.212322,8037679
4,2021-02-19,83820,2459224,52773,1270768,31047,1188456,0,0,41688,1031401,0.128321,41940,717546,0.089273,42373,1748947,0.217594,8037679
4,2021-02-20,50239,2509463,33426,1304194,16813,1205269,0,0,26997,1035970,0.128889,23146,740692,0.092152,27715,1776662,0.221042,8037679
4,2021-02-21,30654,2540117,24303,1328497,6351,1211620,0,0,14650,1035033,0.128773,15908,756600,0.094132,14971,1791633,0.222904,8037679
4,2021-02-22,56054,2596171,38469,1366966,17585,1229205,0,0,26926,1033494,0.128581,28946,785546,0.097733,27407,1819040,0.226314,8037679
4,2021-02-23,77760,2673931,43108,1410074,34652,1263857,0,0,34022,1025698,0.127611,43507,829053,0.103146,35711,1854751,0.230757,8037679
4,2021-02-24,92897,2766828,49090,1459164,43807,1307664,0,0,41634,1018540,0.126721,50977,880030,0.109488,43819,1898570,0.236209,8037679
4,2021-02-25,104713,2871541,54823,1513987,49890,1357554,0,0,49643,1016032,0.126409,54822,934852,0.116309,52314,1950884,0.242717,8037679
4,2021-02-26,110728,2982269,55930,1569917,54798,1412352,0,0,56215,1020421,0.126955,54187,989039,0.12305,58576,2009460,0.250005,8037679
4,2021-02-27,80774,3063043,43928,1613845,36832,1449184,14,14,42630,1026668,0.127732,37908,1026947,0.127767,44155,2053615,0.255499,8037679
4,2021-02-28,49921,3112964,30786,1644631,19128,1468312,7,21,27155,1032198,0.12842,22545,1049492,0.130572,28075,2081690,0.258991,8037679
4,2021-03-01,81723,3194687,47823,1692454,33843,1502155,57,78,44948,1042063,0.129647,36393,1085885,0.135099,46258,2127948,0.264747,8037679
4,2021-03-02,90676,3285363,51956,1744410,38708,1540863,12,90,52890,1059234,0.131784,37571,1123456,0.139774,54742,2182690,0.271557,8037679
4,2021-03-03,104562,3389925,55532,1799942,49009,1589872,21,111,58099,1072934,0.133488,46220,1169676,0.145524,59920,2242610,0.279012,8037679
4,2021-03-04,102861,3492786,57247,1857189,45596,1635468,18,129,55894,1083947,0.134858,46697,1216373,0.151334,57710,2300320,0.286192,8037679
4,2021-03-05,98975,3591761,53374,1910563,45271,1680739,330,459,57828,1103178,0.137251,40891,1257264,0.156421,60122,2360442,0.293672,8037679
4,2021-03-06,77834,3669595,43822,1954385,31360,1712099,2652,3111,47536,1124514,0.139905,30150,1287414,0.160172,51486,2411928,0.300078,8037679
4,2021-03-07,45372,3714967,27767,1982152,15375,1727474,2230,5341,26449,1135408,0.141261,18828,1306242,0.162515,29722,2441650,0.303776,8037679
4,2021-03-08,68920,3783887,35962,2018114,29538,1757012,3420,8761,45165,1161650,0.144526,23607,1329849,0.165452,49849,2491499,0.309977,8037679
4,2021-03-09,82993,3866880,41890,2060004,35789,1792801,5314,14075,44689,1174545,0.14613,38097,1367946,0.170192,50992,2542491,0.316322,8037679
4,2021-03-10,92969,3959849,47931,2107935,37459,1830260,7579,21654,46703,1183603,0.147257,46040,1413986,0.17592,55098,2597589,0.323177,8037679
4,2021-03-11,101937,4061786,53412,2161347,39964,1870224,8561,30215,46978,1185383,0.147478,54664,1468650,0.182721,56444,2654033,0.330199,8037679
4,2021-03-12,105790,4167576,52060,2213407,43312,1913536,10418,40633,45231,1181453,0.146989,60246,1528896,0.190216,56316,2710349,0.337205,8037679
4,2021-03-13,82377,4249953,38125,2251532,35691,1949227,8561,49194,38954,1186620,0.147632,43270,1572166,0.1956,48437,2758786,0.343232,8037679
4,2021-03-14,50240,4300193,28613,2280145,17967,1967194,3660,52854,23476,1187637,0.147759,26657,1598823,0.198916,27674,2786460,0.346675,8037679
4,2021-03-15,84481,4384674,45443,2325588,34718,2001912,4320,57174,42807,1194134,0.148567,41366,1640189,0.204063,47863,2834323,0.35263,8037679
4,2021-03-16,108847,4493521,56647,2382235,48751,2050663,3449,60623,57144,1203919,0.149784,51421,1691610,0.21046,61206,2895529,0.360244,8037679
4,2021-03-17,108425,4601946,58371,2440606,46518,2097181,3536,64159,63254,1226299,0.152569,44868,1736478,0.216042,67248,2962777,0.368611,8037679
4,2021-03-18,108228,4710174,60046,2500652,44435,2141616,3747,67906,61033,1244528,0.154837,46898,1783376,0.221877,65127,3027904,0.376714,8037679
4,2021-03-19,112691,4822865,64835,2565487,42598,2184214,5258,73164,63755,1265218,0.157411,48623,1831999,0.227926,69313,3097217,0.385337,8037679
4,2021-03-20,85094,4907959,49815,2615302,32221,2216435,3058,76222,51838,1287311,0.16016,33054,1865053,0.232039,55147,3152364,0.392198,8037679
4,2021-03-21,48691,4956650,35289,2650591,11140,2227575,2262,78484,28359,1298069,0.161498,20180,1885233,0.234549,30938,3183302,0.396047,8037679
4,2021-03-22,83410,5040060,54420,2705011,26231,2253806,2759,81243,51410,1321189,0.164374,31718,1916951,0.238496,54838,3238140,0.40287,8037679
4,2021-03-23,106108,5146168,63546,2768557,40377,2294183,2185,83428,62092,1342268,0.166997,43714,1960665,0.243934,64793,3302933,0.410931,8037679
4,2021-03-24,114813,5260981,74014,2842571,38338,2332521,2461,85889,63793,1358371,0.169,50545,2011210,0.250223,66648,3369581,0.419223,8037679
4,2021-03-25,118487,5379468,72873,2915444,43151,2375672,2463,88352,66345,1376012,0.171195,51625,2062835,0.256646,69266,3438847,0.427841,8037679
4,2021-03-26,121166,5500634,73440,2988884,44663,2420335,3063,91415,65205,1389279,0.172846,55545,2118380,0.263556,68812,3507659,0.436402,8037679
4,2021-03-27,93033,5593667,54818,3043702,36395,2456730,1820,93235,46829,1392448,0.17324,45930,2164310,0.269271,49099,3556758,0.442511,8037679
4,2021-03-28,56392,5650059,37263,3080965,18246,2474976,883,94118,29645,1396789,0.17378,26549,2190859,0.272574,30890,3587648,0.446354,8037679
4,2021-03-29,94911,5744970,56823,3137788,35977,2510953,2111,96229,50699,1406228,0.174954,43915,2234774,0.278037,53354,3641002,0.452992,8037679
4,2021-03-30,118514,5863484,64691,3202479,49616,2560569,4207,100436,69612,1431797,0.178136,48618,2283392,0.284086,74187,3715189,0.462222,8037679
4,2021-03-31,122236,5985720,72125,3274604,43767,2604336,6344,106780,68019,1452488,0.18071,53824,2337216,0.290782,74515,3789704,0.471492,8037679
4,2021-04-01,144041,6129761,82035,3356639,48583,2652919,13423,120203,84393,1490943,0.185494,59081,2396297,0.298133,97536,3887240,0.483627,8037679
4,2021-04-02,137861,6267622,73665,3430304,50520,2703439,13676,133879,79193,1525437,0.189786,58336,2454633,0.305391,92830,3980070,0.495177,8037679
4,2021-04-03,101919,6369541,54461,3484765,33917,2737356,13541,147420,53092,1543384,0.192019,48599,2503232,0.311437,66546,4046616,0.503456,8037679
4,2021-04-04,47179,6416720,24926,3509691,14698,2752054,7555,154975,20534,1544735,0.192187,26519,2529751,0.314737,27870,4074486,0.506923,8037679
4,2021-04-05,110691,6527411,62100,3571791,35617,2787671,12974,167949,57318,1562237,0.194364,53113,2582864,0.321345,70615,4145101,0.515709,8037679
4,2021-04-06,140043,6667454,78796,3650587,41308,2828979,19939,187888,72484,1587701,0.197532,67293,2650157,0.329717,92757,4237858,0.527249,8037679
4,2021-04-07,138748,6806202,78643,3729230,39228,2868207,20877,208765,71663,1613467,0.200738,66796,2716953,0.338027,92562,4330420,0.538765,8037679
4,2021-04-08,141231,6947433,78676,3807906,36919,2905126,25636,234401,70359,1639130,0.203931,70527,2787480,0.346802,96190,4426610,0.550732,8037679
4,2021-04-09,138832,7086265,76062,3883968,39537,2944663,23233,257634,66243,1656998,0.206154,72297,2859777,0.355796,90165,4516775,0.56195,8037679
4,2021-04-10,104564,7190829,51538,3935506,33980,2978643,19046,276680,47194,1666908,0.207387,57132,2916909,0.362904,67042,4583817,0.570291,8037679
4,2021-04-11,63086,7253915,38290,3973796,13523,2992166,11273,287953,27596,1671325,0.207936,35358,2952267,0.367303,39775,4623592,0.57524,8037679
4,2021-04-12,103654,7357569,62959,4036755,30376,3022542,10319,298272,52152,1683766,0.209484,51162,3003429,0.373669,63603,4687195,0.583153,8037679
4,2021-04-13,131320,7488889,82412,4119167,48742,3071284,166,298438,78333,1710476,0.212807,52659,3056088,0.38022,79369,4766564,0.593027,8037679
4,2021-04-14,136898,7625787,87360,4206527,49457,3120741,81,298519,75610,1726484,0.214799,60922,3117010,0.3878,76930,4843494,0.602599,8037679
4,2021-04-15,157083,7782870,104414,4310941,52590,3173331,79,298598,95955,1762616,0.219294,60701,3177711,0.395352,96833,4940327,0.614646,8037679
4,2021-04-16,144420,7927290,91521,4402462,52815,3226146,84,298682,83602,1786573,0.222275,60458,3238169,0.402874,84415,5024742,0.625148,8037679
4,2021-04-17,102012,8029302,64042,4466504,37942,3264088,28,298710,59584,1805234,0.224596,42122,3280291,0.408114,60783,5085525,0.632711,8037679
4,2021-04-18,57416,8086718,38880,4505384,18531,3282619,5,298715,32189,1813325,0.225603,25069,3305360,0.411233,33160,5118685,0.636836,8037679
4,2021-04-19,101712,8188430,66968,4572352,34722,3317341,22,298737,51368,1815249,0.225842,50070,3355430,0.417463,51994,5170679,0.643305,8037679
4,2021-04-20,132018,8320448,78598,4650950,53397,3370738,23,298760,68244,1821208,0.226584,63404,3418834,0.425351,69363,5240042,0.651935,8037679
4,2021-04-21,135287,8455735,88293,4739243,46928,3417666,66,298826,67893,1823348,0.22685,66946,3485780,0.43368,69086,5309128,0.66053,8037679
4,2021-04-22,142399,8598134,94494,4833737,47880,3465546,25,298851,63429,1809421,0.225117,78527,3564307,0.44345,64600,5373728,0.668567,8037679
4,2021-04-23,135797,8733931,88359,4922096,47412,3512958,26,298877,58710,1792677,0.223034,76689,3640996,0.452991,59945,5433673,0.676025,8037679
4,2021-04-24,99402,8833333,67092,4989188,32256,3545214,54,298931,45646,1786033,0.222208,53433,3694429,0.459639,46789,5480462,0.681846,8037679
4,2021-04-25,50627,8883960,35691,5024879,14910,3560124,26,298957,26379,1788817,0.222554,24088,3718517,0.462636,26872,5507334,0.68519,8037679
4,2021-04-26,92635,8976595,60762,5085641,31464,3591588,409,299366,36275,1770827,0.220316,56024,3774541,0.469606,38034,5545368,0.689922,8037679
4,2021-04-27,114462,9091057,69982,5155623,42147,3633735,2333,301699,41083,1742020,0.216732,73035,3847576,0.478692,44228,5589596,0.695424,8037679
4,2021-04-28,105134,9196191,68656,5224279,33925,3667660,2553,304252,38337,1717165,0.213639,66422,3913998,0.486956,41567,5631163,0.700596,8037679
4,2021-04-29,106573,9302764,68063,5292342,35963,3703623,2547,306799,34302,1682732,0.209355,71889,3985887,0.4959,37456,5668619,0.705256,8037679
4,2021-04-30,106277,9409041,67295,5359637,36260,3739883,2722,309521,36414,1653105,0.205669,69431,4055318,0.504538,39804,5708423,0.710208,8037679
4,2021-05-01,70176,9479217,46557,5406194,21829,3761712,1790,311311,20451,1626581,0.202369,49400,4104718,0.510684,22876,5731299,0.713054,8037679
4,2021-05-02,37861,9517078,26875,5433069,9685,3771397,1301,312612,10584,1611460,0.200488,27145,4131863,0.514062,12024,5743323,0.71455,8037679
4,2021-05-03,79688,9596766,55562,5488631,21620,3793017,2506,315118,19252,1573421,0.195756,60153,4192016,0.521546,22114,5765437,0.717301,8037679
4,2021-05-04,101906,9698672,69742,5558373,29372,3822389,2792,317910,22692,1520416,0.189161,78878,4270894,0.531359,25873,5791310,0.72052,8037679
4,2021-05-05,102747,9801419,72422,5630795,27565,3849954,2760,320670,21825,1464747,0.182235,80556,4351450,0.541381,24887,5816197,0.723616,8037679
4,2021-05-06,112574,9913993,84346,5715141,25270,3875224,2958,323628,19610,1395988,0.17368,92449,4443899,0.552883,23690,5839887,0.726564,8037679
4,2021-05-07,105470,10019463,75814,5790955,26966,3902190,2690,326318,20661,1335349,0.166136,84402,4528301,0.563384,23763,5863650,0.72952,8037679
4,2021-05-08,70207,10089670,48422,5839377,19850,3922040,1935,328253,13816,1295300,0.161153,56145,4584446,0.570369,16096,5879746,0.731523,8037679
4,2021-05-09,34525,10124195,28241,5867618,5334,3927374,950,329203,7395,1276724,0.158842,27013,4611459,0.57373,8437,5888183,0.732573,8037679
4,2021-05-10,65462,10189657,43819,5911437,19305,3946679,2338,331541,11052,1236240,0.153806,54170,4665629,0.58047,13686,5901869,0.734275,8037679
4,2021-05-11,83703,10273360,52399,5963836,29099,3975778,2205,333746,15853,1187259,0.147712,67581,4733210,0.588878,18600,5920469,0.736589,8037679
4,2021-05-12,80184,10353544,53326,6017162,24375,4000153,2483,336229,16632,1143590,0.142279,63233,4796443,0.596745,19564,5940033,0.739023,8037679
4,2021-05-13,105214,10458758,77414,6094576,26258,4026411,1542,337771,40666,1122664,0.139675,64192,4860635,0.604731,43266,5983299,0.744406,8037679
4,2021-05-14,105536,10564294,74463,6169039,28933,4055344,2140,339911,40545,1101244,0.13701,64639,4925274,0.612773,43219,6026518,0.749783,8037679
4,2021-05-15,86126,10650420,66565,6235604,18222,4073566,1339,341250,37934,1092898,0.135972,47923,4973197,0.618735,39577,6066095,0.754707,8037679
4,2021-05-16,51878,10702298,41781,6277385,9378,4082944,719,341969,21257,1084561,0.134935,30456,5003653,0.622525,22119,6088214,0.757459,8037679
4,2021-05-17,71463,10773761,52213,6329598,17404,4100348,1846,343815,28186,1071781,0.133345,43054,5046707,0.627881,30274,6118488,0.761226,8037679
4,2021-05-18,82165,10855926,53412,6383010,26997,4127345,1756,345571,29317,1050765,0.13073,52465,5099172,0.634409,31449,6149937,0.765138,8037679
4,2021-05-19,77229,10933155,52185,6435195,23088,4150433,1956,347527,30972,1038044,0.129147,45932,5145104,0.640123,33211,6183148,0.76927,8037679
4,2021-05-20,69466,11002621,44663,6479858,22795,4173228,2008,349535,25720,1022686,0.127236,43436,5188540,0.645527,28078,6211226,0.772764,8037679
4,2021-05-21,74198,11076819,48902,6528760,23406,4196634,1890,351425,26125,1003222,0.124815,47744,5236284,0.651467,28280,6239506,0.776282,8037679
4,2021-05-22,50222,11127041,35227,6563987,13718,4210352,1277,352702,21778,998252,0.124197,28265,5264549,0.654984,23295,6262801,0.77918,8037679
4,2021-05-23,24018,11151059,17127,6581114,6166,4216518,725,353427,9732,994665,0.12375,14156,5278705,0.656745,10569,6273370,0.780495,8037679
4,2021-05-24,43328,11194387,27539,6608653,12773,4229291,3016,356443,15153,985098,0.12256,27938,5306643,0.660221,18371,6291741,0.782781,8037679
4,2021-05-25,45231,11239618,28135,6636788,14257,4243548,2839,359282,15994,975186,0.121327,28971,5335614,0.663825,19059,6310800,0.785152,8037679
4,2021-05-26,44953,11284571,26945,6663733,15393,4258941,2615,361897,15958,965179,0.120082,28752,5364366,0.667402,18745,6329545,0.787484,8037679
4,2021-05-27,39170,11323741,23493,6687226,12529,4271470,3148,365045,14735,959009,0.119314,24217,5388583,0.670415,18047,6347592,0.789729,8037679
4,2021-05-28,43681,11367422,27789,6715015,14276,4285746,1616,366661,18990,955430,0.118869,24403,5412986,0.673451,20824,6368416,0.79232,8037679
4,2021-05-29,23835,11391257,15473,6730488,7428,4293174,934,367595,10892,954609,0.118767,12783,5425769,0.675042,11962,6380378,0.793809,8037679
4,2021-05-30,12114,11403371,8508,6738996,3077,4296251,529,368124,5019,953207,0.118592,7017,5432786,0.675915,5615,6385993,0.794507,8037679
4,2021-05-31,3645,11407016,2319,6741315,1162,4297413,164,368288,1166,952141,0.11846,2417,5435203,0.676215,1351,6387344,0.794675,8037679
4,2021-06-01,39714,11446730,24688,6766003,12568,4309981,2458,370746,13077,941499,0.117136,26392,5461595,0.679499,15750,6403094,0.796635,8037679
4,2021-06-02,32914,11479644,20552,6786555,9540,4319521,2822,373568,10980,933708,0.116166,21737,5483332,0.682203,13946,6417040,0.79837,8037679
4,2021-06-03,48465,11528109,37188,6823743,8806,4328327,2471,376039,10449,909112,0.113106,37827,5521159,0.68691,13231,6430271,0.800016,8037679
4,2021-06-04,55323,11583432,44541,6868284,9445,4337772,1337,377376,12891,881981,0.109731,42175,5563334,0.692157,15044,6445315,0.801888,8037679
4,2021-06-05,45048,11628480,38577,6906861,5474,4343246,997,378373,8770,855935,0.10649,36115,5599449,0.69665,10069,6455384,0.80314,8037679
4,2021-06-06,21282,11649762,18983,6925844,1733,4344979,566,378939,3913,843557,0.10495,17256,5616705,0.698797,4878,6460262,0.803747,8037679
4,2021-06-07,38971,11688733,31529,6957373,5500,4350479,1942,380881,8528,824022,0.10252,30297,5647002,0.702566,10762,6471024,0.805086,8037679
4,2021-06-08,40731,11729464,31956,6989329,6227,4356706,2548,383429,9448,805277,0.100188,31082,5678084,0.706433,12337,6483361,0.806621,8037679
4,2021-06-09,39042,11768506,30948,7020277,5724,4362430,2370,385799,7932,785004,0.097666,30929,5709013,0.710281,10656,6494017,0.807947,8037679
4,2021-06-10,37277,11805783,29366,7049643,5284,4367714,2627,388426,8415,767617,0.095502,28691,5737704,0.713851,11304,6505321,0.809353,8037679
4,2021-06-11,38509,11844292,30213,7079856,6280,4373994,2016,390442,9925,751504,0.093498,28405,5766109,0.717385,12292,6517613,0.810882,8037679
4,2021-06-12,26745,11871037,22245,7102101,3783,4377777,717,391159,6086,737984,0.091816,20543,5786652,0.719941,7023,6524636,0.811756,8037679
4,2021-06-13,10889,11881926,8604,7110705,1805,4379582,480,391639,2285,732323,0.091111,8535,5795187,0.721003,2874,6527510,0.812114,8037679
4,2021-06-14,28764,11910690,21521,7132226,4432,4384014,2811,394450,7851,722437,0.089881,20765,5815952,0.723586,10879,6538389,0.813467,8037679
4,2021-06-15,30181,11940871,21357,7153583,5412,4389426,3412,397862,8354,712810,0.088684,21646,5837598,0.726279,12019,6550408,0.814963,8037679
4,2021-06-16,26819,11967690,20227,7173810,3965,4393391,2627,400489,8106,705230,0.087741,18523,5856121,0.728584,10943,6561351,0.816324,8037679
4,2021-06-17,25260,11992950,18661,7192471,3701,4397092,2898,403387,7670,698598,0.086915,17393,5873514,0.730748,10761,6572112,0.817663,8037679
4,2021-06-18,26783,12019733,21109,7213580,4437,4401529,1237,404624,8227,689965,0.085841,18345,5891859,0.73303,9712,6581824,0.818871,8037679
4,2021-06-19,15796,12035529,12773,7226353,2313,4403842,710,405334,5065,685327,0.085264,10581,5902440,0.734346,5943,6587767,0.819611,8037679
4,2021-06-20,7375,12042904,6070,7232423,997,4404839,308,405642,2618,683641,0.085055,4696,5907136,0.734931,3010,6590777,0.819985,8037679
4,2021-06-21,14621,12057525,10564,7242987,2910,4407749,1147,406789,7334,685090,0.085235,7193,5914329,0.735825,8642,6599419,0.82106,8037679
4,2021-06-22,20527,12078052,15986,7258973,3461,4411210,1080,407869,7099,680126,0.084617,13293,5927622,0.737479,8329,6607748,0.822097,8037679
4,2021-06-23,18453,12096505,14475,7273448,2977,4414187,1001,408870,6701,676346,0.084147,11608,5939230,0.738924,7828,6615576,0.82307,8037679
4,2021-06-24,17665,12114170,13663,7287111,3011,4417198,991,409861,6571,673111,0.083744,10933,5950163,0.740284,7698,6623274,0.824028,8037679
4,2021-06-25,21687,12135857,17043,7304154,3594,4420792,1050,410911,7833,668455,0.083165,13708,5963871,0.741989,9052,6632326,0.825154,8037679
4,2021-06-26,13133,12148990,10694,7314848,1821,4422613,618,411529,4837,665850,0.082841,8172,5972043,0.743006,5567,6637893,0.825847,8037679
4,2021-06-27,6893,12155883,5584,7320432,967,4423580,342,411871,2898,665192,0.082759,3953,5975996,0.743498,3295,6641188,0.826257,8037679
4,2021-06-28,15191,12171074,12751,7333183,1581,4425161,859,412730,6096,663282,0.082522,8993,5984989,0.744617,7083,6648271,0.827138,8037679
4,2021-06-29,16557,12187631,12848,7346031,2896,4428057,813,413543,6398,660584,0.082186,10030,5995019,0.745864,7332,6655603,0.82805,8037679
4,2021-06-30,14673,12202304,11444,7357475,2491,4430548,738,414281,6097,659097,0.082001,8441,6003460,0.746915,6954,6662557,0.828916,8037679
4,2021-07-01,14613,12216917,11518,7368993,2346,4432894,749,415030,6010,657520,0.081805,8473,6011933,0.747969,6896,6669453,0.829773,8037679
4,2021-07-02,16967,12233884,13447,7382440,2746,4435640,774,415804,6969,655505,0.081554,9886,6021819,0.749199,7871,6677324,0.830753,8037679
4,2021-07-03,9253,12243137,7349,7389789,1493,4437133,411,416215,4009,654821,0.081469,5161,6026980,0.749841,4477,6681801,0.83131,8037679
4,2021-07-04,446,12243583,280,7390069,106,4437239,60,416275,197,654847,0.081472,243,6027223,0.749871,269,6682070,0.831343,8037679
4,2021-07-05,9230,12252813,7507,7397576,1307,4438546,416,416691,4181,654526,0.081432,4967,6032190,0.750489,4646,6686716,0.831921,8037679
4,2021-07-06,16618,12269431,13098,7410674,2713,4441259,807,417498,6135,651229,0.081022,10348,6042538,0.751776,7051,6693767,0.832798,8037679
4,2021-07-07,13791,12283222,10760,7421434,2248,4443507,783,418281,5189,648836,0.080724,8487,6051025,0.752832,6094,6699861,0.833557,8037679
4,2021-07-08,13250,12296472,10344,7431778,2075,4445582,831,419112,5191,647020,0.080498,7929,6058954,0.753819,6113,6705974,0.834317,8037679
4,2021-07-09,15470,12311942,11865,7443643,2668,4448250,937,420049,6285,645326,0.080288,9033,6067987,0.754943,7339,6713313,0.83523,8037679
4,2021-07-10,8883,12320825,7028,7450671,1451,4449701,404,420453,3738,644471,0.080181,5056,6073043,0.755572,4201,6717514,0.835753,8037679
4,2021-07-11,4985,12325810,3989,7454660,796,4450497,200,420653,2232,644225,0.080151,2708,6075751,0.755909,2462,6719976,0.836059,8037679
4,2021-07-12,13092,12338902,10368,7465028,1999,4452496,725,421378,5088,642215,0.079901,7924,6083675,0.756894,5914,6725890,0.836795,8037679
4,2021-07-13,12880,12351782,9859,7474887,2381,4454877,640,422018,5484,641142,0.079767,7291,6090966,0.757802,6218,6732108,0.837569,8037679
4,2021-07-14,11796,12363578,9278,7484165,1960,4456837,558,422576,5117,640300,0.079662,6584,6097550,0.758621,5742,6737850,0.838283,8037679
4,2021-07-15,12473,12376051,9909,7494074,1975,4458812,589,423165,5679,639976,0.079622,6667,6104217,0.75945,6343,6744193,0.839072,8037679
4,2021-07-16,15057,12391108,11743,7505817,2644,4461456,670,423835,6951,639704,0.079588,8001,6112218,0.760446,7729,6751922,0.840034,8037679
4,2021-07-17,9374,12400482,7416,7513233,1634,4463090,324,424159,4433,639662,0.079583,4843,6117061,0.761048,4801,6756723,0.840631,8037679
4,2021-07-18,5369,12405851,4325,7517558,844,4463934,200,424359,2534,639641,0.07958,2776,6119837,0.761394,2755,6759478,0.840974,8037679
4,2021-07-19,12857,12418708,10187,7527745,2012,4465946,658,425017,6104,639822,0.079603,6658,6126495,0.762222,6839,6766317,0.841825,8037679
4,2021-07-20,13828,12432536,10657,7538402,2507,4468453,664,425681,6827,640540,0.079692,6855,6133350,0.763075,7573,6773890,0.842767,8037679
4,2021-07-21,12849,12445385,9964,7548366,2235,4470688,650,426331,6399,641333,0.079791,6311,6139661,0.76386,7104,6780994,0.843651,8037679
4,2021-07-22,13538,12458923,10560,7558926,2314,4473002,664,426995,7042,642745,0.079966,6356,6146017,0.764651,7768,6788762,0.844617,8037679
4,2021-07-23,15765,12474688,12152,7571078,2912,4475914,701,427696,8264,644467,0.080181,7330,6153347,0.765563,9052,6797814,0.845743,8037679
4,2021-07-24,9607,12484295,7521,7578599,1756,4477670,330,428026,4948,645273,0.080281,4522,6157869,0.766125,5328,6803142,0.846406,8037679
4,2021-07-25,4782,12489077,3759,7582358,864,4478534,159,428185,3365,647454,0.080552,1358,6159227,0.766294,3539,6806681,0.846847,8037679
4,2021-07-26,13037,12502114,10205,7592563,2146,4480680,686,428871,7586,650480,0.080929,5299,6164526,0.766953,8325,6815006,0.847882,8037679
4,2021-07-27,14399,12516513,11038,7603601,2598,4483278,763,429634,7770,652585,0.081191,6469,6170995,0.767758,8574,6823580,0.848949,8037679
4,2021-07-28,13242,12529755,10095,7613696,2444,4485722,703,430337,7349,654973,0.081488,5720,6176715,0.76847,8108,6831688,0.849958,8037679
4,2021-07-29,13516,12543271,10499,7624195,2302,4488024,715,431052,7588,657652,0.081821,5700,6182415,0.769179,8379,6840067,0.851,8037679
4,2021-07-30,15829,12559100,12106,7636301,2917,4490941,806,431858,8588,660282,0.082148,6867,6189282,0.770033,9497,6849564,0.852182,8037679
4,2021-07-31,9761,12568861,7612,7643913,1721,4492662,428,432286,5513,662215,0.082389,4048,6193330,0.770537,5981,6855545,0.852926,8037679
4,2021-08-01,5437,12574298,4486,7648399,781,4493443,170,432456,3206,663508,0.08255,2117,6195447,0.770801,3410,6858955,0.85335,8037679
4,2021-08-02,14099,12588397,11259,7659658,2099,4495542,741,433197,8231,666893,0.082971,5657,6201104,0.771504,9042,6867997,0.854475,8037679
4,2021-08-03,14704,12603101,11301,7670959,2637,4498179,766,433963,8458,670165,0.083378,6027,6207131,0.772254,9299,6877296,0.855632,8037679
4,2021-08-04,13381,12616482,10423,7681382,2264,4500443,694,434657,7559,672849,0.083712,5611,6212742,0.772952,8295,6885591,0.856664,8037679
4,2021-08-05,14364,12630846,11343,7692725,2255,4502698,766,435423,8076,675704,0.084067,6037,6218779,0.773703,8892,6894483,0.85777,8037679
4,2021-08-06,17249,12648095,13227,7705952,3148,4505846,874,436297,9596,678919,0.084467,7322,6226101,0.774614,10537,6905020,0.859081,8037679
4,2021-08-07,10205,12658300,8114,7714066,1649,4507495,442,436739,5573,680523,0.084667,4452,6230553,0.775168,6056,6911076,0.859835,8037679
4,2021-08-08,6249,12664549,4970,7719036,1076,4508571,203,436942,3598,681840,0.08483,2514,6233067,0.775481,3831,6914907,0.860311,8037679
4,2021-08-09,14675,12679224,11888,7730924,2041,4510612,746,437688,7850,683917,0.085089,6595,6239662,0.776301,8672,6923579,0.86139,8037679
4,2021-08-10,14868,12694092,11440,7742364,2661,4513273,767,438455,7840,685812,0.085325,6777,6246439,0.777145,8672,6932251,0.862469,8037679
4,2021-08-11,12648,12706740,9701,7752065,2179,4515452,768,439223,6608,687441,0.085527,5778,6252217,0.777863,7407,6939658,0.863391,8037679
4,2021-08-12,14167,12720907,10780,7762845,2625,4518077,762,439985,7282,688999,0.085721,6531,6258748,0.778676,8089,6947747,0.864397,8037679
4,2021-08-13,17811,12738718,13181,7776026,3725,4521802,905,440890,8782,690397,0.085895,8361,6267109,0.779716,9759,6957506,0.865611,8037679
4,2021-08-14,12269,12750987,8751,7784777,2999,4524801,519,441409,5577,691564,0.08604,4992,6272101,0.780337,6159,6963665,0.866378,8037679
4,2021-08-15,7483,12758470,5473,7790250,1787,4526588,223,441632,3315,692235,0.086124,2912,6275013,0.7807,3583,6967248,0.866823,8037679
4,2021-08-16,18145,12776615,12570,7802820,4697,4531285,878,442510,7504,693207,0.086245,7489,6282502,0.781631,8461,6975709,0.867876,8037679
4,2021-08-17,18451,12795066,12545,7815365,5048,4536333,858,443368,7317,693963,0.086339,7500,6290002,0.782564,8256,6983965,0.868903,8037679
4,2021-08-18,18074,12813140,12169,7827534,5115,4541448,790,444158,6878,694713,0.086432,6997,6296999,0.783435,7747,6991712,0.869867,8037679
4,2021-08-19,18406,12831546,12263,7839797,5353,4546801,790,444948,6811,695545,0.086536,6851,6303850,0.784287,7683,6999395,0.870823,8037679
4,2021-08-20,23215,12854761,15704,7855501,6673,4553474,838,445786,8281,695607,0.086543,9175,6313025,0.785429,9237,7008632,0.871972,8037679
4,2021-08-21,14647,12869408,10229,7865730,4018,4557492,400,446186,4943,695226,0.086496,5790,6318815,0.786149,5409,7014041,0.872645,8037679
4,2021-08-22,8656,12878064,6143,7871873,2352,4559844,161,446347,3421,695674,0.086552,3184,6321999,0.786545,3632,7017673,0.873097,8037679
4,2021-08-23,20314,12898378,14276,7886149,5334,4565178,704,447051,7393,696007,0.086593,7954,6329953,0.787535,8287,7025960,0.874128,8037679
4,2021-08-24,19678,12918056,13913,7900062,5102,4570280,663,447714,6932,695936,0.086584,7811,6337764,0.788507,7740,7033700,0.875091,8037679
4,2021-08-25,18083,12936139,12745,7912807,4720,4575000,618,448332,6519,696303,0.08663,6935,6344699,0.78937,7302,7041002,0.875999,8037679
4,2021-08-26,18272,12954411,12885,7925692,4784,4579784,603,448935,6298,696124,0.086608,7210,6351909,0.790267,7031,7048033,0.876874,8037679
4,2021-08-27,22470,12976881,16091,7941783,5749,4585533,630,449565,7531,694996,0.086467,9497,6361406,0.791448,8369,7056402,0.877915,8037679
4,2021-08-28,13912,12990793,9966,7951749,3602,4589135,344,449909,4659,694301,0.086381,5809,6367215,0.792171,5114,7061516,0.878552,8037679
4,2021-08-29,3711,12994504,2472,7954221,1154,4590289,85,449994,1119,693958,0.086338,1577,6368792,0.792367,1234,7062750,0.878705,8037679
