vemquartile,administered_date,total_doses,cumulative_total_doses,pfizer_doses,cumulative_pfizer_doses,moderna_doses,cumulative_moderna_doses,jj_doses,cumulative_jj_doses,partially_vaccinated,total_partially_vaccinated,pct_age12pop_partially_vaccinated,fully_vaccinated,cumulative_fully_vaccinated,pct_age12pop_fully_vaccinated,at_least_one_dose,cumulative_at_least_one_dose,pct_age12pop_at_least_one_dose,age12_population
1,2020-12-15,153,153,153,153,0,0,0,0,153,153,1.8e-05,0,0,0.0,153,153,1.8e-05,8700223
1,2020-12-16,1227,1380,1227,1380,0,0,0,0,1227,1380,0.000159,0,0,0.0,1227,1380,0.000159,8700223
1,2020-12-17,4183,5563,4183,5563,0,0,0,0,4184,5564,0.00064,0,0,0.0,4184,5564,0.00064,8700223
1,2020-12-18,6373,11936,6351,11914,22,22,0,0,6375,11938,0.001372,1,1,0.0,6375,11939,0.001372,8700223
1,2020-12-19,2874,14810,2871,14785,3,25,0,0,2873,14810,0.001702,1,2,0.0,2873,14812,0.001702,8700223
1,2020-12-20,2124,16934,2116,16901,8,33,0,0,2125,16935,0.001947,0,2,0.0,2125,16937,0.001947,8700223
1,2020-12-21,7647,24581,7627,24528,20,53,0,0,7696,24631,0.002831,1,3,0.0,7697,24634,0.002831,8700223
1,2020-12-22,7305,31886,6963,31491,342,395,0,0,7306,31935,0.003671,2,5,1e-06,7306,31940,0.003671,8700223
1,2020-12-23,7833,39719,6575,38066,1258,1653,0,0,7828,39762,0.00457,2,7,1e-06,7829,39769,0.004571,8700223
1,2020-12-24,3298,43017,2362,40428,936,2589,0,0,3300,43062,0.00495,0,7,1e-06,3300,43069,0.00495,8700223
1,2020-12-25,238,43255,153,40581,85,2674,0,0,238,43300,0.004977,0,7,1e-06,238,43307,0.004978,8700223
1,2020-12-26,1360,44615,967,41548,393,3067,0,0,1359,44658,0.005133,1,8,1e-06,1359,44666,0.005134,8700223
1,2020-12-27,870,45485,538,42086,332,3399,0,0,870,45527,0.005233,1,9,1e-06,870,45536,0.005234,8700223
1,2020-12-28,7092,52577,4753,46839,2339,5738,0,0,7090,52617,0.006048,0,9,1e-06,7090,52626,0.006049,8700223
1,2020-12-29,8907,61484,4979,51818,3928,9666,0,0,8903,61517,0.007071,3,12,1e-06,8903,61529,0.007072,8700223
1,2020-12-30,11571,73055,6441,58259,5130,14796,0,0,11571,73088,0.008401,0,12,1e-06,11571,73100,0.008402,8700223
1,2020-12-31,5982,79037,1954,60213,4028,18824,0,0,5980,79066,0.009088,3,15,2e-06,5981,79081,0.00909,8700223
1,2021-01-01,589,79626,213,60426,376,19200,0,0,587,79651,0.009155,2,17,2e-06,587,79668,0.009157,8700223
1,2021-01-02,2912,82538,1765,62191,1147,20347,0,0,2914,82565,0.00949,0,17,2e-06,2914,82582,0.009492,8700223
1,2021-01-03,1038,83576,549,62740,489,20836,0,0,1037,83600,0.009609,2,19,2e-06,1037,83619,0.009611,8700223
1,2021-01-04,7377,90953,3585,66325,3792,24628,0,0,7381,90980,0.010457,1,20,2e-06,7381,91000,0.01046,8700223
1,2021-01-05,10867,101820,5252,71577,5615,30243,0,0,10072,100297,0.011528,777,797,9.2e-05,10094,101094,0.01162,8700223
1,2021-01-06,14077,115897,7064,78641,7013,37256,0,0,12155,110579,0.01271,1886,2683,0.000308,12168,113262,0.013018,8700223
1,2021-01-07,17521,133418,9164,87805,8357,45613,0,0,13004,119167,0.013697,4426,7109,0.000817,13014,126276,0.014514,8700223
1,2021-01-08,20181,153599,10481,98286,9700,55313,0,0,14240,127489,0.014654,5925,13034,0.001498,14247,140523,0.016152,8700223
1,2021-01-09,6687,160286,3398,101684,3289,58602,0,0,4835,130478,0.014997,1849,14883,0.001711,4838,145361,0.016708,8700223
1,2021-01-10,3090,163376,1761,103445,1329,59931,0,0,1905,131203,0.01508,1181,16064,0.001846,1906,147267,0.016927,8700223
1,2021-01-11,18074,181450,11845,115290,6229,66160,0,0,11530,136242,0.01566,6533,22597,0.002597,11572,158839,0.018257,8700223
1,2021-01-12,19105,200555,10947,126237,8158,74318,0,0,13123,143451,0.016488,5955,28552,0.003282,13164,172003,0.01977,8700223
1,2021-01-13,19835,220390,10735,136972,9100,83418,0,0,14687,153028,0.017589,5128,33680,0.003871,14705,186708,0.02146,8700223
1,2021-01-14,22031,242421,9453,146425,12578,95996,0,0,19278,169663,0.019501,2700,36380,0.004182,19335,206043,0.023682,8700223
1,2021-01-15,25186,267607,9253,155678,15933,111929,0,0,23237,191049,0.021959,1910,38290,0.004401,23296,229339,0.02636,8700223
1,2021-01-16,13872,281479,4530,160208,9342,121271,0,0,13002,203187,0.023354,867,39157,0.004501,13005,242344,0.027855,8700223
1,2021-01-17,5218,286697,2034,162242,3184,124455,0,0,4852,207676,0.02387,366,39523,0.004543,4855,247199,0.028413,8700223
1,2021-01-18,14332,301029,8605,170847,5727,130182,0,0,11151,215714,0.024794,3168,42691,0.004907,11206,258405,0.029701,8700223
1,2021-01-19,24680,325709,12751,183598,11929,142111,0,0,19528,230162,0.026455,5134,47825,0.005497,19582,277987,0.031952,8700223
1,2021-01-20,29426,355135,14712,198310,14714,156825,0,0,23509,247869,0.02849,5841,53666,0.006168,23548,301535,0.034658,8700223
1,2021-01-21,31217,386352,14647,212957,16570,173395,0,0,27948,272711,0.031345,3201,56867,0.006536,28043,329578,0.037882,8700223
1,2021-01-22,28383,414735,11276,224233,17107,190502,0,0,26317,297060,0.034144,2001,58868,0.006766,26350,355928,0.04091,8700223
1,2021-01-23,18729,433464,8198,232431,10531,201033,0,0,16767,311904,0.03585,1933,60801,0.006988,16777,372705,0.042839,8700223
1,2021-01-24,6687,440151,4161,236592,2526,203559,0,0,6030,317287,0.036469,653,61454,0.007063,6036,378741,0.043532,8700223
1,2021-01-25,25443,465594,10489,247081,14954,218513,0,0,19657,331308,0.03808,5741,67195,0.007723,19762,398503,0.045804,8700223
1,2021-01-26,28837,494431,13486,260567,15351,233864,0,0,22143,346837,0.039865,6634,73829,0.008486,22163,420666,0.048351,8700223
1,2021-01-27,32666,527097,15547,276114,17119,250983,0,0,24546,363363,0.041765,8053,81882,0.009411,24579,445245,0.051176,8700223
1,2021-01-28,34989,562086,16406,292520,18583,269566,0,0,28039,384586,0.044204,6882,88764,0.010202,28105,473350,0.054407,8700223
1,2021-01-29,33675,595761,16450,308970,17225,286791,0,0,27092,405278,0.046582,6438,95202,0.010942,27130,500480,0.057525,8700223
1,2021-01-30,20201,615962,8738,317708,11463,298254,0,0,18067,421251,0.048418,2105,97307,0.011184,18078,518558,0.059603,8700223
1,2021-01-31,7646,623608,4970,322678,2676,300930,0,0,6936,427482,0.049135,707,98014,0.011266,6938,525496,0.0604,8700223
1,2021-02-01,28968,652576,12518,335196,16450,317380,0,0,21142,440854,0.050672,7775,105789,0.012159,21147,546643,0.062831,8700223
1,2021-02-02,32710,685286,11818,347014,20892,338272,0,0,24439,457142,0.052544,8188,113977,0.0131,24476,571119,0.065644,8700223
1,2021-02-03,39678,724964,15260,362274,24418,362690,0,0,28577,474820,0.054576,10936,124913,0.014357,28614,599733,0.068933,8700223
1,2021-02-04,44015,768979,17134,379408,26881,389571,0,0,31744,494464,0.056833,12148,137061,0.015754,31792,631525,0.072587,8700223
1,2021-02-05,46783,815762,17166,396574,29617,419188,0,0,30656,509196,0.058527,15977,153038,0.01759,30709,662234,0.076117,8700223
1,2021-02-06,26543,842305,10489,407063,16054,435242,0,0,20631,523978,0.060226,5865,158903,0.018264,20647,682881,0.07849,8700223
1,2021-02-07,6264,848569,4029,411092,2235,437477,0,0,4620,526991,0.060572,1625,160528,0.018451,4638,687519,0.079023,8700223
1,2021-02-08,31620,880189,14444,425536,17176,454653,0,0,21073,537707,0.061804,10453,170981,0.019652,21169,708688,0.081456,8700223
1,2021-02-09,38454,918643,16867,442403,21587,476240,0,0,23669,546761,0.062844,14692,185673,0.021341,23746,732434,0.084186,8700223
1,2021-02-10,47209,965852,22133,464536,25076,501316,0,0,26829,553414,0.063609,20255,205928,0.023669,26908,759342,0.087278,8700223
1,2021-02-11,51784,1017636,25430,489966,26354,527670,0,0,30913,563875,0.064812,20555,226483,0.026032,31016,790358,0.090843,8700223
1,2021-02-12,49997,1067633,21519,511485,28478,556148,0,0,28687,571546,0.065693,21155,247638,0.028463,28826,819184,0.094157,8700223
1,2021-02-13,26383,1094016,11539,523024,14844,570992,0,0,15264,575838,0.066187,11048,258686,0.029733,15340,834524,0.09592,8700223
1,2021-02-14,11778,1105794,5563,528587,6215,577207,0,0,6699,577553,0.066384,5049,263735,0.030314,6764,841288,0.096697,8700223
1,2021-02-15,23872,1129666,9381,537968,14491,591698,0,0,14518,582951,0.067004,9234,272969,0.031375,14632,855920,0.098379,8700223
1,2021-02-16,47123,1176789,22509,560477,24614,616312,0,0,27515,591053,0.067935,19525,292494,0.033619,27627,883547,0.101555,8700223
1,2021-02-17,48483,1225272,24564,585041,23919,640231,0,0,26115,595100,0.068401,22216,314710,0.036173,26263,909810,0.104573,8700223
1,2021-02-18,51141,1276413,25586,610627,25555,665786,0,0,26497,597426,0.068668,24402,339112,0.038977,26728,936538,0.107645,8700223
1,2021-02-19,46596,1323009,25270,635897,21326,687112,0,0,26102,603250,0.069337,20340,359452,0.041315,26164,962702,0.110653,8700223
1,2021-02-20,27627,1350636,16835,652732,10792,697904,0,0,15766,607294,0.069802,11799,371251,0.042671,15843,978545,0.112474,8700223
1,2021-02-21,12332,1362968,10615,663347,1717,699621,0,0,7422,609916,0.070103,4850,376101,0.043229,7472,986017,0.113332,8700223
1,2021-02-22,31528,1394496,20770,684117,10758,710379,0,0,18140,614864,0.070672,13293,389394,0.044757,18241,1004258,0.115429,8700223
1,2021-02-23,45666,1440162,22113,706230,23553,733932,0,0,25056,619963,0.071258,20320,409714,0.047092,25419,1029677,0.118351,8700223
1,2021-02-24,55719,1495881,26904,733134,28815,762747,0,0,30643,626187,0.071974,24871,434585,0.049951,31095,1060772,0.121925,8700223
1,2021-02-25,68284,1564165,33143,766277,35141,797888,0,0,42190,642955,0.073901,25922,460507,0.05293,42690,1103462,0.126831,8700223
1,2021-02-26,76155,1640320,35734,802011,40421,838309,0,0,49786,667082,0.076674,26134,486641,0.055934,50261,1153723,0.132608,8700223
1,2021-02-27,52457,1692777,24088,826099,28360,866669,9,9,34400,683844,0.078601,17913,504554,0.057993,34675,1188398,0.136594,8700223
1,2021-02-28,20071,1712848,11915,838014,8154,874823,2,11,14725,693450,0.079705,5261,509815,0.058598,14867,1203265,0.138303,8700223
1,2021-03-01,45334,1758182,20947,858961,24345,899168,42,53,29100,706772,0.081236,16057,525872,0.060444,29379,1232644,0.14168,8700223
1,2021-03-02,62862,1821044,27340,886301,35514,934682,8,61,40357,725416,0.083379,22339,548211,0.063011,40983,1273627,0.14639,8700223
1,2021-03-03,70343,1891387,33682,919983,36636,971318,25,86,43062,741975,0.085282,27121,575332,0.066128,43680,1317307,0.151411,8700223
1,2021-03-04,78629,1970016,37137,957120,41456,1012774,36,122,50747,765574,0.087995,27695,603027,0.069312,51294,1368601,0.157306,8700223
1,2021-03-05,77839,2047855,35261,992381,42372,1055146,206,328,52148,793112,0.09116,25444,628471,0.072236,52982,1421583,0.163396,8700223
1,2021-03-06,57437,2105292,27458,1019839,28628,1083774,1351,1679,39084,815632,0.093748,18275,646746,0.074337,40795,1462378,0.168085,8700223
1,2021-03-07,20926,2126218,13020,1032859,6717,1090491,1189,2868,15493,827162,0.095074,5406,652152,0.074958,16936,1479314,0.170032,8700223
1,2021-03-08,45936,2172154,22454,1055313,21524,1112015,1958,4826,32191,848007,0.09747,13640,665792,0.076526,34485,1513799,0.173995,8700223
1,2021-03-09,66630,2238784,32231,1087544,31896,1143911,2503,7329,40987,866343,0.099577,25492,691284,0.079456,43828,1557627,0.179033,8700223
1,2021-03-10,73592,2312376,36657,1124201,32451,1176362,4484,11813,45289,888290,0.1021,28192,719476,0.082696,50139,1607766,0.184796,8700223
1,2021-03-11,90066,2402442,41388,1165589,40673,1217035,8005,19818,52426,911767,0.104798,37410,756886,0.086996,60887,1668653,0.191794,8700223
1,2021-03-12,98833,2501275,43556,1209145,42864,1259899,12413,32231,57756,941526,0.108219,40866,797752,0.091693,70625,1739278,0.199912,8700223
1,2021-03-13,65268,2566543,29523,1238668,28073,1287972,7672,39903,41632,967648,0.111221,23503,821255,0.094395,49625,1788903,0.205616,8700223
1,2021-03-14,27878,2594421,14906,1253574,9401,1297373,3571,43474,15621,974845,0.112048,12186,833441,0.095795,19383,1808286,0.207844,8700223
1,2021-03-15,65207,2659628,28755,1282329,29700,1327073,6752,50226,38349,993665,0.114211,26640,860081,0.098857,45460,1853746,0.213069,8700223
1,2021-03-16,85710,2745338,39088,1321417,40979,1368052,5643,55869,53127,1020438,0.117289,32357,892438,0.102576,59130,1912876,0.219865,8700223
1,2021-03-17,92879,2838217,45289,1366706,41050,1409102,6540,62409,59679,1054051,0.121152,32971,925409,0.106366,66584,1979460,0.227518,8700223
1,2021-03-18,98648,2936865,50843,1417549,42085,1451187,5720,68129,59691,1081353,0.12429,38599,964008,0.110803,65901,2045361,0.235093,8700223
1,2021-03-19,103550,3040415,53630,1471179,43622,1494809,6298,74427,60548,1106007,0.127124,42713,1006721,0.115712,67367,2112728,0.242836,8700223
1,2021-03-20,72474,3112889,37277,1508456,29982,1524791,5215,79642,46519,1132253,0.130141,25768,1032489,0.118674,52014,2164742,0.248815,8700223
1,2021-03-21,27236,3140125,19021,1527477,6406,1531197,1809,81451,16964,1140941,0.131139,10180,1042669,0.119844,18868,2183610,0.250983,8700223
1,2021-03-22,59163,3199288,30563,1558040,25314,1556511,3286,84737,39932,1165526,0.133965,19008,1061677,0.122029,43593,2227203,0.255994,8700223
1,2021-03-23,83041,3282329,42276,1600316,37148,1593659,3617,88354,51169,1189146,0.13668,31625,1093302,0.125664,55245,2282448,0.262344,8700223
1,2021-03-24,87912,3370241,44512,1644828,39057,1632716,4343,92697,52557,1211149,0.139209,35065,1128367,0.129694,57068,2339516,0.268903,8700223
1,2021-03-25,96675,3466916,49434,1694262,41420,1674136,5821,98518,53671,1228177,0.141166,42672,1171039,0.134599,59700,2399216,0.275765,8700223
1,2021-03-26,104426,3571342,50936,1745198,47179,1721315,6311,104829,55919,1242565,0.14282,48138,1219177,0.140132,62526,2461742,0.282952,8700223
1,2021-03-27,73961,3645303,38224,1783422,31527,1752842,4210,109039,37973,1249189,0.143581,35759,1254936,0.144242,42383,2504125,0.287823,8700223
1,2021-03-28,32666,3677969,21389,1804811,10060,1762902,1217,110256,16360,1251018,0.143791,16197,1271133,0.146103,18026,2522151,0.289895,8700223
1,2021-03-29,67148,3745117,33358,1838169,30630,1793532,3160,113416,37006,1261454,0.144991,29933,1301066,0.149544,40369,2562520,0.294535,8700223
1,2021-03-30,91979,3837096,45320,1883489,40288,1833820,6371,119787,47245,1270630,0.146046,44526,1345592,0.154662,53702,2616222,0.300707,8700223
1,2021-03-31,100821,3937917,52659,1936148,41970,1875790,6192,125979,55302,1286988,0.147926,45200,1390792,0.159857,61558,2677780,0.307783,8700223
1,2021-04-01,111892,4049809,53563,1989711,49546,1925336,8783,134762,56999,1298358,0.149233,54460,1445252,0.166117,65830,2743610,0.315349,8700223
1,2021-04-02,111291,4161100,50926,2040637,50664,1976000,9701,144463,56470,1310341,0.15061,54393,1499645,0.172369,66376,2809986,0.322979,8700223
1,2021-04-03,78007,4239107,39280,2079917,29095,2005095,9632,154095,36482,1315181,0.151166,41341,1540986,0.17712,46181,2856167,0.328287,8700223
1,2021-04-04,23768,4262875,11829,2091746,8475,2013570,3464,157559,9945,1314824,0.151125,13756,1554742,0.178701,13399,2869566,0.329827,8700223
1,2021-04-05,76328,4339203,36658,2128404,30356,2043926,9314,166873,34236,1316649,0.151335,41888,1596630,0.183516,43713,2913279,0.334851,8700223
1,2021-04-06,103626,4442829,49244,2177648,37794,2081720,16588,183461,46771,1323479,0.15212,56560,1653190,0.190017,63390,2976669,0.342137,8700223
1,2021-04-07,111855,4554684,54382,2232030,39930,2121650,17543,201004,50408,1330311,0.152905,61144,1714334,0.197045,67976,3044645,0.34995,8700223
1,2021-04-08,122340,4677024,57956,2289986,43408,2165058,20976,221980,54047,1337528,0.153735,67874,1782208,0.204846,75091,3119736,0.358581,8700223
1,2021-04-09,123540,4800564,56441,2346427,46285,2211343,20814,242794,54215,1343648,0.154438,68961,1851169,0.212773,75081,3194817,0.367211,8700223
1,2021-04-10,95715,4896279,42525,2388952,30483,2241826,22707,265501,37386,1345594,0.154662,58117,1909286,0.219453,60063,3254880,0.374115,8700223
1,2021-04-11,36518,4932797,20352,2409304,9413,2251239,6753,272254,14815,1345623,0.154665,21641,1930927,0.22194,21670,3276550,0.376605,8700223
1,2021-04-12,74349,5007146,33242,2442546,31122,2282361,9985,282239,31493,1344687,0.154558,42565,1973492,0.226832,41629,3318179,0.38139,8700223
1,2021-04-13,97309,5104455,52110,2494656,44860,2327221,339,282578,52507,1353372,0.155556,44506,2017998,0.231948,53191,3371370,0.387504,8700223
1,2021-04-14,104954,5209409,54395,2549051,50487,2377708,72,282650,53425,1356084,0.155868,51157,2069155,0.237828,53869,3425239,0.393696,8700223
1,2021-04-15,106181,5315590,57776,2606827,48316,2426024,89,282739,56712,1364177,0.156798,48883,2118038,0.243446,56976,3482215,0.400244,8700223
1,2021-04-16,110756,5426346,56818,2663645,53850,2479874,88,282827,55441,1365106,0.156905,54784,2172822,0.249743,55713,3537928,0.406648,8700223
1,2021-04-17,83392,5509738,45294,2708939,38087,2517961,11,282838,46698,1375520,0.158102,36457,2209279,0.253934,46871,3584799,0.412035,8700223
1,2021-04-18,30248,5539986,20441,2729380,9800,2527761,7,282845,15274,1376117,0.15817,14886,2224165,0.255645,15483,3600282,0.413815,8700223
1,2021-04-19,67181,5607167,34042,2763422,33126,2560887,13,282858,30501,1370434,0.157517,36325,2260490,0.25982,30642,3630924,0.417337,8700223
1,2021-04-20,88608,5695775,44687,2808109,43899,2604786,22,282880,41783,1365969,0.157004,46474,2306964,0.265161,42009,3672933,0.422165,8700223
1,2021-04-21,97750,5793525,51021,2859130,46629,2651415,100,282980,43944,1357004,0.155973,53243,2360207,0.271281,44278,3717211,0.427255,8700223
1,2021-04-22,97451,5890976,50929,2910059,46506,2697921,16,282996,44844,1349987,0.155167,52096,2412303,0.277269,45079,3762290,0.432436,8700223
1,2021-04-23,102295,5993271,52859,2962918,49409,2747330,27,283023,49052,1346556,0.154773,52737,2465040,0.283331,49306,3811596,0.438103,8700223
1,2021-04-24,76089,6069360,47207,3010125,28856,2776186,26,283049,43121,1357124,0.155987,32834,2497874,0.287105,43402,3854998,0.443092,8700223
1,2021-04-25,27232,6096592,17359,3027484,9859,2786045,14,283063,15595,1361351,0.156473,11522,2509396,0.288429,15749,3870747,0.444902,8700223
1,2021-04-26,66040,6162632,34625,3062109,31015,2817060,400,283463,31614,1359582,0.15627,34121,2543517,0.292351,32352,3903099,0.448621,8700223
1,2021-04-27,81452,6244084,43325,3105434,36827,2853887,1300,284763,35634,1351329,0.155321,45529,2589046,0.297584,37276,3940375,0.452905,8700223
1,2021-04-28,81113,6325197,43158,3148592,36455,2890342,1500,286263,35820,1343929,0.154471,44951,2633997,0.302751,37551,3977926,0.457221,8700223
1,2021-04-29,84168,6409365,46304,3194896,36250,2926592,1614,287877,34736,1331368,0.153027,49075,2683072,0.308391,36514,4014440,0.461418,8700223
1,2021-04-30,91736,6501101,49744,3244640,40130,2966722,1862,289739,38782,1319550,0.151669,52631,2735703,0.314441,40813,4055253,0.466109,8700223
1,2021-05-01,62449,6563550,40317,3284957,20718,2987440,1414,291153,26361,1311700,0.150766,35842,2771545,0.31856,27992,4083245,0.469326,8700223
1,2021-05-02,23272,6586822,16460,3301417,6235,2993675,577,291730,9429,1307998,0.150341,13736,2785281,0.320139,10034,4093279,0.47048,8700223
1,2021-05-03,55796,6642618,30924,3332341,23042,3016717,1830,293560,20608,1295541,0.148909,34950,2820231,0.324156,22493,4115772,0.473065,8700223
1,2021-05-04,75137,6717755,43236,3375577,29814,3046531,2087,295647,27299,1277473,0.146832,47540,2867771,0.32962,29472,4145244,0.476453,8700223
1,2021-05-05,77373,6795128,44831,3420408,30259,3076790,2283,297930,26429,1255656,0.144325,50612,2918383,0.335438,28795,4174039,0.479762,8700223
1,2021-05-06,78530,6873658,47524,3467932,28847,3105637,2159,300089,24690,1229193,0.141283,53468,2971851,0.341583,27005,4201044,0.482866,8700223
1,2021-05-07,82580,6956238,46952,3514884,33442,3139079,2186,302275,27780,1204852,0.138485,54373,3026224,0.347833,30032,4231076,0.486318,8700223
1,2021-05-08,56721,7012959,35572,3550456,19517,3158596,1632,303907,19410,1189005,0.136664,36981,3063205,0.352084,21134,4252210,0.488747,8700223
1,2021-05-09,18208,7031167,13070,3563526,4659,3163255,479,304386,5567,1182521,0.135918,12565,3075770,0.353528,6081,4258291,0.489446,8700223
1,2021-05-10,43820,7074987,22092,3585618,19923,3183178,1805,306191,14832,1170526,0.13454,28724,3104494,0.356829,16729,4275020,0.491369,8700223
1,2021-05-11,61837,7136824,33495,3619113,26193,3209371,2149,308340,20490,1152200,0.132433,41083,3145577,0.361551,22757,4297777,0.493985,8700223
1,2021-05-12,62372,7199196,33165,3652278,27154,3236525,2053,310393,20472,1133208,0.13025,41585,3187162,0.366331,22593,4320370,0.496582,8700223
1,2021-05-13,66360,7265556,38890,3691168,25481,3262006,1989,312382,25260,1120012,0.128734,40723,3227885,0.371012,27527,4347897,0.499745,8700223
1,2021-05-14,75924,7341480,45787,3736955,27749,3289755,2388,314770,30716,1108582,0.12742,44813,3272698,0.376163,33383,4381280,0.503582,8700223
1,2021-05-15,66070,7407550,43323,3780278,20997,3310752,1750,316520,26316,1097253,0.126118,39462,3312160,0.380698,28133,4409413,0.506816,8700223
1,2021-05-16,24930,7432480,18361,3798639,5949,3316701,620,317140,10201,1093503,0.125687,14617,3326777,0.382378,10867,4420280,0.508065,8700223
1,2021-05-17,53983,7486463,33008,3831647,19214,3335915,1761,318901,22922,1087440,0.12499,30803,3357580,0.385919,24740,4445020,0.510909,8700223
1,2021-05-18,64819,7551282,39063,3870710,23929,3359844,1827,320728,28132,1081069,0.124258,36415,3393995,0.390104,30044,4475064,0.514362,8700223
1,2021-05-19,66188,7617470,40296,3911006,23968,3383812,1924,322652,29566,1076305,0.12371,36340,3430335,0.394281,31576,4506640,0.517991,8700223
1,2021-05-20,64392,7681862,37337,3948343,24850,3408662,2205,324857,26514,1067692,0.12272,37536,3467871,0.398596,28923,4535563,0.521316,8700223
1,2021-05-21,69797,7751659,41739,3990082,26218,3434880,1840,326697,28851,1057935,0.121599,40543,3508414,0.403256,30786,4566349,0.524854,8700223
1,2021-05-22,55826,7807485,36681,4026763,17426,3452306,1719,328416,24337,1052860,0.121015,31228,3539642,0.406845,26153,4592502,0.52786,8700223
1,2021-05-23,20471,7827956,14309,4041072,5576,3457882,586,329002,9502,1052105,0.120929,10866,3550508,0.408094,10111,4602613,0.529022,8700223
1,2021-05-24,43683,7871639,24357,4065429,17494,3475376,1832,330834,17708,1045998,0.120227,25729,3576237,0.411051,19622,4622235,0.531278,8700223
1,2021-05-25,50759,7922398,29219,4094648,19849,3495225,1691,332525,21082,1039473,0.119477,29399,3605636,0.41443,22874,4645109,0.533907,8700223
1,2021-05-26,48387,7970785,27430,4122078,19069,3514294,1888,334413,20522,1034365,0.118889,27567,3633203,0.417599,22459,4667568,0.536488,8700223
1,2021-05-27,46946,8017731,26343,4148421,18695,3532989,1908,336321,20176,1030080,0.118397,26486,3659689,0.420643,22201,4689769,0.53904,8700223
1,2021-05-28,52271,8070002,29118,4177539,21331,3554320,1822,338143,23408,1026897,0.118031,28539,3688228,0.423923,25356,4715125,0.541954,8700223
1,2021-05-29,30619,8100621,18544,4196083,11114,3565434,961,339104,14632,1026712,0.11801,15832,3704060,0.425743,15647,4730772,0.543753,8700223
1,2021-05-30,11668,8112289,7526,4203609,3587,3569021,555,339659,5534,1026763,0.118016,6062,3710122,0.42644,6113,4736885,0.544456,8700223
1,2021-05-31,5720,8118009,3252,4206861,2214,3571235,254,339913,1995,1025356,0.117854,3669,3713791,0.426862,2262,4739147,0.544716,8700223
1,2021-06-01,45761,8163770,25876,4232737,18320,3589555,1565,341478,17382,1016316,0.116815,28060,3741851,0.430087,19020,4758167,0.546902,8700223
1,2021-06-02,39918,8203688,23153,4255890,15258,3604813,1507,342985,16115,1010497,0.116146,23511,3765362,0.432789,17692,4775859,0.548935,8700223
1,2021-06-03,41260,8244948,25848,4281738,13731,3618544,1681,344666,15806,1002908,0.115274,25150,3790512,0.43568,17561,4793420,0.550954,8700223
1,2021-06-04,50094,8295042,32038,4313776,16248,3634792,1808,346474,17958,990969,0.113902,31783,3822295,0.439333,19844,4813264,0.553235,8700223
1,2021-06-05,40278,8335320,27496,4341272,10784,3645576,1998,348472,14232,981423,0.112804,25829,3848124,0.442302,16283,4829547,0.555106,8700223
1,2021-06-06,13192,8348512,10557,4351829,2125,3647701,510,348982,4593,978070,0.112419,8517,3856641,0.443281,5164,4834711,0.5557,8700223
1,2021-06-07,33951,8382463,23403,4375232,9203,3656904,1345,350327,12098,969920,0.111482,21644,3878285,0.445768,13494,4848205,0.557251,8700223
1,2021-06-08,42223,8424686,29224,4404456,11346,3668250,1653,351980,14742,959197,0.11025,27209,3905494,0.448896,16486,4864691,0.559146,8700223
1,2021-06-09,42131,8466817,29234,4433690,11254,3679504,1643,353623,13758,946589,0.108801,28067,3933561,0.452122,15459,4880150,0.560922,8700223
1,2021-06-10,39044,8505861,26290,4459980,11056,3690560,1698,355321,13343,936284,0.107616,25451,3959012,0.455047,15146,4895296,0.562663,8700223
1,2021-06-11,43936,8549797,29158,4489138,13097,3703657,1681,357002,15683,925772,0.106408,27954,3986966,0.45826,17442,4912738,0.564668,8700223
1,2021-06-12,33685,8583482,24373,4513511,8113,3711770,1199,358201,11107,915787,0.10526,22361,4009327,0.46083,12376,4925114,0.566091,8700223
1,2021-06-13,11620,8595102,8437,4521948,2703,3714473,480,358681,3380,911510,0.104769,8171,4017498,0.46177,3894,4929008,0.566538,8700223
1,2021-06-14,30902,8626004,20811,4542759,8790,3723263,1301,359982,11584,905304,0.104055,19122,4036620,0.463967,12916,4941924,0.568023,8700223
1,2021-06-15,37187,8663191,24392,4567151,10945,3734208,1850,361832,13789,897906,0.103205,23131,4059751,0.466626,15733,4957657,0.569831,8700223
1,2021-06-16,35368,8698559,23876,4591027,9662,3743870,1830,363662,13249,891187,0.102433,21859,4081610,0.469139,15140,4972797,0.571571,8700223
1,2021-06-17,33517,8732076,22159,4613186,9416,3753286,1942,365604,13089,886125,0.101851,20191,4101801,0.471459,15129,4987926,0.57331,8700223
1,2021-06-18,39538,8771614,25671,4638857,11012,3764298,2855,368459,15387,880555,0.101211,23872,4125673,0.474203,18302,5006228,0.575414,8700223
1,2021-06-19,23900,8795514,16574,4655431,6126,3770424,1200,369659,9783,877619,0.100873,13950,4139623,0.475807,11014,5017242,0.57668,8700223
1,2021-06-20,8144,8803658,5964,4661395,1904,3772328,276,369935,3237,876301,0.100722,4842,4144465,0.476363,3524,5020766,0.577085,8700223
1,2021-06-21,20922,8824580,11840,4673235,6902,3779230,2180,372115,10910,879545,0.101095,9898,4154363,0.477501,13142,5033908,0.578595,8700223
1,2021-06-22,30760,8855340,20085,4693320,8537,3787767,2138,374253,12911,877028,0.100805,17638,4172001,0.479528,15121,5049029,0.580333,8700223
1,2021-06-23,29308,8884648,19682,4713002,7809,3795576,1817,376070,12798,875372,0.100615,16297,4188298,0.481401,14641,5063670,0.582016,8700223
1,2021-06-24,28267,8912915,18842,4731844,7772,3803348,1653,377723,12012,873050,0.100348,16054,4204352,0.483246,13732,5077402,0.583594,8700223
1,2021-06-25,31612,8944527,21443,4753287,8780,3812128,1389,379112,13922,870966,0.100108,17450,4221802,0.485252,15366,5092768,0.585361,8700223
1,2021-06-26,22179,8966706,16456,4769743,4902,3817030,821,379933,9681,869136,0.099898,12381,4234183,0.486675,10551,5103319,0.586573,8700223
1,2021-06-27,9138,8975844,6797,4776540,1909,3818939,432,380365,4055,868621,0.099839,5018,4239201,0.487252,4503,5107822,0.587091,8700223
1,2021-06-28,21051,8996895,15628,4792168,4175,3823114,1248,381613,9746,868548,0.099831,11120,4250321,0.48853,11047,5118869,0.588361,8700223
1,2021-06-29,26484,9023379,18125,4810293,6995,3830109,1364,382977,11659,866979,0.09965,14652,4264973,0.490214,13083,5131952,0.589864,8700223
1,2021-06-30,25713,9049092,17813,4828106,6858,3836967,1042,384019,12196,866986,0.099651,13306,4278279,0.491744,13313,5145265,0.591395,8700223
1,2021-07-01,23502,9072594,16368,4844474,5876,3842843,1258,385277,10891,866749,0.099624,12467,4290746,0.493177,12230,5157495,0.5928,8700223
1,2021-07-02,26254,9098848,18033,4862507,7193,3850036,1028,386305,12289,866370,0.09958,13779,4304525,0.49476,13400,5170895,0.594341,8700223
1,2021-07-03,14540,9113388,10161,4872668,3941,3853977,438,386743,6901,866234,0.099565,7510,4312035,0.495624,7374,5178269,0.595188,8700223
1,2021-07-04,1261,9114649,707,4873375,489,3854466,65,386808,608,866268,0.099568,645,4312680,0.495698,679,5178948,0.595266,8700223
1,2021-07-05,10988,9125637,7573,4880948,3052,3857518,363,387171,5218,866192,0.09956,5702,4318382,0.496353,5626,5184574,0.595913,8700223
1,2021-07-06,26974,9152611,19065,4900013,6782,3864300,1127,388298,10751,862132,0.099093,16040,4334422,0.498197,11980,5196554,0.59729,8700223
1,2021-07-07,23478,9176089,16459,4916472,5907,3870207,1112,389410,10098,860233,0.098875,13197,4347619,0.499714,11298,5207852,0.598588,8700223
1,2021-07-08,22172,9198261,15337,4931809,5866,3876073,969,390379,9658,858567,0.098683,12384,4360003,0.501137,10718,5218570,0.59982,8700223
1,2021-07-09,26141,9224402,18569,4950378,6599,3882672,973,391352,11896,857432,0.098553,14074,4374077,0.502755,12939,5231509,0.601307,8700223
1,2021-07-10,17131,9241533,12407,4962785,4100,3886772,624,391976,7700,856495,0.098445,9312,4383389,0.503825,8375,5239884,0.60227,8700223
1,2021-07-11,6701,9248234,4896,4967681,1614,3888386,191,392167,3233,856519,0.098448,3418,4386807,0.504218,3442,5243326,0.602666,8700223
1,2021-07-12,19710,9267944,14205,4981886,4719,3893105,786,392953,8802,855425,0.098322,10779,4397586,0.505457,9685,5253011,0.603779,8700223
1,2021-07-13,21700,9289644,15205,4997091,5807,3898912,688,393641,10230,855098,0.098285,11334,4408920,0.506759,11007,5264018,0.605044,8700223
1,2021-07-14,21644,9311288,14880,5011971,5860,3904772,904,394545,9781,854178,0.098179,11711,4420631,0.508105,10791,5274809,0.606284,8700223
1,2021-07-15,20949,9332237,14887,5026858,5400,3910172,662,395207,10079,854285,0.098191,10738,4431369,0.50934,10845,5285654,0.607531,8700223
1,2021-07-16,25707,9357944,18041,5044899,6828,3917000,838,396045,12713,855090,0.098284,12835,4444204,0.510815,13640,5299294,0.609099,8700223
1,2021-07-17,17466,9375410,12496,5057395,4329,3921329,641,396686,8605,855623,0.098345,8745,4452949,0.51182,9278,5308572,0.610165,8700223
1,2021-07-18,7067,9382477,5267,5062662,1545,3922874,255,396941,3635,856157,0.098406,3374,4456323,0.512208,3908,5312480,0.610614,8700223
1,2021-07-19,19937,9402414,14439,5077101,4753,3927627,745,397686,10029,857246,0.098531,9788,4466111,0.513333,10877,5323357,0.611864,8700223
1,2021-07-20,12461,9414875,8705,5085806,3198,3930825,558,398244,6170,857860,0.098602,6198,4472309,0.514045,6812,5330169,0.612647,8700223
2,2020-12-15,246,246,246,246,0,0,0,0,246,246,2.9e-05,0,0,0.0,246,246,2.9e-05,8407551
2,2020-12-16,2120,2366,2120,2366,0,0,0,0,2119,2365,0.000281,0,0,0.0,2119,2365,0.000281,8407551
2,2020-12-17,6929,9295,6929,9295,0,0,0,0,6930,9295,0.001106,0,0,0.0,6930,9295,0.001106,8407551
2,2020-12-18,11106,20401,11086,20381,20,20,0,0,11106,20401,0.002427,0,0,0.0,11106,20401,0.002427,8407551
2,2020-12-19,5629,26030,5623,26004,6,26,0,0,5630,26031,0.003096,0,0,0.0,5630,26031,0.003096,8407551
2,2020-12-20,4253,30283,4243,30247,10,36,0,0,4248,30278,0.003601,1,1,0.0,4248,30279,0.003601,8407551
2,2020-12-21,12787,43070,12759,43006,28,64,0,0,12742,43020,0.005117,0,1,0.0,12742,43021,0.005117,8407551
2,2020-12-22,12149,55219,11631,54637,518,582,0,0,12147,55167,0.006562,0,1,0.0,12147,55168,0.006562,8407551
2,2020-12-23,11727,66946,9505,64142,2222,2804,0,0,11729,66896,0.007957,1,2,0.0,11730,66898,0.007957,8407551
2,2020-12-24,5912,72858,3497,67639,2415,5219,0,0,5908,72803,0.008659,3,5,1e-06,5910,72808,0.00866,8407551
2,2020-12-25,484,73342,406,68045,78,5297,0,0,486,73289,0.008717,0,5,1e-06,486,73294,0.008718,8407551
2,2020-12-26,2558,75900,1661,69706,897,6194,0,0,2559,75847,0.009021,1,6,1e-06,2559,75853,0.009022,8407551
2,2020-12-27,2235,78135,1216,70922,1019,7213,0,0,2232,78077,0.009287,2,8,1e-06,2232,78085,0.009287,8407551
2,2020-12-28,11028,89163,7169,78091,3859,11072,0,0,11028,89104,0.010598,1,9,1e-06,11028,89113,0.010599,8407551
2,2020-12-29,12724,101887,7153,85244,5571,16643,0,0,12728,101832,0.012112,0,9,1e-06,12728,101841,0.012113,8407551
2,2020-12-30,15458,117345,8674,93918,6784,23427,0,0,15452,117281,0.013949,5,14,2e-06,15454,117295,0.013951,8407551
2,2020-12-31,7584,124929,2832,96750,4752,28179,0,0,7577,124853,0.01485,5,19,2e-06,7577,124872,0.014852,8407551
2,2021-01-01,1226,126155,608,97358,618,28797,0,0,1225,126074,0.014995,4,23,3e-06,1225,126097,0.014998,8407551
2,2021-01-02,4854,131009,2767,100125,2087,30884,0,0,4849,130921,0.015572,2,25,3e-06,4849,130946,0.015575,8407551
2,2021-01-03,1407,132416,790,100915,617,31501,0,0,1399,132316,0.015738,4,29,3e-06,1399,132345,0.015741,8407551
2,2021-01-04,11688,144104,5563,106478,6125,37626,0,0,11678,143991,0.017126,3,32,4e-06,11678,144023,0.01713,8407551
2,2021-01-05,13891,157995,6946,113424,6945,44571,0,0,12671,155486,0.018494,1211,1243,0.000148,12706,156729,0.018641,8407551
2,2021-01-06,19034,177029,10498,123922,8536,53107,0,0,15201,166924,0.019854,3774,5017,0.000597,15212,171941,0.020451,8407551
2,2021-01-07,23293,200322,13141,137063,10152,63259,0,0,15595,174835,0.020795,7700,12717,0.001513,15611,187552,0.022308,8407551
2,2021-01-08,26911,227233,16263,153326,10648,73907,0,0,16575,181154,0.021547,10280,22997,0.002735,16599,204151,0.024282,8407551
2,2021-01-09,9856,237089,5767,159093,4089,77996,0,0,6275,183864,0.021869,3572,26569,0.00316,6282,210433,0.025029,8407551
2,2021-01-10,5303,242392,2964,162057,2339,80335,0,0,3037,184641,0.021961,2266,28835,0.00343,3043,213476,0.025391,8407551
2,2021-01-11,26063,268455,18010,180067,8053,88388,0,0,14955,188541,0.022425,11105,39940,0.00475,15005,228481,0.027176,8407551
2,2021-01-12,26368,294823,16376,196443,9992,98380,0,0,16762,195781,0.023286,9606,49546,0.005893,16846,245327,0.029179,8407551
2,2021-01-13,28576,323399,15149,211592,13427,111807,0,0,20573,208397,0.024787,7985,57531,0.006843,20601,265928,0.03163,8407551
2,2021-01-14,30574,353973,11644,223236,18930,130737,0,0,26282,230455,0.02741,4299,61830,0.007354,26357,292285,0.034765,8407551
2,2021-01-15,35089,389062,12682,235918,22407,153144,0,0,31793,259051,0.030812,3288,65118,0.007745,31884,324169,0.038557,8407551
2,2021-01-16,18122,407184,5998,241916,12124,165268,0,0,16784,274495,0.032649,1352,66470,0.007906,16796,340965,0.040555,8407551
2,2021-01-17,10544,417728,3550,245466,6994,172262,0,0,9810,283566,0.033728,748,67218,0.007995,9819,350784,0.041722,8407551
2,2021-01-18,19744,437472,11036,256502,8708,180970,0,0,14930,293725,0.034936,4832,72050,0.00857,14991,365775,0.043506,8407551
2,2021-01-19,32619,470091,16945,273447,15674,196644,0,0,24588,310398,0.036919,8028,80078,0.009525,24701,390476,0.046443,8407551
2,2021-01-20,37629,507720,18981,292428,18648,215292,0,0,28997,330887,0.039356,8599,88677,0.010547,29088,419564,0.049903,8407551
2,2021-01-21,40987,548707,17407,309835,23580,238872,0,0,36476,363058,0.043182,4480,93157,0.01108,36651,456215,0.054263,8407551
2,2021-01-22,39615,588322,16552,326387,23063,261935,0,0,36259,395970,0.047097,3374,96531,0.011481,36286,492501,0.058578,8407551
2,2021-01-23,24125,612447,10782,337169,13343,275278,0,0,21149,414194,0.049265,2955,99486,0.011833,21179,513680,0.061097,8407551
2,2021-01-24,12436,624883,6096,343265,6340,281618,0,0,11519,424824,0.050529,901,100387,0.01194,11531,525211,0.062469,8407551
2,2021-01-25,33893,658776,15608,358873,18285,299903,0,0,25049,441218,0.052479,8793,109180,0.012986,25187,550398,0.065465,8407551
2,2021-01-26,40396,699172,19787,378660,20609,320512,0,0,31167,463263,0.055101,9204,118384,0.014081,31249,581647,0.069182,8407551
2,2021-01-27,45655,744827,22665,401325,22990,343502,0,0,35310,488420,0.058093,10216,128600,0.015296,35373,617020,0.073389,8407551
2,2021-01-28,47894,792721,22403,423728,25491,368993,0,0,39157,518980,0.061728,8670,137270,0.016327,39230,656250,0.078055,8407551
2,2021-01-29,45579,838300,21998,445726,23581,392574,0,0,36818,547225,0.065087,8637,145907,0.017354,36882,693132,0.082442,8407551
2,2021-01-30,31282,869582,13339,459065,17943,410517,0,0,27879,571770,0.068007,3365,149272,0.017755,27910,721042,0.085761,8407551
2,2021-01-31,17119,886701,10171,469236,6948,417465,0,0,15915,586520,0.069761,1185,150457,0.017895,15935,736977,0.087657,8407551
2,2021-02-01,41077,927778,19693,488929,21384,438849,0,0,29941,605419,0.072009,11081,161538,0.019213,29980,766957,0.091222,8407551
2,2021-02-02,47885,975663,19453,508382,28432,467281,0,0,36352,630414,0.074982,11452,172990,0.020576,36447,803404,0.095557,8407551
2,2021-02-03,54013,1029676,23804,532186,30209,497490,0,0,39756,656111,0.078038,14154,187144,0.022259,39851,843255,0.100297,8407551
2,2021-02-04,56166,1085842,24117,556303,32049,529539,0,0,40924,682001,0.081118,15134,202278,0.024059,41024,884279,0.105177,8407551
2,2021-02-05,60053,1145895,26205,582508,33848,563387,0,0,40517,703374,0.08366,19329,221607,0.026358,40702,924981,0.110018,8407551
2,2021-02-06,39341,1185236,18359,600867,20982,584369,0,0,31352,726907,0.086459,7913,229520,0.027299,31446,956427,0.113758,8407551
2,2021-02-07,15698,1200934,10419,611286,5279,589648,0,0,11922,735150,0.087439,3748,233268,0.027745,11991,968418,0.115184,8407551
2,2021-02-08,42923,1243857,21746,633032,21177,610825,0,0,29343,751267,0.089356,13436,246704,0.029343,29553,997971,0.118699,8407551
2,2021-02-09,49437,1293294,23257,656289,26180,637005,0,0,30521,763492,0.09081,18626,265330,0.031559,30851,1028822,0.122369,8407551
2,2021-02-10,59568,1352862,27869,684158,31699,668704,0,0,34352,773263,0.091972,24934,290264,0.034524,34705,1063527,0.126497,8407551
2,2021-02-11,64241,1417103,29508,713666,34733,703437,0,0,35775,781429,0.092944,28106,318370,0.037867,36272,1099799,0.130811,8407551
2,2021-02-12,65562,1482665,28165,741831,37397,740834,0,0,34804,786442,0.09354,30447,348817,0.041489,35460,1135259,0.135028,8407551
2,2021-02-13,38104,1520769,15894,757725,22210,763044,0,0,21993,792801,0.094296,16012,364829,0.043393,22371,1157630,0.137689,8407551
2,2021-02-14,20118,1540887,9340,767065,10778,773822,0,0,11183,795462,0.094613,8885,373714,0.04445,11546,1169176,0.139063,8407551
2,2021-02-15,33181,1574068,14950,782015,18231,792053,0,0,18382,800038,0.095157,14663,388377,0.046194,19239,1188415,0.141351,8407551
2,2021-02-16,56479,1630547,27698,809713,28781,820834,0,0,29746,803832,0.095608,26621,414998,0.04936,30415,1218830,0.144968,8407551
2,2021-02-17,61801,1692348,31809,841522,29992,850826,0,0,30687,804329,0.095667,31016,446014,0.053049,31513,1250343,0.148717,8407551
2,2021-02-18,66428,1758776,33486,875008,32942,883768,0,0,32342,803998,0.095628,33826,479840,0.057073,33495,1283838,0.152701,8407551
2,2021-02-19,59787,1818563,33112,908120,26675,910443,0,0,29676,804363,0.095671,29916,509756,0.060631,30281,1314119,0.156302,8407551
2,2021-02-20,37806,1856369,24536,932656,13270,923713,0,0,20546,808429,0.096155,17158,526914,0.062672,21224,1335343,0.158827,8407551
2,2021-02-21,21697,1878066,17559,950215,4138,927851,0,0,10769,809160,0.096242,10841,537755,0.063961,11572,1346915,0.160203,8407551
2,2021-02-22,39392,1917458,26917,977132,12475,940326,0,0,18653,807900,0.096092,20587,558342,0.06641,19327,1366242,0.162502,8407551
2,2021-02-23,53722,1971180,27403,1004535,26319,966645,0,0,23549,803430,0.095561,29912,588254,0.069967,25442,1391684,0.165528,8407551
2,2021-02-24,71031,2042211,36584,1041119,34447,1001092,0,0,32574,800132,0.095168,38243,626497,0.074516,34945,1426629,0.169684,8407551
2,2021-02-25,77003,2119214,36377,1077496,40626,1041718,0,0,39081,804381,0.095674,37648,664145,0.078994,41897,1468526,0.174668,8407551
2,2021-02-26,85497,2204711,36637,1114133,48860,1090578,0,0,45924,813242,0.096728,39261,703406,0.083664,48122,1516648,0.180391,8407551
2,2021-02-27,62529,2267240,29088,1143221,33434,1124012,7,7,33873,820043,0.097536,28416,731822,0.087043,35217,1551865,0.18458,8407551
2,2021-02-28,30779,2298019,18439,1161660,12339,1136351,1,8,17930,826087,0.098255,12722,744544,0.088557,18766,1570631,0.186812,8407551
2,2021-03-01,57673,2355692,30002,1191662,27626,1163977,45,53,31586,833138,0.099094,25774,770318,0.091622,32825,1603456,0.190716,8407551
2,2021-03-02,68819,2424511,32915,1224577,35893,1199870,11,64,38703,844245,0.100415,29942,800260,0.095183,41049,1644505,0.195599,8407551
2,2021-03-03,79933,2504444,38658,1263235,41260,1241130,15,79,45353,857827,0.102031,34363,834623,0.099271,47945,1692450,0.201301,8407551
2,2021-03-04,88074,2592518,43239,1306474,44805,1285935,30,109,50907,874220,0.10398,36921,871544,0.103662,53314,1745764,0.207642,8407551
2,2021-03-05,82084,2674602,38581,1345055,43195,1329130,308,417,50213,895484,0.106509,31641,903185,0.107425,52905,1798669,0.213935,8407551
2,2021-03-06,62919,2737521,30758,1375813,30462,1359592,1699,2116,38727,913289,0.108627,24057,927242,0.110287,41862,1840531,0.218914,8407551
2,2021-03-07,28593,2766114,16238,1392051,10811,1370403,1544,3660,18133,923691,0.109864,10387,937629,0.111522,20789,1861320,0.221387,8407551
2,2021-03-08,50753,2816867,23277,1415328,24914,1395317,2562,6222,31901,941054,0.11193,18744,956373,0.113752,36107,1897427,0.225681,8407551
2,2021-03-09,70598,2887465,32129,1447457,34622,1429939,3847,10069,39080,953948,0.113463,31375,987748,0.117483,44269,1941696,0.230947,8407551
2,2021-03-10,78456,2965921,37110,1484567,34809,1464748,6537,16606,41654,966882,0.115002,36579,1024327,0.121834,49513,1991209,0.236836,8407551
2,2021-03-11,93291,3059212,43034,1527601,41888,1506636,8369,24975,48668,981018,0.116683,44301,1068628,0.127103,58437,2049646,0.243786,8407551
2,2021-03-12,94138,3153350,38707,1566308,43460,1550096,11971,36946,46826,994182,0.118249,47052,1115680,0.1327,60216,2109862,0.250948,8407551
2,2021-03-13,69266,3222616,28992,1595300,32289,1582385,7985,44931,38056,1010447,0.120183,31071,1146751,0.136395,47336,2157198,0.256579,8407551
2,2021-03-14,37028,3259644,18312,1613612,14191,1596576,4525,49456,18563,1015924,0.120835,18359,1165110,0.138579,23836,2181034,0.259414,8407551
2,2021-03-15,67455,3327099,30419,1644031,32018,1628594,5018,54474,37178,1029163,0.122409,30052,1195162,0.142153,43291,2224325,0.264563,8407551
2,2021-03-16,86316,3413415,38178,1682209,44111,1672705,4027,58501,52169,1052549,0.125191,33940,1229102,0.14619,57326,2281651,0.271381,8407551
2,2021-03-17,92847,3506262,44460,1726669,44200,1716905,4187,62688,58793,1082601,0.128765,33772,1262874,0.150207,63824,2345475,0.278972,8407551
2,2021-03-18,98189,3604451,46814,1773483,46780,1763685,4595,67283,59633,1109167,0.131925,38232,1301106,0.154754,64798,2410273,0.28668,8407551
2,2021-03-19,97541,3701992,46168,1819651,45249,1808934,6124,73407,57694,1133978,0.134876,39531,1340637,0.159456,64342,2474615,0.294332,8407551
2,2021-03-20,70019,3772011,33934,1853585,32117,1841051,3968,77375,45714,1159958,0.137966,24067,1364704,0.162319,50047,2524662,0.300285,8407551
2,2021-03-21,33428,3805439,21593,1875178,9839,1850890,1996,79371,19966,1169033,0.139046,13320,1378024,0.163903,22395,2547057,0.302949,8407551
2,2021-03-22,62919,3868358,34630,1909808,25654,1876544,2635,82006,41730,1193348,0.141938,20947,1398971,0.166395,45262,2592319,0.308332,8407551
2,2021-03-23,83755,3952113,44507,1954315,36333,1912877,2915,84921,52258,1218149,0.144887,31212,1430183,0.170107,56013,2648332,0.314994,8407551
2,2021-03-24,91635,4043748,49230,2003545,39237,1952114,3168,88089,53661,1238159,0.147267,37635,1467818,0.174583,57645,2705977,0.321851,8407551
2,2021-03-25,101238,4144986,51079,2054624,46257,1998371,3902,91991,57170,1256291,0.149424,43697,1511515,0.179781,61829,2767806,0.329205,8407551
2,2021-03-26,103345,4248331,51265,2105889,48585,2046956,3495,95486,56352,1270594,0.151125,46593,1558108,0.185322,60896,2828702,0.336448,8407551
2,2021-03-27,75594,4323925,37726,2143615,34569,2081525,3299,98785,37785,1274985,0.151648,37551,1595659,0.189789,41942,2870644,0.341436,8407551
2,2021-03-28,37689,4361614,23280,2166895,13598,2095123,811,99596,20068,1279223,0.152152,17492,1613151,0.191869,21730,2892374,0.344021,8407551
2,2021-03-29,71304,4432918,36236,2203131,32793,2127916,2275,101871,40533,1292377,0.153716,30554,1643705,0.195503,43708,2936082,0.34922,8407551
2,2021-03-30,91903,4524821,45002,2248133,42524,2170440,4377,106248,51624,1308915,0.155683,40068,1683773,0.200269,56606,2992688,0.355952,8407551
2,2021-03-31,101179,4626000,52115,2300248,43957,2214397,5107,111355,57420,1328345,0.157994,43442,1727215,0.205436,62872,3055560,0.36343,8407551
2,2021-04-01,117559,4743559,56797,2357045,51525,2265922,9237,120592,64021,1348892,0.160438,53131,1780346,0.211756,73678,3129238,0.372194,8407551
2,2021-04-02,111635,4855194,51434,2408479,50016,2315938,10185,130777,59920,1368145,0.162728,51322,1831668,0.21786,70575,3199813,0.380588,8407551
2,2021-04-03,76856,4932050,37733,2446212,29293,2345231,9830,140607,38080,1377873,0.163885,38565,1870233,0.222447,48293,3248106,0.386332,8407551
2,2021-04-04,29000,4961050,14917,2461129,10224,2355455,3859,144466,13017,1378904,0.164008,15875,1886108,0.224335,16906,3265012,0.388343,8407551
2,2021-04-05,79144,5040194,38785,2499914,31521,2386976,8838,153304,38193,1385913,0.164841,40767,1926875,0.229184,47776,3312788,0.394025,8407551
2,2021-04-06,103893,5144087,50583,2550497,38595,2425571,14715,168019,49225,1395868,0.166026,54381,1981256,0.235652,64336,3377124,0.401677,8407551
2,2021-04-07,110502,5254589,55109,2605606,39133,2464704,16260,184279,52030,1406258,0.167261,58172,2039428,0.242571,68562,3445686,0.409832,8407551
2,2021-04-08,119347,5373936,57442,2663048,43174,2507878,18731,203010,55340,1417266,0.168571,63635,2103063,0.25014,74643,3520329,0.41871,8407551
2,2021-04-09,118843,5492779,57226,2720274,43496,2551374,18121,221131,56195,1430161,0.170104,62264,2165327,0.257546,75159,3595488,0.42765,8407551
2,2021-04-10,87622,5580401,37793,2758067,31405,2582779,18424,239555,36085,1434081,0.170571,51270,2216597,0.263644,55190,3650678,0.434214,8407551
2,2021-04-11,44479,5624880,23082,2781149,12925,2595704,8472,248027,18215,1435371,0.170724,26122,2242719,0.266751,27412,3678090,0.437475,8407551
2,2021-04-12,80008,5704888,37271,2818420,33329,2629033,9408,257435,35613,1437264,0.170949,44120,2286839,0.271998,46013,3724103,0.442947,8407551
2,2021-04-13,101859,5806747,52851,2871271,48748,2677781,260,257695,55818,1448464,0.172281,45772,2332611,0.277442,56972,3781075,0.449724,8407551
2,2021-04-14,106825,5913572,55949,2927220,50823,2728604,53,257748,54635,1452707,0.172786,51879,2384490,0.283613,56122,3837197,0.456399,8407551
2,2021-04-15,113425,6026997,60299,2987519,53044,2781648,82,257830,59373,1459571,0.173602,53659,2438149,0.289995,60523,3897720,0.463598,8407551
2,2021-04-16,110882,6137879,57485,3045004,53344,2834992,53,257883,56351,1462642,0.173968,54184,2492333,0.29644,57255,3954975,0.470407,8407551
2,2021-04-17,83601,6221480,42535,3087539,41051,2876043,15,257898,46811,1473791,0.175294,36541,2528874,0.300786,47690,4002665,0.47608,8407551
2,2021-04-18,35649,6257129,21641,3109180,14001,2890044,7,257905,17011,1473286,0.175234,18505,2547379,0.302987,18000,4020665,0.478221,8407551
2,2021-04-19,74958,6332087,40351,3149531,34591,2924635,16,257921,34222,1467681,0.174567,40466,2587845,0.3078,34861,4055526,0.482367,8407551
2,2021-04-20,97802,6429889,49593,3199124,48183,2972818,26,257947,47577,1466149,0.174385,49877,2637722,0.313733,48345,4103871,0.488117,8407551
2,2021-04-21,103714,6533603,56145,3255269,47511,3020329,58,258005,49072,1462066,0.173899,54185,2691907,0.320177,50102,4153973,0.494076,8407551
2,2021-04-22,108231,6641834,56003,3311272,52205,3072534,23,258028,47478,1450128,0.172479,60333,2752240,0.327353,48395,4202368,0.499833,8407551
2,2021-04-23,107735,6749569,57288,3368560,50429,3122963,18,258046,49930,1443610,0.171704,57386,2809626,0.334179,50868,4253236,0.505883,8407551
2,2021-04-24,80707,6830276,47525,3416085,33142,3156105,40,258086,42097,1448406,0.172274,38271,2847897,0.338731,43067,4296303,0.511005,8407551
2,2021-04-25,36449,6866725,22456,3438541,13978,3170083,15,258101,19859,1452295,0.172737,16450,2864347,0.340687,20339,4316642,0.513424,8407551
2,2021-04-26,74043,6940768,41004,3479545,32731,3202814,308,258409,34137,1448545,0.172291,39641,2903988,0.345402,35891,4352533,0.517693,8407551
2,2021-04-27,88165,7028933,46480,3526025,40320,3243134,1365,259774,37926,1439218,0.171182,49858,2953846,0.351333,40531,4393064,0.522514,8407551
2,2021-04-28,87908,7116841,46987,3573012,39057,3282191,1864,261638,38836,1432100,0.170335,48732,3002578,0.357129,41614,4434678,0.527464,8407551
2,2021-04-29,90514,7207355,49293,3622305,39517,3321708,1704,263342,35194,1414661,0.168261,54938,3057516,0.363663,37499,4472177,0.531924,8407551
2,2021-04-30,94383,7301738,52210,3674515,40179,3361887,1994,265336,36806,1396994,0.166159,57124,3114640,0.370457,39457,4511634,0.536617,8407551
2,2021-05-01,61965,7363703,37768,3712283,22627,3384514,1570,266906,24169,1386100,0.164864,37486,3152126,0.374916,26592,4538226,0.53978,8407551
2,2021-05-02,29069,7392772,20204,3732487,7893,3392407,972,267878,11057,1380340,0.164179,17878,3170004,0.377042,12118,4550344,0.541221,8407551
2,2021-05-03,60289,7453061,35758,3768245,22478,3414885,2053,269931,20275,1363189,0.162139,39747,3209751,0.38177,22596,4572940,0.543909,8407551
2,2021-05-04,79419,7532480,47403,3815648,29645,3444530,2371,272302,25849,1338573,0.159211,53233,3262984,0.388102,28617,4601557,0.547312,8407551
2,2021-05-05,79927,7612407,47575,3863223,30006,3474536,2346,274648,25045,1311836,0.156031,54492,3317476,0.394583,27755,4629312,0.550614,8407551
2,2021-05-06,82168,7694575,49759,3912982,29499,3504035,2910,277558,25155,1283998,0.15272,56544,3374020,0.401308,28706,4658018,0.554028,8407551
2,2021-05-07,83246,7777821,48029,3961011,32792,3536827,2425,279983,25639,1255289,0.149305,57232,3431252,0.408116,28523,4686541,0.55742,8407551
2,2021-05-08,55205,7833026,33426,3994437,20070,3556897,1709,281692,17328,1237415,0.147179,37640,3468892,0.412592,19766,4706307,0.559771,8407551
2,2021-05-09,21751,7854777,15696,4010133,5307,3562204,748,282440,6348,1229415,0.146227,15326,3484218,0.414415,7326,4713633,0.560643,8407551
2,2021-05-10,49894,7904671,27123,4037256,20904,3583108,1867,284307,14087,1210412,0.143967,35566,3519784,0.418646,16563,4730196,0.562613,8407551
2,2021-05-11,65625,7970296,35417,4072673,28101,3611209,2107,286414,19822,1187523,0.141245,45509,3565293,0.424058,22620,4752816,0.565303,8407551
2,2021-05-12,64796,8035092,34530,4107203,28050,3639259,2216,288630,19096,1163830,0.138427,45394,3610687,0.429458,21701,4774517,0.567884,8407551
2,2021-05-13,70514,8105606,40967,4148170,27606,3666865,1941,290571,25833,1147936,0.136536,44400,3655087,0.434739,28506,4803023,0.571275,8407551
2,2021-05-14,79374,8184980,47556,4195726,29563,3696428,2255,292826,30498,1132824,0.134739,48512,3703599,0.440509,33400,4836423,0.575248,8407551
2,2021-05-15,65938,8250918,43311,4239037,20916,3717344,1711,294537,25526,1120279,0.133247,40173,3743772,0.445287,27628,4864051,0.578534,8407551
2,2021-05-16,31506,8282424,23558,4262595,7024,3724368,924,295461,12830,1115614,0.132692,18547,3762319,0.447493,13882,4877933,0.580185,8407551
2,2021-05-17,57830,8340254,36643,4299238,19256,3743624,1931,297392,22798,1105902,0.131537,34804,3797123,0.451632,25092,4903025,0.583169,8407551
2,2021-05-18,69952,8410206,40945,4340183,27047,3770671,1960,299352,27818,1094354,0.130163,41866,3838989,0.456612,30318,4933343,0.586775,8407551
2,2021-05-19,68680,8478886,40629,4380812,26043,3796714,2008,301360,27209,1082869,0.128797,41170,3880159,0.461509,29685,4963028,0.590306,8407551
2,2021-05-20,69321,8548207,40187,4420999,26948,3823662,2186,303546,26362,1069375,0.127192,42634,3922793,0.46658,29140,4992168,0.593772,8407551
2,2021-05-21,72711,8620918,42904,4463903,27657,3851319,2150,305696,27589,1054898,0.12547,44769,3967562,0.471905,30292,5022460,0.597375,8407551
2,2021-05-22,53336,8674254,33787,4497690,17775,3869094,1774,307470,22296,1048694,0.124732,30813,3998375,0.47557,24609,5047069,0.600302,8407551
2,2021-05-23,24404,8698658,16653,4514343,7025,3876119,726,308196,10277,1045837,0.124393,13999,4012374,0.477235,11142,5058211,0.601627,8407551
2,2021-05-24,44730,8743388,25400,4539743,17563,3893682,1767,309963,17186,1037802,0.123437,27328,4039702,0.480485,19293,5077504,0.603922,8407551
2,2021-05-25,50646,8794034,29643,4569386,19142,3912824,1861,311824,19273,1028400,0.122319,31073,4070775,0.484181,21671,5099175,0.606499,8407551
2,2021-05-26,48608,8842642,27230,4596616,19695,3932519,1683,313507,19018,1020179,0.121341,29261,4100036,0.487661,21040,5120215,0.609002,8407551
2,2021-05-27,46502,8889144,26344,4622960,18417,3950936,1741,315248,18586,1013330,0.120526,27678,4127714,0.490953,20829,5141044,0.611479,8407551
2,2021-05-28,49884,8939028,27529,4650489,20382,3971318,1973,317221,20954,1008008,0.119893,28675,4156389,0.494364,23353,5164397,0.614257,8407551
2,2021-05-29,28942,8967970,17349,4667838,10539,3981857,1054,318275,13264,1006968,0.119769,15528,4171917,0.496211,14488,5178885,0.61598,8407551
2,2021-05-30,12631,8980601,8134,4675972,3735,3985592,762,319037,5531,1006278,0.119687,7049,4178966,0.497049,6359,5185244,0.616737,8407551
2,2021-05-31,5865,8986466,3425,4679397,2136,3987728,304,319341,1820,1004462,0.119471,3989,4182955,0.497524,2173,5187417,0.616995,8407551
2,2021-06-01,44673,9031139,25659,4705056,17353,4005081,1661,321002,15593,993304,0.118144,28786,4211741,0.500947,17628,5205045,0.619092,8407551
2,2021-06-02,38127,9069266,22443,4727499,14280,4019361,1404,322406,14957,987045,0.1174,22915,4234656,0.503673,16656,5221701,0.621073,8407551
2,2021-06-03,41304,9110570,26605,4754104,13235,4032596,1464,323870,13933,975689,0.116049,27134,4261790,0.5069,15778,5237479,0.622949,8407551
2,2021-06-04,47903,9158473,31286,4785390,15080,4047676,1537,325407,15510,961158,0.114321,32102,4293892,0.510719,17571,5255050,0.625039,8407551
2,2021-06-05,37759,9196232,26942,4812332,9356,4057032,1461,326868,11843,949185,0.112897,25692,4319584,0.513774,13719,5268769,0.626671,8407551
2,2021-06-06,14879,9211111,12208,4824540,2092,4059124,579,327447,4696,944529,0.112343,10120,4329704,0.514978,5464,5274233,0.627321,8407551
2,2021-06-07,33202,9244313,23235,4847775,8696,4067820,1271,328718,10795,934578,0.111159,22264,4351968,0.517626,12313,5286546,0.628785,8407551
2,2021-06-08,40546,9284859,28704,4876479,10475,4078295,1367,330085,12466,920944,0.109538,27842,4379810,0.520938,14208,5300754,0.630475,8407551
2,2021-06-09,38044,9322903,26568,4903047,9985,4088280,1491,331576,11531,907971,0.107995,26319,4406129,0.524068,13346,5314100,0.632063,8407551
2,2021-06-10,37674,9360577,26198,4929245,9951,4098231,1525,333101,11582,895653,0.10653,25892,4432021,0.527148,13574,5327674,0.633677,8407551
2,2021-06-11,41167,9401744,27332,4956577,12171,4110402,1664,334765,13205,883118,0.105039,27699,4459720,0.530442,15164,5342838,0.635481,8407551
2,2021-06-12,29340,9431084,21587,4978164,6839,4117241,914,335679,8680,872409,0.103765,20523,4480243,0.532883,9814,5352652,0.636648,8407551
2,2021-06-13,12204,9443288,8913,4987077,2674,4119915,617,336296,3104,867258,0.103152,9039,4489282,0.533958,3888,5356540,0.637111,8407551
2,2021-06-14,29833,9473121,21170,5008247,7469,4127384,1194,337490,10346,859681,0.102251,19325,4508607,0.536257,11748,5368288,0.638508,8407551
2,2021-06-15,35429,9508550,23580,5031827,9810,4137194,2039,339529,11918,850736,0.101187,23279,4531886,0.539026,14334,5382622,0.640213,8407551
2,2021-06-16,32843,9541393,22648,5054475,8407,4145601,1788,341317,11288,842734,0.100235,21389,4553275,0.54157,13387,5396009,0.641805,8407551
2,2021-06-17,30735,9572128,20514,5074989,8425,4154026,1796,343113,10882,835936,0.099427,19681,4572956,0.543911,12883,5408892,0.643337,8407551
2,2021-06-18,34548,9606676,22753,5097742,9928,4163954,1867,344980,12617,828965,0.098598,21713,4594669,0.546493,14742,5423634,0.645091,8407551
2,2021-06-19,20823,9627499,14487,5112229,5078,4169032,1258,346238,7878,825507,0.098186,12784,4607453,0.548014,9326,5432960,0.6462,8407551
2,2021-06-20,8255,9635754,5895,5118124,1896,4170928,464,346702,3055,823934,0.097999,5159,4612612,0.548627,3586,5436546,0.646627,8407551
2,2021-06-21,19247,9655001,11786,5129910,6148,4177076,1313,348015,9840,825977,0.098242,9291,4621903,0.549732,11334,5447880,0.647975,8407551
2,2021-06-22,26751,9681752,18320,5148230,7061,4184137,1370,349385,10481,821997,0.097769,16103,4638006,0.551648,12123,5460003,0.649417,8407551
2,2021-06-23,25811,9707563,17828,5166058,6370,4190507,1613,350998,10530,819293,0.097447,15138,4653144,0.553448,12434,5472437,0.650895,8407551
2,2021-06-24,25216,9732779,17173,5183231,6536,4197043,1507,352505,10438,816835,0.097155,14632,4667776,0.555189,12174,5484611,0.652343,8407551
2,2021-06-25,28608,9761387,19392,5202623,7732,4204775,1484,353989,11952,813999,0.096818,16502,4684278,0.557151,13666,5498277,0.653969,8407551
2,2021-06-26,18444,9779831,13589,5216212,3933,4208708,922,354911,7511,811826,0.096559,10849,4695127,0.558442,8676,5506953,0.655001,8407551
2,2021-06-27,8747,9788578,6674,5222886,1627,4210335,446,355357,3500,810697,0.096425,5199,4700326,0.55906,4070,5511023,0.655485,8407551
2,2021-06-28,19681,9808259,14958,5237844,3485,4213820,1238,356595,8665,809901,0.09633,10888,4711214,0.560355,10092,5521115,0.656685,8407551
2,2021-06-29,22533,9830792,15698,5253542,5767,4219587,1068,357663,9587,807979,0.096102,12813,4724027,0.561879,10891,5532006,0.657981,8407551
2,2021-06-30,21712,9852504,15420,5268962,5268,4224855,1024,358687,9618,806892,0.095972,11957,4735984,0.563301,10870,5542876,0.659274,8407551
2,2021-07-01,19628,9872132,13888,5282850,4871,4229726,869,359556,8719,805887,0.095853,10795,4746779,0.564585,9790,5552666,0.660438,8407551
2,2021-07-02,22568,9894700,15570,5298420,5983,4235709,1015,360571,9948,804585,0.095698,12465,4759244,0.566068,11163,5563829,0.661766,8407551
2,2021-07-03,12417,9907117,8960,5307380,2986,4238695,471,361042,5680,804204,0.095653,6651,4765895,0.566859,6270,5570099,0.662511,8407551
2,2021-07-04,983,9908100,577,5307957,339,4239034,67,361109,419,804159,0.095647,554,4766449,0.566925,509,5570608,0.662572,8407551
2,2021-07-05,10954,9919054,8013,5315970,2534,4241568,407,361516,5024,803843,0.09561,5873,4772322,0.567623,5557,5576165,0.663233,8407551
2,2021-07-06,23398,9942452,17007,5332977,5422,4246990,969,362485,9022,799871,0.095137,14237,4786559,0.569317,10265,5586430,0.664454,8407551
2,2021-07-07,20336,9962788,14518,5347495,4738,4251728,1080,363565,8647,798306,0.094951,11557,4798116,0.570691,9992,5596422,0.665642,8407551
2,2021-07-08,18751,9981539,13123,5360618,4712,4256440,916,364481,7976,796730,0.094764,10676,4808792,0.571961,9100,5605522,0.666725,8407551
2,2021-07-09,22034,10003573,15250,5375868,5610,4262050,1174,365655,9338,794891,0.094545,12564,4821356,0.573455,10725,5616247,0.668,8407551
2,2021-07-10,13907,10017480,10251,5386119,2992,4265042,664,366319,6122,794140,0.094456,7694,4829050,0.574371,6943,5623190,0.668826,8407551
2,2021-07-11,6508,10023988,4781,5390900,1387,4266429,340,366659,3071,794225,0.094466,3394,4832444,0.574774,3479,5626669,0.66924,8407551
2,2021-07-12,17911,10041899,13170,5404070,3902,4270331,839,367498,7757,792981,0.094318,10045,4842489,0.575969,8801,5635470,0.670287,8407551
2,2021-07-13,19112,10061011,13494,5417564,4769,4275100,849,368347,8589,792228,0.094228,10386,4852875,0.577204,9633,5645103,0.671433,8407551
2,2021-07-14,18260,10079271,13059,5430623,4447,4279547,754,369101,8179,791398,0.094129,9962,4862837,0.578389,9132,5654235,0.672519,8407551
2,2021-07-15,18321,10097592,13368,5443991,4345,4283892,608,369709,8357,790717,0.094048,9855,4872692,0.579561,9174,5663409,0.67361,8407551
2,2021-07-16,22145,10119737,15967,5459958,5406,4289298,772,370481,10603,790882,0.094068,11414,4884106,0.580919,11579,5674988,0.674987,8407551
2,2021-07-17,13565,10133302,9857,5469815,3227,4292525,481,370962,6568,791155,0.094101,6905,4891011,0.58174,7178,5682166,0.675841,8407551
2,2021-07-18,6673,10139975,5006,5474821,1351,4293876,316,371278,3392,791693,0.094165,3239,4894250,0.582126,3777,5685943,0.67629,8407551
2,2021-07-19,17700,10157675,13277,5488098,3768,4297644,655,371933,8831,792599,0.094272,8758,4903008,0.583167,9664,5695607,0.677439,8407551
2,2021-07-20,10724,10168399,7875,5495973,2264,4299908,585,372518,5292,793309,0.094357,5367,4908375,0.583806,6077,5701684,0.678162,8407551
3,2020-12-15,310,310,310,310,0,0,0,0,310,310,3.8e-05,0,0,0.0,310,310,3.8e-05,8129050
3,2020-12-16,2445,2755,2445,2755,0,0,0,0,2446,2756,0.000339,0,0,0.0,2446,2756,0.000339,8129050
3,2020-12-17,7856,10611,7856,10611,0,0,0,0,7856,10612,0.001305,0,0,0.0,7856,10612,0.001305,8129050
3,2020-12-18,13424,24035,13406,24017,18,18,0,0,13423,24035,0.002957,0,0,0.0,13423,24035,0.002957,8129050
3,2020-12-19,7248,31283,7235,31252,13,31,0,0,7311,31346,0.003856,0,0,0.0,7311,31346,0.003856,8129050
3,2020-12-20,5670,36953,5661,36913,9,40,0,0,5717,37062,0.004559,1,1,0.0,5717,37063,0.004559,8129050
3,2020-12-21,14389,51342,14363,51276,26,66,0,0,14453,51514,0.006337,1,2,0.0,14453,51516,0.006337,8129050
3,2020-12-22,14821,66163,14250,65526,571,637,0,0,14860,66373,0.008165,1,3,0.0,14860,66376,0.008165,8129050
3,2020-12-23,14818,80981,12217,77743,2601,3238,0,0,14835,81207,0.00999,2,5,1e-06,14836,81212,0.00999,8129050
3,2020-12-24,6787,87768,4869,82612,1918,5156,0,0,6784,87989,0.010824,2,7,1e-06,6784,87996,0.010825,8129050
3,2020-12-25,725,88493,667,83279,58,5214,0,0,723,88712,0.010913,0,7,1e-06,723,88719,0.010914,8129050
3,2020-12-26,4624,93117,3000,86279,1624,6838,0,0,4622,93334,0.011482,0,7,1e-06,4622,93341,0.011482,8129050
3,2020-12-27,2981,96098,1854,88133,1127,7965,0,0,2981,96315,0.011848,0,7,1e-06,2981,96322,0.011849,8129050
3,2020-12-28,13634,109732,8721,96854,4913,12878,0,0,13659,109973,0.013528,1,8,1e-06,13659,109981,0.013529,8129050
3,2020-12-29,15027,124759,8464,105318,6563,19441,0,0,15055,125026,0.01538,2,10,1e-06,15055,125036,0.015381,8129050
3,2020-12-30,18038,142797,10060,115378,7978,27419,0,0,18043,143068,0.0176,2,12,1e-06,18044,143080,0.017601,8129050
3,2020-12-31,8448,151245,3239,118617,5209,32628,0,0,8447,151513,0.018638,2,14,2e-06,8447,151527,0.01864,8129050
3,2021-01-01,1515,152760,718,119335,797,33425,0,0,1512,153024,0.018824,1,15,2e-06,1512,153039,0.018826,8129050
3,2021-01-02,4940,157700,2422,121757,2518,35943,0,0,4940,157964,0.019432,0,15,2e-06,4940,157979,0.019434,8129050
3,2021-01-03,1615,159315,848,122605,767,36710,0,0,1605,159566,0.019629,3,18,2e-06,1605,159584,0.019631,8129050
3,2021-01-04,12035,171350,5971,128576,6064,42774,0,0,12006,171565,0.021105,7,25,3e-06,12006,171590,0.021108,8129050
3,2021-01-05,15728,187078,8150,136726,7578,50352,0,0,14051,183982,0.022633,1662,1687,0.000208,14079,185669,0.02284,8129050
3,2021-01-06,20611,207689,10907,147633,9704,60056,0,0,16067,195560,0.024057,4498,6185,0.000761,16076,201745,0.024818,8129050
3,2021-01-07,26644,234333,15236,162869,11408,71464,0,0,17168,203305,0.02501,9440,15625,0.001922,17185,218930,0.026932,8129050
3,2021-01-08,30641,264974,18728,181597,11913,83377,0,0,18158,209027,0.025714,12460,28085,0.003455,18182,237112,0.029168,8129050
3,2021-01-09,12447,277421,7032,188629,5415,88792,0,0,7916,212429,0.026132,4524,32609,0.004011,7926,245038,0.030143,8129050
3,2021-01-10,7221,284642,4477,193106,2744,91536,0,0,4070,213355,0.026246,3149,35758,0.004399,4075,249113,0.030645,8129050
3,2021-01-11,29092,313734,19039,212145,10053,101589,0,0,16465,217243,0.026724,12621,48379,0.005951,16509,265622,0.032676,8129050
3,2021-01-12,32603,346337,19480,231625,13123,114712,0,0,19957,224722,0.027644,12625,61004,0.007504,20104,285726,0.035149,8129050
3,2021-01-13,34574,380911,18051,249676,16523,131235,0,0,24338,238858,0.029383,10222,71226,0.008762,24358,310084,0.038145,8129050
3,2021-01-14,34737,415648,14208,263884,20529,151764,0,0,28821,261840,0.03221,5877,77103,0.009485,28859,338943,0.041695,8129050
3,2021-01-15,39001,454649,14464,278348,24537,176301,0,0,34309,291543,0.035864,4676,81779,0.01006,34379,373322,0.045924,8129050
3,2021-01-16,21762,476411,7417,285765,14345,190646,0,0,19436,308685,0.037973,2315,84094,0.010345,19457,392779,0.048318,8129050
3,2021-01-17,13152,489563,4460,290225,8692,199338,0,0,12110,319773,0.039337,1041,85135,0.010473,12129,404908,0.04981,8129050
3,2021-01-18,24791,514354,12954,303179,11837,211175,0,0,19179,333394,0.041013,5600,90735,0.011162,19221,424129,0.052174,8129050
3,2021-01-19,41087,555441,20893,324072,20194,231369,0,0,31959,356347,0.043836,9092,99827,0.01228,32045,456174,0.056117,8129050
3,2021-01-20,46191,601632,23015,347087,23176,254545,0,0,36626,383537,0.047181,9519,109346,0.013451,36709,492883,0.060632,8129050
3,2021-01-21,48083,649715,20849,367936,27234,281779,0,0,42569,420735,0.051757,5448,114794,0.014121,42646,535529,0.065878,8129050
3,2021-01-22,49826,699541,19843,387779,29983,311762,0,0,45594,462201,0.056858,4202,118996,0.014638,45668,581197,0.071496,8129050
3,2021-01-23,30360,729901,12800,400579,17560,329322,0,0,27063,486030,0.059789,3289,122285,0.015043,27118,608315,0.074832,8129050
3,2021-01-24,17895,747796,8488,409067,9407,338729,0,0,16713,501594,0.061704,1179,123464,0.015188,16743,625058,0.076892,8129050
3,2021-01-25,40861,788657,18221,427288,22640,361369,0,0,30870,522593,0.064287,9961,133425,0.016413,30960,656018,0.0807,8129050
3,2021-01-26,47355,836012,22621,449909,24734,386103,0,0,37169,549712,0.067623,10152,143577,0.017662,37271,693289,0.085285,8129050
3,2021-01-27,51500,887512,24516,474425,26984,413087,0,0,40826,580018,0.071351,10602,154179,0.018966,40908,734197,0.090318,8129050
3,2021-01-28,51925,939437,24100,498525,27825,440912,0,0,42972,614181,0.075554,8868,163047,0.020057,43031,777228,0.095611,8129050
3,2021-01-29,51045,990482,24496,523021,26549,467461,0,0,41281,645924,0.079459,9586,172633,0.021237,41329,818557,0.100695,8129050
3,2021-01-30,37429,1027911,17789,540810,19640,487101,0,0,32708,674048,0.082918,4667,177300,0.021811,32791,851348,0.104729,8129050
3,2021-01-31,22446,1050357,12754,553564,9692,496793,0,0,21030,693697,0.085336,1401,178701,0.021983,21050,872398,0.107319,8129050
3,2021-02-01,45938,1096295,20985,574549,24953,521746,0,0,35028,717902,0.088313,10857,189558,0.023319,35062,907460,0.111632,8129050
3,2021-02-02,54572,1150867,22766,597315,31806,553552,0,0,42110,747693,0.091978,12369,201927,0.02484,42160,949620,0.116818,8129050
3,2021-02-03,60122,1210989,26675,623990,33447,586999,0,0,44718,777209,0.095609,15274,217201,0.026719,44790,994410,0.122328,8129050
3,2021-02-04,64480,1275469,27919,651909,36561,623560,0,0,47210,807460,0.09933,17074,234275,0.028819,47325,1041735,0.12815,8129050
3,2021-02-05,70431,1345900,29781,681690,40650,664210,0,0,48642,834735,0.102685,21546,255821,0.03147,48821,1090556,0.134155,8129050
3,2021-02-06,43704,1389604,20955,702645,22749,686959,0,0,34051,859361,0.105715,9607,265428,0.032652,34233,1124789,0.138367,8129050
3,2021-02-07,19730,1409334,12546,715191,7184,694143,0,0,15143,870060,0.107031,4568,269996,0.033214,15267,1140056,0.140245,8129050
3,2021-02-08,51651,1460985,25003,740194,26648,720791,0,0,33876,886491,0.109052,17633,287629,0.035383,34064,1174120,0.144435,8129050
3,2021-02-09,58849,1519834,28527,768721,30322,751113,0,0,34436,897120,0.11036,24139,311768,0.038352,34768,1208888,0.148712,8129050
3,2021-02-10,68404,1588238,31826,800547,36578,787691,0,0,36682,902876,0.111068,31426,343194,0.042218,37182,1246070,0.153286,8129050
3,2021-02-11,70823,1659061,34842,835389,35981,823672,0,0,37626,908193,0.111722,32851,376045,0.046259,38168,1284238,0.157981,8129050
3,2021-02-12,75745,1734806,32690,868079,43055,866727,0,0,41760,917043,0.112811,33685,409730,0.050403,42535,1326773,0.163214,8129050
3,2021-02-13,45271,1780077,20517,888596,24754,891481,0,0,26065,924598,0.11374,19092,428822,0.052752,26647,1353420,0.166492,8129050
3,2021-02-14,27433,1807510,13724,902320,13709,905190,0,0,15228,928129,0.114174,12147,440969,0.054246,15678,1369098,0.16842,8129050
3,2021-02-15,40232,1847742,17314,919634,22918,928108,0,0,22226,933399,0.114823,17895,458864,0.056447,23165,1392263,0.17127,8129050
3,2021-02-16,70432,1918174,33344,952978,37088,965196,0,0,36569,937273,0.115299,33724,492588,0.060596,37598,1429861,0.175895,8129050
3,2021-02-17,72250,1990424,36522,989500,35728,1000924,0,0,34235,934801,0.114995,37780,530368,0.065244,35308,1465169,0.180239,8129050
3,2021-02-18,77425,2067849,40437,1029937,36988,1037912,0,0,35792,930502,0.114466,41437,571805,0.070341,37138,1502307,0.184807,8129050
3,2021-02-19,69527,2137376,40061,1069998,29466,1067378,0,0,35082,931996,0.11465,34285,606090,0.074559,35779,1538086,0.189209,8129050
3,2021-02-20,43133,2180509,27252,1097250,15881,1083259,0,0,22503,934494,0.114957,20507,626597,0.077081,23005,1561091,0.192039,8129050
3,2021-02-21,24259,2204768,19510,1116760,4749,1088008,0,0,11825,934368,0.114942,12340,638937,0.078599,12214,1573305,0.193541,8129050
3,2021-02-22,47424,2252192,30892,1147652,16532,1104540,0,0,22154,931882,0.114636,25125,664062,0.08169,22639,1595944,0.196326,8129050
3,2021-02-23,63410,2315602,34465,1182117,28945,1133485,0,0,27610,925912,0.113902,35571,699633,0.086066,29601,1625545,0.199967,8129050
3,2021-02-24,79590,2395192,39088,1221205,40502,1173987,0,0,35151,919395,0.1131,44185,743818,0.091501,37668,1663213,0.204601,8129050
3,2021-02-25,89190,2484382,43427,1264632,45763,1219750,0,0,44360,921830,0.113399,44518,788336,0.096978,46953,1710166,0.210377,8129050
3,2021-02-26,100060,2584442,45808,1310440,54252,1274002,0,0,52814,930032,0.114408,46818,835154,0.102737,55020,1765186,0.217145,8129050
3,2021-02-27,70868,2655310,32567,1343007,38297,1312299,4,4,37428,935575,0.11509,33198,868352,0.106821,38741,1803927,0.221911,8129050
3,2021-02-28,41306,2696616,23849,1366856,17454,1329753,3,7,21227,937875,0.115373,19881,888233,0.109267,22181,1826108,0.22464,8129050
3,2021-03-01,69133,2765749,36653,1403509,32446,1362199,34,41,38366,947089,0.116507,30523,918756,0.113021,39737,1865845,0.229528,8129050
3,2021-03-02,79426,2845175,39213,1442722,40205,1402404,8,49,45990,961882,0.118326,33281,952037,0.117115,48074,1913919,0.235442,8129050
3,2021-03-03,89470,2934645,42932,1485654,46517,1448921,21,70,50150,975240,0.11997,39082,991119,0.121923,52440,1966359,0.241893,8129050
3,2021-03-04,94034,3028679,46031,1531685,47983,1496904,20,90,53357,990465,0.121843,40428,1031547,0.126896,55653,2022012,0.248739,8129050
3,2021-03-05,90869,3119548,44478,1576163,46100,1543004,291,381,55517,1013422,0.124667,35081,1066628,0.131212,58038,2080050,0.255879,8129050
3,2021-03-06,65420,3184968,33172,1609335,30088,1573092,2160,2541,37560,1026902,0.126325,27704,1094332,0.13462,41184,2121234,0.260945,8129050
3,2021-03-07,39171,3224139,22632,1631967,14645,1587737,1894,4435,22024,1034926,0.127312,17067,1111399,0.136719,25091,2146325,0.264031,8129050
3,2021-03-08,59964,3284103,28595,1660562,28364,1616101,3005,7440,37949,1055572,0.129852,21846,1133245,0.139407,42492,2188817,0.269259,8129050
3,2021-03-09,77227,3361330,35654,1696216,37118,1653219,4455,11895,41506,1067121,0.131273,35569,1168814,0.143782,47118,2235935,0.275055,8129050
3,2021-03-10,83111,3444441,41383,1737599,35638,1688857,6090,17985,43459,1078640,0.13269,39418,1208232,0.148631,50937,2286872,0.281321,8129050
3,2021-03-11,97511,3541952,47639,1785238,41250,1730107,8622,26607,47806,1086717,0.133683,49419,1257651,0.154711,57496,2344368,0.288394,8129050
3,2021-03-12,102205,3644157,45538,1830776,44766,1774873,11901,38508,46844,1091481,0.134269,55114,1312765,0.161491,59878,2404246,0.29576,8129050
3,2021-03-13,70680,3714837,29732,1860508,33676,1808549,7272,45780,37374,1104298,0.135846,33174,1345939,0.165571,45991,2450237,0.301417,8129050
3,2021-03-14,41399,3756236,21620,1882128,16212,1824761,3567,49347,20842,1108866,0.136408,20467,1366406,0.168089,25035,2475272,0.304497,8129050
3,2021-03-15,75922,3832158,35975,1918103,35385,1860146,4562,53909,39986,1118712,0.137619,35696,1402102,0.17248,45542,2520814,0.310099,8129050
3,2021-03-16,95241,3927399,43876,1961979,47026,1907172,4339,58248,53542,1136062,0.139753,41443,1443545,0.177579,58793,2579607,0.317332,8129050
3,2021-03-17,98470,4025869,47794,2009773,46127,1953299,4549,62797,59760,1162575,0.143015,38452,1481997,0.182309,64965,2644572,0.325324,8129050
3,2021-03-18,103882,4129751,52798,2062571,46555,1999854,4529,67326,59594,1183261,0.14556,43977,1525974,0.187719,64663,2709235,0.333278,8129050
3,2021-03-19,103444,4233195,55478,2118049,43502,2043356,4464,71790,57555,1200232,0.147647,45598,1571572,0.193328,62569,2771804,0.340975,8129050
3,2021-03-20,72108,4305303,37169,2155218,31277,2074633,3662,75452,44455,1221401,0.150251,27446,1599018,0.196704,48615,2820419,0.346956,8129050
3,2021-03-21,36382,4341685,24734,2179952,10142,2084775,1506,76958,21868,1230847,0.151413,14405,1613423,0.198476,23851,2844270,0.34989,8129050
3,2021-03-22,70724,4412409,41582,2221534,26618,2111393,2524,79482,45132,1254174,0.154283,25346,1638769,0.201594,48673,2892943,0.355877,8129050
3,2021-03-23,89877,4502286,49733,2271267,37607,2149000,2537,82019,55184,1278179,0.157236,34422,1673191,0.205829,58427,2951370,0.363065,8129050
3,2021-03-24,98801,4601087,56872,2328139,39001,2188001,2928,84947,56219,1295718,0.159394,42212,1715403,0.211021,59751,3011121,0.370415,8129050
3,2021-03-25,107421,4708508,59660,2387799,44791,2232792,2970,87917,60527,1313321,0.161559,46540,1761943,0.216746,64143,3075264,0.378305,8129050
3,2021-03-26,110721,4819229,59433,2447232,47955,2280747,3333,91250,57024,1321170,0.162525,53348,1815291,0.223309,61197,3136461,0.385834,8129050
3,2021-03-27,74688,4893917,37983,2485215,34157,2314904,2548,93798,36071,1322086,0.162637,38378,1853669,0.22803,39294,3175755,0.390667,8129050
3,2021-03-28,44397,4938314,27980,2513195,15603,2330507,814,94612,22342,1323948,0.162866,21933,1875602,0.230728,23795,3199550,0.393595,8129050
3,2021-03-29,80701,5019015,42127,2555322,36712,2367219,1862,96474,44165,1334522,0.164167,36267,1911869,0.23519,46841,3246391,0.399357,8129050
3,2021-03-30,100376,5119391,49310,2604632,47428,2414647,3638,100112,56289,1351227,0.166222,43823,1955692,0.240581,60528,3306919,0.406803,8129050
3,2021-03-31,105124,5224515,56697,2661329,43572,2458219,4855,104967,56181,1363896,0.16778,48694,2004386,0.246571,61363,3368282,0.414351,8129050
3,2021-04-01,123781,5348296,62555,2723884,51461,2509680,9765,114732,66764,1384126,0.170269,56598,2060984,0.253533,76828,3445110,0.423802,8129050
3,2021-04-02,118053,5466349,57583,2781467,50113,2559793,10357,125089,62264,1401740,0.172436,55481,2116465,0.260358,73095,3518205,0.432794,8129050
3,2021-04-03,76176,5542525,38971,2820438,27962,2587755,9243,134332,37889,1411044,0.17358,38131,2154596,0.265049,47435,3565640,0.438629,8129050
3,2021-04-04,32443,5574968,17352,2837790,10873,2598628,4218,138550,14153,1411227,0.173603,18210,2172806,0.267289,18393,3584033,0.440892,8129050
3,2021-04-05,89590,5664558,45498,2883288,34849,2633477,9243,147793,43571,1419073,0.174568,45780,2218586,0.272921,53626,3637659,0.447489,8129050
3,2021-04-06,113615,5778173,55273,2938561,43118,2676595,15224,163017,53369,1428402,0.175716,59958,2278544,0.280296,69287,3706946,0.456012,8129050
3,2021-04-07,116415,5894588,60203,2998764,39884,2716479,16328,179345,56245,1441337,0.177307,59895,2338439,0.287664,72830,3779776,0.464971,8129050
3,2021-04-08,121552,6016140,60502,3059266,40866,2757345,20184,199529,56257,1453562,0.178811,64974,2403413,0.295657,77199,3856975,0.474468,8129050
3,2021-04-09,118598,6134738,59106,3118372,40308,2797653,19184,218713,52039,1459379,0.179526,66295,2469708,0.303813,72112,3929087,0.483339,8129050
3,2021-04-10,84493,6219231,37892,3156264,31324,2828977,15277,233990,34307,1459780,0.179576,49994,2519702,0.309963,50395,3979482,0.489538,8129050
3,2021-04-11,45359,6264590,24296,3180560,13044,2842021,8019,242009,17201,1457764,0.179328,28063,2547765,0.313415,26047,4005529,0.492743,8129050
3,2021-04-12,84095,6348685,42479,3223039,32788,2874809,8828,250837,37982,1459792,0.179577,45870,2593635,0.319058,47898,4053427,0.498635,8129050
3,2021-04-13,105610,6454295,57191,3280230,48210,2923019,209,251046,55662,1466850,0.180445,49698,2643333,0.325171,56756,4110183,0.505617,8129050
3,2021-04-14,107747,6562042,58903,3339133,48745,2971764,99,251145,53610,1468160,0.180607,53835,2697168,0.331794,55145,4165328,0.5124,8129050
3,2021-04-15,119733,6681775,67397,3406530,52260,3024024,76,251221,64039,1477716,0.181782,55366,2752534,0.338605,64922,4230250,0.520387,8129050
3,2021-04-16,115779,6797554,64935,3471465,50750,3074774,94,251315,60408,1483832,0.182534,55053,2807587,0.345377,61169,4291419,0.527912,8129050
3,2021-04-17,79645,6877199,43395,3514860,36237,3111011,13,251328,44352,1494109,0.183799,35059,2842646,0.34969,45336,4336755,0.533489,8129050
3,2021-04-18,38806,6916005,23408,3538268,15393,3126404,5,251333,18225,1492752,0.183632,20461,2863107,0.352207,19104,4355859,0.535839,8129050
3,2021-04-19,79454,6995459,44241,3582509,35158,3161562,55,251388,35894,1485854,0.182783,43354,2906461,0.35754,36456,4392315,0.540323,8129050
3,2021-04-20,101183,7096642,53292,3635801,47873,3209435,18,251406,49149,1484274,0.182589,51772,2958233,0.363909,50192,4442507,0.546498,8129050
3,2021-04-21,106005,7202647,59548,3695349,46387,3255822,70,251476,50114,1480025,0.182066,55519,3013752,0.370739,51270,4493777,0.552805,8129050
3,2021-04-22,112093,7314740,62973,3758322,49094,3304916,26,251502,48294,1465860,0.180324,63441,3077193,0.378543,49276,4543053,0.558866,8129050
3,2021-04-23,106459,7421199,60896,3819218,45535,3350451,28,251530,46784,1454368,0.17891,59316,3136509,0.38584,47824,4590877,0.56475,8129050
3,2021-04-24,73891,7495090,45622,3864840,28204,3378655,65,251595,36023,1453854,0.178847,37595,3174104,0.390464,37081,4627958,0.569311,8129050
3,2021-04-25,36922,7532012,23575,3888415,13330,3391985,17,251612,18893,1455288,0.179023,17882,3191986,0.392664,19316,4647274,0.571687,8129050
3,2021-04-26,73994,7606006,41836,3930251,31749,3423734,409,252021,31619,1446560,0.177949,42099,3234085,0.397843,33371,4680645,0.575792,8129050
3,2021-04-27,91166,7697172,47850,3978101,41577,3465311,1739,253760,36229,1430675,0.175995,54620,3288705,0.404562,38735,4719380,0.580557,8129050
3,2021-04-28,86752,7783924,49294,4027395,35321,3500632,2137,255897,35489,1417860,0.174419,50968,3339673,0.410832,38153,4757533,0.585251,8129050
3,2021-04-29,88785,7872709,50754,4078149,35822,3536454,2209,258106,31699,1395509,0.171669,56745,3396418,0.417812,34394,4791927,0.589482,8129050
3,2021-04-30,90554,7963263,51099,4129248,36975,3573429,2480,260586,33782,1375806,0.169246,56430,3452848,0.424754,36727,4828654,0.594,8129050
3,2021-05-01,55121,8018384,34583,4163831,19079,3592508,1459,262045,19872,1362636,0.167625,34991,3487839,0.429059,21821,4850475,0.596684,8129050
3,2021-05-02,26885,8045269,18350,4182181,7520,3600028,1015,263060,9864,1356695,0.166895,16916,3504755,0.43114,10975,4861450,0.598034,8129050
3,2021-05-03,59676,8104945,35002,4217183,22304,3622332,2370,265430,17465,1334717,0.164191,41993,3546748,0.436305,20015,4881465,0.600496,8129050
3,2021-05-04,77325,8182270,44695,4261878,29951,3652283,2679,268109,22508,1305662,0.160617,54525,3601273,0.443013,25470,4906935,0.60363,8129050
3,2021-05-05,78788,8261058,47339,4309217,28751,3681034,2698,270807,21885,1273954,0.156716,56576,3657849,0.449973,24868,4931803,0.606689,8129050
3,2021-05-06,82873,8343931,52335,4361552,28013,3709047,2525,273332,20620,1235860,0.15203,61786,3719635,0.457573,23692,4955495,0.609603,8129050
3,2021-05-07,82173,8426104,51195,4412747,28360,3737407,2618,275950,21849,1200640,0.147697,59980,3779615,0.464952,24760,4980255,0.612649,8129050
3,2021-05-08,52318,8478422,32405,4445152,18205,3755612,1708,277658,13888,1178327,0.144953,38171,3817786,0.469647,15858,4996113,0.6146,8129050
3,2021-05-09,20913,8499335,15304,4460456,4823,3760435,786,278444,5514,1169387,0.143853,15306,3833092,0.47153,6366,5002479,0.615383,8129050
3,2021-05-10,47889,8547224,25663,4486119,20324,3780759,1902,280346,11124,1146109,0.140989,36567,3869659,0.476028,13289,5015768,0.617018,8129050
3,2021-05-11,63660,8610884,35576,4521695,25868,3806627,2216,282562,16094,1117559,0.137477,47327,3916986,0.48185,18777,5034545,0.619328,8129050
3,2021-05-12,64609,8675493,37125,4558820,25092,3831719,2392,284954,16518,1088927,0.133955,47841,3964827,0.487736,19209,5053754,0.621691,8129050
3,2021-05-13,75075,8750568,47332,4606152,25837,3857556,1906,286860,27470,1071549,0.131817,47365,4012192,0.493562,29987,5083741,0.625379,8129050
3,2021-05-14,80030,8830598,50571,4656723,27333,3884889,2126,288986,31009,1056548,0.129972,48734,4060926,0.499557,33733,5117474,0.629529,8129050
3,2021-05-15,61842,8892440,42681,4699404,17956,3902845,1205,290191,25589,1047504,0.128859,36055,4096981,0.503993,27011,5144485,0.632852,8129050
3,2021-05-16,33062,8925502,24706,4724110,7665,3910510,691,290882,13347,1042032,0.128186,19597,4116578,0.506403,14125,5158610,0.63459,8129050
3,2021-05-17,56767,8982269,36175,4760285,18758,3929268,1834,292716,20940,1029452,0.126639,35558,4152136,0.510778,22978,5181588,0.637416,8129050
3,2021-05-18,64364,9046633,38013,4798298,24496,3953764,1855,294571,24240,1016089,0.124995,39853,4191989,0.51568,26490,5208078,0.640675,8129050
3,2021-05-19,63800,9110433,38799,4837097,23263,3977027,1738,296309,24744,1004039,0.123512,38806,4230795,0.520454,26756,5234834,0.643966,8129050
3,2021-05-20,61605,9172038,36077,4873174,23693,4000720,1835,298144,22166,989225,0.12169,39163,4269958,0.525271,24349,5259183,0.646962,8129050
3,2021-05-21,65744,9237782,39943,4913117,23704,4024424,2097,300241,23503,973192,0.119718,41935,4311893,0.53043,25902,5285085,0.650148,8129050
3,2021-05-22,45564,9283346,30234,4943351,13865,4038289,1465,301706,19085,967720,0.119045,26279,4338172,0.533663,20807,5305892,0.652708,8129050
3,2021-05-23,21722,9305068,15036,4958387,6037,4044326,649,302355,9200,965244,0.11874,12436,4350608,0.535193,9960,5315852,0.653933,8129050
3,2021-05-24,39448,9344516,23063,4981450,14628,4058954,1757,304112,14634,957215,0.117752,24625,4375233,0.538222,16596,5332448,0.655974,8129050
3,2021-05-25,42619,9387135,23997,5005447,16947,4075901,1675,305787,15167,947086,0.116506,27194,4402427,0.541567,17065,5349513,0.658074,8129050
3,2021-05-26,42314,9429449,24229,5029676,16366,4092267,1719,307506,15859,938637,0.115467,26162,4428589,0.544786,17713,5367226,0.660253,8129050
3,2021-05-27,39278,9468727,22046,5051722,15485,4107752,1747,309253,15439,932381,0.114697,23681,4452270,0.547699,17425,5384651,0.662396,8129050
3,2021-05-28,42654,9511381,24098,5075820,16761,4124513,1795,311048,17725,927495,0.114096,24728,4476998,0.550741,19842,5404493,0.664837,8129050
3,2021-05-29,23427,9534808,14321,5090141,8269,4132782,837,311885,10996,927152,0.114054,12301,4489299,0.552254,11958,5416451,0.666308,8129050
3,2021-05-30,10577,9545385,6856,5096997,3085,4135867,636,312521,4459,926243,0.113942,6044,4495343,0.552997,5135,5421586,0.66694,8129050
3,2021-05-31,4621,9550006,2668,5099665,1689,4137556,264,312785,1456,924863,0.113773,3129,4498472,0.553382,1749,5423335,0.667155,8129050
3,2021-06-01,37623,9587629,21675,5121340,14515,4152071,1433,314218,13183,915461,0.112616,24212,4522684,0.556361,14810,5438145,0.668977,8129050
3,2021-06-02,31421,9619050,18067,5139407,11949,4164020,1405,315623,11658,909096,0.111833,19558,4542242,0.558767,13193,5451338,0.6706,8129050
3,2021-06-03,39525,9658575,27054,5166461,11038,4175058,1433,317056,11441,894287,0.110011,27905,4570147,0.562199,13096,5464434,0.672211,8129050
3,2021-06-04,46071,9704646,32590,5199051,11940,4186998,1541,318597,13134,876655,0.107842,32707,4602854,0.566223,15075,5479509,0.674065,8129050
3,2021-06-05,34272,9738918,25851,5224902,7234,4194232,1187,319784,8747,861454,0.105972,25319,4628173,0.569337,10118,5489627,0.67531,8129050
3,2021-06-06,14610,9753528,12192,5237094,1837,4196069,581,320365,3763,855171,0.105199,10788,4638961,0.570665,4505,5494132,0.675864,8129050
3,2021-06-07,30353,9783881,22064,5259158,7008,4203077,1281,321646,8724,843811,0.103802,21485,4660446,0.573308,10125,5504257,0.67711,8129050
3,2021-06-08,34245,9818126,24603,5283761,8355,4211432,1287,322933,9960,831194,0.10225,24074,4684520,0.576269,11457,5515714,0.678519,8129050
3,2021-06-09,32924,9851050,23892,5307653,7733,4219165,1299,324232,8862,817625,0.100581,23886,4708406,0.579207,10317,5526031,0.679788,8129050
3,2021-06-10,32414,9883464,23383,5331036,7506,4226671,1525,325757,8948,804980,0.099025,23315,4731721,0.582076,10670,5536701,0.681101,8129050
3,2021-06-11,35474,9918938,25092,5356128,9019,4235690,1363,327120,10569,792376,0.097475,24710,4756431,0.585115,12106,5548807,0.68259,8129050
3,2021-06-12,25088,9944026,18915,5375043,5283,4240973,890,328010,6690,781823,0.096176,18284,4774715,0.587364,7731,5556538,0.683541,8129050
3,2021-06-13,10121,9954147,7571,5382614,2060,4243033,490,328500,2359,777034,0.095587,7708,4782423,0.588313,2919,5559457,0.6839,8129050
3,2021-06-14,25754,9979901,18448,5401062,5890,4248923,1416,329916,8085,769134,0.094615,17540,4799963,0.59047,9640,5569097,0.685086,8129050
3,2021-06-15,28660,10008561,19402,5420464,7758,4256681,1500,331416,9649,761661,0.093696,18790,4818753,0.592782,11317,5580414,0.686478,8129050
3,2021-06-16,25793,10034354,18309,5438773,6075,4262756,1409,332825,8697,755008,0.092878,16914,4835667,0.594862,10261,5590675,0.68774,8129050
3,2021-06-17,24781,10059135,17755,5456528,5742,4268498,1284,334109,8604,749005,0.092139,16026,4851693,0.596834,10023,5600698,0.688973,8129050
3,2021-06-18,27906,10087041,19710,5476238,6627,4275125,1569,335678,9789,742635,0.091356,17893,4869586,0.599035,11523,5612221,0.690391,8129050
3,2021-06-19,15939,10102980,11709,5487947,3376,4278501,854,336532,5695,739172,0.09093,10119,4879705,0.60028,6656,5618877,0.69121,8129050
3,2021-06-20,6847,10109827,5139,5493086,1411,4279912,297,336829,2597,737921,0.090776,4198,4883903,0.600796,2947,5621824,0.691572,8129050
3,2021-06-21,16178,10126005,10215,5503301,4570,4284482,1393,338222,8070,739483,0.090968,8020,4891923,0.601783,9582,5631406,0.692751,8129050
3,2021-06-22,22034,10148039,15455,5518756,5288,4289770,1291,339513,8264,735535,0.090482,13656,4905579,0.603463,9708,5641114,0.693945,8129050
3,2021-06-23,20174,10168213,14154,5532910,4696,4294466,1324,340837,7991,732916,0.09016,12073,4917652,0.604948,9454,5650568,0.695108,8129050
3,2021-06-24,19867,10188080,13838,5546748,4590,4299056,1439,342276,7756,730279,0.089836,11943,4929595,0.606417,9306,5659874,0.696253,8129050
3,2021-06-25,23211,10211291,16470,5563218,5319,4304375,1422,343698,9079,726903,0.08942,14003,4943598,0.60814,10627,5670501,0.69756,8129050
3,2021-06-26,13790,10225081,10233,5573451,2787,4307162,770,344468,5744,725592,0.089259,7979,4951577,0.609121,6668,5677169,0.69838,8129050
3,2021-06-27,6682,10231763,5163,5578614,1211,4308373,308,344776,2859,725001,0.089186,3789,4955366,0.609587,3198,5680367,0.698774,8129050
3,2021-06-28,15844,10247607,12171,5590785,2599,4310972,1074,345850,6689,723816,0.089041,9046,4964412,0.6107,7861,5688228,0.699741,8129050
3,2021-06-29,17897,10265504,12623,5603408,4287,4315259,987,346837,7337,721829,0.088796,10442,4974854,0.611985,8455,5696683,0.700781,8129050
3,2021-06-30,16819,10282323,11917,5615325,3870,4319129,1032,347869,7209,720731,0.088661,9484,4984338,0.613151,8386,5705069,0.701813,8129050
3,2021-07-01,16094,10298417,11478,5626803,3560,4322689,1056,348925,6761,719411,0.088499,9237,4993575,0.614288,7917,5712986,0.702786,8129050
3,2021-07-02,18262,10316679,12991,5639794,4174,4326863,1097,350022,7772,718000,0.088325,10382,5003957,0.615565,8971,5721957,0.70389,8129050
3,2021-07-03,9956,10326635,7205,5646999,2325,4329188,426,350448,4263,717162,0.088222,5630,5009587,0.616257,4792,5726749,0.704479,8129050
3,2021-07-04,701,10327336,406,5647405,208,4329396,87,350535,266,717102,0.088215,429,5010016,0.61631,369,5727118,0.704525,8129050
3,2021-07-05,9471,10336807,6928,5654333,2120,4331516,423,350958,4288,716755,0.088172,5119,5015135,0.61694,4772,5731890,0.705112,8129050
3,2021-07-06,18828,10355635,13657,5667990,4059,4335575,1112,352070,6814,712923,0.087701,11877,5027012,0.618401,8045,5739935,0.706102,8129050
3,2021-07-07,15531,10371166,11021,5679011,3404,4338979,1106,353176,6269,711239,0.087493,9164,5036176,0.619528,7480,5747415,0.707022,8129050
3,2021-07-08,15014,10386180,10912,5689923,3221,4342200,881,354057,6139,709560,0.087287,8785,5044961,0.620609,7106,5754521,0.707896,8129050
3,2021-07-09,17201,10403381,12072,5701995,4056,4346256,1073,355130,7149,707946,0.087088,9943,5054904,0.621832,8329,5762850,0.70892,8129050
3,2021-07-10,10561,10413942,7839,5709834,2160,4348416,562,355692,4535,707170,0.086993,5961,5060865,0.622565,5185,5768035,0.709558,8129050
3,2021-07-11,5053,10418995,3735,5713569,1045,4349461,273,355965,2294,707031,0.086976,2726,5063591,0.622901,2587,5770622,0.709877,8129050
3,2021-07-12,14108,10433103,10365,5723934,2865,4352326,878,356843,5685,705326,0.086766,8349,5071940,0.623928,6644,5777266,0.710694,8129050
3,2021-07-13,14855,10447958,10572,5734506,3504,4355830,779,357622,6562,704554,0.086671,8195,5080135,0.624936,7423,5784689,0.711607,8129050
3,2021-07-14,14053,10462011,10087,5744593,3209,4359039,757,358379,6325,704068,0.086611,7631,5087766,0.625875,7145,5791834,0.712486,8129050
3,2021-07-15,14229,10476240,10410,5755003,3171,4362210,648,359027,6622,703892,0.08659,7518,5095284,0.626799,7342,5799176,0.713389,8129050
3,2021-07-16,17271,10493511,12521,5767524,3995,4366205,755,359782,8325,704198,0.086627,8849,5104133,0.627888,9155,5808331,0.714515,8129050
3,2021-07-17,10675,10504186,7882,5775406,2421,4368626,372,360154,5140,704313,0.086641,5466,5109599,0.62856,5581,5813912,0.715202,8129050
3,2021-07-18,5392,10509578,4081,5779487,1076,4369702,235,360389,2647,704514,0.086666,2709,5112308,0.628894,2910,5816822,0.71556,8129050
3,2021-07-19,14315,10523893,10623,5790110,3007,4372709,685,361074,7104,705270,0.086759,7115,5119423,0.629769,7871,5824693,0.716528,8129050
3,2021-07-20,8301,10532194,5883,5795993,1845,4374554,573,361647,4119,705902,0.086837,4130,5123553,0.630277,4762,5829455,0.717114,8129050
4,2020-12-15,457,457,457,457,0,0,0,0,457,457,5.7e-05,0,0,0.0,457,457,5.7e-05,8037679
4,2020-12-16,3043,3500,3043,3500,0,0,0,0,3043,3500,0.000435,0,0,0.0,3043,3500,0.000435,8037679
4,2020-12-17,8957,12457,8957,12457,0,0,0,0,8957,12457,0.00155,0,0,0.0,8957,12457,0.00155,8037679
4,2020-12-18,16219,28676,16207,28664,12,12,0,0,16219,28676,0.003568,0,0,0.0,16219,28676,0.003568,8037679
4,2020-12-19,10396,39072,10387,39051,9,21,0,0,10332,39008,0.004853,0,0,0.0,10332,39008,0.004853,8037679
4,2020-12-20,7426,46498,7419,46470,7,28,0,0,7381,46389,0.005771,0,0,0.0,7381,46389,0.005771,8037679
4,2020-12-21,16410,62908,16384,62854,26,54,0,0,16343,62731,0.007805,1,1,0.0,16343,62732,0.007805,8037679
4,2020-12-22,17234,80142,16484,79338,750,804,0,0,17188,79916,0.009943,3,4,0.0,17188,79920,0.009943,8037679
4,2020-12-23,17151,97293,14422,93760,2729,3533,0,0,17129,97043,0.012074,2,6,1e-06,17129,97049,0.012074,8037679
4,2020-12-24,8567,105860,5978,99738,2589,6122,0,0,8567,105610,0.013139,0,6,1e-06,8567,105616,0.01314,8037679
4,2020-12-25,906,106766,801,100539,105,6227,0,0,906,106516,0.013252,0,6,1e-06,906,106522,0.013253,8037679
4,2020-12-26,6187,112953,3907,104446,2280,8507,0,0,6187,112703,0.014022,0,6,1e-06,6187,112709,0.014023,8037679
4,2020-12-27,3431,116384,1996,106442,1435,9942,0,0,3431,116134,0.014449,0,6,1e-06,3431,116140,0.014449,8037679
4,2020-12-28,15158,131542,9377,115819,5781,15723,0,0,15129,131260,0.016331,3,9,1e-06,15129,131269,0.016332,8037679
4,2020-12-29,15434,146976,8540,124359,6894,22617,0,0,15400,146660,0.018247,0,9,1e-06,15400,146669,0.018248,8037679
4,2020-12-30,18992,165968,11081,135440,7911,30528,0,0,18981,165639,0.020608,2,11,1e-06,18981,165650,0.020609,8037679
4,2020-12-31,8317,174285,3370,138810,4947,35475,0,0,8305,173935,0.02164,9,20,2e-06,8305,173955,0.021642,8037679
4,2021-01-01,1622,175907,735,139545,887,36362,0,0,1618,175550,0.021841,3,23,3e-06,1618,175573,0.021844,8037679
4,2021-01-02,5739,181646,3244,142789,2495,38857,0,0,5737,181286,0.022555,1,24,3e-06,5737,181310,0.022558,8037679
4,2021-01-03,2152,183798,1275,144064,877,39734,0,0,2136,183418,0.02282,4,28,3e-06,2136,183446,0.022823,8037679
4,2021-01-04,12982,196780,7028,151092,5954,45688,0,0,12933,196322,0.024425,29,57,7e-06,12933,196379,0.024432,8037679
4,2021-01-05,16964,213744,10047,161139,6917,52605,0,0,14751,208902,0.02599,2184,2241,0.000279,14764,211143,0.026269,8037679
4,2021-01-06,21668,235412,13277,174416,8391,60996,0,0,15553,218404,0.027173,6065,8306,0.001033,15567,226710,0.028206,8037679
4,2021-01-07,28044,263456,17095,191511,10949,71945,0,0,16743,223927,0.02786,11241,19547,0.002432,16764,243474,0.030292,8037679
4,2021-01-08,32975,296431,21172,212683,11803,83748,0,0,18367,227774,0.028338,14541,34088,0.004241,18388,261862,0.032579,8037679
4,2021-01-09,16340,312771,9679,222362,6661,90409,0,0,9479,230416,0.028667,6849,40937,0.005093,9491,271353,0.03376,8037679
4,2021-01-10,8792,321563,5679,228041,3113,93522,0,0,4168,229979,0.028613,4613,45550,0.005667,4176,275529,0.03428,8037679
4,2021-01-11,33514,355077,21992,250033,11522,105044,0,0,18884,234308,0.029151,14601,60151,0.007484,18930,294459,0.036635,8037679
4,2021-01-12,38682,393759,22322,272355,16360,121404,0,0,24337,244405,0.030407,14281,74432,0.00926,24378,318837,0.039668,8037679
4,2021-01-13,38976,432735,19298,291653,19678,141082,0,0,27576,260647,0.032428,11361,85793,0.010674,27603,346440,0.043102,8037679
4,2021-01-14,39471,472206,15176,306829,24295,165377,0,0,32275,285791,0.035556,7160,92953,0.011565,32304,378744,0.047121,8037679
4,2021-01-15,45653,517859,15996,322825,29657,195034,0,0,39986,320188,0.039836,5615,98568,0.012263,40012,418756,0.052099,8037679
4,2021-01-16,28866,546725,9437,332262,19429,214463,0,0,25711,342792,0.042648,3125,101693,0.012652,25729,444485,0.0553,8037679
4,2021-01-17,19165,565890,6751,339013,12414,226877,0,0,17631,358925,0.044655,1512,103205,0.01284,17645,462130,0.057495,8037679
4,2021-01-18,29547,595437,13679,352692,15868,242745,0,0,23548,376567,0.04685,5932,109137,0.013578,23574,485704,0.060428,8037679
4,2021-01-19,46248,641685,23118,375810,23130,265875,0,0,36836,404115,0.050278,9364,118501,0.014743,36912,522616,0.065021,8037679
4,2021-01-20,52770,694455,28253,404063,24517,290392,0,0,42179,435863,0.054227,10493,128994,0.016049,42241,564857,0.070276,8037679
4,2021-01-21,57991,752446,26153,430216,31838,322230,0,0,51183,480364,0.059764,6727,135721,0.016886,51228,616085,0.07665,8037679
4,2021-01-22,55550,807996,22323,452539,33227,355457,0,0,50364,525641,0.065397,5114,140835,0.017522,50391,666476,0.082919,8037679
4,2021-01-23,39743,847739,17448,469987,22295,377752,0,0,35382,556702,0.069262,4351,145186,0.018063,35412,701888,0.087325,8037679
4,2021-01-24,24062,871801,10515,480502,13547,391299,0,0,22150,576968,0.071783,1902,147088,0.0183,22168,724056,0.090083,8037679
4,2021-01-25,48124,919925,22267,502769,25857,417156,0,0,36955,602843,0.075002,11138,158226,0.019686,37013,761069,0.094688,8037679
4,2021-01-26,57128,977053,29149,531918,27979,445135,0,0,44791,635395,0.079052,12301,170527,0.021216,44853,805922,0.100268,8037679
4,2021-01-27,56462,1033515,26880,558798,29582,474717,0,0,45344,669751,0.083326,11039,181566,0.022589,45395,851317,0.105916,8037679
4,2021-01-28,56907,1090422,25737,584535,31170,505887,0,0,46834,706656,0.087918,9975,191541,0.02383,46880,898197,0.111748,8037679
4,2021-01-29,56808,1147230,27268,611803,29540,535427,0,0,46311,742705,0.092403,10298,201839,0.025112,46347,944544,0.117515,8037679
4,2021-01-30,38230,1185460,17284,629087,20946,556373,0,0,32841,770243,0.095829,5332,207171,0.025775,32870,977414,0.121604,8037679
4,2021-01-31,24065,1209525,12692,641779,11373,567746,0,0,22349,790914,0.098401,1696,208867,0.025986,22367,999781,0.124387,8037679
4,2021-02-01,49874,1259399,24037,665816,25837,593583,0,0,38150,817440,0.101701,11667,220534,0.027438,38193,1037974,0.129139,8037679
4,2021-02-02,55764,1315163,25647,691463,30117,623700,0,0,42792,847383,0.105426,12893,233427,0.029042,42836,1080810,0.134468,8037679
4,2021-02-03,62430,1377593,30678,722141,31752,655452,0,0,47852,880862,0.109592,14426,247853,0.030836,47905,1128715,0.140428,8037679
4,2021-02-04,67835,1445428,31465,753606,36370,691822,0,0,50933,915178,0.113861,16726,264579,0.032917,51042,1179757,0.146778,8037679
4,2021-02-05,73647,1519075,34153,787759,39494,731316,0,0,51111,944171,0.117468,22252,286831,0.035686,51245,1231002,0.153154,8037679
4,2021-02-06,48929,1568004,26325,814084,22604,753920,0,0,37280,970074,0.120691,11579,298410,0.037126,37482,1268484,0.157817,8037679
4,2021-02-07,26628,1594632,17612,831696,9016,762936,0,0,20100,983918,0.122413,6494,304904,0.037934,20338,1288822,0.160348,8037679
4,2021-02-08,58983,1653615,30452,862148,28531,791467,0,0,38351,1002040,0.124668,20491,325395,0.040484,38613,1327435,0.165152,8037679
4,2021-02-09,67683,1721298,34323,896471,33360,824827,0,0,39688,1014337,0.126198,27802,353197,0.043943,40099,1367534,0.17014,8037679
4,2021-02-10,77805,1799103,38950,935421,38855,863682,0,0,40852,1019034,0.126782,36700,389897,0.048509,41397,1408931,0.175291,8037679
4,2021-02-11,81916,1881019,42841,978262,39075,902757,0,0,41623,1021314,0.127066,40015,429912,0.053487,42295,1451226,0.180553,8037679
4,2021-02-12,85001,1966020,38133,1016395,46868,949625,0,0,43635,1024657,0.127482,41081,470993,0.058598,44424,1495650,0.18608,8037679
4,2021-02-13,59235,2025255,30031,1046426,29204,978829,0,0,30148,1026761,0.127743,28945,499938,0.062199,31049,1526699,0.189943,8037679
4,2021-02-14,37092,2062347,19294,1065720,17798,996627,0,0,18978,1028341,0.12794,18055,517993,0.064446,19635,1546334,0.192386,8037679
4,2021-02-15,46501,2108848,21815,1087535,24686,1021313,0,0,23808,1030728,0.128237,22604,540597,0.067258,24991,1571325,0.195495,8037679
4,2021-02-16,80762,2189610,37088,1124623,43674,1064987,0,0,41004,1033336,0.128561,39614,580211,0.072186,42222,1613547,0.200748,8037679
4,2021-02-17,82071,2271681,38822,1163445,43249,1108236,0,0,39005,1030611,0.128222,42855,623066,0.077518,40130,1653677,0.205741,8037679
4,2021-02-18,83968,2355649,46239,1209684,37729,1145965,0,0,38754,1025830,0.127628,45016,668082,0.083119,40235,1693912,0.210746,8037679
4,2021-02-19,83380,2439029,52385,1262069,30995,1176960,0,0,41586,1026493,0.12771,41614,709696,0.088296,42277,1736189,0.216006,8037679
4,2021-02-20,49894,2488923,33231,1295300,16663,1193623,0,0,26993,1031368,0.128317,22812,732508,0.091134,27687,1763876,0.219451,8037679
4,2021-02-21,30277,2519200,24056,1319356,6221,1199844,0,0,14612,1030688,0.128232,15577,748085,0.093072,14897,1778773,0.221304,8037679
4,2021-02-22,55454,2574654,38119,1357475,17335,1217179,0,0,26667,1029177,0.128044,28629,776714,0.096634,27118,1805891,0.224678,8037679
4,2021-02-23,76662,2651316,42452,1399927,34210,1251389,0,0,33517,1021432,0.12708,42934,819648,0.101976,35189,1841080,0.229056,8037679
4,2021-02-24,91894,2743210,48543,1448470,43351,1294740,0,0,41258,1014483,0.126216,50362,870010,0.108241,43413,1884493,0.234457,8037679
4,2021-02-25,103465,2846675,54127,1502597,49338,1344078,0,0,49275,1012352,0.125951,53959,923969,0.114955,51828,1936321,0.240905,8037679
4,2021-02-26,109680,2956355,55458,1558055,54222,1398300,0,0,55975,1017292,0.126565,53394,977363,0.121598,58334,1994655,0.248163,8037679
4,2021-02-27,79768,3036123,43474,1601529,36284,1434584,10,10,42494,1024229,0.127428,37054,1014417,0.126208,43991,2038646,0.253636,8037679
4,2021-02-28,49310,3085433,30454,1631983,18849,1453433,7,17,27195,1030395,0.128196,21921,1036338,0.128935,28087,2066733,0.257131,8037679
4,2021-03-01,79447,3164880,46615,1678598,32787,1486220,45,62,43738,1039988,0.129389,35384,1071722,0.133337,44977,2111710,0.262726,8037679
4,2021-03-02,86580,3251460,49744,1728342,36827,1523047,9,71,50669,1056735,0.131473,35719,1107441,0.137781,52466,2164176,0.269254,8037679
4,2021-03-03,100843,3352303,53663,1782005,47164,1570211,16,87,56328,1070556,0.133192,44293,1151734,0.143292,58114,2222290,0.276484,8037679
4,2021-03-04,98351,3450654,54549,1836554,43784,1613995,18,105,53795,1081834,0.134595,44311,1196045,0.148805,55589,2277879,0.2834,8037679
4,2021-03-05,95824,3546478,51807,1888361,43698,1657693,319,424,56563,1101618,0.137057,39034,1235079,0.153661,58818,2336697,0.290718,8037679
4,2021-03-06,76746,3623224,43243,1931604,30862,1688555,2641,3065,47116,1123219,0.139744,29492,1264571,0.15733,51093,2387790,0.297075,8037679
4,2021-03-07,44853,3668077,27539,1959143,15122,1703677,2192,5257,26064,1133864,0.141069,18702,1283273,0.159657,29347,2417137,0.300726,8037679
4,2021-03-08,67977,3736054,35589,1994732,29016,1732693,3372,8629,44669,1160063,0.144328,23167,1306440,0.162539,49366,2466503,0.306868,8037679
4,2021-03-09,81991,3818045,41399,2036131,35337,1768030,5255,13884,44241,1173086,0.145948,37556,1343996,0.167212,50579,2517082,0.31316,8037679
4,2021-03-10,91570,3909615,47220,2083351,36864,1804894,7486,21370,46204,1182544,0.147125,45158,1389154,0.17283,54616,2571698,0.319955,8037679
4,2021-03-11,101107,4010722,53042,2136393,39599,1844493,8466,29836,46657,1184559,0.147376,54186,1443340,0.179572,56201,2627899,0.326947,8037679
4,2021-03-12,104839,4115561,51664,2188057,42864,1887357,10311,40147,44761,1180762,0.146903,59783,1503123,0.18701,55986,2683885,0.333913,8037679
4,2021-03-13,81815,4197376,37916,2225973,35444,1922801,8455,48602,38647,1185929,0.147546,43022,1546145,0.192362,48189,2732074,0.339908,8037679
4,2021-03-14,50020,4247396,28471,2254444,17900,1940701,3649,52251,23323,1186915,0.147669,26595,1572740,0.195671,27581,2759655,0.34334,8037679
4,2021-03-15,83965,4331361,45178,2299622,34531,1975232,4256,56507,42579,1193464,0.148484,41122,1613862,0.200787,47671,2807326,0.349271,8037679
4,2021-03-16,108154,4439515,56198,2355820,48534,2023766,3422,59929,57001,1203687,0.149756,50888,1664750,0.207118,61111,2868437,0.356874,8037679
4,2021-03-17,107341,4546856,57810,2413630,46035,2069801,3496,63425,62704,1226078,0.152541,44357,1709107,0.212637,66748,2935185,0.365178,8037679
4,2021-03-18,107489,4654345,59613,2473243,44182,2113983,3694,67119,60781,1244554,0.15484,46420,1755527,0.218412,64896,3000081,0.373252,8037679
4,2021-03-19,111984,4766329,64460,2537703,42309,2156292,5215,72334,63488,1265430,0.157437,48208,1803735,0.22441,69084,3069165,0.381847,8037679
4,2021-03-20,84420,4850749,49372,2587075,32031,2188323,3017,75351,51608,1287717,0.16021,32643,1836378,0.228471,54930,3124095,0.388681,8037679
4,2021-03-21,48391,4899140,35067,2622142,11066,2199389,2258,77609,28200,1298466,0.161547,20058,1856436,0.230967,30807,3154902,0.392514,8037679
4,2021-03-22,82810,4981950,54100,2676242,25969,2225358,2741,80350,51296,1321964,0.164471,31249,1887685,0.234854,54747,3209649,0.399325,8037679
4,2021-03-23,105156,5087106,62973,2739215,40033,2265391,2150,82500,62450,1344694,0.167299,42417,1930102,0.240132,65147,3274796,0.407431,8037679
4,2021-03-24,113802,5200908,73444,2812659,37938,2303329,2420,84920,63972,1362151,0.169471,49381,1979483,0.246275,66838,3341634,0.415746,8037679
4,2021-03-25,117356,5318264,72224,2884883,42734,2346063,2398,87318,66886,1381936,0.171932,49975,2029458,0.252493,69760,3411394,0.424425,8037679
4,2021-03-26,120049,5438313,72844,2957727,44164,2390227,3041,90359,65404,1396715,0.173771,54261,2083719,0.259244,69040,3480434,0.433015,8037679
4,2021-03-27,92251,5530564,54377,3012104,36084,2426311,1790,92149,46729,1400453,0.174236,45263,2128982,0.264875,49001,3529435,0.439111,8037679
4,2021-03-28,55864,5586428,36880,3048984,18110,2444421,874,93023,29519,1405059,0.174809,26158,2155140,0.26813,30764,3560199,0.442939,8037679
4,2021-03-29,93822,5680250,56236,3105220,35505,2479926,2081,95104,50555,1415250,0.176077,42989,2198129,0.273478,53180,3613379,0.449555,8037679
4,2021-03-30,117354,5797604,64041,3169261,49153,2529079,4160,99264,69651,1442025,0.179408,47451,2245580,0.279382,74226,3687605,0.45879,8037679
4,2021-03-31,121384,5918988,71610,3240871,43463,2572542,6311,105575,67984,1463489,0.182079,53029,2298609,0.285979,74493,3762098,0.468058,8037679
4,2021-04-01,142850,6061838,81446,3322317,48111,2620653,13293,118868,83995,1502525,0.186935,58361,2356970,0.29324,97397,3859495,0.480175,8037679
4,2021-04-02,136935,6198773,73130,3395447,50194,2670847,13611,132479,78942,1537674,0.191308,57678,2414648,0.300416,92827,3952322,0.491724,8037679
4,2021-04-03,101398,6300171,54178,3449625,33772,2704619,13448,145927,52690,1555518,0.193528,48493,2463141,0.306449,66337,4018659,0.499978,8037679
4,2021-04-04,46945,6347116,24767,3474392,14639,2719258,7539,153466,20348,1556918,0.193702,26483,2489624,0.309744,27883,4046542,0.503447,8037679
4,2021-04-05,109718,6456834,61609,3536001,35246,2754504,12863,166329,56809,1574460,0.195885,52675,2542299,0.316298,70217,4116759,0.512183,8037679
4,2021-04-06,139105,6595939,78265,3614266,41026,2795530,19814,186143,72146,1600282,0.199098,66707,2609006,0.324597,92529,4209288,0.523694,8037679
4,2021-04-07,137912,6733851,78150,3692416,38996,2834526,20766,206909,71386,1626435,0.202351,66259,2675265,0.33284,92412,4301700,0.535192,8037679
4,2021-04-08,140322,6874173,78163,3770579,36650,2871176,25509,232418,69690,1651882,0.205517,70324,2745589,0.34159,95771,4397471,0.547107,8037679
4,2021-04-09,137998,7012171,75679,3846258,39217,2910393,23102,255520,65747,1669722,0.207737,71995,2817584,0.350547,89835,4487306,0.558284,8037679
4,2021-04-10,104028,7116199,51321,3897579,33804,2944197,18903,274423,46912,1679653,0.208972,56898,2874482,0.357626,66829,4554135,0.566598,8037679
4,2021-04-11,62788,7178987,38122,3935701,13482,2957679,11184,285607,27377,1683969,0.209509,35297,2909779,0.362017,39613,4593748,0.571527,8037679
4,2021-04-12,103022,7282009,62609,3998310,30202,2987881,10211,295818,51894,1696464,0.211064,50817,2960596,0.36834,63312,4657060,0.579404,8037679
4,2021-04-13,130623,7412632,81962,4080272,48495,3036376,166,295984,78161,1723501,0.214428,52151,3012747,0.374828,79188,4736248,0.589256,8037679
4,2021-04-14,135809,7548441,86526,4166798,49207,3085583,76,296060,75136,1739616,0.216433,60327,3073074,0.382334,76442,4812690,0.598766,8037679
4,2021-04-15,156599,7705040,104177,4270975,52354,3137937,68,296128,96107,1776459,0.221016,60096,3133170,0.38981,96939,4909629,0.610827,8037679
4,2021-04-16,143825,7848865,91210,4362185,52536,3190473,79,296207,83584,1800937,0.224062,59903,3193073,0.397263,84381,4994010,0.621325,8037679
4,2021-04-17,101728,7950593,63924,4426109,37780,3228253,24,296231,59654,1819984,0.226432,41780,3234853,0.402461,60827,5054837,0.628893,8037679
4,2021-04-18,56905,8007498,38452,4464561,18450,3246703,3,296234,32079,1828344,0.227472,24684,3259537,0.405532,33044,5087881,0.633004,8037679
4,2021-04-19,101737,8109235,67089,4531650,34631,3281334,17,296251,51940,1831356,0.227846,49546,3309083,0.411696,52558,5140439,0.639543,8037679
4,2021-04-20,132065,8241300,78802,4610452,53247,3334581,16,296267,68986,1838675,0.228757,62756,3371839,0.419504,70075,5210514,0.648261,8037679
4,2021-04-21,134567,8375867,87879,4698331,46635,3381216,53,296320,67941,1841551,0.229115,66229,3438068,0.427744,69105,5279619,0.656859,8037679
4,2021-04-22,141588,8517455,94006,4792337,47559,3428775,23,296343,63420,1828344,0.227472,77776,3515844,0.43742,64569,5344188,0.664892,8037679
4,2021-04-23,135135,8652590,87985,4880322,47126,3475901,24,296367,58889,1812567,0.225509,75881,3591725,0.446861,60104,5404292,0.67237,8037679
4,2021-04-24,98676,8751266,66583,4946905,32044,3507945,49,296416,45497,1806313,0.224731,52872,3644597,0.453439,46618,5450910,0.67817,8037679
4,2021-04-25,50261,8801527,35432,4982337,14802,3522747,27,296443,26296,1809269,0.225098,23817,3668414,0.456402,26773,5477683,0.681501,8037679
4,2021-04-26,91946,8893473,60289,5042626,31260,3554007,397,296840,36261,1791886,0.222936,55379,3723793,0.463292,37996,5515679,0.686228,8037679
4,2021-04-27,113791,9007264,69553,5112179,41923,3595930,2315,299155,41112,1763757,0.219436,72352,3796145,0.472294,44223,5559902,0.69173,8037679
4,2021-04-28,104185,9111449,68115,5180294,33546,3629476,2524,301679,38236,1739571,0.216427,65613,3861758,0.480457,41427,5601329,0.696884,8037679
4,2021-04-29,105266,9216715,67246,5247540,35498,3664974,2522,304201,34080,1705943,0.212243,70834,3932592,0.48927,37206,5638535,0.701513,8037679
4,2021-04-30,105136,9321851,66666,5314206,35774,3700748,2696,306897,36218,1676996,0.208642,68526,4001118,0.497795,39579,5678114,0.706437,8037679
4,2021-05-01,69119,9390970,45878,5360084,21469,3722217,1772,308669,20105,1650759,0.205378,48755,4049873,0.503861,22518,5700632,0.709239,8037679
4,2021-05-02,37520,9428490,26621,5386705,9616,3731833,1283,309952,10538,1635863,0.203524,26863,4076736,0.507203,11967,5712599,0.710727,8037679
4,2021-05-03,79017,9507507,55133,5441838,21406,3753239,2478,312430,19248,1598446,0.198869,59513,4136249,0.514607,22096,5734695,0.713476,8037679
4,2021-05-04,100935,9608442,69106,5510944,29069,3782308,2760,315190,22662,1546270,0.192378,77991,4214240,0.524311,25815,5760510,0.716688,8037679
4,2021-05-05,101741,9710183,71779,5582723,27233,3809541,2729,317919,22096,1492081,0.185636,79318,4293558,0.534179,25129,5785639,0.719815,8037679
4,2021-05-06,111283,9821466,83362,5666085,24986,3834527,2935,320854,19676,1424677,0.17725,91135,4384693,0.545517,23731,5809370,0.722767,8037679
4,2021-05-07,104465,9925931,75132,5741217,26651,3861178,2682,323536,20655,1364982,0.169823,83449,4468142,0.5559,23754,5833124,0.725722,8037679
4,2021-05-08,69387,9995318,47815,5789032,19643,3880821,1929,325465,13766,1325660,0.164931,55375,4523517,0.562789,16053,5849177,0.72772,8037679
4,2021-05-09,34189,10029507,27954,5816986,5289,3886110,946,326411,7495,1307607,0.162685,26588,4550105,0.566097,8535,5857712,0.728782,8037679
4,2021-05-10,64784,10094291,43301,5860287,19165,3905275,2318,328729,11017,1267701,0.15772,53555,4603660,0.57276,13649,5871361,0.73048,8037679
4,2021-05-11,82351,10176642,51379,5911666,28788,3934063,2184,330913,15791,1219855,0.151767,66317,4669977,0.581011,18471,5889832,0.732778,8037679
4,2021-05-12,79407,10256049,52837,5964503,24110,3958173,2460,333373,16640,1176854,0.146417,62477,4732454,0.588784,19476,5909308,0.735201,8037679
4,2021-05-13,104201,10360250,76753,6041256,25915,3984088,1533,334906,40427,1156375,0.143869,63448,4795902,0.596677,42969,5952277,0.740547,8037679
4,2021-05-14,104569,10464819,73864,6115120,28582,4012670,2123,337029,40306,1135387,0.141258,63952,4859854,0.604634,42964,5995241,0.745892,8037679
4,2021-05-15,85241,10550060,65952,6181072,17962,4030632,1327,338356,37653,1127309,0.140253,47347,4907201,0.610525,39269,6034510,0.750778,8037679
4,2021-05-16,51449,10601509,41470,6222542,9267,4039899,712,339068,21076,1119012,0.139221,30223,4937424,0.614285,21926,6056436,0.753506,8037679
4,2021-05-17,70980,10672489,51850,6274392,17290,4057189,1840,340908,28084,1106471,0.137661,42695,4980119,0.619597,30154,6086590,0.757257,8037679
4,2021-05-18,81528,10754017,53050,6327442,26722,4083911,1756,342664,29217,1085853,0.135095,51954,5032073,0.62606,31336,6117926,0.761156,8037679
4,2021-05-19,76637,10830654,51831,6379273,22863,4106774,1943,344607,30860,1073455,0.133553,45491,5077564,0.63172,33093,6151019,0.765273,8037679
4,2021-05-20,68944,10899598,44367,6423640,22580,4129354,1997,346604,25590,1058323,0.13167,43065,5120629,0.637078,27933,6178952,0.768748,8037679
4,2021-05-21,73382,10972980,48405,6472045,23118,4152472,1859,348463,25878,1039114,0.12928,47216,5167845,0.642952,28007,6206959,0.772233,8037679
4,2021-05-22,49677,11022657,34872,6506917,13531,4166003,1274,349737,21680,1034455,0.128701,27837,5195682,0.646416,23178,6230137,0.775116,8037679
4,2021-05-23,23962,11046619,17091,6524008,6148,4172151,723,350460,9770,1030986,0.128269,14072,5209754,0.648166,10603,6240740,0.776436,8037679
4,2021-05-24,43039,11089658,27374,6551382,12664,4184815,3001,353461,15072,1021509,0.12709,27749,5237503,0.651619,18272,6259012,0.778709,8037679
4,2021-05-25,44763,11134421,27835,6579217,14106,4198921,2822,356283,15872,1011774,0.125879,28660,5266163,0.655185,18925,6277937,0.781063,8037679
4,2021-05-26,44517,11178938,26698,6605915,15217,4214138,2602,358885,15852,1001952,0.124657,28452,5294615,0.658724,18630,6296567,0.783381,8037679
4,2021-05-27,38813,11217751,23314,6629229,12362,4226500,3137,362022,14644,995929,0.123908,23972,5318587,0.661707,17949,6314516,0.785614,8037679
4,2021-05-28,43150,11260901,27515,6656744,14033,4240533,1602,363624,18812,992482,0.123479,24084,5342671,0.664703,20637,6335153,0.788182,8037679
4,2021-05-29,23594,11284495,15361,6672105,7301,4247834,932,364556,10853,991797,0.123393,12603,5355274,0.666271,11918,6347071,0.789665,8037679
4,2021-05-30,12043,11296538,8459,6680564,3058,4250892,526,365082,5019,990452,0.123226,6959,5362233,0.667137,5614,6352685,0.790363,8037679
4,2021-05-31,3560,11300098,2263,6682827,1137,4252029,160,365242,1137,989392,0.123094,2378,5364611,0.667433,1318,6354003,0.790527,8037679
4,2021-06-01,39333,11339431,24477,6707304,12417,4264446,2439,367681,13010,978951,0.121795,26106,5390717,0.670681,15665,6369668,0.792476,8037679
4,2021-06-02,32539,11371970,20348,6727652,9396,4273842,2795,370476,10884,971305,0.120844,21476,5412193,0.673353,13830,6383498,0.794197,8037679
4,2021-06-03,47966,11419936,36826,6764478,8688,4282530,2452,372928,10365,946992,0.117819,37438,5449631,0.678011,13125,6396623,0.79583,8037679
4,2021-06-04,54671,11474607,44017,6808495,9327,4291857,1327,374255,12727,920134,0.114478,41715,5491346,0.6832,14857,6411480,0.797678,8037679
4,2021-06-05,44687,11519294,38292,6846787,5399,4297256,996,375251,8773,894422,0.111279,35761,5527107,0.68765,10049,6421529,0.798928,8037679
4,2021-06-06,21198,11540492,18914,6865701,1720,4298976,564,375815,3977,882236,0.109763,17122,5544229,0.68978,4936,6426465,0.799542,8037679
4,2021-06-07,38664,11579156,31299,6897000,5451,4304427,1914,377729,8453,862815,0.107346,30076,5574305,0.693522,10655,6437120,0.800868,8037679
4,2021-06-08,40466,11619622,31764,6928764,6160,4310587,2542,380271,9447,844309,0.105044,30830,5605135,0.697357,12324,6449444,0.802401,8037679
4,2021-06-09,38847,11658469,30804,6959568,5683,4316270,2360,382631,7933,824215,0.102544,30743,5635878,0.701182,10649,6460093,0.803726,8037679
4,2021-06-10,37056,11695525,29214,6988782,5220,4321490,2622,385253,8400,807001,0.100402,28500,5664378,0.704728,11286,6471379,0.80513,8037679
4,2021-06-11,38178,11733703,29989,7018771,6176,4327666,2013,387266,9865,791077,0.098421,28154,5692532,0.708231,12230,6483609,0.806652,8037679
4,2021-06-12,26462,11760165,22039,7040810,3713,4331379,710,387976,6043,777735,0.096761,20313,5712845,0.710758,6971,6490580,0.807519,8037679
4,2021-06-13,10819,11770984,8547,7049357,1796,4333175,476,388452,2279,772122,0.096063,8475,5721320,0.711812,2862,6493442,0.807875,8037679
4,2021-06-14,28567,11799551,21367,7070724,4394,4337569,2806,391258,7810,762338,0.094846,20618,5741938,0.714378,10834,6504276,0.809223,8037679
4,2021-06-15,29863,11829414,21117,7091841,5344,4342913,3402,394660,8290,752868,0.093667,21419,5763357,0.717042,11949,6516225,0.81071,8037679
4,2021-06-16,26514,11855928,19981,7111822,3916,4346829,2617,397277,7998,745341,0.092731,18347,5781704,0.719325,10820,6527045,0.812056,8037679
4,2021-06-17,25084,11881012,18526,7130348,3665,4350494,2893,400170,7598,738719,0.091907,17303,5799007,0.721478,10681,6537726,0.813385,8037679
4,2021-06-18,26684,11907696,21056,7151404,4400,4354894,1228,401398,8253,730225,0.09085,18228,5817235,0.723746,9734,6547460,0.814596,8037679
4,2021-06-19,15715,11923411,12709,7164113,2303,4357197,703,402101,5049,725626,0.090278,10519,5827754,0.725054,5920,6553380,0.815332,8037679
4,2021-06-20,7367,11930778,6069,7170182,990,4358187,308,402409,2624,723957,0.09007,4683,5832437,0.725637,3014,6556394,0.815707,8037679
4,2021-06-21,14544,11945322,10520,7180702,2886,4361073,1138,403547,7337,725464,0.090258,7129,5839566,0.726524,8636,6565030,0.816782,8037679
4,2021-06-22,20410,11965732,15924,7196626,3416,4364489,1070,404617,7105,720608,0.089654,13184,5852750,0.728164,8328,6573358,0.817818,8037679
4,2021-06-23,18363,11984095,14417,7211043,2961,4367450,985,405602,6710,716905,0.089193,11520,5864270,0.729597,7817,6581175,0.81879,8037679
4,2021-06-24,17521,12001616,13572,7224615,2964,4370414,985,406587,6540,713745,0.0888,10826,5875096,0.730944,7666,6588841,0.819744,8037679
4,2021-06-25,21479,12023095,16891,7241506,3545,4373959,1043,407630,7776,709161,0.08823,13569,5888665,0.732633,8985,6597826,0.820862,8037679
4,2021-06-26,12981,12036076,10570,7252076,1795,4375754,616,408246,4782,706567,0.087907,8098,5896763,0.73364,5504,6603330,0.821547,8037679
4,2021-06-27,6831,12042907,5534,7257610,954,4376708,343,408589,2879,705930,0.087828,3914,5900677,0.734127,3277,6606607,0.821955,8037679
4,2021-06-28,14995,12057902,12600,7270210,1547,4378255,848,409437,6020,704026,0.087591,8894,5909571,0.735234,6990,6613597,0.822824,8037679
4,2021-06-29,16393,12074295,12723,7282933,2869,4381124,801,410238,6354,701371,0.08726,9932,5919503,0.736469,7277,6620874,0.82373,8037679
4,2021-06-30,14438,12088733,11261,7294194,2444,4383568,733,410971,5990,699861,0.087073,8345,5927848,0.737507,6835,6627709,0.82458,8037679
4,2021-07-01,14375,12103108,11351,7305545,2285,4385853,739,411710,5882,698240,0.086871,8383,5936231,0.73855,6762,6634471,0.825421,8037679
4,2021-07-02,16664,12119772,13231,7318776,2676,4388529,757,412467,6804,696165,0.086613,9766,5945997,0.739765,7691,6642162,0.826378,8037679
4,2021-07-03,9121,12128893,7247,7326023,1466,4389995,408,412875,3954,695491,0.086529,5094,5951091,0.740399,4420,6646582,0.826928,8037679
4,2021-07-04,421,12129314,258,7326281,104,4390099,59,412934,183,695510,0.086531,234,5951325,0.740428,253,6646835,0.826959,8037679
4,2021-07-05,9174,12138488,7467,7333748,1293,4391392,414,413348,4166,695210,0.086494,4930,5956255,0.741042,4630,6651465,0.827536,8037679
4,2021-07-06,16381,12154869,12916,7346664,2670,4394062,795,414143,6042,691938,0.086087,10220,5966475,0.742313,6948,6658413,0.8284,8037679
4,2021-07-07,13630,12168499,10643,7357307,2217,4396279,770,414913,5150,689584,0.085794,8392,5974867,0.743357,6038,6664451,0.829151,8037679
4,2021-07-08,13048,12181547,10247,7367554,2021,4398300,780,415693,5118,687763,0.085567,7814,5982681,0.744329,5993,6670444,0.829897,8037679
4,2021-07-09,15216,12196763,11724,7379278,2609,4400909,883,416576,6201,686081,0.085358,8886,5991567,0.745435,7204,6677648,0.830793,8037679
4,2021-07-10,8711,12205474,6896,7386174,1427,4402336,388,416964,3673,685246,0.085254,4959,5996526,0.746052,4124,6681772,0.831306,8037679
4,2021-07-11,4957,12210431,3975,7390149,786,4403122,196,417160,2231,685017,0.085226,2686,5999212,0.746386,2457,6684229,0.831612,8037679
4,2021-07-12,12955,12223386,10287,7400436,1972,4405094,696,417856,5042,683027,0.084978,7835,6007047,0.747361,5845,6690074,0.832339,8037679
4,2021-07-13,12611,12235997,9667,7410103,2322,4407416,622,418478,5365,681970,0.084847,7142,6014189,0.748249,6085,6696159,0.833096,8037679
4,2021-07-14,11577,12247574,9130,7419233,1911,4409327,536,419014,5029,681136,0.084743,6467,6020656,0.749054,5633,6701792,0.833797,8037679
4,2021-07-15,12221,12259795,9706,7428939,1941,4411268,574,419588,5583,680852,0.084708,6515,6027171,0.749865,6231,6708023,0.834572,8037679
4,2021-07-16,14695,12274490,11471,7440410,2591,4413859,633,420221,6778,680553,0.08467,7819,6034990,0.750837,7520,6715543,0.835508,8037679
4,2021-07-17,8945,12283435,7038,7447448,1610,4415469,297,420518,4256,680555,0.084671,4593,6039583,0.751409,4595,6720138,0.836079,8037679
4,2021-07-18,5070,12288505,4098,7451546,777,4416246,195,420713,2402,680558,0.084671,2616,6042199,0.751734,2619,6722757,0.836405,8037679
4,2021-07-19,12480,12300985,9928,7461474,1949,4418195,603,421316,5932,680731,0.084692,6458,6048657,0.752538,6631,6729388,0.83723,8037679
4,2021-07-20,7522,12308507,5898,7467372,1138,4419333,486,421802,3571,680982,0.084724,3886,6052543,0.753021,4137,6733525,0.837745,8037679
