vemquartile,administered_date,total_doses,cumulative_total_doses,pfizer_doses,cumulative_pfizer_doses,moderna_doses,cumulative_moderna_doses,jj_doses,cumulative_jj_doses,partially_vaccinated,total_partially_vaccinated,pct_age12pop_partially_vaccinated,fully_vaccinated,cumulative_fully_vaccinated,pct_age12pop_fully_vaccinated,at_least_one_dose,cumulative_at_least_one_dose,pct_age12pop_at_least_one_dose,age12_population
1,2020-12-15,148,148,148,148,0,0,0,0,148,148,1.7e-05,0,0,0.0,148,148,1.7e-05,8700223
1,2020-12-16,1170,1318,1170,1318,0,0,0,0,1170,1318,0.000151,0,0,0.0,1170,1318,0.000151,8700223
1,2020-12-17,4124,5442,4124,5442,0,0,0,0,4125,5443,0.000626,0,0,0.0,4125,5443,0.000626,8700223
1,2020-12-18,6261,11703,6241,11683,20,20,0,0,6262,11705,0.001345,0,0,0.0,6262,11705,0.001345,8700223
1,2020-12-19,2867,14570,2866,14549,1,21,0,0,2865,14569,0.001675,1,1,0.0,2865,14570,0.001675,8700223
1,2020-12-20,2112,16682,2107,16656,5,26,0,0,2113,16682,0.001917,0,1,0.0,2113,16683,0.001918,8700223
1,2020-12-21,7612,24294,7600,24256,12,38,0,0,7663,24345,0.002798,0,1,0.0,7663,24346,0.002798,8700223
1,2020-12-22,7270,31564,6928,31184,342,380,0,0,7273,31617,0.003634,1,2,0.0,7273,31619,0.003634,8700223
1,2020-12-23,7801,39365,6569,37753,1232,1612,0,0,7796,39413,0.00453,0,2,0.0,7796,39415,0.00453,8700223
1,2020-12-24,3294,42659,2358,40111,936,2548,0,0,3296,42709,0.004909,0,2,0.0,3296,42711,0.004909,8700223
1,2020-12-25,233,42892,150,40261,83,2631,0,0,233,42942,0.004936,0,2,0.0,233,42944,0.004936,8700223
1,2020-12-26,1353,44245,964,41225,389,3020,0,0,1352,44293,0.005091,1,3,0.0,1352,44296,0.005091,8700223
1,2020-12-27,855,45100,526,41751,329,3349,0,0,855,45148,0.005189,0,3,0.0,855,45151,0.00519,8700223
1,2020-12-28,7015,52115,4748,46499,2267,5616,0,0,7014,52162,0.005995,0,3,0.0,7014,52165,0.005996,8700223
1,2020-12-29,8803,60918,4945,51444,3858,9474,0,0,8800,60961,0.007007,1,4,0.0,8800,60965,0.007007,8700223
1,2020-12-30,11560,72478,6436,57880,5124,14598,0,0,11560,72521,0.008336,0,4,0.0,11560,72525,0.008336,8700223
1,2020-12-31,5926,78404,1952,59832,3974,18572,0,0,5925,78445,0.009016,1,5,1e-06,5925,78450,0.009017,8700223
1,2021-01-01,535,78939,180,60012,355,18927,0,0,535,78980,0.009078,0,5,1e-06,535,78985,0.009079,8700223
1,2021-01-02,2887,81826,1750,61762,1137,20064,0,0,2889,81869,0.00941,0,5,1e-06,2889,81874,0.009411,8700223
1,2021-01-03,1018,82844,544,62306,474,20538,0,0,1017,82885,0.009527,1,6,1e-06,1017,82891,0.009527,8700223
1,2021-01-04,7313,90157,3562,65868,3751,24289,0,0,7318,90202,0.010368,1,7,1e-06,7318,90209,0.010369,8700223
1,2021-01-05,10739,100896,5170,71038,5569,29858,0,0,9992,99485,0.011435,732,739,8.5e-05,10015,100224,0.01152,8700223
1,2021-01-06,13948,114844,7011,78049,6937,36795,0,0,12072,109724,0.012612,1839,2578,0.000296,12078,112302,0.012908,8700223
1,2021-01-07,17355,132199,9062,87111,8293,45088,0,0,12921,118316,0.013599,4336,6914,0.000795,12928,125230,0.014394,8700223
1,2021-01-08,20040,152239,10383,97494,9657,54745,0,0,14173,126643,0.014556,5851,12765,0.001467,14178,139408,0.016023,8700223
1,2021-01-09,6633,158872,3362,100856,3271,58016,0,0,4792,129614,0.014898,1825,14590,0.001677,4796,144204,0.016575,8700223
1,2021-01-10,3060,161932,1740,102596,1320,59336,0,0,1874,130319,0.014979,1170,15760,0.001811,1875,146079,0.01679,8700223
1,2021-01-11,18023,179955,11807,114403,6216,65552,0,0,11506,135371,0.015559,6491,22251,0.002558,11543,157622,0.018117,8700223
1,2021-01-12,18891,198846,10721,125124,8170,73722,0,0,12938,142432,0.016371,5912,28163,0.003237,12973,170595,0.019608,8700223
1,2021-01-13,19691,218537,10636,135760,9055,82777,0,0,14575,151929,0.017463,5092,33255,0.003822,14589,185184,0.021285,8700223
1,2021-01-14,21869,240406,9402,145162,12467,95244,0,0,19134,168430,0.019359,2676,35931,0.00413,19177,204361,0.023489,8700223
1,2021-01-15,25034,265440,9211,154373,15823,111067,0,0,23110,189712,0.021805,1875,37806,0.004345,23157,227518,0.026151,8700223
1,2021-01-16,13820,279260,4517,158890,9303,120370,0,0,12980,201856,0.023201,838,38644,0.004442,12982,240500,0.027643,8700223
1,2021-01-17,5176,284436,1990,160880,3186,123556,0,0,4809,206307,0.023713,363,39007,0.004483,4814,245314,0.028196,8700223
1,2021-01-18,14207,298643,8542,169422,5665,129221,0,0,11054,214264,0.024627,3141,42148,0.004844,11098,256412,0.029472,8700223
1,2021-01-19,24524,323167,12852,182274,11672,140893,0,0,19354,228514,0.026265,5155,47303,0.005437,19405,275817,0.031702,8700223
1,2021-01-20,28493,351660,14004,196278,14489,155382,0,0,22884,245877,0.028261,5556,52859,0.006076,22919,298736,0.034337,8700223
1,2021-01-21,30564,382224,14200,210478,16364,171746,0,0,27432,270311,0.031069,3076,55935,0.006429,27510,326246,0.037499,8700223
1,2021-01-22,28032,410256,11113,221591,16919,188665,0,0,26067,294479,0.033847,1925,57860,0.00665,26093,352339,0.040498,8700223
1,2021-01-23,18623,428879,8179,229770,10444,199109,0,0,16705,309289,0.03555,1904,59764,0.006869,16714,369053,0.042419,8700223
1,2021-01-24,6654,435533,4154,233924,2500,201609,0,0,6005,314656,0.036166,643,60407,0.006943,6010,375063,0.04311,8700223
1,2021-01-25,24963,460496,10391,244315,14572,216181,0,0,19369,328539,0.037762,5572,65979,0.007584,19455,394518,0.045346,8700223
1,2021-01-26,28297,488793,13305,257620,14992,231173,0,0,21793,343889,0.039526,6459,72438,0.008326,21809,416327,0.047852,8700223
1,2021-01-27,31460,520253,15316,272936,16144,247317,0,0,23594,359706,0.041344,7802,80240,0.009223,23619,439946,0.050567,8700223
1,2021-01-28,34386,554639,16100,289036,18286,265603,0,0,27661,380747,0.043763,6669,86909,0.009989,27710,467656,0.053752,8700223
1,2021-01-29,33206,587845,16287,305323,16919,282522,0,0,26811,401322,0.046128,6269,93178,0.01071,26844,494500,0.056838,8700223
1,2021-01-30,20092,607937,8743,314066,11349,293871,0,0,18007,417275,0.047961,2061,95239,0.010947,18014,512514,0.058908,8700223
1,2021-01-31,7529,615466,4925,318991,2604,296475,0,0,6888,423526,0.04868,640,95879,0.01102,6891,519405,0.0597,8700223
1,2021-02-01,28453,643919,12407,331398,16046,312521,0,0,20847,436814,0.050207,7564,103443,0.01189,20852,540257,0.062097,8700223
1,2021-02-02,31882,675801,11462,342860,20420,332941,0,0,24032,453091,0.052078,7788,111231,0.012785,24065,564322,0.064863,8700223
1,2021-02-03,39017,714818,14972,357832,24045,356986,0,0,28229,470691,0.054101,10660,121891,0.01401,28260,592582,0.068111,8700223
1,2021-02-04,43476,758294,16935,374767,26541,383527,0,0,31630,490625,0.056392,11742,133633,0.01536,31676,624258,0.071752,8700223
1,2021-02-05,46632,804926,17312,392079,29320,412847,0,0,30721,505604,0.058114,15794,149427,0.017175,30773,655031,0.075289,8700223
1,2021-02-06,26422,831348,10456,402535,15966,428813,0,0,20645,520523,0.059829,5743,155170,0.017835,20662,675693,0.077664,8700223
1,2021-02-07,6197,837545,3974,406509,2223,431036,0,0,4614,523588,0.060181,1567,156737,0.018015,4632,680325,0.078196,8700223
1,2021-02-08,31069,868614,14100,420609,16969,448005,0,0,20774,534214,0.061402,10234,166971,0.019192,20860,701185,0.080594,8700223
1,2021-02-09,38181,906795,16780,437389,21401,469406,0,0,23681,543415,0.06246,14551,181522,0.020864,23752,724937,0.083324,8700223
1,2021-02-10,46551,953346,21879,459268,24672,494078,0,0,26888,550795,0.063308,19584,201106,0.023115,26964,751901,0.086423,8700223
1,2021-02-11,51135,1004481,25096,484364,26039,520117,0,0,30826,561682,0.064559,20037,221143,0.025418,30924,782825,0.089978,8700223
1,2021-02-12,49259,1053740,21250,505614,28009,548126,0,0,28428,569492,0.065457,20749,241892,0.027803,28559,811384,0.09326,8700223
1,2021-02-13,26061,1079801,11334,516948,14727,562853,0,0,15142,573854,0.065959,10856,252748,0.029051,15218,826602,0.095009,8700223
1,2021-02-14,11586,1091387,5465,522413,6121,568974,0,0,6613,575585,0.066157,4947,257695,0.029619,6678,833280,0.095777,8700223
1,2021-02-15,23494,1114881,9245,531658,14249,583223,0,0,14342,580989,0.066779,9053,266748,0.03066,14457,847737,0.097439,8700223
1,2021-02-16,46348,1161229,22099,553757,24249,607472,0,0,27410,589633,0.067772,18877,285625,0.03283,27521,875258,0.100602,8700223
1,2021-02-17,47711,1208940,24064,577821,23647,631119,0,0,25996,594166,0.068293,21606,307231,0.035313,26139,901397,0.103606,8700223
1,2021-02-18,50121,1259061,24955,602776,25166,656285,0,0,26190,596827,0.068599,23740,330971,0.038042,26401,927798,0.106641,8700223
1,2021-02-19,45383,1304444,24559,627335,20824,677109,0,0,25753,603107,0.069321,19535,350506,0.040287,25815,953613,0.109608,8700223
1,2021-02-20,26798,1331242,16314,643649,10484,687593,0,0,15431,607284,0.069801,11330,361836,0.041589,15507,969120,0.11139,8700223
1,2021-02-21,11348,1342590,10117,653766,1231,688824,0,0,6793,609610,0.070068,4515,366351,0.042108,6841,975961,0.112177,8700223
1,2021-02-22,29853,1372443,19579,673345,10274,699098,0,0,17630,615162,0.070706,12173,378524,0.043507,17725,993686,0.114214,8700223
1,2021-02-23,42753,1415196,20873,694218,21880,720978,0,0,24017,620922,0.071369,18615,397139,0.045647,24375,1018061,0.117016,8700223
1,2021-02-24,52756,1467952,25547,719765,27209,748187,0,0,29789,628281,0.072214,22877,420016,0.048276,30236,1048297,0.120491,8700223
1,2021-02-25,64852,1532804,31496,751261,33356,781543,0,0,40892,645804,0.074228,23868,443884,0.05102,41391,1089688,0.125248,8700223
1,2021-02-26,72715,1605519,34123,785384,38592,820135,0,0,48350,670398,0.077055,24227,468111,0.053804,48821,1138509,0.13086,8700223
1,2021-02-27,49725,1655244,22935,808319,26784,846919,6,6,33151,687349,0.079004,16469,484580,0.055697,33420,1171929,0.134701,8700223
1,2021-02-28,19066,1674310,11350,819669,7715,854634,1,7,14095,696669,0.080075,4917,489497,0.056263,14237,1186166,0.136337,8700223
1,2021-03-01,43550,1717860,20054,839723,23477,878111,19,26,28316,710104,0.081619,15127,504624,0.058001,28562,1214728,0.13962,8700223
1,2021-03-02,61413,1779273,26755,866478,34654,912765,4,30,39689,728789,0.083767,21617,526241,0.060486,40302,1255030,0.144253,8700223
1,2021-03-03,68591,1847864,32450,898928,36128,948893,13,43,41805,744530,0.085576,26668,552909,0.063551,42409,1297439,0.149127,8700223
1,2021-03-04,76918,1924782,36102,935030,40783,989676,33,76,49637,767579,0.088225,27128,580037,0.066669,50177,1347616,0.154894,8700223
1,2021-03-05,76186,2000968,34643,969673,41341,1031017,202,278,51267,794952,0.091371,24727,604764,0.069511,52100,1399716,0.160883,8700223
1,2021-03-06,56875,2057843,27147,996820,28401,1059418,1327,1605,38751,817331,0.093944,18063,622827,0.071587,40442,1440158,0.165531,8700223
1,2021-03-07,20038,2077881,12795,1009615,6441,1065859,802,2407,15062,828499,0.095227,4958,627785,0.072157,16126,1456284,0.167385,8700223
1,2021-03-08,43952,2121833,21056,1030671,21041,1086900,1855,4262,30873,848557,0.097533,13007,640792,0.073652,33065,1489349,0.171185,8700223
1,2021-03-09,65433,2187266,31570,1062241,31394,1118294,2469,6731,40474,866988,0.099651,24855,665647,0.076509,43286,1532635,0.17616,8700223
1,2021-03-10,72052,2259318,36063,1098304,31627,1149921,4362,11093,44772,889342,0.102221,27151,692798,0.07963,49505,1582140,0.181851,8700223
1,2021-03-11,88495,2347813,40405,1138709,40171,1190092,7919,19012,51940,913331,0.104978,36340,729138,0.083807,60329,1642469,0.188785,8700223
1,2021-03-12,96946,2444759,42525,1181234,42093,1232185,12328,31340,56850,943077,0.108397,39919,769057,0.088395,69665,1712134,0.196792,8700223
1,2021-03-13,64219,2508978,29292,1210526,27177,1259362,7750,39090,40953,968960,0.111372,23162,792219,0.091057,49045,1761179,0.202429,8700223
1,2021-03-14,27471,2536449,14834,1225360,9092,1268454,3545,42635,15638,976560,0.112245,11783,804002,0.092412,19383,1780562,0.204657,8700223
1,2021-03-15,64219,2600668,28079,1253439,29474,1297928,6666,49301,38071,995660,0.114441,25990,829992,0.095399,45090,1825652,0.20984,8700223
1,2021-03-16,84597,2685265,38353,1291792,40700,1338628,5544,54845,52778,1022694,0.117548,31656,861648,0.099037,58690,1884342,0.216585,8700223
1,2021-03-17,91347,2776612,44046,1335838,40755,1379383,6546,61391,58914,1056243,0.121404,32281,893929,0.102748,65830,1950172,0.224152,8700223
1,2021-03-18,97127,2873739,49837,1385675,41686,1421069,5604,66995,59559,1084603,0.124664,37261,931190,0.107031,65621,2015793,0.231694,8700223
1,2021-03-19,102407,2976146,52943,1438618,43345,1464414,6119,73114,60822,1110682,0.127661,41342,972532,0.111782,67421,2083214,0.239444,8700223
1,2021-03-20,71778,3047924,36898,1475516,29646,1494060,5234,78348,46408,1137359,0.130728,25222,997754,0.114681,51899,2135113,0.245409,8700223
1,2021-03-21,26829,3074753,18734,1494250,6292,1500352,1803,80151,17391,1147268,0.131867,9371,1007125,0.115759,19280,2154393,0.247625,8700223
1,2021-03-22,58459,3133212,30058,1524308,25137,1525489,3264,83415,39789,1172179,0.13473,18499,1025624,0.117885,43410,2197803,0.252615,8700223
1,2021-03-23,81890,3215102,41520,1565828,36768,1562257,3602,87017,51004,1196534,0.137529,30708,1056332,0.121414,55063,2252866,0.258943,8700223
1,2021-03-24,86799,3301901,43794,1609622,38673,1600930,4332,91349,52779,1220020,0.140229,33804,1090136,0.1253,57290,2310156,0.265528,8700223
1,2021-03-25,95372,3397273,48489,1658111,41103,1642033,5780,97129,53890,1238702,0.142376,41216,1131352,0.130037,59898,2370054,0.272413,8700223
1,2021-03-26,103384,3500657,50459,1708570,46642,1688675,6283,103412,56256,1254691,0.144214,46852,1178204,0.135422,62841,2432895,0.279636,8700223
1,2021-03-27,73315,3573972,38111,1746681,31038,1719713,4166,107578,38212,1262360,0.145095,34911,1213115,0.139435,42580,2475475,0.28453,8700223
1,2021-03-28,32305,3606277,21132,1767813,9973,1729686,1200,108778,16616,1264919,0.145389,15589,1228704,0.141227,18148,2493623,0.286616,8700223
1,2021-03-29,66078,3672355,33198,1801011,29799,1759485,3081,111859,36934,1276154,0.146681,28991,1257695,0.144559,40226,2533849,0.29124,8700223
1,2021-03-30,90536,3762891,44636,1845647,39628,1799113,6272,118131,47201,1286535,0.147874,43204,1300899,0.149525,53585,2587434,0.297399,8700223
1,2021-03-31,99245,3862136,52010,1897657,41321,1840434,5914,124045,55147,1303833,0.149862,43847,1344746,0.154565,61145,2648579,0.304427,8700223
1,2021-04-01,109249,3971385,52711,1950368,48210,1888644,8328,132373,56547,1316391,0.151305,52403,1397149,0.160588,64961,2713540,0.311893,8700223
1,2021-04-02,108798,4080183,49803,2000171,49484,1938128,9511,141884,55849,1329407,0.152801,52593,1449742,0.166633,65609,2779149,0.319434,8700223
1,2021-04-03,77026,4157209,38610,2038781,28866,1966994,9550,151434,35939,1334045,0.153335,40939,1490681,0.171338,45577,2824726,0.324673,8700223
1,2021-04-04,23614,4180823,11754,2050535,8407,1975401,3453,154887,9944,1333811,0.153308,13625,1504306,0.172904,13391,2838117,0.326212,8700223
1,2021-04-05,75079,4255902,36150,2086685,29908,2005309,9021,163908,34299,1336714,0.153641,40611,1544917,0.177572,43514,2881631,0.331213,8700223
1,2021-04-06,102105,4358007,48380,2135065,37333,2042642,16392,180300,46420,1344139,0.154495,55463,1600380,0.183947,62888,2944519,0.338442,8700223
1,2021-04-07,109097,4467104,52685,2187750,39146,2081788,17266,197566,49784,1352170,0.155418,59094,1659474,0.190739,67125,3011644,0.346157,8700223
1,2021-04-08,119109,4586213,56047,2243797,42607,2124395,20455,218021,52722,1359376,0.156246,66082,1725556,0.198335,73288,3084932,0.354581,8700223
1,2021-04-09,119901,4706114,54764,2298561,44884,2169279,20253,238274,53022,1366190,0.157029,66579,1792135,0.205987,73393,3158325,0.363017,8700223
1,2021-04-10,93520,4799634,41782,2340343,29375,2198654,22363,260637,36568,1368350,0.157278,56796,1848931,0.212515,58956,3217281,0.369793,8700223
1,2021-04-11,35716,4835350,19936,2360279,9242,2207896,6538,267175,14545,1368427,0.157286,21130,1870061,0.214944,21207,3238488,0.37223,8700223
1,2021-04-12,72483,4907833,32185,2392464,30448,2238344,9850,277025,30791,1367760,0.15721,41474,1911535,0.219711,40807,3279295,0.376921,8700223
1,2021-04-13,95375,5003208,51024,2443488,44021,2282365,330,277355,51496,1376275,0.158188,43654,1955189,0.224729,52169,3331464,0.382917,8700223
1,2021-04-14,102270,5105478,52827,2496315,49376,2331741,67,277422,52091,1378931,0.158494,49869,2005058,0.230461,52525,3383989,0.388954,8700223
1,2021-04-15,103796,5209274,56197,2552512,47515,2379256,84,277506,55585,1387051,0.159427,47715,2052773,0.235945,55835,3439824,0.395372,8700223
1,2021-04-16,108253,5317527,55777,2608289,52389,2431645,87,277593,54401,1388268,0.159567,53449,2106222,0.242088,54666,3494490,0.401655,8700223
1,2021-04-17,80798,5398325,43743,2652032,37047,2468692,8,277601,45432,1398691,0.160765,35180,2141402,0.246132,45603,3540093,0.406897,8700223
1,2021-04-18,28568,5426893,19121,2671153,9441,2478133,6,277607,14466,1399325,0.160838,14036,2155438,0.247745,14670,3554763,0.408583,8700223
1,2021-04-19,64336,5491229,32785,2703938,31539,2509672,12,277619,29197,1393804,0.160203,34854,2190292,0.251751,29333,3584096,0.411954,8700223
1,2021-04-20,84430,5575659,42309,2746247,42102,2551774,19,277638,39919,1389684,0.15973,44258,2234550,0.256838,40138,3624234,0.416568,8700223
1,2021-04-21,91211,5666870,46474,2792721,44644,2596418,93,277731,40838,1380892,0.158719,49932,2284482,0.262577,41140,3665374,0.421297,8700223
1,2021-04-22,92975,5759845,48222,2840943,44737,2641155,16,277747,42612,1373771,0.157901,49964,2334446,0.26832,42843,3708217,0.426221,8700223
1,2021-04-23,97592,5857437,50108,2891051,47460,2688615,24,277771,46383,1369558,0.157416,50839,2385285,0.274164,46626,3754843,0.43158,8700223
1,2021-04-24,72719,5930156,45877,2936928,26830,2715445,12,277783,41146,1379522,0.158562,31452,2416737,0.277779,41416,3796259,0.43634,8700223
1,2021-04-25,26744,5956900,17118,2954046,9617,2725062,9,277792,15391,1383783,0.159051,11269,2428006,0.279074,15530,3811789,0.438125,8700223
1,2021-04-26,59734,6016634,32240,2986286,27141,2752203,353,278145,27996,1380963,0.158727,31502,2459508,0.282695,28682,3840471,0.441422,8700223
1,2021-04-27,75259,6091893,40363,3026649,33773,2785976,1123,279268,32271,1371990,0.157696,42704,2502212,0.287603,33731,3874202,0.445299,8700223
1,2021-04-28,76973,6168866,40858,3067507,34685,2820661,1430,280698,33549,1364027,0.156781,43167,2545379,0.292565,35204,3909406,0.449345,8700223
1,2021-04-29,79995,6248861,44112,3111619,34332,2854993,1551,282249,32335,1350688,0.155248,47385,2592764,0.298011,34046,3943452,0.453259,8700223
1,2021-04-30,87786,6336647,47811,3159430,38182,2893175,1793,284042,36514,1338168,0.153808,50995,2643759,0.303873,38475,3981927,0.457681,8700223
1,2021-05-01,61127,6397774,39744,3199174,20019,2913194,1364,285406,25784,1330382,0.152914,35164,2678923,0.307914,27378,4009305,0.460828,8700223
1,2021-05-02,22432,6420206,15713,3214887,6198,2919392,521,285927,9361,1327329,0.152563,12966,2691889,0.309405,9913,4019218,0.461967,8700223
1,2021-05-03,53717,6473923,30109,3244996,21862,2941254,1746,287673,19451,1314523,0.151091,34060,2725949,0.313319,21254,4040472,0.46441,8700223
1,2021-05-04,72019,6545942,41401,3286397,28613,2969867,2005,289678,25892,1296654,0.149037,45855,2771804,0.31859,27986,4068458,0.467627,8700223
1,2021-05-05,73391,6619333,42155,3328552,29014,2998881,2222,291900,24864,1275562,0.146613,48247,2820051,0.324135,27155,4095613,0.470748,8700223
1,2021-05-06,75125,6694458,45101,3373653,27891,3026772,2133,294033,23691,1250454,0.143727,51092,2871143,0.330008,25984,4121597,0.473735,8700223
1,2021-05-07,78651,6773109,44893,3418546,31635,3058407,2123,296156,26497,1227343,0.14107,51796,2922939,0.335961,28685,4150282,0.477032,8700223
1,2021-05-08,53787,6826896,33587,3452133,18670,3077077,1530,297686,18255,1212025,0.13931,35198,2958137,0.340007,19880,4170162,0.479317,8700223
1,2021-05-09,17603,6844499,12482,3464615,4650,3081727,471,298157,5440,1205920,0.138608,12050,2970187,0.341392,5945,4176107,0.48,8700223
1,2021-05-10,41023,6885522,20729,3485344,18571,3100298,1723,299880,13750,1194492,0.137294,26993,2997180,0.344495,15565,4191672,0.481789,8700223
1,2021-05-11,57615,6943137,31055,3516399,24567,3124865,1993,301873,18796,1176811,0.135262,38595,3035775,0.348931,20914,4212586,0.484193,8700223
1,2021-05-12,56718,6999855,29854,3546253,25002,3149867,1862,303735,18659,1159606,0.133285,37801,3073576,0.353276,20596,4233182,0.48656,8700223
1,2021-05-13,59106,7058961,34427,3580680,22807,3172674,1872,305607,22322,1147640,0.131909,36442,3110018,0.357464,24476,4257658,0.489373,8700223
1,2021-05-14,72268,7131229,43727,3624407,26299,3198973,2242,307849,29389,1136990,0.130685,42586,3152604,0.362359,31936,4289594,0.493044,8700223
1,2021-05-15,62658,7193887,41543,3665950,19518,3218491,1597,309446,25075,1126381,0.129466,37362,3189966,0.366653,26753,4316347,0.496119,8700223
1,2021-05-16,23375,7217262,17359,3683309,5413,3223904,603,310049,9727,1123200,0.1291,13552,3203518,0.368211,10371,4326718,0.497311,8700223
1,2021-05-17,51889,7269151,32113,3715422,18141,3242045,1635,311684,23187,1119590,0.128685,28491,3232009,0.371486,24881,4351599,0.500171,8700223
1,2021-05-18,62232,7331383,37839,3753261,22665,3264710,1728,313412,28437,1116296,0.128307,33544,3265553,0.375341,30250,4381849,0.503648,8700223
1,2021-05-19,63976,7395359,39187,3792448,22996,3287706,1793,315205,29412,1113270,0.127959,34321,3299874,0.379286,31295,4413144,0.507245,8700223
1,2021-05-20,51581,7446940,30499,3822947,19325,3307031,1757,316962,22366,1108585,0.12742,28983,3328857,0.382617,24298,4437442,0.510038,8700223
1,2021-05-21,56549,7503489,34535,3857482,20419,3327450,1595,318557,24518,1103021,0.126781,31766,3360623,0.386269,26202,4463644,0.513049,8700223
1,2021-05-22,41687,7545176,28327,3885809,12071,3339521,1289,319846,18820,1100511,0.126492,22712,3383335,0.388879,20202,4483846,0.515371,8700223
1,2021-05-23,10008,7555184,7454,3893263,2251,3341772,303,320149,4680,1100225,0.126459,5279,3388614,0.389486,4993,4488839,0.515945,8700223
2,2020-12-15,234,234,234,234,0,0,0,0,234,234,2.8e-05,0,0,0.0,234,234,2.8e-05,8407551
2,2020-12-16,2053,2287,2053,2287,0,0,0,0,2052,2286,0.000272,0,0,0.0,2052,2286,0.000272,8407551
2,2020-12-17,6682,8969,6682,8969,0,0,0,0,6683,8969,0.001067,0,0,0.0,6683,8969,0.001067,8407551
2,2020-12-18,10834,19803,10815,19784,19,19,0,0,10835,19804,0.002356,0,0,0.0,10835,19804,0.002356,8407551
2,2020-12-19,5583,25386,5577,25361,6,25,0,0,5585,25389,0.00302,0,0,0.0,5585,25389,0.00302,8407551
2,2020-12-20,4214,29600,4205,29566,9,34,0,0,4210,29599,0.003521,0,0,0.0,4210,29599,0.003521,8407551
2,2020-12-21,12756,42356,12732,42298,24,58,0,0,12710,42309,0.005032,0,0,0.0,12710,42309,0.005032,8407551
2,2020-12-22,12065,54421,11555,53853,510,568,0,0,12065,54374,0.006467,0,0,0.0,12065,54374,0.006467,8407551
2,2020-12-23,11672,66093,9470,63323,2202,2770,0,0,11675,66049,0.007856,0,0,0.0,11675,66049,0.007856,8407551
2,2020-12-24,5840,71933,3485,66808,2355,5125,0,0,5837,71886,0.00855,0,0,0.0,5837,71886,0.00855,8407551
2,2020-12-25,478,72411,401,67209,77,5202,0,0,479,72365,0.008607,0,0,0.0,479,72365,0.008607,8407551
2,2020-12-26,2563,74974,1666,68875,897,6099,0,0,2565,74930,0.008912,0,0,0.0,2565,74930,0.008912,8407551
2,2020-12-27,2217,77191,1201,70076,1016,7115,0,0,2215,77144,0.009176,1,1,0.0,2215,77145,0.009176,8407551
2,2020-12-28,10958,88149,7138,77214,3820,10935,0,0,10958,88101,0.010479,1,2,0.0,10958,88103,0.010479,8407551
2,2020-12-29,12628,100777,7115,84329,5513,16448,0,0,12632,100733,0.011981,0,2,0.0,12632,100735,0.011981,8407551
2,2020-12-30,15326,116103,8625,92954,6701,23149,0,0,15343,116075,0.013806,1,3,0.0,15343,116078,0.013806,8407551
2,2020-12-31,7501,123604,2806,95760,4695,27844,0,0,7498,123572,0.014698,1,4,0.0,7498,123576,0.014698,8407551
2,2021-01-01,1120,124724,536,96296,584,28428,0,0,1122,124693,0.014831,1,5,1e-06,1122,124698,0.014832,8407551
2,2021-01-02,4802,129526,2735,99031,2067,30495,0,0,4800,129493,0.015402,0,5,1e-06,4800,129498,0.015403,8407551
2,2021-01-03,1379,130905,788,99819,591,31086,0,0,1374,130864,0.015565,3,8,1e-06,1374,130872,0.015566,8407551
2,2021-01-04,11609,142514,5548,105367,6061,37147,0,0,11597,142457,0.016944,4,12,1e-06,11597,142469,0.016945,8407551
2,2021-01-05,13817,156331,6894,112261,6923,44070,0,0,12635,153947,0.018311,1175,1187,0.000141,12665,155134,0.018452,8407551
2,2021-01-06,18931,175262,10442,122703,8489,52559,0,0,15211,165492,0.019684,3672,4859,0.000578,15217,170351,0.020262,8407551
2,2021-01-07,22919,198181,12865,135568,10054,62613,0,0,15557,173683,0.020658,7379,12238,0.001456,15570,185921,0.022114,8407551
2,2021-01-08,26359,224540,15965,151533,10394,73007,0,0,16321,180014,0.021411,10006,22244,0.002646,16337,202258,0.024057,8407551
2,2021-01-09,9708,234248,5662,157195,4046,77053,0,0,6220,182730,0.021734,3509,25753,0.003063,6225,208483,0.024797,8407551
2,2021-01-10,5278,239526,2919,160114,2359,79412,0,0,3067,183568,0.021834,2233,27986,0.003329,3071,211554,0.025162,8407551
2,2021-01-11,25908,265434,17803,177917,8105,87517,0,0,14983,187641,0.022318,10959,38945,0.004632,15032,226586,0.02695,8407551
2,2021-01-12,26083,291517,16227,194144,9856,97373,0,0,16616,194832,0.023173,9495,48440,0.005761,16686,243272,0.028935,8407551
2,2021-01-13,28441,319958,15083,209227,13358,110731,0,0,20533,207485,0.024678,7902,56342,0.006701,20555,263827,0.03138,8407551
2,2021-01-14,30077,350035,11422,220649,18655,129386,0,0,25886,229210,0.027262,4216,60558,0.007203,25941,289768,0.034465,8407551
2,2021-01-15,34948,384983,12748,233397,22200,151586,0,0,31716,257755,0.030658,3243,63801,0.007589,31788,321556,0.038246,8407551
2,2021-01-16,17543,402526,5599,238996,11944,163530,0,0,16237,272669,0.032431,1333,65134,0.007747,16247,337803,0.040179,8407551
2,2021-01-17,10608,413134,3584,242580,7024,170554,0,0,9905,281853,0.033524,729,65863,0.007834,9913,347716,0.041358,8407551
2,2021-01-18,19630,432764,10985,253565,8645,179199,0,0,14870,291994,0.03473,4777,70640,0.008402,14918,362634,0.043132,8407551
2,2021-01-19,32292,465056,16875,270440,15417,194616,0,0,24361,308533,0.036697,7935,78575,0.009346,24474,387108,0.046043,8407551
2,2021-01-20,36936,501992,18522,288962,18414,213030,0,0,28352,328408,0.039061,8564,87139,0.010364,28439,415547,0.049425,8407551
2,2021-01-21,40360,542352,17105,306067,23255,236285,0,0,35951,360130,0.042834,4386,91525,0.010886,36108,451655,0.05372,8407551
2,2021-01-22,39147,581499,16374,322441,22773,259058,0,0,35871,392746,0.046713,3278,94803,0.011276,35894,487549,0.057989,8407551
2,2021-01-23,23945,605444,10797,333238,13148,272206,0,0,21010,410871,0.048869,2912,97715,0.011622,21037,508586,0.060492,8407551
2,2021-01-24,12444,617888,6155,339393,6289,278495,0,0,11533,421516,0.050135,898,98613,0.011729,11543,520129,0.061865,8407551
2,2021-01-25,33627,651515,15611,355004,18016,296511,0,0,24909,437882,0.052082,8666,107279,0.01276,25032,545161,0.064842,8407551
2,2021-01-26,40070,691585,19798,374802,20272,316783,0,0,31136,460178,0.054734,8917,116196,0.01382,31213,576374,0.068554,8407551
2,2021-01-27,44910,736495,22870,397672,22040,338823,0,0,34973,485375,0.057731,9831,126027,0.01499,35028,611402,0.072721,8407551
2,2021-01-28,47936,784431,22649,420321,25287,364110,0,0,39395,516346,0.061415,8487,134514,0.015999,39458,650860,0.077414,8407551
2,2021-01-29,45427,829858,22255,442576,23172,387282,0,0,36908,544889,0.064809,8418,142932,0.017,36961,687821,0.08181,8407551
2,2021-01-30,31370,861228,13742,456318,17628,404910,0,0,28070,569726,0.067764,3261,146193,0.017388,28098,715919,0.085152,8407551
2,2021-01-31,17394,878622,10497,466815,6897,411807,0,0,16241,584849,0.069562,1137,147330,0.017524,16260,732179,0.087086,8407551
2,2021-02-01,40896,919518,19882,486697,21014,432821,0,0,30187,604392,0.071887,10676,158006,0.018793,30219,762398,0.09068,8407551
2,2021-02-02,47435,966953,19368,506065,28067,460888,0,0,36159,629437,0.074866,11208,169214,0.020126,36253,798651,0.094992,8407551
2,2021-02-03,53932,1020885,24130,530195,29802,490690,0,0,39948,655586,0.077976,13887,183101,0.021778,40036,838687,0.099754,8407551
2,2021-02-04,55776,1076661,24219,554414,31557,522247,0,0,40861,681716,0.081084,14823,197924,0.023541,40953,879640,0.104625,8407551
2,2021-02-05,59462,1136123,26289,580703,33173,555420,0,0,40324,703232,0.083643,18968,216892,0.025797,40484,920124,0.10944,8407551
2,2021-02-06,38831,1174954,18168,598871,20663,576083,0,0,31243,727043,0.086475,7518,224410,0.026691,31329,951453,0.113166,8407551
2,2021-02-07,15936,1190890,10678,609549,5258,581341,0,0,12121,735436,0.087473,3794,228204,0.027143,12187,963640,0.114616,8407551
2,2021-02-08,43293,1234183,22383,631932,20910,602251,0,0,29875,752225,0.08947,13281,241485,0.028722,30070,993710,0.118193,8407551
2,2021-02-09,49216,1283399,23490,655422,25726,627977,0,0,30678,764935,0.090982,18285,259770,0.030897,30995,1024705,0.121879,8407551
2,2021-02-10,59306,1342705,28078,683500,31228,659205,0,0,34617,775488,0.092237,24414,284184,0.033801,34967,1059672,0.126038,8407551
2,2021-02-11,63867,1406572,29676,713176,34191,693396,0,0,36048,784456,0.093304,27566,311750,0.03708,36534,1096206,0.130384,8407551
2,2021-02-12,64788,1471360,28053,741229,36735,730131,0,0,34562,789710,0.093929,29955,341705,0.040643,35209,1131415,0.134571,8407551
2,2021-02-13,37468,1508828,15733,756962,21735,751866,0,0,21730,796156,0.094695,15660,357365,0.042505,22106,1153521,0.137201,8407551
2,2021-02-14,19906,1528734,9325,766287,10581,762447,0,0,11215,799076,0.095043,8652,366017,0.043534,11572,1165093,0.138577,8407551
2,2021-02-15,32959,1561693,14913,781200,18046,780493,0,0,18325,803729,0.095596,14522,380539,0.045262,19175,1184268,0.140858,8407551
2,2021-02-16,55877,1617570,27641,808841,28236,808729,0,0,29477,807555,0.096051,26318,406857,0.048392,30144,1214412,0.144443,8407551
2,2021-02-17,61134,1678704,31649,840490,29485,838214,0,0,30441,808172,0.096125,30640,437497,0.052036,31257,1245669,0.148161,8407551
2,2021-02-18,65693,1744397,33393,873883,32300,870514,0,0,32070,807955,0.096099,33417,470914,0.056011,33200,1278869,0.15211,8407551
2,2021-02-19,58761,1803158,32773,906656,25988,896502,0,0,29232,808388,0.09615,29389,500303,0.059506,29822,1308691,0.155657,8407551
2,2021-02-20,36993,1840151,24187,930843,12806,909308,0,0,20130,812404,0.096628,16787,517090,0.061503,20803,1329494,0.158131,8407551
2,2021-02-21,20617,1860768,17176,948019,3441,912749,0,0,9905,812462,0.096635,10645,527735,0.062769,10703,1340197,0.159404,8407551
2,2021-02-22,37219,1897987,25585,973604,11634,924383,0,0,17828,811654,0.096539,19308,547043,0.065066,18500,1358697,0.161604,8407551
2,2021-02-23,51351,1949338,26383,999987,24968,949351,0,0,22673,807715,0.09607,28504,575547,0.068456,24565,1383262,0.164526,8407551
2,2021-02-24,68089,2017427,35129,1035116,32960,982311,0,0,31454,805026,0.09575,36502,612049,0.072798,33813,1417075,0.168548,8407551
2,2021-02-25,73557,2090984,34638,1069754,38919,1021230,0,0,37617,809699,0.096306,35744,647793,0.077049,40417,1457492,0.173355,8407551
2,2021-02-26,81655,2172639,34926,1104680,46729,1067959,0,0,44441,819347,0.097454,36976,684769,0.081447,46624,1504116,0.178901,8407551
2,2021-02-27,59659,2232298,27677,1132357,31978,1099937,4,4,32513,826233,0.098273,26960,711729,0.084654,33846,1537962,0.182926,8407551
2,2021-02-28,28954,2261252,17388,1149745,11565,1111502,1,5,16883,831954,0.098953,11986,723715,0.086079,17707,1555669,0.185032,8407551
2,2021-03-01,55877,2317129,29587,1179332,26267,1137769,23,28,30499,838494,0.099731,25164,748879,0.089072,31704,1587373,0.188803,8407551
2,2021-03-02,67404,2384533,32587,1211919,34812,1172581,5,33,38258,850060,0.101107,29031,777910,0.092525,40597,1627970,0.193632,8407551
2,2021-03-03,78697,2463230,38191,1250110,40496,1213077,10,43,44476,863032,0.10265,34059,811969,0.096576,47031,1675001,0.199226,8407551
2,2021-03-04,86677,2549907,42943,1293053,43707,1256784,27,70,50134,879196,0.104572,36366,848335,0.100902,52530,1727531,0.205474,8407551
2,2021-03-05,80143,2630050,38163,1331216,41681,1298465,299,369,49370,900620,0.10712,30598,878933,0.104541,52022,1779553,0.211661,8407551
2,2021-03-06,61900,2691950,30404,1361620,29833,1328298,1663,2032,38070,918058,0.109194,23730,902663,0.107363,41168,1820721,0.216558,8407551
2,2021-03-07,27447,2719397,16121,1377741,10378,1338676,948,2980,17712,928151,0.110395,9678,912341,0.108514,19771,1840492,0.218909,8407551
2,2021-03-08,49506,2768903,22854,1400595,24219,1362895,2433,5413,31388,945586,0.112469,18031,930372,0.110659,35466,1875958,0.223128,8407551
2,2021-03-09,69197,2838100,31756,1432351,33675,1396570,3766,9179,38640,958896,0.114052,30451,960823,0.114281,43761,1919719,0.228333,8407551
2,2021-03-10,76988,2915088,36659,1469010,33803,1430373,6526,15705,41111,972172,0.115631,35712,996535,0.118529,48988,1968707,0.234159,8407551
2,2021-03-11,91869,3006957,42427,1511437,41111,1471484,8331,24036,48332,986961,0.11739,43285,1039820,0.123677,58074,2026781,0.241067,8407551
2,2021-03-12,92619,3099576,38299,1549736,42361,1513845,11959,35995,46574,1001026,0.119063,45856,1085676,0.129131,59921,2086702,0.248194,8407551
2,2021-03-13,67927,3167503,28746,1578482,31284,1545129,7897,43892,37517,1017439,0.121015,30300,1115976,0.132735,46713,2133415,0.25375,8407551
2,2021-03-14,36436,3203939,18216,1596698,13733,1558862,4487,48379,18692,1023713,0.121761,17665,1133641,0.134836,23939,2157354,0.256597,8407551
2,2021-03-15,66658,3270597,30181,1626879,31496,1590358,4981,53360,37033,1037379,0.123387,29452,1163093,0.138339,43118,2200472,0.261726,8407551
2,2021-03-16,85529,3356126,37897,1664776,43660,1634018,3972,57332,52224,1061544,0.126261,33160,1196253,0.142283,57325,2257797,0.268544,8407551
2,2021-03-17,91559,3447685,43916,1708692,43523,1677541,4120,61452,58471,1092109,0.129896,32877,1229130,0.146194,63442,2321239,0.27609,8407551
2,2021-03-18,96802,3544487,46264,1754956,46084,1723625,4454,65906,59764,1120114,0.133227,36779,1265909,0.150568,64784,2386023,0.283795,8407551
2,2021-03-19,96566,3641053,45696,1800652,44786,1768411,6084,71990,57997,1146385,0.136352,38326,1304235,0.155127,64597,2450620,0.291478,8407551
2,2021-03-20,69020,3710073,33333,1833985,31790,1800201,3897,75887,45567,1172947,0.139511,23256,1327491,0.157893,49818,2500438,0.297404,8407551
2,2021-03-21,32917,3742990,21301,1855286,9647,1809848,1969,77856,20799,1184116,0.14084,12021,1339512,0.159322,23190,2523628,0.300162,8407551
2,2021-03-22,62168,3805158,34175,1889461,25361,1835209,2632,80488,41722,1209102,0.143811,20257,1359769,0.161732,45243,2568871,0.305543,8407551
2,2021-03-23,82964,3888122,44099,1933560,35986,1871195,2879,83367,52383,1234855,0.146875,30348,1390117,0.165341,56101,2624972,0.312216,8407551
2,2021-03-24,90861,3978983,49063,1982623,38678,1909873,3120,86487,54003,1256217,0.149415,36588,1426705,0.169693,57950,2682922,0.319109,8407551
2,2021-03-25,100472,4079455,50741,2033364,45873,1955746,3858,90345,57461,1275577,0.151718,42726,1469431,0.174775,62086,2745008,0.326493,8407551
2,2021-03-26,102620,4182075,51119,2084483,48041,2003787,3460,93805,56716,1291222,0.153579,45586,1515017,0.180197,61231,2806239,0.333776,8407551
2,2021-03-27,74683,4256758,37385,2121868,34004,2037791,3294,97099,37977,1296853,0.154249,36502,1551519,0.184539,42133,2848372,0.338787,8407551
2,2021-03-28,37327,4294085,23051,2144919,13474,2051265,802,97901,20414,1301992,0.15486,16808,1568327,0.186538,21947,2870319,0.341398,8407551
2,2021-03-29,70658,4364743,36127,2181046,32298,2083563,2233,100134,40695,1316003,0.156526,29807,1598134,0.190083,43818,2914137,0.346609,8407551
2,2021-03-30,91226,4455969,44784,2225830,42135,2125698,4307,104441,51635,1333137,0.158564,39416,1637550,0.194771,56550,2970687,0.353336,8407551
2,2021-03-31,100541,4556510,51946,2277776,43537,2169235,5058,109499,57767,1353785,0.16102,42527,1680077,0.19983,63175,3033862,0.36085,8407551
2,2021-04-01,116403,4672913,56339,2334115,50996,2220231,9068,118567,63895,1374974,0.16354,52220,1732297,0.206041,73409,3107271,0.369581,8407551
2,2021-04-02,110566,4783479,51047,2385162,49489,2269720,10030,128597,59856,1394959,0.165917,50392,1782689,0.212034,70377,3177648,0.377952,8407551
2,2021-04-03,76114,4859593,37350,2422512,29050,2298770,9714,138311,37918,1404977,0.167109,38021,1820710,0.216557,48039,3225687,0.383665,8407551
2,2021-04-04,28935,4888528,14870,2437382,10231,2309001,3834,142145,13117,1406230,0.167258,15743,1836453,0.218429,16996,3242683,0.385687,8407551
2,2021-04-05,78355,4966883,38498,2475880,31217,2340218,8640,150785,38300,1414024,0.168185,39922,1876375,0.223177,47716,3290399,0.391362,8407551
2,2021-04-06,102911,5069794,50173,2526053,38154,2378372,14584,165369,49059,1424477,0.169428,53628,1930003,0.229556,64081,3354480,0.398984,8407551
2,2021-04-07,109217,5179011,54602,2580655,38563,2416935,16052,181421,51753,1435377,0.170725,57216,1987219,0.236361,68116,3422596,0.407086,8407551
2,2021-04-08,117609,5296620,56601,2637256,42556,2459491,18452,199873,54774,1446654,0.172066,62566,2049785,0.243803,73843,3496439,0.415869,8407551
2,2021-04-09,116883,5413503,56299,2693555,42740,2502231,17844,217717,55459,1459728,0.173621,61121,2110906,0.251073,74195,3570634,0.424694,8407551
2,2021-04-10,85551,5499054,37140,2730695,30530,2532761,17881,235598,35567,1464097,0.174141,49766,2160672,0.256992,54135,3624769,0.431133,8407551
2,2021-04-11,43878,5542932,22713,2753408,12668,2545429,8497,244095,17920,1465403,0.174296,25836,2186508,0.260065,27142,3651911,0.434361,8407551
2,2021-04-12,78847,5621779,36745,2790153,32859,2578288,9243,253338,35362,1467746,0.174575,43256,2229764,0.26521,45599,3697510,0.439784,8407551
2,2021-04-13,100487,5722266,52077,2842230,48160,2626448,250,253588,55198,1478989,0.175912,45086,2274850,0.270572,56329,3753839,0.446484,8407551
2,2021-04-14,105038,5827304,55122,2897352,49868,2676316,48,253636,54089,1483834,0.176488,50707,2325557,0.276603,55552,3809391,0.453092,8407551
2,2021-04-15,111601,5938905,59459,2956811,52077,2728393,65,253701,58711,1491080,0.17735,52563,2378120,0.282855,59809,3869200,0.460205,8407551
2,2021-04-16,108948,6047853,56671,3013482,52227,2780620,50,253751,55518,1494324,0.177736,53156,2431276,0.289178,56400,3925600,0.466914,8407551
2,2021-04-17,81663,6129516,41532,3055014,40117,2820737,14,253765,45954,1505629,0.179081,35513,2466789,0.293402,46818,3972418,0.472482,8407551
2,2021-04-18,33907,6163423,20281,3075295,13621,2834358,5,253770,16218,1505229,0.179033,17586,2484375,0.295493,17186,3989604,0.474526,8407551
2,2021-04-19,73464,6236887,39680,3114975,33773,2868131,11,253781,33672,1499951,0.178405,39573,2523948,0.3002,34295,4023899,0.478605,8407551
2,2021-04-20,94604,6331491,47293,3162268,47288,2915419,23,253804,46193,1498753,0.178263,48140,2572088,0.305926,46942,4070841,0.484189,8407551
2,2021-04-21,98827,6430318,52572,3214840,46202,2961621,53,253857,46822,1494831,0.177796,51665,2623753,0.312071,47743,4118584,0.489867,8407551
2,2021-04-22,105039,6535357,53844,3268684,51176,3012797,19,253876,46121,1483246,0.176418,58591,2682344,0.31904,47006,4165590,0.495458,8407551
2,2021-04-23,104373,6639730,55128,3323812,49229,3062026,16,253892,48346,1476822,0.175654,55684,2738028,0.325663,49260,4214850,0.501317,8407551
2,2021-04-24,78771,6718501,46696,3370508,32037,3094063,38,253930,41244,1481775,0.176243,37238,2775266,0.330092,42191,4257041,0.506335,8407551
2,2021-04-25,35905,6754406,22258,3392766,13633,3107696,14,253944,19661,1485775,0.176719,16129,2791395,0.33201,20129,4277170,0.50873,8407551
2,2021-04-26,67694,6822100,37808,3430574,29597,3137293,289,254233,30984,1481936,0.176263,36500,2827895,0.336352,32661,4309831,0.512614,8407551
2,2021-04-27,82144,6904244,43327,3473901,37684,3174977,1133,255366,35300,1472919,0.17519,46616,2874511,0.341896,37599,4347430,0.517086,8407551
2,2021-04-28,84721,6988965,44857,3518758,38025,3213002,1839,257205,37119,1465418,0.174298,47346,2921857,0.347528,39845,4387275,0.521826,8407551
2,2021-04-29,87175,7076140,47035,3565793,38476,3251478,1664,258869,33518,1447821,0.172205,53367,2975224,0.353875,35770,4423045,0.52608,8407551
2,2021-04-30,91342,7167482,50351,3616144,39057,3290535,1934,260803,35277,1429921,0.170076,55741,3030965,0.360505,37841,4460886,0.530581,8407551
2,2021-05-01,60453,7227935,36852,3652996,22063,3312598,1538,262341,23831,1419717,0.168862,36410,3067375,0.364836,26206,4487092,0.533698,8407551
2,2021-05-02,28755,7256690,19857,3672853,7929,3320527,969,263310,11078,1414280,0.168215,17573,3084948,0.366926,12136,4499228,0.535141,8407551
2,2021-05-03,59117,7315807,35134,3707987,21957,3342484,2026,265336,19823,1397282,0.166194,39100,3124048,0.371576,22102,4521330,0.53777,8407551
2,2021-05-04,77338,7393145,45871,3753858,29136,3371620,2331,267667,25207,1373318,0.163343,51889,3175937,0.377748,27925,4549255,0.541092,8407551
2,2021-05-05,77582,7470727,45901,3799759,29373,3400993,2308,269975,24292,1347271,0.160245,52981,3228918,0.38405,26934,4576189,0.544295,8407551
2,2021-05-06,79788,7550515,47997,3847756,28930,3429923,2861,272836,24510,1320389,0.157048,54877,3283795,0.390577,27995,4604184,0.547625,8407551
2,2021-05-07,80655,7631170,46467,3894223,31796,3461719,2392,275228,24968,1292809,0.153768,55386,3339181,0.397165,27806,4631990,0.550932,8407551
2,2021-05-08,52774,7683944,31894,3926117,19233,3480952,1647,276875,16582,1275766,0.151741,35954,3375135,0.401441,18911,4650901,0.553181,8407551
2,2021-05-09,21149,7705093,15134,3941251,5275,3486227,740,277615,6339,1268375,0.150861,14691,3389826,0.403188,7300,4658201,0.55405,8407551
2,2021-05-10,48364,7753457,26252,3967503,20298,3506525,1814,279429,13866,1250354,0.148718,34285,3424111,0.407266,16264,4674465,0.555984,8407551
2,2021-05-11,61764,7815221,32854,4000357,26943,3533468,1967,281396,18648,1228735,0.146147,42879,3466990,0.412366,21260,4695725,0.558513,8407551
2,2021-05-12,60175,7875396,31756,4032113,26412,3559880,2007,283403,18030,1207221,0.143588,41911,3508901,0.417351,20397,4716122,0.560939,8407551
2,2021-05-13,64029,7939425,37149,4069262,25037,3584917,1843,285246,23448,1192839,0.141877,40349,3549250,0.42215,25967,4742089,0.564027,8407551
2,2021-05-14,76299,8015724,45679,4114941,28538,3613455,2082,287328,29767,1179097,0.140243,46228,3595478,0.427649,32486,4774575,0.567891,8407551
2,2021-05-15,63812,8079536,42110,4157051,20150,3633605,1552,288880,24790,1166996,0.138803,38809,3634287,0.432265,26708,4801283,0.571068,8407551
2,2021-05-16,29502,8109038,22228,4179279,6365,3639970,909,289789,12231,1163091,0.138339,17171,3651458,0.434307,13266,4814549,0.572646,8407551
2,2021-05-17,56353,8165391,35913,4215192,18559,3658529,1881,291670,23650,1156458,0.13755,32519,3683977,0.438175,25886,4840435,0.575725,8407551
2,2021-05-18,68190,8233581,40078,4255270,26191,3684720,1921,293591,28537,1148044,0.136549,39411,3723388,0.442862,30997,4871432,0.579412,8407551
2,2021-05-19,66956,8300537,39927,4295197,25146,3709866,1883,295474,27861,1139441,0.135526,38825,3762213,0.44748,30222,4901654,0.583006,8407551
2,2021-05-20,56318,8356855,32582,4327779,21883,3731749,1853,297327,22296,1130295,0.134438,33807,3796020,0.451501,24661,4926315,0.585939,8407551
2,2021-05-21,58795,8415650,35001,4362780,21974,3753723,1820,299147,23453,1120887,0.133319,35132,3831152,0.45568,25724,4952039,0.588999,8407551
2,2021-05-22,41396,8457046,26740,4389520,13193,3766916,1463,300610,17930,1117379,0.132902,23337,3854489,0.458456,19829,4971868,0.591357,8407551
2,2021-05-23,12199,8469245,8610,4398130,3222,3770138,367,300977,4733,1115101,0.132631,7420,3861909,0.459338,5142,4977010,0.591969,8407551
3,2020-12-15,303,303,303,303,0,0,0,0,303,303,3.7e-05,0,0,0.0,303,303,3.7e-05,8129050
3,2020-12-16,2295,2598,2295,2598,0,0,0,0,2296,2599,0.00032,0,0,0.0,2296,2599,0.00032,8129050
3,2020-12-17,7639,10237,7639,10237,0,0,0,0,7639,10238,0.001259,0,0,0.0,7639,10238,0.001259,8129050
3,2020-12-18,13051,23288,13038,23275,13,13,0,0,13051,23289,0.002865,0,0,0.0,13051,23289,0.002865,8129050
3,2020-12-19,7190,30478,7179,30454,11,24,0,0,7254,30543,0.003757,0,0,0.0,7254,30543,0.003757,8129050
3,2020-12-20,5628,36106,5621,36075,7,31,0,0,5675,36217,0.004455,1,1,0.0,5675,36218,0.004455,8129050
3,2020-12-21,14283,50389,14259,50334,24,55,0,0,14347,50563,0.00622,1,2,0.0,14347,50565,0.00622,8129050
3,2020-12-22,14698,65087,14124,64458,574,629,0,0,14737,65300,0.008033,0,2,0.0,14737,65302,0.008033,8129050
3,2020-12-23,14713,79800,12120,76578,2593,3222,0,0,14739,80039,0.009846,0,2,0.0,14739,80041,0.009846,8129050
3,2020-12-24,6772,86572,4859,81437,1913,5135,0,0,6770,86808,0.010679,1,3,0.0,6770,86811,0.010679,8129050
3,2020-12-25,721,87293,665,82102,56,5191,0,0,720,87528,0.010767,0,3,0.0,720,87531,0.010768,8129050
3,2020-12-26,4602,91895,2987,85089,1615,6806,0,0,4600,92128,0.011333,0,3,0.0,4600,92131,0.011334,8129050
3,2020-12-27,2955,94850,1837,86926,1118,7924,0,0,2956,95084,0.011697,0,3,0.0,2956,95087,0.011697,8129050
3,2020-12-28,13517,108367,8653,95579,4864,12788,0,0,13545,108628,0.013363,1,4,0.0,13545,108632,0.013363,8129050
3,2020-12-29,14913,123280,8416,103995,6497,19285,0,0,14941,123567,0.015201,2,6,1e-06,14941,123573,0.015201,8129050
3,2020-12-30,17942,141222,9983,113978,7959,27244,0,0,17929,141496,0.017406,0,6,1e-06,17929,141502,0.017407,8129050
3,2020-12-31,8373,149595,3211,117189,5162,32406,0,0,8373,149868,0.018436,1,7,1e-06,8373,149875,0.018437,8129050
3,2021-01-01,1195,150790,549,117738,646,33052,0,0,1192,151060,0.018583,0,7,1e-06,1192,151067,0.018584,8129050
3,2021-01-02,4935,155725,2418,120156,2517,35569,0,0,4935,155995,0.01919,0,7,1e-06,4935,156002,0.019191,8129050
3,2021-01-03,1597,157322,839,120995,758,36327,0,0,1588,157579,0.019385,4,11,1e-06,1588,157590,0.019386,8129050
3,2021-01-04,11958,169280,5977,126972,5981,42308,0,0,11931,169503,0.020852,7,18,2e-06,11931,169521,0.020854,8129050
3,2021-01-05,15609,184889,8069,135041,7540,49848,0,0,14008,181949,0.022383,1587,1605,0.000197,14033,183554,0.02258,8129050
3,2021-01-06,20463,205352,10784,145825,9679,59527,0,0,16054,193641,0.023821,4369,5974,0.000735,16061,199615,0.024556,8129050
3,2021-01-07,26349,231701,15035,160860,11314,70841,0,0,17161,201657,0.024807,9159,15133,0.001862,17175,216790,0.026669,8129050
3,2021-01-08,30241,261942,18465,179325,11776,82617,0,0,18076,207610,0.025539,12144,27277,0.003355,18097,234887,0.028895,8129050
3,2021-01-09,12337,274279,6963,186288,5374,87991,0,0,7851,210989,0.025955,4480,31757,0.003907,7859,242746,0.029862,8129050
3,2021-01-10,7157,281436,4460,190748,2697,90688,0,0,4018,211874,0.026064,3137,34894,0.004293,4022,246768,0.030356,8129050
3,2021-01-11,28789,310225,18856,209604,9933,100621,0,0,16283,215699,0.026534,12501,47395,0.00583,16326,263094,0.032365,8129050
3,2021-01-12,32156,342381,19245,228849,12911,113532,0,0,19769,223182,0.027455,12371,59766,0.007352,19854,282948,0.034807,8129050
3,2021-01-13,34252,376633,17887,246736,16365,129897,0,0,24173,237293,0.029191,10080,69846,0.008592,24191,307139,0.037783,8129050
3,2021-01-14,34434,411067,14159,260895,20275,150172,0,0,28564,260054,0.031991,5837,75683,0.00931,28598,335737,0.041301,8129050
3,2021-01-15,38604,449671,14344,275239,24260,174432,0,0,34000,289521,0.035616,4594,80277,0.009875,34061,369798,0.045491,8129050
3,2021-01-16,21710,471381,7576,282815,14134,188566,0,0,19402,306650,0.037723,2294,82571,0.010158,19423,389221,0.04788,8129050
3,2021-01-17,13046,484427,4400,287215,8646,197212,0,0,12022,317668,0.039078,1023,83594,0.010283,12041,401262,0.049361,8129050
3,2021-01-18,24614,509041,12844,300059,11770,208982,0,0,19091,331262,0.04075,5541,89135,0.010965,19135,420397,0.051715,8129050
3,2021-01-19,40735,549776,20829,320888,19906,228888,0,0,31708,354048,0.043553,9002,98137,0.012072,31788,452185,0.055626,8129050
3,2021-01-20,44791,594567,22041,342929,22750,251638,0,0,35528,380432,0.046799,9220,107357,0.013207,35604,487789,0.060006,8129050
3,2021-01-21,47385,641952,20509,363438,26876,278514,0,0,41970,417122,0.051313,5343,112700,0.013864,42033,529822,0.065176,8129050
3,2021-01-22,49335,691287,19676,383114,29659,308173,0,0,45226,458295,0.056377,4115,116815,0.01437,45288,575110,0.070748,8129050
3,2021-01-23,30008,721295,12731,395845,17277,325450,0,0,26751,481845,0.059274,3247,120062,0.014769,26797,601907,0.074044,8129050
3,2021-01-24,17605,738900,8478,404323,9127,334577,0,0,16461,497190,0.061162,1142,121204,0.01491,16487,618394,0.076072,8129050
3,2021-01-25,40406,779306,18116,422439,22290,356867,0,0,30537,517959,0.063717,9851,131055,0.016122,30620,649014,0.079839,8129050
3,2021-01-26,46684,825990,22366,444805,24318,381185,0,0,36717,544821,0.067021,9957,141012,0.017347,36819,685833,0.084368,8129050
3,2021-01-27,50273,876263,24311,469116,25962,407147,0,0,39839,574368,0.070656,10367,151379,0.018622,39914,725747,0.089278,8129050
3,2021-01-28,51309,927572,23814,492930,27495,434642,0,0,42484,608155,0.074813,8744,160123,0.019698,42531,768278,0.09451,8129050
3,2021-01-29,50285,977857,24240,517170,26045,460687,0,0,40788,639678,0.07869,9310,169433,0.020843,40833,809111,0.099533,8129050
3,2021-01-30,36787,1014644,17553,534723,19234,479921,0,0,32110,667242,0.082081,4625,174058,0.021412,32189,841300,0.103493,8129050
3,2021-01-31,22024,1036668,12635,547358,9389,489310,0,0,20697,686639,0.084467,1317,175375,0.021574,20714,862014,0.106041,8129050
3,2021-02-01,45453,1082121,20809,568167,24644,513954,0,0,34770,710802,0.08744,10642,186017,0.022883,34805,896819,0.110323,8129050
3,2021-02-02,53755,1135876,22383,590550,31372,545326,0,0,41456,740090,0.091043,12217,198234,0.024386,41505,938324,0.115428,8129050
3,2021-02-03,59640,1195516,26620,617170,33020,578346,0,0,44375,769425,0.094651,15108,213342,0.026244,44443,982767,0.120896,8129050
3,2021-02-04,63936,1259452,27798,644968,36138,614484,0,0,46953,799683,0.098373,16799,230141,0.028311,47057,1029824,0.126684,8129050
3,2021-02-05,69718,1329170,29663,674631,40055,654539,0,0,48240,826818,0.101712,21265,251406,0.030927,48400,1078224,0.132638,8129050
3,2021-02-06,43412,1372582,21128,695759,22284,676823,0,0,33720,851055,0.104693,9662,261068,0.032115,33899,1112123,0.136808,8129050
3,2021-02-07,19431,1392013,12313,708072,7118,683941,0,0,14966,861694,0.106002,4453,265521,0.032663,15092,1127215,0.138665,8129050
3,2021-02-08,50805,1442818,24529,732601,26276,710217,0,0,33366,877908,0.107996,17335,282856,0.034796,33549,1160764,0.142792,8129050
3,2021-02-09,58140,1500958,28311,760912,29829,740046,0,0,34171,888623,0.109314,23800,306656,0.037723,34515,1195279,0.147038,8129050
3,2021-02-10,67420,1568378,31362,792274,36058,776104,0,0,36616,895183,0.110121,30583,337239,0.041486,37143,1232422,0.151607,8129050
3,2021-02-11,70121,1638499,34620,826894,35501,811605,0,0,37615,901158,0.110856,32169,369408,0.045443,38144,1270566,0.156299,8129050
3,2021-02-12,74772,1713271,32409,859303,42363,853968,0,0,41419,910264,0.111977,33070,402478,0.049511,42176,1312742,0.161488,8129050
3,2021-02-13,44549,1757820,20248,879551,24301,878269,0,0,25744,917879,0.112913,18709,421187,0.051813,26324,1339066,0.164726,8129050
3,2021-02-14,27042,1784862,13502,893053,13540,891809,0,0,15119,921568,0.113367,11878,433065,0.053274,15567,1354633,0.166641,8129050
3,2021-02-15,39729,1824591,17120,910173,22609,914418,0,0,22046,926948,0.114029,17600,450665,0.055439,22980,1377613,0.169468,8129050
3,2021-02-16,69443,1894034,32849,943022,36594,951012,0,0,36230,931115,0.114542,33087,483752,0.059509,37254,1414867,0.174051,8129050
3,2021-02-17,71155,1965189,36007,979029,35148,986160,0,0,33978,929195,0.114305,36969,520721,0.064057,35049,1449916,0.178362,8129050
3,2021-02-18,76205,2041394,39795,1018824,36410,1022570,0,0,35415,925295,0.113826,40653,561374,0.069058,36753,1486669,0.182883,8129050
3,2021-02-19,67932,2109326,39182,1058006,28750,1051320,0,0,34453,927052,0.114042,33384,594758,0.073165,35141,1521810,0.187206,8129050
3,2021-02-20,41563,2150889,26339,1084345,15224,1066544,0,0,22062,930189,0.114428,19418,614176,0.075553,22555,1544365,0.189981,8129050
3,2021-02-21,22392,2173281,18632,1102977,3760,1070304,0,0,10714,929663,0.114363,11617,625793,0.076982,11091,1555456,0.191345,8129050
3,2021-02-22,44834,2218115,29236,1132213,15598,1085902,0,0,21273,927930,0.11415,23486,649279,0.079871,21753,1577209,0.194021,8129050
3,2021-02-23,60289,2278404,32959,1165172,27330,1113232,0,0,26722,923204,0.113568,33430,682709,0.083984,28704,1605913,0.197552,8129050
3,2021-02-24,76177,2354581,37306,1202478,38871,1152103,0,0,34185,918053,0.112935,41836,724545,0.08913,36685,1642598,0.202065,8129050
3,2021-02-25,85122,2439703,41379,1243857,43743,1195846,0,0,42863,921451,0.113353,42042,766587,0.094302,45440,1688038,0.207655,8129050
3,2021-02-26,95461,2535164,43514,1287371,51947,1247793,0,0,51132,930767,0.114499,44011,810598,0.099716,53327,1741365,0.214215,8129050
3,2021-02-27,67488,2602652,31112,1318483,36373,1284166,3,3,35879,936511,0.115205,31438,842036,0.103584,37182,1778547,0.218789,8129050
3,2021-02-28,37637,2640289,21873,1340356,15763,1299929,1,4,19533,939031,0.115515,17962,859998,0.105793,20482,1799029,0.221309,8129050
3,2021-03-01,65720,2706009,35000,1375356,30705,1330634,15,19,36786,948377,0.116665,28784,888782,0.109334,38130,1837159,0.225999,8129050
3,2021-03-02,77396,2783405,38351,1413707,39041,1369675,4,23,45448,964057,0.118594,31833,920615,0.11325,47513,1884672,0.231844,8129050
3,2021-03-03,87679,2871084,41949,1455656,45716,1415391,14,37,49079,976974,0.120183,38428,959043,0.117977,51345,1936017,0.23816,8129050
3,2021-03-04,92220,2963304,45402,1501058,46803,1462194,15,52,52577,992372,0.122077,39459,998502,0.122831,54857,1990874,0.244909,8129050
3,2021-03-05,88763,3052067,43715,1544773,44758,1506952,290,342,54370,1015069,0.124869,34182,1032684,0.127036,56879,2047753,0.251906,8129050
3,2021-03-06,64502,3116569,32705,1577478,29661,1536613,2136,2478,37041,1028383,0.126507,27333,1060017,0.130399,40647,2088400,0.256906,8129050
3,2021-03-07,37237,3153806,22272,1599750,13856,1550469,1109,3587,21504,1036477,0.127503,15682,1075699,0.132328,23776,2112176,0.259831,8129050
3,2021-03-08,58431,3212237,27981,1627731,27630,1578099,2820,6407,37198,1056941,0.13002,21103,1096802,0.134924,41567,2153743,0.264944,8129050
3,2021-03-09,75927,3288164,35333,1663064,36257,1614356,4337,10744,41083,1068804,0.13148,34736,1131538,0.139197,46599,2200342,0.270676,8129050
3,2021-03-10,81981,3370145,41142,1704206,34815,1649171,6024,16768,43006,1080435,0.13291,38803,1170341,0.14397,50434,2250776,0.276881,8129050
3,2021-03-11,96015,3466160,46969,1751175,40531,1689702,8515,25283,47296,1088860,0.133947,48498,1218839,0.149936,56923,2307699,0.283883,8129050
3,2021-03-12,101068,3567228,45159,1796334,44068,1733770,11841,37124,46607,1094170,0.1346,54285,1273124,0.156614,59595,2367294,0.291214,8129050
3,2021-03-13,69206,3636434,29548,1825882,32460,1766230,7198,44322,36476,1106600,0.136129,32628,1305752,0.160628,45058,2412352,0.296757,8129050
3,2021-03-14,40615,3677049,21495,1847377,15608,1781838,3512,47834,20879,1111951,0.136787,19676,1325428,0.163048,25027,2437379,0.299836,8129050
3,2021-03-15,74907,3751956,35636,1883013,34754,1816592,4517,52351,39732,1122194,0.138047,35014,1360442,0.167356,45257,2482636,0.305403,8129050
3,2021-03-16,94307,3846263,43529,1926542,46490,1863082,4288,56639,53436,1140154,0.140257,40690,1401132,0.172361,58650,2541286,0.312618,8129050
3,2021-03-17,96948,3943211,47148,1973690,45357,1908439,4443,61082,59322,1167163,0.143579,37429,1438561,0.176965,64438,2605724,0.320545,8129050
3,2021-03-18,102209,4045420,51991,2025681,45821,1954260,4397,65479,59541,1189215,0.146292,42442,1481003,0.182186,64494,2670218,0.328478,8129050
3,2021-03-19,102225,4147645,54850,2080531,42964,1997224,4411,69890,57977,1208131,0.148619,44016,1525019,0.187601,62932,2733150,0.33622,8129050
3,2021-03-20,70926,4218571,36624,2117155,30719,2027943,3583,73473,44293,1230034,0.151313,26474,1551493,0.190858,48377,2781527,0.342171,8129050
3,2021-03-21,35756,4254327,24401,2141556,9868,2037811,1487,74960,23119,1242546,0.152853,12564,1564057,0.192403,25076,2806603,0.345256,8129050
3,2021-03-22,69764,4324091,41051,2182607,26210,2064021,2503,77463,45250,1266983,0.155859,24329,1588386,0.195396,48766,2855369,0.351255,8129050
3,2021-03-23,88954,4413045,49135,2231742,37319,2101340,2500,79963,55128,1291716,0.158901,33600,1621986,0.19953,58333,2913702,0.358431,8129050
3,2021-03-24,97971,4511016,56523,2288265,38602,2139942,2846,82809,56621,1310739,0.161241,41053,1663039,0.20458,60076,2973778,0.365821,8129050
3,2021-03-25,106487,4617503,59379,2347644,44196,2184138,2912,85721,60734,1329559,0.163557,45475,1708514,0.210174,64295,3038073,0.37373,8129050
3,2021-03-26,109691,4727194,59007,2406651,47446,2231584,3238,88959,57445,1339107,0.164731,51981,1760495,0.216568,61529,3099602,0.381299,8129050
3,2021-03-27,73739,4800933,37557,2444208,33647,2265231,2535,91494,36422,1341604,0.165038,37136,1797631,0.221137,39633,3139235,0.386175,8129050
3,2021-03-28,43854,4844787,27749,2471957,15300,2280531,805,92299,22725,1344600,0.165407,21033,1818664,0.223724,24029,3163264,0.389131,8129050
3,2021-03-29,80009,4924796,41929,2513886,36252,2316783,1828,94127,44543,1356506,0.166871,35264,1853928,0.228062,47170,3210434,0.394933,8129050
3,2021-03-30,99284,5024080,48975,2562861,46706,2363489,3603,97730,55956,1373555,0.168969,43113,1897041,0.233366,60162,3270596,0.402334,8129050
3,2021-03-31,104328,5128408,56448,2619309,43088,2406577,4792,102522,56357,1387239,0.170652,47798,1944839,0.239246,61482,3332078,0.409898,8129050
3,2021-04-01,122458,5250866,62126,2681435,50747,2457324,9585,112107,66666,1408339,0.173248,55507,2000346,0.246074,76607,3408685,0.419321,8129050
3,2021-04-02,116894,5367760,57112,2738547,49593,2506917,10189,122296,62128,1426643,0.175499,54537,2054883,0.252783,72841,3481526,0.428282,8129050
3,2021-04-03,75572,5443332,38641,2777188,27773,2534690,9158,131454,37795,1436277,0.176684,37664,2092547,0.257416,47298,3528824,0.4341,8129050
3,2021-04-04,32262,5475594,17249,2794437,10835,2545525,4178,135632,14229,1436758,0.176744,17967,2110514,0.259626,18448,3547272,0.43637,8129050
3,2021-04-05,88339,5563933,44946,2839383,34424,2579949,8969,144601,43497,1445390,0.177806,44673,2155187,0.265122,53305,3600577,0.442927,8129050
3,2021-04-06,112332,5676265,54805,2894188,42508,2622457,15019,159620,53132,1455311,0.179026,58972,2214159,0.272376,68893,3669470,0.451402,8129050
3,2021-04-07,115085,5791350,59859,2954047,39120,2661577,16106,175726,55982,1468804,0.180686,58898,2273057,0.279621,72391,3741861,0.460307,8129050
3,2021-04-08,119942,5911292,60006,3014053,40120,2701697,19816,195542,55874,1481465,0.182243,63823,2336880,0.287473,76484,3818345,0.469716,8129050
3,2021-04-09,116706,6027998,58370,3072423,39480,2741177,18856,214398,51429,1487587,0.182996,65081,2401961,0.295479,71203,3889548,0.478475,8129050
3,2021-04-10,82536,6110534,37466,3109889,30052,2771229,15018,229416,33734,1488517,0.183111,48658,2450619,0.301464,49588,3939136,0.484575,8129050
3,2021-04-11,44607,6155141,23982,3133871,12681,2783910,7944,237360,16995,1486758,0.182894,27533,2478152,0.304851,25774,3964910,0.487746,8129050
3,2021-04-12,82871,6238012,41985,3175856,32305,2816215,8581,245941,37849,1489414,0.183221,44843,2522995,0.310368,47499,4012409,0.493589,8129050
3,2021-04-13,104223,6342235,56529,3232385,47487,2863702,207,246148,55223,1496893,0.184141,48820,2571815,0.316373,56299,4068708,0.500515,8129050
3,2021-04-14,105355,6447590,57780,3290165,47484,2911186,91,246239,53050,1499382,0.184447,52070,2623885,0.322779,54559,4123267,0.507226,8129050
3,2021-04-15,117648,6565238,66249,3356414,51343,2962529,56,246295,63339,1509482,0.18569,54079,2677964,0.329431,64179,4187446,0.515121,8129050
3,2021-04-16,113707,6678945,63887,3420301,49730,3012259,90,246385,59602,1515956,0.186486,53870,2731834,0.336058,60344,4247790,0.522544,8129050
3,2021-04-17,77849,6756794,42528,3462829,35309,3047568,12,246397,43447,1526125,0.187737,34239,2766073,0.34027,44408,4292198,0.528007,8129050
3,2021-04-18,36863,6793657,21839,3484668,15021,3062589,3,246400,17354,1524904,0.187587,19433,2785506,0.342661,18212,4310410,0.530248,8129050
3,2021-04-19,77853,6871510,43595,3528263,34207,3096796,51,246451,35248,1518255,0.186769,42475,2827981,0.347886,35826,4346236,0.534655,8129050
3,2021-04-20,97659,6969169,50668,3578931,46978,3143774,13,246464,47668,1517172,0.186636,49801,2877782,0.354012,48718,4394954,0.540648,8129050
3,2021-04-21,100644,7069813,55558,3634489,45024,3188798,62,246526,47651,1513113,0.186137,52730,2930512,0.360499,48671,4443625,0.546635,8129050
3,2021-04-22,108459,7178272,60559,3695048,47879,3236677,21,246547,46879,1499635,0.184479,61313,2991825,0.368041,47835,4491460,0.55252,8129050
3,2021-04-23,102781,7281053,58380,3753428,44379,3281056,22,246569,45082,1488319,0.183086,57411,3049236,0.375104,46095,4537555,0.55819,8129050
3,2021-04-24,72549,7353602,45028,3798456,27463,3308519,58,246627,35473,1487972,0.183044,36840,3086076,0.379636,36493,4574048,0.562679,8129050
3,2021-04-25,36135,7389737,23356,3821812,12765,3321284,14,246641,18678,1489699,0.183256,17348,3103424,0.38177,19075,4593123,0.565026,8129050
3,2021-04-26,67216,7456953,37960,3859772,28876,3350160,380,247021,28664,1481671,0.182269,38357,3141781,0.386488,30329,4623452,0.568757,8129050
3,2021-04-27,84640,7541593,44413,3904185,38819,3388979,1408,248429,33935,1467290,0.1805,50453,3192234,0.392695,36072,4659524,0.573194,8129050
3,2021-04-28,83439,7625032,47027,3951212,34332,3423311,2080,250509,33812,1454301,0.178902,49406,3241640,0.398772,36417,4695941,0.577674,8129050
3,2021-04-29,85315,7710347,48473,3999685,34690,3458001,2152,252661,29842,1431540,0.176102,55226,3296866,0.405566,32465,4728406,0.581668,8129050
3,2021-04-30,87909,7798256,49469,4049154,36003,3494004,2437,255098,32636,1412019,0.1737,55037,3351903,0.412336,35516,4763922,0.586037,8129050
3,2021-05-01,54181,7852437,34265,4083419,18484,3512488,1432,256530,19535,1398959,0.172094,34502,3386405,0.416581,21442,4785364,0.588674,8129050
3,2021-05-02,26483,7878920,18008,4101427,7468,3519956,1007,257537,9778,1393199,0.171385,16645,3403050,0.418628,10885,4796249,0.590013,8129050
3,2021-05-03,58645,7937565,34473,4135900,21848,3541804,2324,259861,17189,1371595,0.168728,41293,3444343,0.423708,19689,4815938,0.592436,8129050
3,2021-05-04,75298,8012863,43098,4178998,29581,3571385,2619,262480,22009,1343459,0.165266,53041,3497384,0.430233,24905,4840843,0.595499,8129050
3,2021-05-05,76211,8089074,45483,4224481,28085,3599470,2643,265123,20993,1312402,0.161446,54952,3552336,0.436993,23895,4864738,0.598439,8129050
3,2021-05-06,80846,8169920,51017,4275498,27381,3626851,2448,267571,20289,1275502,0.156907,60185,3612521,0.444396,23285,4888023,0.601303,8129050
3,2021-05-07,79518,8249438,49284,4324782,27664,3654515,2570,270141,21343,1241815,0.152763,57893,3670414,0.451518,24206,4912229,0.604281,8129050
3,2021-05-08,50104,8299542,30932,4355714,17542,3672057,1630,271771,13409,1220698,0.150165,36402,3706816,0.455996,15285,4927514,0.606161,8129050
3,2021-05-09,20311,8319853,14690,4370404,4836,3676893,785,272556,5591,1212539,0.149161,14602,3721418,0.457792,6443,4933957,0.606954,8129050
3,2021-05-10,46267,8366120,24799,4395203,19591,3696484,1877,274433,11028,1190648,0.146468,35049,3756467,0.462104,13158,4947115,0.608572,8129050
3,2021-05-11,59562,8425682,32848,4428051,24688,3721172,2026,276459,15115,1163964,0.143186,44253,3800720,0.467548,17569,4964684,0.610734,8129050
3,2021-05-12,59160,8484842,33703,4461754,23301,3744473,2156,278615,15638,1138706,0.140079,43319,3844039,0.472877,18061,4982745,0.612955,8129050
3,2021-05-13,67496,8552338,42444,4504198,23284,3767757,1768,280383,24572,1122912,0.138136,42704,3886743,0.47813,26910,5009655,0.616266,8129050
3,2021-05-14,77440,8629778,49052,4553250,26316,3794073,2072,282455,30636,1109640,0.136503,46565,3933308,0.483858,33293,5042948,0.620361,8129050
3,2021-05-15,59919,8689697,41300,4594550,17509,3811582,1110,283565,24901,1101005,0.135441,34855,3968163,0.488146,26220,5069168,0.623587,8129050
3,2021-05-16,29855,8719552,22869,4617419,6314,3817896,672,284237,12144,1096270,0.134858,17625,3985788,0.490314,12890,5082058,0.625172,8129050
3,2021-05-17,55170,8774722,35394,4652813,18018,3835914,1758,285995,21885,1087058,0.133725,33053,4018841,0.49438,23841,5105899,0.628105,8129050
3,2021-05-18,62620,8837342,37303,4690116,23503,3859417,1814,287809,24927,1076713,0.132453,37462,4056303,0.498989,27117,5133016,0.631441,8129050
3,2021-05-19,61589,8898931,37596,4727712,22335,3881752,1658,289467,25338,1067931,0.131372,36034,4092337,0.503421,27252,5160268,0.634793,8129050
3,2021-05-20,49311,8948242,29005,4756717,18782,3900534,1524,290991,18780,1058176,0.130172,30326,4122663,0.507152,20571,5180839,0.637324,8129050
3,2021-05-21,52940,9001182,32513,4789230,18706,3919240,1721,292712,19523,1046435,0.128728,33206,4155869,0.511237,21465,5202304,0.639965,8129050
3,2021-05-22,34489,9035671,23366,4812596,9951,3929191,1172,293884,15064,1043528,0.12837,19303,4175172,0.513611,16396,5218700,0.641982,8129050
3,2021-05-23,9268,9044939,6720,4819316,2278,3931469,270,294154,3329,1041256,0.128091,5903,4181075,0.514337,3631,5222331,0.642428,8129050
4,2020-12-15,445,445,445,445,0,0,0,0,445,445,5.5e-05,0,0,0.0,445,445,5.5e-05,8037679
4,2020-12-16,2975,3420,2975,3420,0,0,0,0,2975,3420,0.000425,0,0,0.0,2975,3420,0.000425,8037679
4,2020-12-17,8540,11960,8540,11960,0,0,0,0,8540,11960,0.001488,0,0,0.0,8540,11960,0.001488,8037679
4,2020-12-18,15403,27363,15394,27354,9,9,0,0,15403,27363,0.003404,0,0,0.0,15403,27363,0.003404,8037679
4,2020-12-19,10241,37604,10234,37588,7,16,0,0,10176,37539,0.00467,0,0,0.0,10176,37539,0.00467,8037679
4,2020-12-20,7356,44960,7349,44937,7,23,0,0,7311,44850,0.00558,0,0,0.0,7311,44850,0.00558,8037679
4,2020-12-21,16285,61245,16262,61199,23,46,0,0,16219,61069,0.007598,0,0,0.0,16219,61069,0.007598,8037679
4,2020-12-22,17102,78347,16371,77570,731,777,0,0,17058,78127,0.00972,0,0,0.0,17058,78127,0.00972,8037679
4,2020-12-23,16983,95330,14292,91862,2691,3468,0,0,16955,95082,0.01183,0,0,0.0,16955,95082,0.01183,8037679
4,2020-12-24,8540,103870,5959,97821,2581,6049,0,0,8540,103622,0.012892,0,0,0.0,8540,103622,0.012892,8037679
4,2020-12-25,900,104770,796,98617,104,6153,0,0,900,104522,0.013004,0,0,0.0,900,104522,0.013004,8037679
4,2020-12-26,6170,110940,3869,102486,2301,8454,0,0,6170,110692,0.013772,0,0,0.0,6170,110692,0.013772,8037679
4,2020-12-27,3415,114355,1993,104479,1422,9876,0,0,3415,114107,0.014197,0,0,0.0,3415,114107,0.014197,8037679
4,2020-12-28,14955,129310,9241,113720,5714,15590,0,0,14925,129031,0.016053,1,1,0.0,14925,129032,0.016053,8037679
4,2020-12-29,15242,144552,8432,122152,6810,22400,0,0,15209,144240,0.017945,0,1,0.0,15209,144241,0.017946,8037679
4,2020-12-30,18848,163400,11028,133180,7820,30220,0,0,18836,163074,0.020289,2,3,0.0,18836,163077,0.020289,8037679
4,2020-12-31,8195,171595,3320,136500,4875,35095,0,0,8189,171260,0.021307,3,6,1e-06,8189,171266,0.021308,8037679
4,2021-01-01,1264,172859,537,137037,727,35822,0,0,1262,172520,0.021464,2,8,1e-06,1262,172528,0.021465,8037679
4,2021-01-02,5673,178532,3200,140237,2473,38295,0,0,5672,178191,0.022169,1,9,1e-06,5672,178200,0.022171,8037679
4,2021-01-03,2123,180655,1258,141495,865,39160,0,0,2109,180296,0.022431,4,13,2e-06,2109,180309,0.022433,8037679
4,2021-01-04,12963,193618,7065,148560,5898,45058,0,0,12915,193181,0.024034,30,43,5e-06,12915,193224,0.02404,8037679
4,2021-01-05,16792,210410,9932,158492,6860,51918,0,0,14765,205951,0.025623,2006,2049,0.000255,14776,208000,0.025878,8037679
4,2021-01-06,21464,231874,13146,171638,8318,60236,0,0,15606,215764,0.026844,5806,7855,0.000977,15619,223619,0.027821,8037679
4,2021-01-07,27770,259644,16933,188571,10837,71073,0,0,16973,222013,0.027622,10740,18595,0.002313,16989,240608,0.029935,8037679
4,2021-01-08,32627,292271,20923,209494,11704,82777,0,0,18481,226436,0.028172,14077,32672,0.004065,18500,259108,0.032237,8037679
4,2021-01-09,16167,308438,9560,219054,6607,89384,0,0,9423,229149,0.028509,6721,39393,0.004901,9434,268542,0.03341,8037679
4,2021-01-10,8712,317150,5627,224681,3085,92469,0,0,4109,228684,0.028451,4582,43975,0.005471,4117,272659,0.033923,8037679
4,2021-01-11,33279,350429,21811,246492,11468,103937,0,0,18782,233050,0.028995,14455,58430,0.00727,18821,291480,0.036264,8037679
4,2021-01-12,38263,388692,22016,268508,16247,120184,0,0,24247,243370,0.030279,13967,72397,0.009007,24287,315767,0.039286,8037679
4,2021-01-13,38444,427136,18916,287424,19528,139712,0,0,27238,259481,0.032283,11152,83549,0.010395,27263,343030,0.042678,8037679
4,2021-01-14,38958,466094,14885,302309,24073,163785,0,0,31912,284422,0.035386,7000,90549,0.011266,31941,374971,0.046652,8037679
4,2021-01-15,45104,511198,15608,317917,29496,193281,0,0,39591,318577,0.039635,5456,96005,0.011944,39611,414582,0.05158,8037679
4,2021-01-16,28522,539720,9325,327242,19197,212478,0,0,25418,340944,0.042418,3067,99072,0.012326,25434,440016,0.054744,8037679
4,2021-01-17,18955,558675,6653,333895,12302,224780,0,0,17446,356921,0.044406,1484,100556,0.012511,17461,457477,0.056917,8037679
4,2021-01-18,29365,588040,13600,347495,15765,240545,0,0,23404,374489,0.046592,5867,106423,0.013241,23435,480912,0.059832,8037679
4,2021-01-19,45932,633972,23106,370601,22826,263371,0,0,36628,401941,0.050007,9249,115672,0.014391,36701,517613,0.064398,8037679
4,2021-01-20,51584,685556,27346,397947,24238,287609,0,0,41208,432923,0.053862,10280,125952,0.01567,41262,558875,0.069532,8037679
4,2021-01-21,56274,741830,24868,422815,31406,319015,0,0,49890,476532,0.059287,6323,132275,0.016457,49932,608807,0.075744,8037679
4,2021-01-22,54843,796673,22042,444857,32801,351816,0,0,49764,521339,0.064862,4985,137260,0.017077,49792,658599,0.081939,8037679
4,2021-01-23,39367,836040,17391,462248,21976,373792,0,0,35073,552156,0.068696,4285,141545,0.01761,35102,693701,0.086306,8037679
4,2021-01-24,23905,859945,10490,472738,13415,387207,0,0,22036,572347,0.071208,1861,143406,0.017842,22052,715753,0.08905,8037679
4,2021-01-25,47672,907617,22057,494795,25615,412822,0,0,36624,598007,0.0744,11018,154424,0.019213,36678,752431,0.093613,8037679
4,2021-01-26,56291,963908,28744,523539,27547,440369,0,0,44179,630186,0.078404,12058,166482,0.020713,44237,796668,0.099117,8037679
4,2021-01-27,55070,1018978,26567,550106,28503,468872,0,0,44248,663736,0.082578,10751,177233,0.02205,44301,840969,0.104628,8037679
4,2021-01-28,56123,1075101,25342,575448,30781,499653,0,0,46259,700262,0.087122,9774,187007,0.023266,46300,887269,0.110389,8037679
4,2021-01-29,56082,1131183,26997,602445,29085,528738,0,0,45825,735998,0.091568,10117,197124,0.024525,45853,933122,0.116093,8037679
4,2021-01-30,37529,1168712,17107,619552,20422,549160,0,0,32244,763026,0.094931,5240,202364,0.025177,32268,965390,0.120108,8037679
4,2021-01-31,23780,1192492,12487,632039,11293,560453,0,0,22190,783658,0.097498,1573,203937,0.025373,22205,987595,0.122871,8037679
4,2021-02-01,49615,1242107,24092,656131,25523,585976,0,0,38050,810217,0.100802,11528,215465,0.026807,38087,1025682,0.127609,8037679
4,2021-02-02,54846,1296953,25316,681447,29530,615506,0,0,42152,839778,0.10448,12633,228098,0.028379,42194,1067876,0.132859,8037679
4,2021-02-03,61724,1358677,30323,711770,31401,646907,0,0,47553,873323,0.108654,14063,242161,0.030128,47608,1115484,0.138782,8037679
4,2021-02-04,67251,1425928,31339,743109,35912,682819,0,0,50639,907605,0.112919,16463,258624,0.032176,50745,1166229,0.145095,8037679
4,2021-02-05,72711,1498639,33695,776804,39016,721835,0,0,50796,936858,0.116558,21675,280299,0.034873,50928,1217157,0.151431,8037679
4,2021-02-06,48055,1546694,26037,802841,22018,743853,0,0,36636,962307,0.119724,11387,291686,0.03629,36836,1253993,0.156014,8037679
4,2021-02-07,26316,1573010,17375,820216,8941,752794,0,0,19935,976123,0.121443,6355,298041,0.03708,20171,1274164,0.158524,8037679
4,2021-02-08,58196,1631206,29908,850124,28288,781082,0,0,37910,994129,0.123684,20161,318202,0.039589,38167,1312331,0.163272,8037679
4,2021-02-09,66909,1698115,34095,884219,32814,813896,0,0,39304,1006297,0.125197,27537,345739,0.043015,39705,1352036,0.168212,8037679
4,2021-02-10,76855,1774970,38449,922668,38406,852302,0,0,40860,1011929,0.125898,35768,381507,0.047465,41400,1393436,0.173363,8037679
4,2021-02-11,80697,1855667,42100,964768,38597,890899,0,0,41758,1015625,0.126358,38723,420230,0.052283,42419,1435855,0.178641,8037679
4,2021-02-12,83817,1939484,37567,1002335,46250,937149,0,0,43250,1019273,0.126812,40387,460617,0.057307,44035,1479890,0.184119,8037679
4,2021-02-13,58398,1997882,29623,1031958,28775,965924,0,0,29822,1021534,0.127093,28458,489075,0.060848,30719,1510609,0.187941,8037679
4,2021-02-14,36571,2034453,18972,1050930,17599,983523,0,0,18826,1023319,0.127315,17698,506773,0.06305,19483,1530092,0.190365,8037679
4,2021-02-15,45896,2080349,21497,1072427,24399,1007922,0,0,23663,1025987,0.127647,22168,528941,0.065808,24836,1554928,0.193455,8037679
4,2021-02-16,79526,2159875,36404,1108831,43122,1051044,0,0,40634,1029038,0.128027,38797,567738,0.070635,41848,1596776,0.198661,8037679
4,2021-02-17,80901,2240776,38167,1146998,42734,1093778,0,0,38670,1026761,0.127743,42076,609814,0.075869,39799,1636575,0.203613,8037679
4,2021-02-18,82657,2323433,45487,1192485,37170,1130948,0,0,38317,1022359,0.127196,44193,654007,0.081368,39791,1676366,0.208563,8037679
4,2021-02-19,81690,2405123,51391,1243876,30299,1161247,0,0,41028,1023550,0.127344,40528,694535,0.08641,41719,1718085,0.213754,8037679
4,2021-02-20,48263,2453386,32230,1276106,16033,1177280,0,0,26435,1028894,0.128009,21777,716312,0.089119,27121,1745206,0.217128,8037679
4,2021-02-21,28780,2482166,23159,1299265,5621,1182901,0,0,13909,1028272,0.127931,14813,731125,0.090962,14191,1759397,0.218894,8037679
4,2021-02-22,52333,2534499,36066,1335331,16267,1199168,0,0,25497,1027454,0.12783,26754,757879,0.094291,25936,1785333,0.22212,8037679
4,2021-02-23,73123,2607622,40590,1375921,32533,1231701,0,0,32415,1020942,0.12702,40588,798467,0.09934,34076,1819409,0.22636,8037679
4,2021-02-24,87928,2695550,46392,1422313,41536,1273237,0,0,39967,1015290,0.126316,47766,846233,0.105283,42114,1861523,0.2316,8037679
4,2021-02-25,98172,2793722,51138,1473451,47034,1320271,0,0,47187,1014185,0.126179,50837,897070,0.111608,49732,1911255,0.237787,8037679
4,2021-02-26,104134,2897856,52526,1525977,51608,1371879,0,0,53917,1020436,0.126957,50002,947072,0.117829,56253,1967508,0.244786,8037679
4,2021-02-27,75611,2973467,41282,1567259,34323,1406202,6,6,40515,1027459,0.12783,34972,982044,0.12218,41995,2009503,0.25001,8037679
4,2021-02-28,45052,3018519,27935,1595194,17115,1423317,2,8,25103,1033626,0.128598,19818,1001862,0.124646,25985,2035488,0.253243,8037679
4,2021-03-01,75333,3093852,44266,1639460,31048,1454365,19,27,41700,1043103,0.129777,33423,1035285,0.128804,42900,2078388,0.258581,8037679
4,2021-03-02,84500,3178352,48703,1688163,35792,1490157,5,32,50256,1061049,0.132009,34098,1069383,0.133046,52044,2130432,0.265056,8037679
4,2021-03-03,98886,3277238,52488,1740651,46386,1536543,12,44,55177,1074485,0.133681,43522,1112905,0.138461,56958,2187390,0.272142,8037679
4,2021-03-04,96093,3373331,53474,1794125,42604,1579147,15,59,52902,1086170,0.135135,43001,1155906,0.143811,54686,2242076,0.278946,8037679
4,2021-03-05,93776,3467107,50703,1844828,42761,1621908,312,371,55727,1106268,0.137635,37863,1193769,0.148522,57961,2300037,0.286157,8037679
4,2021-03-06,75680,3542787,42736,1887564,30342,1652250,2602,2973,46536,1127709,0.140303,29041,1222810,0.152135,50482,2350519,0.292438,8037679
4,2021-03-07,42372,3585159,27148,1914712,14064,1666314,1160,4133,25449,1138539,0.14165,16866,1239676,0.154233,27696,2378215,0.295883,8037679
4,2021-03-08,65912,3651071,34578,1949290,28165,1694479,3169,7302,43607,1164450,0.144874,22206,1261882,0.156996,48117,2426332,0.30187,8037679
4,2021-03-09,80714,3731785,41036,1990326,34577,1729056,5101,12403,43692,1177499,0.146497,36874,1298756,0.161583,49923,2476255,0.308081,8037679
4,2021-03-10,90306,3822091,46766,2037092,36136,1765192,7404,19807,45764,1187252,0.147711,44390,1343146,0.167106,54143,2530398,0.314817,8037679
4,2021-03-11,99963,3922054,52612,2089704,38994,1804186,8357,28164,46317,1189610,0.148004,53448,1396594,0.173756,55806,2586204,0.32176,8037679
4,2021-03-12,103958,4026012,51367,2141071,42346,1846532,10245,38409,44619,1186307,0.147593,59121,1455715,0.181111,55818,2642022,0.328705,8037679
4,2021-03-13,80399,4106411,37597,2178668,34425,1880957,8377,46786,37825,1191203,0.148202,42459,1498174,0.186394,47355,2689377,0.334596,8037679
4,2021-03-14,49417,4155828,28283,2206951,17533,1898490,3601,50387,23341,1192785,0.148399,25996,1524170,0.189628,27578,2716955,0.338027,8037679
4,2021-03-15,83417,4239245,44838,2251789,34355,1932845,4224,54611,42906,1200440,0.149352,40315,1564485,0.194644,47970,2764925,0.343995,8037679
4,2021-03-16,107045,4346290,55713,2307502,47950,1980795,3382,57993,57007,1211703,0.150753,49831,1614316,0.200844,61094,2826019,0.351596,8037679
4,2021-03-17,105675,4451965,56903,2364405,45346,2026141,3426,61419,62192,1234635,0.153606,43258,1657574,0.206225,66190,2892209,0.359831,8037679
4,2021-03-18,105875,4557840,58716,2423121,43520,2069661,3639,65058,60674,1254428,0.156068,44959,1702533,0.211819,64752,2956961,0.367887,8037679
4,2021-03-19,110322,4668162,63446,2486567,41721,2111382,5155,70213,63645,1277184,0.1589,46458,1748991,0.217599,69214,3026175,0.376499,8037679
4,2021-03-20,82905,4751067,48564,2535131,31361,2142743,2980,73193,51253,1300199,0.161763,31533,1780524,0.221522,54548,3080723,0.383285,8037679
4,2021-03-21,47777,4798844,34649,2569780,10868,2153611,2260,75453,29030,1313194,0.16338,18650,1799174,0.223842,31645,3112368,0.387222,8037679
4,2021-03-22,81485,4880329,53353,2623133,25434,2179045,2698,78151,51465,1338244,0.166496,29830,1829004,0.227554,54880,3167248,0.39405,8037679
4,2021-03-23,103677,4984006,61944,2685077,39595,2218640,2138,80289,62040,1361561,0.169397,41392,1870396,0.232703,64709,3231957,0.402101,8037679
4,2021-03-24,112779,5096785,72894,2757971,37510,2256150,2375,82664,64163,1380340,0.171734,48220,1918616,0.238703,66999,3298956,0.410436,8037679
4,2021-03-25,116166,5212951,71656,2829627,42154,2298304,2356,85020,67047,1401523,0.174369,48699,1967315,0.244762,69882,3368838,0.419131,8037679
4,2021-03-26,118912,5331863,72301,2901928,43591,2341895,3020,88040,65624,1417789,0.176393,52980,2020295,0.251353,69246,3438084,0.427746,8037679
4,2021-03-27,90792,5422655,53939,2955867,35069,2376964,1784,89824,46473,1422401,0.176967,44120,2064415,0.256842,48732,3486816,0.433809,8037679
4,2021-03-28,55414,5478069,36622,2992489,17926,2394890,866,90690,30029,1428358,0.177708,25257,2089672,0.259985,31214,3518030,0.437692,8037679
4,2021-03-29,92856,5570925,55878,3048367,34918,2429808,2060,92750,50874,1440060,0.179164,41783,2131455,0.265183,53485,3571515,0.444347,8037679
4,2021-03-30,116520,5687445,63684,3112051,48698,2478506,4138,96888,69363,1467040,0.18252,46966,2178421,0.271026,73946,3645461,0.453546,8037679
4,2021-03-31,120247,5807692,71175,3183226,42796,2521302,6276,103164,67930,1489435,0.185307,52032,2230453,0.2775,74427,3719888,0.462806,8037679
4,2021-04-01,141448,5949140,80907,3264133,47407,2568709,13134,116298,83735,1529153,0.190248,57397,2287850,0.284641,97115,3817003,0.474889,8037679
4,2021-04-02,135525,6084665,72555,3336688,49509,2618218,13461,129759,78558,1564833,0.194687,56716,2344566,0.291697,92396,3909399,0.486384,8037679
4,2021-04-03,100730,6185395,53850,3390538,33547,2651765,13333,143092,52663,1583218,0.196975,47900,2392466,0.297656,66285,3975684,0.494631,8037679
4,2021-04-04,46703,6232098,24654,3415192,14556,2666321,7493,150585,20485,1585113,0.19721,26133,2418599,0.300908,28028,4003712,0.498118,8037679
4,2021-04-05,108588,6340686,61216,3476408,34705,2701026,12667,163252,56848,1603659,0.199518,51566,2470165,0.307323,70112,4073824,0.506841,8037679
4,2021-04-06,137736,6478422,77687,3554095,40443,2741469,19606,182858,71737,1629875,0.202779,65801,2535966,0.31551,92017,4165841,0.518289,8037679
4,2021-04-07,136269,6614691,77406,3631501,38324,2779793,20539,203397,70761,1656230,0.206058,65300,2601266,0.323634,91655,4257496,0.529692,8037679
4,2021-04-08,138327,6753018,77354,3708855,35837,2815630,25136,228533,68891,1681733,0.209231,69196,2670462,0.332243,94699,4352195,0.541474,8037679
4,2021-04-09,135787,6888805,74599,3783454,38554,2854184,22634,251167,64904,1699640,0.211459,70701,2741163,0.341039,88608,4440803,0.552498,8037679
4,2021-04-10,101906,6990711,50488,3833942,32911,2887095,18507,269674,45939,1709369,0.212669,55788,2796951,0.34798,65517,4506320,0.560649,8037679
4,2021-04-11,61838,7052549,37689,3871631,13045,2900140,11104,280778,27116,1714031,0.213249,34642,2831593,0.35229,39304,4545624,0.565539,8037679
4,2021-04-12,101577,7154126,61762,3933393,29821,2929961,9994,290772,51310,1726539,0.214806,50015,2881608,0.358512,62523,4608147,0.573318,8037679
4,2021-04-13,128889,7283015,80855,4014248,47880,2977841,154,290926,77345,1753583,0.21817,51304,2932912,0.364895,78348,4686495,0.583066,8037679
4,2021-04-14,133816,7416831,85272,4099520,48471,3026312,73,290999,74511,1770320,0.220253,59045,2991957,0.372241,75782,4762277,0.592494,8037679
4,2021-04-15,154196,7571027,102750,4202270,51412,3077724,34,291033,95124,1807441,0.224871,58775,3050732,0.379554,95896,4858173,0.604425,8037679
4,2021-04-16,141604,7712631,89933,4292203,51596,3129320,75,291108,82794,1832414,0.227978,58592,3109324,0.386844,83565,4941738,0.614822,8037679
4,2021-04-17,99665,7812296,62940,4355143,36717,3166037,8,291116,58545,1851184,0.230313,40906,3150230,0.391933,59676,5001414,0.622246,8037679
4,2021-04-18,53829,7866125,35979,4391122,17847,3183884,3,291119,30650,1859694,0.231372,23082,3173312,0.394805,31592,5033006,0.626177,8037679
4,2021-04-19,99999,7966124,66099,4457221,33887,3217771,13,291132,51271,1863025,0.231786,48538,3221850,0.400843,51869,5084875,0.63263,8037679
4,2021-04-20,126866,8092990,74481,4531702,52377,3270148,8,291140,66641,1870735,0.232746,59977,3281827,0.408305,67687,5152562,0.641051,8037679
4,2021-04-21,126854,8219844,81444,4613146,45360,3315508,50,291190,64132,1873452,0.233084,62463,3344290,0.416077,65180,5217742,0.64916,8037679
4,2021-04-22,136714,8356558,90108,4703254,46588,3362096,18,291208,61301,1860739,0.231502,75118,3419408,0.425422,62405,5280147,0.656924,8037679
4,2021-04-23,130025,8486583,84102,4787356,45902,3407998,21,291229,56504,1845147,0.229562,73243,3492651,0.434535,57651,5337798,0.664097,8037679
4,2021-04-24,96964,8583547,65883,4853239,31030,3439028,51,291280,44661,1838834,0.228777,52064,3544715,0.441012,45751,5383549,0.669789,8037679
4,2021-04-25,49227,8632774,35040,4888279,14163,3453191,24,291304,25993,1842152,0.22919,23123,3567838,0.443889,26441,5409990,0.673079,8037679
4,2021-04-26,83332,8716106,55184,4943463,27774,3480965,374,291678,32901,1826500,0.227242,50195,3618033,0.450134,34543,5444533,0.677376,8037679
4,2021-04-27,105602,8821708,65004,5008467,38806,3519771,1792,293470,38309,1800300,0.223983,67030,3685063,0.458474,40830,5485363,0.682456,8037679
4,2021-04-28,99267,8920975,64456,5072923,32333,3552104,2478,295948,35561,1775483,0.220895,63474,3748537,0.466371,38657,5524020,0.687266,8037679
4,2021-04-29,100575,9021550,63697,5136620,34387,3586491,2491,298439,31497,1741225,0.216633,68816,3817353,0.474932,34558,5558578,0.691565,8037679
4,2021-04-30,101263,9122813,63715,5200335,34911,3621402,2637,301076,34486,1712490,0.213058,66470,3883823,0.483202,37735,5596313,0.69626,8037679
4,2021-05-01,68182,9190995,45464,5245799,20977,3642379,1741,302817,19837,1686511,0.209826,48177,3932000,0.489196,22198,5618511,0.699022,8037679
4,2021-05-02,37134,9228129,26310,5272109,9553,3651932,1271,304088,10505,1671891,0.208007,26533,3958533,0.492497,11913,5630424,0.700504,8037679
4,2021-05-03,77521,9305650,54241,5326350,20836,3672768,2444,306532,19057,1635467,0.203475,58262,4016795,0.499746,21838,5652262,0.703221,8037679
4,2021-05-04,97911,9403561,66502,5392852,28689,3701457,2720,309252,22219,1585318,0.197236,75445,4092240,0.509132,25296,5677558,0.706368,8037679
4,2021-05-05,98577,9502138,69169,5462021,26707,3728164,2701,311953,21470,1532932,0.190718,76833,4169073,0.518691,24447,5702005,0.709409,8037679
4,2021-05-06,108743,9610881,81387,5543408,24459,3752623,2897,314850,19384,1467359,0.18256,88967,4258040,0.52976,23394,5725399,0.71232,8037679
4,2021-05-07,102336,9713217,73464,5616872,26210,3778833,2662,317512,20239,1408872,0.175283,81786,4339826,0.539935,23299,5748698,0.715219,8037679
4,2021-05-08,65867,9779084,45061,5661933,18948,3797781,1858,319370,13123,1371634,0.170651,52549,4392375,0.546473,15311,5764009,0.717124,8037679
4,2021-05-09,33151,9812235,27035,5688968,5183,3802964,933,320303,7816,1355240,0.168611,25233,4417608,0.549612,8839,5772848,0.718223,8037679
4,2021-05-10,62240,9874475,41505,5730473,18470,3821434,2265,322568,10791,1317310,0.163892,51282,4468890,0.555993,13352,5786200,0.719884,8037679
4,2021-05-11,76521,9950996,46856,5777329,27665,3849099,2000,324568,14917,1273241,0.158409,61401,4530291,0.563632,17332,5803532,0.722041,8037679
4,2021-05-12,72594,10023590,47753,5825082,22595,3871694,2246,326814,15947,1235316,0.153691,56428,4586719,0.570652,18503,5822035,0.724343,8037679
4,2021-05-13,94892,10118482,69857,5894939,23622,3895316,1413,328227,36494,1216026,0.151291,58132,4644851,0.577885,38842,5860877,0.729175,8037679
4,2021-05-14,100872,10219354,71034,5965973,27761,3923077,2077,330304,39273,1196551,0.148868,61335,4706186,0.585516,41860,5902737,0.734383,8037679
4,2021-05-15,81543,10300897,62875,6028848,17467,3940544,1201,331505,35851,1188372,0.14785,45502,4751688,0.591177,37323,5940060,0.739027,8037679
4,2021-05-16,46838,10347735,38176,6067024,7974,3948518,688,332193,19061,1180589,0.146882,27660,4779348,0.594618,19877,5959937,0.7415,8037679
4,2021-05-17,68781,10416516,50245,6117269,16737,3965255,1799,333992,28649,1171295,0.145726,39961,4819309,0.59959,30667,5990604,0.745315,8037679
4,2021-05-18,78951,10495467,51304,6168573,25926,3991181,1721,335713,29645,1154041,0.143579,48974,4868283,0.605683,31720,6022324,0.749262,8037679
4,2021-05-19,73938,10569405,49805,6218378,22261,4013442,1872,337585,31554,1145579,0.142526,42155,4910438,0.610927,33693,6056017,0.753453,8037679
4,2021-05-20,55259,10624664,35639,6254017,18064,4031506,1556,339141,21530,1135362,0.141255,33533,4943971,0.615099,23316,6079333,0.756354,8037679
4,2021-05-21,60116,10684780,40296,6294313,18351,4049857,1469,340610,21469,1120039,0.139349,38445,4982416,0.619882,23122,6102455,0.759231,8037679
4,2021-05-22,38013,10722793,27126,6321439,9900,4059757,987,341597,16703,1116658,0.138928,21205,5003621,0.622521,17824,6120279,0.761449,8037679
4,2021-05-23,10370,10733163,7735,6329174,2371,4062128,264,341861,3342,1113306,0.138511,6987,5010608,0.62339,3635,6123914,0.761901,8037679
