vemquartile,administered_date,total_doses,cumulative_total_doses,pfizer_doses,cumulative_pfizer_doses,moderna_doses,cumulative_moderna_doses,jj_doses,cumulative_jj_doses,partially_vaccinated,total_partially_vaccinated,pct_age12pop_partially_vaccinated,fully_vaccinated,cumulative_fully_vaccinated,pct_age12pop_fully_vaccinated,at_least_one_dose,cumulative_at_least_one_dose,pct_age12pop_at_least_one_dose,age12_population
1,2020-12-15,157,157,157,157,0,0,0,0,157,157,1.8e-05,0,0,0.0,157,157,1.8e-05,8700223
1,2020-12-16,1225,1382,1225,1382,0,0,0,0,1225,1382,0.000159,0,0,0.0,1225,1382,0.000159,8700223
1,2020-12-17,4188,5570,4188,5570,0,0,0,0,4190,5572,0.00064,0,0,0.0,4190,5572,0.00064,8700223
1,2020-12-18,6377,11947,6354,11924,23,23,0,0,6380,11951,0.001374,1,1,0.0,6380,11952,0.001374,8700223
1,2020-12-19,2885,14832,2882,14806,3,26,0,0,2884,14834,0.001705,1,2,0.0,2884,14836,0.001705,8700223
1,2020-12-20,2133,16965,2123,16929,10,36,0,0,2134,16968,0.00195,0,2,0.0,2134,16970,0.001951,8700223
1,2020-12-21,7660,24625,7639,24568,21,57,0,0,7708,24676,0.002836,1,3,0.0,7709,24679,0.002837,8700223
1,2020-12-22,7319,31944,6975,31543,344,401,0,0,7320,31994,0.003677,2,5,1e-06,7320,31999,0.003678,8700223
1,2020-12-23,7844,39788,6584,38127,1260,1661,0,0,7840,39833,0.004578,2,7,1e-06,7841,39840,0.004579,8700223
1,2020-12-24,3298,43086,2355,40482,943,2604,0,0,3300,43133,0.004958,0,7,1e-06,3300,43140,0.004958,8700223
1,2020-12-25,240,43326,156,40638,84,2688,0,0,240,43373,0.004985,0,7,1e-06,240,43380,0.004986,8700223
1,2020-12-26,1366,44692,973,41611,393,3081,0,0,1365,44737,0.005142,1,8,1e-06,1365,44745,0.005143,8700223
1,2020-12-27,878,45570,542,42153,336,3417,0,0,878,45614,0.005243,1,9,1e-06,878,45623,0.005244,8700223
1,2020-12-28,7091,52661,4748,46901,2343,5760,0,0,7088,52702,0.006058,0,9,1e-06,7088,52711,0.006059,8700223
1,2020-12-29,8935,61596,4994,51895,3941,9701,0,0,8931,61631,0.007084,2,11,1e-06,8931,61642,0.007085,8700223
1,2020-12-30,11629,73225,6457,58352,5172,14873,0,0,11628,73258,0.00842,1,12,1e-06,11628,73270,0.008422,8700223
1,2020-12-31,5987,79212,1957,60309,4030,18903,0,0,5985,79240,0.009108,4,16,2e-06,5986,79256,0.00911,8700223
1,2021-01-01,606,79818,234,60543,372,19275,0,0,603,79841,0.009177,2,18,2e-06,603,79859,0.009179,8700223
1,2021-01-02,2920,82738,1768,62311,1152,20427,0,0,2920,82761,0.009513,0,18,2e-06,2920,82779,0.009515,8700223
1,2021-01-03,1041,83779,550,62861,491,20918,0,0,1039,83797,0.009632,3,21,2e-06,1039,83818,0.009634,8700223
1,2021-01-04,7386,91165,3595,66456,3791,24709,0,0,7389,91184,0.010481,2,23,3e-06,7389,91207,0.010483,8700223
1,2021-01-05,10871,102036,5251,71707,5620,30329,0,0,10071,100495,0.011551,782,805,9.3e-05,10093,101300,0.011643,8700223
1,2021-01-06,14098,116134,7062,78769,7036,37365,0,0,12175,110798,0.012735,1886,2691,0.000309,12189,113489,0.013044,8700223
1,2021-01-07,17537,133671,9170,87939,8367,45732,0,0,13013,119391,0.013723,4431,7122,0.000819,13024,126513,0.014541,8700223
1,2021-01-08,20213,153884,10500,98439,9713,55445,0,0,14255,127717,0.01468,5941,13063,0.001501,14267,140780,0.016181,8700223
1,2021-01-09,6702,160586,3402,101841,3300,58745,0,0,4844,130709,0.015024,1855,14918,0.001715,4847,145627,0.016738,8700223
1,2021-01-10,3106,163692,1770,103611,1336,60081,0,0,1913,131434,0.015107,1189,16107,0.001851,1914,147541,0.016958,8700223
1,2021-01-11,18089,181781,11856,115467,6233,66314,0,0,11531,136460,0.015685,6548,22655,0.002604,11574,159115,0.018289,8700223
1,2021-01-12,19146,200927,10974,126441,8172,74486,0,0,13139,143662,0.016512,5979,28634,0.003291,13181,172296,0.019804,8700223
1,2021-01-13,19869,220796,10742,137183,9127,83613,0,0,14707,153246,0.017614,5141,33775,0.003882,14725,187021,0.021496,8700223
1,2021-01-14,22050,242846,9449,146632,12601,96214,0,0,19289,169894,0.019528,2703,36478,0.004193,19351,206372,0.02372,8700223
1,2021-01-15,25222,268068,9249,155881,15973,112187,0,0,23280,191332,0.021992,1904,38382,0.004412,23342,229714,0.026403,8700223
1,2021-01-16,13896,281964,4548,160429,9348,121535,0,0,13020,203482,0.023388,873,39255,0.004512,13023,242737,0.0279,8700223
1,2021-01-17,5227,287191,2038,162467,3189,124724,0,0,4852,207963,0.023903,374,39629,0.004555,4855,247592,0.028458,8700223
1,2021-01-18,14346,301537,8612,171079,5734,130458,0,0,11158,216002,0.024827,3174,42803,0.00492,11213,258805,0.029747,8700223
1,2021-01-19,24703,326240,12781,183860,11922,142380,0,0,19531,230436,0.026486,5151,47954,0.005512,19585,278390,0.031998,8700223
1,2021-01-20,29461,355701,14740,198600,14721,157101,0,0,23525,248147,0.028522,5855,53809,0.006185,23566,301956,0.034707,8700223
1,2021-01-21,31262,386963,14678,213278,16584,173685,0,0,27968,272986,0.031377,3228,57037,0.006556,28067,330023,0.037933,8700223
1,2021-01-22,28426,415389,11291,224569,17135,190820,0,0,26349,297356,0.034178,2011,59048,0.006787,26381,356404,0.040965,8700223
1,2021-01-23,18737,434126,8196,232765,10541,201361,0,0,16777,312213,0.035886,1930,60978,0.007009,16787,373191,0.042894,8700223
1,2021-01-24,6693,440819,4160,236925,2533,203894,0,0,6032,317595,0.036504,656,61634,0.007084,6038,379229,0.043588,8700223
1,2021-01-25,25472,466291,10512,247437,14960,218854,0,0,19664,331607,0.038115,5760,67394,0.007746,19772,399001,0.045861,8700223
1,2021-01-26,28857,495148,13495,260932,15362,234216,0,0,22131,347099,0.039895,6662,74056,0.008512,22154,421155,0.048407,8700223
1,2021-01-27,32726,527874,15573,276505,17153,251369,0,0,24581,363636,0.041796,8080,82136,0.009441,24617,445772,0.051237,8700223
1,2021-01-28,35020,562894,16430,292935,18590,269959,0,0,28038,384830,0.044232,6913,89049,0.010235,28107,473879,0.054467,8700223
1,2021-01-29,33776,596670,16489,309424,17287,287246,0,0,27149,405539,0.046612,6482,95531,0.01098,27191,501070,0.057593,8700223
1,2021-01-30,20191,616861,8723,318147,11468,298714,0,0,18046,421482,0.048445,2115,97646,0.011223,18058,519128,0.059668,8700223
1,2021-01-31,7700,624561,5014,323161,2686,301400,0,0,6985,427763,0.049167,707,98353,0.011305,6988,526116,0.060472,8700223
1,2021-02-01,29061,653622,12548,335709,16513,317913,0,0,21208,441176,0.050709,7800,106153,0.012201,21213,547329,0.06291,8700223
1,2021-02-02,32792,686414,11838,347547,20954,338867,0,0,24511,457527,0.052588,8197,114350,0.013143,24548,571877,0.065731,8700223
1,2021-02-03,39698,726112,15276,362823,24422,363289,0,0,28571,475178,0.054617,10958,125308,0.014403,28609,600486,0.06902,8700223
1,2021-02-04,44114,770226,17159,379982,26955,390244,0,0,31776,494790,0.056871,12213,137521,0.015807,31825,632311,0.072678,8700223
1,2021-02-05,46831,817057,17173,397155,29658,419902,0,0,30669,509504,0.058562,16010,153531,0.017647,30724,663035,0.076209,8700223
1,2021-02-06,26561,843618,10494,407649,16067,435969,0,0,20637,524282,0.060261,5876,159407,0.018322,20654,683689,0.078583,8700223
1,2021-02-07,6282,849900,4039,411688,2243,438212,0,0,4630,527298,0.060607,1632,161039,0.01851,4648,688337,0.079117,8700223
1,2021-02-08,31646,881546,14451,426139,17195,455407,0,0,21077,538001,0.061838,10472,171511,0.019713,21175,709512,0.081551,8700223
1,2021-02-09,38638,920184,16990,443129,21648,477055,0,0,23816,547158,0.06289,14739,186250,0.021407,23896,733408,0.084298,8700223
1,2021-02-10,47425,967609,22257,465386,25168,502223,0,0,26980,553902,0.063665,20318,206568,0.023743,27062,760470,0.087408,8700223
1,2021-02-11,51899,1019508,25463,490849,26436,528659,0,0,30977,564384,0.06487,20603,227171,0.026111,31085,791555,0.090981,8700223
1,2021-02-12,50081,1069589,21531,512380,28550,557209,0,0,28714,572031,0.065749,21207,248378,0.028548,28854,820409,0.094297,8700223
1,2021-02-13,26392,1095981,11537,523917,14855,572064,0,0,15259,576305,0.06624,11061,259439,0.02982,15335,835744,0.09606,8700223
1,2021-02-14,11805,1107786,5571,529488,6234,578298,0,0,6719,578036,0.066439,5055,264494,0.030401,6786,842530,0.09684,8700223
1,2021-02-15,23964,1131750,9413,538901,14551,592849,0,0,14588,583489,0.067066,9251,273745,0.031464,14704,857234,0.09853,8700223
1,2021-02-16,47239,1178989,22529,561430,24710,617559,0,0,27538,591525,0.06799,19616,293361,0.033719,27652,884886,0.101708,8700223
1,2021-02-17,48596,1227585,24608,586038,23988,641547,0,0,26142,595520,0.068449,22294,315655,0.036281,26289,911175,0.10473,8700223
1,2021-02-18,51244,1278829,25626,611664,25618,667165,0,0,26516,597791,0.06871,24480,340135,0.039095,26751,937926,0.107805,8700223
1,2021-02-19,46687,1325516,25309,636973,21378,688543,0,0,26119,603567,0.069374,20406,360541,0.04144,26182,964108,0.110814,8700223
1,2021-02-20,27694,1353210,16875,653848,10819,699362,0,0,15792,607602,0.069838,11835,372376,0.042801,15870,979978,0.112638,8700223
1,2021-02-21,12392,1365602,10662,664510,1730,701092,0,0,7439,610200,0.070136,4890,377266,0.043363,7488,987466,0.113499,8700223
1,2021-02-22,31666,1397268,20851,685361,10815,711907,0,0,18214,615160,0.070706,13355,390621,0.044898,18315,1005781,0.115604,8700223
1,2021-02-23,45964,1443232,22320,707681,23644,735551,0,0,25226,620307,0.071298,20441,411062,0.047247,25588,1031369,0.118545,8700223
1,2021-02-24,56032,1499264,27074,734755,28958,764509,0,0,30814,626564,0.072017,25011,436073,0.050122,31268,1062637,0.122139,8700223
1,2021-02-25,68614,1567878,33314,768069,35300,799809,0,0,42429,643488,0.073962,26007,462080,0.053111,42931,1105568,0.127074,8700223
1,2021-02-26,76674,1644552,35889,803958,40785,840594,0,0,50069,667677,0.076743,26354,488434,0.05614,50543,1156111,0.132883,8700223
1,2021-02-27,52813,1697365,24232,828190,28572,869166,9,9,34638,684563,0.078683,18028,506462,0.058213,34914,1191025,0.136896,8700223
1,2021-02-28,20243,1717608,12017,840207,8224,877390,2,11,14828,694208,0.079792,5326,511788,0.058825,14971,1205996,0.138617,8700223
1,2021-03-01,46179,1763787,21354,861561,24771,902161,54,65,29664,707837,0.081358,16327,528115,0.060701,29956,1235952,0.14206,8700223
1,2021-03-02,64842,1828629,28027,889588,36806,938967,9,74,41243,726298,0.08348,23412,551527,0.063392,41873,1277825,0.146873,8700223
1,2021-03-03,72103,1900732,34274,923862,37802,976769,27,101,43833,742650,0.08536,28102,579629,0.066622,44454,1322279,0.151982,8700223
1,2021-03-04,80115,1980847,37565,961427,42514,1019283,36,137,51425,766130,0.088059,28496,608125,0.069898,51976,1374255,0.157956,8700223
1,2021-03-05,79123,2059970,35655,997082,43261,1062544,207,344,52765,793624,0.091219,26109,634234,0.072899,53603,1427858,0.164117,8700223
1,2021-03-06,58031,2118001,27590,1024672,29091,1091635,1350,1694,39285,815959,0.093786,18662,652896,0.075044,40997,1468855,0.16883,8700223
1,2021-03-07,20971,2138972,13046,1037718,6734,1098369,1191,2885,15529,827515,0.095114,5414,658310,0.075666,16970,1485825,0.17078,8700223
1,2021-03-08,46092,2185064,22511,1060229,21619,1119988,1962,4847,32297,848416,0.097517,13690,672000,0.077239,34591,1520416,0.174756,8700223
1,2021-03-09,66805,2251869,32316,1092545,31978,1151966,2511,7358,41093,866796,0.099629,25555,697555,0.080177,43935,1564351,0.179806,8700223
1,2021-03-10,74097,2325966,36910,1129455,32691,1184657,4496,11854,45649,888970,0.102178,28334,725889,0.083433,50508,1614859,0.185611,8700223
1,2021-03-11,90303,2416269,41546,1171001,40750,1225407,8007,19861,52587,912525,0.104885,37477,763366,0.087741,61032,1675891,0.192626,8700223
1,2021-03-12,99097,2515366,43716,1214717,42978,1268385,12403,32264,57914,942309,0.108309,40964,804330,0.092449,70748,1746639,0.200758,8700223
1,2021-03-13,65338,2580704,29543,1244260,28122,1296507,7673,39937,41686,968455,0.111314,23517,827847,0.095152,49663,1796302,0.206466,8700223
1,2021-03-14,27934,2608638,14939,1259199,9424,1305931,3571,43508,15648,975647,0.11214,12210,840057,0.096556,19402,1815704,0.208696,8700223
1,2021-03-15,65318,2673956,28804,1288003,29758,1335689,6756,50264,38397,994451,0.114302,26696,866753,0.099624,45500,1861204,0.213926,8700223
1,2021-03-16,85832,2759788,39132,1327135,41054,1376743,5646,55910,53187,1021204,0.117377,32415,899168,0.10335,59168,1920372,0.220727,8700223
1,2021-03-17,93152,2852940,45393,1372528,41219,1417962,6540,62450,59853,1054891,0.121249,33053,932221,0.107149,66740,1987112,0.228398,8700223
1,2021-03-18,98866,2951806,50978,1423506,42169,1460131,5719,68169,59736,1082064,0.124372,38764,970985,0.111605,65937,2053049,0.235977,8700223
1,2021-03-19,103770,3055576,53766,1477272,43704,1503835,6300,74469,60601,1106615,0.127194,42860,1013845,0.116531,67411,2120460,0.243725,8700223
1,2021-03-20,72875,3128451,37322,1514594,30335,1534170,5218,79687,46813,1133053,0.130233,25870,1039715,0.119504,52308,2172768,0.249737,8700223
1,2021-03-21,27293,3155744,19047,1533641,6439,1540609,1807,81494,16978,1141708,0.131227,10221,1049936,0.120679,18876,2191644,0.251907,8700223
1,2021-03-22,59299,3215043,30650,1564291,25344,1565953,3305,84799,39877,1166066,0.134027,19193,1069129,0.122885,43551,2235195,0.256912,8700223
1,2021-03-23,83436,3298479,42452,1606743,37345,1603298,3639,88438,51185,1189354,0.136704,31987,1101116,0.126562,55275,2290470,0.263266,8700223
1,2021-03-24,88357,3386836,44693,1651436,39299,1642597,4365,92803,52624,1211070,0.1392,35436,1136552,0.130635,57152,2347622,0.269835,8700223
1,2021-03-25,97198,3484034,49683,1701119,41680,1684277,5835,98638,53787,1227817,0.141125,43076,1179628,0.135586,59823,2407445,0.276711,8700223
1,2021-03-26,105507,3589541,51174,1752293,48010,1732287,6323,104961,56516,1242336,0.142794,48612,1228240,0.141173,63131,2470576,0.283967,8700223
1,2021-03-27,74282,3663823,38389,1790682,31675,1763962,4218,109179,38069,1248841,0.143541,35977,1264217,0.145309,42482,2513058,0.28885,8700223
1,2021-03-28,32831,3696654,21498,1812180,10110,1774072,1223,110402,16438,1250667,0.143751,16281,1280498,0.14718,18107,2531165,0.290931,8700223
1,2021-03-29,68660,3765314,33829,1846009,31661,1805733,3170,113572,37844,1261300,0.144973,30581,1311079,0.150695,41214,2572379,0.295668,8700223
1,2021-03-30,93440,3858754,45661,1891670,41372,1847105,6407,119979,48048,1270674,0.146051,45157,1356236,0.155885,54531,2626910,0.301936,8700223
1,2021-03-31,102057,3960811,53099,1944769,42711,1889816,6247,126226,55898,1287062,0.147934,45819,1402055,0.161152,62207,2689117,0.309086,8700223
1,2021-04-01,113351,4074162,54064,1998833,50489,1940305,8798,135024,57616,1298250,0.14922,55264,1457319,0.167504,66452,2755569,0.316724,8700223
1,2021-04-02,112836,4186998,51379,2050212,51726,1992031,9731,144755,57306,1310403,0.150617,55079,1512398,0.173834,67232,2822801,0.324452,8700223
1,2021-04-03,78752,4265750,39615,2089827,29468,2021499,9669,154424,37012,1315592,0.151214,41543,1553941,0.178609,46732,2869533,0.329823,8700223
1,2021-04-04,23809,4289559,11840,2101667,8493,2029992,3476,157900,9943,1315198,0.151168,13797,1567738,0.180195,13403,2882936,0.331363,8700223
1,2021-04-05,77654,4367213,37013,2138680,31248,2061240,9393,167293,34993,1317290,0.151409,42439,1610177,0.185073,44531,2927467,0.336482,8700223
1,2021-04-06,104775,4471988,49596,2188276,38488,2099728,16691,183984,47396,1324321,0.152217,57063,1667240,0.191632,64094,2991561,0.343849,8700223
1,2021-04-07,112831,4584819,54672,2242948,40479,2140207,17680,201664,50963,1331417,0.153033,61548,1728788,0.198706,68644,3060205,0.351739,8700223
1,2021-04-08,123309,4708128,58388,2301336,43805,2184012,21116,222780,54626,1338945,0.153898,68244,1797032,0.20655,75772,3135977,0.360448,8700223
1,2021-04-09,124447,4832575,56747,2358083,46784,2230796,20916,243696,54661,1345132,0.154609,69417,1866449,0.214529,75604,3211581,0.369138,8700223
1,2021-04-10,97320,4929895,43405,2401488,30866,2261662,23049,266745,38522,1348064,0.154946,58574,1925023,0.221261,61506,3273087,0.376207,8700223
1,2021-04-11,36747,4966642,20408,2421896,9438,2271100,6901,273646,14855,1348090,0.154949,21825,1946848,0.22377,21851,3294938,0.378719,8700223
1,2021-04-12,74987,5041629,33463,2455359,31472,2302572,10052,283698,31846,1347285,0.154856,42839,1989687,0.228694,42034,3336972,0.38355,8700223
1,2021-04-13,98317,5139946,52547,2507906,45430,2348002,340,284038,53125,1356219,0.155883,44878,2034565,0.233852,53812,3390784,0.389735,8700223
1,2021-04-14,105165,5245111,54512,2562418,50579,2398581,74,284112,53403,1358691,0.156167,51374,2085939,0.239757,53846,3444630,0.395924,8700223
1,2021-04-15,105976,5351087,57530,2619948,48357,2446938,89,284201,56226,1366035,0.157011,49148,2135087,0.245406,56492,3501122,0.402418,8700223
1,2021-04-16,110870,5461957,56837,2676785,53945,2500883,88,284289,55312,1366609,0.157077,55011,2190098,0.251729,55585,3556707,0.408806,8700223
1,2021-04-17,83498,5545455,45327,2722112,38160,2539043,11,284300,46527,1376584,0.158224,36726,2226824,0.25595,46701,3603408,0.414174,8700223
1,2021-04-18,30515,5575970,20651,2742763,9858,2548901,6,284306,15323,1377019,0.158274,15097,2241921,0.257685,15532,3618940,0.415959,8700223
1,2021-04-19,67230,5643200,34037,2776800,33181,2582082,12,284318,30325,1370958,0.157577,36527,2278448,0.261884,30466,3649406,0.419461,8700223
1,2021-04-20,88507,5731707,44538,2821338,43945,2626027,24,284342,41302,1365648,0.156967,46838,2325286,0.267267,41528,3690934,0.424234,8700223
1,2021-04-21,97937,5829644,51124,2872462,46711,2672738,102,284444,43756,1356145,0.155875,53597,2378883,0.273428,44094,3735028,0.429303,8700223
1,2021-04-22,97785,5927429,51129,2923591,46638,2719376,18,284462,44757,1348644,0.155013,52495,2431378,0.279462,44994,3780022,0.434474,8700223
1,2021-04-23,102737,6030166,53057,2976648,49653,2769029,27,284489,48782,1344268,0.15451,53415,2484793,0.285601,49039,3829061,0.440111,8700223
1,2021-04-24,76493,6106659,47448,3024096,29018,2798047,27,284516,43052,1354321,0.155665,33284,2518077,0.289427,43337,3872398,0.445092,8700223
1,2021-04-25,27394,6134053,17450,3041546,9930,2807977,14,284530,15620,1358445,0.156139,11651,2529728,0.290766,15775,3888173,0.446905,8700223
1,2021-04-26,66539,6200592,34914,3076460,31221,2839198,404,284934,31426,1355820,0.155837,34794,2564522,0.294765,32169,3920342,0.450602,8700223
1,2021-04-27,81878,6282470,43544,3120004,37027,2876225,1307,286241,35325,1346550,0.154772,46242,2610764,0.30008,36972,3957314,0.454852,8700223
1,2021-04-28,81671,6364141,43465,3163469,36693,2912918,1513,287754,35679,1338340,0.153828,45627,2656391,0.305324,37417,3994731,0.459153,8700223
1,2021-04-29,85081,6449222,46840,3210309,36611,2949529,1630,289384,34617,1324672,0.152257,50077,2706468,0.31108,36409,4031140,0.463338,8700223
1,2021-04-30,92772,6541994,50253,3260562,40633,2990162,1886,291270,38549,1311401,0.150732,53866,2760334,0.317272,40595,4071735,0.468004,8700223
1,2021-05-01,63932,6605926,41240,3301802,21263,3011425,1429,292699,26909,1303201,0.149789,36753,2797087,0.321496,28553,4100288,0.471285,8700223
1,2021-05-02,23533,6629459,16666,3318468,6288,3017713,579,293278,9476,1299337,0.149345,13946,2811033,0.323099,10082,4110370,0.472444,8700223
1,2021-05-03,56427,6685886,31307,3349775,23274,3040987,1846,295124,20446,1285967,0.147809,35718,2846751,0.327204,22348,4132718,0.475013,8700223
1,2021-05-04,75986,6761872,43770,3393545,30114,3071101,2102,297226,27197,1266875,0.145614,48472,2895223,0.332776,29380,4162098,0.47839,8700223
1,2021-05-05,78461,6840333,45486,3439031,30669,3101770,2306,299532,26563,1244296,0.143019,51528,2946751,0.338698,28949,4191047,0.481717,8700223
1,2021-05-06,79962,6920295,48568,3487599,29210,3130980,2184,301716,24932,1216943,0.139875,54622,3001373,0.344977,27269,4218316,0.484851,8700223
1,2021-05-07,83588,7003883,47572,3535171,33815,3164795,2201,303917,27911,1191908,0.136997,55209,3056582,0.351322,30174,4248490,0.48832,8700223
1,2021-05-08,57469,7061352,36061,3571232,19761,3184556,1647,305564,19528,1175581,0.135121,37595,3094177,0.355643,21268,4269758,0.490764,8700223
1,2021-05-09,18343,7079695,13162,3584394,4702,3189258,479,306043,5572,1168975,0.134361,12691,3106868,0.357102,6085,4275843,0.491464,8700223
1,2021-05-10,44339,7124034,22425,3606819,20082,3209340,1832,307875,14815,1156484,0.132926,29231,3136099,0.360462,16740,4292583,0.493388,8700223
1,2021-05-11,62883,7186917,34203,3641022,26521,3235861,2159,310034,20665,1137508,0.130745,41917,3178016,0.36528,22941,4315524,0.496025,8700223
1,2021-05-12,63010,7249927,33478,3674500,27466,3263327,2066,312100,20686,1118343,0.128542,41985,3220001,0.370106,22820,4338344,0.498647,8700223
1,2021-05-13,67279,7317206,39480,3713980,25807,3289134,1992,314092,25638,1105018,0.12701,41235,3261236,0.374845,27910,4366254,0.501855,8700223
1,2021-05-14,76849,7394055,46361,3760341,28082,3317216,2406,316498,31060,1093393,0.125674,45368,3306604,0.38006,33743,4399997,0.505734,8700223
1,2021-05-15,66805,7460860,43868,3804209,21167,3338383,1770,318268,26629,1082005,0.124365,39851,3346455,0.38464,28463,4428460,0.509005,8700223
1,2021-05-16,25118,7485978,18516,3822725,5981,3344364,621,318889,10246,1078172,0.123925,14747,3361202,0.386335,10914,4439374,0.51026,8700223
1,2021-05-17,54396,7540374,33248,3855973,19371,3363735,1777,320666,23069,1072022,0.123218,31052,3392254,0.389904,24902,4464276,0.513122,8700223
1,2021-05-18,65226,7605600,39320,3895293,24065,3387800,1841,322507,28295,1065606,0.12248,36643,3428897,0.394116,30227,4494503,0.516596,8700223
1,2021-05-19,66516,7672116,40512,3935805,24077,3411877,1927,324434,29731,1060859,0.121935,36484,3465381,0.398309,31737,4526240,0.520244,8700223
1,2021-05-20,64822,7736938,37604,3973409,24995,3436872,2223,326657,26662,1052141,0.120933,37806,3503187,0.402655,29088,4555328,0.523587,8700223
1,2021-05-21,70247,7807185,42009,4015418,26374,3463246,1864,328521,28985,1042238,0.119794,40847,3544034,0.40735,30944,4586272,0.527144,8700223
1,2021-05-22,56259,7863444,36975,4052393,17556,3480802,1728,330249,24472,1037030,0.119196,31506,3575540,0.410971,26298,4612570,0.530167,8700223
1,2021-05-23,20508,7883952,14341,4066734,5580,3486382,587,330836,9500,1036236,0.119105,10904,3586444,0.412224,10110,4622680,0.531329,8700223
1,2021-05-24,43857,7927809,24471,4091205,17546,3503928,1840,332676,17747,1030052,0.118394,25851,3612295,0.415196,19667,4642347,0.533589,8700223
1,2021-05-25,50909,7978718,29290,4120495,19920,3523848,1699,334375,21106,1023439,0.117634,29514,3641809,0.418588,22901,4665248,0.536222,8700223
1,2021-05-26,48513,8027231,27504,4147999,19113,3542961,1896,336271,20523,1018221,0.117034,27681,3669490,0.42177,22463,4687711,0.538804,8700223
1,2021-05-27,47049,8074280,26394,4174393,18741,3561702,1914,338185,20150,1013798,0.116526,26603,3696093,0.424827,22180,4709891,0.541353,8700223
1,2021-05-28,52550,8126830,29316,4203709,21402,3583104,1832,340017,23524,1010589,0.116157,28688,3724781,0.428125,25479,4735370,0.544281,8700223
1,2021-05-29,30691,8157521,18588,4222297,11137,3594241,966,340983,14603,1010282,0.116121,15930,3740711,0.429956,15623,4750993,0.546077,8700223
1,2021-05-30,11710,8169231,7562,4229859,3592,3597833,556,341539,5529,1010283,0.116122,6108,3746819,0.430658,6109,4757102,0.546779,8700223
1,2021-05-31,5757,8174988,3277,4233136,2223,3600056,257,341796,2006,1008867,0.115959,3691,3750510,0.431082,2275,4759377,0.547041,8700223
1,2021-06-01,45938,8220926,25971,4259107,18392,3618448,1575,343371,17372,999670,0.114902,28215,3778725,0.434325,19018,4778395,0.549227,8700223
1,2021-06-02,40067,8260993,23244,4282351,15309,3633757,1514,344885,16147,993794,0.114226,23615,3802340,0.437039,17739,4796134,0.551266,8700223
1,2021-06-03,41538,8302531,26002,4308353,13813,3647570,1723,346608,15826,986011,0.113332,25404,3827744,0.439959,17621,4813755,0.553291,8700223
1,2021-06-04,50279,8352810,32167,4340520,16300,3663870,1812,348420,17956,973904,0.11194,31954,3859698,0.443632,19847,4833602,0.555572,8700223
1,2021-06-05,40423,8393233,27580,4368100,10833,3674703,2010,350430,14164,964089,0.110812,26039,3885737,0.446625,16224,4849826,0.557437,8700223
1,2021-06-06,13247,8406480,10606,4378706,2126,3676829,515,350945,4570,960641,0.110416,8592,3894329,0.447613,5144,4854970,0.558028,8700223
1,2021-06-07,34051,8440531,23448,4402154,9236,3686065,1367,352312,12078,952377,0.109466,21759,3916088,0.450114,13495,4868465,0.559579,8700223
1,2021-06-08,42325,8482856,29288,4431442,11376,3697441,1661,353973,14720,941523,0.108218,27325,3943413,0.453254,16471,4884936,0.561473,8700223
1,2021-06-09,42245,8525101,29306,4460748,11290,3708731,1649,355622,13745,928788,0.106755,28187,3971600,0.456494,15452,4900388,0.563249,8700223
1,2021-06-10,39198,8564299,26387,4487135,11105,3719836,1706,357328,13365,918386,0.105559,25576,3997176,0.459434,15174,4915562,0.564993,8700223
1,2021-06-11,44144,8608443,29268,4516403,13187,3733023,1689,359017,15708,907734,0.104335,28126,4025302,0.462667,17474,4933036,0.567001,8700223
1,2021-06-12,33855,8642298,24469,4540872,8168,3741191,1218,360235,11123,897626,0.103173,22514,4047816,0.465254,12406,4945442,0.568427,8700223
1,2021-06-13,11644,8653942,8461,4549333,2703,3743894,480,360715,3386,893340,0.10268,8185,4056001,0.466195,3899,4949341,0.568875,8700223
1,2021-06-14,31053,8684995,20901,4570234,8833,3752727,1319,362034,11604,887049,0.101957,19243,4075244,0.468407,12952,4962293,0.570364,8700223
1,2021-06-15,37383,8722378,24497,4594731,11026,3763753,1860,363894,13861,879620,0.101103,23242,4098486,0.471078,15813,4978106,0.572181,8700223
1,2021-06-16,35610,8757988,24056,4618787,9711,3773464,1843,365737,13387,872954,0.100337,21950,4120436,0.473601,15284,4993390,0.573938,8700223
1,2021-06-17,33750,8791738,22313,4641100,9480,3782944,1957,367694,13175,867848,0.09975,20331,4140767,0.475938,15225,5008615,0.575688,8700223
1,2021-06-18,39841,8831579,25873,4666973,11105,3794049,2863,370557,15487,862194,0.0991,24061,4164828,0.478704,18407,5027022,0.577804,8700223
1,2021-06-19,24103,8855682,16721,4683694,6182,3800231,1200,371757,9818,859139,0.098749,14112,4178940,0.480326,11057,5038079,0.579075,8700223
1,2021-06-20,8164,8863846,5983,4689677,1905,3802136,276,372033,3240,857809,0.098596,4857,4183797,0.480884,3527,5041606,0.57948,8700223
1,2021-06-21,21037,8884883,11903,4701580,6939,3809075,2195,374228,10966,861065,0.09897,9955,4193752,0.482028,13211,5054817,0.580999,8700223
1,2021-06-22,30908,8915791,20180,4721760,8579,3817654,2149,376377,12944,858476,0.098673,17747,4211499,0.484068,15158,5069975,0.582741,8700223
1,2021-06-23,29505,8945296,19823,4741583,7864,3825518,1818,378195,12887,856812,0.098482,16394,4227893,0.485952,14730,5084705,0.584434,8700223
1,2021-06-24,28497,8973793,18971,4760554,7846,3833364,1680,379875,12094,854456,0.098211,16198,4244091,0.487814,13842,5098547,0.586025,8700223
1,2021-06-25,31857,9005650,21568,4782122,8882,3842246,1407,381282,14019,852341,0.097968,17597,4261688,0.489837,15482,5114029,0.587804,8700223
1,2021-06-26,22290,9027940,16542,4798664,4917,3847163,831,382113,9721,850500,0.097756,12447,4274135,0.491267,10606,5124635,0.589023,8700223
1,2021-06-27,9166,9037106,6817,4805481,1917,3849080,432,382545,4065,849980,0.097696,5032,4279167,0.491846,4512,5129147,0.589542,8700223
1,2021-06-28,21194,9058300,15736,4821217,4204,3853284,1254,383799,9830,849940,0.097692,11172,4290339,0.49313,11132,5140279,0.590822,8700223
1,2021-06-29,26670,9084970,18238,4839455,7046,3860330,1386,385185,11748,848394,0.097514,14736,4305075,0.494824,13190,5153469,0.592338,8700223
1,2021-06-30,25968,9110938,17956,4857411,6954,3867284,1058,386243,12330,848435,0.097519,13418,4318493,0.496366,13459,5166928,0.593885,8700223
1,2021-07-01,23736,9134674,16496,4873907,5970,3873254,1270,387513,10973,848154,0.097486,12606,4331099,0.497815,12325,5179253,0.595301,8700223
1,2021-07-02,26488,9161162,18181,4892088,7262,3880516,1045,388558,12365,847715,0.097436,13931,4345030,0.499416,13492,5192745,0.596852,8700223
1,2021-07-03,14620,9175782,10216,4902304,3964,3884480,440,388998,6947,847594,0.097422,7540,4352570,0.500283,7419,5200164,0.597705,8700223
1,2021-07-04,1268,9177050,709,4903013,493,3884973,66,389064,611,847630,0.097426,647,4353217,0.500357,683,5200847,0.597783,8700223
1,2021-07-05,11029,9188079,7608,4910621,3057,3888030,364,389428,5234,847548,0.097417,5726,4358943,0.501015,5644,5206491,0.598432,8700223
1,2021-07-06,27213,9215292,19236,4929857,6835,3894865,1142,390570,10854,843468,0.096948,16176,4375119,0.502874,12096,5218587,0.599822,8700223
1,2021-07-07,23727,9239019,16602,4946459,5966,3900831,1159,391729,10201,841575,0.09673,13340,4388459,0.504408,11447,5230034,0.601138,8700223
1,2021-07-08,22759,9261778,15703,4962162,5962,3906793,1094,392823,9821,839776,0.096524,12804,4401263,0.505879,11005,5241039,0.602403,8700223
1,2021-07-09,26858,9288636,18994,4981156,6703,3913496,1161,393984,12081,838474,0.096374,14602,4415865,0.507558,13300,5254339,0.603932,8700223
1,2021-07-10,17719,9306355,12787,4993943,4172,3917668,760,394744,7864,837414,0.096252,9731,4425596,0.508676,8671,5263010,0.604928,8700223
1,2021-07-11,6748,9313103,4936,4998879,1611,3919279,201,394945,3251,837439,0.096255,3445,4429041,0.509072,3470,5266480,0.605327,8700223
1,2021-07-12,20204,9333307,14506,5013385,4812,3924091,886,395831,8965,836283,0.096122,11100,4440141,0.510348,9944,5276424,0.60647,8700223
1,2021-07-13,22174,9355481,15490,5028875,5884,3929975,800,396631,10365,835870,0.096075,11665,4451806,0.511689,11252,5287676,0.607763,8700223
1,2021-07-14,22175,9377656,15222,5044097,5978,3935953,975,397606,9959,834856,0.095958,12060,4463866,0.513075,11046,5298722,0.609033,8700223
1,2021-07-15,21658,9399314,15369,5059466,5559,3941512,730,398336,10427,835032,0.095978,11085,4474951,0.514349,11261,5309983,0.610327,8700223
1,2021-07-16,26640,9425954,18651,5078117,6994,3948506,995,399331,13136,835910,0.096079,13339,4488290,0.515882,14217,5324200,0.611961,8700223
1,2021-07-17,18436,9444390,13307,5091424,4427,3952933,702,400033,9045,836427,0.096139,9265,4497555,0.516947,9782,5333982,0.613086,8700223
1,2021-07-18,7433,9451823,5483,5096907,1664,3954597,286,400319,3802,836958,0.0962,3573,4501128,0.517358,4104,5338086,0.613557,8700223
1,2021-07-19,20834,9472657,15100,5112007,4904,3959501,830,401149,10455,838096,0.09633,10247,4511375,0.518536,11385,5349471,0.614866,8700223
1,2021-07-20,24545,9497202,16977,5128984,6689,3966190,879,402028,12600,839909,0.096539,11759,4523134,0.519887,13572,5363043,0.616426,8700223
1,2021-07-21,24892,9522094,17500,5146484,6190,3972380,1202,403230,12710,841909,0.096769,12029,4535163,0.52127,14029,5377072,0.618038,8700223
1,2021-07-22,24095,9546189,17003,5163487,6258,3978638,834,404064,13135,845192,0.097146,10773,4545936,0.522508,14056,5391128,0.619654,8700223
1,2021-07-23,28532,9574721,20128,5183615,7397,3986035,1007,405071,15845,849606,0.097653,12507,4558443,0.523946,16921,5408049,0.621599,8700223
1,2021-07-24,17927,9592648,12639,5196254,4731,3990766,557,405628,10562,853504,0.098101,7248,4565691,0.524779,11146,5419195,0.62288,8700223
1,2021-07-25,7370,9600018,5288,5201542,1974,3992740,108,405736,5501,857304,0.098538,1830,4567521,0.524989,5630,5424825,0.623527,8700223
1,2021-07-26,21062,9621080,14555,5216097,5769,3998509,738,406474,13582,864333,0.099346,7362,4574883,0.525835,14391,5439216,0.625181,8700223
1,2021-07-27,26636,9647716,18999,5235096,6703,4005212,934,407408,15697,870249,0.100026,10773,4585656,0.527073,16689,5455905,0.627099,8700223
1,2021-07-28,27524,9675240,19492,5254588,7168,4012380,864,408272,16900,877644,0.100876,10439,4596095,0.528273,17834,5473739,0.629149,8700223
1,2021-07-29,26230,9701470,18637,5273225,6836,4019216,757,409029,16433,885262,0.101752,9633,4605728,0.52938,17251,5490990,0.631132,8700223
1,2021-07-30,30604,9732074,21929,5295154,7781,4026997,894,409923,18746,893287,0.102674,11653,4617381,0.53072,19678,5510668,0.633394,8700223
1,2021-07-31,19600,9751674,14243,5309397,4821,4031818,536,410459,12198,898800,0.103308,7245,4624626,0.531553,12758,5523426,0.63486,8700223
1,2021-08-01,8725,9760399,6597,5315994,2005,4033823,123,410582,5963,902197,0.103698,2718,4627344,0.531865,6115,5529541,0.635563,8700223
1,2021-08-02,24539,9784938,18303,5334297,5538,4039361,698,411280,15914,910387,0.10464,8470,4635814,0.532839,16660,5546201,0.637478,8700223
1,2021-08-03,27941,9812879,20211,5354508,6837,4046198,893,412173,17493,918548,0.105578,10262,4646076,0.534018,18423,5564624,0.639596,8700223
1,2021-08-04,26807,9839686,19446,5373954,6539,4052737,822,412995,17041,926888,0.106536,9567,4655643,0.535118,17907,5582531,0.641654,8700223
1,2021-08-05,26279,9865965,19201,5393155,6223,4058960,855,413850,16582,934846,0.107451,9503,4665146,0.53621,17461,5599992,0.643661,8700223
1,2021-08-06,31826,9897791,23388,5416543,7541,4066501,897,414747,19782,943738,0.108473,11831,4676977,0.53757,20723,5620715,0.646043,8700223
1,2021-08-07,20556,9918347,15337,5431880,4702,4071203,517,415264,12753,949345,0.109117,7676,4684653,0.538452,13283,5633998,0.647569,8700223
1,2021-08-08,8293,9926640,5678,5437558,2453,4073656,162,415426,5363,952008,0.109423,2869,4687522,0.538782,5532,5639530,0.648205,8700223
1,2021-08-09,15561,9942201,11406,5448964,3524,4077180,631,416057,9041,955284,0.1098,6418,4693940,0.53952,9694,5649224,0.649319,8700223
2,2020-12-15,248,248,248,248,0,0,0,0,248,248,2.9e-05,0,0,0.0,248,248,2.9e-05,8407551
2,2020-12-16,2112,2360,2112,2360,0,0,0,0,2111,2359,0.000281,0,0,0.0,2111,2359,0.000281,8407551
2,2020-12-17,6932,9292,6932,9292,0,0,0,0,6932,9291,0.001105,0,0,0.0,6932,9291,0.001105,8407551
2,2020-12-18,11107,20399,11087,20379,20,20,0,0,11106,20397,0.002426,0,0,0.0,11106,20397,0.002426,8407551
2,2020-12-19,5624,26023,5618,25997,6,26,0,0,5625,26022,0.003095,0,0,0.0,5625,26022,0.003095,8407551
2,2020-12-20,4257,30280,4246,30243,11,37,0,0,4252,30273,0.003601,1,1,0.0,4252,30274,0.003601,8407551
2,2020-12-21,12818,43098,12790,43033,28,65,0,0,12775,43048,0.00512,0,1,0.0,12775,43049,0.00512,8407551
2,2020-12-22,12170,55268,11653,54686,517,582,0,0,12168,55216,0.006567,0,1,0.0,12168,55217,0.006568,8407551
2,2020-12-23,11740,67008,9507,64193,2233,2815,0,0,11741,66957,0.007964,1,2,0.0,11742,66959,0.007964,8407551
2,2020-12-24,5912,72920,3501,67694,2411,5226,0,0,5908,72864,0.008666,3,5,1e-06,5910,72869,0.008667,8407551
2,2020-12-25,488,73408,409,68103,79,5305,0,0,490,73354,0.008725,0,5,1e-06,490,73359,0.008725,8407551
2,2020-12-26,2561,75969,1662,69765,899,6204,0,0,2562,75915,0.009029,1,6,1e-06,2562,75921,0.00903,8407551
2,2020-12-27,2237,78206,1217,70982,1020,7224,0,0,2234,78147,0.009295,2,8,1e-06,2234,78155,0.009296,8407551
2,2020-12-28,11051,89257,7185,78167,3866,11090,0,0,11051,89196,0.010609,2,10,1e-06,11051,89206,0.01061,8407551
2,2020-12-29,12811,102068,7203,85370,5608,16698,0,0,12817,102013,0.012133,0,10,1e-06,12817,102023,0.012135,8407551
2,2020-12-30,15569,117637,8694,94064,6875,23573,0,0,15563,117573,0.013984,5,15,2e-06,15565,117588,0.013986,8407551
2,2020-12-31,7597,125234,2837,96901,4760,28333,0,0,7589,125157,0.014886,5,20,2e-06,7589,125177,0.014889,8407551
2,2021-01-01,1273,126507,630,97531,643,28976,0,0,1272,126425,0.015037,4,24,3e-06,1272,126449,0.01504,8407551
2,2021-01-02,4861,131368,2774,100305,2087,31063,0,0,4858,131281,0.015615,2,26,3e-06,4858,131307,0.015618,8407551
2,2021-01-03,1414,132782,795,101100,619,31682,0,0,1406,132683,0.015781,4,30,4e-06,1406,132713,0.015785,8407551
2,2021-01-04,11708,144490,5561,106661,6147,37829,0,0,11698,144378,0.017172,3,33,4e-06,11698,144411,0.017176,8407551
2,2021-01-05,13910,158400,6956,113617,6954,44783,0,0,12684,155879,0.01854,1218,1251,0.000149,12719,157130,0.018689,8407551
2,2021-01-06,19062,177462,10505,124122,8557,53340,0,0,15225,167336,0.019903,3779,5030,0.000598,15236,172366,0.020501,8407551
2,2021-01-07,23354,200816,13153,137275,10201,63541,0,0,15653,175301,0.02085,7704,12734,0.001515,15669,188035,0.022365,8407551
2,2021-01-08,26960,227776,16235,153510,10725,74266,0,0,16611,181647,0.021605,10291,23025,0.002739,16637,204672,0.024344,8407551
2,2021-01-09,9879,237655,5784,159294,4095,78361,0,0,6284,184353,0.021927,3585,26610,0.003165,6291,210963,0.025092,8407551
2,2021-01-10,5325,242980,2968,162262,2357,80718,0,0,3064,185162,0.022023,2261,28871,0.003434,3070,214033,0.025457,8407551
2,2021-01-11,26064,269044,18014,180276,8050,88768,0,0,14941,189035,0.022484,11119,39990,0.004756,14992,229025,0.02724,8407551
2,2021-01-12,26392,295436,16376,196652,10016,98784,0,0,16773,196275,0.023345,9622,49612,0.005901,16862,245887,0.029246,8407551
2,2021-01-13,28646,324082,15183,211835,13463,112247,0,0,20614,208908,0.024848,8012,57624,0.006854,20645,266532,0.031702,8407551
2,2021-01-14,30621,354703,11681,223516,18940,131187,0,0,26312,230982,0.027473,4316,61940,0.007367,26390,292922,0.03484,8407551
2,2021-01-15,35130,389833,12715,236231,22415,153602,0,0,31815,259583,0.030875,3306,65246,0.00776,31907,324829,0.038635,8407551
2,2021-01-16,18133,407966,6000,242231,12133,165735,0,0,16791,275028,0.032712,1357,66603,0.007922,16802,341631,0.040634,8407551
2,2021-01-17,10569,418535,3565,245796,7004,172739,0,0,9819,284092,0.03379,765,67368,0.008013,9829,351460,0.041803,8407551
2,2021-01-18,19792,438327,11057,256853,8735,181474,0,0,14961,294265,0.035,4850,72218,0.00859,15023,366483,0.04359,8407551
2,2021-01-19,32660,470987,16975,273828,15685,197159,0,0,24577,310876,0.036976,8082,80300,0.009551,24693,391176,0.046527,8407551
2,2021-01-20,37680,508667,19000,292828,18680,215839,0,0,29042,331401,0.039417,8609,88909,0.010575,29134,420310,0.049992,8407551
2,2021-01-21,41086,549753,17448,310276,23638,239477,0,0,36554,363636,0.043251,4499,93408,0.01111,36734,457044,0.054361,8407551
2,2021-01-22,39643,589396,16572,326848,23071,262548,0,0,36278,396560,0.047167,3382,96790,0.011512,36306,493350,0.058679,8407551
2,2021-01-23,24166,613562,10797,337645,13369,275917,0,0,21177,414801,0.049337,2968,99758,0.011865,21209,514559,0.061202,8407551
2,2021-01-24,12455,626017,6109,343754,6346,282263,0,0,11533,425443,0.050602,906,100664,0.011973,11548,526107,0.062576,8407551
2,2021-01-25,33955,659972,15615,359369,18340,300603,0,0,25105,441893,0.052559,8798,109462,0.013019,25248,551355,0.065579,8407551
2,2021-01-26,40418,700390,19788,379157,20630,321233,0,0,31145,463875,0.055174,9249,118711,0.01412,31231,582586,0.069293,8407551
2,2021-01-27,45714,746104,22656,401813,23058,344291,0,0,35303,488958,0.058157,10283,128994,0.015343,35366,617952,0.0735,8407551
2,2021-01-28,47966,794070,22390,424203,25576,369867,0,0,39191,519518,0.061792,8707,137701,0.016378,39267,657219,0.07817,8407551
2,2021-01-29,45653,839723,22007,446210,23646,393513,0,0,36841,547739,0.065148,8686,146387,0.017411,36907,694126,0.08256,8407551
2,2021-01-30,31313,871036,13326,459536,17987,411500,0,0,27896,572292,0.068069,3378,149765,0.017813,27931,722057,0.085882,8407551
2,2021-01-31,17180,888216,10215,469751,6965,418465,0,0,15962,587081,0.069828,1196,150961,0.017955,15985,738042,0.087783,8407551
2,2021-02-01,41154,929370,19721,489472,21433,439898,0,0,29997,606019,0.07208,11097,162058,0.019275,30035,768077,0.091356,8407551
2,2021-02-02,47953,977323,19474,508946,28479,468377,0,0,36387,631029,0.075055,11473,173531,0.02064,36483,804560,0.095695,8407551
2,2021-02-03,54089,1031412,23804,532750,30285,498662,0,0,39795,656734,0.078112,14189,187720,0.022328,39894,844454,0.10044,8407551
2,2021-02-04,56304,1087716,24154,556904,32150,530812,0,0,40961,682562,0.081184,15232,202952,0.024139,41060,885514,0.105324,8407551
2,2021-02-05,60230,1147946,26235,583139,33995,564807,0,0,40597,703927,0.083726,19420,222372,0.026449,40785,926299,0.110175,8407551
2,2021-02-06,39376,1187322,18363,601502,21013,585820,0,0,31375,727469,0.086526,7926,230298,0.027392,31468,957767,0.113917,8407551
2,2021-02-07,15737,1203059,10452,611954,5285,591105,0,0,11930,735694,0.087504,3775,234073,0.027841,12000,969767,0.115345,8407551
2,2021-02-08,43107,1246166,21886,633840,21221,612326,0,0,29488,751919,0.089434,13474,247547,0.029443,29699,999466,0.118877,8407551
2,2021-02-09,49649,1295815,23432,657272,26217,638543,0,0,30642,764208,0.090895,18705,266252,0.031668,30994,1030460,0.122564,8407551
2,2021-02-10,59667,1355482,27924,685196,31743,670286,0,0,34408,774008,0.092061,24964,291216,0.034637,34764,1065224,0.126698,8407551
2,2021-02-11,64353,1419835,29556,714752,34797,705083,0,0,35814,782153,0.09303,28170,319386,0.037988,36315,1101539,0.131018,8407551
2,2021-02-12,65643,1485478,28220,742972,37423,742506,0,0,34849,787184,0.093628,30482,349868,0.041614,35513,1137052,0.135242,8407551
2,2021-02-13,38137,1523615,15909,758881,22228,764734,0,0,21990,793514,0.094381,16041,365909,0.043521,22371,1159423,0.137903,8407551
2,2021-02-14,20166,1543781,9369,768250,10797,775531,0,0,11193,796155,0.094695,8919,374828,0.044582,11560,1170983,0.139278,8407551
2,2021-02-15,33335,1577116,15010,783260,18325,793856,0,0,18474,800762,0.095243,14723,389551,0.046333,19330,1190313,0.141577,8407551
2,2021-02-16,56574,1633690,27717,810977,28857,822713,0,0,29774,804538,0.095692,26678,416229,0.049507,30454,1220767,0.145199,8407551
2,2021-02-17,61902,1695592,31832,842809,30070,852783,0,0,30720,805003,0.095748,31082,447311,0.053203,31547,1252314,0.148951,8407551
2,2021-02-18,66545,1762137,33518,876327,33027,885810,0,0,32373,804631,0.095703,33903,481214,0.057236,33531,1285845,0.152939,8407551
2,2021-02-19,59897,1822034,33153,909480,26744,912554,0,0,29729,804995,0.095747,29970,511184,0.060801,30334,1316179,0.156547,8407551
2,2021-02-20,37870,1859904,24570,934050,13300,925854,0,0,20565,809049,0.096229,17196,528380,0.062846,21250,1337429,0.159075,8407551
2,2021-02-21,21797,1881701,17638,951688,4159,930013,0,0,10790,809733,0.09631,10908,539288,0.064143,11592,1349021,0.160454,8407551
2,2021-02-22,39670,1921371,27132,978820,12538,942551,0,0,18815,808540,0.096168,20697,559985,0.066605,19504,1368525,0.162773,8407551
2,2021-02-23,54016,1975387,27572,1006392,26444,968995,0,0,23664,804025,0.095631,30080,590065,0.070183,25565,1394090,0.165814,8407551
2,2021-02-24,71387,2046774,36745,1043137,34642,1003637,0,0,32719,800680,0.095233,38445,628510,0.074755,35100,1429190,0.169989,8407551
2,2021-02-25,77386,2124160,36589,1079726,40797,1044434,0,0,39263,804931,0.095739,37841,666351,0.079256,42092,1471282,0.174995,8407551
2,2021-02-26,86000,2210160,36835,1116561,49165,1093599,0,0,46234,813913,0.096807,39447,705798,0.083948,48429,1519711,0.180755,8407551
2,2021-02-27,63059,2273219,29306,1145867,33745,1127344,8,8,34157,820758,0.097622,28658,734456,0.087357,35503,1555214,0.184978,8407551
2,2021-02-28,31007,2304226,18585,1164452,12421,1139765,1,9,18019,826763,0.098336,12853,747309,0.088885,18858,1574072,0.187221,8407551
2,2021-03-01,58790,2363016,30700,1195152,28033,1167798,57,66,32040,833640,0.099154,26422,773731,0.092028,33299,1607371,0.191182,8407551
2,2021-03-02,70612,2433628,33858,1229010,36743,1204541,11,77,39520,844611,0.100459,30899,804630,0.095703,41870,1649241,0.196162,8407551
2,2021-03-03,81598,2515226,39332,1268342,42250,1246791,16,93,46101,858038,0.102056,35278,839908,0.099899,48705,1697946,0.201955,8407551
2,2021-03-04,89515,2604741,43822,1312164,45662,1292453,31,124,51538,874273,0.103987,37719,877627,0.104386,53954,1751900,0.208372,8407551
2,2021-03-05,83123,2687864,38988,1351152,43819,1336272,316,440,50582,895259,0.106483,32307,909934,0.108228,53293,1805193,0.214711,8407551
2,2021-03-06,63396,2751260,30944,1382096,30746,1367018,1706,2146,38877,912887,0.108579,24377,934311,0.111128,42005,1847198,0.219707,8407551
2,2021-03-07,28679,2779939,16293,1398389,10842,1377860,1544,3690,18179,923294,0.109817,10428,944739,0.112368,20835,1868033,0.222185,8407551
2,2021-03-08,50946,2830885,23354,1421743,25026,1402886,2566,6256,31992,940636,0.11188,18844,963583,0.114609,36186,1904219,0.226489,8407551
2,2021-03-09,70798,2901683,32238,1453981,34702,1437588,3858,10114,39169,953511,0.113411,31484,995067,0.118354,44359,1948578,0.231765,8407551
2,2021-03-10,78777,2980460,37277,1491258,34939,1472527,6561,16675,41776,966392,0.114943,36770,1031837,0.122727,49651,1998229,0.237671,8407551
2,2021-03-11,93514,3073974,43149,1534407,41975,1514502,8390,25065,48747,980472,0.116618,44436,1076273,0.128013,58516,2056745,0.244631,8407551
2,2021-03-12,94447,3168421,38868,1573275,43599,1558101,11980,37045,46989,993640,0.118184,47188,1123461,0.133625,60356,2117101,0.251809,8407551
2,2021-03-13,69369,3237790,29021,1602296,32337,1590438,8011,45056,38097,1009893,0.120117,31130,1154591,0.137328,47383,2164484,0.257445,8407551
2,2021-03-14,37076,3274866,18326,1620622,14229,1604667,4521,49577,18609,1015404,0.120773,18356,1172947,0.139511,23867,2188351,0.260284,8407551
2,2021-03-15,67571,3342437,30495,1651117,32068,1636735,5008,54585,37196,1028554,0.122337,30141,1203088,0.143096,43291,2231642,0.265433,8407551
2,2021-03-16,86531,3428968,38307,1689424,44191,1680926,4033,58618,52166,1051714,0.125092,34147,1237235,0.147158,57307,2288949,0.272249,8407551
2,2021-03-17,93123,3522091,44601,1734025,44318,1725244,4204,62822,58931,1081756,0.128665,33903,1271138,0.15119,63945,2352894,0.279855,8407551
2,2021-03-18,98441,3620532,46956,1780981,46883,1772127,4602,67424,59717,1108232,0.131814,38388,1309526,0.155756,64864,2417758,0.28757,8407551
2,2021-03-19,97716,3718248,46234,1827215,45336,1817463,6146,73570,57679,1132855,0.134743,39711,1349237,0.160479,64334,2482092,0.295222,8407551
2,2021-03-20,70218,3788466,34014,1861229,32221,1849684,3983,77553,45750,1158719,0.137819,24223,1373460,0.16336,50087,2532179,0.301179,8407551
2,2021-03-21,33547,3822013,21653,1882882,9890,1859574,2004,79557,20012,1167786,0.138897,13377,1386837,0.164951,22444,2554623,0.303849,8407551
2,2021-03-22,63018,3885031,34682,1917564,25700,1885274,2636,82193,41683,1191910,0.141767,21089,1407926,0.16746,45213,2599836,0.309226,8407551
2,2021-03-23,84123,3969154,44697,1962261,36505,1921779,2921,85114,52209,1216266,0.144664,31614,1439540,0.17122,55970,2655806,0.315883,8407551
2,2021-03-24,92091,4061245,49457,2011718,39458,1961237,3176,88290,53676,1235861,0.146994,38067,1477607,0.175748,57662,2713468,0.322742,8407551
2,2021-03-25,101727,4162972,51282,2063000,46548,2007785,3897,92187,57171,1253517,0.149094,44171,1521778,0.181001,61827,2775295,0.330096,8407551
2,2021-03-26,103860,4266832,51445,2114445,48914,2056699,3501,95688,56427,1267456,0.150752,47026,1568804,0.186595,60965,2836260,0.337347,8407551
2,2021-03-27,75966,4342798,37890,2152335,34767,2091466,3309,98997,37833,1271599,0.151245,37856,1606660,0.191097,41999,2878259,0.342342,8407551
2,2021-03-28,37887,4380685,23408,2175743,13669,2105135,810,99807,20162,1275826,0.151748,17591,1624251,0.19319,21818,2900077,0.344937,8407551
2,2021-03-29,71860,4452545,36480,2212223,33101,2138236,2279,102086,40646,1288671,0.153275,30983,1655234,0.196875,43828,2943905,0.35015,8407551
2,2021-03-30,92433,4544978,45258,2257481,42795,2181031,4380,106466,51679,1304794,0.155193,40533,1695767,0.201696,56656,3000561,0.356889,8407551
2,2021-03-31,101603,4646581,52349,2309830,44132,2225163,5122,111588,57434,1323859,0.157461,43839,1739606,0.20691,62904,3063465,0.364371,8407551
2,2021-04-01,118056,4764637,56970,2366800,51818,2276981,9268,120856,64068,1344035,0.15986,53545,1793151,0.213279,73721,3137186,0.373139,8407551
2,2021-04-02,112045,4876682,51585,2418385,50224,2327205,10236,131092,59863,1362803,0.162093,51773,1844924,0.219437,70541,3207727,0.381529,8407551
2,2021-04-03,77016,4953698,37843,2456228,29325,2356530,9848,140940,38111,1372433,0.163238,38690,1883614,0.224038,48320,3256047,0.387277,8407551
2,2021-04-04,29044,4982742,14946,2471174,10236,2366766,3862,144802,13011,1373411,0.163354,15921,1899535,0.225932,16899,3272946,0.389286,8407551
2,2021-04-05,79429,5062171,38905,2510079,31665,2398431,8859,153661,38256,1380274,0.164171,40983,1940518,0.230807,47846,3320792,0.394977,8407551
2,2021-04-06,104203,5166374,50744,2560823,38725,2437156,14734,168395,49299,1390080,0.165337,54610,1995128,0.237302,64416,3385208,0.402639,8407551
2,2021-04-07,110777,5277151,55245,2616068,39225,2476381,16307,184702,52048,1400251,0.166547,58416,2053544,0.24425,68587,3453795,0.410797,8407551
2,2021-04-08,119664,5396815,57585,2673653,43290,2519671,18789,203491,55507,1411291,0.16786,63773,2117317,0.251835,74813,3528608,0.419695,8407551
2,2021-04-09,119184,5515999,57325,2730978,43694,2563365,18165,221656,56329,1424136,0.169388,62464,2179781,0.259265,75309,3603917,0.428652,8407551
2,2021-04-10,87777,5603776,37869,2768847,31449,2594814,18459,240115,36137,1428016,0.169849,51371,2231152,0.265375,55251,3659168,0.435224,8407551
2,2021-04-11,44554,5648330,23115,2791962,12957,2607771,8482,248597,18224,1429255,0.169997,26178,2257330,0.268488,27417,3686585,0.438485,8407551
2,2021-04-12,80316,5728646,37385,2829347,33482,2641253,9449,258046,35744,1431137,0.17022,44292,2301622,0.273757,46174,3732759,0.443977,8407551
2,2021-04-13,102157,5830803,53041,2882388,48852,2690105,264,258310,55850,1442126,0.171527,46019,2347641,0.27923,57008,3789767,0.450758,8407551
2,2021-04-14,106997,5937800,56050,2938438,50892,2740997,55,258365,54566,1446075,0.171997,52111,2399752,0.285428,56060,3845827,0.457425,8407551
2,2021-04-15,113320,6051120,60140,2998578,53093,2794090,87,258452,59000,1452318,0.17274,53913,2453665,0.291841,60156,3905983,0.46458,8407551
2,2021-04-16,111031,6162151,57551,3056129,53425,2847515,55,258507,56290,1455148,0.173076,54368,2508033,0.298307,57198,3963181,0.471384,8407551
2,2021-04-17,83664,6245815,42551,3098680,41099,2888614,14,258521,46671,1465965,0.174363,36735,2544768,0.302676,47552,4010733,0.477039,8407551
2,2021-04-18,35946,6281761,21840,3120520,14099,2902713,7,258528,17076,1465304,0.174284,18726,2563494,0.304904,18065,4028798,0.479188,8407551
2,2021-04-19,75003,6356764,40383,3160903,34602,2937315,18,258546,34054,1459331,0.173574,40666,2604160,0.309741,34693,4063491,0.483314,8407551
2,2021-04-20,97683,6454447,49413,3210316,48243,2985558,27,258573,47130,1457043,0.173302,50189,2654349,0.31571,47901,4111392,0.489012,8407551
2,2021-04-21,104096,6558543,56378,3266694,47657,3033215,61,258634,49108,1452689,0.172784,54492,2708841,0.322191,50138,4161530,0.494975,8407551
2,2021-04-22,108599,6667142,56180,3322874,52393,3085608,26,258660,47472,1440404,0.171323,60677,2769518,0.329408,48392,4209922,0.500731,8407551
2,2021-04-23,108192,6775334,57602,3380476,50571,3136179,19,258679,49931,1433456,0.170496,57823,2827341,0.336286,50875,4260797,0.506782,8407551
2,2021-04-24,81114,6856448,47758,3428234,33315,3169494,41,258720,42183,1438053,0.171043,38564,2865905,0.340873,43161,4303958,0.511916,8407551
2,2021-04-25,36665,6893113,22576,3450810,14074,3183568,15,258735,19920,1441867,0.171497,16588,2882493,0.342846,20402,4324360,0.514342,8407551
2,2021-04-26,74455,6967568,41264,3492074,32880,3216448,311,259046,34160,1437776,0.17101,40010,2922503,0.347605,35919,4360279,0.518615,8407551
2,2021-04-27,88506,7056074,46712,3538786,40427,3256875,1367,260413,37891,1428061,0.169855,50216,2972719,0.353577,40501,4400780,0.523432,8407551
2,2021-04-28,88450,7144524,47300,3586086,39277,3296152,1873,262286,38971,1420699,0.168979,49121,3021840,0.35942,41759,4442539,0.528399,8407551
2,2021-04-29,91449,7235973,49827,3635913,39904,3336056,1718,264004,35472,1402921,0.166864,55567,3077407,0.366029,37789,4480328,0.532893,8407551
2,2021-04-30,95105,7331078,52582,3688495,40514,3376570,2009,266013,36900,1384769,0.164705,57720,3135127,0.372894,39568,4519896,0.5376,8407551
2,2021-05-01,62757,7393835,38300,3726795,22865,3399435,1592,267605,24431,1373654,0.163383,37989,3173116,0.377413,26874,4546770,0.540796,8407551
2,2021-05-02,29351,7423186,20439,3747234,7934,3407369,978,268583,11134,1367776,0.162684,18078,3191194,0.379563,12200,4558970,0.542247,8407551
2,2021-05-03,60797,7483983,36117,3783351,22616,3429985,2064,270647,20400,1350392,0.160617,40111,3231305,0.384334,22727,4581697,0.54495,8407551
2,2021-05-04,80210,7564193,47919,3831270,29896,3459881,2395,273042,26027,1325392,0.157643,53817,3285122,0.390735,28817,4610514,0.548378,8407551
2,2021-05-05,80811,7645004,48150,3879420,30308,3490189,2353,275395,25253,1298213,0.15441,55152,3340274,0.397295,27973,4638487,0.551705,8407551
2,2021-05-06,83265,7728269,50562,3929982,29772,3519961,2931,278326,25357,1269725,0.151022,57410,3397684,0.404123,28922,4667409,0.555145,8407551
2,2021-05-07,84030,7812299,48522,3978504,33077,3553038,2431,280757,25838,1240670,0.147566,57782,3455466,0.410996,28727,4696136,0.558562,8407551
2,2021-05-08,55892,7868191,33907,4012411,20259,3573297,1726,282483,17521,1222522,0.145408,38126,3493592,0.41553,19978,4716114,0.560938,8407551
2,2021-05-09,21920,7890111,15784,4028195,5386,3578683,750,283233,6345,1214367,0.144438,15481,3509073,0.417372,7326,4723440,0.561809,8407551
2,2021-05-10,50397,7940508,27477,4055672,21036,3599719,1884,285117,14191,1195110,0.142147,35938,3545011,0.421646,16681,4740121,0.563793,8407551
2,2021-05-11,66551,8007059,36094,4091766,28326,3628045,2131,287248,20032,1171759,0.13937,46203,3591214,0.427142,22852,4762973,0.566511,8407551
2,2021-05-12,65443,8072502,34898,4126664,28312,3656357,2233,289481,19243,1147766,0.136516,45883,3637097,0.432599,21890,4784863,0.569115,8407551
2,2021-05-13,71274,8143776,41437,4168101,27882,3684239,1955,291436,26091,1131677,0.134602,44877,3681974,0.437937,28788,4813651,0.572539,8407551
2,2021-05-14,80207,8223983,48100,4216201,29842,3714081,2265,293701,30809,1116373,0.132782,49022,3730996,0.443767,33718,4847369,0.576549,8407551
2,2021-05-15,66667,8290650,43819,4260020,21127,3735208,1721,295422,25852,1103788,0.131285,40554,3771550,0.448591,27969,4875338,0.579876,8407551
2,2021-05-16,31758,8322408,23758,4283778,7074,3742282,926,296348,12899,1099025,0.130719,18717,3790267,0.450817,13954,4889292,0.581536,8407551
2,2021-05-17,58206,8380614,36887,4320665,19367,3761649,1952,298300,22935,1089262,0.129558,35015,3825282,0.454982,25252,4914544,0.584539,8407551
2,2021-05-18,70364,8450978,41183,4361848,27215,3788864,1966,300266,27937,1077563,0.128166,42143,3867425,0.459994,30444,4944988,0.58816,8407551
2,2021-05-19,69058,8520036,40874,4402722,26170,3815034,2014,302280,27305,1065915,0.126781,41434,3908859,0.464922,29786,4974774,0.591703,8407551
2,2021-05-20,69767,8589803,40483,4443205,27094,3842128,2190,304470,26526,1052325,0.125164,42896,3951755,0.470025,29306,5004080,0.595189,8407551
2,2021-05-21,73228,8663031,43254,4486459,27808,3869936,2166,306636,27792,1037772,0.123433,45066,3996821,0.475385,30513,5034593,0.598818,8407551
2,2021-05-22,53625,8716656,33996,4520455,17854,3887790,1775,308411,22338,1031372,0.122672,31050,4027871,0.479078,24650,5059243,0.60175,8407551
2,2021-05-23,24424,8741080,16662,4537117,7037,3894827,725,309136,10237,1028417,0.122321,14058,4041929,0.48075,11103,5070346,0.603071,8407551
2,2021-05-24,44843,8785923,25488,4562605,17582,3912409,1773,310909,17207,1020328,0.121359,27410,4069339,0.48401,19321,5089667,0.605369,8407551
2,2021-05-25,50776,8836699,29725,4592330,19186,3931595,1865,312774,19279,1010824,0.120228,31189,4100528,0.48772,21685,5111352,0.607948,8407551
2,2021-05-26,48717,8885416,27290,4619620,19740,3951335,1687,314461,18998,1002465,0.119234,29386,4129914,0.491215,21027,5132379,0.610449,8407551
2,2021-05-27,46590,8932006,26411,4646031,18446,3969781,1733,316194,18573,995508,0.118406,27768,4157682,0.494518,20811,5153190,0.612924,8407551
2,2021-05-28,50053,8982059,27655,4673686,20425,3990206,1973,318167,20983,990086,0.117762,28808,4186490,0.497944,23386,5176576,0.615706,8407551
2,2021-05-29,29002,9011061,17384,4691070,10558,4000764,1060,319227,13226,988925,0.117623,15619,4202109,0.499802,14458,5191034,0.617425,8407551
2,2021-05-30,12681,9023742,8174,4699244,3741,4004505,766,319993,5528,988192,0.117536,7093,4209202,0.500645,6360,5197394,0.618182,8407551
2,2021-05-31,5893,9029635,3442,4702686,2148,4006653,303,320296,1829,986369,0.117319,4004,4213206,0.501122,2181,5199575,0.618441,8407551
2,2021-06-01,44793,9074428,25722,4728408,17410,4024063,1661,321957,15566,975060,0.115974,28913,4242119,0.504561,17604,5217179,0.620535,8407551
2,2021-06-02,38224,9112652,22488,4750896,14327,4038390,1409,323366,14938,968689,0.115217,23019,4265138,0.507298,16648,5233827,0.622515,8407551
2,2021-06-03,41392,9154044,26644,4777540,13277,4051667,1471,324837,13892,957179,0.113848,27256,4292394,0.51054,15746,5249573,0.624388,8407551
2,2021-06-04,48023,9202067,31384,4808924,15099,4066766,1540,326377,15465,942454,0.112096,32254,4324648,0.514377,17529,5267102,0.626473,8407551
2,2021-06-05,37894,9239961,27029,4835953,9401,4076167,1464,327841,11772,930224,0.110641,25886,4350534,0.517456,13656,5280758,0.628097,8407551
2,2021-06-06,14912,9254873,12234,4848187,2100,4078267,578,328419,4646,925437,0.110072,10200,4360734,0.518669,5413,5286171,0.628741,8407551
2,2021-06-07,33299,9288172,23296,4871483,8726,4086993,1277,329696,10791,915398,0.108878,22353,4383087,0.521327,12314,5298485,0.630206,8407551
2,2021-06-08,40632,9328804,28758,4900241,10507,4097500,1367,331063,12443,901643,0.107242,27945,4411032,0.524651,14190,5312675,0.631893,8407551
2,2021-06-09,38147,9366951,26634,4926875,10017,4107517,1496,332559,11508,888531,0.105682,26444,4437476,0.527797,13332,5326007,0.633479,8407551
2,2021-06-10,37760,9404711,26255,4953130,9980,4117497,1525,334084,11565,876095,0.104203,25998,4463474,0.530889,13562,5339569,0.635092,8407551
2,2021-06-11,41271,9445982,27393,4980523,12206,4129703,1672,335756,13178,863418,0.102696,27826,4491300,0.534198,15149,5354718,0.636894,8407551
2,2021-06-12,29406,9475388,21638,5002161,6856,4136559,912,336668,8654,852598,0.101409,20612,4511912,0.53665,9792,5364510,0.638059,8407551
2,2021-06-13,12215,9487603,8917,5011078,2679,4139238,619,337287,3099,847430,0.100794,9054,4520966,0.537727,3886,5368396,0.638521,8407551
2,2021-06-14,29914,9517517,21226,5032304,7489,4146727,1199,338486,10344,839779,0.099884,19400,4540366,0.540034,11749,5380145,0.639918,8407551
2,2021-06-15,35566,9553083,23663,5055967,9856,4156583,2047,340533,11945,830766,0.098812,23381,4563747,0.542815,14368,5394513,0.641627,8407551
2,2021-06-16,33002,9586085,22774,5078741,8436,4165019,1792,342325,11384,822803,0.097865,21449,4585196,0.545366,13486,5407999,0.643231,8407551
2,2021-06-17,30820,9616905,20583,5099324,8440,4173459,1797,344122,10879,815922,0.097046,19767,4604963,0.547718,12886,5420885,0.644764,8407551
2,2021-06-18,34736,9651641,22895,5122219,9967,4183426,1874,345996,12653,808842,0.096204,21866,4626829,0.550318,14786,5435671,0.646523,8407551
2,2021-06-19,20931,9672572,14572,5136791,5098,4188524,1261,347257,7900,805333,0.095787,12868,4639697,0.551849,9359,5445030,0.647636,8407551
2,2021-06-20,8285,9680857,5920,5142711,1900,4190424,465,347722,3062,803748,0.095598,5180,4644877,0.552465,3595,5448625,0.648063,8407551
2,2021-06-21,19332,9700189,11824,5154535,6185,4196609,1323,349045,9877,805793,0.095842,9334,4654211,0.553575,11379,5460004,0.649417,8407551
2,2021-06-22,26882,9727071,18406,5172941,7097,4203706,1379,350424,10535,801801,0.095367,16180,4670391,0.5555,12188,5472192,0.650866,8407551
2,2021-06-23,25893,9752964,17874,5190815,6396,4210102,1623,352047,10540,799047,0.095039,15213,4685604,0.557309,12459,5484651,0.652348,8407551
2,2021-06-24,25332,9778296,17243,5208058,6570,4216672,1519,353566,10447,796508,0.094737,14738,4700342,0.559062,12199,5496850,0.653799,8407551
2,2021-06-25,28729,9807025,19468,5227526,7769,4224441,1492,355058,11997,793660,0.094398,16573,4716915,0.561033,13725,5510575,0.655432,8407551
2,2021-06-26,18508,9825533,13636,5241162,3944,4228385,928,355986,7531,791482,0.094139,10888,4727803,0.562328,8710,5519285,0.656468,8407551
2,2021-06-27,8785,9834318,6707,5247869,1631,4230016,447,356433,3522,790363,0.094006,5211,4733014,0.562948,4092,5523377,0.656954,8407551
2,2021-06-28,19749,9854067,15004,5262873,3503,4233519,1242,357675,8697,789571,0.093912,10921,4743935,0.564247,10129,5533506,0.658159,8407551
2,2021-06-29,22625,9876692,15772,5278645,5781,4239300,1072,358747,9638,787664,0.093685,12852,4756787,0.565776,10945,5544451,0.659461,8407551
2,2021-06-30,21850,9898542,15489,5294134,5337,4244637,1024,359771,9721,786645,0.093564,11990,4768777,0.567202,10971,5555422,0.660766,8407551
2,2021-07-01,19735,9918277,13942,5308076,4916,4249553,877,360648,8765,785643,0.093445,10848,4779625,0.568492,9846,5565268,0.661937,8407551
2,2021-07-02,22669,9940946,15639,5323715,6006,4255559,1024,361672,10005,784365,0.093293,12507,4792132,0.56998,11229,5576497,0.663272,8407551
2,2021-07-03,12458,9953404,8986,5332701,3002,4258561,470,362142,5693,783980,0.093247,6669,4798801,0.570773,6284,5582781,0.66402,8407551
2,2021-07-04,996,9954400,587,5333288,342,4258903,67,362209,430,783945,0.093243,555,4799356,0.570839,520,5583301,0.664082,8407551
2,2021-07-05,11004,9965404,8053,5341341,2543,4261446,408,362617,5041,783621,0.093204,5899,4805255,0.57154,5575,5588876,0.664745,8407551
2,2021-07-06,23541,9988945,17121,5358462,5445,4266891,975,363592,9086,779645,0.092732,14314,4819569,0.573243,10338,5599214,0.665974,8407551
2,2021-07-07,20443,10009388,14584,5373046,4762,4271653,1097,364689,8673,778049,0.092542,11630,4831199,0.574626,10034,5609248,0.667168,8407551
2,2021-07-08,19016,10028404,13249,5386295,4739,4276392,1028,365717,8021,776409,0.092347,10894,4842093,0.575922,9254,5618502,0.668269,8407551
2,2021-07-09,22328,10050732,15454,5401749,5628,4282020,1246,366963,9419,774504,0.09212,12776,4854869,0.577442,10871,5629373,0.669562,8407551
2,2021-07-10,14101,10064833,10398,5412147,3019,4285039,684,367647,6175,773688,0.092023,7834,4862703,0.578373,7018,5636391,0.670396,8407551
2,2021-07-11,6541,10071374,4802,5416949,1390,4286429,349,367996,3080,773770,0.092033,3417,4866120,0.57878,3499,5639890,0.670812,8407551
2,2021-07-12,18105,10089479,13311,5430260,3928,4290357,866,368862,7787,772415,0.091872,10208,4876328,0.579994,8853,5648743,0.671865,8407551
2,2021-07-13,19341,10108820,13648,5443908,4810,4295167,883,369745,8640,771574,0.091772,10561,4886889,0.58125,9720,5658463,0.673022,8407551
2,2021-07-14,18499,10127319,13220,5457128,4501,4299668,778,370523,8255,770697,0.091667,10120,4897009,0.582454,9243,5667706,0.674121,8407551
2,2021-07-15,18635,10145954,13528,5470656,4413,4304081,694,371217,8465,770010,0.091586,10059,4907068,0.58365,9372,5677078,0.675236,8407551
2,2021-07-16,22585,10168539,16260,5486916,5499,4309580,826,372043,10796,770175,0.091605,11659,4918727,0.585037,11824,5688902,0.676642,8407551
2,2021-07-17,14194,10182733,10338,5497254,3325,4312905,531,372574,6855,770446,0.091637,7249,4925976,0.585899,7520,5696422,0.677536,8407551
2,2021-07-18,6960,10189693,5200,5502454,1434,4314339,326,372900,3527,770976,0.0917,3391,4929367,0.586302,3921,5700343,0.678003,8407551
2,2021-07-19,18242,10207935,13598,5516052,3915,4318254,729,373629,9047,771855,0.091805,9082,4938449,0.587383,9961,5710304,0.679188,8407551
2,2021-07-20,20576,10228511,14664,5530716,5080,4323334,832,374461,10404,773268,0.091973,10043,4948492,0.588577,11456,5721760,0.68055,8407551
2,2021-07-21,20117,10248628,14639,5545355,4720,4328054,758,375219,10409,775048,0.092185,9583,4958075,0.589717,11363,5733123,0.681902,8407551
2,2021-07-22,20053,10268681,14316,5559671,4892,4332946,845,376064,10708,777573,0.092485,9202,4967277,0.590811,11727,5744850,0.683296,8407551
2,2021-07-23,24070,10292751,16848,5576519,6190,4339136,1032,377096,13117,781114,0.092906,10805,4978082,0.592097,14346,5759196,0.685003,8407551
2,2021-07-24,14602,10307353,10532,5587051,3579,4342715,491,377587,8149,783520,0.093192,6348,4984430,0.592852,8754,5767950,0.686044,8407551
2,2021-07-25,6590,10313943,4840,5591891,1614,4344329,136,377723,4871,786890,0.093593,1676,4986106,0.593051,5046,5772996,0.686644,8407551
2,2021-07-26,18699,10332642,13210,5605101,4734,4349063,755,378478,11832,792854,0.094303,6751,4992857,0.593854,12715,5785711,0.688157,8407551
2,2021-07-27,22414,10355056,16223,5621324,5354,4354417,837,379315,13141,797859,0.094898,9123,5001980,0.594939,14128,5799839,0.689837,8407551
2,2021-07-28,22308,10377364,15969,5637293,5451,4359868,888,380203,13186,803156,0.095528,8962,5010942,0.596005,14259,5814098,0.691533,8407551
2,2021-07-29,21098,10398462,15124,5652417,5078,4364946,896,381099,12715,808670,0.096184,8247,5019189,0.596986,13761,5827859,0.69317,8407551
2,2021-07-30,25696,10424158,18334,5670751,6446,4371392,916,382015,15411,815103,0.096949,10097,5029286,0.598187,16530,5844389,0.695136,8407551
2,2021-07-31,15474,10439632,11416,5682167,3567,4374959,491,382506,9362,819098,0.097424,5990,5035276,0.598899,9985,5854374,0.696323,8407551
2,2021-08-01,7900,10447532,6093,5688260,1641,4376600,166,382672,5158,821797,0.097745,2686,5037962,0.599219,5385,5859759,0.696964,8407551
2,2021-08-02,20941,10468473,15774,5704034,4427,4381027,740,383412,13275,828398,0.09853,7528,5045490,0.600114,14129,5873888,0.698644,8407551
2,2021-08-03,23624,10492097,17242,5721276,5401,4386428,981,384393,14693,835412,0.099364,8785,5054275,0.601159,15799,5889687,0.700523,8407551
2,2021-08-04,22266,10514363,16530,5737806,4920,4391348,816,385209,13874,841942,0.100141,8258,5062533,0.602141,14788,5904475,0.702282,8407551
2,2021-08-05,22497,10536860,16576,5754382,5053,4396401,868,386077,13925,848438,0.100914,8411,5070944,0.603142,14907,5919382,0.704055,8407551
2,2021-08-06,26489,10563349,19367,5773749,6197,4402598,925,387002,16186,855546,0.101759,10126,5081070,0.604346,17234,5936616,0.706105,8407551
2,2021-08-07,16467,10579816,12246,5785995,3651,4406249,570,387572,10078,859991,0.102288,6283,5087353,0.605093,10728,5947344,0.707381,8407551
2,2021-08-08,7571,10587387,5462,5791457,1903,4408152,206,387778,4668,862064,0.102534,2840,5090193,0.605431,4913,5952257,0.707966,8407551
2,2021-08-09,12917,10600304,9793,5801250,2527,4410679,597,388375,7412,864749,0.102854,5427,5095620,0.606077,8112,5960369,0.70893,8407551
3,2020-12-15,322,322,322,322,0,0,0,0,322,322,4e-05,0,0,0.0,322,322,4e-05,8129050
3,2020-12-16,2469,2791,2469,2791,0,0,0,0,2470,2792,0.000343,0,0,0.0,2470,2792,0.000343,8129050
3,2020-12-17,7853,10644,7853,10644,0,0,0,0,7853,10645,0.00131,0,0,0.0,7853,10645,0.00131,8129050
3,2020-12-18,13471,24115,13452,24096,19,19,0,0,13470,24115,0.002967,0,0,0.0,13470,24115,0.002967,8129050
3,2020-12-19,7275,31390,7262,31358,13,32,0,0,7338,31453,0.003869,0,0,0.0,7338,31453,0.003869,8129050
3,2020-12-20,5668,37058,5658,37016,10,42,0,0,5715,37167,0.004572,1,1,0.0,5715,37168,0.004572,8129050
3,2020-12-21,14380,51438,14354,51370,26,68,0,0,14444,51610,0.006349,1,2,0.0,14444,51612,0.006349,8129050
3,2020-12-22,14842,66280,14260,65630,582,650,0,0,14879,66486,0.008179,3,5,1e-06,14879,66491,0.008179,8129050
3,2020-12-23,14862,81142,12257,77887,2605,3255,0,0,14878,81363,0.010009,2,7,1e-06,14879,81370,0.01001,8129050
3,2020-12-24,6803,87945,4878,82765,1925,5180,0,0,6800,88161,0.010845,2,9,1e-06,6800,88170,0.010846,8129050
3,2020-12-25,723,88668,665,83430,58,5238,0,0,721,88882,0.010934,0,9,1e-06,721,88891,0.010935,8129050
3,2020-12-26,4627,93295,3002,86432,1625,6863,0,0,4625,93507,0.011503,0,9,1e-06,4625,93516,0.011504,8129050
3,2020-12-27,2989,96284,1856,88288,1133,7996,0,0,2989,96496,0.011871,0,9,1e-06,2989,96505,0.011872,8129050
3,2020-12-28,13656,109940,8732,97020,4924,12920,0,0,13680,110175,0.013553,1,10,1e-06,13680,110185,0.013554,8129050
3,2020-12-29,15158,125098,8547,105567,6611,19531,0,0,15183,125356,0.015421,2,12,1e-06,15183,125368,0.015422,8129050
3,2020-12-30,18171,143269,10128,115695,8043,27574,0,0,18176,143531,0.017657,2,14,2e-06,18177,143545,0.017658,8129050
3,2020-12-31,8468,151737,3244,118939,5224,32798,0,0,8468,151997,0.018698,2,16,2e-06,8468,152013,0.0187,8129050
3,2021-01-01,1634,153371,780,119719,854,33652,0,0,1630,153626,0.018898,1,17,2e-06,1630,153643,0.0189,8129050
3,2021-01-02,4947,158318,2427,122146,2520,36172,0,0,4947,158573,0.019507,0,17,2e-06,4947,158590,0.019509,8129050
3,2021-01-03,1621,159939,853,122999,768,36940,0,0,1612,160183,0.019705,2,19,2e-06,1612,160202,0.019707,8129050
3,2021-01-04,12064,172003,5974,128973,6090,43030,0,0,12035,172210,0.021185,8,27,3e-06,12035,172237,0.021188,8129050
3,2021-01-05,15763,187766,8161,137134,7602,50632,0,0,14086,184666,0.022717,1661,1688,0.000208,14117,186354,0.022924,8129050
3,2021-01-06,20648,208414,10922,148056,9726,60358,0,0,16078,196231,0.024139,4523,6211,0.000764,16088,202442,0.024904,8129050
3,2021-01-07,26690,235104,15256,163312,11434,71792,0,0,17206,204008,0.025096,9446,15657,0.001926,17223,219665,0.027022,8129050
3,2021-01-08,30726,265830,18780,182092,11946,83738,0,0,18207,209741,0.025801,12499,28156,0.003464,18232,237897,0.029265,8129050
3,2021-01-09,12472,278302,7047,189139,5425,89163,0,0,7940,213165,0.026223,4525,32681,0.00402,7949,245846,0.030243,8129050
3,2021-01-10,7244,285546,4494,193633,2750,91913,0,0,4078,214085,0.026336,3164,35845,0.004409,4084,249930,0.030745,8129050
3,2021-01-11,29207,314753,19106,212739,10101,102014,0,0,16543,218019,0.02682,12656,48501,0.005966,16590,266520,0.032786,8129050
3,2021-01-12,32681,347434,19512,232251,13169,115183,0,0,20025,225559,0.027747,12633,61134,0.00752,20173,286693,0.035268,8129050
3,2021-01-13,34626,382060,18070,250321,16556,131739,0,0,24385,239740,0.029492,10226,71360,0.008778,24407,311100,0.03827,8129050
3,2021-01-14,34818,416878,14229,264550,20589,152328,0,0,28878,262758,0.032323,5898,77258,0.009504,28916,340016,0.041827,8129050
3,2021-01-15,39067,455945,14471,279021,24596,176924,0,0,34363,292512,0.035984,4683,81941,0.01008,34437,374453,0.046064,8129050
3,2021-01-16,21822,477767,7446,286467,14376,191300,0,0,19481,309686,0.038096,2330,84271,0.010367,19504,393957,0.048463,8129050
3,2021-01-17,13170,490937,4471,290938,8699,199999,0,0,12084,320706,0.039452,1085,85356,0.0105,12105,406062,0.049952,8129050
3,2021-01-18,24817,515754,12966,303904,11851,211850,0,0,19199,334342,0.041129,5607,90963,0.01119,19243,425305,0.052319,8129050
3,2021-01-19,41186,556940,20921,324825,20265,232115,0,0,31985,357252,0.043948,9163,100126,0.012317,32073,457378,0.056265,8129050
3,2021-01-20,46300,603240,23060,347885,23240,255355,0,0,36700,384485,0.047298,9552,109678,0.013492,36785,494163,0.06079,8129050
3,2021-01-21,48185,651425,20899,368784,27286,282641,0,0,42641,421728,0.051879,5476,115154,0.014166,42719,536882,0.066045,8129050
3,2021-01-22,49877,701302,19877,388661,30000,312641,0,0,45635,463225,0.056984,4213,119367,0.014684,45710,582592,0.071668,8129050
3,2021-01-23,30416,731718,12827,401488,17589,330230,0,0,27106,487084,0.059919,3302,122669,0.01509,27161,609753,0.075009,8129050
3,2021-01-24,17912,749630,8501,409989,9411,339641,0,0,16720,502646,0.061833,1189,123858,0.015236,16751,626504,0.07707,8129050
3,2021-01-25,40954,790584,18249,428238,22705,362346,0,0,30938,523686,0.064422,9988,133846,0.016465,31028,657532,0.080887,8129050
3,2021-01-26,47466,838050,22645,450883,24821,387167,0,0,37221,550801,0.067757,10212,144058,0.017721,37327,694859,0.085478,8129050
3,2021-01-27,51584,889634,24548,475431,27036,414203,0,0,40848,581067,0.07148,10664,154722,0.019033,40930,735789,0.090514,8129050
3,2021-01-28,52078,941712,24148,499579,27930,442133,0,0,43076,615286,0.07569,8916,163638,0.02013,43135,778924,0.09582,8129050
3,2021-01-29,51194,992906,24548,524127,26646,468779,0,0,41387,647096,0.079603,9629,173267,0.021315,41439,820363,0.100917,8129050
3,2021-01-30,37445,1030351,17776,541903,19669,488448,0,0,32715,675223,0.083063,4675,177942,0.02189,32802,853165,0.104953,8129050
3,2021-01-31,22513,1052864,12806,554709,9707,498155,0,0,21090,694926,0.085487,1408,179350,0.022063,21111,874276,0.10755,8129050
3,2021-02-01,46080,1098944,21073,575782,25007,523162,0,0,35116,719167,0.088469,10909,190259,0.023405,35150,909426,0.111874,8129050
3,2021-02-02,54644,1153588,22784,598566,31860,555022,0,0,42118,748907,0.092127,12427,202686,0.024934,42167,951593,0.117061,8129050
3,2021-02-03,60241,1213829,26732,625298,33509,588531,0,0,44771,778413,0.095757,15338,218024,0.02682,44844,996437,0.122577,8129050
3,2021-02-04,64615,1278444,27965,653263,36650,625181,0,0,47295,808703,0.099483,17121,235145,0.028927,47411,1043848,0.12841,8129050
3,2021-02-05,70583,1349027,29815,683078,40768,665949,0,0,48716,835978,0.102838,21623,256768,0.031586,48898,1092746,0.134425,8129050
3,2021-02-06,43778,1392805,20992,704070,22786,688735,0,0,34087,860607,0.105868,9644,266412,0.032773,34273,1127019,0.138641,8129050
3,2021-02-07,19781,1412586,12582,716652,7199,695934,0,0,15164,871300,0.107183,4597,271009,0.033338,15290,1142309,0.140522,8129050
3,2021-02-08,51676,1464262,24955,741607,26721,722655,0,0,33846,887650,0.109195,17689,288698,0.035514,34039,1176348,0.144709,8129050
3,2021-02-09,58943,1523205,28539,770146,30404,753059,0,0,34447,898230,0.110496,24217,312915,0.038493,34797,1211145,0.14899,8129050
3,2021-02-10,68545,1591750,31910,802056,36635,789694,0,0,36718,903928,0.111197,31529,344444,0.042372,37227,1248372,0.153569,8129050
3,2021-02-11,70986,1662736,34884,836940,36102,825796,0,0,37693,909223,0.111849,32942,377386,0.046424,38237,1286609,0.158273,8129050
3,2021-02-12,75826,1738562,32702,869642,43124,868920,0,0,41751,917988,0.112927,33761,411147,0.050577,42526,1329135,0.163504,8129050
3,2021-02-13,45347,1783909,20549,890191,24798,893718,0,0,26078,925497,0.113851,19151,430298,0.052933,26660,1355795,0.166784,8129050
3,2021-02-14,27455,1811364,13721,903912,13734,907452,0,0,15217,928998,0.114281,12170,442468,0.05443,15671,1371466,0.168712,8129050
3,2021-02-15,40349,1851713,17378,921290,22971,930423,0,0,22257,934220,0.114924,17979,460447,0.056642,23201,1394667,0.171566,8129050
3,2021-02-16,70585,1922298,33392,954682,37193,967616,0,0,36606,938032,0.115393,33830,494277,0.060804,37642,1432309,0.176196,8129050
3,2021-02-17,72457,1994755,36594,991276,35863,1003479,0,0,34305,935501,0.115081,37911,532188,0.065467,35380,1467689,0.180549,8129050
3,2021-02-18,77548,2072303,40492,1031768,37056,1040535,0,0,35816,931135,0.114544,41526,573714,0.070576,37160,1504849,0.18512,8129050
3,2021-02-19,69671,2141974,40149,1071917,29522,1070057,0,0,35131,932593,0.114723,34372,608086,0.074804,35830,1540679,0.189528,8129050
3,2021-02-20,43308,2185282,27335,1099252,15973,1086030,0,0,22607,935131,0.115036,20576,628662,0.077335,23114,1563793,0.192371,8129050
3,2021-02-21,24318,2209600,19554,1118806,4764,1090794,0,0,11832,934966,0.115015,12389,641051,0.078859,12224,1576017,0.193875,8129050
3,2021-02-22,47745,2257345,31095,1149901,16650,1107444,0,0,22341,932541,0.114717,25251,666302,0.081966,22826,1598843,0.196683,8129050
3,2021-02-23,63788,2321133,34668,1184569,29120,1136564,0,0,27790,926562,0.113982,35765,702067,0.086365,29786,1628629,0.200347,8129050
3,2021-02-24,80023,2401156,39325,1223894,40698,1177262,0,0,35326,919981,0.113172,44432,746499,0.091831,37851,1666480,0.205003,8129050
3,2021-02-25,89710,2490866,43690,1267584,46020,1223282,0,0,44635,922464,0.113477,44757,791256,0.097337,47240,1713720,0.210814,8129050
3,2021-02-26,100697,2591563,46060,1313644,54637,1277919,0,0,53109,930635,0.114483,47148,838404,0.103137,55319,1769039,0.217619,8129050
3,2021-02-27,71385,2662948,32812,1346456,38569,1316488,4,4,37688,936189,0.115166,33450,871854,0.107252,39004,1808043,0.222418,8129050
3,2021-02-28,41597,2704545,24026,1370482,17567,1334055,4,8,21325,938412,0.115439,20060,891914,0.109719,22283,1830326,0.225159,8129050
3,2021-03-01,70149,2774694,37227,1407709,32879,1366934,43,51,38930,947765,0.11659,30964,922878,0.113528,40317,1870643,0.230118,8129050
3,2021-03-02,81683,2856377,40282,1447991,41393,1408327,8,59,47080,962509,0.118404,34427,957305,0.117763,49171,1919814,0.236167,8129050
3,2021-03-03,91638,2948015,43851,1491842,47761,1456088,26,85,51147,975713,0.120028,40242,997547,0.122714,53446,1973260,0.242742,8129050
3,2021-03-04,96088,3044103,46985,1538827,49082,1505170,21,106,54328,990844,0.121889,41499,1039046,0.127819,56630,2029890,0.249708,8129050
3,2021-03-05,92329,3136432,45148,1583975,46887,1552057,294,400,55999,1013332,0.124656,36043,1075089,0.132253,58531,2088421,0.256908,8129050
3,2021-03-06,66224,3202656,33562,1617537,30496,1582553,2166,2566,37772,1026435,0.126268,28291,1103380,0.135733,41394,2129815,0.262,8129050
3,2021-03-07,39286,3241942,22709,1640246,14677,1597230,1900,4466,22089,1034471,0.127256,17113,1120493,0.137838,25149,2154964,0.265094,8129050
3,2021-03-08,60355,3302297,28750,1668996,28598,1625828,3007,7473,38169,1055156,0.129801,22014,1142507,0.140546,42699,2197663,0.270347,8129050
3,2021-03-09,77578,3379875,35814,1704810,37274,1663102,4490,11963,41630,1066612,0.13121,35791,1178298,0.144949,47247,2244910,0.276159,8129050
3,2021-03-10,83687,3463562,41673,1746483,35871,1698973,6143,18106,43670,1078015,0.132613,39777,1218075,0.149842,51180,2296090,0.282455,8129050
3,2021-03-11,97911,3561473,47867,1794350,41380,1740353,8664,26770,47894,1085890,0.133581,49718,1267793,0.155958,57593,2353683,0.28954,8129050
3,2021-03-12,102592,3664065,45709,1840059,44958,1785311,11925,38695,47047,1090644,0.134166,55283,1323076,0.162759,60037,2413720,0.296925,8129050
3,2021-03-13,70848,3734913,29822,1869881,33727,1819038,7299,45994,37435,1103425,0.135738,33263,1356339,0.166851,46044,2459764,0.302589,8129050
3,2021-03-14,41443,3776356,21643,1891524,16231,1835269,3569,49563,20866,1107986,0.1363,20486,1376825,0.169371,25047,2484811,0.305671,8129050
3,2021-03-15,76102,3852458,36086,1927610,35441,1870710,4575,54138,40062,1117801,0.137507,35791,1412616,0.173774,45606,2530417,0.311281,8129050
3,2021-03-16,95487,3947945,44027,1971637,47113,1917823,4347,58485,53570,1134944,0.139616,41650,1454266,0.178897,58793,2589210,0.318513,8129050
3,2021-03-17,98852,4046797,47999,2019636,46295,1964118,4558,63043,59919,1161375,0.142867,38675,1492941,0.183655,65106,2654316,0.326522,8129050
3,2021-03-18,104183,4150980,52945,2072581,46694,2010812,4544,67587,59645,1181868,0.145388,44220,1537161,0.189095,64713,2719029,0.334483,8129050
3,2021-03-19,103748,4254728,55629,2128210,43639,2054451,4480,72067,57657,1198741,0.147464,45789,1582950,0.194728,62662,2781691,0.342191,8129050
3,2021-03-20,72299,4327027,37281,2165491,31340,2085791,3678,75745,44409,1219644,0.150035,27671,1610621,0.198132,48574,2830265,0.348167,8129050
3,2021-03-21,36440,4363467,24768,2190259,10158,2095949,1514,77259,21872,1229050,0.151192,14455,1625076,0.19991,23861,2854126,0.351102,8129050
3,2021-03-22,70897,4434364,41678,2231937,26690,2122639,2529,79788,45032,1252013,0.154017,25608,1650684,0.20306,48571,2902697,0.357077,8129050
3,2021-03-23,90282,4524646,49928,2281865,37802,2160441,2552,82340,55008,1275280,0.156879,34983,1685667,0.207363,58250,2960947,0.364243,8129050
3,2021-03-24,99324,4623970,57141,2339006,39240,2199681,2943,85283,56137,1292153,0.158955,42799,1728466,0.212628,59672,3020619,0.371583,8129050
3,2021-03-25,108012,4731982,59976,2398982,45046,2244727,2990,88273,60452,1309029,0.161031,47194,1775660,0.218434,64070,3084689,0.379465,8129050
3,2021-03-26,111398,4843380,59734,2458716,48301,2293028,3363,91636,57003,1316200,0.161913,54023,1829683,0.22508,61194,3145883,0.386993,8129050
3,2021-03-27,75046,4918426,38125,2496841,34361,2327389,2560,94196,36106,1316838,0.161992,38686,1868369,0.229839,39324,3185207,0.39183,8129050
3,2021-03-28,44624,4963050,28124,2524965,15687,2343076,813,95009,22405,1318602,0.162209,22092,1890461,0.232556,23856,3209063,0.394765,8129050
3,2021-03-29,81270,5044320,42444,2567409,36964,2380040,1862,96871,44196,1328682,0.163449,36793,1927254,0.237082,46873,3255936,0.400531,8129050
3,2021-03-30,100843,5145163,49550,2616959,47642,2427682,3651,100522,56174,1344712,0.165421,44390,1971644,0.242543,60420,3316356,0.407964,8129050
3,2021-03-31,105545,5250708,56905,2673864,43765,2471447,4875,105397,56134,1356892,0.166919,49143,2020787,0.248588,61323,3377679,0.415507,8129050
3,2021-04-01,124293,5375001,62808,2736672,51687,2523134,9798,115195,66666,1376417,0.169321,57174,2077961,0.255622,76699,3454378,0.424942,8129050
3,2021-04-02,118434,5493435,57776,2794448,50271,2573405,10387,125582,62165,1393439,0.171415,55948,2133909,0.262504,72970,3527348,0.433919,8129050
3,2021-04-03,76373,5569808,39087,2833535,28026,2601431,9260,134842,37934,1402635,0.172546,38269,2172178,0.267212,47465,3574813,0.439758,8129050
3,2021-04-04,32514,5602322,17393,2850928,10881,2612312,4240,139082,14189,1402824,0.172569,18242,2190420,0.269456,18431,3593244,0.442025,8129050
3,2021-04-05,89963,5692285,45643,2896571,35029,2647341,9291,148373,43584,1410347,0.173495,46132,2236552,0.275131,53655,3646899,0.448625,8129050
3,2021-04-06,113933,5806218,55400,2951971,43253,2690594,15280,163653,53338,1419310,0.174597,60293,2296845,0.282548,69256,3716155,0.457145,8129050
3,2021-04-07,116725,5922943,60366,3012337,40005,2730599,16354,180007,56229,1431904,0.176147,60215,2357060,0.289955,72809,3788964,0.466102,8129050
3,2021-04-08,121863,6044806,60658,3072995,40962,2771561,20243,200250,56382,1444075,0.177644,65151,2422211,0.29797,77322,3866286,0.475614,8129050
3,2021-04-09,119039,6163845,59243,3132238,40535,2812096,19261,219511,52172,1449752,0.178342,66593,2488804,0.306162,72270,3938556,0.484504,8129050
3,2021-04-10,84703,6248548,37987,3170225,31364,2843460,15352,234863,34401,1450170,0.178394,50100,2538904,0.312325,50518,3989074,0.490718,8129050
3,2021-04-11,45426,6293974,24330,3194555,13054,2856514,8042,242905,17243,1448172,0.178148,28079,2566983,0.315779,26081,4015155,0.493927,8129050
3,2021-04-12,84321,6378295,42582,3237137,32882,2889396,8857,251762,38022,1450085,0.178383,46038,2613021,0.321442,47951,4063106,0.499825,8129050
3,2021-04-13,105898,6484193,57322,3294459,48368,2937764,208,251970,55694,1456935,0.179226,49936,2662957,0.327585,56786,4119892,0.506811,8129050
3,2021-04-14,108038,6592231,59070,3353529,48867,2986631,101,252071,53638,1458031,0.179361,54082,2717039,0.334238,55178,4175070,0.513599,8129050
3,2021-04-15,119631,6711862,67254,3420783,52296,3038927,81,252152,63657,1466953,0.180458,55622,2772661,0.341081,64544,4239614,0.521539,8129050
3,2021-04-16,115952,6827814,64995,3485778,50864,3089791,93,252245,60307,1472711,0.181166,55310,2827971,0.347885,61068,4300682,0.529051,8129050
3,2021-04-17,79762,6907576,43446,3529224,36301,3126092,15,252260,44331,1482848,0.182413,35181,2863152,0.352212,45318,4346000,0.534626,8129050
3,2021-04-18,38930,6946506,23509,3552733,15414,3141506,7,252267,18208,1481341,0.182228,20596,2883748,0.354746,19089,4365089,0.536974,8129050
3,2021-04-19,79471,7025977,44199,3596932,35215,3176721,57,252324,35655,1473967,0.181321,43594,2927342,0.360109,36220,4401309,0.54143,8129050
3,2021-04-20,101105,7127082,53168,3650100,47919,3224640,18,252342,48745,1471682,0.18104,52073,2979415,0.366515,49788,4451097,0.547554,8129050
3,2021-04-21,106280,7233362,59670,3709770,46536,3271176,74,252416,50040,1467041,0.180469,55837,3035252,0.373383,51196,4502293,0.553852,8129050
3,2021-04-22,112448,7345810,63173,3772943,49248,3320424,27,252443,48216,1452391,0.178667,63852,3099104,0.381238,49202,4551495,0.559905,8129050
3,2021-04-23,106747,7452557,61061,3834004,45655,3366079,31,252474,46692,1440448,0.177198,59677,3158781,0.388579,47734,4599229,0.565777,8129050
3,2021-04-24,74277,7526834,45834,3879838,28371,3394450,72,252546,36107,1439752,0.177112,37869,3196650,0.393238,37173,4636402,0.57035,8129050
3,2021-04-25,37099,7563933,23680,3903518,13402,3407852,17,252563,18906,1441048,0.177271,18033,3214683,0.395456,19329,4655731,0.572728,8129050
3,2021-04-26,74315,7638248,42026,3945544,31878,3439730,411,252974,31668,1432112,0.176172,42359,3257042,0.400667,33423,4689154,0.576839,8129050
3,2021-04-27,91483,7729731,48017,3993561,41710,3481440,1756,254730,36223,1415926,0.174181,54930,3311972,0.407424,38744,4727898,0.581605,8129050
3,2021-04-28,87212,7816943,49574,4043135,35488,3516928,2150,256880,35544,1402797,0.172566,51354,3363326,0.413742,38225,4766123,0.586308,8129050
3,2021-04-29,89534,7906477,51190,4094325,36121,3553049,2223,259103,31906,1380149,0.16978,57266,3420592,0.420786,34618,4800741,0.590566,8129050
3,2021-04-30,91114,7997591,51420,4145745,37208,3590257,2486,261589,33870,1360115,0.167315,56857,3477449,0.42778,36823,4837564,0.595096,8129050
3,2021-05-01,55654,8053245,34926,4180671,19249,3609506,1479,263068,20033,1346779,0.165675,35334,3512783,0.432127,21998,4859562,0.597802,8129050
3,2021-05-02,27072,8080317,18496,4199167,7557,3617063,1019,264087,9917,1340768,0.164935,17042,3529825,0.434224,11031,4870593,0.599159,8129050
3,2021-05-03,60088,8140405,35281,4234448,22425,3639488,2382,266469,17513,1318511,0.162197,42335,3572160,0.439431,20078,4890671,0.601629,8129050
3,2021-05-04,77944,8218349,45066,4279514,30187,3669675,2691,269160,22630,1289111,0.158581,55002,3627162,0.446198,25602,4916273,0.604778,8129050
3,2021-05-05,79465,8297814,47719,4327233,29036,3698711,2710,271870,21981,1256962,0.154626,57125,3684287,0.453225,24976,4941249,0.607851,8129050
3,2021-05-06,83784,8381598,53040,4380273,28208,3726919,2536,274406,20709,1218181,0.149855,62573,3746860,0.460922,23792,4965041,0.610778,8129050
3,2021-05-07,82805,8464403,51597,4431870,28568,3755487,2640,277046,21959,1182598,0.145478,60474,3807334,0.468361,24891,4989932,0.61384,8129050
3,2021-05-08,52873,8517276,32784,4464654,18365,3773852,1724,278770,14004,1159999,0.142698,38587,3845921,0.473108,15988,5005920,0.615806,8129050
3,2021-05-09,21038,8538314,15377,4480031,4872,3778724,789,279559,5516,1150943,0.141584,15427,3861348,0.475006,6371,5012291,0.61659,8129050
3,2021-05-10,48348,8586662,25998,4506029,20431,3799155,1919,281478,11211,1127410,0.138689,36924,3898272,0.479548,13391,5025682,0.618237,8129050
3,2021-05-11,64426,8651088,36126,4542155,26072,3825227,2228,283706,16189,1098318,0.13511,47975,3946247,0.48545,18883,5044565,0.62056,8129050
3,2021-05-12,65137,8716225,37435,4579590,25292,3850519,2410,286116,16625,1069438,0.131558,48235,3994482,0.491384,19355,5063920,0.622941,8129050
3,2021-05-13,75766,8791991,47753,4627343,26092,3876611,1921,288037,27654,1051785,0.129386,47855,4042337,0.497271,30202,5094122,0.626656,8129050
3,2021-05-14,80695,8872686,50957,4678300,27591,3904202,2147,290184,31251,1036643,0.127523,49138,4091475,0.503315,33996,5128118,0.630839,8129050
3,2021-05-15,62407,8935093,43054,4721354,18143,3922345,1210,291394,25796,1027488,0.126397,36395,4127870,0.507792,27240,5155358,0.634189,8129050
3,2021-05-16,33281,8968374,24878,4746232,7712,3930057,691,292085,13420,1021954,0.125716,19735,4147605,0.51022,14201,5169559,0.635936,8129050
3,2021-05-17,57153,9025527,36395,4782627,18911,3948968,1847,293932,21053,1009246,0.124153,35818,4183423,0.514626,23110,5192669,0.638779,8129050
3,2021-05-18,64712,9090239,38197,4820824,24643,3973611,1872,295804,24294,995679,0.122484,40129,4223552,0.519563,26562,5219231,0.642047,8129050
3,2021-05-19,64095,9154334,38953,4859777,23389,3997000,1753,297557,24788,983452,0.12098,39045,4262597,0.524366,26818,5246049,0.645346,8129050
3,2021-05-20,61980,9216314,36266,4896043,23859,4020859,1855,299412,22256,968475,0.119138,39422,4302019,0.529215,24445,5270494,0.648353,8129050
3,2021-05-21,66173,9282487,40195,4936238,23874,4044733,2104,301516,23640,952315,0.11715,42205,4344224,0.534407,26045,5296539,0.651557,8129050
3,2021-05-22,45786,9328273,30343,4966581,13969,4058702,1474,302990,19059,946596,0.116446,26507,4370731,0.537668,20788,5317327,0.654114,8129050
3,2021-05-23,21745,9350018,15049,4981630,6043,4064745,653,303643,9183,944069,0.116135,12473,4383204,0.539202,9946,5327273,0.655338,8129050
3,2021-05-24,39601,9389619,23154,5004784,14679,4079424,1768,305411,14665,935972,0.115139,24734,4407938,0.542245,16637,5343910,0.657384,8129050
3,2021-05-25,42748,9432367,24036,5028820,17029,4096453,1683,307094,15148,925705,0.113876,27324,4435262,0.545606,17057,5360967,0.659483,8129050
3,2021-05-26,42439,9474806,24277,5053097,16432,4112885,1730,308824,15877,917181,0.112828,26264,4461526,0.548837,17740,5378707,0.661665,8129050
3,2021-05-27,39370,9514176,22070,5075167,15540,4128425,1760,310584,15414,910810,0.112044,23790,4485316,0.551764,17419,5396126,0.663808,8129050
3,2021-05-28,42815,9556991,24190,5099357,16825,4145250,1800,312384,17783,905890,0.111439,24825,4510141,0.554818,19905,5416031,0.666256,8129050
3,2021-05-29,23465,9580456,14335,5113692,8291,4153541,839,313223,10976,905478,0.111388,12353,4522494,0.556337,11941,5427972,0.667725,8129050
3,2021-05-30,10621,9591077,6887,5120579,3097,4156638,637,313860,4456,904527,0.111271,6086,4528580,0.557086,5135,5433107,0.668357,8129050
3,2021-05-31,4658,9595735,2688,5123267,1705,4158343,265,314125,1462,903131,0.111099,3152,4531732,0.557474,1756,5434863,0.668573,8129050
3,2021-06-01,37715,9633450,21705,5144972,14571,4172914,1439,315564,13166,893625,0.10993,24307,4556039,0.560464,14801,5449664,0.670394,8129050
3,2021-06-02,31494,9664944,18090,5163062,11993,4184907,1411,316975,11641,887172,0.109136,19644,4575683,0.56288,13191,5462855,0.672016,8129050
3,2021-06-03,39623,9704567,27093,5190155,11094,4196001,1436,318411,11416,872220,0.107297,28028,4603711,0.566328,13076,5475931,0.673625,8129050
3,2021-06-04,46168,9750735,32652,5222807,11969,4207970,1547,319958,13109,854472,0.105113,32814,4636525,0.570365,15066,5490997,0.675478,8129050
3,2021-06-05,34337,9785072,25876,5248683,7274,4215244,1187,321145,8684,839088,0.103221,25444,4661969,0.573495,10060,5501057,0.676716,8129050
3,2021-06-06,14646,9799718,12222,5260905,1841,4217085,583,321728,3702,832656,0.10243,10880,4672849,0.574833,4448,5505505,0.677263,8129050
3,2021-06-07,30404,9830122,22095,5283000,7024,4224109,1285,323013,8700,821204,0.101021,21556,4694405,0.577485,10104,5515609,0.678506,8129050
3,2021-06-08,34318,9864440,24643,5307643,8385,4232494,1290,324303,9919,808448,0.099452,24189,4718594,0.580461,11433,5527042,0.679912,8129050
3,2021-06-09,32980,9897420,23922,5331565,7755,4240249,1303,325606,8842,794801,0.097773,23956,4742550,0.583408,10309,5537351,0.681181,8129050
3,2021-06-10,32495,9929915,23429,5354994,7538,4247787,1528,327134,8947,782082,0.096208,23390,4765940,0.586285,10671,5548022,0.682493,8129050
3,2021-06-11,35572,9965487,25147,5380141,9055,4256842,1370,328504,10559,769371,0.094645,24813,4790753,0.589337,12102,5560124,0.683982,8129050
3,2021-06-12,25144,9990631,18940,5399081,5311,4262153,893,329397,6677,758745,0.093337,18348,4809101,0.591594,7722,5567846,0.684932,8129050
3,2021-06-13,10133,10000764,7581,5406662,2063,4264216,489,329886,2360,753946,0.092747,7720,4816821,0.592544,2921,5570767,0.685291,8129050
3,2021-06-14,25802,10026566,18484,5425146,5894,4270110,1424,331310,8072,745979,0.091767,17599,4834420,0.594709,9632,5580399,0.686476,8129050
3,2021-06-15,28722,10055288,19434,5444580,7783,4277893,1505,332815,9642,738442,0.09084,18852,4853272,0.597028,11315,5591714,0.687868,8129050
3,2021-06-16,25872,10081160,18370,5462950,6088,4283981,1414,334229,8715,731750,0.090017,16974,4870246,0.599116,10282,5601996,0.689133,8129050
3,2021-06-17,24848,10106008,17794,5480744,5765,4289746,1289,335518,8615,725711,0.089274,16079,4886325,0.601094,10040,5612036,0.690368,8129050
3,2021-06-18,28022,10134030,19786,5500530,6662,4296408,1574,337092,9806,719277,0.088482,17982,4904307,0.603306,11548,5623584,0.691789,8129050
3,2021-06-19,16007,10150037,11758,5512288,3390,4299798,859,337951,5721,715808,0.088056,10158,4914465,0.604556,6689,5630273,0.692611,8129050
3,2021-06-20,6866,10156903,5149,5517437,1418,4301216,299,338250,2603,714553,0.087901,4209,4918674,0.605074,2954,5633227,0.692975,8129050
3,2021-06-21,16233,10173136,10241,5527678,4593,4305809,1399,339649,8087,716103,0.088092,8055,4926729,0.606065,9605,5642832,0.694156,8129050
3,2021-06-22,22088,10195224,15484,5543162,5307,4311116,1297,340946,8261,712112,0.087601,13703,4940432,0.60775,9712,5652544,0.695351,8129050
3,2021-06-23,20259,10215483,14185,5557347,4739,4315855,1335,342281,8028,709497,0.087279,12115,4952547,0.609241,9500,5662044,0.69652,8129050
3,2021-06-24,19963,10235446,13893,5571240,4616,4320471,1454,343735,7792,706857,0.086954,11997,4964544,0.610716,9357,5671401,0.697671,8129050
3,2021-06-25,23281,10258727,16512,5587752,5346,4325817,1423,345158,9098,703458,0.086536,14049,4978593,0.612445,10650,5682051,0.698981,8129050
3,2021-06-26,13876,10272603,10289,5598041,2815,4328632,772,345930,5790,702167,0.086377,8012,4986605,0.61343,6721,5688772,0.699808,8129050
3,2021-06-27,6692,10279295,5172,5603213,1211,4329843,309,346239,2858,701570,0.086304,3797,4990402,0.613897,3200,5691972,0.700201,8129050
3,2021-06-28,15866,10295161,12186,5615399,2601,4332444,1079,347318,6683,700364,0.086156,9070,4999472,0.615013,7864,5699836,0.701169,8129050
3,2021-06-29,17950,10313111,12641,5628040,4313,4336757,996,348314,7346,698356,0.085909,10481,5009953,0.616302,8473,5708309,0.702211,8129050
3,2021-06-30,16967,10330078,12003,5640043,3923,4340680,1041,349355,7301,697315,0.085781,9531,5019484,0.617475,8490,5716799,0.703255,8129050
3,2021-07-01,16206,10346284,11539,5651582,3605,4344285,1062,350417,6811,695998,0.085619,9293,5028777,0.618618,7976,5724775,0.704237,8129050
3,2021-07-02,18376,10364660,13077,5664659,4196,4348481,1103,351520,7831,694597,0.085446,10432,5039209,0.619901,9031,5733806,0.705348,8129050
3,2021-07-03,10015,10374675,7230,5671889,2353,4350834,432,351952,4294,693766,0.085344,5657,5044866,0.620597,4826,5738632,0.705941,8129050
3,2021-07-04,710,10375385,416,5672305,207,4351041,87,352039,274,693713,0.085338,430,5045296,0.62065,377,5739009,0.705988,8129050
3,2021-07-05,9499,10384884,6942,5679247,2134,4353175,423,352462,4301,693367,0.085295,5131,5050427,0.621281,4785,5743794,0.706576,8129050
3,2021-07-06,18951,10403835,13729,5692976,4106,4357281,1116,353578,6864,689528,0.084823,11941,5062368,0.62275,8102,5751896,0.707573,8129050
3,2021-07-07,15592,10419427,11045,5704021,3442,4360723,1105,354683,6291,687832,0.084614,9198,5071566,0.623882,7502,5759398,0.708496,8129050
3,2021-07-08,15249,10434676,11004,5715025,3250,4363973,995,355678,6194,686157,0.084408,8950,5080516,0.624983,7275,5766673,0.709391,8129050
3,2021-07-09,17484,10452160,12185,5727210,4087,4368060,1212,356890,7219,684549,0.08421,10151,5090667,0.626231,8543,5775216,0.710442,8129050
3,2021-07-10,10763,10462923,7915,5735125,2185,4370245,663,357553,4570,683743,0.084111,6127,5096794,0.626985,5321,5780537,0.711096,8129050
3,2021-07-11,5092,10468015,3767,5738892,1049,4371294,276,357829,2298,683591,0.084092,2746,5099540,0.627323,2594,5783131,0.711415,8129050
3,2021-07-12,14299,10482314,10425,5749317,2874,4374168,1000,358829,5708,681855,0.083879,8512,5108052,0.62837,6776,5789907,0.712249,8129050
3,2021-07-13,15018,10497332,10611,5759928,3500,4377668,907,359736,6568,681057,0.083781,8352,5116404,0.629398,7554,5797461,0.713178,8129050
3,2021-07-14,14303,10511635,10140,5770068,3240,4380908,923,360659,6361,680561,0.08372,7845,5124249,0.630363,7349,5804810,0.714082,8129050
3,2021-07-15,14569,10526204,10521,5780589,3214,4384122,834,361493,6667,680327,0.083691,7808,5132057,0.631323,7574,5812384,0.715014,8129050
3,2021-07-16,17594,10543798,12645,5793234,4060,4388182,889,362382,8395,680589,0.083723,9092,5141149,0.632442,9354,5821738,0.716165,8129050
3,2021-07-17,11160,10554958,8176,5801410,2453,4390635,531,362913,5302,680701,0.083737,5789,5146938,0.633154,5901,5827639,0.716891,8129050
3,2021-07-18,5714,10560672,4313,5805723,1150,4391785,251,363164,2806,680918,0.083764,2866,5149804,0.633506,3083,5830722,0.71727,8129050
3,2021-07-19,14801,10575473,10810,5816533,3113,4394898,878,364042,7257,681683,0.083858,7444,5157248,0.634422,8209,5838931,0.71828,8129050
3,2021-07-20,16367,10591840,11381,5827914,4085,4398983,901,364943,8414,683239,0.084049,7841,5165089,0.635387,9397,5848328,0.719436,8129050
3,2021-07-21,15851,10607691,11215,5839129,3771,4402754,865,365808,7972,684400,0.084192,7753,5172842,0.63634,8914,5857242,0.720532,8129050
3,2021-07-22,16183,10623874,11437,5850566,3792,4406546,954,366762,8395,686143,0.084406,7669,5180511,0.637284,9412,5866654,0.72169,8129050
3,2021-07-23,19064,10642938,13578,5864144,4480,4411026,1006,367768,10229,688766,0.084729,8693,5189204,0.638353,11316,5877970,0.723082,8129050
3,2021-07-24,11475,10654413,8263,5872407,2636,4413662,576,368344,6331,690641,0.08496,5068,5194272,0.638977,6943,5884913,0.723936,8129050
3,2021-07-25,5559,10659972,4169,5876576,1182,4414844,208,368552,4019,693424,0.085302,1495,5195767,0.63916,4278,5889191,0.724462,8129050
3,2021-07-26,15303,10675275,10645,5887221,3704,4418548,954,369506,9238,697724,0.085831,5958,5201725,0.639893,10258,5899449,0.725724,8129050
3,2021-07-27,17284,10692559,12234,5899455,4085,4422633,965,370471,9910,701428,0.086287,7246,5208971,0.640785,10950,5910399,0.727071,8129050
3,2021-07-28,16901,10709460,12121,5911576,3752,4426385,1028,371499,9768,705277,0.08676,6994,5215965,0.641645,10843,5921242,0.728405,8129050
3,2021-07-29,16608,10726068,11953,5923529,3646,4430031,1009,372508,9770,709465,0.087275,6662,5222627,0.642465,10850,5932092,0.72974,8129050
3,2021-07-30,19363,10745431,13683,5937212,4616,4434647,1064,373572,11247,713957,0.087828,7911,5230538,0.643438,12403,5944495,0.731266,8129050
3,2021-07-31,11956,10757387,8668,5945880,2668,4437315,620,374192,6967,716755,0.088172,4857,5235395,0.644035,7655,5952150,0.732207,8129050
3,2021-08-01,6428,10763815,4895,5950775,1276,4438591,257,374449,4164,719005,0.088449,2206,5237601,0.644307,4456,5956606,0.732755,8129050
3,2021-08-02,16445,10780260,11992,5962767,3565,4442156,888,375337,10252,724138,0.08908,6071,5243672,0.645053,11204,5967810,0.734134,8129050
3,2021-08-03,18085,10798345,13030,5975797,3971,4446127,1084,376421,10781,728929,0.08967,7127,5250799,0.64593,11918,5979728,0.7356,8129050
3,2021-08-04,17313,10815658,12442,5988239,3877,4450004,994,377415,10325,733471,0.090228,6830,5257629,0.64677,11372,5991100,0.736999,8129050
3,2021-08-05,17666,10833324,12792,6001031,3759,4453763,1115,378530,10660,738470,0.090843,6845,5264474,0.647612,11844,6002944,0.738456,8129050
3,2021-08-06,21091,10854415,15332,6016363,4655,4458418,1104,379634,12477,743686,0.091485,8429,5272903,0.648649,13645,6016589,0.740134,8129050
3,2021-08-07,12568,10866983,9362,6025725,2602,4461020,604,380238,7364,746638,0.091848,5067,5277970,0.649273,8019,6024608,0.741121,8129050
3,2021-08-08,6230,10873213,4556,6030281,1462,4462482,212,380450,3812,748348,0.092058,2344,5280314,0.649561,4054,6028662,0.74162,8129050
3,2021-08-09,10841,10884054,8007,6038288,1990,4464472,844,381294,5679,749871,0.092246,5072,5285386,0.650185,6595,6035257,0.742431,8129050
4,2020-12-15,456,456,456,456,0,0,0,0,456,456,5.7e-05,0,0,0.0,456,456,5.7e-05,8037679
4,2020-12-16,3065,3521,3065,3521,0,0,0,0,3065,3521,0.000438,0,0,0.0,3065,3521,0.000438,8037679
4,2020-12-17,8992,12513,8992,12513,0,0,0,0,8992,12513,0.001557,0,0,0.0,8992,12513,0.001557,8037679
4,2020-12-18,16249,28762,16237,28750,12,12,0,0,16249,28762,0.003578,0,0,0.0,16249,28762,0.003578,8037679
4,2020-12-19,10401,39163,10392,39142,9,21,0,0,10337,39099,0.004864,0,0,0.0,10337,39099,0.004864,8037679
4,2020-12-20,7445,46608,7437,46579,8,29,0,0,7400,46499,0.005785,0,0,0.0,7400,46499,0.005785,8037679
4,2020-12-21,16434,63042,16406,62985,28,57,0,0,16366,62864,0.007821,1,1,0.0,16366,62865,0.007821,8037679
4,2020-12-22,17233,80275,16482,79467,751,808,0,0,17188,80048,0.009959,4,5,1e-06,17188,80053,0.00996,8037679
4,2020-12-23,17151,97426,14410,93877,2741,3549,0,0,17130,97175,0.01209,3,8,1e-06,17130,97183,0.012091,8037679
4,2020-12-24,8577,106003,5975,99852,2602,6151,0,0,8576,105751,0.013157,0,8,1e-06,8576,105759,0.013158,8037679
4,2020-12-25,907,106910,802,100654,105,6256,0,0,907,106658,0.01327,0,8,1e-06,907,106666,0.013271,8037679
4,2020-12-26,6185,113095,3899,104553,2286,8542,0,0,6185,112843,0.014039,0,8,1e-06,6185,112851,0.01404,8037679
4,2020-12-27,3432,116527,1995,106548,1437,9979,0,0,3432,116275,0.014466,0,8,1e-06,3432,116283,0.014467,8037679
4,2020-12-28,15193,131720,9387,115935,5806,15785,0,0,15165,131437,0.016353,3,11,1e-06,15165,131448,0.016354,8037679
4,2020-12-29,15740,147460,8793,124728,6947,22732,0,0,15707,147143,0.018307,1,12,1e-06,15707,147155,0.018308,8037679
4,2020-12-30,19284,166744,11279,136007,8005,30737,0,0,19273,166414,0.020704,2,14,2e-06,19273,166428,0.020706,8037679
4,2020-12-31,8321,175065,3372,139379,4949,35686,0,0,8308,174713,0.021737,9,23,3e-06,8308,174736,0.02174,8037679
4,2021-01-01,1692,176757,768,140147,924,36610,0,0,1688,176398,0.021946,3,26,3e-06,1688,176424,0.02195,8037679
4,2021-01-02,5746,182503,3245,143392,2501,39111,0,0,5744,182141,0.022661,1,27,3e-06,5744,182168,0.022664,8037679
4,2021-01-03,2152,184655,1273,144665,879,39990,0,0,2138,184276,0.022927,3,30,4e-06,2138,184306,0.02293,8037679
4,2021-01-04,13025,197680,7049,151714,5976,45966,0,0,12977,197225,0.024538,28,58,7e-06,12977,197283,0.024545,8037679
4,2021-01-05,17007,214687,10073,161787,6934,52900,0,0,14791,209843,0.026107,2187,2245,0.000279,14805,212088,0.026387,8037679
4,2021-01-06,21746,236433,13335,175122,8411,61311,0,0,15600,219361,0.027292,6097,8342,0.001038,15615,227703,0.028329,8037679
4,2021-01-07,28093,264526,17134,192256,10959,72270,0,0,16761,224872,0.027977,11271,19613,0.00244,16782,244485,0.030417,8037679
4,2021-01-08,33038,297564,21201,213457,11837,84107,0,0,18406,228733,0.028458,14566,34179,0.004252,18427,262912,0.03271,8037679
4,2021-01-09,16362,313926,9685,223142,6677,90784,0,0,9498,231391,0.028788,6853,41032,0.005105,9511,272423,0.033893,8037679
4,2021-01-10,8820,322746,5693,228835,3127,93911,0,0,4189,230968,0.028736,4620,45652,0.00568,4197,276620,0.034415,8037679
4,2021-01-11,33680,356426,22117,250952,11563,105474,0,0,18963,235291,0.029274,14689,60341,0.007507,19012,295632,0.036781,8037679
4,2021-01-12,38730,395156,22341,273293,16389,121863,0,0,24374,245406,0.030532,14301,74642,0.009287,24416,320048,0.039818,8037679
4,2021-01-13,39075,434231,19345,292638,19730,141593,0,0,27661,261723,0.032562,11372,86014,0.010701,27689,347737,0.043263,8037679
4,2021-01-14,39619,473850,15260,307898,24359,165952,0,0,32366,286903,0.035695,7216,93230,0.011599,32396,380133,0.047294,8037679
4,2021-01-15,45654,519504,15957,323855,29697,195649,0,0,40012,321371,0.039983,5570,98800,0.012292,40038,420171,0.052275,8037679
4,2021-01-16,28880,548384,9417,333272,19463,215112,0,0,25748,344037,0.042803,3100,101900,0.012678,25766,445937,0.055481,8037679
4,2021-01-17,19191,567575,6754,340026,12437,227549,0,0,17533,359947,0.044782,1636,103536,0.012881,17546,463483,0.057664,8037679
4,2021-01-18,29581,597156,13693,353719,15888,243437,0,0,23578,377616,0.046981,5935,109471,0.01362,23604,487087,0.0606,8037679
4,2021-01-19,46351,643507,23165,376884,23186,266623,0,0,36736,404860,0.05037,9567,119038,0.01481,36811,523898,0.06518,8037679
4,2021-01-20,52881,696388,28302,405186,24579,291202,0,0,42237,436613,0.054321,10546,129584,0.016122,42299,566197,0.070443,8037679
4,2021-01-21,58118,754506,26178,431364,31940,323142,0,0,51279,481185,0.059866,6755,136339,0.016962,51327,617524,0.076829,8037679
4,2021-01-22,55678,810184,22369,453733,33309,356451,0,0,50467,526537,0.065509,5142,141481,0.017602,50494,668018,0.083111,8037679
4,2021-01-23,39826,850010,17472,471205,22354,378805,0,0,35458,557666,0.069381,4359,145840,0.018145,35488,703506,0.087526,8037679
4,2021-01-24,24088,874098,10528,481733,13560,392365,0,0,22177,577962,0.071907,1902,147742,0.018381,22198,725704,0.090288,8037679
4,2021-01-25,48273,922371,22332,504065,25941,418306,0,0,37042,603864,0.075129,11199,158941,0.019774,37101,762805,0.094904,8037679
4,2021-01-26,57279,979650,29223,533288,28056,446362,0,0,44859,636402,0.079177,12383,171324,0.021315,44921,807726,0.100492,8037679
4,2021-01-27,56593,1036243,26938,560226,29655,476017,0,0,45406,670756,0.083451,11106,182430,0.022697,45460,853186,0.106148,8037679
4,2021-01-28,57064,1093307,25793,586019,31271,507288,0,0,46933,707704,0.088048,10031,192461,0.023945,46979,900165,0.111993,8037679
4,2021-01-29,56983,1150290,27327,613346,29656,536944,0,0,46422,743804,0.09254,10358,202819,0.025234,46458,946623,0.117773,8037679
4,2021-01-30,38294,1188584,17313,630659,20981,557925,0,0,32883,771364,0.095969,5353,208172,0.0259,32913,979536,0.121868,8037679
4,2021-01-31,24125,1212709,12725,643384,11400,569325,0,0,22407,792091,0.098547,1697,209869,0.026111,22424,1001960,0.124658,8037679
4,2021-02-01,49991,1262700,24089,667473,25902,595227,0,0,38230,818664,0.101853,11703,221572,0.027567,38276,1040236,0.12942,8037679
4,2021-02-02,55898,1318598,25699,693172,30199,625426,0,0,42876,848652,0.105584,12936,234508,0.029176,42924,1083160,0.13476,8037679
4,2021-02-03,62541,1381139,30708,723880,31833,657259,0,0,47922,882160,0.109753,14468,248976,0.030976,47976,1131136,0.140729,8037679
4,2021-02-04,67927,1449066,31510,755390,36417,693676,0,0,50977,916469,0.114022,16775,265751,0.033063,51084,1182220,0.147085,8037679
4,2021-02-05,73734,1522800,34170,789560,39564,733240,0,0,51159,945472,0.11763,22292,288043,0.035837,51295,1233515,0.153467,8037679
4,2021-02-06,49010,1571810,26362,815922,22648,755888,0,0,37332,971401,0.120856,11608,299651,0.037281,37537,1271052,0.158137,8037679
4,2021-02-07,26646,1598456,17612,833534,9034,764922,0,0,20106,985241,0.122578,6505,306156,0.03809,20345,1291397,0.160668,8037679
4,2021-02-08,59079,1657535,30415,863949,28664,793586,0,0,38338,1003246,0.124818,20600,326756,0.040653,38605,1330002,0.165471,8037679
4,2021-02-09,67729,1725264,34308,898257,33421,827007,0,0,39613,1015386,0.126328,27921,354677,0.044127,40061,1370063,0.170455,8037679
4,2021-02-10,77954,1803218,39021,937278,38933,865940,0,0,40905,1020041,0.126907,36794,391471,0.048704,41449,1411512,0.175612,8037679
4,2021-02-11,82198,1885416,42923,980201,39275,905215,0,0,41766,1022333,0.127193,40154,431625,0.0537,42446,1453958,0.180893,8037679
4,2021-02-12,85182,1970598,38206,1018407,46976,952191,0,0,43724,1025675,0.127608,41172,472797,0.058823,44514,1498472,0.186431,8037679
4,2021-02-13,59303,2029901,30045,1048452,29258,981449,0,0,30154,1027731,0.127864,29001,501798,0.062431,31057,1529529,0.190295,8037679
4,2021-02-14,37137,2067038,19314,1067766,17823,999272,0,0,18987,1029287,0.128058,18090,519888,0.064681,19646,1549175,0.192739,8037679
4,2021-02-15,46622,2113660,21892,1089658,24730,1024002,0,0,23849,1031638,0.12835,22683,542571,0.067503,25034,1574209,0.195854,8037679
4,2021-02-16,80961,2194621,37162,1126820,43799,1067801,0,0,41076,1034200,0.128669,39736,582307,0.072447,42298,1616507,0.201116,8037679
4,2021-02-17,82286,2276907,38916,1165736,43370,1111171,0,0,39053,1031366,0.128316,43014,625321,0.077799,40180,1656687,0.206115,8037679
4,2021-02-18,84211,2361118,46382,1212118,37829,1149000,0,0,38843,1026527,0.127714,45162,670483,0.083417,40323,1697010,0.211132,8037679
4,2021-02-19,83554,2444672,52672,1264790,30882,1179882,0,0,41658,1027172,0.127795,41707,712190,0.088606,42352,1739362,0.216401,8037679
4,2021-02-20,50041,2494713,33336,1298126,16705,1196587,0,0,27044,1032005,0.128396,22907,735097,0.091456,27740,1767102,0.219852,8037679
4,2021-02-21,30398,2525111,24136,1322262,6262,1202849,0,0,14657,1031297,0.128308,15652,750749,0.093404,14944,1782046,0.221712,8037679
4,2021-02-22,55750,2580861,38312,1360574,17438,1220287,0,0,26812,1029792,0.128121,28768,779517,0.096983,27263,1809309,0.225103,8037679
4,2021-02-23,77343,2658204,42902,1403476,34441,1254728,0,0,33881,1022106,0.127164,43244,822761,0.102363,35558,1844867,0.229527,8037679
4,2021-02-24,92578,2750782,48961,1452437,43617,1298345,0,0,41624,1015220,0.126308,50669,873430,0.108667,43783,1888650,0.234975,8037679
4,2021-02-25,104103,2854885,54459,1506896,49644,1347989,0,0,49591,1013102,0.126044,54270,927700,0.115419,52152,1940802,0.241463,8037679
4,2021-02-26,110235,2965120,55715,1562611,54520,1402509,0,0,56227,1017995,0.126653,53694,981394,0.122099,58587,1999389,0.248752,8037679
4,2021-02-27,80333,3045453,43741,1606352,36582,1439091,10,10,42782,1024954,0.127519,37321,1018715,0.126742,44280,2043669,0.254261,8037679
4,2021-02-28,49638,3095091,30663,1637015,18968,1458059,7,17,27314,1031044,0.128276,22118,1040833,0.129494,28208,2071877,0.257771,8037679
4,2021-03-01,81049,3176140,47485,1684500,33512,1491571,52,69,44591,1040775,0.129487,36107,1076940,0.133986,45838,2117715,0.263473,8037679
4,2021-03-02,89803,3265943,51512,1736012,38282,1529853,9,78,52543,1058061,0.131638,37055,1113995,0.138597,54341,2172056,0.270234,8037679
4,2021-03-03,103838,3369781,55190,1791202,48632,1578485,16,94,57809,1071867,0.133355,45793,1159788,0.144294,59599,2231655,0.277649,8037679
4,2021-03-04,102181,3471962,56890,1848092,45273,1623758,18,112,55635,1083000,0.13474,46292,1206080,0.150053,57425,2289080,0.284794,8037679
4,2021-03-05,98237,3570199,53064,1901156,44848,1668606,325,437,57493,1102242,0.137134,40512,1246592,0.155094,59754,2348834,0.292228,8037679
4,2021-03-06,77447,3647646,43638,1944794,31164,1699770,2645,3082,47371,1123636,0.139796,29932,1276524,0.158817,51326,2400160,0.298614,8037679
4,2021-03-07,44992,3692638,27614,1972408,15173,1714943,2205,5287,26183,1134362,0.141131,18720,1295244,0.161147,29446,2429606,0.302277,8037679
4,2021-03-08,68407,3761045,35743,2008151,29275,1744218,3389,8676,44856,1160479,0.14438,23410,1318654,0.164059,49527,2479133,0.308439,8037679
4,2021-03-09,82458,3843503,41619,2049770,35544,1779762,5295,13971,44400,1173342,0.14598,37862,1356516,0.16877,50725,2529858,0.31475,8037679
4,2021-03-10,92484,3935987,47740,2097510,37185,1816947,7559,21530,46470,1182429,0.147111,45796,1402312,0.174467,54883,2584741,0.321578,8037679
4,2021-03-11,101498,4037485,53195,2150705,39779,1856726,8524,30054,46768,1184249,0.147337,54452,1456764,0.181242,56272,2641013,0.328579,8037679
4,2021-03-12,105313,4142798,51877,2202582,43097,1899823,10339,40393,44997,1180352,0.146852,60011,1516775,0.188708,56114,2697127,0.33556,8037679
4,2021-03-13,82038,4224836,37985,2240567,35519,1935342,8534,48927,38763,1185528,0.147496,43122,1559897,0.194073,48298,2745425,0.341569,8037679
4,2021-03-14,50090,4274926,28526,2269093,17918,1953260,3646,52573,23383,1186520,0.14762,26602,1586499,0.197383,27594,2773019,0.345002,8037679
4,2021-03-15,84123,4359049,45256,2314349,34588,1987848,4279,56852,42626,1192999,0.148426,41213,1627712,0.20251,47692,2820711,0.350936,8037679
4,2021-03-16,108456,4467505,56413,2370762,48614,2036462,3429,60281,56900,1202697,0.149632,51280,1678992,0.20889,60978,2881689,0.358523,8037679
4,2021-03-17,107915,4575420,58126,2428888,46279,2082741,3510,63791,62908,1224896,0.152394,44713,1723705,0.214453,66912,2948601,0.366847,8037679
4,2021-03-18,107812,4683232,59825,2488713,44270,2127011,3717,67508,60807,1243095,0.154658,46710,1770415,0.220264,64909,3013510,0.374923,8037679
4,2021-03-19,112275,4795507,64582,2553295,42461,2169472,5232,72740,63546,1263783,0.157232,48429,1818844,0.22629,69117,3082627,0.383522,8037679
4,2021-03-20,84767,4880274,49636,2602931,32098,2201570,3033,75773,51657,1285820,0.159974,32927,1851771,0.230386,54964,3137591,0.39036,8037679
4,2021-03-21,48495,4928769,35141,2638072,11093,2212663,2261,78034,28236,1296540,0.161308,20112,1871883,0.232888,30832,3168423,0.394196,8037679
4,2021-03-22,83083,5011852,54286,2692358,26050,2238713,2747,80781,51196,1319558,0.164172,31607,1903490,0.236821,54625,3223048,0.400992,8037679
4,2021-03-23,105714,5117566,63309,2755667,40251,2278964,2154,82935,61967,1340751,0.166808,43452,1946942,0.242227,64645,3287693,0.409035,8037679
4,2021-03-24,114427,5231993,73791,2829458,38200,2317164,2436,85371,63629,1356900,0.168817,50341,1997283,0.24849,66490,3354183,0.417307,8037679
4,2021-03-25,118010,5350003,72583,2902041,43013,2360177,2414,87785,66202,1374675,0.171029,51302,2048585,0.254873,69077,3423260,0.425902,8037679
4,2021-03-26,120787,5470790,73213,2975254,44527,2404704,3047,90832,65142,1388188,0.17271,55246,2103831,0.261746,68759,3492019,0.434456,8037679
4,2021-03-27,92696,5563486,54610,3029864,36282,2440986,1804,92636,46720,1391469,0.173118,45706,2149537,0.267433,48987,3541006,0.440551,8037679
4,2021-03-28,56187,5619673,37118,3066982,18191,2459177,878,93514,29596,1395904,0.17367,26402,2175939,0.270717,30837,3571843,0.444387,8037679
4,2021-03-29,94487,5714160,56625,3123607,35766,2494943,2096,95610,50572,1405484,0.174862,43622,2219561,0.276145,53202,3625045,0.451006,8037679
4,2021-03-30,118035,5832195,64417,3188024,49443,2544386,4175,99785,69547,1431368,0.178082,48218,2267779,0.282144,74102,3699147,0.460226,8037679
4,2021-03-31,121827,5954022,71885,3259909,43612,2587998,6330,106115,67914,1452255,0.180681,53524,2321303,0.288803,74411,3773558,0.469484,8037679
4,2021-04-01,143339,6097361,81707,3341616,48289,2636287,13343,119458,83993,1490643,0.185457,58809,2380112,0.296119,97197,3870755,0.481576,8037679
4,2021-04-02,137418,6234779,73403,3415019,50372,2686659,13643,133101,78955,1525197,0.189756,58137,2438249,0.303352,92691,3963446,0.493108,8037679
4,2021-04-03,101618,6336397,54285,3469304,33829,2720488,13504,146605,52862,1543078,0.191981,48530,2486779,0.30939,66411,4029857,0.501371,8037679
4,2021-04-04,47029,6383426,24823,3494127,14657,2735145,7549,154154,20457,1544519,0.19216,26453,2513232,0.312681,27894,4057751,0.504841,8037679
4,2021-04-05,110187,6493613,61839,3555966,35446,2770591,12902,167056,57076,1562053,0.194341,52868,2566100,0.319259,70402,4128153,0.5136,8037679
4,2021-04-06,139530,6633143,78484,3634450,41163,2811754,19883,186939,72266,1587607,0.197521,67001,2633101,0.327595,92555,4220708,0.525115,8037679
4,2021-04-07,138219,6771362,78304,3712754,39100,2850854,20815,207754,71421,1613449,0.200736,66517,2699618,0.33587,92359,4313067,0.536606,8037679
4,2021-04-08,140734,6912096,78390,3791144,36762,2887616,25582,233336,69999,1638985,0.203913,70408,2770026,0.34463,95944,4409011,0.548543,8037679
4,2021-04-09,138402,7050498,75844,3866988,39394,2927010,23164,256500,66025,1656900,0.206142,72101,2842127,0.3536,90016,4499027,0.559742,8037679
4,2021-04-10,104203,7154701,51381,3918369,33868,2960878,18954,275454,47001,1666789,0.207372,56970,2899097,0.360688,66859,4565886,0.56806,8037679
4,2021-04-11,62896,7217597,38179,3956548,13500,2974378,11217,286671,27475,1671159,0.207916,35295,2934392,0.36508,39665,4605551,0.572995,8037679
4,2021-04-12,103308,7320905,62795,4019343,30267,3004645,10246,296917,52025,1683645,0.209469,50958,2985350,0.371419,63444,4668995,0.580888,8037679
4,2021-04-13,131044,7451949,82255,4101598,48619,3053264,170,297087,78325,1710605,0.212823,52400,3037750,0.377939,79360,4748355,0.590762,8037679
4,2021-04-14,136548,7588497,87156,4188754,49314,3102578,78,297165,75560,1726833,0.214842,60641,3098391,0.385483,76869,4825224,0.600326,8037679
4,2021-04-15,156619,7745116,104141,4292895,52407,3154985,71,297236,95811,1763096,0.219354,60392,3158783,0.392997,96655,4921879,0.612351,8037679
4,2021-04-16,144056,7889172,91299,4384194,52678,3207663,79,297315,83492,1787180,0.22235,60212,3218995,0.400488,84296,5006175,0.622838,8037679
4,2021-04-17,101757,7990929,63873,4448067,37859,3245522,25,297340,59491,1805882,0.224677,41965,3260960,0.405709,60667,5066842,0.630386,8037679
4,2021-04-18,57088,8048017,38596,4486663,18489,3264011,3,297343,32053,1814018,0.225689,24882,3285842,0.408805,33018,5099860,0.634494,8037679
4,2021-04-19,101541,8149558,66895,4553558,34628,3298639,18,297361,51451,1816263,0.225969,49828,3335670,0.415004,52073,5151933,0.640973,8037679
4,2021-04-20,131820,8281378,78474,4632032,53330,3351969,16,297377,68270,1822423,0.226735,63201,3398871,0.422867,69361,5221294,0.649602,8037679
4,2021-04-21,135030,8416408,88139,4720171,46833,3398802,58,297435,67920,1824841,0.227036,66673,3465544,0.431162,69091,5290385,0.658198,8037679
4,2021-04-22,142095,8558503,94298,4814469,47773,3446575,24,297459,63376,1811089,0.225325,78292,3543836,0.440903,64540,5354925,0.666228,8037679
4,2021-04-23,135541,8694044,88191,4902660,47326,3493901,24,297483,58755,1794663,0.223281,76398,3620234,0.450408,59972,5414897,0.673689,8037679
4,2021-04-24,99194,8793238,66968,4969628,32175,3526076,51,297534,45641,1788200,0.222477,53234,3673468,0.457031,46771,5461668,0.679508,8037679
4,2021-04-25,50540,8843778,35633,5005261,14881,3540957,26,297560,26376,1791050,0.222832,24007,3697475,0.460018,26857,5488525,0.682849,8037679
4,2021-04-26,92404,8936182,60636,5065897,31368,3572325,400,297960,36324,1773355,0.22063,55759,3753234,0.466955,38064,5526589,0.687585,8037679
4,2021-04-27,114256,9050438,69860,5135757,42077,3614402,2319,300279,41112,1744782,0.217075,72804,3826038,0.476013,44231,5570820,0.693088,8037679
4,2021-04-28,104749,9155187,68445,5204202,33763,3648165,2541,302820,38285,1720165,0.214013,66102,3892140,0.484237,41485,5612305,0.698249,8037679
4,2021-04-29,106130,9261317,67803,5272005,35791,3683956,2536,305356,34263,1686069,0.209771,71500,3963640,0.493132,37404,5649709,0.702903,8037679
4,2021-04-30,105867,9367184,67098,5339103,36059,3720015,2710,308066,36375,1656737,0.206121,69081,4032721,0.501727,39749,5689458,0.707848,8037679
4,2021-05-01,69765,9436949,46328,5385431,21654,3741669,1783,309849,20305,1630308,0.202833,49158,4081879,0.507843,22729,5712187,0.710676,8037679
4,2021-05-02,37811,9474760,26848,5412279,9668,3751337,1295,311144,10608,1615278,0.200963,27077,4108956,0.511212,12047,5724234,0.712175,8037679
4,2021-05-03,79511,9554271,55488,5467767,21528,3772865,2495,313639,19302,1577514,0.196265,59934,4168890,0.518668,22170,5746404,0.714933,8037679
4,2021-05-04,101732,9656003,69663,5537430,29296,3802161,2773,316412,22743,1524751,0.1897,78673,4247563,0.528456,25910,5772314,0.718157,8037679
4,2021-05-05,102615,9758618,72367,5609797,27500,3829661,2748,319160,21860,1469267,0.182797,80401,4327964,0.538459,24917,5797231,0.721257,8037679
4,2021-05-06,112438,9871056,84272,5694069,25216,3854877,2950,322110,19702,1400805,0.17428,92237,4420201,0.549935,23775,5821006,0.724215,8037679
4,2021-05-07,105310,9976366,75713,5769782,26909,3881786,2688,324798,20736,1340473,0.166774,84175,4504376,0.560408,23843,5844849,0.727181,8037679
4,2021-05-08,70135,10046501,48376,5818158,19824,3901610,1935,326733,13876,1300632,0.161817,56011,4560387,0.567376,16170,5861019,0.729193,8037679
4,2021-05-09,34452,10080953,28194,5846352,5310,3906920,948,327681,7483,1282301,0.159536,26854,4587241,0.570717,8523,5869542,0.730253,8037679
4,2021-05-10,65341,10146294,43752,5890104,19261,3926181,2328,330009,11048,1241929,0.154513,54060,4641301,0.577443,13688,5883230,0.731956,8037679
4,2021-05-11,83527,10229821,52276,5942380,29053,3955234,2198,332207,15872,1193152,0.148445,67390,4708691,0.585827,18613,5901843,0.734272,8037679
4,2021-05-12,80042,10309863,53231,5995611,24337,3979571,2474,334681,16637,1149630,0.14303,63091,4771782,0.593677,19569,5921412,0.736707,8037679
4,2021-05-13,105013,10414876,77308,6072919,26170,4005741,1535,336216,40669,1128898,0.140451,63998,4835780,0.601639,43266,5964678,0.74209,8037679
4,2021-05-14,105351,10520227,74389,6147308,28828,4034569,2134,338350,40552,1107666,0.137809,64459,4900239,0.609658,43227,6007905,0.747468,8037679
4,2021-05-15,85943,10606170,66461,6213769,18149,4052718,1333,339683,37897,1099409,0.136782,47793,4948032,0.615605,39536,6047441,0.752386,8037679
4,2021-05-16,51775,10657945,41721,6255490,9338,4062056,716,340399,21185,1091020,0.135738,30431,4978463,0.619391,22042,6069483,0.755129,8037679
4,2021-05-17,71434,10729379,52173,6307663,17417,4079473,1844,342243,28205,1078297,0.134155,43010,5021473,0.624742,30287,6099770,0.758897,8037679
4,2021-05-18,82023,10811402,53317,6360980,26951,4106424,1755,343998,29263,1057296,0.131542,52388,5073861,0.631259,31387,6131157,0.762802,8037679
4,2021-05-19,77080,10888482,52097,6413077,23034,4129458,1949,345947,30936,1044644,0.129968,45827,5119688,0.636961,33175,6164332,0.766929,8037679
4,2021-05-20,69301,10957783,44560,6457637,22735,4152193,2006,347953,25678,1029355,0.128066,43323,5163011,0.642351,28034,6192366,0.770417,8037679
4,2021-05-21,73930,11031713,48739,6506376,23320,4175513,1871,349824,26052,1009984,0.125656,47563,5210574,0.648268,28192,6220558,0.773925,8037679
4,2021-05-22,49967,11081680,35037,6541413,13653,4189166,1277,351101,21692,1005086,0.125047,28102,5238676,0.651765,23204,6243762,0.776812,8037679
4,2021-05-23,24002,11105682,17124,6558537,6154,4195320,724,351825,9742,1001529,0.124604,14133,5252809,0.653523,10576,6254338,0.778127,8037679
4,2021-05-24,43117,11148799,27426,6585963,12686,4208006,3005,354830,15072,991989,0.123417,27817,5280626,0.656984,18277,6272615,0.780401,8037679
4,2021-05-25,44922,11193721,27906,6613869,14191,4222197,2825,357655,15865,982103,0.122187,28804,5309430,0.660568,18918,6291533,0.782755,8037679
4,2021-05-26,44649,11238370,26754,6640623,15292,4237489,2603,360258,15837,972132,0.120947,28585,5338015,0.664124,18614,6310147,0.785071,8037679
4,2021-05-27,38951,11277321,23356,6663979,12458,4249947,3137,363395,14648,965992,0.120183,24093,5362108,0.667121,17953,6328100,0.787304,8037679
4,2021-05-28,43318,11320639,27580,6691559,14135,4264082,1603,364998,18861,962499,0.119748,24183,5386291,0.67013,20690,6348790,0.789879,8037679
4,2021-05-29,23716,11344355,15390,6706949,7393,4271475,933,365931,10887,961773,0.119658,12679,5398970,0.671708,11953,6360743,0.791366,8037679
4,2021-05-30,12109,11356464,8508,6715457,3072,4274547,529,366460,5023,960382,0.119485,7014,5405984,0.67258,5623,6366366,0.792065,8037679
4,2021-05-31,3596,11360060,2286,6717743,1148,4275695,162,366622,1145,959313,0.119352,2395,5408379,0.672878,1326,6367692,0.79223,8037679
4,2021-06-01,39467,11399527,24525,6742268,12501,4288196,2441,369063,13013,948753,0.118038,26229,5434608,0.676141,15669,6383361,0.79418,8037679
4,2021-06-02,32641,11432168,20386,6762654,9454,4297650,2801,371864,10876,941004,0.117074,21575,5456183,0.678826,13826,6397187,0.7959,8037679
4,2021-06-03,48074,11480242,36875,6799529,8745,4306395,2454,374318,10319,916506,0.114026,37580,5493763,0.683501,13082,6410269,0.797527,8037679
4,2021-06-04,54830,11535072,44140,6843669,9363,4315758,1327,375645,12705,889469,0.110662,41881,5535644,0.688712,14844,6425113,0.799374,8037679
4,2021-06-05,44815,11579887,38373,6882042,5447,4321205,995,376640,8717,863538,0.107436,35940,5571584,0.693183,10009,6435122,0.800619,8037679
4,2021-06-06,21251,11601138,18960,6901002,1727,4322932,564,377204,3925,851204,0.105902,17220,5588804,0.695326,4886,6440008,0.801227,8037679
4,2021-06-07,38729,11639867,31344,6932346,5465,4328397,1920,379124,8397,831618,0.103465,30190,5618994,0.699082,10604,6450612,0.802547,8037679
4,2021-06-08,40618,11680485,31862,6964208,6211,4334608,2545,381669,9414,812912,0.101138,31008,5650002,0.702939,12302,6462914,0.804077,8037679
4,2021-06-09,38958,11719443,30887,6995095,5710,4340318,2361,384030,7915,792670,0.098619,30871,5680873,0.70678,10629,6473543,0.8054,8037679
4,2021-06-10,37148,11756591,29262,7024357,5258,4345576,2628,386658,8386,775348,0.096464,28600,5709473,0.710339,11278,6484821,0.806803,8037679
4,2021-06-11,38298,11794889,30048,7054405,6236,4351812,2014,388672,9857,759287,0.094466,28282,5737755,0.713857,12221,6497042,0.808323,8037679
4,2021-06-12,26568,11821457,22099,7076504,3754,4355566,715,389387,6022,745806,0.092789,20438,5758193,0.7164,6957,6503999,0.809189,8037679
4,2021-06-13,10845,11832302,8568,7085072,1801,4357367,476,389863,2279,740171,0.092088,8497,5766690,0.717457,2862,6506861,0.809545,8037679
4,2021-06-14,28588,11860890,21385,7106457,4395,4361762,2808,392671,7789,730327,0.090863,20659,5787349,0.720027,10815,6517676,0.81089,8037679
4,2021-06-15,29956,11890846,21172,7127629,5379,4367141,3405,396076,8277,720751,0.089672,21513,5808862,0.722704,11937,6529613,0.812375,8037679
4,2021-06-16,26583,11917429,20032,7147661,3926,4371067,2625,398701,7999,713177,0.088729,18403,5827265,0.724993,10829,6540442,0.813723,8037679
4,2021-06-17,25142,11942571,18562,7166223,3684,4374751,2896,401597,7605,706519,0.087901,17348,5844613,0.727152,10690,6551132,0.815053,8037679
4,2021-06-18,26777,11969348,21121,7187344,4423,4379174,1233,402830,8262,697955,0.086835,18310,5862923,0.72943,9746,6560878,0.816265,8037679
4,2021-06-19,15747,11985095,12741,7200085,2305,4381479,701,403531,5050,693330,0.08626,10549,5873472,0.730742,5924,6566802,0.817002,8037679
4,2021-06-20,7363,11992458,6065,7206150,992,4382471,306,403837,2619,691653,0.086051,4686,5878158,0.731325,3009,6569811,0.817377,8037679
4,2021-06-21,14589,12007047,10546,7216696,2905,4385376,1138,404975,7336,693125,0.086234,7165,5885323,0.732217,8637,6578448,0.818451,8037679
4,2021-06-22,20500,12027547,15969,7232665,3453,4388829,1078,406053,7111,688204,0.085622,13264,5898587,0.733867,8343,6586791,0.819489,8037679
4,2021-06-23,18402,12045949,14443,7247108,2968,4391797,991,407044,6710,684476,0.085158,11551,5910138,0.735304,7823,6594614,0.820462,8037679
4,2021-06-24,17582,12063531,13594,7260702,3000,4394797,988,408032,6554,681287,0.084762,10872,5921010,0.736657,7683,6602297,0.821418,8037679
4,2021-06-25,21558,12085089,16938,7277640,3573,4398370,1047,409079,7807,676698,0.084191,13611,5934621,0.73835,9022,6611319,0.822541,8037679
4,2021-06-26,13028,12098117,10599,7288239,1812,4400182,617,409696,4790,674080,0.083865,8134,5942755,0.739362,5516,6616835,0.823227,8037679
4,2021-06-27,6843,12104960,5542,7293781,958,4401140,343,410039,2877,673430,0.083784,3925,5946680,0.73985,3275,6620110,0.823635,8037679
4,2021-06-28,15057,12120017,12638,7306419,1564,4402704,855,410894,6038,671516,0.083546,8933,5955613,0.740962,7019,6627129,0.824508,8037679
4,2021-06-29,16464,12136481,12775,7319194,2882,4405586,807,411701,6354,668802,0.083208,9999,5965612,0.742206,7285,6634414,0.825414,8037679
4,2021-06-30,14543,12151024,11331,7330525,2475,4408061,737,412438,6033,667293,0.083021,8397,5974009,0.743251,6888,6641302,0.826271,8037679
4,2021-07-01,14442,12165466,11391,7341916,2308,4410369,743,413181,5913,665675,0.082819,8414,5982423,0.744297,6796,6648098,0.827117,8037679
4,2021-07-02,16761,12182227,13307,7355223,2693,4413062,761,413942,6852,663606,0.082562,9811,5992234,0.745518,7742,6655840,0.82808,8037679
4,2021-07-03,9156,12191383,7266,7362489,1481,4414543,409,414351,3965,662920,0.082477,5118,5997352,0.746155,4432,6660272,0.828631,8037679
4,2021-07-04,436,12191819,269,7362758,107,4414650,60,414411,192,662945,0.08248,238,5997590,0.746184,263,6660535,0.828664,8037679
4,2021-07-05,9192,12201011,7475,7370233,1301,4415951,416,414827,4170,662635,0.082441,4945,6002535,0.7468,4635,6665170,0.829241,8037679
4,2021-07-06,16450,12217461,12965,7383198,2685,4418636,800,415627,6059,659333,0.08203,10273,6012808,0.748078,6971,6672141,0.830108,8037679
4,2021-07-07,13697,12231158,10686,7393884,2234,4420870,777,416404,5172,656970,0.081736,8434,6021242,0.749127,6071,6678212,0.830863,8037679
4,2021-07-08,13199,12244357,10319,7404203,2052,4422922,828,417232,5172,655148,0.08151,7912,6029154,0.750111,6090,6684302,0.831621,8037679
4,2021-07-09,15393,12259750,11808,7416011,2649,4425571,936,418168,6263,653475,0.081301,8988,6038142,0.75123,7315,6691617,0.832531,8037679
4,2021-07-10,8822,12268572,6979,7422990,1445,4427016,398,418566,3714,652624,0.081196,5023,6043165,0.751854,4172,6695789,0.83305,8037679
4,2021-07-11,4967,12273539,3977,7426967,789,4427805,201,418767,2224,652377,0.081165,2702,6045867,0.752191,2455,6698244,0.833355,8037679
4,2021-07-12,13027,12286566,10325,7437292,1985,4429790,717,419484,5061,650371,0.080915,7886,6053753,0.753172,5880,6704124,0.834087,8037679
4,2021-07-13,12775,12299341,9784,7447076,2360,4432150,631,420115,5449,649327,0.080785,7219,6060972,0.75407,6175,6710299,0.834855,8037679
4,2021-07-14,11672,12311013,9192,7456268,1932,4434082,548,420663,5052,648469,0.080679,6530,6067502,0.754882,5672,6715971,0.835561,8037679
4,2021-07-15,12387,12323400,9835,7466103,1966,4436048,586,421249,5650,648167,0.080641,6611,6074113,0.755705,6309,6722280,0.836346,8037679
4,2021-07-16,14926,12338326,11640,7477743,2619,4438667,667,421916,6885,647885,0.080606,7941,6082054,0.756693,7659,6729939,0.837299,8037679
4,2021-07-17,9322,12347648,7367,7485110,1630,4440297,325,422241,4408,647845,0.080601,4814,6086868,0.757292,4774,6734713,0.837893,8037679
4,2021-07-18,5342,12352990,4299,7489409,843,4441140,200,422441,2518,647822,0.080598,2764,6089632,0.757636,2741,6737454,0.838234,8037679
4,2021-07-19,12760,12365750,10121,7499530,1988,4443128,651,423092,6049,647983,0.080618,6619,6096251,0.758459,6780,6744234,0.839077,8037679
4,2021-07-20,13687,12379437,10549,7510079,2474,4445602,664,423756,6740,648667,0.080703,6802,6103053,0.759305,7486,6751720,0.840009,8037679
4,2021-07-21,12774,12392211,9901,7519980,2225,4447827,648,424404,6350,649435,0.080799,6288,6109341,0.760088,7056,6758776,0.840887,8037679
4,2021-07-22,13419,12405630,10475,7530455,2294,4450121,650,425054,6985,650828,0.080972,6302,6115643,0.760872,7695,6766471,0.841844,8037679
4,2021-07-23,15624,12421254,12054,7542509,2880,4453001,690,425744,8185,652521,0.081183,7269,6122912,0.761776,8962,6775433,0.842959,8037679
4,2021-07-24,9550,12430804,7479,7549988,1744,4454745,327,426071,4902,653293,0.081279,4508,6127420,0.762337,5280,6780713,0.843616,8037679
4,2021-07-25,4741,12435545,3736,7553724,852,4455597,153,426224,3347,655470,0.08155,1338,6128758,0.762503,3515,6784228,0.844053,8037679
4,2021-07-26,12858,12448403,10094,7563818,2104,4457701,660,426884,7477,658424,0.081917,5239,6133997,0.763155,8193,6792421,0.845072,8037679
4,2021-07-27,14206,12462609,10904,7574722,2550,4460251,752,427636,7658,660478,0.082173,6396,6140393,0.763951,8450,6800871,0.846124,8037679
4,2021-07-28,13106,12475715,10044,7584766,2386,4462637,676,428312,7282,662836,0.082466,5659,6146052,0.764655,8017,6808888,0.847121,8037679
4,2021-07-29,13409,12489124,10454,7595220,2255,4464892,700,429012,7540,665510,0.082799,5647,6151699,0.765358,8321,6817209,0.848156,8037679
4,2021-07-30,15692,12504816,12067,7607287,2859,4467751,766,429778,8538,668129,0.083125,6790,6158489,0.766202,9409,6826618,0.849327,8037679
4,2021-07-31,9636,12514452,7544,7614831,1703,4469454,389,430167,5464,670044,0.083363,3979,6162468,0.766697,5894,6832512,0.85006,8037679
4,2021-08-01,5397,12519849,4465,7619296,771,4470225,161,430328,3189,671325,0.083522,2103,6164571,0.766959,3384,6835896,0.850481,8037679
4,2021-08-02,13918,12533767,11161,7630457,2055,4472280,702,431030,8146,674676,0.083939,5566,6170137,0.767652,8917,6844813,0.851591,8037679
4,2021-08-03,14548,12548315,11208,7641665,2596,4474876,744,431774,8377,677925,0.084343,5947,6176084,0.768391,9196,6854009,0.852735,8037679
4,2021-08-04,13182,12561497,10305,7651970,2227,4477103,650,432424,7483,680612,0.084678,5489,6181573,0.769074,8176,6862185,0.853752,8037679
4,2021-08-05,14085,12575582,11141,7663111,2201,4479304,743,433167,7903,683367,0.08502,5941,6187514,0.769814,8696,6870881,0.854834,8037679
4,2021-08-06,16865,12592447,13026,7676137,3026,4482330,813,433980,9424,686544,0.085416,7128,6194642,0.7707,10305,6881186,0.856116,8037679
4,2021-08-07,10039,12602486,8006,7684143,1613,4483943,420,434400,5480,688101,0.085609,4384,6199026,0.771246,5941,6887127,0.856855,8037679
4,2021-08-08,5122,12607608,3906,7688049,1032,4484975,184,434584,2951,689212,0.085748,2052,6201078,0.771501,3163,6890290,0.857249,8037679
4,2021-08-09,8818,12616426,6976,7695025,1241,4486216,601,435185,4384,689940,0.085838,4307,6205385,0.772037,5035,6895325,0.857875,8037679
