vemquartile,administered_date,total_doses,cumulative_total_doses,pfizer_doses,cumulative_pfizer_doses,moderna_doses,cumulative_moderna_doses,jj_doses,cumulative_jj_doses,partially_vaccinated,total_partially_vaccinated,pct_age12pop_partially_vaccinated,fully_vaccinated,cumulative_fully_vaccinated,pct_age12pop_fully_vaccinated,at_least_one_dose,cumulative_at_least_one_dose,pct_age12pop_at_least_one_dose,age12_population
1,2020-12-15,154,154,154,154,0,0,0,0,154,154,1.8e-05,0,0,0.0,154,154,1.8e-05,8700223
1,2020-12-16,1256,1410,1256,1410,0,0,0,0,1255,1409,0.000162,0,0,0.0,1255,1409,0.000162,8700223
1,2020-12-17,4170,5580,4170,5580,0,0,0,0,4172,5581,0.000641,0,0,0.0,4172,5581,0.000641,8700223
1,2020-12-18,6401,11981,6377,11957,24,24,0,0,6406,11986,0.001378,1,1,0.0,6406,11987,0.001378,8700223
1,2020-12-19,2887,14868,2884,14841,3,27,0,0,2886,14871,0.001709,1,2,0.0,2886,14873,0.001709,8700223
1,2020-12-20,2134,17002,2123,16964,11,38,0,0,2136,17007,0.001955,0,2,0.0,2136,17009,0.001955,8700223
1,2020-12-21,7699,24701,7679,24643,20,58,0,0,7750,24757,0.002846,1,3,0.0,7751,24760,0.002846,8700223
1,2020-12-22,7367,32068,7016,31659,351,409,0,0,7367,32122,0.003692,2,5,1e-06,7367,32127,0.003693,8700223
1,2020-12-23,7928,39996,6654,38313,1274,1683,0,0,7926,40047,0.004603,2,7,1e-06,7927,40054,0.004604,8700223
1,2020-12-24,3311,43307,2366,40679,945,2628,0,0,3312,43359,0.004984,0,7,1e-06,3312,43366,0.004984,8700223
1,2020-12-25,239,43546,155,40834,84,2712,0,0,239,43598,0.005011,0,7,1e-06,239,43605,0.005012,8700223
1,2020-12-26,1381,44927,982,41816,399,3111,0,0,1380,44977,0.00517,1,8,1e-06,1380,44985,0.005171,8700223
1,2020-12-27,883,45810,547,42363,336,3447,0,0,883,45859,0.005271,1,9,1e-06,883,45868,0.005272,8700223
1,2020-12-28,7142,52952,4794,47157,2348,5795,0,0,7139,52998,0.006092,0,9,1e-06,7139,53007,0.006093,8700223
1,2020-12-29,9079,62031,5055,52212,4024,9819,0,0,9075,62071,0.007134,2,11,1e-06,9075,62082,0.007136,8700223
1,2020-12-30,11780,73811,6559,58771,5221,15040,0,0,11777,73846,0.008488,2,13,1e-06,11777,73859,0.008489,8700223
1,2020-12-31,6052,79863,1970,60741,4082,19122,0,0,6049,79891,0.009183,5,18,2e-06,6050,79909,0.009185,8700223
1,2021-01-01,645,80508,261,61002,384,19506,0,0,641,80530,0.009256,2,20,2e-06,641,80550,0.009258,8700223
1,2021-01-02,2940,83448,1775,62777,1165,20671,0,0,2940,83470,0.009594,0,20,2e-06,2940,83490,0.009596,8700223
1,2021-01-03,1063,84511,556,63333,507,21178,0,0,1061,84528,0.009716,3,23,3e-06,1061,84551,0.009718,8700223
1,2021-01-04,7410,91921,3609,66942,3801,24979,0,0,7413,91939,0.010567,2,25,3e-06,7413,91964,0.01057,8700223
1,2021-01-05,10996,102917,5301,72243,5695,30674,0,0,10195,101376,0.011652,783,808,9.3e-05,10220,102184,0.011745,8700223
1,2021-01-06,14178,117095,7105,79348,7073,37747,0,0,12219,111691,0.012838,1922,2730,0.000314,12237,114421,0.013152,8700223
1,2021-01-07,17651,134746,9175,88523,8476,46223,0,0,13116,120376,0.013836,4443,7173,0.000824,13128,127549,0.01466,8700223
1,2021-01-08,20234,154980,10474,98997,9760,55983,0,0,14261,128700,0.014793,5954,13127,0.001509,14278,141827,0.016302,8700223
1,2021-01-09,6714,161694,3414,102411,3300,59283,0,0,4835,131665,0.015134,1873,15000,0.001724,4838,146665,0.016858,8700223
1,2021-01-10,3114,164808,1776,104187,1338,60621,0,0,1915,132395,0.015217,1186,16186,0.00186,1916,148581,0.017078,8700223
1,2021-01-11,18218,183026,11910,116097,6308,66929,0,0,11587,137410,0.015794,6615,22801,0.002621,11630,160211,0.018415,8700223
1,2021-01-12,19247,202273,11020,127117,8227,75156,0,0,13185,144620,0.016623,6021,28822,0.003313,13231,173442,0.019935,8700223
1,2021-01-13,19911,222184,10772,137889,9139,84295,0,0,14727,154208,0.017725,5157,33979,0.003906,14745,188187,0.02163,8700223
1,2021-01-14,22221,244405,9554,147443,12667,96962,0,0,19374,170868,0.019639,2778,36757,0.004225,19438,207625,0.023864,8700223
1,2021-01-15,25320,269725,9286,156729,16034,112996,0,0,23354,192366,0.02211,1925,38682,0.004446,23423,231048,0.026557,8700223
1,2021-01-16,13969,283694,4576,161305,9393,122389,0,0,13065,204540,0.02351,896,39578,0.004549,13070,244118,0.028059,8700223
1,2021-01-17,5221,288915,2043,163348,3178,125567,0,0,4844,209011,0.024024,376,39954,0.004592,4847,248965,0.028616,8700223
1,2021-01-18,14411,303326,8644,171992,5767,131334,0,0,11198,217068,0.02495,3199,43153,0.00496,11256,260221,0.02991,8700223
1,2021-01-19,24846,328172,12949,184941,11897,143231,0,0,19549,231403,0.026597,5271,48424,0.005566,19606,279827,0.032163,8700223
1,2021-01-20,29520,357692,14795,199736,14725,157956,0,0,23543,249098,0.028631,5892,54316,0.006243,23587,303414,0.034874,8700223
1,2021-01-21,31409,389101,14808,214544,16601,174557,0,0,28014,273892,0.031481,3326,57642,0.006625,28120,331534,0.038106,8700223
1,2021-01-22,28506,417607,11336,225880,17170,191727,0,0,26392,298268,0.034283,2046,59688,0.006861,26422,357956,0.041143,8700223
1,2021-01-23,18735,436342,8206,234086,10529,202256,0,0,16768,313107,0.035988,1940,61628,0.007083,16779,374735,0.043072,8700223
1,2021-01-24,6691,443033,4174,238260,2517,204773,0,0,6026,318481,0.036606,657,62285,0.007159,6031,380766,0.043765,8700223
1,2021-01-25,25597,468630,10569,248829,15028,219801,0,0,19737,332521,0.03822,5810,68095,0.007827,19850,400616,0.046047,8700223
1,2021-01-26,28957,497587,13574,262403,15383,235184,0,0,22137,347928,0.039991,6757,74852,0.008603,22164,422780,0.048594,8700223
1,2021-01-27,32815,530402,15627,278030,17188,252372,0,0,24568,364408,0.041885,8177,83029,0.009543,24657,447437,0.051428,8700223
1,2021-01-28,35077,565479,16505,294535,18572,270944,0,0,27992,385515,0.044311,7014,90043,0.01035,28121,475558,0.05466,8700223
1,2021-01-29,33846,599325,16537,311072,17309,288253,0,0,27112,406140,0.046682,6585,96628,0.011106,27210,502768,0.057788,8700223
1,2021-01-30,20234,619559,8753,319825,11481,299734,0,0,18000,422025,0.048507,2201,98829,0.011359,18086,520854,0.059867,8700223
1,2021-01-31,7725,627284,5019,324844,2706,302440,0,0,6998,428308,0.04923,718,99547,0.011442,7001,527855,0.060671,8700223
1,2021-02-01,29212,656496,12605,337449,16607,319047,0,0,21303,441764,0.050776,7857,107404,0.012345,21313,549168,0.063121,8700223
1,2021-02-02,32893,689389,11884,349333,21009,340056,0,0,24548,458094,0.052653,8256,115660,0.013294,24586,573754,0.065947,8700223
1,2021-02-03,39788,729177,15305,364638,24483,364539,0,0,28523,475626,0.054668,11092,126752,0.014569,28624,602378,0.069237,8700223
1,2021-02-04,44234,773411,17232,381870,27002,391541,0,0,31780,495198,0.056918,12324,139076,0.015985,31896,634274,0.072903,8700223
1,2021-02-05,47088,820499,17210,399080,29878,421419,0,0,30714,509811,0.058597,16221,155297,0.01785,30834,665108,0.076447,8700223
1,2021-02-06,26684,847183,10557,409637,16127,437546,0,0,20684,524617,0.060299,5951,161248,0.018534,20757,685865,0.078833,8700223
1,2021-02-07,6319,853502,4066,413703,2253,439799,0,0,4662,527664,0.060649,1634,162882,0.018722,4681,690546,0.079371,8700223
1,2021-02-08,31783,885285,14504,428207,17279,457078,0,0,21132,538352,0.061878,10549,173431,0.019934,21237,711783,0.081812,8700223
1,2021-02-09,38710,923995,17071,445278,21639,478717,0,0,23785,547363,0.062914,14888,188319,0.021645,23899,735682,0.084559,8700223
1,2021-02-10,47519,971514,22223,467501,25296,504013,0,0,26982,554043,0.063681,20399,208718,0.02399,27079,762761,0.087671,8700223
1,2021-02-11,52237,1023751,25547,493048,26690,530703,0,0,31053,564351,0.064866,20868,229586,0.026389,31176,793937,0.091255,8700223
1,2021-02-12,50264,1074015,21624,514672,28640,559343,0,0,28791,571983,0.065743,21305,250891,0.028837,28937,822874,0.094581,8700223
1,2021-02-13,26520,1100535,11548,526220,14972,574315,0,0,15292,576197,0.066228,11157,262048,0.03012,15371,838245,0.096348,8700223
1,2021-02-14,11819,1112354,5588,531808,6231,580546,0,0,6711,577900,0.066424,5077,267125,0.030703,6780,845025,0.097127,8700223
1,2021-02-15,24051,1136405,9451,541259,14600,595146,0,0,14614,583318,0.067046,9313,276438,0.031774,14731,859756,0.09882,8700223
1,2021-02-16,47326,1183731,22559,563818,24767,619913,0,0,27483,591174,0.067949,19750,296188,0.034044,27606,887362,0.101993,8700223
1,2021-02-17,48639,1232370,24646,588464,23993,643906,0,0,26106,595061,0.068396,22371,318559,0.036615,26258,913620,0.105011,8700223
1,2021-02-18,51296,1283666,25678,614142,25618,669524,0,0,26495,597257,0.068648,24543,343102,0.039436,26739,940359,0.108084,8700223
1,2021-02-19,46789,1330455,25360,639502,21429,690953,0,0,26134,602968,0.069305,20487,363589,0.041791,26198,966557,0.111096,8700223
1,2021-02-20,27868,1358323,16923,656425,10945,701898,0,0,15864,606985,0.069767,11932,375521,0.043162,15949,982506,0.112929,8700223
1,2021-02-21,12468,1370791,10710,667135,1758,703656,0,0,7476,609587,0.070066,4927,380448,0.043729,7529,990035,0.113794,8700223
1,2021-02-22,31732,1402523,20814,687949,10918,714574,0,0,18186,614444,0.070624,13439,393887,0.045273,18296,1008331,0.115897,8700223
1,2021-02-23,45943,1448466,22363,710312,23580,738154,0,0,25155,619485,0.071203,20486,414373,0.047628,25527,1033858,0.118831,8700223
1,2021-02-24,55976,1504442,27013,737325,28963,767117,0,0,30721,625663,0.071913,25001,439374,0.050501,31179,1065037,0.122415,8700223
1,2021-02-25,68663,1573105,33364,770689,35299,802416,0,0,42433,642608,0.073861,25991,465365,0.053489,42936,1107973,0.12735,8700223
1,2021-02-26,76747,1649852,35964,806653,40783,843199,0,0,50061,666784,0.07664,26370,491735,0.05652,50546,1158519,0.13316,8700223
1,2021-02-27,52867,1702719,24288,830941,28569,871768,10,10,34651,683719,0.078586,17998,509733,0.058588,34933,1193452,0.137175,8700223
1,2021-02-28,20322,1723041,12072,843013,8248,880016,2,12,14857,693352,0.079694,5370,515103,0.059206,15003,1208455,0.138899,8700223
1,2021-03-01,46419,1769460,21477,864490,24878,904894,64,76,29785,707023,0.081265,16428,531531,0.061094,30099,1238554,0.142359,8700223
1,2021-03-02,64981,1834441,28087,892577,36882,941776,12,88,41312,725517,0.083391,23479,555010,0.063793,41973,1280527,0.147183,8700223
1,2021-03-03,72258,1906699,34376,926953,37851,979627,31,119,43880,741896,0.085273,28146,583156,0.067028,44525,1325052,0.152301,8700223
1,2021-03-04,80184,1986883,37566,964519,42581,1022208,37,156,51331,765186,0.08795,28597,611753,0.070315,51887,1376939,0.158265,8700223
1,2021-03-05,79300,2066183,35766,1000285,43326,1065534,208,364,52824,792701,0.091113,26167,637920,0.073322,53682,1430621,0.164435,8700223
1,2021-03-06,58003,2124186,27499,1027784,29158,1094692,1346,1710,39187,814929,0.093668,18669,656589,0.075468,40897,1471518,0.169136,8700223
1,2021-03-07,21051,2145237,13070,1040854,6781,1101473,1200,2910,15564,826481,0.094995,5458,662047,0.076095,17010,1488528,0.171091,8700223
1,2021-03-08,46208,2191445,22547,1063401,21700,1123173,1961,4871,32319,847319,0.09739,13773,675820,0.077678,34611,1523139,0.175069,8700223
1,2021-03-09,67090,2258535,32499,1095900,32074,1155247,2517,7388,41278,865812,0.099516,25629,701449,0.080624,44122,1567261,0.18014,8700223
1,2021-03-10,74122,2332657,36849,1132749,32766,1188013,4507,11895,45534,887753,0.102038,28442,729891,0.083893,50383,1617644,0.185931,8700223
1,2021-03-11,90356,2423013,41455,1174204,40861,1228874,8040,19935,52454,911039,0.104714,37644,767535,0.08822,60930,1678574,0.192935,8700223
1,2021-03-12,99217,2522230,43779,1217983,43125,1271999,12313,32248,57914,940620,0.108114,41060,808595,0.09294,70641,1749215,0.201054,8700223
1,2021-03-13,65383,2587613,29430,1247413,28238,1300237,7715,39963,41533,966453,0.111084,23701,832296,0.095664,49534,1798749,0.206747,8700223
1,2021-03-14,27988,2615601,14980,1262393,9438,1309675,3570,43533,15669,973631,0.111909,12235,844531,0.09707,19413,1818162,0.208979,8700223
1,2021-03-15,65372,2680973,28793,1291186,29824,1339499,6755,50288,38451,992482,0.114075,26688,871219,0.100138,45539,1863701,0.214213,8700223
1,2021-03-16,85890,2766863,39106,1330292,41114,1380613,5670,55958,53123,1019076,0.117132,32531,903750,0.103877,59125,1922826,0.221009,8700223
1,2021-03-17,93369,2860232,45552,1375844,41269,1421882,6548,62506,60010,1052874,0.121017,33099,936849,0.107681,66897,1989723,0.228698,8700223
1,2021-03-18,99008,2959240,51057,1426901,42228,1464110,5723,68229,59772,1079985,0.124133,38859,975708,0.112147,65970,2055693,0.23628,8700223
1,2021-03-19,103942,3063182,53893,1480794,43818,1507928,6231,74460,60631,1104366,0.126935,42988,1018696,0.117088,67369,2123062,0.244024,8700223
1,2021-03-20,72826,3136008,37219,1518013,30386,1538314,5221,79681,46683,1130597,0.12995,25942,1044638,0.12007,52173,2175235,0.250021,8700223
1,2021-03-21,27440,3163448,19090,1537103,6542,1544856,1808,81489,17070,1139294,0.13095,10267,1054905,0.12125,18964,2194199,0.2522,8700223
1,2021-03-22,59413,3222861,30700,1567803,25406,1570262,3307,84796,39887,1163557,0.133739,19294,1074199,0.123468,43557,2237756,0.257207,8700223
1,2021-03-23,83647,3306508,42596,1610399,37397,1607659,3654,88450,51179,1186647,0.136393,32190,1106389,0.127168,55280,2293036,0.263561,8700223
1,2021-03-24,88582,3395090,44744,1655143,39453,1647112,4385,92835,52675,1208275,0.138879,35583,1141972,0.131258,57211,2350247,0.270136,8700223
1,2021-03-25,97569,3492659,49881,1705024,41820,1688932,5868,98703,53964,1225057,0.140808,43248,1185220,0.136229,60030,2410277,0.277036,8700223
1,2021-03-26,105934,3598593,51492,1756516,48101,1737033,6341,105044,56717,1239580,0.142477,48824,1234044,0.141841,63347,2473624,0.284317,8700223
1,2021-03-27,74586,3673179,38466,1794982,31895,1768928,4225,109269,38343,1246339,0.143254,35998,1270042,0.145978,42757,2516381,0.289232,8700223
1,2021-03-28,32925,3706104,21534,1816516,10160,1779088,1231,110500,16467,1248146,0.143461,16338,1286380,0.147856,18145,2534526,0.291317,8700223
1,2021-03-29,68797,3774901,33875,1850391,31743,1810831,3179,113679,37854,1258689,0.144673,30698,1317078,0.151384,41241,2575767,0.296058,8700223
1,2021-03-30,93734,3868635,45804,1896195,41504,1852335,6426,120105,48056,1267801,0.145721,45430,1362508,0.156606,54542,2630309,0.302327,8700223
1,2021-03-31,102179,3970814,53109,1949304,42816,1895151,6254,126359,55967,1284207,0.147606,45855,1408363,0.161877,62261,2692570,0.309483,8700223
1,2021-04-01,113774,4084588,54209,2003513,50714,1945865,8851,135210,57703,1295234,0.148874,55546,1463909,0.168261,66573,2759143,0.317135,8700223
1,2021-04-02,113029,4197617,51505,2055018,51742,1997607,9782,144992,57292,1307222,0.150252,55277,1519186,0.174615,67265,2826408,0.324866,8700223
1,2021-04-03,78630,4276247,39396,2094414,29514,2027121,9720,154712,36869,1312303,0.150836,41555,1560741,0.179391,46636,2873044,0.330226,8700223
1,2021-04-04,23853,4300100,11869,2106283,8496,2035617,3488,158200,9926,1311857,0.150784,13846,1574587,0.180982,13400,2886444,0.331767,8700223
1,2021-04-05,77803,4377903,36955,2143238,31416,2067033,9432,167632,34933,1313724,0.150999,42631,1617218,0.185882,44498,2930942,0.336881,8700223
1,2021-04-06,104853,4482756,49519,2192757,38585,2105618,16749,184381,47380,1320702,0.151801,57141,1674359,0.19245,64119,2995061,0.344251,8700223
1,2021-04-07,113026,4595782,54700,2247457,40587,2146205,17739,202120,50888,1327512,0.152584,61792,1736151,0.199552,68602,3063663,0.352136,8700223
1,2021-04-08,123456,4719238,58350,2305807,43930,2190135,21176,223296,54510,1334709,0.153411,68490,1804641,0.207425,75687,3139350,0.360836,8700223
1,2021-04-09,124564,4843802,56708,2362515,46874,2237009,20982,244278,54593,1340703,0.1541,69571,1874212,0.215421,75565,3214915,0.369521,8700223
1,2021-04-10,97156,4940958,43210,2405725,30979,2267988,22967,267245,38472,1343605,0.154433,58443,1932655,0.222139,61345,3276260,0.376572,8700223
1,2021-04-11,36849,4977807,20459,2426184,9467,2277455,6923,274168,14897,1343642,0.154438,21874,1954529,0.224653,21911,3298171,0.37909,8700223
1,2021-04-12,75367,5053174,33635,2459819,31625,2309080,10107,284275,31995,1342815,0.154343,43050,1997579,0.229601,42223,3340394,0.383943,8700223
1,2021-04-13,98388,5151562,52485,2512304,45557,2354637,346,284621,53101,1351658,0.155359,44953,2042532,0.234768,53796,3394190,0.390127,8700223
1,2021-04-14,105310,5256872,54447,2566751,50783,2405420,80,284701,53446,1354103,0.15564,51453,2093985,0.240682,53898,3448088,0.396322,8700223
1,2021-04-15,106071,5362943,57608,2624359,48369,2453789,94,284795,56137,1361196,0.156455,49314,2143299,0.24635,56407,3504495,0.402805,8700223
1,2021-04-16,111315,5474258,57057,2681416,54167,2507956,91,284886,55557,1361853,0.156531,55184,2198483,0.252693,55841,3560336,0.409224,8700223
1,2021-04-17,83532,5557790,45311,2726727,38209,2546165,12,284898,46551,1371870,0.157682,36711,2235194,0.256912,46728,3607064,0.414594,8700223
1,2021-04-18,30613,5588403,20715,2747442,9891,2556056,7,284905,15304,1372178,0.157718,15212,2250406,0.258661,15520,3622584,0.416378,8700223
1,2021-04-19,67169,5655572,33966,2781408,33190,2589246,13,284918,30222,1365990,0.157006,36552,2286958,0.262862,30364,3652948,0.419868,8700223
1,2021-04-20,88383,5743955,44420,2825828,43937,2633183,26,284944,41137,1360498,0.156375,46854,2333812,0.268247,41362,3694310,0.424622,8700223
1,2021-04-21,97899,5841854,50981,2876809,46814,2679997,104,285048,43597,1350756,0.155255,53688,2387500,0.274418,43946,3738256,0.429674,8700223
1,2021-04-22,97781,5939635,51057,2927866,46705,2726702,19,285067,44719,1343199,0.154387,52516,2440016,0.280454,44959,3783215,0.434841,8700223
1,2021-04-23,103028,6042663,53207,2981073,49792,2776494,29,285096,48905,1338810,0.153882,53563,2493579,0.286611,49174,3832389,0.440493,8700223
1,2021-04-24,76781,6119444,47529,3028602,29224,2805718,28,285124,43209,1348918,0.155044,33395,2526974,0.290449,43503,3875892,0.445493,8700223
1,2021-04-25,27461,6146905,17476,3046078,9969,2815687,16,285140,15635,1353018,0.155515,11693,2538667,0.291793,15793,3891685,0.447309,8700223
1,2021-04-26,66498,6213403,34842,3080920,31249,2846936,407,285547,31399,1350401,0.155215,34760,2573427,0.295789,32143,3923828,0.451003,8700223
1,2021-04-27,81845,6295248,43448,3124368,37090,2884026,1307,286854,35344,1341212,0.154158,46182,2619609,0.301097,36993,3960821,0.455255,8700223
1,2021-04-28,81695,6376943,43405,3167773,36772,2920798,1518,288372,35697,1333037,0.153219,45614,2665223,0.30634,37439,3998260,0.459558,8700223
1,2021-04-29,85217,6462160,46837,3214610,36747,2957545,1633,290005,34606,1319243,0.151633,50201,2715424,0.31211,36407,4034667,0.463743,8700223
1,2021-04-30,92766,6554926,50160,3264770,40699,2998244,1907,291912,38552,1306023,0.150114,53834,2769258,0.318297,40614,4075281,0.468411,8700223
1,2021-05-01,63956,6618882,41168,3305938,21352,3019596,1436,293348,26937,1297879,0.149178,36728,2805986,0.322519,28584,4103865,0.471697,8700223
1,2021-05-02,23578,6642460,16706,3322644,6288,3025884,584,293932,9473,1293979,0.148729,13986,2819972,0.324126,10086,4113951,0.472856,8700223
1,2021-05-03,56530,6698990,31304,3353948,23369,3049253,1857,295789,20471,1280575,0.147189,35782,2855754,0.328239,22378,4136329,0.475428,8700223
1,2021-05-04,76009,6774999,43755,3397703,30152,3079405,2102,297891,27170,1261418,0.144987,48508,2904262,0.333815,29351,4165680,0.478802,8700223
1,2021-05-05,78566,6853565,45540,3443243,30719,3110124,2307,300198,26527,1238675,0.142373,51655,2955917,0.339752,28912,4194592,0.482125,8700223
1,2021-05-06,80146,6933711,48670,3491913,29291,3139415,2185,302383,24889,1211073,0.1392,54830,3010747,0.346054,27228,4221820,0.485254,8700223
1,2021-05-07,83731,7017442,47649,3539562,33881,3173296,2201,304584,27792,1185682,0.136282,55449,3066196,0.352427,30058,4251878,0.488709,8700223
1,2021-05-08,57659,7075101,36202,3575764,19802,3193098,1655,306239,19550,1169222,0.13439,37750,3103946,0.356766,21290,4273168,0.491156,8700223
1,2021-05-09,18373,7093474,13187,3588951,4708,3197806,478,306717,5562,1162575,0.133626,12723,3116669,0.358229,6076,4279244,0.491855,8700223
1,2021-05-10,44475,7137949,22516,3611467,20125,3217931,1834,308551,14826,1149983,0.132179,29342,3146011,0.361601,16750,4295994,0.49378,8700223
1,2021-05-11,63044,7200993,34291,3645758,26586,3244517,2167,310718,20674,1130875,0.129982,42058,3188069,0.366435,22950,4318944,0.496418,8700223
1,2021-05-12,63189,7264182,33590,3679348,27525,3272042,2074,312792,20725,1111629,0.12777,42105,3230174,0.371275,22859,4341803,0.499045,8700223
1,2021-05-13,67477,7331659,39604,3718952,25881,3297923,1992,314784,25675,1098185,0.126225,41394,3271568,0.376033,27950,4369753,0.502258,8700223
1,2021-05-14,77088,7408747,46464,3765416,28213,3326136,2411,317195,31093,1086408,0.124871,45559,3317127,0.381269,33782,4403535,0.50614,8700223
1,2021-05-15,66995,7475742,43982,3809398,21241,3347377,1772,318967,26661,1074919,0.123551,39991,3357118,0.385866,28502,4432037,0.509416,8700223
1,2021-05-16,25155,7500897,18542,3827940,5992,3353369,621,319588,10253,1071067,0.123108,14772,3371890,0.387564,10920,4442957,0.510672,8700223
1,2021-05-17,54597,7555494,33334,3861274,19478,3372847,1785,321373,23094,1064789,0.122386,31212,3403102,0.391151,24934,4467891,0.513538,8700223
1,2021-05-18,65459,7620953,39422,3900696,24192,3397039,1845,323218,28346,1058265,0.121637,36804,3439906,0.395381,30280,4498171,0.517018,8700223
1,2021-05-19,66809,7687762,40691,3941387,24173,3421212,1945,325163,29879,1053549,0.121094,36614,3476520,0.39959,31898,4530069,0.520684,8700223
1,2021-05-20,65132,7752894,37810,3979197,25084,3446296,2238,327401,26773,1044772,0.120086,37984,3514504,0.403956,29207,4559276,0.524041,8700223
1,2021-05-21,70821,7823715,42356,4021553,26582,3472878,1883,329284,29188,1034733,0.118932,41203,3555707,0.408691,31164,4590440,0.527623,8700223
1,2021-05-22,56650,7880365,37277,4058830,17640,3490518,1733,331017,24607,1029423,0.118321,31743,3587450,0.41234,26433,4616873,0.530661,8700223
1,2021-05-23,20576,7900941,14388,4073218,5601,3496119,587,331604,9536,1028644,0.118232,10928,3598378,0.413596,10149,4627022,0.531828,8700223
1,2021-05-24,44359,7945300,24759,4097977,17746,3513865,1854,333458,17956,1022411,0.117515,26123,3624501,0.416599,19890,4646912,0.534114,8700223
1,2021-05-25,51684,7996984,29803,4127780,20153,3534018,1728,335186,21490,1015862,0.116763,29857,3654358,0.42003,23308,4670220,0.536793,8700223
1,2021-05-26,49006,8045990,27772,4155552,19302,3553320,1932,337118,20775,1010707,0.11617,27902,3682260,0.423237,22747,4692967,0.539408,8700223
1,2021-05-27,47556,8093546,26718,4182270,18913,3572233,1925,339043,20372,1006247,0.115658,26870,3709130,0.426326,22410,4715377,0.541983,8700223
1,2021-05-28,53351,8146897,29812,4212082,21676,3593909,1863,340906,23920,1003091,0.115295,29064,3738194,0.429666,25908,4741285,0.544961,8700223
1,2021-05-29,30948,8177845,18749,4230831,11220,3605129,979,341885,14689,1002726,0.115253,16086,3754280,0.431515,15721,4757006,0.546768,8700223
1,2021-05-30,11743,8189588,7593,4238424,3589,3608718,561,342446,5533,1002713,0.115251,6133,3760413,0.43222,6120,4763126,0.547472,8700223
1,2021-05-31,5828,8195416,3316,4241740,2251,3610969,261,342707,2040,1001308,0.11509,3718,3764131,0.432648,2313,4765439,0.547738,8700223
1,2021-06-01,46521,8241937,26356,4268096,18573,3629542,1592,344299,17623,992072,0.114028,28510,3792641,0.435925,19274,4784713,0.549953,8700223
1,2021-06-02,40623,8282560,23620,4291716,15485,3645027,1518,345817,16415,986205,0.113354,23882,3816523,0.43867,18015,4802728,0.552024,8700223
1,2021-06-03,42138,8324698,26429,4318145,13966,3658993,1743,347560,16106,978420,0.112459,25709,3842232,0.441625,17924,4820652,0.554084,8700223
1,2021-06-04,51020,8375718,32667,4350812,16525,3675518,1828,349388,18342,966388,0.111076,32279,3874511,0.445335,20247,4840899,0.556411,8700223
1,2021-06-05,40830,8416548,27879,4378691,10930,3686448,2021,351409,14298,956460,0.109935,26300,3900811,0.448358,16372,4857271,0.558293,8700223
1,2021-06-06,13266,8429814,10620,4389311,2128,3688576,518,351927,4568,952998,0.109537,8609,3909420,0.449347,5147,4862418,0.558884,8700223
1,2021-06-07,34379,8464193,23732,4413043,9271,3697847,1376,353303,12302,944890,0.108605,21840,3931260,0.451857,13732,4876150,0.560463,8700223
1,2021-06-08,42512,8506705,29411,4442454,11435,3709282,1666,354969,14805,934035,0.107358,27413,3958673,0.455008,16558,4892708,0.562366,8700223
1,2021-06-09,42498,8549203,29482,4471936,11359,3720641,1657,356626,13847,921271,0.105891,28324,3986997,0.458264,15560,4908268,0.564154,8700223
1,2021-06-10,39419,8588622,26544,4498480,11158,3731799,1717,358343,13451,910839,0.104691,25699,4012696,0.461218,15267,4923535,0.565909,8700223
1,2021-06-11,44807,8633429,29732,4528212,13366,3745165,1709,360052,16010,900172,0.103465,28465,4041161,0.464489,17798,4941333,0.567955,8700223
1,2021-06-12,34333,8667762,24857,4553069,8249,3753414,1227,361279,11278,889917,0.102287,22827,4063988,0.467113,12572,4953905,0.5694,8700223
1,2021-06-13,11721,8679483,8526,4561595,2713,3756127,482,361761,3417,885622,0.101793,8227,4072215,0.468059,3932,4957837,0.569852,8700223
1,2021-06-14,31452,8710935,21206,4582801,8908,3765035,1338,363099,11747,879250,0.101061,19486,4091701,0.470298,13114,4970951,0.571359,8700223
1,2021-06-15,37945,8748880,24898,4607699,11173,3776208,1874,364973,14100,871779,0.100202,23534,4115235,0.473003,16063,4987014,0.573205,8700223
1,2021-06-16,36125,8785005,24448,4632147,9821,3786029,1856,366829,13646,865161,0.099441,22177,4137412,0.475552,15559,5002573,0.574994,8700223
1,2021-06-17,34038,8819043,22515,4654662,9550,3795579,1973,368802,13290,860030,0.098851,20478,4157890,0.477906,15347,5017920,0.576758,8700223
1,2021-06-18,39959,8859002,25960,4680622,11130,3806709,2869,371671,15458,854204,0.098182,24204,4182094,0.480688,18378,5036298,0.57887,8700223
1,2021-06-19,24123,8883125,16746,4697368,6175,3812884,1202,372873,9800,851100,0.097825,14146,4196240,0.482314,11042,5047340,0.580139,8700223
1,2021-06-20,8175,8891300,5986,4703354,1911,3814795,278,373151,3231,849747,0.09767,4871,4201111,0.482874,3518,5050858,0.580544,8700223
1,2021-06-21,21100,8912400,11940,4715294,6962,3821757,2198,375349,10979,852975,0.098041,9998,4211109,0.484023,13226,5064084,0.582064,8700223
1,2021-06-22,31046,8943446,20253,4735547,8619,3830376,2174,377523,12940,850274,0.09773,17877,4228986,0.486078,15176,5079260,0.583808,8700223
1,2021-06-23,29582,8973028,19873,4755420,7876,3838252,1833,379356,12868,848515,0.097528,16485,4245471,0.487973,14726,5093986,0.585501,8700223
1,2021-06-24,28647,9001675,19094,4774514,7872,3846124,1681,381037,12111,846051,0.097245,16322,4261793,0.489849,13858,5107844,0.587093,8700223
1,2021-06-25,32067,9033742,21707,4796221,8935,3855059,1425,382462,14040,843801,0.096986,17770,4279563,0.491891,15520,5123364,0.588877,8700223
1,2021-06-26,22678,9056420,16844,4813065,4988,3860047,846,383308,9887,841925,0.096771,12656,4292219,0.493346,10780,5134144,0.590116,8700223
1,2021-06-27,9290,9065710,6926,4819991,1925,3861972,439,383747,4113,841391,0.096709,5102,4297321,0.493932,4568,5138712,0.590641,8700223
1,2021-06-28,21486,9087196,15971,4835962,4252,3866224,1263,385010,9953,841332,0.096702,11321,4308642,0.495234,11262,5149974,0.591936,8700223
1,2021-06-29,27309,9114505,18710,4854672,7196,3873420,1403,386413,12121,839923,0.09654,14991,4323633,0.496957,13582,5163556,0.593497,8700223
1,2021-06-30,26701,9141206,18505,4873177,7122,3880542,1074,387487,12767,840135,0.096565,13703,4337336,0.498532,13915,5177471,0.595096,8700223
1,2021-07-01,24396,9165602,16960,4890137,6122,3886664,1314,388801,11336,839976,0.096546,12883,4350219,0.500012,12724,5190195,0.596559,8700223
1,2021-07-02,27276,9192878,18772,4908909,7443,3894107,1061,389862,12769,839597,0.096503,14289,4364508,0.501655,13910,5204105,0.598158,8700223
1,2021-07-03,15076,9207954,10538,4919447,4079,3898186,459,390321,7184,839524,0.096495,7749,4372257,0.502545,7676,5211781,0.59904,8700223
1,2021-07-04,1302,9209256,734,4920181,500,3898686,68,390389,634,839574,0.0965,657,4372914,0.502621,707,5212488,0.599121,8700223
1,2021-07-05,11294,9220550,7824,4928005,3104,3901790,366,390755,5377,839524,0.096495,5841,4378755,0.503292,5791,5218279,0.599787,8700223
1,2021-07-06,27960,9248510,19774,4947779,7026,3908816,1160,391915,11190,835413,0.096022,16561,4395316,0.505196,12450,5230729,0.601218,8700223
1,2021-07-07,24351,9272861,17070,4964849,6103,3914919,1178,393093,10488,833498,0.095802,13666,4408982,0.506767,11751,5242480,0.602568,8700223
1,2021-07-08,23295,9296156,16156,4981005,6037,3920956,1102,394195,10021,831639,0.095588,13067,4422049,0.508268,11208,5253688,0.603857,8700223
1,2021-07-09,27575,9323731,19518,5000523,6880,3927836,1177,395372,12479,830442,0.095451,14910,4436959,0.509982,13713,5267401,0.605433,8700223
1,2021-07-10,18197,9341928,13140,5013663,4281,3932117,776,396148,8125,829449,0.095337,9940,4446899,0.511125,8947,5276348,0.606461,8700223
1,2021-07-11,6841,9348769,5001,5018664,1633,3933750,207,396355,3313,829512,0.095344,3475,4450374,0.511524,3538,5279886,0.606868,8700223
1,2021-07-12,20492,9369261,14732,5033396,4856,3938606,904,397259,9095,828356,0.095211,11248,4461622,0.512817,10092,5289978,0.608028,8700223
1,2021-07-13,22787,9392048,15907,5049303,6056,3944662,824,398083,10683,828007,0.095171,11943,4473565,0.51419,11594,5301572,0.60936,8700223
1,2021-07-14,22713,9414761,15618,5064921,6101,3950763,994,399077,10250,827060,0.095062,12300,4485865,0.515603,11353,5312925,0.610665,8700223
1,2021-07-15,22105,9436866,15659,5080580,5706,3956469,740,399817,10713,827379,0.095099,11240,4497105,0.516895,11559,5324484,0.611994,8700223
1,2021-07-16,27201,9464067,19003,5099583,7187,3963656,1011,400828,13486,828419,0.095218,13541,4510646,0.518452,14581,5339065,0.61367,8700223
1,2021-07-17,18907,9482974,13667,5113250,4532,3968188,708,401536,9321,829037,0.095289,9447,4520093,0.519538,10065,5349130,0.614827,8700223
1,2021-07-18,7537,9490511,5562,5118812,1689,3969877,286,401822,3855,829574,0.095351,3621,4523714,0.519954,4158,5353288,0.615305,8700223
1,2021-07-19,21115,9511626,15294,5134106,4980,3974857,841,402663,10582,830703,0.095481,10390,4534104,0.521148,11519,5364807,0.616629,8700223
1,2021-07-20,25304,9536930,17505,5151611,6901,3981758,898,403561,13040,832657,0.095705,12075,4546179,0.522536,14029,5378836,0.618241,8700223
1,2021-07-21,25597,9562527,17982,5169593,6394,3988152,1221,404782,13094,834752,0.095946,12335,4558514,0.523954,14430,5393266,0.6199,8700223
1,2021-07-22,24703,9587230,17488,5187081,6368,3994520,847,405629,13470,838120,0.096333,11040,4569554,0.525223,14408,5407674,0.621556,8700223
1,2021-07-23,29464,9616694,20842,5207923,7593,4002113,1029,406658,16429,842819,0.096873,12826,4582380,0.526697,17525,5425199,0.62357,8700223
1,2021-07-24,18362,9635056,12981,5220904,4808,4006921,573,407231,10803,846783,0.097329,7437,4589817,0.527552,11401,5436600,0.624881,8700223
1,2021-07-25,7585,9642641,5455,5226359,2013,4008934,117,407348,5655,850689,0.097778,1886,4591703,0.527768,5792,5442392,0.625546,8700223
1,2021-07-26,21768,9664409,15064,5241423,5938,4014872,766,408114,14084,858068,0.098626,7542,4599245,0.528635,14921,5457313,0.627261,8700223
1,2021-07-27,27447,9691856,19629,5261052,6866,4021738,952,409066,16174,864156,0.099326,11089,4610334,0.52991,17177,5474490,0.629236,8700223
1,2021-07-28,28343,9720199,20107,5281159,7356,4029094,880,409946,17391,871739,0.100197,10759,4621093,0.531147,18342,5492832,0.631344,8700223
1,2021-07-29,26937,9747136,19107,5300266,7032,4036126,798,410744,16847,879534,0.101093,9912,4631005,0.532286,17707,5510539,0.633379,8700223
1,2021-07-30,31431,9778567,22489,5322755,8034,4044160,908,411652,19212,887691,0.102031,11999,4643004,0.533665,20156,5530695,0.635696,8700223
1,2021-07-31,20009,9798576,14526,5337281,4942,4049102,541,412193,12432,893276,0.102673,7412,4650416,0.534517,12997,5543692,0.63719,8700223
1,2021-08-01,8890,9807466,6701,5343982,2062,4051164,127,412320,6089,896768,0.103074,2752,4653168,0.534833,6244,5549936,0.637907,8700223
1,2021-08-02,25037,9832503,18635,5362617,5690,4056854,712,413032,16290,905234,0.104047,8584,4661752,0.53582,17050,5566986,0.639867,8700223
1,2021-08-03,28908,9861411,20951,5383568,7016,4063870,941,413973,18147,913787,0.10503,10569,4672321,0.537035,19122,5586108,0.642065,8700223
1,2021-08-04,27785,9889196,20214,5403782,6691,4070561,880,414853,17670,922478,0.106029,9907,4682228,0.538173,18598,5604706,0.644203,8700223
1,2021-08-05,27545,9916741,20208,5423990,6424,4076985,913,415766,17365,930807,0.106987,9970,4692198,0.539319,18299,5623005,0.646306,8700223
1,2021-08-06,34016,9950757,25067,5449057,7973,4084958,976,416742,21234,940522,0.108103,12539,4704737,0.540761,22254,5645259,0.648864,8700223
1,2021-08-07,21776,9972533,16333,5465390,4875,4089833,568,417310,13550,946558,0.108797,8096,4712833,0.541691,14132,5659391,0.650488,8700223
1,2021-08-08,10533,9983066,7694,5473084,2637,4092470,202,417512,6851,950008,0.109194,3612,4716445,0.542106,7062,5666453,0.6513,8700223
1,2021-08-09,27935,10011001,20940,5494024,6182,4098652,813,418325,17275,957664,0.110074,10467,4726912,0.543309,18123,5684576,0.653383,8700223
1,2021-08-10,29415,10040416,21646,5515670,6901,4105553,868,419193,17538,964457,0.110854,11668,4738580,0.54465,18461,5703037,0.655505,8700223
1,2021-08-11,27308,10067724,20161,5535831,6227,4111780,920,420113,16153,970614,0.111562,10942,4749522,0.545908,17099,5720136,0.65747,8700223
1,2021-08-12,28838,10096562,20747,5556578,7044,4118824,1047,421160,17216,977569,0.112361,11332,4760854,0.547211,18287,5738423,0.659572,8700223
1,2021-08-13,36191,10132753,26314,5582892,8821,4127645,1056,422216,21076,984943,0.113209,14804,4775658,0.548912,22178,5760601,0.662121,8700223
1,2021-08-14,23913,10156666,18154,5601046,5202,4132847,557,422773,13654,989368,0.113718,9804,4785462,0.550039,14229,5774830,0.663757,8700223
1,2021-08-15,10559,10167225,7786,5608832,2612,4135459,161,422934,6098,991494,0.113962,4155,4789617,0.550517,6281,5781111,0.664478,8700223
1,2021-08-16,29098,10196323,20650,5629482,7656,4143115,792,423726,16042,996192,0.114502,12167,4801784,0.551915,16865,5797976,0.666417,8700223
1,2021-08-17,31654,10227977,22417,5651899,8294,4151409,943,424669,16625,999716,0.114907,14083,4815867,0.553534,17607,5815583,0.668441,8700223
1,2021-08-18,31737,10259714,22762,5674661,8082,4159491,893,425562,16144,1002418,0.115218,14382,4830249,0.555187,17084,5832667,0.670404,8700223
1,2021-08-19,31022,10290736,22140,5696801,7871,4167362,1011,426573,15888,1005471,0.115568,13883,4844132,0.556783,16936,5849603,0.672351,8700223
1,2021-08-20,38107,10328843,27689,5724490,9471,4176833,947,427520,19335,1008575,0.115925,17210,4861342,0.558761,20314,5869917,0.674686,8700223
1,2021-08-21,23033,10351876,17217,5741707,5253,4182086,563,428083,11286,1009437,0.116024,11002,4872344,0.560025,11864,5881781,0.676049,8700223
1,2021-08-22,11875,10363751,8695,5750402,2978,4185064,202,428285,5979,1010125,0.116103,5507,4877851,0.560658,6195,5887976,0.676762,8700223
1,2021-08-23,31003,10394754,23004,5773406,7257,4192321,742,429027,14972,1011033,0.116208,14871,4892722,0.562367,15779,5903755,0.678575,8700223
1,2021-08-24,31689,10426443,24013,5797419,6844,4199165,832,429859,15032,1011505,0.116262,15456,4908178,0.564144,15928,5919683,0.680406,8700223
1,2021-08-25,31197,10457640,23651,5821070,6806,4205971,740,430599,14586,1011488,0.11626,15394,4923572,0.565913,15377,5935060,0.682173,8700223
1,2021-08-26,31181,10488821,23223,5844293,7072,4213043,886,431485,14761,1012187,0.11634,14994,4938566,0.567637,15693,5950753,0.683977,8700223
1,2021-08-27,38432,10527253,29489,5873782,8147,4221190,796,432281,17528,1011370,0.116246,19219,4957785,0.569846,18402,5969155,0.686092,8700223
1,2021-08-28,24425,10551678,19073,5892855,4930,4226120,422,432703,10556,1009286,0.116007,13107,4970892,0.571352,11023,5980178,0.687359,8700223
1,2021-08-29,12008,10563686,9026,5901881,2841,4228961,141,432844,5560,1009002,0.115974,6017,4976909,0.572044,5733,5985911,0.688018,8700223
1,2021-08-30,28564,10592250,20972,5922853,6682,4235643,910,433754,12329,1007289,0.115777,15007,4991916,0.573769,13294,5999205,0.689546,8700223
1,2021-08-31,28359,10620609,21164,5944017,6477,4242120,718,434472,11988,1004965,0.11551,15071,5006987,0.575501,12747,6011952,0.691011,8700223
1,2021-09-01,16147,10636756,11760,5955777,3798,4245918,589,435061,6755,1003949,0.115393,8395,5015382,0.576466,7379,6019331,0.691859,8700223
2,2020-12-15,264,264,264,264,0,0,0,0,264,264,3.1e-05,0,0,0.0,264,264,3.1e-05,8407551
2,2020-12-16,2340,2604,2340,2604,0,0,0,0,2341,2605,0.00031,0,0,0.0,2341,2605,0.00031,8407551
2,2020-12-17,7256,9860,7256,9860,0,0,0,0,7255,9860,0.001173,0,0,0.0,7255,9860,0.001173,8407551
2,2020-12-18,11188,21048,11167,21027,21,21,0,0,11190,21050,0.002504,0,0,0.0,11190,21050,0.002504,8407551
2,2020-12-19,5652,26700,5645,26672,7,28,0,0,5654,26704,0.003176,0,0,0.0,5654,26704,0.003176,8407551
2,2020-12-20,4273,30973,4256,30928,17,45,0,0,4264,30967,0.003683,1,1,0.0,4264,30968,0.003683,8407551
2,2020-12-21,12912,43885,12881,43809,31,76,0,0,12865,43831,0.005213,1,2,0.0,12865,43833,0.005214,8407551
2,2020-12-22,12313,56198,11777,55586,536,612,0,0,12311,56142,0.006678,0,2,0.0,12311,56144,0.006678,8407551
2,2020-12-23,11869,68067,9587,65173,2282,2894,0,0,11870,68011,0.008089,2,4,0.0,11871,68015,0.00809,8407551
2,2020-12-24,5934,74001,3511,68684,2423,5317,0,0,5930,73939,0.008794,4,8,1e-06,5932,73947,0.008795,8407551
2,2020-12-25,508,74509,424,69108,84,5401,0,0,511,74450,0.008855,0,8,1e-06,511,74458,0.008856,8407551
2,2020-12-26,2599,77108,1673,70781,926,6327,0,0,2599,77047,0.009164,2,10,1e-06,2599,77057,0.009165,8407551
2,2020-12-27,2238,79346,1216,71997,1022,7349,0,0,2236,79281,0.00943,2,12,1e-06,2236,79293,0.009431,8407551
2,2020-12-28,11181,90527,7247,79244,3934,11283,0,0,11180,90456,0.010759,5,17,2e-06,11180,90473,0.010761,8407551
2,2020-12-29,13031,103558,7325,86569,5706,16989,0,0,13035,103490,0.012309,1,18,2e-06,13035,103508,0.012311,8407551
2,2020-12-30,15770,119328,8849,95418,6921,23910,0,0,15764,119251,0.014184,5,23,3e-06,15766,119274,0.014187,8407551
2,2020-12-31,7649,126977,2846,98264,4803,28713,0,0,7641,126887,0.015092,5,28,3e-06,7641,126915,0.015095,8407551
2,2021-01-01,1458,128435,703,98967,755,29468,0,0,1453,128336,0.015264,4,32,4e-06,1453,128368,0.015268,8407551
2,2021-01-02,4892,133327,2789,101756,2103,31571,0,0,4887,133221,0.015845,2,34,4e-06,4887,133255,0.015849,8407551
2,2021-01-03,1442,134769,814,102570,628,32199,0,0,1435,134653,0.016016,3,37,4e-06,1435,134690,0.01602,8407551
2,2021-01-04,11863,146632,5665,108235,6198,38397,0,0,11849,146497,0.017424,5,42,5e-06,11849,146539,0.017429,8407551
2,2021-01-05,14075,160707,7062,115297,7013,45410,0,0,12820,158100,0.018805,1250,1292,0.000154,12853,159392,0.018958,8407551
2,2021-01-06,19314,180021,10682,125979,8632,54042,0,0,15277,169415,0.02015,3977,5269,0.000627,15292,174684,0.020777,8407551
2,2021-01-07,23519,203540,13256,139235,10263,64305,0,0,15738,177380,0.021098,7793,13062,0.001554,15758,190442,0.022651,8407551
2,2021-01-08,27229,230769,16455,155690,10774,75079,0,0,16638,183515,0.021827,10535,23597,0.002807,16670,207112,0.024634,8407551
2,2021-01-09,9918,240687,5810,161500,4108,79187,0,0,6307,186229,0.02215,3604,27201,0.003235,6318,213430,0.025386,8407551
2,2021-01-10,5369,246056,2997,164497,2372,81559,0,0,3099,187053,0.022248,2280,29481,0.003506,3104,216534,0.025755,8407551
2,2021-01-11,26239,272295,18140,182637,8099,89658,0,0,15044,190943,0.022711,11205,40686,0.004839,15095,231629,0.02755,8407551
2,2021-01-12,26634,298929,16555,199192,10079,99737,0,0,16898,198174,0.023571,9761,50447,0.006,16992,248621,0.029571,8407551
2,2021-01-13,28858,327787,15323,214515,13535,113272,0,0,20759,210888,0.025083,8086,58533,0.006962,20800,269421,0.032045,8407551
2,2021-01-14,30816,358603,11806,226321,19010,132282,0,0,26472,233105,0.027726,4339,62872,0.007478,26556,295977,0.035204,8407551
2,2021-01-15,35414,394017,12873,239194,22541,154823,0,0,32083,261956,0.031157,3327,66199,0.007874,32178,328155,0.039031,8407551
2,2021-01-16,18414,412431,6156,245350,12258,167081,0,0,16987,277507,0.033007,1444,67643,0.008046,16995,345150,0.041052,8407551
2,2021-01-17,10616,423047,3596,248946,7020,174101,0,0,9852,286592,0.034087,778,68421,0.008138,9863,355013,0.042225,8407551
2,2021-01-18,19915,442962,11144,260090,8771,182872,0,0,15005,296737,0.035294,4926,73347,0.008724,15071,370084,0.044018,8407551
2,2021-01-19,32995,475957,17227,277317,15768,198640,0,0,24759,313377,0.037273,8236,81583,0.009704,24876,394960,0.046977,8407551
2,2021-01-20,37911,513868,19101,296418,18810,217450,0,0,29149,333891,0.039713,8733,90316,0.010742,29247,424207,0.050455,8407551
2,2021-01-21,41367,555235,17604,314022,23763,241213,0,0,36717,366183,0.043554,4618,94934,0.011292,36910,461117,0.054846,8407551
2,2021-01-22,39835,595070,16645,330667,23190,264403,0,0,36420,399201,0.047481,3433,98367,0.0117,36451,497568,0.059181,8407551
2,2021-01-23,24377,619447,10840,341507,13537,277940,0,0,21375,417629,0.049673,2978,101345,0.012054,21406,518974,0.061727,8407551
2,2021-01-24,12513,631960,6133,347640,6380,284320,0,0,11571,428293,0.050941,927,102272,0.012164,11591,530565,0.063106,8407551
2,2021-01-25,34245,666205,15745,363385,18500,302820,0,0,25252,444757,0.0529,8940,111212,0.013228,25404,555969,0.066127,8407551
2,2021-01-26,40695,706900,19897,383282,20798,323618,0,0,31303,466789,0.05552,9363,120575,0.014341,31395,587364,0.069861,8407551
2,2021-01-27,46004,752904,22763,406045,23241,346859,0,0,35471,491918,0.058509,10412,130987,0.01558,35541,622905,0.074089,8407551
2,2021-01-28,48415,801319,22575,428620,25840,372699,0,0,39516,522689,0.062169,8830,139817,0.01663,39601,662506,0.078799,8407551
2,2021-01-29,46051,847370,22141,450761,23910,396609,0,0,37113,551078,0.065546,8808,148625,0.017678,37197,699703,0.083223,8407551
2,2021-01-30,31529,878899,13350,464111,18179,414788,0,0,28069,575778,0.068483,3416,152041,0.018084,28116,727819,0.086567,8407551
2,2021-01-31,17308,896207,10228,474339,7080,421868,0,0,16069,590653,0.070253,1217,153258,0.018229,16092,743911,0.088481,8407551
2,2021-02-01,41668,937875,19941,494280,21727,443595,0,0,30374,609846,0.072536,11232,164490,0.019565,30425,774336,0.0921,8407551
2,2021-02-02,48288,986163,19624,513904,28664,472259,0,0,36571,634901,0.075516,11619,176109,0.020947,36674,811010,0.096462,8407551
2,2021-02-03,54403,1040566,23899,537803,30504,502763,0,0,39974,660656,0.078579,14323,190432,0.02265,40078,851088,0.101229,8407551
2,2021-02-04,56654,1097220,24268,562071,32386,535149,0,0,41119,686462,0.081648,15422,205854,0.024484,41228,892316,0.106133,8407551
2,2021-02-05,60694,1157914,26329,588400,34365,569514,0,0,40909,708017,0.084212,19557,225411,0.026811,41112,933428,0.111023,8407551
2,2021-02-06,39604,1197518,18372,606772,21232,590746,0,0,31469,731545,0.08701,8054,233465,0.027768,31582,965010,0.114779,8407551
2,2021-02-07,15797,1213315,10438,617210,5359,596105,0,0,11949,739754,0.087987,3814,237279,0.028222,12023,977033,0.116209,8407551
2,2021-02-08,43351,1256666,21941,639151,21410,617515,0,0,29599,755972,0.089916,13599,250878,0.02984,29817,1006850,0.119755,8407551
2,2021-02-09,49898,1306564,23611,662762,26287,643802,0,0,30716,768107,0.091359,18948,269826,0.032093,31083,1037933,0.123452,8407551
2,2021-02-10,59929,1366493,28009,690771,31920,675722,0,0,34495,777844,0.092517,25136,294962,0.035083,34873,1072806,0.1276,8407551
2,2021-02-11,64714,1431207,29702,720473,35012,710734,0,0,35934,785907,0.093476,28392,323354,0.03846,36455,1109261,0.131936,8407551
2,2021-02-12,66363,1497570,28608,749081,37755,748489,0,0,35387,791298,0.094118,30674,354028,0.042108,36065,1145326,0.136226,8407551
2,2021-02-13,38356,1535926,15953,765034,22403,770892,0,0,22062,797560,0.094862,16184,370212,0.044033,22446,1167772,0.138896,8407551
2,2021-02-14,20234,1556160,9415,774449,10819,781711,0,0,11223,800203,0.095177,8955,379167,0.045098,11598,1179370,0.140275,8407551
2,2021-02-15,33514,1589674,15063,789512,18451,800162,0,0,18524,804762,0.095719,14840,394007,0.046863,19399,1198769,0.142582,8407551
2,2021-02-16,56761,1646435,27785,817297,28976,829138,0,0,29789,808398,0.096151,26846,420853,0.050057,30482,1229251,0.146208,8407551
2,2021-02-17,62111,1708546,31902,849199,30209,859347,0,0,30746,808715,0.096189,31254,452107,0.053774,31571,1260822,0.149963,8407551
2,2021-02-18,66819,1775365,33667,882866,33152,892499,0,0,32434,808208,0.096129,34102,486209,0.05783,33595,1294417,0.153959,8407551
2,2021-02-19,60150,1835515,33216,916082,26934,919433,0,0,29768,808401,0.096152,30169,516378,0.061418,30362,1324779,0.15757,8407551
2,2021-02-20,38040,1873555,24649,940731,13391,932824,0,0,20610,812402,0.096628,17313,533691,0.063478,21314,1346093,0.160105,8407551
2,2021-02-21,21952,1895507,17718,958449,4234,937058,0,0,10825,813052,0.096705,11015,544706,0.064788,11665,1357758,0.161493,8407551
2,2021-02-22,39793,1935300,27145,985594,12648,949706,0,0,18814,811768,0.096552,20809,565515,0.067263,19525,1377283,0.163815,8407551
2,2021-02-23,54216,1989516,27672,1013266,26544,976250,0,0,23732,807217,0.096011,30197,595712,0.070854,25646,1402929,0.166865,8407551
2,2021-02-24,71553,2061069,36746,1050012,34807,1011057,0,0,32675,803671,0.095589,38633,634345,0.075449,35087,1438016,0.171039,8407551
2,2021-02-25,77700,2138769,36720,1086732,40980,1052037,0,0,39356,807846,0.096086,38051,672396,0.079975,42226,1480242,0.176061,8407551
2,2021-02-26,86274,2225043,36996,1123728,49278,1101315,0,0,46294,816713,0.09714,39645,712041,0.084691,48512,1528754,0.181831,8407551
2,2021-02-27,63176,2288219,29323,1153051,33844,1135159,9,9,34179,823508,0.097949,28742,740783,0.088109,35537,1564291,0.186058,8407551
2,2021-02-28,31166,2319385,18658,1171709,12507,1147666,1,10,18037,829412,0.098651,12989,753772,0.089654,18893,1583184,0.188305,8407551
2,2021-03-01,59384,2378769,30924,1202633,28380,1176046,80,90,32386,836471,0.09949,26651,780423,0.092824,33710,1616894,0.192315,8407551
2,2021-03-02,71121,2449890,34128,1236761,36977,1213023,16,106,39760,847476,0.100799,31153,811576,0.096529,42158,1659052,0.197329,8407551
2,2021-03-03,82096,2531986,39535,1276296,42540,1255563,21,127,46280,860857,0.102391,35573,847149,0.10076,48954,1708006,0.203151,8407551
2,2021-03-04,89922,2621908,44036,1320332,45852,1301415,34,161,51374,876408,0.104241,38274,885423,0.105313,53825,1761831,0.209553,8407551
2,2021-03-05,83651,2705559,39252,1359584,44075,1345490,324,485,50660,897074,0.106699,32723,918146,0.109205,53389,1815220,0.215904,8407551
2,2021-03-06,63670,2769229,30993,1390577,30948,1376438,1729,2214,38902,914518,0.108773,24615,942761,0.112133,42059,1857279,0.220906,8407551
2,2021-03-07,28931,2798160,16414,1406991,10960,1387398,1557,3771,18291,924929,0.110012,10557,953318,0.113388,20968,1878247,0.2234,8407551
2,2021-03-08,51323,2849483,23515,1430506,25222,1412620,2586,6357,32191,942337,0.112082,19006,972324,0.115649,36414,1914661,0.227731,8407551
2,2021-03-09,71243,2920726,32436,1462942,34921,1447541,3886,10243,39382,955243,0.113617,31704,1004028,0.11942,44610,1959271,0.233037,8407551
2,2021-03-10,78988,2999714,37286,1500228,35104,1482645,6598,16841,41727,967848,0.115117,37019,1041047,0.123823,49624,2008895,0.238939,8407551
2,2021-03-11,93751,3093465,43174,1543402,42155,1524800,8422,25263,48735,981683,0.116762,44680,1085727,0.129137,58515,2067410,0.245899,8407551
2,2021-03-12,94709,3188174,39050,1582452,43714,1568514,11945,37208,46915,994376,0.118272,47513,1133240,0.134788,60206,2127616,0.25306,8407551
2,2021-03-13,69560,3257734,29028,1611480,32487,1601001,8045,45253,38032,1010327,0.120169,31371,1164611,0.13852,47322,2174938,0.258689,8407551
2,2021-03-14,37183,3294917,18393,1629873,14269,1615270,4521,49774,18662,1015829,0.120823,18406,1183017,0.140709,23908,2198846,0.261532,8407551
2,2021-03-15,67862,3362779,30617,1660490,32212,1647482,5033,54807,37318,1028978,0.122387,30292,1213309,0.144312,43441,2242287,0.266699,8407551
2,2021-03-16,86775,3449554,38428,1698918,44300,1691782,4047,58854,52240,1052070,0.125134,34307,1247616,0.148392,57399,2299686,0.273526,8407551
2,2021-03-17,93485,3543039,44759,1743677,44511,1736293,4215,63069,59153,1082204,0.128718,34029,1281645,0.15244,64163,2363849,0.281158,8407551
2,2021-03-18,98788,3641827,47125,1790802,47026,1783319,4637,67706,59807,1108558,0.131853,38630,1320275,0.157034,64984,2428833,0.288887,8407551
2,2021-03-19,97937,3739764,46485,1837287,45337,1828656,6115,73821,57680,1132922,0.134751,39920,1360195,0.161783,64284,2493117,0.296533,8407551
2,2021-03-20,70339,3810103,34014,1871301,32308,1860964,4017,77838,45751,1158692,0.137816,24337,1384532,0.164677,50107,2543224,0.302493,8407551
2,2021-03-21,33902,3844005,21797,1893098,10085,1871049,2020,79858,20236,1167885,0.138909,13493,1398025,0.166282,22686,2565910,0.305191,8407551
2,2021-03-22,63348,3907353,34879,1927977,25822,1896871,2647,82505,41833,1192008,0.141778,21251,1419276,0.16881,45374,2611284,0.310588,8407551
2,2021-03-23,84390,3991743,44858,1972835,36590,1933461,2942,85447,52198,1216107,0.144645,31877,1451153,0.172601,55976,2667260,0.317246,8407551
2,2021-03-24,92532,4084275,49646,2022481,39689,1973150,3197,88644,53871,1235700,0.146975,38290,1489443,0.177155,57883,2725143,0.32413,8407551
2,2021-03-25,102248,4186523,51570,2074051,46734,2019884,3944,92588,57372,1253304,0.149069,44479,1533922,0.182446,62083,2787226,0.331515,8407551
2,2021-03-26,104314,4290837,51796,2125847,49004,2068888,3514,96102,56564,1267088,0.150708,47329,1581251,0.188075,61113,2848339,0.338783,8407551
2,2021-03-27,76184,4367021,37983,2163830,34868,2103756,3333,99435,37948,1271286,0.151208,37943,1619194,0.192588,42141,2890480,0.343796,8407551
2,2021-03-28,38097,4405118,23552,2187382,13729,2117485,816,100251,20241,1275497,0.151709,17699,1636893,0.194693,21910,2912390,0.346402,8407551
2,2021-03-29,72306,4477424,36738,2224120,33278,2150763,2290,102541,40731,1288185,0.153218,31329,1668222,0.198419,44017,2956407,0.351637,8407551
2,2021-03-30,92892,4570316,45518,2269638,42967,2193730,4407,106948,51786,1304135,0.155115,40869,1709091,0.20328,56819,3013226,0.358395,8407551
2,2021-03-31,102090,4672406,52624,2322262,44312,2238042,5154,112102,57679,1323289,0.157393,44059,1753150,0.208521,63213,3076439,0.365914,8407551
2,2021-04-01,118602,4791008,57194,2379456,52043,2290085,9365,121467,64224,1343366,0.159781,53895,1807045,0.214931,73972,3150411,0.374712,8407551
2,2021-04-02,112355,4903363,51855,2431311,50210,2340295,10290,131757,59869,1361925,0.161988,52042,1859087,0.221121,70601,3221012,0.383109,8407551
2,2021-04-03,77070,4980433,37775,2469086,29403,2369698,9892,141649,38055,1371454,0.163122,38776,1897863,0.225733,48305,3269317,0.388855,8407551
2,2021-04-04,29164,5009597,15010,2484096,10270,2379968,3884,145533,13056,1372424,0.163237,15987,1913850,0.227635,16957,3286274,0.390872,8407551
2,2021-04-05,79783,5089380,39032,2523128,31831,2411799,8920,154453,38298,1379099,0.164031,41277,1955127,0.232544,47952,3334226,0.396575,8407551
2,2021-04-06,104463,5193843,50795,2573923,38853,2450652,14815,169268,49263,1388676,0.16517,54886,2010013,0.239072,64463,3398689,0.404242,8407551
2,2021-04-07,111243,5305086,55470,2629393,39387,2490039,16386,185654,52094,1398542,0.166344,58826,2068839,0.246069,68692,3467381,0.412413,8407551
2,2021-04-08,120011,5425097,57685,2687078,43439,2533478,18887,204541,55555,1409414,0.167637,64060,2132899,0.253688,74932,3542313,0.421325,8407551
2,2021-04-09,119480,5544577,57464,2744542,43729,2577207,18287,222828,56310,1422044,0.169139,62761,2195660,0.261153,75391,3617704,0.430292,8407551
2,2021-04-10,87838,5632415,37804,2782346,31550,2608757,18484,241312,36140,1425873,0.169594,51414,2247074,0.267269,55243,3672947,0.436863,8407551
2,2021-04-11,44724,5677139,23180,2805526,13012,2621769,8532,249844,18290,1427125,0.169743,26269,2273343,0.270393,27521,3700468,0.440136,8407551
2,2021-04-12,80605,5757744,37505,2843031,33611,2655380,9489,259333,35821,1428920,0.169957,44488,2317831,0.275684,46283,3746751,0.445641,8407551
2,2021-04-13,102248,5859992,53048,2896079,48932,2704312,268,259601,55812,1439770,0.171247,46127,2363958,0.281171,56977,3803728,0.452418,8407551
2,2021-04-14,107298,5967290,56183,2952262,51051,2755363,64,259665,54587,1443496,0.17169,52366,2416324,0.287399,56092,3859820,0.45909,8407551
2,2021-04-15,113734,6081024,60362,3012624,53272,2808635,100,259765,59138,1449652,0.172423,54163,2470487,0.293841,60319,3920139,0.466264,8407551
2,2021-04-16,111294,6192318,57851,3070475,53382,2862017,61,259826,56405,1452469,0.172758,54504,2524991,0.300324,57321,3977460,0.473082,8407551
2,2021-04-17,83809,6276127,42608,3113083,41185,2903202,16,259842,46680,1463191,0.174033,36850,2561841,0.304707,47572,4025032,0.47874,8407551
2,2021-04-18,36105,6312232,21940,3135023,14153,2917355,12,259854,17033,1462306,0.173928,18923,2580764,0.306958,18038,4043070,0.480886,8407551
2,2021-04-19,75034,6387266,40335,3175358,34680,2952035,19,259873,33947,1456096,0.173189,40792,2621556,0.31181,34582,4077652,0.484999,8407551
2,2021-04-20,97721,6484987,49428,3224786,48263,3000298,30,259903,47034,1453597,0.172892,50312,2671868,0.317794,47813,4125465,0.490686,8407551
2,2021-04-21,104259,6589246,56419,3281205,47769,3048067,71,259974,48948,1448809,0.172322,54787,2726655,0.32431,49999,4175464,0.496633,8407551
2,2021-04-22,108777,6698023,56219,3337424,52529,3100596,29,260003,47502,1436431,0.17085,60790,2787445,0.331541,48412,4223876,0.502391,8407551
2,2021-04-23,108403,6806426,57784,3395208,50598,3151194,21,260024,49948,1429319,0.170004,58010,2845455,0.33844,50898,4274774,0.508445,8407551
2,2021-04-24,81242,6887668,47773,3442981,33425,3184619,44,260068,42235,1433911,0.17055,38632,2884087,0.343035,43224,4317998,0.513586,8407551
2,2021-04-25,36752,6924420,22635,3465616,14100,3198719,17,260085,19951,1437718,0.171003,16636,2900723,0.345014,20443,4338441,0.516017,8407551
2,2021-04-26,74551,6998971,41277,3506893,32956,3231675,318,260403,34150,1433550,0.170507,40099,2940822,0.349783,35931,4374372,0.520291,8407551
2,2021-04-27,88587,7087558,46711,3553604,40499,3272174,1377,261780,37905,1423819,0.16935,50264,2991086,0.355762,40533,4414905,0.525112,8407551
2,2021-04-28,88600,7176158,47324,3600928,39393,3311567,1883,263663,38946,1416294,0.168455,49276,3040362,0.361623,41751,4456656,0.530078,8407551
2,2021-04-29,91698,7267856,49881,3650809,40095,3351662,1722,265385,35545,1398445,0.166332,55728,3096090,0.368251,37879,4494535,0.534583,8407551
2,2021-04-30,95156,7363012,52564,3703373,40577,3392239,2015,267400,36862,1380186,0.16416,57794,3153884,0.375125,39535,4534070,0.539285,8407551
2,2021-05-01,63016,7426028,38363,3741736,23040,3415279,1613,269013,24555,1369119,0.162844,38100,3191984,0.379657,27033,4561103,0.542501,8407551
2,2021-05-02,29412,7455440,20476,3762212,7957,3423236,979,269992,11163,1363248,0.162146,18102,3210086,0.38181,12231,4573334,0.543956,8407551
2,2021-05-03,60880,7516320,36135,3798347,22671,3445907,2074,272066,20405,1345809,0.160071,40178,3250264,0.386589,22739,4596073,0.54666,8407551
2,2021-05-04,80238,7596558,47896,3846243,29931,3475838,2411,274477,25983,1320711,0.157086,53881,3304145,0.392997,28783,4624856,0.550084,8407551
2,2021-05-05,80990,7677548,48232,3894475,30395,3506233,2363,276840,25244,1293360,0.153833,55325,3359470,0.399578,27974,4652830,0.553411,8407551
2,2021-05-06,83448,7760996,50691,3945166,29820,3536053,2937,279777,25253,1264496,0.1504,57689,3417159,0.406439,28825,4681655,0.556839,8407551
2,2021-05-07,84238,7845234,48646,3993812,33154,3569207,2438,282215,25742,1235053,0.146898,58073,3475232,0.413347,28630,4710285,0.560245,8407551
2,2021-05-08,55984,7901218,33965,4027777,20289,3589496,1730,283945,17462,1216707,0.144716,38271,3513503,0.417899,19925,4730210,0.562614,8407551
2,2021-05-09,21955,7923173,15807,4043584,5396,3594892,752,284697,6323,1208480,0.143737,15533,3529036,0.419746,7306,4737516,0.563483,8407551
2,2021-05-10,50554,7973727,27576,4071160,21084,3615976,1894,286591,14198,1189099,0.141432,36075,3565111,0.424037,16694,4754210,0.565469,8407551
2,2021-05-11,66692,8040419,36168,4107328,28380,3644356,2144,288735,20033,1165640,0.138642,46325,3611436,0.429547,22866,4777076,0.568189,8407551
2,2021-05-12,65597,8106016,34961,4142289,28395,3672751,2241,290976,19254,1141544,0.135776,46005,3657441,0.435019,21909,4798985,0.570795,8407551
2,2021-05-13,71404,8177420,41473,4183762,27978,3700729,1953,292929,26068,1125285,0.133842,45020,3702461,0.440373,28761,4827746,0.574215,8407551
2,2021-05-14,80410,8257830,48197,4231959,29935,3730664,2278,295207,30812,1109808,0.132001,49211,3751672,0.446226,33734,4861480,0.578228,8407551
2,2021-05-15,66895,8324725,43940,4275899,21234,3751898,1721,296928,25888,1097093,0.130489,40729,3792401,0.451071,28014,4889494,0.58156,8407551
2,2021-05-16,31848,8356573,23834,4299733,7087,3758985,927,297855,12945,1092342,0.129924,18759,3811160,0.453302,14008,4903502,0.583226,8407551
2,2021-05-17,58282,8414855,36915,4336648,19401,3778386,1966,299821,22913,1082479,0.128751,35110,3846270,0.457478,25247,4928749,0.586229,8407551
2,2021-05-18,70528,8485383,41246,4377894,27314,3805700,1968,301789,27944,1070646,0.127343,42289,3888559,0.462508,30456,4959205,0.589851,8407551
2,2021-05-19,69280,8554663,41002,4418896,26246,3831946,2032,303821,27371,1058947,0.125952,41572,3930131,0.467453,29873,4989078,0.593404,8407551
2,2021-05-20,70057,8624720,40672,4459568,27186,3859132,2199,306020,26629,1045314,0.12433,43066,3973197,0.472575,29433,5018511,0.596905,8407551
2,2021-05-21,73664,8698384,43518,4503086,27968,3887100,2178,308198,27983,1030747,0.122598,45291,4018488,0.477962,30724,5049235,0.60056,8407551
2,2021-05-22,54010,8752394,34294,4537380,17936,3905036,1780,309978,22523,1024350,0.121837,31243,4049731,0.481678,24846,5074081,0.603515,8407551
2,2021-05-23,24526,8776920,16738,4554118,7064,3912100,724,310702,10281,1021390,0.121485,14108,4063839,0.483356,11148,5085229,0.604841,8407551
2,2021-05-24,45260,8822180,25744,4579862,17728,3929828,1788,312490,17389,1013286,0.120521,27623,4091462,0.486641,19519,5104748,0.607162,8407551
2,2021-05-25,51350,8873530,30099,4609961,19374,3949202,1877,314367,19535,1003747,0.119386,31490,4122952,0.490387,21951,5126699,0.609773,8407551
2,2021-05-26,49138,8922668,27552,4637513,19886,3969088,1700,316067,19216,995436,0.118398,29567,4152519,0.493904,21256,5147955,0.612301,8407551
2,2021-05-27,47105,8969773,26727,4664240,18635,3987723,1743,317810,18778,988398,0.117561,28062,4180581,0.497241,21024,5168979,0.614802,8407551
2,2021-05-28,50695,9020468,28045,4692285,20658,4008381,1992,319802,21249,982908,0.116908,29166,4209747,0.50071,23676,5192655,0.617618,8407551
2,2021-05-29,29283,9049751,17542,4709827,10671,4019052,1070,320872,13322,981694,0.116763,15788,4225535,0.502588,14574,5207229,0.619351,8407551
2,2021-05-30,12715,9062466,8192,4718019,3753,4022805,770,321642,5537,980959,0.116676,7108,4232643,0.503434,6373,5213602,0.620109,8407551
2,2021-05-31,5956,9068422,3495,4721514,2156,4024961,305,321947,1858,979136,0.116459,4034,4236677,0.503913,2211,5215813,0.620372,8407551
2,2021-06-01,45280,9113702,26027,4747541,17578,4042539,1675,323622,15740,967729,0.115102,29191,4265868,0.507385,17784,5233597,0.622488,8407551
2,2021-06-02,38645,9152347,22754,4770295,14464,4057003,1427,325049,15125,961343,0.114343,23237,4289105,0.510149,16851,5250448,0.624492,8407551
2,2021-06-03,41880,9194227,26998,4797293,13397,4070400,1485,326534,14138,949863,0.112977,27489,4316594,0.513419,16009,5266457,0.626396,8407551
2,2021-06-04,48731,9242958,31848,4829141,15315,4085715,1568,328102,15761,935073,0.111218,32643,4349237,0.517301,17853,5284310,0.62852,8407551
2,2021-06-05,38223,9281181,27294,4856435,9456,4095171,1473,329575,11885,922768,0.109755,26089,4375326,0.520404,13784,5298094,0.630159,8407551
2,2021-06-06,14981,9296162,12289,4868724,2110,4097281,582,330157,4660,917951,0.109182,10254,4385580,0.521624,5437,5303531,0.630806,8407551
2,2021-06-07,33577,9329739,23508,4892232,8780,4106061,1289,331446,11004,908080,0.108008,22401,4407981,0.524288,12530,5316061,0.632296,8407551
2,2021-06-08,40752,9370491,28829,4921061,10548,4116609,1375,332821,12492,894324,0.106372,28006,4435987,0.527619,14250,5330311,0.633991,8407551
2,2021-06-09,38276,9408767,26727,4947788,10048,4126657,1501,334322,11568,881216,0.104812,26504,4462491,0.530772,13396,5343707,0.635584,8407551
2,2021-06-10,37972,9446739,26408,4974196,10030,4136687,1534,335856,11623,868705,0.103324,26145,4488636,0.533882,13634,5357341,0.637206,8407551
2,2021-06-11,41689,9488428,27707,5001903,12301,4148988,1681,337537,13355,855983,0.101811,28061,4516697,0.537219,15339,5372680,0.63903,8407551
2,2021-06-12,29799,9518227,21961,5023864,6919,4155907,919,338456,8735,844956,0.1005,20916,4537613,0.539707,9889,5382569,0.640207,8407551
2,2021-06-13,12272,9530499,8967,5032831,2682,4158589,623,339079,3121,839783,0.099884,9085,4546698,0.540787,3912,5386481,0.640672,8407551
2,2021-06-14,30226,9560725,21467,5054298,7543,4166132,1216,340295,10446,832048,0.098964,19599,4566297,0.543119,11864,5398345,0.642083,8407551
2,2021-06-15,36034,9596759,24030,5078328,9938,4176070,2066,342361,12116,822970,0.097885,23636,4589933,0.54593,14558,5412903,0.643814,8407551
2,2021-06-16,33422,9630181,23103,5101431,8503,4184573,1816,344177,11563,814988,0.096935,21674,4611607,0.548508,13692,5426595,0.645443,8407551
2,2021-06-17,31065,9661246,20771,5122202,8487,4193060,1807,345984,11003,808131,0.09612,19874,4631481,0.550872,13017,5439612,0.646991,8407551
2,2021-06-18,34832,9696078,22958,5145160,9991,4203051,1883,347867,12617,800895,0.095259,21986,4653467,0.553487,14750,5454362,0.648746,8407551
2,2021-06-19,21008,9717086,14631,5159791,5114,4208165,1263,349130,7917,797348,0.094837,12924,4666391,0.555024,9377,5463739,0.649861,8407551
2,2021-06-20,8310,9725396,5943,5165734,1902,4210067,465,349595,3069,795757,0.094648,5195,4671586,0.555642,3604,5467343,0.65029,8407551
2,2021-06-21,19384,9744780,11873,5177607,6186,4216253,1325,350920,9887,797776,0.094888,9373,4680959,0.556757,11392,5478735,0.651645,8407551
2,2021-06-22,26930,9771710,18444,5196051,7101,4223354,1385,352305,10520,793720,0.094406,16235,4697194,0.558688,12179,5490914,0.653093,8407551
2,2021-06-23,25985,9797695,17934,5213985,6423,4229777,1628,353933,10537,790880,0.094068,15298,4712492,0.560507,12458,5503372,0.654575,8407551
2,2021-06-24,25462,9823157,17345,5231330,6585,4236362,1532,355465,10463,788264,0.093757,14842,4727334,0.562272,12226,5515598,0.656029,8407551
2,2021-06-25,28911,9852068,19595,5250925,7817,4244179,1499,356964,12017,785291,0.093403,16728,4744062,0.564262,13755,5529353,0.657665,8407551
2,2021-06-26,18757,9870825,13810,5264735,4009,4248188,938,357902,7636,783093,0.093142,11027,4755089,0.565574,8829,5538182,0.658715,8407551
2,2021-06-27,8888,9879713,6790,5271525,1647,4249835,451,358353,3575,781988,0.09301,5255,4760344,0.566199,4150,5542332,0.659209,8407551
2,2021-06-28,19993,9899706,15189,5286714,3554,4253389,1250,359603,8829,781234,0.092921,11025,4771369,0.56751,10271,5552603,0.66043,8407551
2,2021-06-29,22954,9922660,15990,5302704,5883,4259272,1081,360684,9855,779446,0.092708,12958,4784327,0.569051,11170,5563773,0.661759,8407551
2,2021-06-30,22242,9944902,15781,5318485,5430,4264702,1031,361715,9954,778525,0.092598,12135,4796462,0.570495,11214,5574987,0.663093,8407551
2,2021-07-01,20159,9965061,14250,5332735,5007,4269709,902,362617,8990,777590,0.092487,11030,4807492,0.571806,10095,5585082,0.664294,8407551
2,2021-07-02,23184,9988245,15999,5348734,6154,4275863,1031,363648,10289,776392,0.092345,12722,4820214,0.57332,11524,5596606,0.665664,8407551
2,2021-07-03,12655,10000900,9118,5357852,3060,4278923,477,364125,5801,776037,0.092302,6756,4826970,0.574123,6401,5603007,0.666426,8407551
2,2021-07-04,1018,10001918,597,5358449,354,4279277,67,364192,436,775993,0.092297,570,4827540,0.574191,526,5603533,0.666488,8407551
2,2021-07-05,11160,10013078,8172,5366621,2578,4281855,410,364602,5126,775697,0.092262,5960,4833500,0.5749,5664,5609197,0.667162,8407551
2,2021-07-06,24017,10037095,17436,5384057,5567,4287422,1014,365616,9297,771726,0.09179,14553,4848053,0.576631,10582,5619779,0.66842,8407551
2,2021-07-07,20720,10057815,14775,5398832,4837,4292259,1108,366724,8785,770092,0.091595,11789,4859842,0.578033,10155,5629934,0.669628,8407551
2,2021-07-08,19274,10077089,13430,5412262,4802,4297061,1042,367766,8097,768369,0.09139,11065,4870907,0.579349,9342,5639276,0.670739,8407551
2,2021-07-09,22719,10099808,15755,5428017,5707,4302768,1257,369023,9660,766567,0.091176,12918,4883825,0.580886,11116,5650392,0.672062,8407551
2,2021-07-10,14394,10114202,10621,5438638,3085,4305853,688,369711,6353,765820,0.091087,7945,4891770,0.581831,7198,5657590,0.672918,8407551
2,2021-07-11,6579,10120781,4840,5443478,1389,4307242,350,370061,3098,765903,0.091097,3436,4895206,0.582239,3519,5661109,0.673336,8407551
2,2021-07-12,18277,10139058,13443,5456921,3961,4311203,873,370934,7873,764565,0.090938,10283,4905489,0.583462,8945,5670054,0.6744,8407551
2,2021-07-13,19641,10158699,13875,5470796,4880,4316083,886,371820,8820,763798,0.090847,10668,4916157,0.584731,9901,5679955,0.675578,8407551
2,2021-07-14,18794,10177493,13422,5484218,4580,4320663,792,372612,8417,762974,0.090749,10244,4926401,0.58595,9420,5689375,0.676698,8407551
2,2021-07-15,18898,10196391,13704,5497922,4490,4325153,704,373316,8597,762309,0.09067,10182,4936583,0.587161,9517,5698892,0.67783,8407551
2,2021-07-16,22959,10219350,16524,5514446,5601,4330754,834,374150,11021,762568,0.0907,11802,4948385,0.588564,12061,5710953,0.679265,8407551
2,2021-07-17,14417,10233767,10501,5524947,3382,4334136,534,374684,6965,762842,0.090733,7360,4955745,0.58944,7634,5718587,0.680173,8407551
2,2021-07-18,7012,10240779,5239,5530186,1444,4335580,329,375013,3545,763362,0.090795,3424,4959169,0.589847,3944,5722531,0.680642,8407551
2,2021-07-19,18463,10259242,13752,5543938,3965,4339545,746,375759,9163,764269,0.090903,9183,4968352,0.590939,10090,5732621,0.681842,8407551
2,2021-07-20,21019,10280261,14973,5558911,5200,4344745,846,376605,10677,765805,0.091085,10205,4978557,0.592153,11741,5744362,0.683238,8407551
2,2021-07-21,20505,10300766,14931,5573842,4800,4349545,774,377379,10639,767675,0.091308,9738,4988295,0.593311,11608,5755970,0.684619,8407551
2,2021-07-22,20405,10321171,14573,5588415,4964,4354509,868,378247,10893,770245,0.091613,9364,4997659,0.594425,11934,5767904,0.686039,8407551
2,2021-07-23,24532,10345703,17185,5605600,6295,4360804,1052,379299,13356,773835,0.09204,11015,5008674,0.595735,14605,5782509,0.687776,8407551
2,2021-07-24,14894,10360597,10742,5616342,3655,4364459,497,379796,8335,776334,0.092338,6448,5015122,0.596502,8947,5791456,0.68884,8407551
2,2021-07-25,6731,10367328,4960,5621302,1628,4366087,143,379939,4979,779791,0.092749,1704,5016826,0.596705,5161,5796617,0.689454,8407551
2,2021-07-26,19172,10386500,13535,5634837,4853,4370940,784,380723,12140,785945,0.093481,6894,5023720,0.597525,13048,5809665,0.691006,8407551
2,2021-07-27,23010,10409510,16660,5651497,5484,4376424,866,381589,13479,791076,0.094091,9363,5033083,0.598638,14494,5824159,0.69273,8407551
2,2021-07-28,22716,10432226,16250,5667747,5561,4381985,905,382494,13441,796501,0.094736,9105,5042188,0.599721,14530,5838689,0.694458,8407551
2,2021-07-29,21496,10453722,15407,5683154,5170,4387155,919,383413,12991,802201,0.095414,8359,5050547,0.600716,14059,5852748,0.69613,8407551
2,2021-07-30,26302,10480024,18729,5701883,6608,4393763,965,384378,15753,808770,0.096196,10350,5060897,0.601947,16919,5869667,0.698142,8407551
2,2021-07-31,15760,10495784,11608,5713491,3643,4397406,509,384887,9538,812858,0.096682,6095,5066992,0.602672,10183,5879850,0.699353,8407551
2,2021-08-01,8071,10503855,6213,5719704,1686,4399092,172,385059,5295,815678,0.097017,2711,5069703,0.602994,5531,5885381,0.700011,8407551
2,2021-08-02,21299,10525154,16016,5735720,4520,4403612,763,385822,13504,822409,0.097818,7651,5077354,0.603904,14382,5899763,0.701722,8407551
2,2021-08-03,24138,10549292,17598,5753318,5524,4409136,1016,386838,15012,829597,0.098673,8971,5086325,0.604971,16159,5915922,0.703644,8407551
2,2021-08-04,22797,10572089,16893,5770211,5031,4414167,873,387711,14211,836339,0.099475,8438,5094763,0.605975,15180,5931102,0.705449,8407551
2,2021-08-05,23168,10595257,16996,5787207,5230,4419397,942,388653,14328,843054,0.100273,8668,5103431,0.607006,15383,5946485,0.707279,8407551
2,2021-08-06,27705,10622962,20292,5807499,6424,4425821,989,389642,16867,850385,0.101145,10652,5114083,0.608273,17983,5964468,0.709418,8407551
2,2021-08-07,16899,10639861,12566,5820065,3737,4429558,596,390238,10380,855034,0.101698,6408,5120491,0.609035,11057,5975525,0.710733,8407551
2,2021-08-08,9369,10649230,7095,5827160,2045,4431603,229,390467,5850,857721,0.102018,3434,5123925,0.609443,6121,5981646,0.711461,8407551
2,2021-08-09,23322,10672552,17898,5845058,4658,4436261,766,391233,14112,863681,0.102727,9047,5132972,0.610519,15007,5996653,0.713246,8407551
2,2021-08-10,24368,10696920,17950,5863008,5564,4441825,854,392087,14317,869115,0.103373,9874,5142846,0.611694,15308,6011961,0.715067,8407551
2,2021-08-11,22036,10718956,16456,5879464,4675,4446500,905,392992,12792,873844,0.103936,9066,5151912,0.612772,13795,6025756,0.716708,8407551
2,2021-08-12,23891,10742847,17091,5896555,5724,4452224,1076,394068,13927,879194,0.104572,9753,5161665,0.613932,15103,6040859,0.718504,8407551
2,2021-08-13,29848,10772695,21580,5918135,7223,4459447,1045,395113,17250,885384,0.105308,12238,5173903,0.615388,18428,6059287,0.720696,8407551
2,2021-08-14,18701,10791396,13779,5931914,4417,4463864,505,395618,10477,888867,0.105722,7636,5181539,0.616296,11119,6070406,0.722018,8407551
2,2021-08-15,9737,10801133,7304,5939218,2244,4466108,189,395807,5332,890485,0.105915,3974,5185513,0.616769,5592,6075998,0.722683,8407551
2,2021-08-16,24738,10825871,17506,5956724,6387,4472495,845,396652,12900,893783,0.106307,10593,5196106,0.618028,13891,6089889,0.724336,8407551
2,2021-08-17,25924,10851795,18366,5975090,6619,4479114,939,397591,12855,896088,0.106581,11616,5207722,0.61941,13921,6103810,0.725991,8407551
2,2021-08-18,26221,10878016,18622,5993712,6705,4485819,894,398485,12839,898313,0.106846,11657,5219379,0.620797,13882,6117692,0.727643,8407551
2,2021-08-19,26009,10904025,17964,6011676,7022,4492841,1023,399508,12900,901091,0.107176,11273,5230652,0.622137,14051,6131743,0.729314,8407551
2,2021-08-20,32438,10936463,22789,6034465,8608,4501449,1041,400549,15254,902758,0.107375,14774,5245426,0.623895,16441,6148184,0.731269,8407551
2,2021-08-21,19008,10955471,14028,6048493,4432,4505881,548,401097,9052,903621,0.107477,8872,5254298,0.62495,9735,6157919,0.732427,8407551
2,2021-08-22,10691,10966162,7918,6056411,2560,4508441,213,401310,5278,904342,0.107563,4847,5259145,0.625526,5568,6163487,0.733089,8407551
2,2021-08-23,26654,10992816,19498,6075909,6434,4514875,722,402032,12462,905371,0.107685,12401,5271546,0.627001,13430,6176917,0.734687,8407551
2,2021-08-24,27346,11020162,20372,6096281,6111,4520986,863,402895,12100,905166,0.107661,13384,5284930,0.628593,13179,6190096,0.736254,8407551
2,2021-08-25,26233,11046395,19902,6116183,5601,4526587,730,403625,11934,905492,0.1077,12548,5297478,0.630086,12874,6202970,0.737786,8407551
2,2021-08-26,26370,11072765,19666,6135849,5889,4532476,815,404440,11801,905638,0.107717,12655,5310133,0.631591,12801,6215771,0.739308,8407551
2,2021-08-27,32353,11105118,24073,6159922,7394,4539870,886,405326,13464,903927,0.107514,16335,5326468,0.633534,14624,6230395,0.741048,8407551
2,2021-08-28,19070,11124188,14581,6174503,4126,4543996,363,405689,8091,902779,0.107377,9787,5336255,0.634698,8639,6239034,0.742075,8407551
2,2021-08-29,11139,11135327,8526,6183029,2467,4546463,146,405835,4816,902172,0.107305,5692,5341947,0.635375,5085,6244119,0.74268,8407551
2,2021-08-30,25634,11160961,19120,6202149,5850,4552313,664,406499,10496,900444,0.107099,13140,5355087,0.636938,11412,6255531,0.744037,8407551
2,2021-08-31,24750,11185711,17994,6220143,6079,4558392,677,407176,9937,898605,0.106881,12670,5367757,0.638445,10831,6266362,0.745325,8407551
2,2021-09-01,13834,11199545,9760,6229903,3476,4561868,598,407774,5520,898012,0.10681,6811,5374568,0.639255,6218,6272580,0.746065,8407551
3,2020-12-15,342,342,342,342,0,0,0,0,342,342,4.2e-05,0,0,0.0,342,342,4.2e-05,8129050
3,2020-12-16,2535,2877,2535,2877,0,0,0,0,2535,2877,0.000354,0,0,0.0,2535,2877,0.000354,8129050
3,2020-12-17,7957,10834,7957,10834,0,0,0,0,7958,10835,0.001333,0,0,0.0,7958,10835,0.001333,8129050
3,2020-12-18,13583,24417,13562,24396,21,21,0,0,13578,24413,0.003003,0,0,0.0,13578,24413,0.003003,8129050
3,2020-12-19,7289,31706,7277,31673,12,33,0,0,7346,31757,0.003907,2,2,0.0,7346,31759,0.003907,8129050
3,2020-12-20,5700,37406,5687,37360,13,46,0,0,5750,37506,0.004614,1,3,0.0,5750,37509,0.004614,8129050
3,2020-12-21,14508,51914,14479,51839,29,75,0,0,14571,52076,0.006406,1,4,0.0,14571,52080,0.006407,8129050
3,2020-12-22,15017,66931,14404,66243,613,688,0,0,15052,67123,0.008257,5,9,1e-06,15052,67132,0.008258,8129050
3,2020-12-23,15040,81971,12380,78623,2660,3348,0,0,15062,82184,0.01011,2,11,1e-06,15063,82195,0.010111,8129050
3,2020-12-24,6871,88842,4916,83539,1955,5303,0,0,6867,89048,0.010954,3,14,2e-06,6867,89062,0.010956,8129050
3,2020-12-25,745,89587,683,84222,62,5365,0,0,740,89786,0.011045,2,16,2e-06,740,89802,0.011047,8129050
3,2020-12-26,4643,94230,3015,87237,1628,6993,0,0,4641,94427,0.011616,0,16,2e-06,4641,94443,0.011618,8129050
3,2020-12-27,3031,97261,1873,89110,1158,8151,0,0,3030,97457,0.011989,0,16,2e-06,3030,97473,0.011991,8129050
3,2020-12-28,13835,111096,8852,97962,4983,13134,0,0,13849,111297,0.013691,9,25,3e-06,13849,111322,0.013694,8129050
3,2020-12-29,15476,126572,8764,106726,6712,19846,0,0,15502,126796,0.015598,3,28,3e-06,15502,126824,0.015601,8129050
3,2020-12-30,18425,144997,10333,117059,8092,27938,0,0,18430,145224,0.017865,3,31,4e-06,18431,145255,0.017869,8129050
3,2020-12-31,8557,153554,3271,120330,5286,33224,0,0,8557,153779,0.018917,2,33,4e-06,8557,153812,0.018921,8129050
3,2021-01-01,1910,155464,918,121248,992,34216,0,0,1904,155681,0.019151,2,35,4e-06,1904,155716,0.019155,8129050
3,2021-01-02,5003,160467,2465,123713,2538,36754,0,0,5000,160680,0.019766,1,36,4e-06,5000,160716,0.019771,8129050
3,2021-01-03,1639,162106,862,124575,777,37531,0,0,1630,162308,0.019966,2,38,5e-06,1630,162346,0.019971,8129050
3,2021-01-04,12212,174318,6067,130642,6145,43676,0,0,12181,174480,0.021464,9,47,6e-06,12181,174527,0.02147,8129050
3,2021-01-05,15952,190270,8288,138930,7664,51340,0,0,14237,187055,0.023011,1696,1743,0.000214,14271,188798,0.023225,8129050
3,2021-01-06,20803,211073,11027,149957,9776,61116,0,0,16149,198608,0.024432,4607,6350,0.000781,16160,204958,0.025213,8129050
3,2021-01-07,26877,237950,15371,165328,11506,72622,0,0,17290,206372,0.025387,9546,15896,0.001955,17310,222268,0.027342,8129050
3,2021-01-08,30899,268849,18857,184185,12042,84664,0,0,18263,212053,0.026086,12612,28508,0.003507,18293,240561,0.029593,8129050
3,2021-01-09,12612,281461,7124,191309,5488,90152,0,0,8030,215519,0.026512,4574,33082,0.00407,8040,248601,0.030582,8129050
3,2021-01-10,7278,288739,4508,195817,2770,92922,0,0,4094,216440,0.026625,3181,36263,0.004461,4102,252703,0.031086,8129050
3,2021-01-11,29474,318213,19271,215088,10203,103125,0,0,16675,220382,0.02711,12783,49046,0.006033,16725,269428,0.033144,8129050
3,2021-01-12,33075,351288,19655,234743,13420,116545,0,0,20269,228020,0.02805,12784,61830,0.007606,20422,289850,0.035656,8129050
3,2021-01-13,35041,386329,18278,253021,16763,133308,0,0,24661,242334,0.029811,10374,72204,0.008882,24688,314538,0.038693,8129050
3,2021-01-14,35070,421399,14330,267351,20740,154048,0,0,29088,265557,0.032668,5906,78110,0.009609,29129,343667,0.042276,8129050
3,2021-01-15,39398,460797,14649,282000,24749,178797,0,0,34652,295566,0.036359,4723,82833,0.01019,34732,378399,0.046549,8129050
3,2021-01-16,22044,482841,7522,289522,14522,193319,0,0,19654,312866,0.038487,2378,85211,0.010482,19678,398077,0.04897,8129050
3,2021-01-17,13212,496053,4495,294017,8717,202036,0,0,12116,323904,0.039845,1096,86307,0.010617,12134,410211,0.050462,8129050
3,2021-01-18,24973,521026,13046,307063,11927,213963,0,0,19282,337532,0.041522,5705,92012,0.011319,19333,429544,0.052841,8129050
3,2021-01-19,41595,562621,21211,328274,20384,234347,0,0,32170,360397,0.044334,9394,101406,0.012475,32259,461803,0.056809,8129050
3,2021-01-20,46584,609205,23194,351468,23390,257737,0,0,36834,387616,0.047683,9702,111108,0.013668,36921,498724,0.061351,8129050
3,2021-01-21,48621,657826,21129,372597,27492,285229,0,0,42947,425059,0.052289,5590,116698,0.014356,43033,541757,0.066645,8129050
3,2021-01-22,50239,708065,20028,392625,30211,315440,0,0,45913,466725,0.057414,4322,121020,0.014887,45988,587745,0.072302,8129050
3,2021-01-23,30687,738752,12905,405530,17782,333222,0,0,27355,490822,0.060379,3321,124341,0.015296,27418,615163,0.075675,8129050
3,2021-01-24,18089,756841,8546,414076,9543,342765,0,0,16890,506550,0.062314,1195,125536,0.015443,16923,632086,0.077756,8129050
3,2021-01-25,41323,798164,18408,432484,22915,365680,0,0,31152,527650,0.064909,10147,135683,0.016691,31247,663333,0.0816,8129050
3,2021-01-26,47766,845930,22812,455296,24954,390634,0,0,37384,554782,0.068247,10367,146050,0.017966,37499,700832,0.086213,8129050
3,2021-01-27,52072,898002,24781,480077,27291,417925,0,0,41198,585264,0.071997,10803,156853,0.019295,41285,742117,0.091292,8129050
3,2021-01-28,52703,950705,24434,504511,28269,446194,0,0,43567,619852,0.076251,9042,165895,0.020408,43630,785747,0.096659,8129050
3,2021-01-29,51686,1002391,24725,529236,26961,473155,0,0,41742,651903,0.080194,9746,175641,0.021607,41797,827544,0.101801,8129050
3,2021-01-30,37847,1040238,17820,547056,20027,493182,0,0,33074,680354,0.083694,4718,180359,0.022187,33169,860713,0.105881,8129050
3,2021-01-31,22932,1063170,12907,559963,10025,503207,0,0,21479,700426,0.086163,1434,181793,0.022363,21506,882219,0.108527,8129050
3,2021-02-01,46686,1109856,21365,581328,25321,528528,0,0,35541,724938,0.089179,11074,192867,0.023726,35586,917805,0.112904,8129050
3,2021-02-02,55076,1164932,22975,604303,32101,560629,0,0,42419,754856,0.092859,12556,205423,0.02527,42474,960279,0.118129,8129050
3,2021-02-03,60580,1225512,26917,631220,33663,594292,0,0,44963,784440,0.096498,15456,220879,0.027172,45040,1005319,0.12367,8129050
3,2021-02-04,65042,1290554,28146,659366,36896,631188,0,0,47535,814813,0.100235,17293,238172,0.029299,47666,1052985,0.129534,8129050
3,2021-02-05,71297,1361851,30028,689394,41269,672457,0,0,49119,842232,0.103608,21915,260087,0.031995,49334,1102319,0.135602,8129050
3,2021-02-06,44065,1405916,21069,710463,22996,695453,0,0,34271,866958,0.106649,9745,269832,0.033194,34471,1136790,0.139843,8129050
3,2021-02-07,19926,1425842,12684,723147,7242,702695,0,0,15295,877772,0.10798,4612,274444,0.033761,15426,1152216,0.141741,8129050
3,2021-02-08,51989,1477831,25094,748241,26895,729590,0,0,33961,894044,0.109981,17888,292332,0.035961,34160,1186376,0.145943,8129050
3,2021-02-09,59334,1537165,28789,777030,30545,760135,0,0,34609,904503,0.111268,24512,316844,0.038977,34971,1221347,0.150245,8129050
3,2021-02-10,68977,1606142,32080,809110,36897,797032,0,0,36833,910018,0.111946,31840,348684,0.042894,37355,1258702,0.15484,8129050
3,2021-02-11,71529,1677671,35156,844266,36373,833405,0,0,37863,915178,0.112581,33262,381946,0.046985,38422,1297124,0.159566,8129050
3,2021-02-12,76440,1754111,32921,877187,43519,876924,0,0,42049,923963,0.113662,34040,415986,0.051173,42825,1339949,0.164835,8129050
3,2021-02-13,45564,1799675,20635,897822,24929,901853,0,0,26057,931232,0.114556,19384,435370,0.053557,26653,1366602,0.168113,8129050
3,2021-02-14,27626,1827301,13788,911610,13838,915691,0,0,15306,934759,0.11499,12249,447619,0.055064,15776,1382378,0.170054,8129050
3,2021-02-15,40598,1867899,17494,929104,23104,938795,0,0,22374,939985,0.115633,18106,465725,0.057291,23332,1405710,0.172924,8129050
3,2021-02-16,71000,1938899,33603,962707,37397,976192,0,0,36714,943638,0.116082,34117,499842,0.061488,37770,1443480,0.177571,8129050
3,2021-02-17,72767,2011666,36743,999450,36024,1012216,0,0,34336,940888,0.115744,38161,538003,0.066183,35411,1478891,0.181927,8129050
3,2021-02-18,77957,2089623,40710,1040160,37247,1049463,0,0,35906,936317,0.115182,41833,579836,0.071329,37262,1516153,0.18651,8129050
3,2021-02-19,70038,2159661,40328,1080488,29710,1079173,0,0,35260,937669,0.115348,34594,614430,0.075584,35946,1552099,0.190932,8129050
3,2021-02-20,43584,2203245,27482,1107970,16102,1095275,0,0,22653,940063,0.115642,20799,635229,0.078143,23193,1575292,0.193785,8129050
3,2021-02-21,24551,2227796,19709,1127679,4842,1100117,0,0,11789,939626,0.115589,12651,647880,0.079699,12214,1587506,0.195288,8129050
3,2021-02-22,48010,2275806,31251,1158930,16759,1116876,0,0,22421,937120,0.11528,25433,673313,0.082828,22927,1610433,0.198108,8129050
3,2021-02-23,64255,2340061,34861,1193791,29394,1146270,0,0,27919,930982,0.114525,36080,709393,0.087266,29942,1640375,0.201792,8129050
3,2021-02-24,80409,2420470,39521,1233312,40888,1187158,0,0,35324,924054,0.113673,44804,754197,0.092778,37876,1678251,0.206451,8129050
3,2021-02-25,90152,2510622,43908,1277220,46244,1233402,0,0,44711,926287,0.113948,45110,799307,0.098327,47343,1725594,0.212275,8129050
3,2021-02-26,101145,2611767,46247,1323467,54898,1288300,0,0,53150,934123,0.114912,47549,846856,0.104177,55385,1780979,0.219088,8129050
3,2021-02-27,71714,2683481,32931,1356398,38779,1327079,4,4,37599,939199,0.115536,33864,880720,0.108342,38940,1819919,0.223878,8129050
3,2021-02-28,41870,2725351,24191,1380589,17674,1344753,5,9,21165,940855,0.11574,20492,901212,0.110863,22148,1842067,0.226603,8129050
3,2021-03-01,70957,2796308,37586,1418175,33310,1378063,61,70,39396,950420,0.116916,31277,932489,0.114711,40842,1882909,0.231627,8129050
3,2021-03-02,82362,2878670,40603,1458778,41743,1419806,16,86,47394,965192,0.118734,34782,967271,0.118989,49554,1932463,0.237723,8129050
3,2021-03-03,92352,2971022,44182,1502960,48132,1467938,38,124,51485,978431,0.120362,40600,1007871,0.123984,53839,1986302,0.244346,8129050
3,2021-03-04,96753,3067775,47326,1550286,49402,1517340,25,149,54644,993586,0.122227,41837,1049708,0.12913,56992,2043294,0.251357,8129050
3,2021-03-05,93173,3160948,45506,1595792,47361,1564701,306,455,56173,1015641,0.12494,36690,1086398,0.133644,58745,2102039,0.258584,8129050
3,2021-03-06,66585,3227533,33745,1629537,30667,1595368,2173,2628,37884,1028626,0.126537,28530,1114928,0.137154,41515,2143554,0.263691,8129050
3,2021-03-07,39607,3267140,22825,1652362,14854,1610222,1928,4556,22252,1036691,0.127529,17269,1132197,0.139278,25334,2168888,0.266807,8129050
3,2021-03-08,60813,3327953,28940,1681302,28837,1639059,3036,7592,38389,1057392,0.130076,22244,1154441,0.142014,42945,2211833,0.27209,8129050
3,2021-03-09,78102,3406055,36038,1717340,37560,1676619,4504,12096,41911,1068917,0.131493,36012,1190453,0.146444,47537,2259370,0.277938,8129050
3,2021-03-10,84250,3490305,41877,1759217,36189,1712808,6184,18280,43918,1080289,0.132892,40080,1230533,0.151375,51452,2310822,0.284267,8129050
3,2021-03-11,98447,3588752,48173,1807390,41580,1754388,8694,26974,48094,1088055,0.133848,50047,1280580,0.157531,57813,2368635,0.291379,8129050
3,2021-03-12,103211,3691963,46091,1853481,45185,1799573,11935,38909,47025,1092141,0.13435,55900,1336480,0.164408,59986,2428621,0.298758,8129050
3,2021-03-13,71134,3763097,29948,1883429,33873,1833446,7313,46222,37484,1104736,0.1359,33490,1369970,0.168528,46085,2474706,0.304427,8129050
3,2021-03-14,41643,3804740,21748,1905177,16313,1849759,3582,49804,20972,1109327,0.136465,20569,1390539,0.171058,25160,2499866,0.307523,8129050
3,2021-03-15,76492,3881232,36271,1941448,35623,1885382,4598,54402,40244,1119149,0.137673,35982,1426521,0.175484,45804,2545670,0.313157,8129050
3,2021-03-16,95955,3977187,44254,1985702,47318,1932700,4383,58785,53819,1136376,0.139792,41853,1468374,0.180633,59080,2604750,0.320425,8129050
3,2021-03-17,99338,4076525,48225,2033927,46517,1979217,4596,63381,60174,1162873,0.143052,38892,1507266,0.185417,65389,2670139,0.328469,8129050
3,2021-03-18,104649,4181174,53178,2087105,46871,2026088,4600,67981,59809,1183279,0.145562,44517,1551783,0.190894,64923,2735062,0.336455,8129050
3,2021-03-19,104277,4285451,55959,2143064,43812,2069900,4506,72487,57901,1200134,0.147635,46060,1597843,0.19656,62915,2797977,0.344195,8129050
3,2021-03-20,72633,4358084,37414,2180478,31485,2101385,3734,76221,44574,1221078,0.150212,27823,1625666,0.199982,48767,2846744,0.350194,8129050
3,2021-03-21,36672,4394756,24888,2205366,10254,2111639,1530,77751,22005,1230550,0.151377,14536,1640202,0.20177,24008,2870752,0.353147,8129050
3,2021-03-22,71230,4465986,41852,2247218,26823,2138462,2555,80306,45162,1253482,0.154198,25785,1665987,0.204942,48717,2919469,0.35914,8129050
3,2021-03-23,90787,4556773,50224,2297442,37973,2176435,2590,82896,55172,1276631,0.157046,35307,1701294,0.209286,58456,2977925,0.366331,8129050
3,2021-03-24,99826,4656599,57453,2354895,39404,2215839,2969,85865,56302,1293380,0.159106,43115,1744409,0.21459,59864,3037789,0.373695,8129050
3,2021-03-25,108598,4765197,60320,2415215,45217,2261056,3061,88926,60631,1310131,0.161167,47568,1791977,0.220441,64319,3102108,0.381608,8129050
3,2021-03-26,111943,4877140,60059,2475274,48482,2309538,3402,92328,57159,1317131,0.162028,54389,1846366,0.227132,61389,3163497,0.389159,8129050
3,2021-03-27,75379,4952519,38341,2513615,34467,2344005,2571,94899,36216,1317679,0.162095,38897,1885263,0.231917,39445,3202942,0.394012,8129050
3,2021-03-28,44863,4997382,28288,2541903,15753,2359758,822,95721,22485,1319397,0.162306,22241,1907504,0.234653,23959,3226901,0.396959,8129050
3,2021-03-29,81773,5079155,42717,2584620,37186,2396944,1870,97591,44333,1329300,0.163525,37150,1944654,0.239223,47053,3273954,0.402747,8129050
3,2021-03-30,101466,5180621,49878,2634498,47863,2444807,3725,101316,56361,1345165,0.165476,44808,1989462,0.244735,60673,3334627,0.410211,8129050
3,2021-03-31,106121,5286742,57225,2691723,43989,2488796,4907,106223,56326,1357208,0.166958,49502,2038964,0.250824,61545,3396172,0.417782,8129050
3,2021-04-01,125152,5411894,63252,2754975,52015,2540811,9885,116108,67014,1376677,0.169353,57641,2096605,0.257915,77110,3473282,0.427268,8129050
3,2021-04-02,118946,5530840,58016,2812991,50458,2591269,10472,126580,62254,1393438,0.171415,56348,2152953,0.264847,73109,3546391,0.436261,8129050
3,2021-04-03,76635,5607475,39205,2852196,28119,2619388,9311,135891,38045,1402651,0.172548,38406,2191359,0.269571,47619,3594010,0.442119,8129050
3,2021-04-04,32671,5640146,17468,2869664,10946,2630334,4257,140148,14225,1402766,0.172562,18347,2209706,0.271828,18462,3612472,0.44439,8129050
3,2021-04-05,90506,5730652,45922,2915586,35223,2665557,9361,149509,43779,1410203,0.173477,46465,2256171,0.277544,53902,3666374,0.451021,8129050
3,2021-04-06,114458,5845110,55682,2971268,43430,2708987,15346,164855,53547,1419129,0.174575,60597,2316768,0.284999,69523,3735897,0.459574,8129050
3,2021-04-07,117255,5962365,60660,3031928,40178,2749165,16417,181272,56357,1431536,0.176101,60589,2377357,0.292452,72996,3808893,0.468553,8129050
3,2021-04-08,122352,6084717,60905,3092833,41099,2790264,20348,201620,56567,1443689,0.177596,65439,2442796,0.300502,77592,3886485,0.478098,8129050
3,2021-04-09,119497,6204214,59493,3152326,40668,2830932,19336,220956,52272,1449158,0.178269,66930,2509726,0.308735,72399,3958884,0.487005,8129050
3,2021-04-10,85026,6289240,38148,3190474,31463,2862395,15415,236371,34528,1449570,0.17832,50270,2559996,0.314919,50682,4009566,0.493239,8129050
3,2021-04-11,45626,6334866,24407,3214881,13106,2875501,8113,244484,17307,1447565,0.178073,28209,2588205,0.31839,26204,4035770,0.496463,8129050
3,2021-04-12,84749,6419615,42770,3257651,33052,2908553,8927,253411,38160,1449401,0.178299,46304,2634509,0.324086,48140,4083910,0.502385,8129050
3,2021-04-13,106294,6525909,57555,3315206,48525,2957078,214,253625,55782,1456059,0.179118,50230,2684739,0.330265,56888,4140798,0.509383,8129050
3,2021-04-14,108422,6634331,59274,3374480,49037,3006115,111,253736,53731,1456997,0.179233,54349,2739088,0.336951,55287,4196085,0.516184,8129050
3,2021-04-15,120135,6754466,67583,3442063,52464,3058579,88,253824,63828,1465805,0.180317,55932,2795020,0.343831,64740,4260825,0.524148,8129050
3,2021-04-16,116296,6870762,65213,3507276,50983,3109562,100,253924,60428,1471482,0.181015,55522,2850542,0.350661,61199,4322024,0.531676,8129050
3,2021-04-17,79951,6950713,43577,3550853,36358,3145920,16,253940,44356,1481492,0.182247,35344,2885886,0.355009,45354,4367378,0.537256,8129050
3,2021-04-18,39135,6989848,23675,3574528,15450,3161370,10,253950,18276,1479950,0.182057,20716,2906602,0.357557,19174,4386552,0.539614,8129050
3,2021-04-19,79637,7069485,44303,3618831,35274,3196644,60,254010,35648,1472431,0.181132,43747,2950349,0.362939,36228,4422780,0.544071,8129050
3,2021-04-20,101365,7170850,53360,3672191,47981,3244625,24,254034,48719,1469887,0.180819,52331,3002680,0.369376,49787,4472567,0.550196,8129050
3,2021-04-21,106607,7277457,59860,3732051,46665,3291290,82,254116,50109,1465100,0.18023,56072,3058752,0.376274,51285,4523852,0.556504,8129050
3,2021-04-22,112753,7390210,63362,3795413,49361,3340651,30,254146,48246,1450240,0.178402,64099,3122851,0.384159,49239,4573091,0.562562,8129050
3,2021-04-23,107063,7497273,61251,3856664,45780,3386431,32,254178,46711,1438052,0.176903,59956,3182807,0.391535,47768,4620859,0.568438,8129050
3,2021-04-24,74491,7571764,45958,3902622,28459,3414890,74,254252,36161,1437277,0.176807,38024,3220831,0.396212,37249,4658108,0.57302,8129050
3,2021-04-25,37205,7608969,23736,3926358,13451,3428341,18,254270,18938,1438544,0.176963,18093,3238924,0.398438,19360,4677468,0.575402,8129050
3,2021-04-26,74525,7683494,42116,3968474,31987,3460328,422,254692,31669,1429442,0.175844,42550,3281474,0.403673,33448,4710916,0.579516,8129050
3,2021-04-27,91741,7775235,48175,4016649,41803,3502131,1763,256455,36227,1413031,0.173825,55177,3336651,0.41046,38766,4749682,0.584285,8129050
3,2021-04-28,87587,7862822,49742,4066391,35688,3537819,2157,258612,35602,1399678,0.172182,51659,3388310,0.416815,38306,4787988,0.588997,8129050
3,2021-04-29,89923,7952745,51365,4117756,36313,3574132,2245,260857,31966,1376802,0.169368,57577,3445887,0.423898,34701,4822689,0.593266,8129050
3,2021-04-30,91457,8044202,51596,4169352,37365,3611497,2496,263353,33960,1356640,0.166888,57084,3502971,0.43092,36922,4859611,0.597808,8129050
3,2021-05-01,56085,8100287,35119,4204471,19472,3630969,1494,264847,20189,1343245,0.16524,35573,3538544,0.435296,22178,4881789,0.600536,8129050
3,2021-05-02,27167,8127454,18546,4223017,7596,3638565,1025,265872,9950,1337222,0.164499,17099,3555643,0.4374,11076,4892865,0.601899,8129050
3,2021-05-03,60266,8187720,35393,4258410,22484,3661049,2389,268261,17509,1314801,0.161741,42499,3598142,0.442628,20078,4912943,0.604369,8129050
3,2021-05-04,78116,8265836,45169,4303579,30250,3691299,2697,270958,22609,1285189,0.158098,55186,3653328,0.449416,25574,4938517,0.607515,8129050
3,2021-05-05,79658,8345494,47821,4351400,29110,3720409,2727,273685,21968,1252869,0.154122,57314,3710642,0.456467,24994,4963511,0.610589,8129050
3,2021-05-06,83959,8429453,53123,4404523,28288,3748697,2548,276233,20621,1213764,0.149312,62818,3773460,0.464194,23713,4987224,0.613506,8129050
3,2021-05-07,82996,8512449,51710,4456233,28632,3777329,2654,278887,21875,1177864,0.144896,60729,3834189,0.471665,24829,5012053,0.616561,8129050
3,2021-05-08,53034,8565483,32882,4489115,18418,3795747,1734,280621,14002,1155124,0.142098,38744,3872933,0.476431,16004,5028057,0.618529,8129050
3,2021-05-09,21106,8586589,15428,4504543,4883,3800630,795,281416,5481,1145948,0.140969,15522,3888455,0.478341,6346,5034403,0.61931,8129050
3,2021-05-10,48489,8635078,26096,4530639,20469,3821099,1924,283340,11202,1122267,0.138056,37061,3925516,0.4829,13380,5047783,0.620956,8129050
3,2021-05-11,64581,8699659,36225,4566864,26122,3847221,2234,285574,16189,1093040,0.134461,48120,3973636,0.488819,18893,5066676,0.62328,8129050
3,2021-05-12,65330,8764989,37540,4604404,25375,3872596,2415,287989,16645,1064032,0.130893,48388,4022024,0.494772,19380,5086056,0.625664,8129050
3,2021-05-13,75983,8840972,47877,4652281,26173,3898769,1933,289922,27680,1046238,0.128704,48031,4070055,0.50068,30237,5116293,0.629384,8129050
3,2021-05-14,80965,8921937,51100,4703381,27702,3926471,2163,292085,31314,1030989,0.126828,49328,4119383,0.506748,34079,5150372,0.633576,8129050
3,2021-05-15,62600,8984537,43142,4746523,18228,3944699,1230,293315,25850,1021786,0.125696,36519,4155902,0.511241,27316,5177688,0.636936,8129050
3,2021-05-16,33357,9017894,24954,4771477,7711,3952410,692,294007,13461,1016267,0.125017,19766,4175668,0.513672,14247,5191935,0.638689,8129050
3,2021-05-17,57296,9075190,36472,4807949,18959,3971369,1865,295872,21089,1003516,0.123448,35915,4211583,0.51809,23164,5215099,0.641539,8129050
3,2021-05-18,64838,9140028,38254,4846203,24703,3996072,1881,297753,24337,989915,0.121775,40213,4251796,0.523037,26612,5241711,0.644812,8129050
3,2021-05-19,64338,9204366,39094,4885297,23476,4019548,1768,299521,24877,977656,0.120267,39184,4290980,0.527857,26925,5268636,0.648124,8129050
3,2021-05-20,62209,9266575,36393,4921690,23953,4043501,1863,301384,22293,962542,0.118408,39611,4330591,0.53273,24497,5293133,0.651138,8129050
3,2021-05-21,66581,9333156,40464,4962154,23997,4067498,2120,303504,23795,946329,0.116413,42436,4373027,0.537951,26223,5319356,0.654364,8129050
3,2021-05-22,46074,9379230,30538,4992692,14058,4081556,1478,304982,19155,940537,0.115701,26680,4399707,0.541233,20888,5340244,0.656933,8129050
3,2021-05-23,21870,9401100,15136,5007828,6078,4087634,656,305638,9249,938030,0.115392,12525,4412232,0.542773,10018,5350262,0.658166,8129050
3,2021-05-24,39940,9441040,23383,5031211,14781,4102415,1776,307414,14797,929875,0.114389,24927,4437159,0.54584,16772,5367034,0.660229,8129050
3,2021-05-25,43170,9484210,24294,5055505,17179,4119594,1697,309111,15309,919553,0.113119,27561,4464720,0.54923,17239,5384273,0.66235,8129050
3,2021-05-26,42762,9526972,24468,5079973,16542,4136136,1752,310863,16014,911018,0.112069,26439,4491159,0.552483,17904,5402177,0.664552,8129050
3,2021-05-27,39691,9566663,22258,5102231,15673,4151809,1760,312623,15514,904557,0.111275,23986,4515145,0.555433,17525,5419702,0.666708,8129050
3,2021-05-28,43289,9609952,24474,5126705,17002,4168811,1813,314436,17992,899610,0.110666,25075,4540220,0.558518,20128,5439830,0.669184,8129050
3,2021-05-29,23643,9633595,14450,5141155,8353,4177164,840,315276,11005,899102,0.110604,12487,4552707,0.560054,11979,5451809,0.670658,8129050
3,2021-05-30,10679,9644274,6923,5148078,3119,4180283,637,315913,4484,898153,0.110487,6113,4558820,0.560806,5164,5456973,0.671293,8129050
3,2021-05-31,4708,9648982,2727,5150805,1714,4181997,267,316180,1473,896744,0.110314,3178,4561998,0.561197,1769,5458742,0.67151,8129050
3,2021-06-01,38088,9687070,21925,5172730,14704,4196701,1459,317639,13322,887223,0.109142,24495,4586493,0.56421,14974,5473716,0.673352,8129050
3,2021-06-02,31807,9718877,18323,5191053,12060,4208761,1424,319063,11766,880732,0.108344,19821,4606314,0.566649,13330,5487046,0.674992,8129050
3,2021-06-03,40001,9758878,27375,5218428,11178,4219939,1448,320511,11557,865718,0.106497,28259,4634573,0.570125,13245,5500291,0.676622,8129050
3,2021-06-04,46710,9805588,33052,5251480,12103,4232042,1555,322066,13312,847873,0.104302,33132,4667705,0.574201,15287,5515578,0.678502,8129050
3,2021-06-05,34619,9840207,26106,5277586,7321,4239363,1192,323258,8775,832411,0.1024,25627,4693332,0.577353,10165,5525743,0.679753,8129050
3,2021-06-06,14713,9854920,12279,5289865,1848,4241211,586,323844,3701,825925,0.101602,10943,4704275,0.578699,4457,5530200,0.680301,8129050
3,2021-06-07,30680,9885600,22293,5312158,7095,4248306,1292,325136,8874,814568,0.100205,21640,4725915,0.581361,10283,5540483,0.681566,8129050
3,2021-06-08,34458,9920058,24720,5336878,8438,4256744,1300,326436,9951,801759,0.098629,24288,4750203,0.584349,11479,5551962,0.682978,8129050
3,2021-06-09,33142,9953200,24037,5360915,7797,4264541,1308,327744,8900,788079,0.096946,24055,4774258,0.587308,10375,5562337,0.684254,8129050
3,2021-06-10,32650,9985850,23546,5384461,7564,4272105,1540,329284,8981,775300,0.095374,23501,4797759,0.590199,10722,5573059,0.685573,8129050
3,2021-06-11,35899,10021749,25397,5409858,9118,4281223,1384,330668,10674,762520,0.093802,25016,4822775,0.593277,12236,5585295,0.687078,8129050
3,2021-06-12,25504,10047253,19237,5429095,5365,4286588,902,331570,6750,751708,0.092472,18628,4841403,0.595568,7816,5593111,0.68804,8129050
3,2021-06-13,10229,10057482,7670,5436765,2067,4288655,492,332062,2387,746874,0.091877,7788,4849191,0.596526,2954,5596065,0.688403,8129050
3,2021-06-14,26073,10083555,18702,5455467,5929,4294584,1442,333504,8160,738847,0.09089,17773,4866964,0.598713,9746,5605811,0.689602,8129050
3,2021-06-15,29068,10112623,19683,5475150,7859,4302443,1526,335030,9775,731271,0.089958,19047,4886011,0.601056,11471,5617282,0.691013,8129050
3,2021-06-16,26202,10138825,18635,5493785,6135,4308578,1432,336462,8881,724600,0.089137,17133,4903144,0.603163,10462,5627744,0.6923,8129050
3,2021-06-17,25021,10163846,17912,5511697,5806,4314384,1303,337765,8687,718563,0.088394,16167,4919311,0.605152,10130,5637874,0.693546,8129050
3,2021-06-18,28083,10191929,19818,5531515,6691,4321075,1574,339339,9800,712055,0.087594,18050,4937361,0.607372,11542,5649416,0.694966,8129050
3,2021-06-19,16063,10207992,11799,5543314,3403,4324478,861,340200,5743,708577,0.087166,10191,4947552,0.608626,6713,5656129,0.695792,8129050
3,2021-06-20,6904,10214896,5179,5548493,1422,4325900,303,340503,2618,707323,0.087012,4227,4951779,0.609146,2973,5659102,0.696158,8129050
3,2021-06-21,16279,10231175,10272,5558765,4600,4330500,1407,341910,8096,708860,0.087201,8086,4959865,0.610141,9623,5668725,0.697342,8129050
3,2021-06-22,22146,10253321,15513,5574278,5323,4335823,1310,343220,8250,704813,0.086703,13761,4973626,0.611834,9714,5678439,0.698537,8129050
3,2021-06-23,20324,10273645,14225,5588503,4752,4340575,1347,344567,8029,702153,0.086376,12175,4985801,0.613331,9515,5687954,0.699707,8129050
3,2021-06-24,20029,10293674,13936,5602439,4635,4345210,1458,346025,7808,699490,0.086048,12036,4997837,0.614812,9373,5697327,0.70086,8129050
3,2021-06-25,23430,10317104,16621,5619060,5380,4350590,1429,347454,9136,696029,0.085622,14153,5011990,0.616553,10692,5708019,0.702175,8129050
3,2021-06-26,14066,10331170,10450,5629510,2841,4353431,775,348229,5871,694749,0.085465,8084,5020074,0.617547,6804,5714823,0.703012,8129050
3,2021-06-27,6765,10337935,5240,5634750,1217,4354648,308,348537,2891,694156,0.085392,3827,5023901,0.618018,3234,5718057,0.70341,8129050
3,2021-06-28,16147,10354082,12418,5647168,2641,4357289,1088,349625,6798,692949,0.085244,9199,5033100,0.61915,7992,5726049,0.704393,8129050
3,2021-06-29,18222,10372304,12837,5660005,4371,4361660,1014,350639,7490,691004,0.085004,10581,5043681,0.620451,8636,5734685,0.705456,8129050
3,2021-06-30,17260,10389564,12244,5672249,3967,4365627,1049,351688,7456,690028,0.084884,9629,5053310,0.621636,8653,5743338,0.70652,8129050
3,2021-07-01,16525,10406089,11778,5684027,3667,4369294,1080,352768,6980,688787,0.084732,9402,5062712,0.622793,8161,5751499,0.707524,8129050
3,2021-07-02,18668,10424757,13280,5697307,4280,4373574,1108,353876,7987,687420,0.084563,10557,5073269,0.624091,9190,5760689,0.708655,8129050
3,2021-07-03,10182,10434939,7362,5704669,2379,4375953,441,354317,4365,686591,0.084461,5737,5079006,0.624797,4908,5765597,0.709258,8129050
3,2021-07-04,733,10435672,431,5705100,215,4376168,87,354404,284,686538,0.084455,440,5079446,0.624851,387,5765984,0.709306,8129050
3,2021-07-05,9601,10445273,7020,5712120,2155,4378323,426,354830,4351,686202,0.084414,5177,5084623,0.625488,4841,5770825,0.709902,8129050
3,2021-07-06,19270,10464543,13963,5726083,4177,4382500,1130,355960,6975,682320,0.083936,12109,5096732,0.626978,8227,5779052,0.710914,8129050
3,2021-07-07,15854,10480397,11250,5737333,3480,4385980,1124,357084,6381,680599,0.083724,9334,5106066,0.628126,7613,5786665,0.71185,8129050
3,2021-07-08,15435,10495832,11160,5748493,3273,4389253,1002,358086,6225,678859,0.08351,9056,5115122,0.62924,7316,5793981,0.71275,8129050
3,2021-07-09,17757,10513589,12398,5760891,4134,4393387,1225,359311,7364,677305,0.083319,10253,5125375,0.630501,8699,5802680,0.71382,8129050
3,2021-07-10,10961,10524550,8076,5768967,2215,4395602,670,359981,4662,676505,0.083221,6222,5131597,0.631267,5422,5808102,0.714487,8129050
3,2021-07-11,5158,10529708,3820,5772787,1061,4396663,277,360258,2332,676358,0.083203,2776,5134373,0.631608,2629,5810731,0.714811,8129050
3,2021-07-12,14390,10544098,10505,5783292,2882,4399545,1003,361261,5756,674634,0.082991,8551,5142924,0.63266,6827,5817558,0.71565,8129050
3,2021-07-13,15218,10559316,10747,5794039,3554,4403099,917,362178,6688,673892,0.082899,8427,5151351,0.633697,7685,5825243,0.716596,8129050
3,2021-07-14,14490,10573806,10290,5804329,3275,4406374,925,363103,6480,673449,0.082845,7909,5159260,0.634669,7466,5832709,0.717514,8129050
3,2021-07-15,14796,10588602,10699,5815028,3254,4409628,843,363946,6784,673238,0.082819,7911,5167171,0.635643,7700,5840409,0.718461,8129050
3,2021-07-16,17839,10606441,12823,5827851,4120,4413748,896,364842,8523,673527,0.082854,9202,5176373,0.636775,9491,5849900,0.719629,8129050
3,2021-07-17,11322,10617763,8300,5836151,2489,4416237,533,365375,5389,673658,0.08287,5857,5182230,0.637495,5988,5855888,0.720366,8129050
3,2021-07-18,5770,10623533,4360,5840511,1159,4417396,251,365626,2840,673889,0.082899,2886,5185116,0.63785,3117,5859005,0.720749,8129050
3,2021-07-19,14935,10638468,10925,5851436,3128,4420524,882,366508,7322,674654,0.082993,7513,5192629,0.638774,8278,5867283,0.721767,8129050
3,2021-07-20,16653,10655121,11602,5863038,4147,4424671,904,367412,8562,676235,0.083187,7967,5200596,0.639754,9548,5876831,0.722942,8129050
3,2021-07-21,16048,10671169,11367,5874405,3812,4428483,869,368281,8078,677422,0.083333,7838,5208434,0.640719,9025,5885856,0.724052,8129050
3,2021-07-22,16449,10687618,11621,5886026,3860,4432343,968,369249,8534,679198,0.083552,7789,5216223,0.641677,9565,5895421,0.725229,8129050
3,2021-07-23,19332,10706950,13784,5899810,4533,4436876,1015,370264,10375,681870,0.083881,8807,5225030,0.64276,11479,5906900,0.726641,8129050
3,2021-07-24,11648,10718598,8393,5908203,2673,4439549,582,370846,6441,683804,0.084119,5127,5230157,0.643391,7061,5913961,0.727509,8129050
3,2021-07-25,5689,10724287,4266,5912469,1212,4440761,211,371057,4105,686637,0.084467,1533,5231690,0.64358,4366,5918327,0.728047,8129050
3,2021-07-26,15584,10739871,10854,5923323,3755,4444516,975,372032,9423,691054,0.08501,6040,5237730,0.644323,10457,5928784,0.729333,8129050
3,2021-07-27,17606,10757477,12454,5935777,4170,4448686,982,373014,10086,694813,0.085473,7381,5245111,0.645231,11140,5939924,0.730703,8129050
3,2021-07-28,17129,10774606,12261,5948038,3828,4452514,1040,374054,9889,698699,0.085951,7093,5252204,0.646103,10979,5950903,0.732054,8129050
3,2021-07-29,16935,10791541,12197,5960235,3701,4456215,1037,375091,9992,703040,0.086485,6758,5258962,0.646934,11099,5962002,0.733419,8129050
3,2021-07-30,19694,10811235,13903,5974138,4701,4460916,1090,376181,11423,707588,0.087044,8055,5267017,0.647925,12603,5974605,0.73497,8129050
3,2021-07-31,12244,10823479,8867,5983005,2721,4463637,656,376837,7131,710470,0.087399,4968,5271985,0.648536,7850,5982455,0.735935,8129050
3,2021-08-01,6513,10829992,4959,5987964,1293,4464930,261,377098,4210,712739,0.087678,2237,5274222,0.648812,4506,5986961,0.73649,8129050
3,2021-08-02,16614,10846606,12048,6000012,3633,4468563,933,378031,10326,717900,0.088313,6161,5280383,0.64957,11322,5998283,0.737882,8129050
3,2021-08-03,18485,10865091,13335,6013347,4035,4472598,1115,379146,11011,722783,0.088914,7296,5287679,0.650467,12179,6010462,0.739381,8129050
3,2021-08-04,17591,10882682,12646,6025993,3930,4476528,1015,380161,10467,727350,0.089475,6964,5294643,0.651324,11531,6021993,0.740799,8129050
3,2021-08-05,17988,10900670,13000,6038993,3830,4480358,1158,381319,10858,732468,0.090105,6966,5301609,0.652181,12084,6034077,0.742286,8129050
3,2021-08-06,21797,10922467,15802,6054795,4835,4485193,1160,382479,12880,737863,0.090769,8711,5310320,0.653252,14106,6048183,0.744021,8129050
3,2021-08-07,12810,10935277,9515,6064310,2663,4487856,632,383111,7489,740856,0.091137,5179,5315499,0.653889,8172,6056355,0.745026,8129050
3,2021-08-08,7598,10942875,5815,6070125,1540,4489396,243,383354,4686,742994,0.0914,2828,5318327,0.654237,4966,6061321,0.745637,8129050
3,2021-08-09,18394,10961269,13765,6083890,3533,4492929,1096,384450,10388,746707,0.091857,7845,5326172,0.655202,11558,6072879,0.747059,8129050
3,2021-08-10,18601,10979870,13615,6097505,3967,4496896,1019,385469,10477,750290,0.092297,7951,5334123,0.65618,11534,6084413,0.748478,8129050
3,2021-08-11,16616,10996486,12030,6109535,3547,4500443,1039,386508,9252,753474,0.092689,7162,5341285,0.657061,10346,6094759,0.74975,8129050
3,2021-08-12,18180,11014666,12825,6122360,4257,4504700,1098,387606,9978,756611,0.093075,7987,5349272,0.658044,11124,6105883,0.751119,8129050
3,2021-08-13,22682,11037348,16077,6138437,5425,4510125,1180,388786,12351,760322,0.093531,9889,5359161,0.65926,13600,6119483,0.752792,8129050
3,2021-08-14,14737,11052085,10357,6148794,3735,4513860,645,389431,7651,762513,0.093801,6160,5365321,0.660018,8351,6127834,0.753819,8129050
3,2021-08-15,8373,11060458,6070,6154864,2013,4515873,290,389721,4201,763644,0.09394,3387,5368708,0.660435,4518,6132352,0.754375,8129050
3,2021-08-16,20714,11081172,14284,6169148,5437,4521310,993,390714,9805,765571,0.094177,8959,5377667,0.661537,10886,6143238,0.755714,8129050
3,2021-08-17,21342,11102514,14499,6183647,5789,4527099,1054,391768,9793,767201,0.094378,9326,5386993,0.662684,10956,6154194,0.757062,8129050
3,2021-08-18,21174,11123688,14110,6197757,6052,4533151,1012,392780,9517,768781,0.094572,9039,5396032,0.663796,10619,6164813,0.758368,8129050
3,2021-08-19,21262,11144950,14037,6211794,6136,4539287,1089,393869,9237,770101,0.094734,9071,5405103,0.664912,10391,6175204,0.759646,8129050
3,2021-08-20,26755,11171705,18020,6229814,7593,4546880,1142,395011,11261,770743,0.094813,11864,5416967,0.666371,12506,6187710,0.761185,8129050
3,2021-08-21,15551,11187256,11216,6241030,3746,4550626,589,395600,6522,770753,0.094815,7173,5424140,0.667254,7183,6194893,0.762069,8129050
3,2021-08-22,8856,11196112,6318,6247348,2311,4552937,227,395827,3965,771210,0.094871,3784,5427924,0.667719,4241,6199134,0.76259,8129050
3,2021-08-23,22670,11218782,15861,6263209,5876,4558813,933,396760,9724,772161,0.094988,9889,5437813,0.668936,10840,6209974,0.763924,8129050
3,2021-08-24,22626,11241408,16302,6279511,5430,4564243,894,397654,9356,772320,0.095007,10220,5448033,0.670193,10379,6220353,0.7652,8129050
3,2021-08-25,21605,11263013,15390,6294901,5295,4569538,920,398574,8977,772671,0.095051,9670,5457703,0.671383,10021,6230374,0.766433,8129050
3,2021-08-26,22136,11285149,15580,6310481,5573,4575111,983,399557,8866,772812,0.095068,9826,5467529,0.672591,9967,6240341,0.767659,8129050
3,2021-08-27,27075,11312224,19524,6330005,6545,4581656,1006,400563,10457,771655,0.094926,12826,5480355,0.674169,11669,6252010,0.769095,8129050
3,2021-08-28,15613,11327837,11434,6341439,3718,4585374,461,401024,6212,770886,0.094831,7558,5487913,0.675099,6789,6258799,0.76993,8129050
3,2021-08-29,9082,11336919,6743,6348182,2184,4587558,155,401179,3615,770390,0.09477,4339,5492252,0.675633,3843,6262642,0.770403,8129050
3,2021-08-30,21638,11358557,15217,6363399,5603,4593161,818,401997,8128,769225,0.094627,10271,5502523,0.676896,9106,6271748,0.771523,8129050
3,2021-08-31,20446,11379003,14112,6377511,5586,4598747,748,402745,7156,767524,0.094417,9755,5512278,0.678096,8054,6279802,0.772514,8129050
3,2021-09-01,11926,11390929,7821,6385332,3400,4602147,705,403450,3987,766743,0.094321,5538,5517816,0.678777,4757,6284559,0.773099,8129050
4,2020-12-15,475,475,475,475,0,0,0,0,475,475,5.9e-05,0,0,0.0,475,475,5.9e-05,8037679
4,2020-12-16,3112,3587,3112,3587,0,0,0,0,3112,3587,0.000446,0,0,0.0,3112,3587,0.000446,8037679
4,2020-12-17,9125,12712,9125,12712,0,0,0,0,9125,12712,0.001582,0,0,0.0,9125,12712,0.001582,8037679
4,2020-12-18,16429,29141,16415,29127,14,14,0,0,16428,29140,0.003625,0,0,0.0,16428,29140,0.003625,8037679
4,2020-12-19,10488,39629,10477,39604,11,25,0,0,10427,39567,0.004923,0,0,0.0,10427,39567,0.004923,8037679
4,2020-12-20,7512,47141,7497,47101,15,40,0,0,7467,47034,0.005852,0,0,0.0,7467,47034,0.005852,8037679
4,2020-12-21,16572,63713,16537,63638,35,75,0,0,16504,63536,0.007905,2,2,0.0,16504,63538,0.007905,8037679
4,2020-12-22,17358,81071,16583,80221,775,850,0,0,17314,80846,0.010058,4,6,1e-06,17314,80852,0.010059,8037679
4,2020-12-23,17304,98375,14484,94705,2820,3670,0,0,17275,98119,0.012207,2,8,1e-06,17275,98127,0.012208,8037679
4,2020-12-24,8676,107051,6013,100718,2663,6333,0,0,8674,106792,0.013286,1,9,1e-06,8674,106801,0.013288,8037679
4,2020-12-25,918,107969,812,101530,106,6439,0,0,917,107708,0.0134,1,10,1e-06,917,107718,0.013402,8037679
4,2020-12-26,6287,114256,3943,105473,2344,8783,0,0,6285,113991,0.014182,2,12,1e-06,6285,114003,0.014184,8037679
4,2020-12-27,3492,117748,2015,107488,1477,10260,0,0,3492,117483,0.014617,0,12,1e-06,3492,117495,0.014618,8037679
4,2020-12-28,15380,133128,9481,116969,5899,16159,0,0,15350,132827,0.016526,6,18,2e-06,15350,132845,0.016528,8037679
4,2020-12-29,16018,149146,8985,125954,7033,23192,0,0,15984,148810,0.018514,1,19,2e-06,15984,148829,0.018516,8037679
4,2020-12-30,19535,168681,11421,137375,8114,31306,0,0,19525,168333,0.020943,2,21,3e-06,19525,168354,0.020946,8037679
4,2020-12-31,8409,177090,3392,140767,5017,36323,0,0,8395,176719,0.021986,9,30,4e-06,8395,176749,0.02199,8037679
4,2021-01-01,1884,178974,868,141635,1016,37339,0,0,1877,178593,0.022219,3,33,4e-06,1877,178626,0.022224,8037679
4,2021-01-02,5811,184785,3275,144910,2536,39875,0,0,5809,184401,0.022942,1,34,4e-06,5809,184435,0.022946,8037679
4,2021-01-03,2181,186966,1284,146194,897,40772,0,0,2166,186563,0.023211,4,38,5e-06,2166,186601,0.023216,8037679
4,2021-01-04,13164,200130,7099,153293,6065,46837,0,0,13115,199651,0.024839,27,65,8e-06,13115,199716,0.024847,8037679
4,2021-01-05,17170,217300,10170,163463,7000,53837,0,0,14893,212314,0.026415,2248,2313,0.000288,14911,214627,0.026703,8037679
4,2021-01-06,21903,239203,13421,176884,8482,62319,0,0,15680,221836,0.0276,6176,8489,0.001056,15698,230325,0.028656,8037679
4,2021-01-07,28338,267541,17315,194199,11023,73342,0,0,16836,227259,0.028274,11439,19928,0.002479,16862,247187,0.030754,8037679
4,2021-01-08,33326,300867,21407,215606,11919,85261,0,0,18498,231024,0.028743,14762,34690,0.004316,18527,265714,0.033059,8037679
4,2021-01-09,16459,317326,9735,225341,6724,91985,0,0,9555,233698,0.029075,6894,41584,0.005174,9568,275282,0.034249,8037679
4,2021-01-10,8867,326193,5729,231070,3138,95123,0,0,4201,233261,0.029021,4646,46230,0.005752,4209,279491,0.034773,8037679
4,2021-01-11,33974,360167,22309,253379,11665,106788,0,0,19121,237617,0.029563,14817,61047,0.007595,19173,298664,0.037158,8037679
4,2021-01-12,38956,399123,22484,275863,16472,123260,0,0,24483,247737,0.030822,14414,75461,0.009388,24534,323198,0.04021,8037679
4,2021-01-13,39353,438476,19504,295367,19849,143109,0,0,27829,264125,0.032861,11464,86925,0.010815,27852,351050,0.043676,8037679
4,2021-01-14,39883,478359,15388,310755,24495,167604,0,0,32555,289471,0.036014,7243,94168,0.011716,32589,383639,0.04773,8037679
4,2021-01-15,46006,524365,16113,326868,29893,197497,0,0,40269,324111,0.040324,5655,99823,0.012419,40295,423934,0.052743,8037679
4,2021-01-16,29059,553424,9460,336328,19599,217096,0,0,25864,346833,0.043151,3160,102983,0.012813,25882,449816,0.055963,8037679
4,2021-01-17,19126,572550,6621,342949,12505,229601,0,0,17448,362639,0.045117,1655,104638,0.013018,17461,467277,0.058136,8037679
4,2021-01-18,29774,602324,13811,356760,15963,245564,0,0,23673,380341,0.04732,6007,110645,0.013766,23709,490986,0.061086,8037679
4,2021-01-19,46803,649127,23501,380261,23302,268866,0,0,36934,407538,0.050703,9811,120456,0.014986,37008,527994,0.06569,8037679
4,2021-01-20,53251,702378,28426,408687,24825,293691,0,0,42476,439407,0.054668,10672,131128,0.016314,42541,570535,0.070983,8037679
4,2021-01-21,58558,760936,26309,434996,32249,325940,0,0,51610,484196,0.060241,6874,138002,0.017169,51663,622198,0.07741,8037679
4,2021-01-22,56011,816947,22484,457480,33527,359467,0,0,50661,529644,0.065895,5247,143249,0.017822,50695,672893,0.083717,8037679
4,2021-01-23,40060,857007,17457,474937,22603,382070,0,0,35653,560934,0.069788,4398,147647,0.018369,35688,708581,0.088157,8037679
4,2021-01-24,24303,881310,10572,485509,13731,395801,0,0,22386,581439,0.072339,1904,149551,0.018606,22409,730990,0.090945,8037679
4,2021-01-25,48636,929946,22438,507947,26198,421999,0,0,37252,607404,0.07557,11345,160896,0.020018,37310,768300,0.095587,8037679
4,2021-01-26,57621,987567,29354,537301,28267,450266,0,0,45087,640078,0.079635,12480,173376,0.02157,45154,813454,0.101205,8037679
4,2021-01-27,57043,1044610,27082,564383,29961,480227,0,0,45730,674627,0.083933,11239,184615,0.022969,45788,859242,0.106902,8037679
4,2021-01-28,57753,1102363,26056,590439,31697,511924,0,0,47395,711807,0.088559,10266,194881,0.024246,47446,906688,0.112805,8037679
4,2021-01-29,57528,1159891,27487,617926,30041,541965,0,0,46876,748242,0.093092,10480,205361,0.02555,46915,953603,0.118642,8037679
4,2021-01-30,38792,1198683,17414,635340,21378,563343,0,0,33316,776171,0.096567,5421,210782,0.026224,33350,986953,0.122791,8037679
4,2021-01-31,24549,1223232,12803,648143,11746,575089,0,0,22810,797286,0.099194,1715,212497,0.026438,22830,1009783,0.125631,8037679
4,2021-02-01,50536,1273768,24317,672460,26219,601308,0,0,38603,824070,0.102526,11866,224363,0.027914,38650,1048433,0.13044,8037679
4,2021-02-02,56384,1330152,25898,698358,30486,631794,0,0,43212,854253,0.106281,13085,237448,0.029542,43268,1091701,0.135823,8037679
4,2021-02-03,62885,1393037,30813,729171,32072,663866,0,0,48140,887828,0.110458,14625,252073,0.031361,48200,1139901,0.14182,8037679
4,2021-02-04,68465,1461502,31810,760981,36655,700521,0,0,51398,922442,0.114765,16908,268981,0.033465,51522,1191423,0.14823,8037679
4,2021-02-05,74047,1535549,34235,795216,39812,740333,0,0,51329,951448,0.118373,22466,291447,0.03626,51472,1242895,0.154634,8037679
4,2021-02-06,49235,1584784,26385,821601,22850,763183,0,0,37541,977569,0.121623,11624,303071,0.037706,37745,1280640,0.15933,8037679
4,2021-02-07,26751,1611535,17672,839273,9079,772262,0,0,20158,991419,0.123346,6558,309629,0.038522,20408,1301048,0.161869,8037679
4,2021-02-08,59399,1670934,30483,869756,28916,801178,0,0,38492,1009414,0.125585,20761,330390,0.041105,38756,1339804,0.16669,8037679
4,2021-02-09,68050,1738984,34575,904331,33475,834653,0,0,39762,1021436,0.127081,28189,358579,0.044612,40211,1380015,0.171693,8037679
4,2021-02-10,78382,1817366,39217,943548,39165,873818,0,0,41057,1025974,0.127646,37078,395657,0.049225,41616,1421631,0.176871,8037679
4,2021-02-11,82477,1899843,42997,986545,39480,913298,0,0,41833,1028062,0.127905,40429,436086,0.054255,42517,1464148,0.182161,8037679
4,2021-02-12,85385,1985228,38212,1024757,47173,960471,0,0,43786,1031256,0.128303,41390,477476,0.059405,44584,1508732,0.187707,8037679
4,2021-02-13,59406,2044634,30023,1054780,29383,989854,0,0,30110,1033138,0.128537,29143,506619,0.063031,31025,1539757,0.191567,8037679
4,2021-02-14,37258,2081892,19349,1074129,17909,1007763,0,0,18972,1034568,0.128715,18221,524840,0.065297,19651,1559408,0.194012,8037679
4,2021-02-15,46824,2128716,21961,1096090,24863,1032626,0,0,23893,1036821,0.128995,22836,547676,0.068139,25089,1584497,0.197134,8037679
4,2021-02-16,81258,2209974,37286,1133376,43972,1076598,0,0,41102,1039141,0.129284,40015,587691,0.073117,42335,1626832,0.202401,8037679
4,2021-02-17,82639,2292613,39081,1172457,43558,1120156,0,0,39132,1036124,0.128908,43300,630991,0.078504,40283,1667115,0.207412,8037679
4,2021-02-18,84537,2377150,46477,1218934,38060,1158216,0,0,38835,1030954,0.128265,45481,676472,0.084163,40311,1707426,0.212428,8037679
4,2021-02-19,83854,2461004,52778,1271712,31076,1189292,0,0,41681,1031342,0.128313,41980,718452,0.089386,42368,1749794,0.217699,8037679
4,2021-02-20,50280,2511284,33454,1305166,16826,1206118,0,0,27003,1035884,0.128878,23181,741633,0.09227,27723,1777517,0.221148,8037679
4,2021-02-21,30681,2541965,24320,1329486,6361,1212479,0,0,14656,1034934,0.12876,15928,757561,0.094251,14978,1792495,0.223012,8037679
4,2021-02-22,56105,2598070,38486,1367972,17619,1230098,0,0,26922,1033341,0.128562,28997,786558,0.097859,27404,1819899,0.226421,8037679
4,2021-02-23,77809,2675879,43134,1411106,34675,1264773,0,0,34032,1025520,0.127589,43547,830105,0.103277,35726,1855625,0.230866,8037679
4,2021-02-24,92937,2768816,49103,1460209,43834,1308607,0,0,41641,1018336,0.126695,51010,881115,0.109623,43826,1899451,0.236318,8037679
4,2021-02-25,104750,2873566,54842,1515051,49908,1358515,0,0,49660,1015826,0.126383,54841,935956,0.116446,52331,1951782,0.242829,8037679
4,2021-02-26,110762,2984328,55955,1571006,54807,1413322,0,0,56226,1020206,0.126928,54208,990164,0.12319,58588,2010370,0.250118,8037679
4,2021-02-27,80834,3065162,43962,1614968,36858,1450180,14,14,42663,1026462,0.127706,37934,1028098,0.12791,44190,2054560,0.255616,8037679
4,2021-02-28,49969,3115131,30817,1645785,19145,1469325,7,21,27172,1031980,0.128393,22574,1050672,0.130718,28092,2082652,0.259111,8037679
4,2021-03-01,81835,3196966,47880,1693665,33895,1503220,60,81,45017,1041873,0.129624,36438,1087110,0.135252,46331,2128983,0.264875,8037679
4,2021-03-02,90780,3287746,51998,1745663,38770,1541990,12,93,52933,1059029,0.131758,37630,1124740,0.139933,54786,2183769,0.271691,8037679
4,2021-03-03,104672,3392418,55586,1801249,49064,1591054,22,115,58151,1072725,0.133462,46276,1171016,0.145691,59972,2243741,0.279153,8037679
4,2021-03-04,102951,3495369,57297,1858546,45636,1636690,18,133,55946,1083753,0.134834,46737,1217753,0.151506,57765,2301506,0.28634,8037679
4,2021-03-05,99135,3594504,53459,1912005,45345,1682035,331,464,57919,1103017,0.137231,40959,1258712,0.156601,60223,2361729,0.293832,8037679
4,2021-03-06,77912,3672416,43868,1955873,31392,1713427,2652,3116,47582,1124366,0.139887,30180,1288892,0.160356,51529,2413258,0.300243,8037679
4,2021-03-07,45467,3717883,27797,1983670,15424,1728851,2246,5362,26518,1135318,0.141249,18853,1307745,0.162702,29805,2443063,0.303951,8037679
4,2021-03-08,69016,3786899,36003,2019673,29588,1758439,3425,8787,45230,1161596,0.144519,23637,1331382,0.165643,49915,2492978,0.310161,8037679
4,2021-03-09,83065,3869964,41936,2061609,35811,1794250,5318,14105,44725,1174498,0.146124,38131,1369513,0.170387,51033,2544011,0.316511,8037679
4,2021-03-10,93054,3963018,47968,2109577,37501,1831751,7585,21690,46737,1183546,0.14725,46090,1415603,0.176121,55138,2599149,0.323371,8037679
4,2021-03-11,102013,4065031,53450,2163027,39993,1871744,8570,30260,47020,1185333,0.147472,54697,1470300,0.182926,56484,2655633,0.330398,8037679
4,2021-03-12,105867,4170898,52079,2215106,43357,1915101,10431,40691,45260,1181390,0.146981,60294,1530594,0.190427,56351,2711984,0.337409,8037679
4,2021-03-13,82447,4253345,38155,2253261,35724,1950825,8568,49259,38969,1186520,0.14762,43322,1573916,0.195817,48452,2760436,0.343437,8037679
4,2021-03-14,50256,4303601,28621,2281882,17973,1968798,3662,52921,23475,1187521,0.147744,26673,1600589,0.199136,27674,2788110,0.34688,8037679
4,2021-03-15,84533,4388134,45465,2327347,34742,2003540,4326,57247,42841,1194037,0.148555,41384,1641973,0.204284,47900,2836010,0.352839,8037679
4,2021-03-16,108909,4497043,56679,2384026,48781,2052321,3449,60696,57188,1203850,0.149776,51436,1693409,0.210684,61249,2897259,0.36046,8037679
4,2021-03-17,108484,4605527,58382,2442408,46565,2098886,3537,64233,63299,1226255,0.152563,44886,1738295,0.216268,67291,2964550,0.368832,8037679
4,2021-03-18,108277,4713804,60063,2502471,44463,2143349,3751,67984,61049,1244469,0.154829,46931,1785226,0.222107,65145,3029695,0.376937,8037679
4,2021-03-19,112718,4826522,64850,2567321,42608,2185957,5260,73244,63755,1265132,0.1574,48649,1833875,0.22816,69312,3099007,0.38556,8037679
4,2021-03-20,85121,4911643,49838,2617159,32225,2218182,3058,76302,51846,1287213,0.160147,33072,1866947,0.232274,55153,3154160,0.392422,8037679
4,2021-03-21,48696,4960339,35297,2652456,11138,2229320,2261,78563,28367,1297975,0.161486,20178,1887125,0.234785,30940,3185100,0.396271,8037679
4,2021-03-22,83457,5043796,54447,2706903,26249,2255569,2761,81324,51432,1321096,0.164363,31740,1918865,0.238734,54861,3239961,0.403097,8037679
4,2021-03-23,106214,5150010,63609,2770512,40414,2295983,2191,83515,62110,1342114,0.166978,43800,1962665,0.244183,64818,3304779,0.411161,8037679
4,2021-03-24,114977,5264987,74149,2844661,38360,2334343,2468,85983,63872,1358223,0.168982,50625,2013290,0.250482,66734,3371513,0.419464,8037679
4,2021-03-25,118682,5383669,73015,2917676,43201,2377544,2466,88449,66436,1375855,0.171176,51728,2065018,0.256917,69360,3440873,0.428093,8037679
4,2021-03-26,121373,5505042,73588,2991264,44711,2422255,3074,91523,65288,1389098,0.172823,55664,2120682,0.263843,68907,3509780,0.436666,8037679
4,2021-03-27,93160,5598202,54893,3046157,36440,2458695,1827,93350,46902,1392290,0.17322,45986,2166668,0.269564,49178,3558958,0.442784,8037679
4,2021-03-28,56458,5654660,37308,3083465,18264,2476959,886,94236,29665,1396611,0.173758,26593,2193261,0.272872,30914,3589872,0.44663,8037679
4,2021-03-29,95060,5749720,56911,3140376,36035,2512994,2114,96350,50755,1406017,0.174928,44007,2237268,0.278348,53413,3643285,0.453276,8037679
4,2021-03-30,118711,5868431,64815,3205191,49676,2562670,4220,100570,69688,1431557,0.178106,48735,2286003,0.284411,74275,3717560,0.462517,8037679
4,2021-03-31,122442,5990873,72257,3277448,43831,2606501,6354,106924,68126,1452267,0.180682,53919,2339922,0.291119,74629,3792189,0.471801,8037679
4,2021-04-01,144185,6135058,82108,3359556,48635,2655136,13442,120366,84449,1490706,0.185465,59163,2399085,0.29848,97602,3889791,0.483945,8037679
4,2021-04-02,137965,6273023,73710,3433266,50566,2705702,13689,134055,79220,1525156,0.189751,58407,2457492,0.305746,92857,3982648,0.495497,8037679
4,2021-04-03,101969,6374992,54491,3487757,33931,2739633,13547,147602,53119,1543109,0.191984,48618,2506110,0.311795,66571,4049219,0.50378,8037679
4,2021-04-04,47199,6422191,24934,3512691,14706,2754339,7559,155161,20530,1544427,0.192148,26538,2532648,0.315097,27856,4077075,0.507245,8037679
4,2021-04-05,110829,6533020,62180,3574871,35662,2790001,12987,168148,57368,1561898,0.194322,53198,2585846,0.321716,70669,4147744,0.516038,8037679
4,2021-04-06,140163,6673183,78857,3653728,41347,2831348,19959,188107,72524,1587345,0.197488,67368,2653214,0.330097,92815,4240559,0.527585,8037679
4,2021-04-07,138918,6812101,78732,3732460,39283,2870631,20903,209010,71737,1613114,0.200694,66890,2720104,0.338419,92659,4333218,0.539113,8037679
4,2021-04-08,141367,6953468,78732,3811192,36967,2907598,25668,234678,70429,1638793,0.203889,70589,2790693,0.347201,96268,4429486,0.55109,8037679
4,2021-04-09,138946,7092414,76114,3887306,39578,2947176,23254,257932,66277,1656635,0.206109,72374,2863067,0.356206,90216,4519702,0.562314,8037679
4,2021-04-10,104632,7197046,51570,3938876,34003,2981179,19059,276991,47220,1666535,0.20734,57172,2920239,0.363319,67072,4586774,0.570659,8037679
4,2021-04-11,63146,7260192,38331,3977207,13529,2994708,11286,288277,27626,1670964,0.207891,35387,2955626,0.367721,39816,4626590,0.575613,8037679
4,2021-04-12,103757,7363949,63008,4040215,30419,3025127,10330,298607,52188,1683394,0.209438,51225,3006851,0.374094,63655,4690245,0.583532,8037679
4,2021-04-13,131422,7495371,82440,4122655,48816,3073943,166,298773,78370,1710086,0.212759,52718,3059569,0.380653,79410,4769655,0.593412,8037679
4,2021-04-14,136971,7632342,87394,4210049,49496,3123439,81,298854,75615,1726041,0.214744,60981,3120550,0.38824,76936,4846591,0.602984,8037679
4,2021-04-15,157201,7789543,104476,4314525,52644,3176083,81,298935,95986,1762127,0.219233,60785,3181335,0.395803,96871,4943462,0.615036,8037679
4,2021-04-16,144453,7933996,91537,4406062,52832,3228915,84,299019,83600,1786054,0.22221,60488,3241823,0.403328,84415,5027877,0.625538,8037679
4,2021-04-17,102044,8036040,64069,4470131,37947,3266862,28,299047,59588,1804694,0.224529,42148,3283971,0.408572,60788,5088665,0.633101,8037679
4,2021-04-18,57460,8093500,38918,4509049,18537,3285399,5,299052,32206,1812779,0.225535,25093,3309064,0.411694,33178,5121843,0.637229,8037679
4,2021-04-19,101738,8195238,66986,4576035,34729,3320128,23,299075,51365,1814674,0.225771,50099,3359163,0.417927,51994,5173837,0.643698,8037679
4,2021-04-20,132042,8327280,78608,4654643,53409,3373537,25,299100,68232,1820591,0.226507,63439,3422602,0.42582,69356,5243193,0.652327,8037679
4,2021-04-21,135308,8462588,88304,4742947,46937,3420474,67,299167,67851,1822632,0.226761,67004,3489606,0.434156,69045,5312238,0.660917,8037679
4,2021-04-22,142435,8605023,94525,4837472,47885,3468359,25,299192,63416,1808645,0.225021,78574,3568180,0.443932,64587,5376825,0.668952,8037679
4,2021-04-23,135821,8740844,88386,4925858,47409,3515768,26,299218,58701,1791864,0.222933,76723,3644903,0.453477,59942,5436767,0.67641,8037679
4,2021-04-24,99425,8840269,67104,4992962,32267,3548035,54,299272,45633,1785175,0.222101,53468,3698371,0.460129,46779,5483546,0.68223,8037679
4,2021-04-25,50650,8890919,35714,5028676,14910,3562945,26,299298,26379,1787939,0.222445,24109,3722480,0.463129,26873,5510419,0.685573,8037679
4,2021-04-26,92654,8983573,60773,5089449,31472,3594417,409,299707,36260,1769904,0.220201,56054,3778534,0.470103,38019,5548438,0.690304,8037679
4,2021-04-27,114509,9098082,70009,5159458,42167,3636584,2333,302040,41081,1741049,0.216611,73084,3851618,0.479195,44229,5592667,0.695806,8037679
4,2021-04-28,105175,9203257,68685,5228143,33938,3670522,2552,304592,38328,1716138,0.213512,66473,3918091,0.487465,41562,5634229,0.700977,8037679
4,2021-04-29,106639,9309896,68101,5296244,35992,3706514,2546,307138,34280,1681594,0.209214,71976,3990067,0.49642,37432,5671661,0.705634,8037679
4,2021-04-30,106355,9416251,67331,5363575,36297,3742811,2727,309865,36421,1651917,0.205522,69497,4059564,0.505067,39820,5711481,0.710588,8037679
4,2021-05-01,70230,9486481,46579,5410154,21860,3764671,1791,311656,20452,1625349,0.202216,49447,4109011,0.511219,22879,5734360,0.713435,8037679
4,2021-05-02,37884,9524365,26892,5437046,9691,3774362,1301,312957,10572,1610186,0.20033,27176,4136187,0.5146,12013,5746373,0.714929,8037679
4,2021-05-03,79705,9604070,55572,5492618,21628,3795990,2505,315462,19231,1572091,0.19559,60188,4196375,0.522088,22093,5768466,0.717678,8037679
4,2021-05-04,101930,9706000,69757,5562375,29378,3825368,2795,318257,22670,1519027,0.188988,78921,4275296,0.531907,25857,5794323,0.720895,8037679
4,2021-05-05,102760,9808760,72426,5634801,27570,3852938,2764,321021,21807,1463312,0.182057,80587,4355883,0.541933,24872,5819195,0.723989,8037679
4,2021-05-06,112610,9921370,84369,5719170,25281,3878219,2960,323981,19581,1394470,0.173492,92507,4448390,0.553442,23665,5842860,0.726934,8037679
4,2021-05-07,105512,10026882,75833,5795003,26986,3905205,2693,326674,20651,1333777,0.165941,84450,4532840,0.563949,23757,5866617,0.729889,8037679
4,2021-05-08,70232,10097114,48438,5843441,19854,3925059,1940,328614,13804,1293688,0.160953,56178,4589018,0.570938,16089,5882706,0.731891,8037679
4,2021-05-09,34534,10131648,28247,5871688,5337,3930396,950,329564,7379,1275071,0.158637,27038,4616056,0.574302,8421,5891127,0.732939,8037679
4,2021-05-10,65488,10197136,43834,5915522,19313,3949709,2341,331905,11045,1234551,0.153595,54200,4670256,0.581045,13680,5904807,0.734641,8037679
4,2021-05-11,83728,10280864,52413,5967935,29109,3978818,2206,334111,15824,1185486,0.147491,67637,4737893,0.58946,18572,5923379,0.736951,8037679
4,2021-05-12,80214,10361078,53336,6021271,24394,4003212,2484,336595,16619,1141768,0.142052,63271,4801164,0.597332,19553,5942932,0.739384,8037679
4,2021-05-13,105260,10466338,77429,6098700,26287,4029499,1544,338139,40670,1120811,0.139445,64229,4865393,0.605323,43272,5986204,0.744768,8037679
4,2021-05-14,105569,10571907,74475,6173175,28954,4058453,2140,340279,40564,1099395,0.13678,64653,4930046,0.613367,43237,6029441,0.750147,8037679
4,2021-05-15,86169,10658076,66588,6239763,18241,4076694,1340,341619,37946,1091034,0.13574,47953,4977999,0.619333,39592,6069033,0.755073,8037679
4,2021-05-16,51908,10709984,41807,6281570,9382,4086076,719,342338,21269,1082692,0.134702,30473,5008472,0.623124,22131,6091164,0.757826,8037679
4,2021-05-17,71494,10781478,52234,6333804,17411,4103487,1849,344187,28191,1069895,0.13311,43078,5051550,0.628484,30281,6121445,0.761594,8037679
4,2021-05-18,82200,10863678,53433,6387237,27009,4130496,1758,345945,29314,1048839,0.13049,52503,5104053,0.635016,31447,6152892,0.765506,8037679
4,2021-05-19,77246,10940924,52197,6439434,23094,4153590,1955,347900,30979,1036113,0.128907,45941,5149994,0.640731,33215,6186107,0.769638,8037679
4,2021-05-20,69493,11010417,44678,6484112,22806,4176396,2009,349909,25725,1020739,0.126994,43458,5193452,0.646138,28084,6214191,0.773133,8037679
4,2021-05-21,74228,11084645,48917,6533029,23418,4199814,1893,351802,26129,1001260,0.124571,47765,5241217,0.652081,28286,6242477,0.776652,8037679
4,2021-05-22,50235,11134880,35236,6568265,13723,4213537,1276,353078,21776,996274,0.12395,28278,5269495,0.655599,23292,6265769,0.77955,8037679
4,2021-05-23,24022,11158902,17132,6585397,6164,4219701,726,353804,9736,992691,0.123505,14156,5283651,0.65736,10573,6276342,0.780865,8037679
4,2021-05-24,43340,11202242,27552,6612949,12772,4232473,3016,356820,15161,983128,0.122315,27942,5311593,0.660837,18379,6294721,0.783152,8037679
4,2021-05-25,45267,11247509,28161,6641110,14265,4246738,2841,359661,16009,973214,0.121081,28988,5340581,0.664443,19074,6313795,0.785525,8037679
4,2021-05-26,44980,11292489,26963,6668073,15399,4262137,2618,362279,15963,963192,0.119835,28775,5369356,0.668023,18753,6332548,0.787858,8037679
4,2021-05-27,39182,11331671,23499,6691572,12535,4274672,3148,365427,14731,957005,0.119065,24230,5393586,0.671038,18043,6350591,0.790103,8037679
4,2021-05-28,43722,11375393,27813,6719385,14289,4288961,1620,367047,19001,953416,0.118618,24428,5418014,0.674077,20839,6371430,0.792695,8037679
4,2021-05-29,23844,11399237,15477,6734862,7433,4296394,934,367981,10888,952578,0.118514,12796,5430810,0.675669,11958,6383388,0.794183,8037679
4,2021-05-30,12120,11411357,8513,6743375,3077,4299471,530,368511,5019,951174,0.118339,7020,5437830,0.676542,5616,6389004,0.794882,8037679
4,2021-05-31,3652,11415009,2324,6745699,1164,4300635,164,368675,1166,950103,0.118206,2422,5440252,0.676844,1351,6390355,0.79505,8037679
4,2021-06-01,39735,11454744,24696,6770395,12578,4313213,2461,371136,13078,939455,0.116881,26402,5466654,0.680128,15754,6406109,0.79701,8037679
4,2021-06-02,32914,11487658,20547,6790942,9545,4322758,2822,373958,10977,931660,0.115912,21738,5488392,0.682833,13943,6420052,0.798745,8037679
4,2021-06-03,48555,11536213,37268,6828210,8814,4331572,2473,376431,10479,907037,0.112848,37886,5526278,0.687546,13263,6433315,0.800395,8037679
4,2021-06-04,55370,11591583,44583,6872793,9450,4341022,1337,377768,12897,879867,0.109468,42220,5568498,0.692799,15050,6448365,0.802267,8037679
4,2021-06-05,45120,11636703,38644,6911437,5478,4346500,998,378766,8791,853794,0.106224,36164,5604662,0.697299,10091,6458456,0.803523,8037679
4,2021-06-06,21296,11657999,18996,6930433,1732,4348232,568,379334,3910,841398,0.104682,17273,5621935,0.699448,4877,6463333,0.804129,8037679
4,2021-06-07,38976,11696975,31532,6961965,5501,4353733,1943,381277,8526,821856,0.10225,30303,5652238,0.703218,10761,6474094,0.805468,8037679
4,2021-06-08,40740,11737715,31959,6993924,6230,4359963,2551,383828,9446,803097,0.099917,31095,5683333,0.707086,12336,6486430,0.807003,8037679
4,2021-06-09,39081,11776796,30980,7024904,5728,4365691,2373,386201,7941,782808,0.097392,30958,5714291,0.710938,10669,6497099,0.80833,8037679
4,2021-06-10,37289,11814085,29368,7054272,5292,4370983,2629,388830,8414,765410,0.095228,28703,5742994,0.714509,11305,6508404,0.809737,8037679
4,2021-06-11,38566,11852651,30253,7084525,6293,4377276,2020,390850,9951,749298,0.093223,28435,5771429,0.718047,12323,6520727,0.81127,8037679
4,2021-06-12,26810,11879461,22308,7106833,3783,4381059,719,391569,6104,735750,0.091538,20591,5792020,0.720609,7043,6527770,0.812146,8037679
4,2021-06-13,10894,11890355,8610,7115443,1803,4382862,481,392050,2285,730085,0.090833,8540,5800560,0.721671,2875,6530645,0.812504,8037679
4,2021-06-14,28798,11919153,21548,7136991,4439,4387301,2811,394861,7858,720182,0.089601,20790,5821350,0.724258,10887,6541532,0.813858,8037679
4,2021-06-15,30222,11949375,21395,7158386,5415,4392716,3412,398273,8362,710533,0.0884,21676,5843026,0.726954,12027,6553559,0.815355,8037679
4,2021-06-16,26836,11976211,20242,7178628,3966,4396682,2628,400901,8109,702945,0.087456,18535,5861561,0.72926,10947,6564506,0.816717,8037679
4,2021-06-17,25273,12001484,18667,7197295,3705,4400387,2901,403802,7672,696309,0.086631,17400,5878961,0.731425,10764,6575270,0.818056,8037679
4,2021-06-18,26791,12028275,21115,7218410,4440,4404827,1236,405038,8220,687654,0.085554,18359,5897320,0.733709,9704,6584974,0.819263,8037679
4,2021-06-19,15793,12044068,12773,7231183,2311,4407138,709,405747,5060,683008,0.084976,10583,5907903,0.735026,5937,6590911,0.820002,8037679
4,2021-06-20,7379,12051447,6074,7237257,999,4408137,306,406053,2619,681319,0.084766,4698,5912601,0.73561,3009,6593920,0.820376,8037679
4,2021-06-21,14618,12066065,10562,7247819,2908,4411045,1148,407201,7332,682766,0.084946,7192,5919793,0.736505,8639,6602559,0.821451,8037679
4,2021-06-22,20534,12086599,15994,7263813,3460,4414505,1080,408281,7097,677795,0.084327,13299,5933092,0.73816,8328,6610887,0.822487,8037679
4,2021-06-23,18464,12105063,14485,7278298,2979,4417484,1000,409281,6708,674018,0.083857,11612,5944704,0.739605,7835,6618722,0.823462,8037679
4,2021-06-24,17669,12122732,13665,7291963,3013,4420497,991,410272,6568,670777,0.083454,10937,5955641,0.740965,7696,6626418,0.824419,8037679
4,2021-06-25,21702,12144434,17053,7309016,3598,4424095,1051,411323,7835,666112,0.082874,13720,5969361,0.742672,9055,6635473,0.825546,8037679
4,2021-06-26,13140,12157574,10700,7319716,1823,4425918,617,411940,4839,663503,0.082549,8177,5977538,0.74369,5568,6641041,0.826239,8037679
4,2021-06-27,6896,12164470,5589,7325305,965,4426883,342,412282,2900,662844,0.082467,3956,5981494,0.744182,3297,6644338,0.826649,8037679
4,2021-06-28,15208,12179678,12766,7338071,1581,4428464,861,413143,6101,660929,0.082229,9005,5990499,0.745302,7090,6651428,0.827531,8037679
4,2021-06-29,16589,12196267,12876,7350947,2899,4431363,814,413957,6419,658241,0.081894,10042,6000541,0.746551,7354,6658782,0.828446,8037679
4,2021-06-30,14712,12210979,11474,7362421,2499,4433862,739,414696,6125,656774,0.081712,8450,6008991,0.747603,6983,6665765,0.829315,8037679
4,2021-07-01,14665,12225644,11556,7373977,2358,4436220,751,415447,6036,655202,0.081516,8496,6017487,0.74866,6924,6672689,0.830176,8037679
4,2021-07-02,17007,12242651,13480,7387457,2751,4438971,776,416223,6979,653167,0.081263,9919,6027406,0.749894,7884,6680573,0.831157,8037679
4,2021-07-03,9256,12251907,7351,7394808,1494,4440465,411,416634,4000,652464,0.081176,5172,6032578,0.750537,4469,6685042,0.831713,8037679
4,2021-07-04,449,12252356,280,7395088,108,4440573,61,416695,199,652492,0.081179,243,6032821,0.750568,271,6685313,0.831747,8037679
4,2021-07-05,9261,12261617,7528,7402616,1317,4441890,416,417111,4203,652185,0.081141,4975,6037796,0.751187,4668,6689981,0.832327,8037679
4,2021-07-06,16651,12278268,13125,7415741,2717,4444607,809,417920,6147,648882,0.08073,10368,6048164,0.752476,7065,6697046,0.833206,8037679
4,2021-07-07,13820,12292088,10782,7426523,2254,4446861,784,418704,5201,646488,0.080432,8501,6056665,0.753534,6107,6703153,0.833966,8037679
4,2021-07-08,13306,12305394,10388,7436911,2080,4448941,838,419542,5223,644687,0.080208,7952,6064617,0.754523,6151,6709304,0.834732,8037679
4,2021-07-09,15536,12320930,11909,7448820,2687,4451628,940,420482,6321,643006,0.079999,9060,6073677,0.755651,7379,6716683,0.83565,8037679
4,2021-07-10,8906,12329836,7049,7455869,1452,4453080,405,420887,3757,642166,0.079894,5061,6078738,0.75628,4221,6720904,0.836175,8037679
4,2021-07-11,4996,12334832,3998,7459867,798,4453878,200,421087,2240,641925,0.079864,2711,6081449,0.756618,2470,6723374,0.836482,8037679
4,2021-07-12,13107,12347939,10379,7470246,2000,4455878,728,421815,5092,639913,0.079614,7933,6089382,0.757605,5921,6729295,0.837219,8037679
4,2021-07-13,12893,12360832,9871,7480117,2383,4458261,639,422454,5494,638848,0.079482,7294,6096676,0.758512,6229,6735524,0.837994,8037679
4,2021-07-14,11809,12372641,9286,7489403,1963,4460224,560,423014,5117,637995,0.079376,6597,6103273,0.759333,5744,6741268,0.838708,8037679
4,2021-07-15,12489,12385130,9920,7499323,1977,4462201,592,423606,5686,637673,0.079335,6676,6109949,0.760163,6354,6747622,0.839499,8037679
4,2021-07-16,15068,12400198,11755,7511078,2643,4464844,670,424276,6950,637388,0.0793,8013,6117962,0.76116,7728,6755350,0.84046,8037679
4,2021-07-17,9396,12409594,7432,7518510,1638,4466482,326,424602,4444,637350,0.079295,4853,6122815,0.761764,4815,6760165,0.841059,8037679
4,2021-07-18,5383,12414977,4336,7522846,847,4467329,200,424802,2542,637331,0.079293,2782,6125597,0.76211,2763,6762928,0.841403,8037679
4,2021-07-19,12872,12427849,10198,7533044,2015,4469344,659,425461,6115,637521,0.079317,6661,6132258,0.762939,6851,6769779,0.842255,8037679
4,2021-07-20,13915,12441764,10721,7543765,2524,4471868,670,426131,6885,638276,0.07941,6881,6139139,0.763795,7636,6777415,0.843205,8037679
4,2021-07-21,12903,12454667,10004,7553769,2246,4474114,653,426784,6428,639075,0.07951,6336,6145475,0.764583,7135,6784550,0.844093,8037679
4,2021-07-22,13582,12468249,10596,7564365,2321,4476435,665,427449,7061,640483,0.079685,6381,6151856,0.765377,7789,6792339,0.845062,8037679
4,2021-07-23,15809,12484058,12188,7576553,2917,4479352,704,428153,8279,642195,0.079898,7358,6159214,0.766293,9070,6801409,0.846191,8037679
4,2021-07-24,9644,12493702,7547,7584100,1764,4481116,333,428486,4963,642998,0.079998,4543,6163757,0.766858,5346,6806755,0.846856,8037679
4,2021-07-25,4802,12498504,3774,7587874,869,4481985,159,428645,3380,645189,0.080271,1363,6165120,0.767027,3554,6810309,0.847298,8037679
4,2021-07-26,13073,12511577,10235,7598109,2151,4484136,687,429332,7606,648225,0.080648,5310,6170430,0.767688,8346,6818655,0.848336,8037679
4,2021-07-27,14473,12526050,11097,7609206,2611,4486747,765,430097,7812,650345,0.080912,6498,6176928,0.768496,8618,6827273,0.849409,8037679
4,2021-07-28,13301,12539351,10141,7619347,2456,4489203,704,430801,7381,652744,0.081211,5742,6182670,0.769211,8141,6835414,0.850421,8037679
4,2021-07-29,13585,12552936,10554,7629901,2312,4491515,719,431520,7629,655444,0.081546,5725,6188395,0.769923,8425,6843839,0.85147,8037679
4,2021-07-30,15860,12568796,12127,7642028,2925,4494440,808,432328,8601,658072,0.081873,6884,6195279,0.77078,9512,6853351,0.852653,8037679
4,2021-07-31,9767,12578563,7615,7649643,1725,4496165,427,432755,5511,659997,0.082113,4054,6199333,0.771284,5979,6859330,0.853397,8037679
4,2021-08-01,5445,12584008,4492,7654135,783,4496948,170,432925,3209,661291,0.082274,2119,6201452,0.771548,3413,6862743,0.853821,8037679
4,2021-08-02,14108,12598116,11264,7665399,2101,4499049,743,433668,8233,664670,0.082694,5667,6207119,0.772253,9046,6871789,0.854947,8037679
4,2021-08-03,14721,12612837,11302,7676701,2651,4501700,768,434436,8462,667938,0.083101,6037,6213156,0.773004,9305,6881094,0.856105,8037679
4,2021-08-04,13385,12626222,10427,7687128,2264,4503964,694,435130,7558,670617,0.083434,5615,6218771,0.773702,8294,6889388,0.857136,8037679
4,2021-08-05,14364,12640586,11340,7698468,2256,4506220,768,435898,8070,673462,0.083788,6043,6224814,0.774454,8888,6898276,0.858242,8037679
4,2021-08-06,17274,12657860,13246,7711714,3151,4509371,877,436775,9611,676685,0.084189,7332,6232146,0.775366,10555,6908831,0.859555,8037679
4,2021-08-07,10198,12668058,8110,7719824,1646,4511017,442,437217,5564,678276,0.084387,4456,6236602,0.775921,6047,6914878,0.860308,8037679
4,2021-08-08,6253,12674311,4972,7724796,1077,4512094,204,437421,3598,679591,0.084551,2517,6239119,0.776234,3832,6918710,0.860785,8037679
4,2021-08-09,14704,12689015,11910,7736706,2047,4514141,747,438168,7872,681687,0.084811,6598,6245717,0.777055,8694,6927404,0.861866,8037679
4,2021-08-10,14887,12703902,11454,7748160,2663,4516804,770,438938,7848,683583,0.085047,6787,6252504,0.777899,8683,6936087,0.862947,8037679
4,2021-08-11,12680,12716582,9723,7757883,2184,4518988,773,439711,6624,685216,0.08525,5794,6258298,0.77862,7427,6943514,0.863871,8037679
4,2021-08-12,14184,12730766,10795,7768678,2627,4521615,762,440473,7288,686774,0.085444,6538,6264836,0.779433,8096,6951610,0.864878,8037679
4,2021-08-13,17840,12748606,13200,7781878,3736,4525351,904,441377,8790,688165,0.085617,8376,6273212,0.780476,9767,6961377,0.866093,8037679
4,2021-08-14,12271,12760877,8754,7790632,2996,4528347,521,441898,5570,689318,0.085761,5000,6278212,0.781098,6153,6967530,0.866858,8037679
4,2021-08-15,7491,12768368,5476,7796108,1791,4530138,224,442122,3314,689987,0.085844,2914,6281126,0.78146,3583,6971113,0.867304,8037679
4,2021-08-16,18181,12786549,12594,7808702,4707,4534845,880,443002,7505,690945,0.085963,7505,6288631,0.782394,8463,6979576,0.868357,8037679
4,2021-08-17,18473,12805022,12556,7821258,5058,4539903,859,443861,7318,691690,0.086056,7512,6296143,0.783328,8257,6987833,0.869384,8037679
4,2021-08-18,18074,12823096,12165,7833423,5117,4545020,792,444653,6864,692416,0.086146,7009,6303152,0.784201,7735,6995568,0.870347,8037679
4,2021-08-19,18446,12841542,12285,7845708,5371,4550391,790,445443,6817,693237,0.086248,6868,6310020,0.785055,7689,7003257,0.871303,8037679
4,2021-08-20,23282,12864824,15733,7861441,6702,4557093,847,446290,8307,693309,0.086257,9196,6319216,0.786199,9268,7012525,0.872456,8037679
4,2021-08-21,14671,12879495,10252,7871693,4017,4561110,402,446692,4943,692920,0.086209,5800,6325016,0.786921,5411,7017936,0.87313,8037679
4,2021-08-22,8665,12888160,6140,7877833,2364,4563474,161,446853,3420,693368,0.086265,3182,6328198,0.787317,3630,7021566,0.873581,8037679
4,2021-08-23,20350,12908510,14303,7892136,5341,4568815,706,447559,7410,693706,0.086307,7967,6336165,0.788308,8305,7029871,0.874615,8037679
4,2021-08-24,19749,12928259,13958,7906094,5126,4573941,665,448224,6953,693637,0.086298,7843,6344008,0.789284,7774,7037645,0.875582,8037679
4,2021-08-25,18183,12946442,12815,7918909,4739,4578680,629,448853,6550,694015,0.086345,6966,6350974,0.79015,7344,7044989,0.876495,8037679
4,2021-08-26,18669,12965111,13163,7932072,4884,4583564,622,449475,6396,693808,0.086319,7354,6358328,0.791065,7147,7052136,0.877385,8037679
4,2021-08-27,22925,12988036,16354,7948426,5900,4589464,671,450146,7645,692664,0.086177,9666,6367994,0.792268,8522,7060658,0.878445,8037679
4,2021-08-28,14150,13002186,10112,7958538,3680,4593144,358,450504,4742,691987,0.086093,5892,6373886,0.793001,5215,7065873,0.879094,8037679
4,2021-08-29,8391,13010577,5989,7964527,2296,4595440,106,450610,2911,691616,0.086047,3462,6377348,0.793432,3091,7068964,0.879478,8037679
4,2021-08-30,18675,13029252,13051,7977578,5005,4600445,619,451229,6004,690715,0.085935,7683,6385031,0.794387,6782,7075746,0.880322,8037679
4,2021-08-31,18602,13047854,12700,7990278,5372,4605817,530,451759,5516,689493,0.085783,7399,6392430,0.795308,6177,7081923,0.881091,8037679
4,2021-09-01,10213,13058067,6742,7997020,3029,4608846,442,452201,2787,688947,0.085715,3812,6396242,0.795782,3266,7085189,0.881497,8037679
