vemquartile,administered_date,total_doses,cumulative_total_doses,pfizer_doses,cumulative_pfizer_doses,moderna_doses,cumulative_moderna_doses,jj_doses,cumulative_jj_doses,partially_vaccinated,total_partially_vaccinated,pct_age12pop_partially_vaccinated,fully_vaccinated,cumulative_fully_vaccinated,pct_age12pop_fully_vaccinated,at_least_one_dose,cumulative_at_least_one_dose,pct_age12pop_at_least_one_dose,age12_population
1,2020-12-15,150,150,150,150,0,0,0,0,150,150,1.7e-05,0,0,0.0,150,150,1.7e-05,8700223
1,2020-12-16,1176,1326,1176,1326,0,0,0,0,1176,1326,0.000152,0,0,0.0,1176,1326,0.000152,8700223
1,2020-12-17,4141,5467,4141,5467,0,0,0,0,4142,5468,0.000628,0,0,0.0,4142,5468,0.000628,8700223
1,2020-12-18,6327,11794,6307,11774,20,20,0,0,6328,11795,0.001356,1,1,0.0,6328,11796,0.001356,8700223
1,2020-12-19,2869,14663,2868,14642,1,21,0,0,2868,14662,0.001685,1,2,0.0,2868,14664,0.001685,8700223
1,2020-12-20,2123,16786,2116,16758,7,28,0,0,2124,16786,0.001929,0,2,0.0,2124,16788,0.00193,8700223
1,2020-12-21,7624,24410,7610,24368,14,42,0,0,7674,24460,0.002811,1,3,0.0,7675,24463,0.002812,8700223
1,2020-12-22,7283,31693,6943,31311,340,382,0,0,7285,31743,0.003649,2,5,1e-06,7285,31748,0.003649,8700223
1,2020-12-23,7838,39531,6585,37896,1253,1635,0,0,7833,39575,0.004549,2,7,1e-06,7834,39582,0.00455,8700223
1,2020-12-24,3304,42835,2363,40259,941,2576,0,0,3306,42881,0.004929,0,7,1e-06,3306,42888,0.00493,8700223
1,2020-12-25,236,43071,151,40410,85,2661,0,0,236,43117,0.004956,0,7,1e-06,236,43124,0.004957,8700223
1,2020-12-26,1350,44421,962,41372,388,3049,0,0,1349,44465,0.005111,1,8,1e-06,1349,44473,0.005112,8700223
1,2020-12-27,865,45286,533,41905,332,3381,0,0,865,45329,0.00521,1,9,1e-06,865,45338,0.005211,8700223
1,2020-12-28,7080,52366,4758,46663,2322,5703,0,0,7078,52407,0.006024,0,9,1e-06,7078,52416,0.006025,8700223
1,2020-12-29,8867,61233,4981,51644,3886,9589,0,0,8864,61270,0.007042,1,10,1e-06,8864,61280,0.007043,8700223
1,2020-12-30,11577,72810,6449,58093,5128,14717,0,0,11577,72847,0.008373,0,10,1e-06,11577,72857,0.008374,8700223
1,2020-12-31,5951,78761,1961,60054,3990,18707,0,0,5949,78794,0.009057,3,13,1e-06,5950,78807,0.009058,8700223
1,2021-01-01,561,79322,195,60249,366,19073,0,0,560,79353,0.009121,1,14,2e-06,560,79367,0.009122,8700223
1,2021-01-02,2897,82219,1760,62009,1137,20210,0,0,2899,82252,0.009454,0,14,2e-06,2899,82266,0.009456,8700223
1,2021-01-03,1021,83240,546,62555,475,20685,0,0,1019,83269,0.009571,2,16,2e-06,1019,83285,0.009573,8700223
1,2021-01-04,7353,90593,3580,66135,3773,24458,0,0,7357,90625,0.010416,1,17,2e-06,7357,90642,0.010418,8700223
1,2021-01-05,10791,101384,5199,71334,5592,30050,0,0,10038,99948,0.011488,737,754,8.7e-05,10060,100702,0.011575,8700223
1,2021-01-06,14015,115399,7033,78367,6982,37032,0,0,12128,110232,0.01267,1852,2606,0.0003,12136,112838,0.01297,8700223
1,2021-01-07,17440,132839,9098,87465,8342,45374,0,0,12984,118868,0.013663,4359,6965,0.000801,12995,125833,0.014463,8700223
1,2021-01-08,20097,152936,10407,97872,9690,55064,0,0,14210,127211,0.014622,5871,12836,0.001475,14214,140047,0.016097,8700223
1,2021-01-09,6685,159621,3377,101249,3308,58372,0,0,4831,130204,0.014966,1841,14677,0.001687,4834,144881,0.016653,8700223
1,2021-01-10,3068,162689,1746,102995,1322,59694,0,0,1885,130917,0.015048,1173,15850,0.001822,1886,146767,0.016869,8700223
1,2021-01-11,18031,180720,11815,114810,6216,65910,0,0,11496,135940,0.015625,6512,22362,0.00257,11535,158302,0.018195,8700223
1,2021-01-12,18856,199576,10728,125538,8128,74038,0,0,12914,142982,0.016434,5907,28269,0.003249,12949,171251,0.019684,8700223
1,2021-01-13,19714,219290,10671,136209,9043,83081,0,0,14565,152436,0.017521,5128,33397,0.003839,14582,185833,0.02136,8700223
1,2021-01-14,21857,241147,9382,145591,12475,95556,0,0,19116,168914,0.019415,2685,36082,0.004147,19163,204996,0.023562,8700223
1,2021-01-15,25102,266249,9241,154832,15861,111417,0,0,23162,190234,0.021865,1895,37977,0.004365,23215,228211,0.02623,8700223
1,2021-01-16,13861,280110,4534,159366,9327,120744,0,0,12997,202374,0.023261,860,38837,0.004464,13000,241211,0.027725,8700223
1,2021-01-17,5208,285318,2023,161389,3185,123929,0,0,4841,206856,0.023776,363,39200,0.004506,4845,246056,0.028282,8700223
1,2021-01-18,14294,299612,8598,169987,5696,129625,0,0,11126,214874,0.024698,3157,42357,0.004868,11175,257231,0.029566,8700223
1,2021-01-19,24667,324279,12866,182853,11801,141426,0,0,19471,229217,0.026346,5181,47538,0.005464,19524,276755,0.03181,8700223
1,2021-01-20,28681,352960,14037,196890,14644,156070,0,0,23020,246666,0.028352,5607,53145,0.006108,23056,299811,0.03446,8700223
1,2021-01-21,30868,383828,14357,211247,16511,172581,0,0,27696,271344,0.031188,3105,56250,0.006465,27783,327594,0.037654,8700223
1,2021-01-22,28200,412028,11202,222449,16998,189579,0,0,26206,295632,0.03398,1951,58201,0.00669,26239,353833,0.040669,8700223
1,2021-01-23,18715,430743,8207,230656,10508,200087,0,0,16787,310515,0.03569,1914,60115,0.00691,16797,370630,0.0426,8700223
1,2021-01-24,6665,437408,4160,234816,2505,202592,0,0,6008,315876,0.036307,652,60767,0.006985,6013,376643,0.043291,8700223
1,2021-01-25,25190,462598,10419,245235,14771,217363,0,0,19491,329787,0.037906,5677,66444,0.007637,19588,396231,0.045543,8700223
1,2021-01-26,28606,491204,13427,258662,15179,232542,0,0,22007,345261,0.039684,6550,72994,0.00839,22024,418255,0.048074,8700223
1,2021-01-27,32366,523570,15432,274094,16934,249476,0,0,24389,361761,0.041581,7914,80908,0.0093,24414,442669,0.05088,8700223
1,2021-01-28,34737,558307,16322,290416,18415,267891,0,0,27908,382958,0.044017,6770,87678,0.010078,27967,470636,0.054095,8700223
1,2021-01-29,33445,591752,16444,306860,17001,284892,0,0,26961,403601,0.04639,6351,94029,0.010808,26994,497630,0.057197,8700223
1,2021-01-30,20220,611972,8819,315679,11401,296293,0,0,18127,419669,0.048237,2067,96096,0.011045,18135,515765,0.059282,8700223
1,2021-01-31,7661,619633,5005,320684,2656,298949,0,0,6964,425940,0.048957,696,96792,0.011125,6967,522732,0.060083,8700223
1,2021-02-01,28632,648265,12490,333174,16142,315091,0,0,20986,439332,0.050497,7603,104395,0.011999,20995,543727,0.062496,8700223
1,2021-02-02,32104,680369,11562,344736,20542,335633,0,0,24176,455689,0.052377,7862,112257,0.012903,24219,567946,0.065279,8700223
1,2021-02-03,39138,719507,15057,359793,24081,359714,0,0,28295,473312,0.054402,10713,122970,0.014134,28336,596282,0.068536,8700223
1,2021-02-04,43555,763062,17014,376807,26541,386255,0,0,31649,493208,0.056689,11802,134772,0.015491,31698,627980,0.07218,8700223
1,2021-02-05,46612,809674,17271,394078,29341,415596,0,0,30710,508195,0.058412,15771,150543,0.017303,30758,658738,0.075715,8700223
1,2021-02-06,26528,836202,10559,404637,15969,431565,0,0,20697,523119,0.060127,5790,156333,0.017969,20714,679452,0.078096,8700223
1,2021-02-07,6278,842480,4056,408693,2222,433787,0,0,4666,526207,0.060482,1596,157929,0.018152,4684,684136,0.078634,8700223
1,2021-02-08,31330,873810,14359,423052,16971,450758,0,0,20937,536923,0.061714,10314,168243,0.019338,21030,705166,0.081051,8700223
1,2021-02-09,38143,911953,16848,439900,21295,472053,0,0,23573,546012,0.062758,14557,182800,0.021011,23646,728812,0.083769,8700223
1,2021-02-10,46689,958642,21977,461877,24712,496765,0,0,26963,553428,0.063611,19626,202426,0.023267,27042,755854,0.086878,8700223
1,2021-02-11,51351,1009993,25287,487164,26064,522829,0,0,30940,564329,0.064864,20139,222565,0.025582,31040,786894,0.090445,8700223
1,2021-02-12,49325,1059318,21333,508497,27992,550821,0,0,28447,572153,0.065763,20760,243325,0.027968,28584,815478,0.093731,8700223
1,2021-02-13,25991,1085309,11339,519836,14652,565473,0,0,15054,576415,0.066253,10867,254192,0.029217,15129,830607,0.09547,8700223
1,2021-02-14,11636,1096945,5492,525328,6144,571617,0,0,6643,578157,0.066453,4966,259158,0.029788,6708,837315,0.096241,8700223
1,2021-02-15,23568,1120513,9274,534602,14294,585911,0,0,14363,583533,0.067071,9103,268261,0.030834,14479,851794,0.097905,8700223
1,2021-02-16,46389,1166902,22251,556853,24138,610049,0,0,27306,591935,0.068037,19015,287276,0.033019,27417,879211,0.101056,8700223
1,2021-02-17,47820,1214722,24211,581064,23609,633658,0,0,25910,596199,0.068527,21791,309067,0.035524,26055,905266,0.104051,8700223
1,2021-02-18,50263,1264985,25140,606204,25123,658781,0,0,26181,598716,0.068816,23886,332953,0.038269,26403,931669,0.107086,8700223
1,2021-02-19,45563,1310548,24725,630929,20838,679619,0,0,25754,604823,0.069518,19710,352663,0.040535,25817,957486,0.110053,8700223
1,2021-02-20,26983,1337531,16464,647393,10519,690138,0,0,15503,608964,0.069994,11437,364100,0.04185,15578,973064,0.111844,8700223
1,2021-02-21,11517,1349048,10267,657660,1250,691388,0,0,6835,611213,0.070253,4635,368735,0.042382,6884,979948,0.112635,8700223
1,2021-02-22,29868,1378916,19650,677310,10218,701606,0,0,17583,616667,0.070879,12229,380964,0.043788,17683,997631,0.114667,8700223
1,2021-02-23,42970,1421886,20935,698245,22035,723641,0,0,24121,622432,0.071542,18718,399682,0.045939,24483,1022114,0.117481,8700223
1,2021-02-24,52972,1474858,25694,723939,27278,750919,0,0,29699,629409,0.072344,23171,422853,0.048603,30148,1052262,0.120947,8700223
1,2021-02-25,65121,1539979,31698,755637,33423,784342,0,0,40825,646545,0.074314,24190,447043,0.051383,41326,1093588,0.125697,8700223
1,2021-02-26,73041,1613020,34309,789946,38732,823074,0,0,48213,670560,0.077074,24673,471716,0.054219,48688,1142276,0.131293,8700223
1,2021-02-27,50174,1663194,23216,813162,26951,850025,7,7,33377,687527,0.079024,16682,488398,0.056136,33649,1175925,0.13516,8700223
1,2021-02-28,19354,1682548,11489,824651,7863,857888,2,9,14286,696949,0.080107,5004,493402,0.056711,14426,1190351,0.136818,8700223
1,2021-03-01,44087,1726635,20416,845067,23634,881522,37,46,28510,710282,0.08164,15448,508850,0.058487,28781,1219132,0.140127,8700223
1,2021-03-02,61669,1788304,26890,871957,34772,916294,7,53,39779,728911,0.083781,21774,530624,0.06099,40403,1259535,0.14477,8700223
1,2021-03-03,69465,1857769,33148,905105,36296,952590,21,74,42450,745085,0.08564,26890,557514,0.06408,43064,1302599,0.14972,8700223
1,2021-03-04,77544,1935313,36405,941510,41104,993694,35,109,49961,768162,0.088292,27426,584940,0.067233,50503,1353102,0.155525,8700223
1,2021-03-05,76675,2011988,34743,976253,41726,1035420,206,315,51440,795413,0.091424,25025,609965,0.070109,52276,1405378,0.161534,8700223
1,2021-03-06,57081,2069069,27264,1003517,28477,1063897,1340,1655,38896,817898,0.094009,18121,628086,0.072192,40606,1445984,0.166201,8700223
1,2021-03-07,20149,2089218,12833,1016350,6504,1070401,812,2467,15166,829175,0.095305,4964,633050,0.072763,16241,1462225,0.168068,8700223
1,2021-03-08,44246,2133464,21122,1037472,21249,1091650,1875,4342,31003,849230,0.09761,13162,646212,0.074275,33217,1495442,0.171885,8700223
1,2021-03-09,65549,2199013,31686,1069158,31385,1123035,2478,6820,40505,867621,0.099724,24935,671147,0.077141,43326,1538768,0.176865,8700223
1,2021-03-10,72324,2271337,36133,1105291,31812,1154847,4379,11199,44943,890066,0.102304,27249,698396,0.080273,49694,1588462,0.182577,8700223
1,2021-03-11,88688,2360025,40555,1145846,40208,1195055,7925,19124,51959,913913,0.105045,36499,734895,0.084469,60346,1648808,0.189513,8700223
1,2021-03-12,97254,2457279,42606,1188452,42312,1237367,12336,31460,56974,943608,0.108458,40099,774994,0.089077,69794,1718602,0.197535,8700223
1,2021-03-13,64766,2522045,29340,1217792,27759,1265126,7667,39127,41453,969862,0.111476,23206,798200,0.091745,49460,1768062,0.20322,8700223
1,2021-03-14,27571,2549616,14854,1232646,9150,1274276,3567,42694,15671,977454,0.112348,11845,810045,0.093106,19437,1787499,0.205454,8700223
1,2021-03-15,64342,2613958,28155,1260801,29481,1303757,6706,49400,38088,996529,0.114541,26079,836124,0.096104,45154,1832653,0.210644,8700223
1,2021-03-16,84720,2698678,38415,1299216,40767,1344524,5538,54938,52817,1023523,0.117643,31726,867850,0.09975,58720,1891373,0.217394,8700223
1,2021-03-17,91632,2790310,44310,1343526,40793,1385317,6529,61467,59067,1057096,0.121502,32397,900247,0.103474,65970,1957343,0.224976,8700223
1,2021-03-18,97277,2887587,50029,1393555,41630,1426947,5618,67085,59484,1085217,0.124734,37479,937726,0.107782,65600,2022943,0.232516,8700223
1,2021-03-19,102440,2990027,52959,1446514,43342,1470289,6139,73224,60644,1110990,0.127697,41543,979269,0.112557,67316,2090259,0.240253,8700223
1,2021-03-20,71967,3061994,37067,1483581,29704,1499993,5196,78420,46467,1137610,0.130756,25330,1004599,0.115468,51950,2142209,0.246225,8700223
1,2021-03-21,26924,3088918,18798,1502379,6324,1506317,1802,80222,17371,1147404,0.131882,9474,1014073,0.116557,19268,2161477,0.248439,8700223
1,2021-03-22,58557,3147475,30137,1532516,25139,1531456,3281,83503,39749,1172176,0.134729,18625,1032698,0.118698,43397,2204874,0.253427,8700223
1,2021-03-23,82155,3229630,41658,1574174,36886,1568342,3611,87114,51045,1196385,0.137512,30908,1063606,0.12225,55117,2259991,0.259762,8700223
1,2021-03-24,87079,3316709,43920,1618094,38823,1607165,4336,91450,52712,1219465,0.140165,34141,1097747,0.126175,57221,2317212,0.266339,8700223
1,2021-03-25,95588,3412297,48614,1666708,41168,1648333,5806,97256,53784,1237741,0.142265,41529,1139276,0.130948,59805,2377017,0.273213,8700223
1,2021-03-26,103587,3515884,50453,1717161,46877,1695210,6257,103513,56299,1253598,0.144088,47001,1186277,0.13635,62858,2439875,0.280438,8700223
1,2021-03-27,73556,3589440,38040,1755201,31329,1726539,4187,107700,38081,1260793,0.144915,35276,1221553,0.140405,42471,2482346,0.28532,8700223
1,2021-03-28,32509,3621949,21292,1776493,10007,1736546,1210,108910,16497,1263020,0.145171,15914,1237467,0.142234,18141,2500487,0.287405,8700223
1,2021-03-29,66358,3688307,32934,1809427,30335,1766881,3089,111999,36987,1274099,0.146444,29205,1266672,0.145591,40284,2540771,0.292035,8700223
1,2021-03-30,90986,3779293,44733,1854160,39960,1806841,6293,118292,47238,1284134,0.147598,43594,1310266,0.150601,53629,2594400,0.298199,8700223
1,2021-03-31,99818,3879111,52241,1906401,41624,1848465,5953,124245,55175,1300966,0.149532,44374,1354640,0.155702,61206,2655606,0.305234,8700223
1,2021-04-01,110571,3989682,52946,1959347,49212,1897677,8413,132658,56816,1312880,0.150902,53389,1408029,0.161838,65303,2720909,0.31274,8700223
1,2021-04-02,109947,4099629,50186,2009533,50149,1947826,9612,142270,56342,1325840,0.152391,53224,1461253,0.167956,66184,2787093,0.320347,8700223
1,2021-04-03,77633,4177262,39031,2048564,29004,1976830,9598,151868,36385,1330819,0.152964,41087,1502340,0.172678,46066,2833159,0.325642,8700223
1,2021-04-04,23663,4200925,11775,2060339,8434,1985264,3454,155322,9929,1330516,0.152929,13679,1516019,0.174251,13376,2846535,0.32718,8700223
1,2021-04-05,75413,4276338,36165,2096504,30099,2015363,9149,164471,34311,1333233,0.153241,40924,1556943,0.178954,43641,2890176,0.332196,8700223
1,2021-04-06,102680,4379018,48681,2145185,37506,2052869,16493,180964,46660,1340669,0.154096,55772,1612715,0.185365,63208,2953384,0.339461,8700223
1,2021-04-07,110371,4489389,53371,2198556,39571,2092440,17429,198393,50261,1348537,0.155,59864,1672579,0.192246,67732,3021116,0.347246,8700223
1,2021-04-08,121269,4610658,57305,2255861,43117,2135557,20847,219240,53866,1356287,0.155891,67045,1739624,0.199952,74795,3095911,0.355843,8700223
1,2021-04-09,121837,4732495,55672,2311533,45613,2181170,20552,239792,53889,1363210,0.156687,67606,1807230,0.207722,74529,3170440,0.364409,8700223
1,2021-04-10,95268,4827763,42385,2353918,30270,2211440,22613,262405,37272,1365285,0.156925,57819,1865049,0.214368,59894,3230334,0.371293,8700223
1,2021-04-11,36223,4863986,20256,2374174,9354,2220794,6613,269018,14848,1365535,0.156954,21323,1886372,0.216819,21573,3251907,0.373773,8700223
1,2021-04-12,73675,4937661,32815,2406989,30917,2251711,9943,278961,31345,1364915,0.156883,42076,1928448,0.221655,41456,3293363,0.378538,8700223
1,2021-04-13,96577,5034238,51617,2458606,44621,2296332,339,279300,52251,1373795,0.157903,44072,1972520,0.226721,52952,3346315,0.384624,8700223
1,2021-04-14,104143,5138381,53808,2512414,50266,2346598,69,279369,53020,1376526,0.158217,50780,2023300,0.232557,53511,3399826,0.390775,8700223
1,2021-04-15,105270,5243651,57165,2569579,48019,2394617,86,279455,56601,1385290,0.159225,48137,2071437,0.23809,56901,3456727,0.397315,8700223
1,2021-04-16,109829,5353480,56449,2626028,53293,2447910,87,279542,55261,1386842,0.159403,54109,2125546,0.244309,55661,3512388,0.403712,8700223
1,2021-04-17,82772,5436252,44985,2671013,37777,2485687,10,279552,46616,1397764,0.160658,35957,2161503,0.248442,46879,3559267,0.409101,8700223
1,2021-04-18,29148,5465400,19470,2690483,9671,2495358,7,279559,14861,1398658,0.160761,14211,2175714,0.250076,15105,3574372,0.410837,8700223
1,2021-04-19,66194,5531594,33430,2723913,32749,2528107,15,279574,30305,1393622,0.160182,35580,2211294,0.254165,30544,3604916,0.414348,8700223
1,2021-04-20,85980,5617574,42746,2766659,43214,2571321,20,279594,40823,1389882,0.159752,44879,2256173,0.259324,41139,3646055,0.419076,8700223
1,2021-04-21,93231,5710805,47315,2813974,45818,2617139,98,279692,42093,1381676,0.158809,50658,2306831,0.265146,42452,3688507,0.423955,8700223
1,2021-04-22,94305,5805110,48622,2862596,45667,2662806,16,279708,43427,1374909,0.158031,50436,2357267,0.270943,43669,3732176,0.428975,8700223
1,2021-04-23,99314,5904424,50745,2913341,48544,2711350,25,279733,47521,1371329,0.15762,51346,2408613,0.276845,47766,3779942,0.434465,8700223
1,2021-04-24,74902,5979326,46574,2959915,28302,2739652,26,279759,42542,1381881,0.158833,32269,2440882,0.280554,42821,3822763,0.439387,8700223
1,2021-04-25,26924,6006250,17151,2977066,9762,2749414,11,279770,15436,1386070,0.159314,11391,2452273,0.281863,15580,3838343,0.441178,8700223
1,2021-04-26,64648,6070898,33643,3010709,30606,2780020,399,280169,31026,1384476,0.159131,33354,2485627,0.285697,31760,3870103,0.444828,8700223
1,2021-04-27,79883,6150781,42193,3052902,36401,2816421,1289,281458,34923,1376325,0.158194,44705,2530332,0.290835,36554,3906657,0.44903,8700223
1,2021-04-28,78979,6229760,41520,3094422,35970,2852391,1489,282947,34828,1369010,0.157353,43860,2574192,0.295877,36545,3943202,0.45323,8700223
1,2021-04-29,82248,6312008,44769,3139191,35872,2888263,1607,284554,33826,1356474,0.155913,48129,2622321,0.301408,35593,3978795,0.457321,8700223
1,2021-04-30,89583,6401591,48216,3187407,39520,2927783,1847,286401,37763,1344716,0.154561,51537,2673858,0.307332,39779,4018574,0.461893,8700223
1,2021-05-01,61868,6463459,40021,3227428,20472,2948255,1375,287776,26050,1336732,0.153643,35637,2709495,0.311428,27653,4046227,0.465072,8700223
1,2021-05-02,23174,6486633,16377,3243805,6228,2954483,569,288345,9423,1333101,0.153226,13653,2723148,0.312997,10022,4056249,0.466224,8700223
1,2021-05-03,55142,6541775,30415,3274220,22904,2977387,1823,290168,20328,1320705,0.151801,34601,2757749,0.316975,22205,4078454,0.468776,8700223
1,2021-05-04,73263,6615038,41789,3316009,29397,3006784,2077,292245,26698,1303267,0.149797,46302,2804051,0.322296,28864,4107318,0.472093,8700223
1,2021-05-05,75208,6690246,43141,3359150,29787,3036571,2280,294525,25822,1282349,0.147393,49096,2853147,0.32794,28178,4135496,0.475332,8700223
1,2021-05-06,76173,6766419,45502,3404652,28511,3065082,2160,296685,23845,1256513,0.144423,51997,2905144,0.333916,26161,4161657,0.478339,8700223
1,2021-05-07,80483,6846902,45810,3450462,32502,3097584,2171,298856,27130,1232904,0.141709,52973,2958117,0.340005,29364,4191021,0.481714,8700223
1,2021-05-08,54424,6901326,33933,3484395,18928,3116512,1563,300419,18224,1216883,0.139868,35905,2994022,0.344132,19884,4210905,0.484,8700223
1,2021-05-09,17646,6918972,12554,3496949,4618,3121130,474,300893,5440,1210701,0.139157,12132,3006154,0.345526,5950,4216855,0.484684,8700223
1,2021-05-10,42118,6961090,21094,3518043,19254,3140384,1770,302663,14139,1198952,0.137807,27753,3033907,0.348716,16004,4232859,0.486523,8700223
1,2021-05-11,59554,7020644,31835,3549878,25594,3165978,2125,304788,19482,1180852,0.135727,39828,3073735,0.353294,21728,4254587,0.48902,8700223
1,2021-05-12,60257,7080901,31912,3581790,26330,3192308,2015,306803,20324,1163601,0.133744,39662,3113397,0.357853,22411,4276998,0.491596,8700223
1,2021-05-13,63554,7144455,36994,3618784,24632,3216940,1928,308731,24356,1151296,0.132329,38870,3152267,0.36232,26565,4303563,0.49465,8700223
1,2021-05-14,73488,7217943,44130,3662914,27043,3243983,2315,311046,29861,1140472,0.131085,43300,3195567,0.367297,32476,4336039,0.498383,8700223
1,2021-05-15,64370,7282313,42164,3705078,20508,3264491,1698,312744,25440,1129004,0.129767,38676,3234243,0.371743,27208,4363247,0.50151,8700223
1,2021-05-16,24035,7306348,17533,3722611,5885,3270376,617,313361,9680,1125092,0.129318,14251,3248494,0.373381,10339,4373586,0.502698,8700223
1,2021-05-17,53602,7359950,32737,3755348,19107,3289483,1758,315119,23085,1119714,0.128699,30278,3278772,0.376861,24900,4398486,0.50556,8700223
1,2021-05-18,63931,7423881,38444,3793792,23670,3313153,1817,316936,28059,1114061,0.12805,35615,3314387,0.380954,29962,4428448,0.509004,8700223
1,2021-05-19,65583,7489464,39955,3833747,23715,3336868,1913,318849,30020,1110774,0.127672,35304,3349691,0.385012,32017,4460465,0.512684,8700223
1,2021-05-20,63216,7552680,36678,3870425,24378,3361246,2160,321009,26683,1103587,0.126846,36232,3385923,0.389177,29045,4489510,0.516022,8700223
1,2021-05-21,69151,7621831,41321,3911746,25987,3387233,1843,322852,29190,1095135,0.125874,39582,3425505,0.393726,31130,4520640,0.5196,8700223
1,2021-05-22,55015,7676846,36331,3948077,17021,3404254,1663,324515,24109,1090343,0.125324,30659,3456164,0.39725,25867,4546507,0.522574,8700223
1,2021-05-23,19428,7696274,13517,3961594,5328,3409582,583,325098,9190,1090000,0.125284,10142,3466306,0.398416,9799,4556306,0.5237,8700223
1,2021-05-24,42308,7738582,23241,3984835,17256,3426838,1811,326909,17150,1084097,0.124606,24945,3491251,0.401283,19042,4575348,0.525889,8700223
1,2021-05-25,50238,7788820,29002,4013837,19585,3446423,1651,328560,21135,1078140,0.123921,28844,3520095,0.404598,22887,4598235,0.528519,8700223
1,2021-05-26,47937,7836757,27196,4041033,18871,3465294,1870,330430,20726,1073875,0.123431,26918,3547013,0.407692,22653,4620888,0.531123,8700223
1,2021-05-27,46559,7883316,26192,4067225,18484,3483778,1883,332313,20583,1070751,0.123072,25699,3572712,0.410646,22575,4643463,0.533718,8700223
1,2021-05-28,51667,7934983,28809,4096034,21071,3504849,1787,334100,23470,1068227,0.122782,27907,3600619,0.413854,25383,4668846,0.536635,8700223
1,2021-05-29,30106,7965089,18224,4114258,10957,3515806,925,335025,14653,1068570,0.122821,15292,3615911,0.415611,15635,4684481,0.538432,8700223
1,2021-05-30,11514,7976603,7433,4121691,3534,3519340,547,335572,5611,1068916,0.122861,5838,3621749,0.416282,6184,4690665,0.539143,8700223
1,2021-05-31,5678,7982281,3229,4124920,2198,3521538,251,335823,2008,1067566,0.122706,3621,3625370,0.416699,2271,4692936,0.539404,8700223
1,2021-06-01,45094,8027375,25571,4150491,18029,3539567,1494,337317,17933,1060204,0.121859,26864,3652234,0.419786,19502,4712438,0.541646,8700223
1,2021-06-02,39537,8066912,22983,4173474,15096,3554663,1458,338775,16403,1055272,0.121293,22863,3675097,0.422414,17931,4730369,0.543707,8700223
1,2021-06-03,40836,8107748,25634,4199108,13570,3568233,1632,340407,16267,1048956,0.120567,24290,3699387,0.425206,17974,4748343,0.545773,8700223
1,2021-06-04,49340,8157088,31693,4230801,15910,3584143,1737,342144,18473,1038687,0.119386,30560,3729947,0.428719,20291,4768634,0.548105,8700223
1,2021-06-05,39579,8196667,27047,4257848,10611,3594754,1921,344065,14475,1030243,0.118416,24895,3754842,0.43158,16451,4785085,0.549996,8700223
1,2021-06-06,12859,8209526,10296,4268144,2069,3596823,494,344559,4722,1027460,0.118096,8062,3762904,0.432507,5279,4790364,0.550602,8700223
1,2021-06-07,33532,8243058,23156,4291300,9047,3605870,1329,345888,12161,1019834,0.117219,21176,3784080,0.434941,13550,4803914,0.55216,8700223
1,2021-06-08,41602,8284660,28868,4320168,11157,3617027,1577,347465,14875,1009903,0.116078,26479,3810559,0.437984,16548,4820462,0.554062,8700223
1,2021-06-09,41522,8326182,28938,4349106,10995,3628022,1589,349054,13637,997577,0.114661,27618,3838177,0.441158,15292,4835754,0.55582,8700223
1,2021-06-10,38346,8364528,26000,4375106,10761,3638783,1585,350639,13343,987824,0.11354,24787,3862964,0.444007,15034,4850788,0.557548,8700223
1,2021-06-11,43073,8407601,28619,4403725,12825,3651608,1629,352268,15406,977556,0.11236,27385,3890349,0.447155,17117,4867905,0.559515,8700223
1,2021-06-12,32854,8440455,23726,4427451,7970,3659578,1158,353426,10723,967572,0.111212,21930,3912279,0.449676,11946,4879851,0.560888,8700223
1,2021-06-13,11371,8451826,8244,4435695,2674,3662252,453,353879,3405,963568,0.110752,7899,3920178,0.450584,3895,4883746,0.561336,8700223
1,2021-06-14,30342,8482168,20487,4456182,8611,3670863,1244,355123,11813,958315,0.110148,18353,3938531,0.452693,13100,4896846,0.562841,8700223
1,2021-06-15,36593,8518761,24157,4480339,10741,3681604,1695,356818,13705,951159,0.109326,22650,3961181,0.455296,15494,4912340,0.564622,8700223
1,2021-06-16,34116,8552877,23227,4503566,9323,3690927,1566,358384,12942,944790,0.108594,20943,3982124,0.457704,14574,4926914,0.566297,8700223
1,2021-06-17,31566,8584443,21280,4524846,8964,3699891,1322,359706,12626,940086,0.108053,18735,4000859,0.459857,14031,4940945,0.56791,8700223
1,2021-06-18,36240,8620683,23541,4548387,10223,3710114,2476,362182,14111,934837,0.10745,21892,4022751,0.462373,16643,4957588,0.569823,8700223
1,2021-06-19,11561,8632244,8291,4556678,2481,3712595,789,362971,4296,932769,0.107212,7167,4029918,0.463197,5099,4962687,0.570409,8700223
2,2020-12-15,240,240,240,240,0,0,0,0,240,240,2.9e-05,0,0,0.0,240,240,2.9e-05,8407551
2,2020-12-16,2077,2317,2077,2317,0,0,0,0,2076,2316,0.000275,0,0,0.0,2076,2316,0.000275,8407551
2,2020-12-17,6824,9141,6824,9141,0,0,0,0,6825,9141,0.001087,0,0,0.0,6825,9141,0.001087,8407551
2,2020-12-18,11055,20196,11036,20177,19,19,0,0,11055,20196,0.002402,0,0,0.0,11055,20196,0.002402,8407551
2,2020-12-19,5620,25816,5614,25791,6,25,0,0,5621,25817,0.003071,0,0,0.0,5621,25817,0.003071,8407551
2,2020-12-20,4242,30058,4233,30024,9,34,0,0,4238,30055,0.003575,0,0,0.0,4238,30055,0.003575,8407551
2,2020-12-21,12762,42820,12737,42761,25,59,0,0,12717,42772,0.005087,0,0,0.0,12717,42772,0.005087,8407551
2,2020-12-22,12123,54943,11610,54371,513,572,0,0,12122,54894,0.006529,0,0,0.0,12122,54894,0.006529,8407551
2,2020-12-23,11685,66628,9474,63845,2211,2783,0,0,11688,66582,0.007919,1,1,0.0,11689,66583,0.007919,8407551
2,2020-12-24,5861,72489,3496,67341,2365,5148,0,0,5857,72438,0.008616,3,4,0.0,5859,72442,0.008616,8407551
2,2020-12-25,483,72972,405,67746,78,5226,0,0,484,72922,0.008673,0,4,0.0,484,72926,0.008674,8407551
2,2020-12-26,2559,75531,1663,69409,896,6122,0,0,2560,75481,0.008978,1,5,1e-06,2560,75486,0.008978,8407551
2,2020-12-27,2227,77758,1210,70619,1017,7139,0,0,2224,77703,0.009242,2,7,1e-06,2224,77710,0.009243,8407551
2,2020-12-28,10981,88739,7142,77761,3839,10978,0,0,10981,88683,0.010548,1,8,1e-06,10981,88691,0.010549,8407551
2,2020-12-29,12692,101431,7148,84909,5544,16522,0,0,12696,101379,0.012058,0,8,1e-06,12696,101387,0.012059,8407551
2,2020-12-30,15389,116820,8657,93566,6732,23254,0,0,15402,116778,0.01389,5,13,2e-06,15404,116791,0.013891,8407551
2,2020-12-31,7548,124368,2825,96391,4723,27977,0,0,7542,124316,0.014786,4,17,2e-06,7542,124333,0.014788,8407551
2,2021-01-01,1175,125543,571,96962,604,28581,0,0,1174,125487,0.014926,3,20,2e-06,1174,125507,0.014928,8407551
2,2021-01-02,4834,130377,2754,99716,2080,30661,0,0,4832,130319,0.0155,0,20,2e-06,4832,130339,0.015503,8407551
2,2021-01-03,1381,131758,786,100502,595,31256,0,0,1376,131692,0.015664,3,23,3e-06,1376,131715,0.015666,8407551
2,2021-01-04,11624,143382,5556,106058,6068,37324,0,0,11613,143302,0.017044,3,26,3e-06,11613,143328,0.017048,8407551
2,2021-01-05,13852,157234,6904,112962,6948,44272,0,0,12666,154820,0.018414,1181,1207,0.000144,12699,156027,0.018558,8407551
2,2021-01-06,18960,176194,10450,123412,8510,52782,0,0,15215,166348,0.019786,3695,4902,0.000583,15223,171250,0.020369,8407551
2,2021-01-07,23081,199275,12989,136401,10092,62874,0,0,15571,174409,0.020744,7524,12426,0.001478,15585,186835,0.022222,8407551
2,2021-01-08,26416,225691,15970,152371,10446,73320,0,0,16314,180678,0.02149,10064,22490,0.002675,16333,203168,0.024165,8407551
2,2021-01-09,9732,235423,5662,158033,4070,77390,0,0,6235,183411,0.021815,3508,25998,0.003092,6241,209409,0.024907,8407551
2,2021-01-10,5255,240678,2919,160952,2336,79726,0,0,3034,184217,0.021911,2234,28232,0.003358,3040,212449,0.025269,8407551
2,2021-01-11,25948,266626,17823,178775,8125,87851,0,0,14991,188279,0.022394,10978,39210,0.004664,15040,227489,0.027058,8407551
2,2021-01-12,26238,292864,16313,195088,9925,97776,0,0,16674,195453,0.023247,9577,48787,0.005803,16751,244240,0.02905,8407551
2,2021-01-13,28465,321329,15091,210179,13374,111150,0,0,20512,208045,0.024745,7944,56731,0.006748,20536,264776,0.031493,8407551
2,2021-01-14,30315,351644,11579,221758,18736,129886,0,0,26087,229950,0.02735,4245,60976,0.007253,26150,290926,0.034603,8407551
2,2021-01-15,34981,386625,12675,234433,22306,152192,0,0,31720,258486,0.030745,3262,64238,0.007641,31798,322724,0.038385,8407551
2,2021-01-16,17979,404604,5959,240392,12020,164212,0,0,16657,273810,0.032567,1346,65584,0.007801,16670,339394,0.040368,8407551
2,2021-01-17,10538,415142,3556,243948,6982,171194,0,0,9821,282898,0.033648,741,66325,0.007889,9829,349223,0.041537,8407551
2,2021-01-18,19673,434815,11016,254964,8657,179851,0,0,14892,293047,0.034855,4800,71125,0.00846,14949,364172,0.043315,8407551
2,2021-01-19,32491,467306,16983,271947,15508,195359,0,0,24504,309680,0.036834,7988,79113,0.00941,24621,388793,0.046243,8407551
2,2021-01-20,37162,504468,18605,290552,18557,213916,0,0,28533,329699,0.039215,8604,87717,0.010433,28623,417416,0.049648,8407551
2,2021-01-21,40649,545117,17174,307726,23475,237391,0,0,36208,361653,0.043015,4420,92137,0.010959,36374,453790,0.053974,8407551
2,2021-01-22,39358,584475,16444,324170,22914,260305,0,0,36033,394396,0.04691,3321,95458,0.011354,36064,489854,0.058264,8407551
2,2021-01-23,24081,608556,10831,335001,13250,273555,0,0,21123,412613,0.049076,2935,98393,0.011703,21152,511006,0.060779,8407551
2,2021-01-24,12430,620986,6150,341151,6280,279835,0,0,11515,423237,0.05034,902,99295,0.01181,11526,522532,0.06215,8407551
2,2021-01-25,33758,654744,15559,356710,18199,298034,0,0,24975,439616,0.052288,8725,108020,0.012848,25104,547636,0.065136,8407551
2,2021-01-26,40070,694814,19657,376367,20413,318447,0,0,31069,461788,0.054925,8977,116997,0.013916,31149,578785,0.068841,8407551
2,2021-01-27,45452,740266,22676,399043,22776,341223,0,0,35360,487236,0.057952,9971,126968,0.015102,35419,614204,0.073054,8407551
2,2021-01-28,47774,788040,22436,421479,25338,366561,0,0,39160,517909,0.0616,8553,135521,0.016119,39226,653430,0.077719,8407551
2,2021-01-29,45468,833508,22072,443551,23396,389957,0,0,36852,546319,0.06498,8507,144028,0.017131,36917,690347,0.08211,8407551
2,2021-01-30,31154,864662,13448,456999,17706,407663,0,0,27839,570912,0.067905,3276,147304,0.01752,27869,718216,0.085425,8407551
2,2021-01-31,17157,881819,10240,467239,6917,414580,0,0,15985,585758,0.06967,1158,148462,0.017658,16004,734220,0.087329,8407551
2,2021-02-01,40942,922761,19810,487049,21132,435712,0,0,30152,605203,0.071983,10747,159209,0.018936,30192,764412,0.09092,8407551
2,2021-02-02,47552,970313,19341,506390,28211,463923,0,0,36227,630276,0.074965,11256,170465,0.020275,36329,800741,0.095241,8407551
2,2021-02-03,53888,1024201,23926,530316,29962,493885,0,0,39869,656321,0.078063,13920,184385,0.021931,39965,840706,0.099994,8407551
2,2021-02-04,55852,1080053,24133,554449,31719,525604,0,0,40839,682338,0.081158,14918,199303,0.023705,40935,881641,0.104863,8407551
2,2021-02-05,59566,1139619,26158,580607,33408,559012,0,0,40320,703768,0.083707,19065,218368,0.025973,40495,922136,0.10968,8407551
2,2021-02-06,38881,1178500,18167,598774,20714,579726,0,0,30994,727033,0.086474,7819,226187,0.026903,31084,953220,0.113377,8407551
2,2021-02-07,15565,1194065,10308,609082,5257,584983,0,0,11808,735173,0.087442,3734,229921,0.027347,11874,965094,0.114789,8407551
2,2021-02-08,42767,1236832,21773,630855,20994,605977,0,0,29298,751339,0.089365,13340,243261,0.028934,29506,994600,0.118298,8407551
2,2021-02-09,49144,1285976,23256,654111,25888,631865,0,0,30550,763819,0.090849,18397,261658,0.031122,30877,1025477,0.121971,8407551
2,2021-02-10,59143,1345119,27767,681878,31376,663241,0,0,34440,774167,0.09208,24445,286103,0.034029,34793,1060270,0.126109,8407551
2,2021-02-11,63719,1408838,29365,711243,34354,697595,0,0,35829,782893,0.093118,27594,313697,0.037311,36320,1096590,0.130429,8407551
2,2021-02-12,64871,1473709,27999,739242,36872,734467,0,0,34616,788162,0.093745,30001,343698,0.04088,35270,1131860,0.134624,8407551
2,2021-02-13,37550,1511259,15709,754951,21841,756308,0,0,21711,794490,0.094497,15760,359458,0.042754,22088,1153948,0.137251,8407551
2,2021-02-14,19839,1531098,9253,764204,10586,766894,0,0,11117,797287,0.09483,8680,368138,0.043787,11477,1165425,0.138616,8407551
2,2021-02-15,32838,1563936,14799,779003,18039,784933,0,0,18256,801932,0.095382,14464,382602,0.045507,19109,1184534,0.140889,8407551
2,2021-02-16,55741,1619677,27334,806337,28407,813340,0,0,29491,805929,0.095858,26164,408766,0.048619,30161,1214695,0.144477,8407551
2,2021-02-17,61050,1680727,31367,837704,29683,843023,0,0,30486,806738,0.095954,30502,439268,0.052247,31311,1246006,0.148201,8407551
2,2021-02-18,65651,1746378,33132,870836,32519,875542,0,0,32138,806735,0.095954,33287,472555,0.056206,33284,1279290,0.15216,8407551
2,2021-02-19,58784,1805162,32650,903486,26134,901676,0,0,29299,807304,0.096021,29333,501888,0.059695,29902,1309192,0.155716,8407551
2,2021-02-20,36961,1842123,24034,927520,12927,914603,0,0,20267,811643,0.096537,16610,518498,0.061671,20949,1330141,0.158208,8407551
2,2021-02-21,20494,1862617,17031,944551,3463,918066,0,0,9973,811964,0.096576,10450,528948,0.062913,10771,1340912,0.159489,8407551
2,2021-02-22,37470,1900087,25582,970133,11888,929954,0,0,18018,811296,0.096496,19359,548307,0.065216,18691,1359603,0.161712,8407551
2,2021-02-23,51614,1951701,26378,996511,25236,955190,0,0,22873,807505,0.096045,28558,576865,0.068613,24767,1384370,0.164658,8407551
2,2021-02-24,68281,2019982,35108,1031619,33173,988363,0,0,31604,804929,0.095739,36537,613402,0.072958,33961,1418331,0.168697,8407551
2,2021-02-25,74174,2094156,34943,1066562,39231,1027594,0,0,37932,809638,0.096299,36035,649437,0.077244,40744,1459075,0.173543,8407551
2,2021-02-26,82481,2176637,35143,1101705,47338,1074932,0,0,44772,819145,0.09743,37458,686895,0.0817,46965,1506040,0.179129,8407551
2,2021-02-27,60029,2236666,27734,1129439,32288,1107220,7,7,32903,826456,0.098299,26929,713824,0.084903,34240,1540280,0.183202,8407551
2,2021-02-28,29459,2266125,17655,1147094,11803,1119023,1,8,17498,832919,0.099068,11866,725690,0.086314,18329,1558609,0.185382,8407551
2,2021-03-01,56307,2322432,29533,1176627,26740,1145763,34,42,31055,840194,0.099933,25007,750697,0.089288,32282,1590891,0.189222,8407551
2,2021-03-02,67530,2389962,32490,1209117,35033,1180796,7,49,38366,851883,0.101324,29027,779724,0.092741,40716,1631607,0.194064,8407551
2,2021-03-03,79413,2469375,38480,1247597,40920,1221716,13,62,45057,865336,0.102924,34176,813900,0.096806,47629,1679236,0.19973,8407551
2,2021-03-04,87130,2556505,42837,1290434,44263,1265979,30,92,50517,881840,0.104887,36425,850325,0.101138,52929,1732165,0.206025,8407551
2,2021-03-05,80508,2637013,38107,1328541,42098,1308077,303,395,49519,903240,0.107432,30800,881125,0.104802,52200,1784365,0.212234,8407551
2,2021-03-06,62484,2699497,30539,1359080,30257,1338334,1688,2083,38563,921126,0.109559,23811,904936,0.107634,41697,1826062,0.217193,8407551
2,2021-03-07,27449,2726946,16063,1375143,10417,1348751,969,3052,17768,931348,0.110775,9624,914560,0.108778,19846,1845908,0.219554,8407551
2,2021-03-08,49757,2776703,22917,1398060,24388,1373139,2452,5504,31531,948850,0.112857,18123,932683,0.110934,35625,1881533,0.223791,8407551
2,2021-03-09,69573,2846276,31895,1429955,33918,1407057,3760,9264,38857,962220,0.114447,30603,963286,0.114574,43973,1925506,0.229021,8407551
2,2021-03-10,77380,2923656,36774,1466729,34088,1441145,6518,15782,41362,975614,0.11604,35832,999118,0.118836,49226,1974732,0.234876,8407551
2,2021-03-11,92217,3015873,42580,1509309,41309,1482454,8328,24110,48487,990382,0.117797,43459,1042577,0.124005,58227,2032959,0.241802,8407551
2,2021-03-12,93263,3109136,38479,1547788,42821,1525275,11963,36073,46747,1004220,0.119443,46309,1088886,0.129513,60147,2093106,0.248955,8407551
2,2021-03-13,68395,3177531,28813,1576601,31606,1556881,7976,44049,37659,1020543,0.121384,30620,1119506,0.133155,46943,2140049,0.254539,8407551
2,2021-03-14,36546,3214077,18271,1594872,13757,1570638,4518,48567,18635,1026629,0.122108,17827,1137333,0.135275,23913,2163962,0.257383,8407551
2,2021-03-15,66947,3281024,30246,1625118,31702,1602340,4999,53566,37152,1040285,0.123732,29606,1166939,0.138797,43262,2207224,0.262529,8407551
2,2021-03-16,85843,3366867,38026,1663144,43833,1646173,3984,57550,52296,1064311,0.12659,33384,1200323,0.142767,57410,2264634,0.269357,8407551
2,2021-03-17,92086,3458953,44234,1707378,43680,1689853,4172,61722,58707,1094907,0.130229,33134,1233457,0.146708,63730,2328364,0.276937,8407551
2,2021-03-18,97087,3556040,46349,1753727,46241,1736094,4497,66219,59599,1122365,0.133495,37208,1270665,0.151134,64666,2393030,0.284629,8407551
2,2021-03-19,96853,3652893,45783,1799510,44960,1781054,6110,72329,57823,1148073,0.136553,38760,1309425,0.155744,64468,2457498,0.292297,8407551
2,2021-03-20,69529,3722422,33687,1833197,31889,1812943,3953,76282,45716,1174523,0.139699,23588,1333013,0.158549,50038,2507536,0.298248,8407551
2,2021-03-21,32996,3755418,21363,1854560,9647,1822590,1986,78268,20395,1184852,0.140927,12485,1345498,0.160034,22814,2530350,0.300962,8407551
2,2021-03-22,62371,3817789,34270,1888830,25462,1848052,2639,80907,41574,1209382,0.143845,20587,1366085,0.162483,45117,2575467,0.306328,8407551
2,2021-03-23,83089,3900878,44086,1932916,36099,1884151,2904,83811,52182,1234641,0.146849,30663,1396748,0.16613,55922,2631389,0.312979,8407551
2,2021-03-24,91245,3992123,49059,1981975,39029,1923180,3157,86968,53969,1255597,0.149342,36991,1433739,0.17053,57947,2689336,0.319872,8407551
2,2021-03-25,100794,4092917,50847,2032822,46045,1969225,3902,90870,57405,1274591,0.151601,43078,1476817,0.175654,62072,2751408,0.327254,8407551
2,2021-03-26,102840,4195757,51105,2083927,48245,2017470,3490,94360,56703,1290043,0.153439,45798,1522615,0.181101,61250,2812658,0.33454,8407551
2,2021-03-27,75242,4270999,37566,2121493,34381,2051851,3295,97655,37996,1295167,0.154048,37029,1559644,0.185505,42153,2854811,0.339553,8407551
2,2021-03-28,37489,4308488,23161,2144654,13522,2065373,806,98461,20242,1299885,0.154609,17132,1576776,0.187543,21850,2876661,0.342152,8407551
2,2021-03-29,70833,4379321,36095,2180749,32465,2097838,2273,100734,40570,1313538,0.156233,30086,1606862,0.191121,43739,2920400,0.347354,8407551
2,2021-03-30,91464,4470785,44804,2225553,42290,2140128,4370,105104,51646,1330533,0.158255,39628,1646490,0.195835,56623,2977023,0.354089,8407551
2,2021-03-31,100828,4571613,52036,2277589,43704,2183832,5088,110192,57535,1350495,0.160629,43011,1689501,0.20095,62973,3039996,0.361579,8407551
2,2021-04-01,117043,4688656,56604,2334193,51271,2235103,9168,119360,64055,1371513,0.163129,52649,1742150,0.207213,73667,3113663,0.370341,8407551
2,2021-04-02,111193,4799849,51360,2385553,49715,2284818,10118,129478,60115,1391493,0.165505,50736,1792886,0.213247,70716,3184379,0.378752,8407551
2,2021-04-03,76508,4876357,37513,2423066,29184,2314002,9811,139289,38084,1401563,0.166703,38230,1831116,0.217794,48300,3232679,0.384497,8407551
2,2021-04-04,29003,4905360,14917,2437983,10237,2324239,3849,143138,13103,1402746,0.166844,15812,1846928,0.219675,16995,3249674,0.386518,8407551
2,2021-04-05,78697,4984057,38652,2476635,31308,2355547,8737,151875,38335,1410376,0.167751,40212,1887140,0.224458,47842,3297516,0.392209,8407551
2,2021-04-06,103411,5087468,50389,2527024,38348,2393895,14674,166549,49259,1420820,0.168993,53914,1941054,0.23087,64358,3361874,0.399864,8407551
2,2021-04-07,110018,5197486,54922,2581946,38912,2432807,16184,182733,52080,1431703,0.170288,57676,1998730,0.23773,68559,3430433,0.408018,8407551
2,2021-04-08,118981,5316467,57264,2639210,43046,2475853,18671,201404,55416,1443150,0.171649,63249,2061979,0.245253,74696,3505129,0.416902,8407551
2,2021-04-09,118304,5434771,56996,2696206,43281,2519134,18027,219431,56131,1456375,0.173222,61830,2123809,0.252607,75055,3580184,0.42583,8407551
2,2021-04-10,87118,5521889,37764,2733970,30997,2550131,18357,237788,36076,1460701,0.173737,50795,2174604,0.258649,55121,3635305,0.432386,8407551
2,2021-04-11,44318,5566207,23045,2757015,12761,2562892,8512,246300,18204,1462167,0.173911,25984,2200588,0.261739,27450,3662755,0.435651,8407551
2,2021-04-12,79711,5645918,37160,2794175,33192,2596084,9359,255659,35762,1464590,0.174199,43704,2244292,0.266938,46127,3708882,0.441137,8407551
2,2021-04-13,101543,5747461,52684,2846859,48599,2644683,260,255919,55829,1476101,0.175568,45481,2289773,0.272347,56992,3765874,0.447916,8407551
2,2021-04-14,106469,5853930,55745,2902604,50673,2695356,51,255970,54770,1480944,0.176145,51434,2341207,0.278465,56277,3822151,0.454609,8407551
2,2021-04-15,112971,5966901,60057,2962661,52837,2748193,77,256047,59524,1488532,0.177047,53105,2394312,0.284781,60693,3882844,0.461828,8407551
2,2021-04-16,110215,6077116,57229,3019890,52936,2801129,50,256097,56328,1492263,0.177491,53595,2447907,0.291156,57326,3940170,0.468647,8407551
2,2021-04-17,83006,6160122,42218,3062108,40769,2841898,19,256116,46664,1503740,0.178856,36123,2484030,0.295452,47600,3987770,0.474308,8407551
2,2021-04-18,34280,6194402,20558,3082666,13716,2855614,6,256122,16442,1503471,0.178824,17725,2501755,0.29756,17456,4005226,0.476384,8407551
2,2021-04-19,74101,6268503,39898,3122564,34190,2889804,13,256135,34021,1498340,0.178214,39851,2541606,0.3023,34720,4039946,0.480514,8407551
2,2021-04-20,95359,6363862,47627,3170191,47708,2937512,24,256159,46587,1497312,0.178091,48484,2590090,0.308067,47456,4087402,0.486158,8407551
2,2021-04-21,99359,6463221,52637,3222828,46668,2984180,54,256213,47175,1493609,0.177651,51826,2641916,0.314231,48123,4135525,0.491882,8407551
2,2021-04-22,105596,6568817,54071,3276899,51504,3035684,21,256234,46345,1481958,0.176265,58900,2700816,0.321237,47249,4182774,0.497502,8407551
2,2021-04-23,104924,6673741,55247,3332146,49659,3085343,18,256252,48592,1475496,0.175497,55987,2756803,0.327896,49525,4232299,0.503393,8407551
2,2021-04-24,79615,6753356,47007,3379153,32569,3117912,39,256291,41607,1480372,0.176076,37698,2794501,0.33238,42574,4274873,0.508456,8407551
2,2021-04-25,36089,6789445,22287,3401440,13788,3131700,14,256305,19716,1484309,0.176545,16255,2810756,0.334313,20192,4295065,0.510858,8407551
2,2021-04-26,72470,6861915,39874,3441314,32299,3163999,297,256602,33505,1480812,0.176129,38733,2849489,0.33892,35236,4330301,0.515049,8407551
2,2021-04-27,86769,6948684,45434,3486748,39976,3203975,1359,257961,37329,1471610,0.175034,49110,2898599,0.344761,39908,4370209,0.519796,8407551
2,2021-04-28,85947,7034631,45492,3532240,38611,3242586,1844,259805,37948,1464589,0.174199,47715,2946314,0.350437,40694,4410903,0.524636,8407551
2,2021-04-29,88773,7123404,47897,3580137,39183,3281769,1693,261498,34453,1447332,0.172147,53993,3000307,0.356859,36736,4447639,0.529005,8407551
2,2021-04-30,92304,7215708,50741,3630878,39587,3321356,1976,263474,35702,1429429,0.170017,56225,3056532,0.363546,38322,4485961,0.533563,8407551
2,2021-05-01,61520,7277228,37613,3668491,22356,3343712,1551,265025,23962,1418498,0.168717,37288,3093820,0.367981,26357,4512318,0.536698,8407551
2,2021-05-02,29049,7306277,20137,3688628,7941,3351653,971,265996,11049,1412724,0.16803,17881,3111701,0.370108,12107,4524425,0.538138,8407551
2,2021-05-03,59620,7365897,35299,3723927,22285,3373938,2036,268032,20083,1395810,0.166019,39297,3150998,0.374782,22383,4546808,0.540801,8407551
2,2021-05-04,77921,7443818,46126,3770053,29433,3403371,2362,270394,25461,1371874,0.163172,52155,3203153,0.380985,28219,4575027,0.544157,8407551
2,2021-05-05,78184,7522002,46152,3816205,29694,3433065,2338,272732,24440,1345605,0.160047,53390,3256543,0.387336,27121,4602148,0.547383,8407551
2,2021-05-06,80643,7602645,48456,3864661,29285,3462350,2902,275634,24669,1318255,0.156794,55556,3312099,0.393943,28206,4630354,0.550738,8407551
2,2021-05-07,81867,7684512,47022,3911683,32423,3494773,2422,278056,25213,1290017,0.153436,56328,3368427,0.400643,28090,4658444,0.554079,8407551
2,2021-05-08,53401,7737913,32187,3943870,19517,3514290,1697,279753,16790,1272831,0.151391,36397,3404824,0.404972,19211,4677655,0.556364,8407551
2,2021-05-09,21269,7759182,15279,3959149,5251,3519541,739,280492,6385,1265375,0.150505,14810,3419634,0.406734,7354,4685009,0.557238,8407551
2,2021-05-10,48814,7807996,26456,3985605,20505,3540046,1853,282345,13944,1247128,0.148334,34650,3454284,0.410855,16403,4701412,0.559189,8407551
2,2021-05-11,63590,7871586,33771,4019376,27735,3567781,2084,284429,19265,1225087,0.145713,44064,3498348,0.416096,22023,4723435,0.561809,8407551
2,2021-05-12,63386,7934972,33725,4053101,27475,3595256,2186,286615,19473,1203485,0.143143,43648,3541996,0.421287,22046,4745481,0.564431,8407551
2,2021-05-13,68591,8003563,39933,4093034,26756,3622012,1902,288517,25614,1188999,0.14142,42724,3584720,0.426369,28238,4773719,0.567789,8407551
2,2021-05-14,77704,8081267,46379,4139413,29103,3651115,2222,290739,30187,1174873,0.13974,47183,3631903,0.431981,33057,4806776,0.571721,8407551
2,2021-05-15,65187,8146454,42758,4182171,20724,3671839,1705,292444,25230,1162432,0.13826,39742,3671645,0.436708,27301,4834077,0.574969,8407551
2,2021-05-16,30580,8177034,22763,4204934,6899,3678738,918,293362,12355,1157721,0.1377,18110,3689755,0.438862,13399,4847476,0.576562,8407551
2,2021-05-17,57290,8234324,36282,4241216,19081,3697819,1927,295289,22921,1148761,0.136634,34168,3723923,0.442926,25208,4872684,0.57956,8407551
2,2021-05-18,69230,8303554,40388,4281604,26895,3724714,1947,297236,27818,1137901,0.135343,41165,3765088,0.447822,30305,4902989,0.583165,8407551
2,2021-05-19,67932,8371486,40238,4321842,25728,3750442,1966,299202,27596,1127863,0.134149,40061,3805149,0.452587,30023,4933012,0.586736,8407551
2,2021-05-20,68241,8439727,39510,4361352,26573,3777015,2158,301360,26475,1115620,0.132693,41470,3846619,0.45752,29227,4962239,0.590212,8407551
2,2021-05-21,71661,8511388,42300,4403652,27227,3804242,2134,303494,28088,1103140,0.131208,43249,3889868,0.462664,30769,4993008,0.593872,8407551
2,2021-05-22,52685,8564073,33338,4436990,17621,3821863,1726,305220,21998,1096900,0.130466,30486,3920354,0.46629,24246,5017254,0.596756,8407551
2,2021-05-23,23259,8587332,15818,4452808,6719,3828582,722,305942,9986,1094586,0.130191,13156,3933510,0.467854,10842,5028096,0.598045,8407551
2,2021-05-24,43387,8630719,24349,4477157,17299,3845881,1739,307681,16621,1086722,0.129255,26562,3960072,0.471014,18698,5046794,0.600269,8407551
2,2021-05-25,50319,8681038,29523,4506680,18942,3864823,1854,309535,19418,1077915,0.128208,30612,3990684,0.474655,21805,5068599,0.602863,8407551
2,2021-05-26,48234,8729272,27100,4533780,19472,3884295,1662,311197,19245,1070485,0.127324,28676,4019360,0.478065,21246,5089845,0.60539,8407551
2,2021-05-27,46246,8775518,26205,4559985,18302,3902597,1739,312936,18849,1064377,0.126598,27173,4046533,0.481297,21065,5110910,0.607895,8407551
2,2021-05-28,49496,8825014,27396,4587381,20153,3922750,1947,314883,21063,1059616,0.126031,28194,4074727,0.484651,23433,5134343,0.610682,8407551
2,2021-05-29,28737,8853751,17191,4604572,10501,3933251,1045,315928,13453,1059135,0.125974,15142,4089869,0.486452,14661,5149004,0.612426,8407551
2,2021-05-30,12503,8866254,8036,4612608,3710,3936961,757,316685,5594,1058689,0.125921,6866,4096735,0.487269,6420,5155424,0.61319,8407551
2,2021-05-31,5847,8872101,3414,4616022,2131,3939092,302,316987,1838,1056914,0.12571,3965,4100700,0.48774,2190,5157614,0.61345,8407551
2,2021-06-01,44245,8916346,25507,4641529,17163,3956255,1575,318562,16166,1047219,0.124557,27813,4128513,0.491048,18118,5175732,0.615605,8407551
2,2021-06-02,37850,8954196,22269,4663798,14189,3970444,1392,319954,15245,1041779,0.12391,22366,4150879,0.493708,16926,5192658,0.617618,8407551
2,2021-06-03,40969,8995165,26418,4690216,13121,3983565,1430,321384,14221,1031285,0.122662,26527,4177406,0.496864,16033,5208691,0.619525,8407551
2,2021-06-04,47439,9042604,30957,4721173,14965,3998530,1517,322901,15856,1017862,0.121065,31315,4208721,0.500588,17892,5226583,0.621653,8407551
2,2021-06-05,37353,9079957,26651,4747824,9272,4007802,1430,324331,12031,1006624,0.119729,25108,4233829,0.503575,13870,5240453,0.623303,8407551
2,2021-06-06,14600,9094557,11972,4759796,2049,4009851,579,324910,4948,1002733,0.119266,9596,4243425,0.504716,5705,5246158,0.623982,8407551
2,2021-06-07,32835,9127392,23001,4782797,8575,4018426,1259,326169,10891,993309,0.118145,21811,4265236,0.50731,12387,5258545,0.625455,8407551
2,2021-06-08,40220,9167612,28548,4811345,10319,4028745,1353,327522,12692,980432,0.116613,27292,4292528,0.510556,14415,5272960,0.62717,8407551
2,2021-06-09,37663,9205275,26345,4837690,9836,4038581,1482,329004,11516,967786,0.115109,25964,4318492,0.513644,13318,5286278,0.628754,8407551
2,2021-06-10,37261,9242536,25957,4863647,9820,4048401,1484,330488,11720,956104,0.11372,25345,4343837,0.516659,13663,5299941,0.630379,8407551
2,2021-06-11,40590,9283126,26903,4890550,12042,4060443,1645,332133,13185,944061,0.112287,27158,4370995,0.519889,15115,5315056,0.632176,8407551
2,2021-06-12,28970,9312096,21339,4911889,6728,4067171,903,333036,8627,933576,0.11104,20222,4391217,0.522294,9737,5324793,0.633335,8407551
2,2021-06-13,12006,9324102,8739,4920628,2658,4069829,609,333645,3140,928689,0.110459,8803,4400020,0.523341,3916,5328709,0.6338,8407551
2,2021-06-14,29386,9353488,20881,4941509,7343,4077172,1162,334807,10571,921954,0.109658,18670,4418690,0.525562,11935,5340644,0.63522,8407551
2,2021-06-15,35138,9388626,23406,4964915,9719,4086891,2013,336820,11999,913413,0.108642,22923,4441613,0.528289,14382,5355026,0.636931,8407551
2,2021-06-16,32179,9420805,22153,4987068,8278,4095169,1748,338568,11215,905860,0.107744,20803,4462416,0.530763,13250,5368276,0.638507,8407551
2,2021-06-17,29383,9450188,19806,5006874,7933,4103102,1644,340212,10372,899221,0.106954,18849,4481265,0.533005,12210,5380486,0.639959,8407551
2,2021-06-18,32480,9482668,21544,5028418,9269,4112371,1667,341879,11895,892650,0.106172,20391,4501656,0.53543,13820,5394306,0.641603,8407551
2,2021-06-19,9688,9492356,6708,5035126,2053,4114424,927,342806,3240,890565,0.105924,6365,4508021,0.536187,4280,5398586,0.642112,8407551
3,2020-12-15,301,301,301,301,0,0,0,0,301,301,3.7e-05,0,0,0.0,301,301,3.7e-05,8129050
3,2020-12-16,2312,2613,2312,2613,0,0,0,0,2313,2614,0.000322,0,0,0.0,2313,2614,0.000322,8129050
3,2020-12-17,7802,10415,7802,10415,0,0,0,0,7802,10416,0.001281,0,0,0.0,7802,10416,0.001281,8129050
3,2020-12-18,13354,23769,13341,23756,13,13,0,0,13354,23770,0.002924,0,0,0.0,13354,23770,0.002924,8129050
3,2020-12-19,7200,30969,7189,30945,11,24,0,0,7264,31034,0.003818,0,0,0.0,7264,31034,0.003818,8129050
3,2020-12-20,5649,36618,5642,36587,7,31,0,0,5696,36729,0.004518,1,1,0.0,5696,36730,0.004518,8129050
3,2020-12-21,14329,50947,14304,50891,25,56,0,0,14392,51120,0.006289,1,2,0.0,14392,51122,0.006289,8129050
3,2020-12-22,14764,65711,14187,65078,577,633,0,0,14804,65924,0.00811,0,2,0.0,14804,65926,0.00811,8129050
3,2020-12-23,14779,80490,12175,77253,2604,3237,0,0,14806,80730,0.009931,1,3,0.0,14807,80733,0.009931,8129050
3,2020-12-24,6786,87276,4855,82108,1931,5168,0,0,6784,87513,0.010765,1,4,0.0,6784,87517,0.010766,8129050
3,2020-12-25,722,87998,665,82773,57,5225,0,0,721,88234,0.010854,0,4,0.0,721,88238,0.010855,8129050
3,2020-12-26,4607,92605,2995,85768,1612,6837,0,0,4605,92839,0.011421,0,4,0.0,4605,92843,0.011421,8129050
3,2020-12-27,2978,95583,1851,87619,1127,7964,0,0,2978,95817,0.011787,0,4,0.0,2978,95821,0.011787,8129050
3,2020-12-28,13580,109163,8688,96307,4892,12856,0,0,13606,109422,0.013461,1,5,1e-06,13606,109427,0.013461,8129050
3,2020-12-29,14997,124160,8452,104759,6545,19401,0,0,15024,124444,0.015309,2,7,1e-06,15024,124451,0.015309,8129050
3,2020-12-30,18007,142167,10025,114784,7982,27383,0,0,17995,142439,0.017522,1,8,1e-06,17996,142447,0.017523,8129050
3,2020-12-31,8425,150592,3234,118018,5191,32574,0,0,8425,150863,0.018559,1,9,1e-06,8425,150872,0.01856,8129050
3,2021-01-01,1331,151923,617,118635,714,33288,0,0,1328,152190,0.018722,1,10,1e-06,1328,152200,0.018723,8129050
3,2021-01-02,4933,156856,2419,121054,2514,35802,0,0,4933,157123,0.019329,0,10,1e-06,4933,157133,0.01933,8129050
3,2021-01-03,1610,158466,845,121899,765,36567,0,0,1600,158719,0.019525,4,14,2e-06,1600,158733,0.019527,8129050
3,2021-01-04,11994,170460,5965,127864,6029,42596,0,0,11968,170680,0.020996,7,21,3e-06,11968,170701,0.020999,8129050
3,2021-01-05,15643,186103,8094,135958,7549,50145,0,0,14027,183129,0.022528,1604,1625,0.0002,14053,184754,0.022728,8129050
3,2021-01-06,20514,206617,10824,146782,9690,59835,0,0,16050,194764,0.023959,4423,6048,0.000744,16058,200812,0.024703,8129050
3,2021-01-07,26487,233104,15122,161904,11365,71200,0,0,17149,202620,0.024925,9309,15357,0.001889,17165,217977,0.026815,8129050
3,2021-01-08,30360,263464,18522,180426,11838,83038,0,0,18035,208373,0.025633,12304,27661,0.003403,18057,236034,0.029036,8129050
3,2021-01-09,12378,275842,6994,187420,5384,88422,0,0,7871,211754,0.026049,4500,32161,0.003956,7881,243915,0.030005,8129050
3,2021-01-10,7180,283022,4456,191876,2724,91146,0,0,4045,212671,0.026162,3133,35294,0.004342,4050,247965,0.030504,8129050
3,2021-01-11,28990,312012,18976,210852,10014,101160,0,0,16399,216529,0.026636,12584,47878,0.00589,16442,264407,0.032526,8129050
3,2021-01-12,32244,344256,19285,230137,12959,114119,0,0,19797,223983,0.027553,12428,60306,0.007419,19882,284289,0.034972,8129050
3,2021-01-13,34422,378678,17958,248095,16464,130583,0,0,24251,238081,0.029288,10171,70477,0.00867,24269,308558,0.037957,8129050
3,2021-01-14,34533,413211,14177,262272,20356,150939,0,0,28644,260901,0.032095,5859,76336,0.009391,28679,337237,0.041485,8129050
3,2021-01-15,38835,452046,14433,276705,24402,175341,0,0,34171,290493,0.035735,4655,80991,0.009963,34247,371484,0.045698,8129050
3,2021-01-16,21613,473659,7419,284124,14194,189535,0,0,19295,307505,0.037828,2304,83295,0.010247,19316,390800,0.048074,8129050
3,2021-01-17,13121,486780,4446,288570,8675,198210,0,0,12084,318573,0.039189,1035,84330,0.010374,12103,402903,0.049563,8129050
3,2021-01-18,24774,511554,12948,301518,11826,210036,0,0,19231,332287,0.040876,5560,89890,0.011058,19274,422177,0.051934,8129050
3,2021-01-19,40888,552442,20899,322417,19989,230025,0,0,31822,355153,0.043689,9042,98932,0.01217,31908,454085,0.05586,8129050
3,2021-01-20,45292,597734,22312,344729,22980,253005,0,0,35945,381879,0.046977,9305,108237,0.013315,36031,490116,0.060292,8129050
3,2021-01-21,47721,645455,20621,365350,27100,280105,0,0,42261,418825,0.051522,5388,113625,0.013978,42334,532450,0.0655,8129050
3,2021-01-22,49686,695141,19798,385148,29888,309993,0,0,45547,460304,0.056625,4141,117766,0.014487,45620,578070,0.071112,8129050
3,2021-01-23,30198,725339,12805,397953,17393,327386,0,0,26921,484013,0.059541,3267,121033,0.014889,26976,605046,0.07443,8129050
3,2021-01-24,17664,743003,8503,406456,9161,336547,0,0,16508,499398,0.061434,1154,122187,0.015031,16539,621585,0.076465,8129050
3,2021-01-25,40682,783685,18155,424611,22527,359074,0,0,30748,520318,0.064007,9913,132100,0.01625,30833,652418,0.080258,8129050
3,2021-01-26,47148,830833,22563,447174,24585,383659,0,0,37072,547429,0.067342,10065,142165,0.017489,37176,689594,0.084831,8129050
3,2021-01-27,51355,882188,24493,471667,26862,410521,0,0,40783,577790,0.071077,10502,152667,0.01878,40863,730457,0.089858,8129050
3,2021-01-28,51718,933906,24056,495723,27662,438183,0,0,42820,611854,0.075268,8812,161479,0.019864,42876,773333,0.095132,8129050
3,2021-01-29,50828,984734,24486,520209,26342,464525,0,0,41193,643647,0.079179,9449,170928,0.021027,41242,814575,0.100205,8129050
3,2021-01-30,37178,1021912,17846,538055,19332,483857,0,0,32492,671586,0.082616,4633,175561,0.021597,32572,847147,0.104212,8129050
3,2021-01-31,22284,1044196,12824,550879,9460,493317,0,0,20900,691134,0.08502,1371,176932,0.021765,20919,868066,0.106786,8129050
3,2021-02-01,45782,1089978,21000,571879,24782,518099,0,0,35038,715510,0.088019,10700,187632,0.023082,35076,903142,0.111101,8129050
3,2021-02-02,54221,1144199,22602,594481,31619,549718,0,0,41849,745131,0.091663,12285,199917,0.024593,41906,945048,0.116256,8129050
3,2021-02-03,59814,1204013,26689,621170,33125,582843,0,0,44567,774688,0.095299,15088,215005,0.026449,44645,989693,0.121748,8129050
3,2021-02-04,64165,1268178,27912,649082,36253,619096,0,0,47085,804993,0.099027,16890,231895,0.028527,47195,1036888,0.127553,8129050
3,2021-02-05,69947,1338125,29729,678811,40218,659314,0,0,48466,832371,0.102395,21257,253152,0.031142,48635,1085523,0.133536,8129050
3,2021-02-06,43354,1381479,21029,699840,22325,681639,0,0,33773,856777,0.105397,9550,262702,0.032316,33956,1119479,0.137713,8129050
3,2021-02-07,19700,1401179,12548,712388,7152,688791,0,0,15165,867546,0.106722,4520,267222,0.032872,15289,1134768,0.139594,8129050
3,2021-02-08,51402,1452581,24972,737360,26430,715221,0,0,33792,884020,0.108748,17503,284725,0.035026,33977,1168745,0.143774,8129050
3,2021-02-09,58384,1510965,28499,765859,29885,745106,0,0,34289,894736,0.110066,23920,308645,0.037968,34636,1203381,0.148035,8129050
3,2021-02-10,67902,1578867,31685,797544,36217,781323,0,0,36793,901177,0.110859,30885,339530,0.041767,37326,1240707,0.152626,8129050
3,2021-02-11,70407,1649274,34774,832318,35633,816956,0,0,37801,907250,0.111606,32264,371794,0.045736,38337,1279044,0.157342,8129050
3,2021-02-12,75162,1724436,32596,864914,42566,859522,0,0,41562,916282,0.112717,33305,405099,0.049833,42337,1321381,0.16255,8129050
3,2021-02-13,44566,1769002,20323,885237,24243,883765,0,0,25717,923830,0.113646,18750,423849,0.05214,26298,1347679,0.165786,8129050
3,2021-02-14,27119,1796121,13555,898792,13564,897329,0,0,15142,927492,0.114096,11928,435777,0.053607,15590,1363269,0.167703,8129050
3,2021-02-15,39887,1836008,17170,915962,22717,920046,0,0,22097,932817,0.114751,17706,453483,0.055785,23031,1386300,0.170537,8129050
3,2021-02-16,69746,1905754,33045,949007,36701,956747,0,0,36270,936771,0.115237,33343,486826,0.059887,37297,1423597,0.175125,8129050
3,2021-02-17,71470,1977224,36190,985197,35280,992027,0,0,34018,934624,0.114973,37238,524064,0.064468,35091,1458688,0.179441,8129050
3,2021-02-18,76619,2053843,40054,1025251,36565,1028592,0,0,35540,930578,0.114476,40930,564994,0.069503,36884,1495572,0.183979,8129050
3,2021-02-19,68466,2122309,39491,1064742,28975,1057567,0,0,34628,932165,0.114671,33735,598729,0.073653,35322,1530894,0.188324,8129050
3,2021-02-20,42174,2164483,26721,1091463,15453,1073020,0,0,22234,935045,0.115025,19851,618580,0.076095,22731,1553625,0.19112,8129050
3,2021-02-21,22910,2187393,19076,1110539,3834,1076854,0,0,10884,934362,0.114941,11949,630529,0.077565,11266,1564891,0.192506,8129050
3,2021-02-22,45402,2232795,29576,1140115,15826,1092680,0,0,21492,932504,0.114713,23833,654362,0.080497,21975,1586866,0.195209,8129050
3,2021-02-23,60921,2293716,33260,1173375,27661,1120341,0,0,26907,927527,0.1141,33870,688232,0.084663,28893,1615759,0.198764,8129050
3,2021-02-24,76803,2370519,37636,1211011,39167,1159508,0,0,34232,921864,0.113404,42407,730639,0.08988,36744,1652503,0.203284,8129050
3,2021-02-25,86194,2456713,41955,1252966,44239,1203747,0,0,43206,924903,0.113778,42759,773398,0.09514,45798,1698301,0.208918,8129050
3,2021-02-26,97124,2553837,44453,1297419,52671,1256418,0,0,51600,933519,0.114837,45185,818583,0.100698,53801,1752102,0.215536,8129050
3,2021-02-27,68408,2622245,31534,1328953,36871,1293289,3,3,36410,939428,0.115564,31812,850395,0.104612,37721,1789823,0.220176,8129050
3,2021-02-28,39409,2661654,23091,1352044,16316,1309605,2,5,20728,942575,0.115951,18532,868927,0.106892,21679,1811502,0.222843,8129050
3,2021-03-01,67699,2729353,36086,1388130,31590,1341195,23,28,37795,952001,0.117111,29731,898658,0.110549,39157,1850659,0.22766,8129050
3,2021-03-02,78014,2807367,38641,1426771,39365,1380560,8,36,45688,967568,0.119026,32199,930857,0.11451,47766,1898425,0.233536,8129050
3,2021-03-03,88785,2896152,42638,1469409,46130,1426690,17,53,49728,980707,0.120642,38868,969725,0.119291,52007,1950432,0.239934,8129050
3,2021-03-04,93089,2989241,45722,1515131,47351,1474041,16,69,53043,996196,0.122548,39844,1009569,0.124193,55333,2005765,0.24674,8129050
3,2021-03-05,89346,3078587,43924,1559055,45131,1519172,291,360,54618,1018819,0.125331,34508,1044077,0.128438,57131,2062896,0.253768,8129050
3,2021-03-06,64969,3143556,32948,1592003,29875,1549047,2146,2506,37328,1032262,0.126984,27508,1071585,0.131822,40951,2103847,0.258806,8129050
3,2021-03-07,37524,3181080,22430,1614433,13956,1563003,1138,3644,21654,1040408,0.127986,15814,1087399,0.133767,23960,2127807,0.261753,8129050
3,2021-03-08,58889,3239969,28141,1642574,27887,1590890,2861,6505,37402,1060878,0.130505,21344,1108743,0.136393,41814,2169621,0.266897,8129050
3,2021-03-09,76379,3316348,35470,1678044,36531,1627421,4378,10883,41304,1072771,0.131968,34958,1143701,0.140693,46851,2216472,0.272661,8129050
3,2021-03-10,82371,3398719,41215,1719259,35099,1662520,6057,16940,43181,1084421,0.133401,38994,1182695,0.14549,50644,2267116,0.278891,8129050
3,2021-03-11,96470,3495189,47144,1766403,40771,1703291,8555,25495,47486,1092819,0.134434,48742,1231437,0.151486,57140,2324256,0.28592,8129050
3,2021-03-12,101556,3596745,45407,1811810,44298,1747589,11851,37346,46708,1097910,0.13506,54647,1286084,0.158208,59738,2383994,0.293268,8129050
3,2021-03-13,69618,3666363,29602,1841412,32770,1780359,7246,44592,36620,1110261,0.136579,32888,1318972,0.162254,45239,2429233,0.298834,8129050
3,2021-03-14,40762,3707125,21536,1862948,15674,1796033,3552,48144,20816,1115387,0.13721,19876,1338848,0.164699,25002,2454235,0.301909,8129050
3,2021-03-15,75384,3782509,35815,1898763,35025,1831058,4544,52688,39919,1125582,0.138464,35276,1374124,0.169039,45471,2499706,0.307503,8129050
3,2021-03-16,94760,3877269,43688,1942451,46752,1877810,4320,57008,53608,1143494,0.140668,40947,1415071,0.174076,58859,2558565,0.314743,8129050
3,2021-03-17,97801,3975070,47606,1990057,45680,1923490,4515,61523,59712,1170528,0.143993,37878,1452949,0.178735,64912,2623477,0.322729,8129050
3,2021-03-18,102531,4077601,52117,2042174,45996,1969486,4418,65941,59362,1191947,0.146628,42931,1495880,0.184017,64350,2687827,0.330645,8129050
3,2021-03-19,102563,4180164,54988,2097162,43137,2012623,4438,70379,57634,1209889,0.148835,44686,1540566,0.189514,62628,2750455,0.338349,8129050
3,2021-03-20,71338,4251502,36849,2134011,30860,2043483,3629,74008,44244,1231351,0.151475,26922,1567488,0.192825,48384,2798839,0.344301,8129050
3,2021-03-21,35864,4287366,24458,2158469,9900,2053383,1506,75514,22398,1242357,0.152829,13378,1580866,0.194471,24384,2823223,0.3473,8129050
3,2021-03-22,70065,4357431,41195,2199664,26348,2079731,2522,78036,44936,1265905,0.155726,24930,1605796,0.197538,48478,2871701,0.353264,8129050
3,2021-03-23,89277,4446708,49310,2248974,37434,2117165,2533,80569,55109,1290325,0.15873,33932,1639728,0.201712,58352,2930053,0.360442,8129050
3,2021-03-24,98350,4545058,56656,2305630,38785,2155950,2909,83478,56566,1308952,0.161022,41453,1681181,0.206811,60080,2990133,0.367833,8129050
3,2021-03-25,106957,4652015,59454,2365084,44555,2200505,2948,86426,60736,1327367,0.163287,45917,1727098,0.21246,64332,3054465,0.375747,8129050
3,2021-03-26,110148,4762163,59201,2424285,47662,2248167,3285,89711,57353,1336349,0.164392,52505,1779603,0.218919,61487,3115952,0.383311,8129050
3,2021-03-27,74223,4836386,37815,2462100,33865,2282032,2543,92254,36188,1337915,0.164584,37838,1817441,0.223574,39404,3155356,0.388158,8129050
3,2021-03-28,44002,4880388,27853,2489953,15341,2297373,808,93062,22382,1340146,0.164859,21515,1838956,0.22622,23746,3179102,0.391079,8129050
3,2021-03-29,80319,4960707,42014,2531967,36469,2333842,1836,94898,44298,1351294,0.16623,35800,1874756,0.230624,46948,3226050,0.396854,8129050
3,2021-03-30,99920,5060627,49126,2581093,47165,2381007,3629,98527,56224,1368289,0.168321,43458,1918214,0.23597,60453,3286503,0.404291,8129050
3,2021-03-31,104625,5165252,56504,2637597,43300,2424307,4821,103348,56120,1381250,0.169915,48314,1966528,0.241914,61275,3347778,0.411829,8129050
3,2021-04-01,123197,5288449,62361,2699958,51156,2475463,9680,113028,66806,1402027,0.172471,56046,2022574,0.248808,76823,3424601,0.421279,8129050
3,2021-04-02,117606,5406055,57464,2757422,49851,2525314,10291,123319,62411,1420279,0.174716,54947,2077521,0.255568,73199,3497800,0.430284,8129050
3,2021-04-03,75886,5481941,38803,2796225,27864,2553178,9219,132538,37924,1429929,0.175904,37831,2115352,0.260221,47481,3545281,0.436125,8129050
3,2021-04-04,32334,5514275,17272,2813497,10862,2564040,4200,136738,14220,1430348,0.175955,18040,2133392,0.262441,18459,3563740,0.438396,8129050
3,2021-04-05,89037,5603312,45300,2858797,34633,2598673,9104,145842,43746,1438941,0.177012,45095,2178487,0.267988,53688,3617428,0.445,8129050
3,2021-04-06,113051,5716363,55068,2913865,42829,2641502,15154,160996,53386,1448793,0.178224,59418,2237905,0.275297,69270,3686698,0.453521,8129050
3,2021-04-07,115948,5832311,60024,2973889,39663,2681165,16261,177257,56326,1462265,0.179881,59388,2297293,0.282603,72860,3759558,0.462484,8129050
3,2021-04-08,121223,5953534,60367,3034256,40766,2721931,20090,197347,56490,1475184,0.181471,64456,2361749,0.290532,77375,3836933,0.472003,8129050
3,2021-04-09,118030,6071564,58819,3093075,40104,2762035,19107,216454,52042,1481487,0.182246,65770,2427519,0.298623,72073,3909006,0.480869,8129050
3,2021-04-10,83593,6155157,37797,3130872,30577,2792612,15219,231673,34170,1482444,0.182364,49266,2476785,0.304683,50223,3959229,0.487047,8129050
3,2021-04-11,45098,6200255,24250,3155122,12849,2805461,7999,239672,17307,1480881,0.182171,27708,2504493,0.308092,26145,3985374,0.490263,8129050
3,2021-04-12,83763,6284018,42352,3197474,32657,2838118,8754,248426,38204,1483578,0.182503,45352,2549845,0.313671,48049,4033423,0.496174,8129050
3,2021-04-13,105205,6389223,57008,3254482,47984,2886102,213,248639,55774,1491243,0.183446,49218,2599063,0.319725,56883,4090306,0.503171,8129050
3,2021-04-14,107239,6496462,58619,3313101,48523,2934625,97,248736,53592,1493012,0.183664,53381,2652444,0.326292,55150,4145456,0.509956,8129050
3,2021-04-15,119204,6615666,67159,3380260,51978,2986603,67,248803,64307,1503605,0.184967,54623,2707067,0.333011,65216,4210672,0.517978,8129050
3,2021-04-16,115048,6730714,64626,3444886,50327,3036930,95,248898,60384,1510430,0.185806,54395,2761462,0.339703,61220,4271892,0.525509,8129050
3,2021-04-17,78764,6809478,43092,3487978,35660,3072590,12,248910,43963,1520823,0.187085,34599,2796061,0.343959,44992,4316884,0.531044,8129050
3,2021-04-18,37278,6846756,22143,3510121,15132,3087722,3,248913,17574,1519689,0.186945,19617,2815678,0.346372,18483,4335367,0.533318,8129050
3,2021-04-19,78538,6925294,43806,3553927,34680,3122402,52,248965,35580,1513097,0.186135,42785,2858463,0.351636,36193,4371560,0.53777,8129050
3,2021-04-20,98440,7023734,50999,3604926,47425,3169827,16,248981,48049,1512072,0.186008,50181,2908644,0.357809,49156,4420716,0.543817,8129050
3,2021-04-21,101409,7125143,55775,3660701,45567,3215394,67,249048,48059,1508138,0.185525,53057,2961701,0.364335,49123,4469839,0.54986,8129050
3,2021-04-22,109058,7234201,60728,3721429,48310,3263704,20,249068,47043,1494432,0.183838,61724,3023425,0.371928,48018,4517857,0.555767,8129050
3,2021-04-23,103361,7337562,58490,3779919,44848,3308552,23,249091,45401,1483214,0.182458,57636,3081061,0.379019,46418,4564275,0.561477,8129050
3,2021-04-24,73000,7410562,45234,3825153,27704,3336256,62,249153,35649,1482798,0.182407,37109,3118170,0.383584,36693,4600968,0.565991,8129050
3,2021-04-25,36309,7446871,23377,3848530,12919,3349175,13,249166,18727,1484472,0.182613,17456,3135626,0.385731,19130,4620098,0.568344,8129050
3,2021-04-26,72486,7519357,40684,3889214,31407,3380582,395,249561,30985,1475918,0.181561,41270,3176896,0.390808,32716,4652814,0.572369,8129050
3,2021-04-27,89680,7609037,46736,3935950,41211,3421793,1733,251294,35630,1460275,0.179637,53771,3230667,0.397422,38128,4690942,0.577059,8129050
3,2021-04-28,84828,7693865,47700,3983650,35010,3456803,2118,253412,34748,1447852,0.178108,49816,3280483,0.403551,37393,4728335,0.581659,8129050
3,2021-04-29,86966,7780831,49272,4032922,35507,3492310,2187,255599,30990,1425813,0.175397,55697,3336180,0.410402,33658,4761993,0.585799,8129050
3,2021-04-30,88611,7869442,49679,4082601,36457,3528767,2475,258074,32843,1406114,0.172974,55474,3391654,0.417226,35775,4797768,0.5902,8129050
3,2021-05-01,54632,7924074,34430,4117031,18759,3547526,1443,259517,19674,1392950,0.171355,34766,3426420,0.421503,21602,4819370,0.592858,8129050
3,2021-05-02,26768,7950842,18263,4135294,7495,3555021,1010,260527,9821,1387020,0.170625,16860,3443280,0.423577,10930,4830300,0.594202,8129050
3,2021-05-03,58985,8009827,34501,4169795,22137,3577158,2347,262874,17312,1365368,0.167962,41492,3484772,0.428681,19840,4850140,0.596643,8129050
3,2021-05-04,75651,8085478,43256,4213051,29751,3606909,2644,265518,22112,1337130,0.164488,53276,3538048,0.435235,25038,4875178,0.599723,8129050
3,2021-05-05,77050,8162528,45834,4258885,28535,3635444,2681,268199,21502,1306307,0.160696,55260,3593308,0.442033,24437,4899615,0.602729,8129050
3,2021-05-06,81517,8244045,51182,4310067,27823,3663267,2512,270711,20340,1268964,0.156102,60745,3654053,0.449506,23402,4923017,0.605608,8129050
3,2021-05-07,80986,8325031,50238,4360305,28142,3691409,2606,273317,21556,1234300,0.151838,59114,3713167,0.456777,24450,4947467,0.608616,8129050
3,2021-05-08,50657,8375688,31197,4391502,17769,3709178,1691,275008,13495,1212814,0.149195,36930,3750097,0.46132,15444,4962911,0.610515,8129050
3,2021-05-09,20353,8396041,14788,4406290,4788,3713966,777,275785,5550,1204489,0.148171,14719,3764816,0.463131,6394,4969305,0.611302,8129050
3,2021-05-10,46851,8442892,24978,4431268,19976,3733942,1897,277682,11102,1182181,0.145427,35566,3800382,0.467506,13258,4982563,0.612933,8129050
3,2021-05-11,61620,8504512,33823,4465091,25606,3759548,2191,279873,15712,1154839,0.142063,45696,3846078,0.473128,18354,5000917,0.615191,8129050
3,2021-05-12,62860,8567372,35888,4500979,24584,3784132,2388,282261,17107,1129097,0.138897,45533,3891611,0.478729,19791,5020708,0.617625,8129050
3,2021-05-13,73122,8640494,46135,4547114,25106,3809238,1881,284142,27295,1113274,0.13695,45606,3937217,0.484339,29783,5050491,0.621289,8129050
3,2021-05-14,78239,8718733,49412,4596526,26721,3835959,2106,286248,30790,1099562,0.135263,47202,3984419,0.490146,33490,5083981,0.625409,8129050
3,2021-05-15,61019,8779752,41995,4638521,17823,3853782,1201,287449,25203,1090538,0.134153,35637,4020056,0.49453,26613,5110594,0.628683,8129050
3,2021-05-16,31705,8811457,23763,4662284,7259,3861041,683,288132,12730,1085156,0.133491,18876,4038932,0.496852,13494,5124088,0.630343,8129050
3,2021-05-17,56251,8867708,35796,4698080,18629,3879670,1826,289958,21083,1073339,0.132037,34924,4073856,0.501148,23107,5147195,0.633185,8129050
3,2021-05-18,63635,8931343,37577,4735657,24222,3903892,1836,291794,24350,1060876,0.130504,39036,4112892,0.50595,26573,5173768,0.636454,8129050
3,2021-05-19,62879,8994222,38398,4774055,22763,3926655,1718,293512,25183,1050581,0.129238,37467,4150359,0.510559,27172,5200940,0.639797,8129050
3,2021-05-20,60404,9054626,35382,4809437,23211,3949866,1811,295323,22287,1037155,0.127586,37862,4188221,0.515217,24436,5225376,0.642803,8129050
3,2021-05-21,65025,9119651,39599,4849036,23341,3973207,2085,297408,23961,1022692,0.125807,40792,4229013,0.520235,26329,5251705,0.646042,8129050
3,2021-05-22,44971,9164622,29762,4878798,13746,3986953,1463,298871,18719,1017051,0.125113,26067,4255080,0.523441,20426,5272131,0.648554,8129050
3,2021-05-23,20544,9185166,14260,4893058,5641,3992594,643,299514,8928,1015197,0.124885,11538,4266618,0.524861,9684,5281815,0.649746,8129050
3,2021-05-24,38381,9223547,22244,4915302,14401,4006995,1736,301250,14255,1007423,0.123929,23962,4290580,0.527808,16188,5298003,0.651737,8129050
3,2021-05-25,42318,9265865,23878,4939180,16789,4023784,1651,302901,15298,997802,0.122745,26791,4317371,0.531104,17170,5315173,0.653849,8129050
3,2021-05-26,41979,9307844,24055,4963235,16214,4039998,1710,304611,16064,990069,0.121794,25639,4343010,0.534258,17906,5333079,0.656052,8129050
3,2021-05-27,38880,9346724,21736,4984971,15392,4055390,1752,306363,15450,984199,0.121072,23293,4366303,0.537123,17423,5350502,0.658195,8129050
3,2021-05-28,42293,9389017,23937,5008908,16593,4071983,1763,308126,17800,979756,0.120525,24319,4390622,0.540115,19876,5370378,0.66064,8129050
3,2021-05-29,23176,9412193,14147,5023055,8199,4080182,830,308956,11126,979892,0.120542,11938,4402560,0.541584,12074,5382452,0.662126,8129050
3,2021-05-30,10503,9422696,6812,5029867,3056,4083238,635,309591,4549,979225,0.12046,5891,4408451,0.542308,5224,5387676,0.662768,8129050
3,2021-05-31,4594,9427290,2650,5032517,1676,4084914,268,309859,1469,977889,0.120296,3099,4411550,0.542689,1763,5389439,0.662985,8129050
3,2021-06-01,37384,9464674,21547,5054064,14415,4099329,1422,311281,13813,969942,0.119318,23374,4434924,0.545565,15427,5404866,0.664883,8129050
3,2021-06-02,31297,9495971,18027,5072091,11868,4111197,1402,312683,11944,964254,0.118618,19159,4454083,0.547922,13471,5418337,0.66654,8129050
3,2021-06-03,39334,9535305,26942,5099033,10971,4122168,1421,314104,11920,950570,0.116935,27246,4481329,0.551273,13562,5431899,0.668208,8129050
3,2021-06-04,45778,9581083,32422,5131455,11831,4133999,1525,315629,13616,934176,0.114918,31940,4513269,0.555203,15546,5447445,0.670121,8129050
3,2021-06-05,34002,9615085,25654,5157109,7171,4141170,1177,316806,9000,919717,0.11314,24805,4538074,0.558254,10346,5457791,0.671393,8129050
3,2021-06-06,14306,9629391,11946,5169055,1796,4142966,564,317370,4032,914251,0.112467,10223,4548297,0.559512,4757,5462548,0.671979,8129050
3,2021-06-07,30086,9659477,21881,5190936,6943,4149909,1262,318632,8858,903390,0.111131,21100,4569397,0.562107,10239,5472787,0.673238,8129050
3,2021-06-08,34028,9693505,24467,5215403,8299,4158208,1262,319894,10164,891351,0.10965,23665,4593062,0.565018,11626,5484413,0.674668,8129050
3,2021-06-09,32293,9725798,23363,5238766,7647,4165855,1283,321177,8782,878217,0.108034,23355,4616417,0.567891,10221,5494634,0.675926,8129050
3,2021-06-10,31982,9757780,23077,5261843,7411,4173266,1494,322671,9093,866241,0.106561,22752,4639169,0.57069,10776,5505410,0.677251,8129050
3,2021-06-11,34862,9792642,24618,5286461,8900,4182166,1344,324015,10468,854008,0.105056,24212,4663381,0.573669,11979,5517389,0.678725,8129050
3,2021-06-12,24683,9817325,18639,5305100,5163,4187329,881,324896,6586,843625,0.103779,17986,4681367,0.575881,7603,5524992,0.67966,8129050
3,2021-06-13,9916,9827241,7398,5312498,2036,4189365,482,325378,2396,839097,0.103222,7473,4688840,0.5768,2945,5527937,0.680023,8129050
3,2021-06-14,25350,9852591,18161,5330659,5803,4195168,1386,326764,8273,831936,0.102341,16947,4705787,0.578885,9786,5537723,0.681226,8129050
3,2021-06-15,28471,9881062,19311,5349970,7679,4202847,1481,328245,9726,824772,0.10146,18529,4724316,0.581165,11365,5549088,0.682624,8129050
3,2021-06-16,25253,9906315,17889,5367859,5994,4208841,1370,329615,8633,818474,0.100685,16455,4740771,0.583189,10157,5559245,0.683874,8129050
3,2021-06-17,23797,9930112,17104,5384963,5584,4214425,1109,330724,8408,812875,0.099996,15245,4756016,0.585064,9646,5568891,0.68506,8129050
3,2021-06-18,26286,9956398,18666,5403629,6285,4220710,1335,332059,9290,806844,0.099254,16803,4772819,0.587131,10772,5579663,0.686386,8129050
3,2021-06-19,6949,9963347,5157,5408786,1280,4221990,512,332571,2386,805309,0.099066,4481,4777300,0.587682,2946,5582609,0.686748,8129050
4,2020-12-15,453,453,453,453,0,0,0,0,453,453,5.6e-05,0,0,0.0,453,453,5.6e-05,8037679
4,2020-12-16,3010,3463,3010,3463,0,0,0,0,3010,3463,0.000431,0,0,0.0,3010,3463,0.000431,8037679
4,2020-12-17,8850,12313,8850,12313,0,0,0,0,8850,12313,0.001532,0,0,0.0,8850,12313,0.001532,8037679
4,2020-12-18,15974,28287,15964,28277,10,10,0,0,15974,28287,0.003519,0,0,0.0,15974,28287,0.003519,8037679
4,2020-12-19,10280,38567,10271,38548,9,19,0,0,10215,38502,0.00479,0,0,0.0,10215,38502,0.00479,8037679
4,2020-12-20,7387,45954,7380,45928,7,26,0,0,7342,45844,0.005704,0,0,0.0,7342,45844,0.005704,8037679
4,2020-12-21,16321,62275,16296,62224,25,51,0,0,16255,62098,0.007726,1,1,0.0,16255,62099,0.007726,8037679
4,2020-12-22,17143,79418,16407,78631,736,787,0,0,17096,79193,0.009853,1,2,0.0,17096,79195,0.009853,8037679
4,2020-12-23,17046,96464,14338,92969,2708,3495,0,0,17015,96207,0.01197,1,3,0.0,17015,96210,0.01197,8037679
4,2020-12-24,8564,105028,5968,98937,2596,6091,0,0,8563,104769,0.013035,1,4,0.0,8563,104773,0.013035,8037679
4,2020-12-25,904,105932,799,99736,105,6196,0,0,904,105673,0.013147,0,4,0.0,904,105677,0.013148,8037679
4,2020-12-26,6179,112111,3897,103633,2282,8478,0,0,6179,111852,0.013916,0,4,0.0,6179,111856,0.013916,8037679
4,2020-12-27,3428,115539,1995,105628,1433,9911,0,0,3428,115280,0.014342,0,4,0.0,3428,115284,0.014343,8037679
4,2020-12-28,15057,130596,9296,114924,5761,15672,0,0,15029,130308,0.016212,1,5,1e-06,15029,130313,0.016213,8037679
4,2020-12-29,15372,145968,8519,123443,6853,22525,0,0,15338,145645,0.01812,1,6,1e-06,15338,145651,0.018121,8037679
4,2020-12-30,18943,164911,11082,134525,7861,30386,0,0,18932,164575,0.020475,2,8,1e-06,18932,164583,0.020476,8037679
4,2020-12-31,8275,173186,3349,137874,4926,35312,0,0,8263,172829,0.021502,9,17,2e-06,8263,172846,0.021504,8037679
4,2021-01-01,1452,174638,639,138513,813,36125,0,0,1450,174277,0.021683,2,19,2e-06,1450,174296,0.021685,8037679
4,2021-01-02,5722,180360,3234,141747,2488,38613,0,0,5721,179997,0.022394,1,20,2e-06,5721,180017,0.022397,8037679
4,2021-01-03,2138,182498,1270,143017,868,39481,0,0,2122,182115,0.022658,4,24,3e-06,2122,182139,0.022661,8037679
4,2021-01-04,12977,195475,7050,150067,5927,45408,0,0,12930,195016,0.024263,29,53,7e-06,12930,195069,0.024269,8037679
4,2021-01-05,16911,212386,9999,160066,6912,52320,0,0,14795,207731,0.025845,2092,2145,0.000267,14807,209876,0.026112,8037679
4,2021-01-06,21571,233957,13229,173295,8342,60662,0,0,15565,217357,0.027042,5952,8097,0.001007,15578,225454,0.02805,8037679
4,2021-01-07,27947,261904,17028,190323,10919,71581,0,0,16859,223205,0.02777,11029,19126,0.00238,16877,242331,0.030149,8037679
4,2021-01-08,32814,294718,21052,211375,11762,83343,0,0,18302,227084,0.028252,14442,33568,0.004176,18321,260652,0.032429,8037679
4,2021-01-09,16292,311010,9635,221010,6657,90000,0,0,9464,229751,0.028584,6809,40377,0.005023,9476,270128,0.033608,8037679
4,2021-01-10,8762,319772,5666,226676,3096,93096,0,0,4138,229291,0.028527,4606,44983,0.005597,4146,274274,0.034124,8037679
4,2021-01-11,33393,353165,21912,248588,11481,104577,0,0,18807,233590,0.029062,14550,59533,0.007407,18849,293123,0.036469,8037679
4,2021-01-12,38550,391715,22222,270810,16328,120905,0,0,24354,243850,0.030338,14133,73666,0.009165,24393,317516,0.039503,8037679
4,2021-01-13,38803,430518,19175,289985,19628,140533,0,0,27442,260016,0.03235,11304,84970,0.010571,27470,344986,0.042921,8037679
4,2021-01-14,39250,469768,15061,305046,24189,164722,0,0,32078,284999,0.035458,7124,92094,0.011458,32107,377093,0.046916,8037679
4,2021-01-15,45554,515322,15962,321008,29592,194314,0,0,39915,319385,0.039736,5585,97679,0.012153,39971,417064,0.051889,8037679
4,2021-01-16,28764,544086,9456,330464,19308,213622,0,0,25613,341902,0.042537,3116,100795,0.01254,25633,442697,0.055078,8037679
4,2021-01-17,19143,563229,6753,337217,12390,226012,0,0,17615,358029,0.044544,1502,102297,0.012727,17629,460326,0.057271,8037679
4,2021-01-18,29492,592721,13674,350891,15818,241830,0,0,23492,375649,0.046736,5902,108199,0.013461,23522,483848,0.060197,8037679
4,2021-01-19,46176,638897,23187,374078,22989,264819,0,0,36798,403203,0.050164,9320,117519,0.014621,36874,520722,0.064785,8037679
4,2021-01-20,51959,690856,27522,401600,24437,289256,0,0,41494,434392,0.054044,10365,127884,0.015911,41554,562276,0.069955,8037679
4,2021-01-21,56974,747830,25242,426842,31732,320988,0,0,50501,478533,0.059536,6406,134290,0.016708,50547,612823,0.076244,8037679
4,2021-01-22,55313,803143,22182,449024,33131,354119,0,0,50183,523714,0.065157,5036,139326,0.017334,50217,663040,0.082491,8037679
4,2021-01-23,39571,842714,17450,466474,22121,376240,0,0,35231,554644,0.069005,4331,143657,0.017873,35261,698301,0.086878,8037679
4,2021-01-24,23940,866654,10512,476986,13428,389668,0,0,22062,574853,0.07152,1870,145527,0.018106,22079,720380,0.089625,8037679
4,2021-01-25,48038,914692,22183,499169,25855,415523,0,0,36918,600738,0.07474,11089,156616,0.019485,36974,757354,0.094225,8037679
4,2021-01-26,57002,971694,29097,528266,27905,443428,0,0,44743,633335,0.078796,12206,168822,0.021004,44803,802157,0.0998,8037679
4,2021-01-27,56373,1028067,26863,555129,29510,472938,0,0,45371,667828,0.083087,10930,179752,0.022364,45423,847580,0.105451,8037679
4,2021-01-28,56732,1084799,25675,580804,31057,503995,0,0,46751,704726,0.087678,9897,189649,0.023595,46795,894375,0.111273,8037679
4,2021-01-29,56655,1141454,27215,608019,29440,533435,0,0,46291,740836,0.09217,10216,199865,0.024866,46326,940701,0.117036,8037679
4,2021-01-30,37925,1179379,17330,625349,20595,554030,0,0,32570,768126,0.095566,5305,205170,0.025526,32595,973296,0.121092,8037679
4,2021-01-31,23998,1203377,12654,638003,11344,565374,0,0,22376,788914,0.098152,1605,206775,0.025726,22393,995689,0.123878,8037679
4,2021-02-01,49936,1253313,24241,662244,25695,591069,0,0,38314,815692,0.101484,11579,218354,0.027166,38357,1034046,0.12865,8037679
4,2021-02-02,55504,1308817,25572,687816,29932,621001,0,0,42647,845603,0.105205,12792,231146,0.028758,42703,1076749,0.133963,8037679
4,2021-02-03,62177,1370994,30674,718490,31503,652504,0,0,47827,879249,0.109391,14240,245386,0.030529,47886,1124635,0.13992,8037679
4,2021-02-04,67526,1438520,31480,749970,36046,688550,0,0,50852,913683,0.113675,16521,261907,0.032585,50955,1175590,0.14626,8037679
4,2021-02-05,73325,1511845,34102,784072,39223,727773,0,0,51071,942895,0.117309,21996,283903,0.035322,51208,1226798,0.152631,8037679
4,2021-02-06,48500,1560345,26405,810477,22095,749868,0,0,36947,968523,0.120498,11518,295421,0.036755,37146,1263944,0.157252,8037679
4,2021-02-07,26608,1586953,17642,828119,8966,758834,0,0,20147,982474,0.122234,6435,301856,0.037555,20386,1284330,0.159789,8037679
4,2021-02-08,58686,1645639,30267,858386,28419,787253,0,0,38274,1000729,0.124505,20281,322137,0.040078,38536,1322866,0.164583,8037679
4,2021-02-09,67252,1712891,34280,892666,32972,820225,0,0,39543,1013039,0.126036,27637,349774,0.043517,39947,1362813,0.169553,8037679
4,2021-02-10,77241,1790132,38698,931364,38543,858768,0,0,41069,1018710,0.126742,35943,385717,0.047989,41614,1404427,0.17473,8037679
4,2021-02-11,81359,1871491,42550,973914,38809,897577,0,0,42023,1022289,0.127187,39112,424829,0.052855,42691,1447118,0.180042,8037679
4,2021-02-12,84185,1955676,37733,1011647,46452,944029,0,0,43414,1025923,0.127639,40569,465398,0.057902,44203,1491321,0.185541,8037679
4,2021-02-13,58528,2014204,29746,1041393,28782,972811,0,0,29838,1028100,0.12791,28561,493959,0.061455,30738,1522059,0.189365,8037679
4,2021-02-14,36720,2050924,19054,1060447,17666,990477,0,0,18878,1029845,0.128127,17790,511749,0.063669,19535,1541594,0.191796,8037679
4,2021-02-15,46086,2097010,21601,1082048,24485,1014962,0,0,23678,1032359,0.12844,22342,534091,0.066448,24856,1566450,0.194888,8037679
4,2021-02-16,80072,2177082,36718,1118766,43354,1058316,0,0,40750,1035103,0.128781,39225,573316,0.071329,41969,1608419,0.20011,8037679
4,2021-02-17,81430,2258512,38463,1157229,42967,1101283,0,0,38794,1032554,0.128464,42470,615786,0.076612,39921,1648340,0.205077,8037679
4,2021-02-18,83220,2341732,45808,1203037,37412,1138695,0,0,38466,1027909,0.127886,44590,660376,0.08216,39945,1688285,0.210046,8037679
4,2021-02-19,82514,2424246,51869,1254906,30645,1169340,0,0,41320,1028867,0.128005,41052,701428,0.087267,42010,1730295,0.215273,8037679
4,2021-02-20,48985,2473231,32683,1287589,16302,1185642,0,0,26748,1034131,0.12866,22176,723604,0.090026,27440,1757735,0.218687,8037679
4,2021-02-21,29288,2502519,23537,1311126,5751,1191393,0,0,14097,1033389,0.128568,15123,738727,0.091908,14381,1772116,0.220476,8037679
4,2021-02-22,53157,2555676,36489,1347615,16668,1208061,0,0,25806,1032383,0.128443,27255,765982,0.095299,26249,1798365,0.223742,8037679
4,2021-02-23,73960,2629636,41049,1388664,32911,1240972,0,0,32602,1025432,0.127578,41224,807206,0.100428,34273,1832638,0.228006,8037679
4,2021-02-24,88817,2718453,46918,1435582,41899,1282871,0,0,40117,1019210,0.126804,48493,855699,0.106461,42271,1874909,0.233265,8037679
4,2021-02-25,100005,2818458,52226,1487808,47779,1330650,0,0,47969,1017857,0.126636,51882,907581,0.112916,50529,1925438,0.239551,8037679
4,2021-02-26,106543,2925001,53826,1541634,52717,1383367,0,0,54585,1023063,0.127283,51731,959312,0.119352,56937,1982375,0.246635,8037679
4,2021-02-27,77178,3002179,42124,1583758,35048,1418415,6,6,41378,1030269,0.12818,35659,994971,0.123788,42865,2025240,0.251968,8037679
4,2021-02-28,47480,3049659,29531,1613289,17943,1436358,6,12,26570,1036963,0.129013,20766,1015737,0.126372,27460,2052700,0.255385,8037679
4,2021-03-01,77908,3127567,45778,1659067,32096,1468454,34,46,42994,1046511,0.130201,34669,1050406,0.130685,44217,2096917,0.260886,8037679
4,2021-03-02,85174,3212741,49042,1708109,36125,1504579,7,53,50360,1064010,0.132378,34654,1085060,0.134997,52153,2149070,0.267374,8037679
4,2021-03-03,100285,3313026,53425,1761534,46847,1551426,13,66,56040,1077783,0.134091,44047,1129107,0.140477,57820,2206890,0.274568,8037679
4,2021-03-04,97241,3410267,53998,1815532,43226,1594652,17,83,53562,1089668,0.13557,43473,1172580,0.145885,55358,2262248,0.281455,8037679
4,2021-03-05,94414,3504681,51019,1866551,43081,1637733,314,397,56059,1109816,0.138077,38155,1210735,0.150632,58303,2320551,0.288709,8037679
4,2021-03-06,76198,3580879,43011,1909562,30572,1668305,2615,3012,46858,1131409,0.140763,29228,1239963,0.154269,50821,2371372,0.295032,8037679
4,2021-03-07,42717,3623596,27307,1936869,14224,1682529,1186,4198,25618,1142265,0.142114,17035,1256998,0.156388,27891,2399263,0.298502,8037679
4,2021-03-08,66419,3690015,34833,1971702,28386,1710915,3200,7398,43896,1168293,0.145352,22408,1279406,0.159176,48436,2447699,0.304528,8037679
4,2021-03-09,81235,3771250,41179,2012881,34921,1745836,5135,12533,43938,1181344,0.146976,37139,1316545,0.163797,50190,2497889,0.310772,8037679
4,2021-03-10,90990,3862240,47030,2059911,36504,1782340,7456,19989,46025,1191000,0.148177,44799,1361344,0.16937,54455,2552344,0.317547,8037679
4,2021-03-11,100520,3962760,52783,2112694,39332,1821672,8405,28394,46583,1193395,0.148475,53720,1415064,0.176054,56115,2608459,0.324529,8037679
4,2021-03-12,104548,4067308,51598,2164292,42668,1864340,10282,38676,44767,1189889,0.148039,59539,1474603,0.183461,56033,2664492,0.3315,8037679
4,2021-03-13,81079,4148387,37745,2202037,34913,1899253,8421,47097,38123,1194752,0.148644,42831,1517434,0.18879,47694,2712186,0.337434,8037679
4,2021-03-14,49624,4198011,28408,2230445,17577,1916830,3639,50736,23318,1196125,0.148815,26219,1543653,0.192052,27592,2739778,0.340867,8037679
4,2021-03-15,83663,4281674,45028,2275473,34383,1951213,4252,54988,42796,1203374,0.149717,40647,1584300,0.197109,47896,2787674,0.346826,8037679
4,2021-03-16,107586,4389260,55899,2331372,48281,1999494,3406,58394,57092,1214301,0.151076,50277,1634577,0.203364,61204,2848878,0.35444,8037679
4,2021-03-17,106594,4495854,57438,2388810,45662,2045156,3494,61888,62604,1237221,0.153928,43746,1678323,0.208807,66666,2915544,0.362735,8037679
4,2021-03-18,106423,4602277,58942,2447752,43830,2088986,3651,65539,60482,1256113,0.156278,45687,1724010,0.214491,64579,2980123,0.370769,8037679
4,2021-03-19,110807,4713084,63652,2511404,41965,2130951,5190,70729,63183,1277500,0.158939,47394,1771404,0.220388,68781,3048904,0.379326,8037679
4,2021-03-20,83496,4796580,49016,2560420,31477,2162428,3003,73732,51282,1300018,0.16174,32084,1803488,0.224379,54602,3103506,0.38612,8037679
4,2021-03-21,47968,4844548,34779,2595199,10929,2173357,2260,75992,28405,1311591,0.16318,19452,1822940,0.226799,31025,3134531,0.38998,8037679
4,2021-03-22,81927,4926475,53532,2648731,25668,2199025,2727,78719,50925,1335174,0.166114,30788,1853728,0.23063,54371,3188902,0.396744,8037679
4,2021-03-23,104086,5030561,62217,2710948,39722,2238747,2147,80866,62013,1358062,0.168962,41815,1895543,0.235832,64703,3253605,0.404794,8037679
4,2021-03-24,113202,5143763,73177,2784125,37615,2276362,2410,83276,64005,1376146,0.171212,48791,1944334,0.241902,66875,3320480,0.413114,8037679
4,2021-03-25,116787,5260550,71971,2856096,42428,2318790,2388,85664,66966,1396615,0.173758,49369,1993703,0.248045,69838,3390318,0.421803,8037679
4,2021-03-26,119457,5380007,72597,2928693,43818,2362608,3042,88706,65483,1412097,0.175685,53644,2047347,0.254719,69126,3459444,0.430403,8037679
4,2021-03-27,91582,5471589,54273,2982966,35528,2398136,1781,90487,46510,1416029,0.176174,44847,2092194,0.260298,48779,3508223,0.436472,8037679
4,2021-03-28,55575,5527164,36726,3019692,17978,2416114,871,91358,29618,1421040,0.176797,25812,2118006,0.26351,30823,3539046,0.440307,8037679
4,2021-03-29,93358,5620522,56094,3075786,35189,2451303,2075,93433,50666,1431869,0.178145,42469,2160475,0.268793,53298,3592344,0.446938,8037679
4,2021-03-30,116896,5737418,63891,3139677,48854,2500157,4151,97584,69521,1458816,0.181497,47167,2207642,0.274662,74114,3666458,0.456159,8037679
4,2021-03-31,120771,5858189,71428,3211105,43022,2543179,6321,103905,67760,1480428,0.184186,52687,2260329,0.281217,74299,3740757,0.465403,8037679
4,2021-04-01,142256,6000445,81279,3292384,47769,2590948,13208,117113,83870,1519754,0.189079,57985,2318314,0.288431,97311,3838068,0.477509,8037679
4,2021-04-02,136341,6136786,73003,3365387,49786,2640734,13552,130665,78922,1555439,0.193518,57144,2375458,0.29554,92829,3930897,0.489059,8037679
4,2021-04-03,101047,6237833,53973,3419360,33675,2674409,13399,144064,52719,1573694,0.19579,48138,2423596,0.301529,66393,3997290,0.497319,8037679
4,2021-04-04,46873,6284706,24732,3444092,14618,2689027,7523,151587,20442,1575375,0.195999,26333,2449929,0.304806,28014,4025304,0.500804,8037679
4,2021-04-05,109100,6393806,61434,3505526,34901,2723928,12765,164352,56998,1593828,0.198295,51910,2501839,0.311264,70363,4095667,0.509558,8037679
4,2021-04-06,138595,6532401,78019,3583545,40814,2764742,19762,184114,72084,1620036,0.201555,66293,2568132,0.319512,92501,4188168,0.521067,8037679
4,2021-04-07,137246,6669647,77794,3661339,38753,2803495,20699,204813,71199,1646457,0.204842,65805,2633937,0.327699,92226,4280394,0.532541,8037679
4,2021-04-08,139767,6809414,77880,3739219,36469,2839964,25418,230231,69567,1672167,0.208041,69933,2703870,0.336399,95643,4376037,0.54444,8037679
4,2021-04-09,137446,6946860,75420,3814639,39052,2879016,22974,253205,65756,1690480,0.210319,71478,2775348,0.345292,89791,4465828,0.555612,8037679
4,2021-04-10,103285,7050145,51219,3865858,33230,2912246,18836,272041,46510,1700328,0.211545,56572,2831920,0.352331,66420,4532248,0.563875,8037679
4,2021-04-11,62397,7112542,38055,3903913,13157,2925403,11185,283226,27419,1705139,0.212143,34884,2866804,0.356671,39695,4571943,0.568814,8037679
4,2021-04-12,102622,7215164,62429,3966342,30058,2955461,10135,293361,51889,1717943,0.213736,50448,2917252,0.362947,63252,4635195,0.576683,8037679
4,2021-04-13,130181,7345345,81682,4048024,48336,3003797,163,293524,78207,1745462,0.21716,51711,2968963,0.369381,79230,4714425,0.586541,8037679
4,2021-04-14,135362,7480707,86267,4134291,49018,3052815,77,293601,75145,1762017,0.21922,59904,3028867,0.376834,76459,4790884,0.596053,8037679
4,2021-04-15,156012,7636719,103884,4238175,52064,3104879,64,293665,96345,1799863,0.223928,59335,3088202,0.384216,97181,4888065,0.608144,8037679
4,2021-04-16,143050,7779769,90828,4329003,52144,3157023,78,293743,83686,1825337,0.227098,59083,3147285,0.391566,84557,4972622,0.618664,8037679
4,2021-04-17,100632,7880401,63521,4392524,37087,3194110,24,293767,59041,1844243,0.22945,41338,3188623,0.396709,60244,5032866,0.626159,8037679
4,2021-04-18,54400,7934801,36400,4428924,17997,3212107,3,293770,30966,1852871,0.230523,23317,3211940,0.39961,31945,5064811,0.630134,8037679
4,2021-04-19,100615,8035416,66429,4495353,34169,3246276,17,293787,51550,1856217,0.230939,48853,3260793,0.405688,52199,5117010,0.636628,8037679
4,2021-04-20,127723,8163139,75006,4570359,52703,3298979,14,293801,67141,1864192,0.231932,60315,3321108,0.413192,68290,5185300,0.645124,8037679
4,2021-04-21,127638,8290777,81856,4652215,45732,3344711,50,293851,64549,1867026,0.232284,62787,3383895,0.421004,65621,5250921,0.653288,8037679
4,2021-04-22,137327,8428104,90490,4742705,46815,3391526,22,293873,61521,1854192,0.230687,75483,3459378,0.430395,62649,5313570,0.661083,8037679
4,2021-04-23,130757,8558861,84426,4827131,46308,3437834,23,293896,56774,1838477,0.228732,73670,3533048,0.439561,57955,5371525,0.668293,8037679
4,2021-04-24,97434,8656295,66062,4893193,31323,3469157,49,293945,44835,1832083,0.227937,52334,3585382,0.446072,45940,5417465,0.674009,8037679
4,2021-04-25,49577,8705872,35257,4928450,14295,3483452,25,293970,26212,1835520,0.228364,23234,3608616,0.448962,26671,5444136,0.677327,8037679
4,2021-04-26,89590,8795462,58413,4986863,30780,3514232,397,294367,35345,1818603,0.22626,53975,3662591,0.455678,37058,5481194,0.681937,8037679
4,2021-04-27,111763,8907225,67967,5054830,41488,3555720,2308,296675,40239,1790696,0.222788,71232,3733823,0.46454,43325,5524519,0.687328,8037679
4,2021-04-28,101274,9008499,65722,5120552,33048,3588768,2504,299179,37075,1766986,0.219838,63928,3797751,0.472493,40218,5564737,0.692331,8037679
4,2021-04-29,102580,9111079,64989,5185541,35079,3623847,2512,301691,33029,1733849,0.215715,69252,3867003,0.481109,36115,5600852,0.696825,8037679
4,2021-04-30,102385,9213464,64563,5250104,35149,3658996,2673,304364,34961,1705029,0.21213,67086,3934089,0.489456,38266,5639118,0.701585,8037679
4,2021-05-01,68594,9282058,45705,5295809,21133,3680129,1756,306120,19898,1678837,0.208871,48476,3982565,0.495487,22284,5661402,0.704358,8037679
4,2021-05-02,37392,9319450,26541,5322350,9571,3689700,1280,307400,10497,1663963,0.20702,26796,4009361,0.498821,11922,5673324,0.705841,8037679
4,2021-05-03,78063,9397513,54419,5376769,21180,3710880,2464,309864,19139,1627214,0.202448,58696,4068057,0.506123,21947,5695271,0.708572,8037679
4,2021-05-04,98493,9496006,66852,5443621,28893,3739773,2748,312612,22319,1576723,0.196166,75928,4143985,0.51557,25437,5720708,0.711736,8037679
4,2021-05-05,99242,9595248,69526,5513147,26996,3766769,2720,315332,21598,1523976,0.189604,77346,4221331,0.525193,24599,5745307,0.714797,8037679
4,2021-05-06,109353,9704601,81659,5594806,24768,3791537,2926,318258,19391,1457872,0.18138,89537,4310868,0.536332,23433,5768740,0.717712,8037679
4,2021-05-07,103025,9807626,73881,5668687,26466,3818003,2678,320936,20386,1399028,0.174059,82310,4393178,0.546573,23466,5792206,0.720632,8037679
4,2021-05-08,66434,9874060,45461,5714148,19053,3837056,1920,322856,13162,1361396,0.169377,53066,4446244,0.553175,15434,5807640,0.722552,8037679
4,2021-05-09,33442,9907502,27299,5741447,5202,3842258,941,323797,7820,1344725,0.167303,25525,4471769,0.556351,8854,5816494,0.723653,8037679
4,2021-05-10,63200,9970702,42022,5783469,18876,3861134,2302,326099,11078,1306475,0.162544,51941,4523710,0.562813,13691,5830185,0.725357,8037679
4,2021-05-11,79098,10049800,48392,5831861,28534,3889668,2172,328271,15593,1261397,0.156935,63296,4587006,0.570688,18218,5848403,0.727623,8037679
4,2021-05-12,77376,10127176,51190,5883051,23742,3913410,2444,330715,18022,1223149,0.152177,59096,4646102,0.57804,20848,5869251,0.730217,8037679
4,2021-05-13,102163,10229339,75145,5958196,25500,3938910,1518,332233,40336,1204472,0.149853,61528,4707630,0.585695,42851,5912102,0.735548,8037679
4,2021-05-14,102445,10331784,72193,6030389,28154,3967064,2098,334331,40251,1185423,0.147483,61918,4769548,0.593399,42869,5954971,0.740882,8037679
4,2021-05-15,84195,10415979,65042,6095431,17834,3984898,1319,335650,37128,1177291,0.146472,46862,4816410,0.599229,38730,5993701,0.7457,8037679
4,2021-05-16,49221,10465200,39978,6135409,8551,3993449,692,336342,20120,1169262,0.145473,28973,4845383,0.602834,20944,6014645,0.748306,8037679
4,2021-05-17,70053,10535253,51117,6186526,17099,4010548,1837,338179,28205,1157863,0.144054,41662,4887045,0.608017,30263,6044908,0.752071,8037679
4,2021-05-18,80891,10616144,52612,6239138,26536,4037084,1743,339922,29477,1138368,0.141629,51070,4938115,0.614371,31575,6076483,0.756,8037679
4,2021-05-19,75992,10692136,51482,6290620,22580,4059664,1930,341852,31675,1128184,0.140362,44064,4982179,0.619853,33880,6110363,0.760215,8037679
4,2021-05-20,67533,10759669,43296,6333916,22251,4081915,1986,343838,25840,1114899,0.138709,41441,5023620,0.625009,28156,6138519,0.763718,8037679
4,2021-05-21,72883,10832552,48202,6382118,22828,4104743,1853,345691,26731,1097838,0.136586,45898,5069518,0.630719,28837,6167356,0.767306,8037679
4,2021-05-22,49195,10881747,34515,6416633,13417,4118160,1263,346954,21476,1093213,0.136011,27573,5097091,0.63415,22948,6190304,0.770161,8037679
4,2021-05-23,22659,10904406,16213,6432846,5729,4123889,717,347671,9491,1090473,0.13567,13059,5110150,0.635774,10319,6200623,0.771444,8037679
4,2021-05-24,41600,10946006,26201,6459047,12414,4136303,2985,350656,14635,1081512,0.134555,26775,5136925,0.639106,17814,6218437,0.773661,8037679
4,2021-05-25,44549,10990555,27761,6486808,13983,4150286,2805,353461,16125,1072462,0.133429,28210,5165135,0.642615,19160,6237597,0.776045,8037679
4,2021-05-26,44129,11034684,26531,6513339,15019,4165305,2579,356040,16039,1063351,0.132296,27900,5193035,0.646086,18789,6256386,0.778382,8037679
4,2021-05-27,38595,11073279,23219,6536558,12236,4177541,3140,359180,14859,1057947,0.131623,23559,5216594,0.649017,18155,6274541,0.780641,8037679
4,2021-05-28,42930,11116209,27465,6564023,13877,4191418,1588,360768,19045,1055114,0.131271,23677,5240271,0.651963,20844,6295385,0.783234,8037679
4,2021-05-29,23364,11139573,15233,6579256,7202,4198620,929,361697,11210,1055336,0.131299,12042,5252313,0.653461,12264,6307649,0.78476,8037679
4,2021-05-30,11904,11151477,8357,6587613,3021,4201641,526,362223,5075,1054230,0.131161,6775,5259088,0.654304,5669,6313318,0.785465,8037679
4,2021-05-31,3524,11155001,2238,6589851,1127,4202768,159,362382,1139,1053195,0.131032,2356,5261444,0.654597,1321,6314639,0.78563,8037679
4,2021-06-01,39122,11194123,24394,6614245,12291,4215059,2437,364819,13767,1044438,0.129943,25170,5286614,0.657729,16413,6331052,0.787672,8037679
4,2021-06-02,32268,11226391,20181,6634426,9304,4224363,2783,367602,11160,1037580,0.12909,20947,5307561,0.660335,14089,6345141,0.789425,8037679
4,2021-06-03,47689,11274080,36609,6671035,8629,4232992,2451,370053,11111,1015004,0.126281,36436,5343997,0.664868,13860,6359001,0.791149,8037679
4,2021-06-04,54379,11328459,43860,6714895,9205,4242197,1314,371367,13636,990205,0.123195,40539,5384536,0.669912,15740,6374741,0.793107,8037679
4,2021-06-05,44331,11372790,37996,6752891,5345,4247542,990,372357,9192,965661,0.120142,34993,5419529,0.674265,10449,6385190,0.794407,8037679
4,2021-06-06,20940,11393730,18679,6771570,1706,4249248,555,372912,4651,955055,0.118822,16193,5435722,0.67628,5587,6390777,0.795102,8037679
4,2021-06-07,38385,11432115,31070,6802640,5399,4254647,1916,374828,8910,936788,0.11655,29354,5465076,0.679932,11087,6401864,0.796482,8037679
4,2021-06-08,40254,11472369,31617,6834257,6115,4260762,2522,377350,9701,918960,0.114332,30382,5495458,0.683712,12554,6414418,0.798044,8037679
4,2021-06-09,38587,11510956,30592,6864849,5643,4266405,2352,379702,8010,899253,0.11188,30421,5525879,0.687497,10714,6425132,0.799377,8037679
4,2021-06-10,36632,11547588,28863,6893712,5169,4271574,2600,382302,8676,882972,0.109854,27818,5553697,0.690958,11537,6436669,0.800812,8037679
4,2021-06-11,37795,11585383,29719,6923431,6074,4277648,2002,384304,9907,867472,0.107926,27751,5581448,0.69441,12251,6448920,0.802336,8037679
4,2021-06-12,26232,11611615,21846,6945277,3680,4281328,706,385010,6092,854435,0.106304,20049,5601497,0.696905,7012,6455932,0.803208,8037679
4,2021-06-13,10711,11622326,8452,6953729,1784,4283112,475,385485,2407,849170,0.105649,8250,5609747,0.697931,2985,6458917,0.80358,8037679
4,2021-06-14,28242,11650568,21124,6974853,4329,4287441,2789,388274,8135,840324,0.104548,19984,5629731,0.700417,11138,6470055,0.804966,8037679
4,2021-06-15,29638,11680206,20969,6995822,5282,4292723,3387,391661,8288,831033,0.103392,21215,5650946,0.703057,11924,6481979,0.806449,8037679
4,2021-06-16,26055,11706261,19626,7015448,3850,4296573,2579,394240,7964,823846,0.102498,17932,5668878,0.705288,10745,6492724,0.807786,8037679
4,2021-06-17,24457,11730718,18108,7033556,3566,4300139,2783,397023,7402,817336,0.101688,16879,5685757,0.707388,10369,6503093,0.809076,8037679
4,2021-06-18,25418,11756136,20060,7053616,4231,4304370,1127,398150,7893,809258,0.100683,17337,5703094,0.709545,9259,6512352,0.810228,8037679
4,2021-06-19,7108,11763244,5840,7059456,867,4305237,401,398551,2074,806803,0.100378,4989,5708083,0.710166,2534,6514886,0.810543,8037679
