vemquartile,administered_date,total_doses,cumulative_total_doses,pfizer_doses,cumulative_pfizer_doses,moderna_doses,cumulative_moderna_doses,jj_doses,cumulative_jj_doses,partially_vaccinated,total_partially_vaccinated,pct_age12pop_partially_vaccinated,fully_vaccinated,cumulative_fully_vaccinated,pct_age12pop_fully_vaccinated,at_least_one_dose,cumulative_at_least_one_dose,pct_age12pop_at_least_one_dose,age12_population
1,2020-12-15,150,150,150,150,0,0,0,0,150,150,1.7e-05,0,0,0.0,150,150,1.7e-05,8700223
1,2020-12-16,1226,1376,1226,1376,0,0,0,0,1226,1376,0.000158,0,0,0.0,1226,1376,0.000158,8700223
1,2020-12-17,4184,5560,4184,5560,0,0,0,0,4185,5561,0.000639,0,0,0.0,4185,5561,0.000639,8700223
1,2020-12-18,6364,11924,6343,11903,21,21,0,0,6366,11926,0.001371,1,1,0.0,6366,11927,0.001371,8700223
1,2020-12-19,2882,14806,2879,14782,3,24,0,0,2881,14806,0.001702,1,2,0.0,2881,14808,0.001702,8700223
1,2020-12-20,2131,16937,2123,16905,8,32,0,0,2132,16938,0.001947,0,2,0.0,2132,16940,0.001947,8700223
1,2020-12-21,7663,24600,7647,24552,16,48,0,0,7712,24650,0.002833,1,3,0.0,7713,24653,0.002834,8700223
1,2020-12-22,7298,31898,6954,31506,344,392,0,0,7299,31947,0.003672,2,5,1e-06,7299,31952,0.003673,8700223
1,2020-12-23,7838,39736,6579,38085,1259,1651,0,0,7833,39779,0.004572,2,7,1e-06,7834,39786,0.004573,8700223
1,2020-12-24,3304,43040,2368,40453,936,2587,0,0,3306,43085,0.004952,0,7,1e-06,3306,43092,0.004953,8700223
1,2020-12-25,237,43277,153,40606,84,2671,0,0,237,43322,0.004979,0,7,1e-06,237,43329,0.00498,8700223
1,2020-12-26,1364,44641,969,41575,395,3066,0,0,1363,44684,0.005136,1,8,1e-06,1363,44692,0.005137,8700223
1,2020-12-27,872,45513,536,42111,336,3402,0,0,872,45555,0.005236,1,9,1e-06,872,45564,0.005237,8700223
1,2020-12-28,7099,52612,4762,46873,2337,5739,0,0,7097,52652,0.006052,0,9,1e-06,7097,52661,0.006053,8700223
1,2020-12-29,8900,61512,4985,51858,3915,9654,0,0,8896,61545,0.007074,3,12,1e-06,8896,61557,0.007075,8700223
1,2020-12-30,11584,73096,6446,58304,5138,14792,0,0,11584,73129,0.008405,0,12,1e-06,11584,73141,0.008407,8700223
1,2020-12-31,5971,79067,1954,60258,4017,18809,0,0,5969,79096,0.009091,3,15,2e-06,5970,79111,0.009093,8700223
1,2021-01-01,578,79645,206,60464,372,19181,0,0,577,79672,0.009157,1,16,2e-06,577,79688,0.009159,8700223
1,2021-01-02,2911,82556,1763,62227,1148,20329,0,0,2913,82585,0.009492,0,16,2e-06,2913,82601,0.009494,8700223
1,2021-01-03,1033,83589,545,62772,488,20817,0,0,1032,83615,0.009611,2,18,2e-06,1032,83633,0.009613,8700223
1,2021-01-04,7357,90946,3587,66359,3770,24587,0,0,7361,90975,0.010457,1,19,2e-06,7361,90994,0.010459,8700223
1,2021-01-05,10870,101816,5258,71617,5612,30199,0,0,10078,100301,0.011529,774,793,9.1e-05,10100,101094,0.01162,8700223
1,2021-01-06,14067,115883,7071,78688,6996,37195,0,0,12146,110575,0.012709,1883,2676,0.000308,12157,113251,0.013017,8700223
1,2021-01-07,17536,133419,9167,87855,8369,45564,0,0,13015,119173,0.013698,4427,7103,0.000816,13025,126276,0.014514,8700223
1,2021-01-08,20208,153627,10488,98343,9720,55284,0,0,14263,127514,0.014656,5930,13033,0.001498,14271,140547,0.016154,8700223
1,2021-01-09,6688,160315,3390,101733,3298,58582,0,0,4838,130513,0.015001,1843,14876,0.00171,4842,145389,0.016711,8700223
1,2021-01-10,3090,163405,1764,103497,1326,59908,0,0,1896,131224,0.015083,1186,16062,0.001846,1897,147286,0.016929,8700223
1,2021-01-11,18094,181499,11855,115352,6239,66147,0,0,11543,136271,0.015663,6536,22598,0.002597,11583,158869,0.01826,8700223
1,2021-01-12,19157,200656,10930,126282,8227,74374,0,0,13163,143514,0.016495,5961,28559,0.003283,13204,172073,0.019778,8700223
1,2021-01-13,19883,220539,10745,137027,9138,83512,0,0,14723,153118,0.017599,5137,33696,0.003873,14741,186814,0.021472,8700223
1,2021-01-14,22152,242691,9526,146553,12626,96138,0,0,19391,169859,0.019524,2704,36400,0.004184,19445,206259,0.023707,8700223
1,2021-01-15,25234,267925,9254,155807,15980,112118,0,0,23285,191294,0.021987,1908,38308,0.004403,23343,229602,0.02639,8700223
1,2021-01-16,13898,281823,4546,160353,9352,121470,0,0,13031,203463,0.023386,865,39173,0.004503,13034,242636,0.027888,8700223
1,2021-01-17,5193,287016,2003,162356,3190,124660,0,0,4826,207928,0.023899,365,39538,0.004544,4830,247466,0.028444,8700223
1,2021-01-18,14326,301342,8592,170948,5734,130394,0,0,11141,215950,0.024821,3172,42710,0.004909,11194,258660,0.02973,8700223
1,2021-01-19,24748,326090,12775,183723,11973,142367,0,0,19596,230465,0.02649,5135,47845,0.005499,19650,278310,0.031989,8700223
1,2021-01-20,29516,355606,14755,198478,14761,157128,0,0,23594,248250,0.028534,5847,53692,0.006171,23632,301942,0.034705,8700223
1,2021-01-21,31271,386877,14576,213054,16695,173823,0,0,28000,273138,0.031394,3205,56897,0.00654,28093,330035,0.037934,8700223
1,2021-01-22,28403,415280,11241,224295,17162,190985,0,0,26340,297513,0.034196,1997,58894,0.006769,26372,356407,0.040965,8700223
1,2021-01-23,18749,434029,8207,232502,10542,201527,0,0,16788,312381,0.035905,1930,60824,0.006991,16798,373205,0.042896,8700223
1,2021-01-24,6675,440704,4158,236660,2517,204044,0,0,6020,317757,0.036523,650,61474,0.007066,6026,379231,0.043589,8700223
1,2021-01-25,25483,466187,10485,247145,14998,219042,0,0,19707,331835,0.038141,5732,67206,0.007725,19810,399041,0.045866,8700223
1,2021-01-26,28725,494912,13365,260510,15360,234402,0,0,22039,347269,0.039915,6625,73831,0.008486,22059,421100,0.048401,8700223
1,2021-01-27,32572,527484,15426,275936,17146,251548,0,0,24441,363678,0.041801,8064,81895,0.009413,24473,445573,0.051214,8700223
1,2021-01-28,34886,562370,16299,292235,18587,270135,0,0,27945,384814,0.04423,6874,88769,0.010203,28010,473583,0.054433,8700223
1,2021-01-29,33591,595961,16327,308562,17264,287399,0,0,27026,405459,0.046603,6418,95187,0.010941,27063,500646,0.057544,8700223
1,2021-01-30,20089,616050,8658,317220,11431,298830,0,0,17981,421369,0.048432,2081,97268,0.01118,17991,518637,0.059612,8700223
1,2021-01-31,7539,623589,4859,322079,2680,301510,0,0,6831,427497,0.049136,705,97973,0.011261,6833,525470,0.060397,8700223
1,2021-02-01,28929,652518,12474,334553,16455,317965,0,0,21155,440935,0.050681,7722,105695,0.012149,21160,546630,0.062829,8700223
1,2021-02-02,32615,685133,11726,346279,20889,338854,0,0,24386,457211,0.052552,8146,113841,0.013085,24422,571052,0.065636,8700223
1,2021-02-03,39530,724663,15082,361361,24448,363302,0,0,28466,474813,0.054575,10901,124742,0.014338,28503,599555,0.068913,8700223
1,2021-02-04,44035,768698,17094,378455,26941,390243,0,0,31779,494507,0.056838,12133,136875,0.015732,31827,631382,0.072571,8700223
1,2021-02-05,46959,815657,17333,395788,29626,419869,0,0,30738,509227,0.05853,16076,152951,0.01758,30796,662178,0.07611,8700223
1,2021-02-06,26548,842205,10485,406273,16063,435932,0,0,20640,524017,0.06023,5867,158818,0.018254,20657,682835,0.078485,8700223
1,2021-02-07,6239,848444,4001,410274,2238,438170,0,0,4629,527075,0.060582,1589,160407,0.018437,4647,687482,0.079019,8700223
1,2021-02-08,31387,879831,14197,424471,17190,455360,0,0,20870,537600,0.061792,10441,170848,0.019637,20966,708448,0.081429,8700223
1,2021-02-09,38473,918304,16775,441246,21698,477058,0,0,23703,546639,0.06283,14741,185589,0.021332,23780,732228,0.084162,8700223
1,2021-02-10,47178,965482,22058,463304,25120,502178,0,0,26778,553199,0.063584,20296,205885,0.023664,26856,759084,0.087249,8700223
1,2021-02-11,51744,1017226,25268,488572,26476,528654,0,0,30896,563681,0.064789,20518,226403,0.026023,31000,790084,0.090812,8700223
1,2021-02-12,50130,1067356,21458,510030,28672,557326,0,0,28789,571402,0.065677,21207,247610,0.02846,28928,819012,0.094137,8700223
1,2021-02-13,26352,1093708,11527,521557,14825,572151,0,0,15233,575661,0.066166,11050,258660,0.02973,15309,834321,0.095897,8700223
1,2021-02-14,11748,1105456,5540,527097,6208,578359,0,0,6681,577368,0.066362,5039,263699,0.030309,6746,841067,0.096672,8700223
1,2021-02-15,23844,1129300,9369,536466,14475,592834,0,0,14506,582767,0.066983,9221,272920,0.031369,14620,855687,0.098352,8700223
1,2021-02-16,47138,1176438,22323,558789,24815,617649,0,0,27562,590946,0.067923,19494,292414,0.03361,27673,883360,0.101533,8700223
1,2021-02-17,48385,1224823,24390,583179,23995,641644,0,0,26132,595125,0.068403,22101,314515,0.03615,26280,909640,0.104554,8700223
1,2021-02-18,51212,1276035,25424,608603,25788,667432,0,0,26605,597589,0.068687,24369,338884,0.038951,26833,936473,0.107638,8700223
1,2021-02-19,46512,1322547,25081,633684,21431,688863,0,0,26143,603574,0.069375,20221,359105,0.041275,26206,962679,0.11065,8700223
1,2021-02-20,27508,1350055,16734,650418,10774,699637,0,0,15759,607720,0.069851,11689,370794,0.042619,15835,978514,0.11247,8700223
1,2021-02-21,12221,1362276,10519,660937,1702,701339,0,0,7423,610451,0.070165,4742,375536,0.043164,7473,985987,0.113329,8700223
1,2021-02-22,31506,1393782,20675,681612,10831,712170,0,0,18155,615441,0.070739,13266,388802,0.044689,18256,1004243,0.115427,8700223
1,2021-02-23,45429,1439211,21876,703488,23553,735723,0,0,24970,620598,0.071331,20175,408977,0.047008,25332,1029575,0.118339,8700223
1,2021-02-24,55375,1494586,26721,730209,28654,764377,0,0,30545,626959,0.072062,24636,433613,0.049839,30997,1060572,0.121902,8700223
1,2021-02-25,67517,1562103,32693,762902,34824,799201,0,0,41853,643801,0.073998,25511,459124,0.052772,42353,1102925,0.12677,8700223
1,2021-02-26,75064,1637167,35128,798030,39936,839137,0,0,49234,667887,0.076767,25623,484747,0.055717,49709,1152634,0.132483,8700223
1,2021-02-27,51100,1688267,23364,821394,27727,866864,9,9,33704,684607,0.078688,17258,502005,0.0577,33978,1186612,0.136389,8700223
1,2021-02-28,19475,1707742,11521,832915,7952,874816,2,11,14326,693997,0.079768,5078,507083,0.058284,14468,1201080,0.138052,8700223
1,2021-03-01,44661,1752403,20451,853366,24171,898987,39,50,28824,707424,0.081311,15671,522754,0.060085,29098,1230178,0.141396,8700223
1,2021-03-02,62601,1815004,27244,880610,35349,934336,8,58,40383,726362,0.083488,22071,544825,0.062622,41009,1271187,0.14611,8700223
1,2021-03-03,70306,1885310,33600,914210,36683,971019,23,81,43080,742994,0.085399,27065,571890,0.065733,43697,1314884,0.151132,8700223
1,2021-03-04,78672,1963982,37048,951258,41589,1012608,35,116,50852,766753,0.08813,27639,599529,0.06891,51398,1366282,0.15704,8700223
1,2021-03-05,77826,2041808,35266,986524,42354,1054962,206,322,52200,794395,0.091307,25391,624920,0.071828,53033,1419315,0.163135,8700223
1,2021-03-06,57419,2099227,27444,1013968,28623,1083585,1352,1674,39066,816896,0.093894,18279,643199,0.073929,40780,1460095,0.167823,8700223
1,2021-03-07,20837,2120064,12958,1026926,6695,1090280,1184,2858,15408,828337,0.095209,5405,648604,0.07455,16846,1476941,0.169759,8700223
1,2021-03-08,45940,2166004,22484,1049410,21505,1111785,1951,4809,32234,849249,0.097612,13608,662212,0.076114,34520,1511461,0.173727,8700223
1,2021-03-09,66707,2232711,32200,1081610,32006,1143791,2501,7310,41064,867656,0.099728,25499,687711,0.079045,43906,1555367,0.178773,8700223
1,2021-03-10,73596,2306307,36660,1118270,32468,1176259,4468,11778,45323,889644,0.102255,28170,715881,0.082283,50158,1605525,0.184538,8700223
1,2021-03-11,90167,2396474,41336,1159606,40823,1217082,8008,19786,52540,913252,0.104969,37400,753281,0.086582,61008,1666533,0.191551,8700223
1,2021-03-12,98901,2495375,43565,1203171,42910,1259992,12426,32212,57778,943002,0.108388,40914,794195,0.091284,70664,1737197,0.199673,8700223
1,2021-03-13,65313,2560688,29501,1232672,28042,1288034,7770,39982,41577,969072,0.111385,23606,817801,0.093998,49676,1786873,0.205382,8700223
1,2021-03-14,27862,2588550,14914,1247586,9374,1297408,3574,43556,15601,976248,0.11221,12192,829993,0.095399,19368,1806241,0.207609,8700223
1,2021-03-15,65310,2653860,28764,1276350,29808,1327216,6738,50294,38438,995131,0.11438,26658,856651,0.098463,45541,1851782,0.212843,8700223
1,2021-03-16,85803,2739663,39070,1315420,41085,1368301,5648,55942,53200,1021960,0.117464,32380,889031,0.102185,59209,1910991,0.219649,8700223
1,2021-03-17,92947,2832610,45288,1360708,41088,1409389,6571,62513,59768,1055705,0.121342,32959,921990,0.105973,66704,1977695,0.227315,8700223
1,2021-03-18,98825,2931435,50909,1411617,42175,1451564,5741,68254,59908,1083279,0.124512,38569,960559,0.110406,66143,2043838,0.234918,8700223
1,2021-03-19,103616,3035051,53667,1465284,43642,1495206,6307,74561,60721,1108210,0.127377,42611,1003170,0.115304,67542,2111380,0.242681,8700223
1,2021-03-20,72434,3107485,37187,1502471,29984,1525190,5263,79824,46649,1134804,0.130434,25597,1028767,0.118246,52191,2163571,0.24868,8700223
1,2021-03-21,27207,3134692,19000,1521471,6391,1531581,1816,81640,17108,1143816,0.13147,10009,1038776,0.119396,19021,2182592,0.250866,8700223
1,2021-03-22,59276,3193968,30564,1552035,25436,1557017,3276,84916,40119,1168650,0.134324,18937,1057713,0.121573,43771,2226363,0.255897,8700223
1,2021-03-23,83077,3277045,42265,1594300,37191,1594208,3621,88537,51258,1192409,0.137055,31583,1089296,0.125203,55342,2281705,0.262258,8700223
1,2021-03-24,87961,3365006,44546,1638846,39053,1633261,4362,92899,52693,1214654,0.139612,34981,1124277,0.129224,57226,2338931,0.268836,8700223
1,2021-03-25,96761,3461767,49438,1688284,41488,1674749,5835,98734,53909,1232083,0.141615,42528,1166805,0.134112,59957,2398888,0.275727,8700223
1,2021-03-26,104525,3566292,51018,1739302,47166,1721915,6341,105075,56151,1246858,0.143313,48016,1214821,0.139631,62791,2461679,0.282944,8700223
1,2021-03-27,74025,3640317,38217,1777519,31617,1753532,4191,109266,38242,1253936,0.144127,35558,1250379,0.143718,42636,2504315,0.287845,8700223
1,2021-03-28,32629,3672946,21366,1798885,10049,1763581,1214,110480,16472,1256018,0.144366,16053,1266432,0.145563,18135,2522450,0.289929,8700223
1,2021-03-29,67047,3739993,33302,1832187,30579,1794160,3166,113646,37140,1266815,0.145607,29714,1296146,0.148978,40511,2562961,0.294586,8700223
1,2021-03-30,91869,3831862,45280,1877467,40208,1834368,6381,120027,47317,1276247,0.146691,44356,1340502,0.154077,53788,2616749,0.300768,8700223
1,2021-03-31,100645,3932507,52604,1930071,41883,1876251,6158,126185,55268,1292669,0.148579,45070,1385572,0.159257,61492,2678241,0.307836,8700223
1,2021-04-01,111725,4044232,53494,1983565,49452,1925703,8779,134964,56995,1304185,0.149902,54311,1439883,0.1655,65827,2744068,0.315402,8700223
1,2021-04-02,111189,4155421,50904,2034469,50599,1976302,9686,144650,56499,1316321,0.151297,54253,1494136,0.171735,66389,2810457,0.323033,8700223
1,2021-04-03,77992,4233413,39251,2073720,29108,2005410,9633,154283,36487,1321184,0.151856,41326,1535462,0.176485,46189,2856646,0.328342,8700223
1,2021-04-04,23754,4257167,11830,2085550,8460,2013870,3464,157747,9942,1320832,0.151816,13748,1549210,0.178066,13396,2870042,0.329881,8700223
1,2021-04-05,76412,4333579,36821,2122371,30317,2044187,9274,167021,34406,1322878,0.152051,41808,1591018,0.182871,43854,2913896,0.334922,8700223
1,2021-04-06,103680,4437259,49219,2171590,37853,2082040,16608,183629,46816,1329761,0.152842,56580,1647598,0.189374,63463,2977359,0.342216,8700223
1,2021-04-07,111723,4548982,54343,2225933,39857,2121897,17523,201152,50393,1336676,0.153637,61027,1708625,0.196389,67942,3045301,0.350026,8700223
1,2021-04-08,122109,4671091,57861,2283794,43302,2165199,20946,222098,53963,1343916,0.154469,67735,1776360,0.204174,74975,3120276,0.358643,8700223
1,2021-04-09,123431,4794522,56452,2340246,46221,2211420,20758,242856,54237,1350142,0.155185,68826,1845186,0.212085,75052,3195328,0.36727,8700223
1,2021-04-10,95516,4890038,42469,2382715,30351,2241771,22696,265552,37276,1352059,0.155405,58033,1903219,0.218755,59950,3255278,0.37416,8700223
1,2021-04-11,36377,4926415,20312,2403027,9371,2251142,6694,272246,14797,1352138,0.155414,21519,1924738,0.221229,21598,3276876,0.376643,8700223
1,2021-04-12,74257,5000672,33228,2436255,31049,2282191,9980,282226,31415,1351133,0.155299,42555,1967293,0.22612,41550,3318426,0.381418,8700223
1,2021-04-13,97149,5097821,52042,2488297,44768,2326959,339,282565,52460,1359878,0.156304,44398,2011691,0.231223,53143,3371569,0.387527,8700223
1,2021-04-14,104915,5202736,54369,2542666,50475,2377434,71,282636,53407,1362578,0.156614,51150,2062841,0.237102,53850,3425419,0.393716,8700223
1,2021-04-15,106177,5308913,57769,2600435,48317,2425751,91,282727,56752,1370748,0.157553,48844,2111685,0.242716,57014,3482433,0.400269,8700223
1,2021-04-16,110562,5419475,56792,2657227,53682,2479433,88,282815,55431,1371843,0.157679,54608,2166293,0.248993,55703,3538136,0.406672,8700223
1,2021-04-17,83461,5502936,45322,2702549,38128,2517561,11,282826,46838,1382460,0.158899,36394,2202687,0.253176,47011,3585147,0.412075,8700223
1,2021-04-18,30143,5533079,20398,2722947,9738,2527299,7,282833,15219,1383050,0.158967,14837,2217524,0.254881,15427,3600574,0.413848,8700223
1,2021-04-19,67161,5600240,34004,2756951,33144,2560443,13,282846,30549,1377477,0.158327,36263,2253787,0.259049,30690,3631264,0.417376,8700223
1,2021-04-20,88389,5688629,44556,2801507,43809,2604252,24,282870,41646,1372947,0.157806,46403,2300190,0.264383,41873,3673137,0.422189,8700223
1,2021-04-21,97277,5785906,50730,2852237,46450,2650702,97,282967,43759,1364059,0.156784,52977,2353167,0.270472,44089,3717226,0.427256,8700223
1,2021-04-22,96754,5882660,50470,2902707,46268,2696970,16,282983,44468,1356959,0.155968,51803,2404970,0.276426,44703,3761929,0.432395,8700223
1,2021-04-23,101342,5984002,52317,2955024,48999,2745969,26,283009,48474,1353305,0.155548,52381,2457351,0.282447,48727,3810656,0.437995,8700223
1,2021-04-24,75387,6059389,46737,3001761,28625,2774594,25,283034,42668,1363643,0.156737,32608,2489959,0.286195,42946,3853602,0.442931,8700223
1,2021-04-25,26977,6086366,17176,3018937,9787,2784381,14,283048,15418,1367765,0.15721,11449,2501408,0.287511,15571,3869173,0.444721,8700223
1,2021-04-26,65957,6152323,34649,3053586,30908,2815289,400,283448,31501,1365846,0.15699,34158,2535566,0.291437,32239,3901412,0.448427,8700223
1,2021-04-27,81187,6233510,43141,3096727,36748,2852037,1298,284746,35542,1357663,0.156049,45366,2580932,0.296651,37183,3938595,0.4527,8700223
1,2021-04-28,80752,6314262,42984,3139711,36279,2888316,1489,286235,35709,1350377,0.155212,44713,2625645,0.301791,37427,3976022,0.457002,8700223
1,2021-04-29,83819,6398081,46121,3185832,36093,2924409,1605,287840,34663,1337983,0.153787,48821,2674466,0.307402,36427,4012449,0.461189,8700223
1,2021-04-30,91451,6489532,49606,3235438,39987,2964396,1858,289698,38665,1326201,0.152433,52473,2726939,0.313433,40691,4053140,0.465866,8700223
1,2021-05-01,62232,6551764,40212,3275650,20603,2984999,1417,291115,26262,1318352,0.151531,35747,2762686,0.317542,27898,4081038,0.469073,8700223
1,2021-05-02,23235,6574999,16411,3292061,6247,2991246,577,291692,9401,1314632,0.151103,13727,2776413,0.31912,10007,4091045,0.470223,8700223
1,2021-05-03,55586,6630585,30741,3322802,23009,3014255,1836,293528,20567,1302304,0.149686,34787,2811200,0.323118,22459,4113504,0.472804,8700223
1,2021-05-04,74984,6705569,43167,3365969,29733,3043988,2084,295612,27276,1284330,0.14762,47423,2858623,0.328569,29449,4142953,0.476189,8700223
1,2021-05-05,77221,6782790,44803,3410772,30128,3074116,2290,297902,26440,1262686,0.145133,50457,2909080,0.334368,28813,4171766,0.479501,8700223
1,2021-05-06,78394,6861184,47469,3458241,28758,3102874,2167,300069,24640,1236258,0.142095,53391,2962471,0.340505,26963,4198729,0.4826,8700223
1,2021-05-07,82487,6943671,46914,3505155,33380,3136254,2193,302262,27737,1211921,0.139298,54333,3016804,0.34675,29996,4228725,0.486048,8700223
1,2021-05-08,56625,7000296,35538,3540693,19451,3155705,1636,303898,19364,1196079,0.137477,36936,3053740,0.350996,21094,4249819,0.488472,8700223
1,2021-05-09,18152,7018448,13054,3553747,4622,3160327,476,304374,5556,1189625,0.136735,12521,3066261,0.352435,6067,4255886,0.48917,8700223
1,2021-05-10,43708,7062156,22086,3575833,19816,3180143,1806,306180,14834,1177746,0.13537,28612,3094873,0.355723,16733,4272619,0.491093,8700223
1,2021-05-11,61675,7123831,33465,3609298,26069,3206212,2141,308321,20453,1159502,0.133273,40956,3135829,0.360431,22712,4295331,0.493704,8700223
1,2021-05-12,62178,7186009,33125,3642423,27042,3233254,2011,310332,20486,1140682,0.13111,41388,3177217,0.365188,22568,4317899,0.496298,8700223
1,2021-05-13,66240,7252249,38858,3681281,25396,3258650,1986,312318,25248,1127575,0.129603,40620,3217837,0.369857,27513,4345412,0.49946,8700223
1,2021-05-14,75815,7328064,45713,3726994,27717,3286367,2385,314703,30724,1116255,0.128302,44706,3262543,0.374995,33386,4378798,0.503297,8700223
1,2021-05-15,65934,7393998,43272,3770266,20925,3307292,1737,316440,26327,1105064,0.127016,39325,3301868,0.379515,28134,4406932,0.506531,8700223
1,2021-05-16,24867,7418865,18312,3788578,5935,3313227,620,317060,10212,1101397,0.126594,14547,3316415,0.381187,10880,4417812,0.507781,8700223
1,2021-05-17,53904,7472769,32972,3821550,19172,3332399,1760,318820,22944,1095452,0.125911,30709,3347124,0.384717,24764,4442576,0.510628,8700223
1,2021-05-18,64735,7537504,39020,3860570,23898,3356297,1817,320637,28119,1089127,0.125184,36347,3383471,0.388895,30022,4472598,0.514079,8700223
1,2021-05-19,66100,7603604,40270,3900840,23908,3380205,1922,322559,29537,1084388,0.124639,36286,3419757,0.393065,31547,4504145,0.517705,8700223
1,2021-05-20,63911,7667515,37087,3937927,24639,3404844,2185,324744,26310,1075821,0.123654,37266,3457023,0.397349,28699,4532844,0.521003,8700223
1,2021-05-21,69703,7737218,41676,3979603,26179,3431023,1848,326592,28851,1066170,0.122545,40451,3497474,0.401998,30800,4563644,0.524543,8700223
1,2021-05-22,55651,7792869,36605,4016208,17332,3448355,1714,328306,24338,1061263,0.121981,31057,3528531,0.405568,26150,4589794,0.527549,8700223
1,2021-05-23,20210,7813079,14244,4030452,5377,3453732,589,328895,9478,1060725,0.121919,10634,3539165,0.40679,10096,4599890,0.528709,8700223
1,2021-05-24,43550,7856629,24318,4054770,17415,3471147,1817,330712,17688,1054698,0.121227,25615,3564780,0.409734,19588,4619478,0.530961,8700223
1,2021-05-25,50654,7907283,29161,4083931,19821,3490968,1672,332384,21026,1048144,0.120473,29352,3594132,0.413108,22798,4642276,0.533581,8700223
1,2021-05-26,48266,7955549,27376,4111307,19001,3509969,1889,334273,20501,1043115,0.119895,27468,3621600,0.416265,22439,4664715,0.53616,8700223
1,2021-05-27,46820,8002369,26281,4137588,18644,3528613,1895,336168,20129,1038846,0.119405,26411,3648011,0.419301,22142,4686857,0.538705,8700223
1,2021-05-28,52182,8054551,29048,4166636,21327,3549940,1807,337975,23386,1035686,0.119041,28479,3676490,0.422574,25319,4712176,0.541616,8700223
1,2021-05-29,30561,8085112,18513,4185149,11085,3561025,963,338938,14636,1035568,0.119028,15775,3692265,0.424387,15657,4727833,0.543415,8700223
1,2021-05-30,11597,8096709,7480,4192629,3568,3564593,549,339487,5488,1035589,0.11903,6040,3698305,0.425082,6061,4733894,0.544112,8700223
1,2021-05-31,5688,8102397,3246,4195875,2192,3566785,250,339737,1988,1034197,0.11887,3643,3701948,0.4255,2251,4736145,0.544371,8700223
1,2021-06-01,45671,8148068,25818,4221693,18295,3585080,1558,341295,17351,1025167,0.117832,28016,3729964,0.428721,18986,4755131,0.546553,8700223
1,2021-06-02,39843,8187911,23120,4244813,15219,3600299,1504,342799,16078,1019344,0.117163,23478,3753442,0.431419,17655,4772786,0.548582,8700223
1,2021-06-03,41194,8229105,25808,4270621,13698,3613997,1688,344487,15793,1011791,0.116295,25106,3778548,0.434305,17553,4790339,0.5506,8700223
1,2021-06-04,49988,8279093,32001,4302622,16188,3630185,1799,346286,17913,999841,0.114921,31739,3810287,0.437953,19789,4810128,0.552874,8700223
1,2021-06-05,40209,8319302,27449,4330071,10771,3640956,1989,348275,14202,990289,0.113823,25797,3836084,0.440918,16245,4826373,0.554741,8700223
1,2021-06-06,13135,8332437,10522,4340593,2111,3643067,502,348777,4577,986951,0.11344,8478,3844562,0.441892,5140,4831513,0.555332,8700223
1,2021-06-07,33900,8366337,23387,4363980,9168,3652235,1345,350122,12074,978794,0.112502,21626,3866188,0.444378,13469,4844982,0.55688,8700223
1,2021-06-08,42130,8408467,29165,4393145,11326,3663561,1639,351761,14702,968064,0.111269,27163,3893351,0.4475,16433,4861415,0.558769,8700223
1,2021-06-09,42066,8450533,29201,4422346,11239,3674800,1626,353387,13766,955520,0.109827,27998,3921349,0.450718,15454,4876869,0.560545,8700223
1,2021-06-10,38909,8489442,26240,4448586,10994,3685794,1675,355062,13394,945425,0.108667,25269,3946618,0.453623,15174,4892043,0.562289,8700223
1,2021-06-11,43577,8533019,28869,4477455,13048,3698842,1660,356722,15439,934762,0.107441,27843,3974461,0.456823,17180,4909223,0.564264,8700223
1,2021-06-12,33618,8566637,24338,4501793,8086,3706928,1194,357916,11089,924794,0.106295,22321,3996782,0.459388,12353,4921576,0.565684,8700223
1,2021-06-13,11622,8578259,8432,4510225,2707,3709635,483,358399,3388,920533,0.105806,8168,4004950,0.460327,3907,4925483,0.566133,8700223
1,2021-06-14,30802,8609061,20744,4530969,8761,3718396,1297,359696,11546,914349,0.105095,19060,4024010,0.462518,12876,4938359,0.567613,8700223
1,2021-06-15,37082,8646143,24326,4555295,10907,3729303,1849,361545,13761,906991,0.104249,23060,4047070,0.465169,15702,4954061,0.569418,8700223
1,2021-06-16,35259,8681402,23804,4579099,9620,3738923,1835,363380,13222,900324,0.103483,21784,4068854,0.467672,15117,4969178,0.571155,8700223
1,2021-06-17,33439,8714841,22093,4601192,9387,3748310,1959,365339,13083,895339,0.10291,20121,4088975,0.469985,15136,4984314,0.572895,8700223
1,2021-06-18,39229,8754070,25464,4626656,10926,3759236,2839,368178,15227,889723,0.102264,23741,4112716,0.472714,18125,5002439,0.574978,8700223
1,2021-06-19,23745,8777815,16470,4643126,6078,3765314,1197,369375,9747,886865,0.101936,13835,4126551,0.474304,10977,5013416,0.57624,8700223
1,2021-06-20,8109,8785924,5936,4649062,1898,3767212,275,369650,3226,885554,0.101785,4822,4131373,0.474858,3511,5016927,0.576643,8700223
1,2021-06-21,20826,8806750,11801,4660863,6845,3774057,2180,371830,10864,888792,0.102157,9854,4141227,0.475991,13092,5030019,0.578148,8700223
1,2021-06-22,30573,8837323,19972,4680835,8483,3782540,2118,373948,12861,886332,0.101875,17512,4158739,0.478004,15052,5045071,0.579878,8700223
1,2021-06-23,29171,8866494,19576,4700411,7783,3790323,1812,375760,12761,884719,0.101689,16217,4174956,0.479868,14604,5059675,0.581557,8700223
1,2021-06-24,28050,8894544,18699,4719110,7703,3798026,1648,377408,11900,882375,0.10142,15957,4190913,0.481702,13613,5073288,0.583122,8700223
1,2021-06-25,31443,8925987,21314,4740424,8726,3806752,1403,378811,13821,880254,0.101176,17399,4208312,0.483702,15278,5088566,0.584878,8700223
1,2021-06-26,22121,8948108,16423,4756847,4885,3811637,813,379624,9652,878416,0.100965,12353,4220665,0.485121,10515,5099081,0.586086,8700223
1,2021-06-27,9097,8957205,6764,4763611,1905,3813542,428,380052,4056,877938,0.10091,4978,4225643,0.485694,4500,5103581,0.586603,8700223
1,2021-06-28,20958,8978163,15559,4779170,4139,3817681,1260,381312,9709,877892,0.100905,11066,4236709,0.486966,11020,5114601,0.58787,8700223
1,2021-06-29,26323,9004486,17993,4797163,6968,3824649,1362,382674,11580,876321,0.100724,14574,4251283,0.488641,13003,5127604,0.589365,8700223
1,2021-06-30,25543,9030029,17691,4814854,6821,3831470,1031,383705,12119,876323,0.100724,13218,4264501,0.49016,13220,5140824,0.590884,8700223
1,2021-07-01,23278,9053307,16198,4831052,5830,3837300,1250,384955,10766,876046,0.100692,12368,4276869,0.491582,12091,5152915,0.592274,8700223
1,2021-07-02,25994,9079301,17838,4848890,7133,3844433,1023,385978,12237,875813,0.100666,13572,4290441,0.493141,13339,5166254,0.593807,8700223
1,2021-07-03,14434,9093735,10087,4858977,3915,3848348,432,386410,6845,875662,0.100648,7464,4297905,0.493999,7313,5173567,0.594648,8700223
1,2021-07-04,1258,9094993,707,4859684,486,3848834,65,386475,606,875695,0.100652,644,4298549,0.494073,677,5174244,0.594725,8700223
1,2021-07-05,10910,9105903,7525,4867209,3023,3851857,362,386837,5195,875641,0.100646,5654,4304203,0.494723,5600,5179844,0.595369,8700223
1,2021-07-06,26712,9132615,18891,4886100,6710,3858567,1111,387948,10675,871674,0.10019,15857,4320060,0.496546,11890,5191734,0.596736,8700223
1,2021-07-07,23020,9155635,16171,4902271,5802,3864369,1047,388995,9922,869800,0.099974,12933,4332993,0.498032,11059,5202793,0.598007,8700223
1,2021-07-08,21187,9176822,14700,4916971,5570,3869939,917,389912,9193,868107,0.09978,11867,4344860,0.499396,10174,5212967,0.599176,8700223
1,2021-07-09,23923,9200745,16998,4933969,6078,3876017,847,390759,10849,866898,0.099641,12913,4357773,0.500881,11704,5224671,0.600522,8700223
1,2021-07-10,14735,9215480,10609,4944578,3576,3879593,550,391309,6651,866158,0.099556,7983,4365756,0.501798,7243,5231914,0.601354,8700223
1,2021-07-11,4517,9219997,2951,4947529,1423,3881016,143,391452,2027,865883,0.099524,2452,4368208,0.50208,2177,5234091,0.601604,8700223
2,2020-12-15,242,242,242,242,0,0,0,0,242,242,2.9e-05,0,0,0.0,242,242,2.9e-05,8407551
2,2020-12-16,2129,2371,2129,2371,0,0,0,0,2128,2370,0.000282,0,0,0.0,2128,2370,0.000282,8407551
2,2020-12-17,6855,9226,6855,9226,0,0,0,0,6856,9226,0.001097,0,0,0.0,6856,9226,0.001097,8407551
2,2020-12-18,11102,20328,11082,20308,20,20,0,0,11102,20328,0.002418,0,0,0.0,11102,20328,0.002418,8407551
2,2020-12-19,5621,25949,5615,25923,6,26,0,0,5622,25950,0.003087,0,0,0.0,5622,25950,0.003087,8407551
2,2020-12-20,4258,30207,4248,30171,10,36,0,0,4253,30202,0.003592,1,1,0.0,4253,30203,0.003592,8407551
2,2020-12-21,12785,42992,12759,42930,26,62,0,0,12740,42942,0.005108,0,1,0.0,12740,42943,0.005108,8407551
2,2020-12-22,12152,55144,11640,54570,512,574,0,0,12151,55093,0.006553,0,1,0.0,12151,55094,0.006553,8407551
2,2020-12-23,11713,66857,9495,64065,2218,2792,0,0,11715,66808,0.007946,1,2,0.0,11716,66810,0.007946,8407551
2,2020-12-24,5907,72764,3498,67563,2409,5201,0,0,5903,72710,0.008648,3,5,1e-06,5905,72715,0.008649,8407551
2,2020-12-25,484,73248,406,67969,78,5279,0,0,486,73196,0.008706,0,5,1e-06,486,73201,0.008707,8407551
2,2020-12-26,2561,75809,1668,69637,893,6172,0,0,2562,75757,0.009011,1,6,1e-06,2562,75763,0.009011,8407551
2,2020-12-27,2229,78038,1213,70850,1016,7188,0,0,2226,77981,0.009275,2,8,1e-06,2226,77989,0.009276,8407551
2,2020-12-28,11035,89073,7172,78022,3863,11051,0,0,11035,89015,0.010588,1,9,1e-06,11035,89024,0.010589,8407551
2,2020-12-29,12723,101796,7146,85168,5577,16628,0,0,12727,101742,0.012101,0,9,1e-06,12727,101751,0.012102,8407551
2,2020-12-30,15430,117226,8657,93825,6773,23401,0,0,15425,117164,0.013936,5,14,2e-06,15427,117178,0.013937,8407551
2,2020-12-31,7585,124811,2827,96652,4758,28159,0,0,7579,124738,0.014836,5,19,2e-06,7579,124757,0.014839,8407551
2,2021-01-01,1201,126012,594,97246,607,28766,0,0,1202,125937,0.014979,3,22,3e-06,1202,125959,0.014982,8407551
2,2021-01-02,4851,130863,2767,100013,2084,30850,0,0,4846,130781,0.015555,2,24,3e-06,4846,130805,0.015558,8407551
2,2021-01-03,1408,132271,793,100806,615,31465,0,0,1401,132179,0.015721,3,27,3e-06,1401,132206,0.015725,8407551
2,2021-01-04,11665,143936,5558,106364,6107,37572,0,0,11654,143830,0.017107,3,30,4e-06,11654,143860,0.017111,8407551
2,2021-01-05,13901,157837,6942,113306,6959,44531,0,0,12681,155335,0.018476,1211,1241,0.000148,12716,156576,0.018623,8407551
2,2021-01-06,19024,176861,10501,123807,8523,53054,0,0,15225,166827,0.019843,3743,4984,0.000593,15235,171811,0.020435,8407551
2,2021-01-07,23272,200133,13130,136937,10142,63196,0,0,15618,174800,0.020791,7660,12644,0.001504,15633,187444,0.022295,8407551
2,2021-01-08,26804,226937,16281,153218,10523,73719,0,0,16476,181025,0.021531,10275,22919,0.002726,16500,203944,0.024257,8407551
2,2021-01-09,9876,236813,5777,158995,4099,77818,0,0,6297,183746,0.021855,3583,26502,0.003152,6304,210248,0.025007,8407551
2,2021-01-10,5338,242151,2969,161964,2369,80187,0,0,3084,184572,0.021953,2263,28765,0.003421,3089,213337,0.025374,8407551
2,2021-01-11,26177,268328,18023,179987,8154,88341,0,0,15079,188594,0.022432,11107,39872,0.004742,15129,228466,0.027174,8407551
2,2021-01-12,26337,294665,16369,196356,9968,98309,0,0,16745,195819,0.023291,9604,49476,0.005885,16829,245295,0.029176,8407551
2,2021-01-13,28638,323303,15196,211552,13442,111751,0,0,20649,208521,0.024802,7976,57452,0.006833,20678,265973,0.031635,8407551
2,2021-01-14,30416,353719,11513,223065,18903,130654,0,0,26134,230431,0.027408,4294,61746,0.007344,26204,292177,0.034752,8407551
2,2021-01-15,35215,388934,12844,235909,22371,153025,0,0,31923,259150,0.030823,3293,65039,0.007736,32012,324189,0.038559,8407551
2,2021-01-16,17742,406676,5648,241557,12094,165119,0,0,16407,274216,0.032615,1352,66391,0.007897,16418,340607,0.040512,8407551
2,2021-01-17,10679,417355,3631,245188,7048,172167,0,0,9948,283425,0.033711,748,67139,0.007986,9957,350564,0.041696,8407551
2,2021-01-18,19746,437101,11034,256222,8712,180879,0,0,14933,293585,0.034919,4833,71972,0.00856,14993,365557,0.04348,8407551
2,2021-01-19,32535,469636,16870,273092,15665,196544,0,0,24535,310235,0.0369,7998,79970,0.009512,24648,390205,0.046411,8407551
2,2021-01-20,37682,507318,19003,292095,18679,215223,0,0,29059,330791,0.039345,8594,88564,0.010534,29150,419355,0.049878,8407551
2,2021-01-21,40990,548308,17444,309539,23546,238769,0,0,36496,362997,0.043175,4463,93027,0.011065,36669,456024,0.05424,8407551
2,2021-01-22,39637,587945,16558,326097,23079,261848,0,0,36291,395947,0.047094,3367,96394,0.011465,36317,492341,0.058559,8407551
2,2021-01-23,24134,612079,10784,336881,13350,275198,0,0,21161,414185,0.049263,2953,99347,0.011816,21191,513532,0.06108,8407551
2,2021-01-24,12436,624515,6108,342989,6328,281526,0,0,11514,424806,0.050527,905,100252,0.011924,11526,525058,0.062451,8407551
2,2021-01-25,33953,658468,15691,358680,18262,299788,0,0,25127,441295,0.052488,8776,109028,0.012968,25265,550323,0.065456,8407551
2,2021-01-26,40602,699070,19972,378652,20630,320418,0,0,31448,463697,0.055152,9129,118157,0.014054,31531,581854,0.069206,8407551
2,2021-01-27,45991,745061,22968,401620,23023,343441,0,0,35686,489260,0.058193,10183,128340,0.015265,35746,617600,0.073458,8407551
2,2021-01-28,48221,793282,22724,424344,25497,368938,0,0,39517,520207,0.061874,8642,136982,0.016293,39589,657189,0.078167,8407551
2,2021-01-29,45867,839149,22268,446612,23599,392537,0,0,37098,548716,0.065265,8653,145635,0.017322,37162,694351,0.082587,8407551
2,2021-01-30,31650,870799,13686,460298,17964,410501,0,0,28244,573625,0.068227,3368,149003,0.017723,28277,722628,0.08595,8407551
2,2021-01-31,17569,888368,10595,470893,6974,417475,0,0,16363,588823,0.070035,1185,150188,0.017863,16383,739011,0.087898,8407551
2,2021-02-01,41191,929559,19860,490753,21331,438806,0,0,30138,607994,0.072315,11005,161193,0.019172,30176,769187,0.091488,8407551
2,2021-02-02,48091,977650,19617,510370,28474,467280,0,0,36545,633168,0.075309,11466,172659,0.020536,36640,805827,0.095846,8407551
2,2021-02-03,54322,1031972,24133,534503,30189,497469,0,0,40040,659123,0.078397,14179,186838,0.022223,40134,845961,0.100619,8407551
2,2021-02-04,56240,1088212,24246,558749,31994,529463,0,0,41057,685203,0.081499,15076,201914,0.024016,41156,887117,0.105514,8407551
2,2021-02-05,60345,1148557,26618,585367,33727,563190,0,0,40834,706905,0.08408,19308,221222,0.026312,41010,928127,0.110392,8407551
2,2021-02-06,39229,1187786,18278,603645,20951,584141,0,0,31507,730865,0.08693,7639,228861,0.027221,31599,959726,0.11415,8407551
2,2021-02-07,16035,1203821,10741,614386,5294,589435,0,0,12162,739249,0.087927,3847,232708,0.027678,12231,971957,0.115605,8407551
2,2021-02-08,43542,1247363,22401,636787,21141,610576,0,0,29962,755998,0.089919,13423,246131,0.029275,30172,1002129,0.119194,8407551
2,2021-02-09,49540,1296903,23486,660273,26054,636630,0,0,30659,768451,0.0914,18534,264665,0.031479,30987,1033116,0.12288,8407551
2,2021-02-10,59930,1356833,28239,688512,31691,668321,0,0,34658,778492,0.092594,24971,289636,0.03445,35012,1068128,0.127044,8407551
2,2021-02-11,64536,1421369,29857,718369,34679,703000,0,0,36060,786901,0.093595,28148,317784,0.037797,36557,1104685,0.131392,8407551
2,2021-02-12,65593,1486962,28239,746608,37354,740354,0,0,34809,791914,0.094191,30452,348236,0.041419,35465,1140150,0.13561,8407551
2,2021-02-13,38137,1525099,15948,762556,22189,762543,0,0,22068,798391,0.094961,15969,364205,0.043319,22446,1162596,0.13828,8407551
2,2021-02-14,20206,1545305,9431,771987,10775,773318,0,0,11282,801162,0.095291,8872,373077,0.044374,11643,1174239,0.139665,8407551
2,2021-02-15,33339,1578644,15100,787087,18239,791557,0,0,18437,805690,0.095829,14766,387843,0.04613,19294,1193533,0.14196,8407551
2,2021-02-16,56612,1635256,27938,815025,28674,820231,0,0,29737,809329,0.096262,26768,414611,0.049314,30407,1223940,0.145576,8407551
2,2021-02-17,62179,1697435,32192,847217,29987,850218,0,0,30725,809518,0.096285,31363,445974,0.053044,31552,1255492,0.149329,8407551
2,2021-02-18,66646,1764081,33811,881028,32835,883053,0,0,32330,808932,0.096215,34063,480037,0.057096,33477,1288969,0.153311,8407551
2,2021-02-19,60065,1824146,33447,914475,26618,909671,0,0,29668,809002,0.096223,30202,510239,0.060688,30272,1319241,0.156911,8407551
2,2021-02-20,38081,1862227,24814,939289,13267,922938,0,0,20501,812701,0.096663,17482,527721,0.062768,21181,1340422,0.159431,8407551
2,2021-02-21,22110,1884337,17984,957273,4126,927064,0,0,10794,813070,0.096707,11228,538949,0.064103,11597,1352019,0.16081,8407551
2,2021-02-22,39395,1923732,27030,984303,12365,939429,0,0,18614,811714,0.096546,20642,559591,0.066558,19286,1371305,0.163104,8407551
2,2021-02-23,53739,1977471,27495,1011798,26244,965673,0,0,23435,806996,0.095985,30046,589637,0.070132,25328,1396633,0.166117,8407551
2,2021-02-24,70941,2048412,36678,1048476,34263,999936,0,0,32372,803366,0.095553,38372,628009,0.074696,34742,1431375,0.170249,8407551
2,2021-02-25,76411,2124823,36142,1084618,40269,1040205,0,0,38713,807458,0.09604,37436,665445,0.079148,41528,1472903,0.175188,8407551
2,2021-02-26,84485,2209308,36276,1120894,48209,1088414,0,0,45352,816171,0.097076,38833,704278,0.083767,47546,1520449,0.180843,8407551
2,2021-02-27,61445,2270753,28397,1149291,33041,1121455,7,7,33363,823027,0.097891,27847,732125,0.087079,34703,1555152,0.184971,8407551
2,2021-02-28,30055,2300808,17954,1167245,12100,1133555,1,8,17540,828995,0.098601,12406,744531,0.088555,18374,1573526,0.187156,8407551
2,2021-03-01,57354,2358162,30119,1197364,27191,1160746,44,52,31183,835531,0.099379,25884,770415,0.091634,32420,1605946,0.191012,8407551
2,2021-03-02,68910,2427072,33069,1230433,35832,1196578,9,61,38652,846437,0.100676,30090,800505,0.095213,40996,1646942,0.195888,8407551
2,2021-03-03,80109,2507181,38868,1269301,41227,1237805,14,75,45299,859721,0.102256,34599,835104,0.099328,47883,1694825,0.201584,8407551
2,2021-03-04,88164,2595345,43459,1312760,44675,1282480,30,105,50791,875787,0.104167,37133,872237,0.103744,53199,1748024,0.207911,8407551
2,2021-03-05,82069,2677414,38648,1351408,43115,1325595,306,411,50227,897078,0.106699,31622,903859,0.107506,52913,1800937,0.214205,8407551
2,2021-03-06,62840,2740254,30750,1382158,30392,1355987,1698,2109,38656,914812,0.108808,24054,927913,0.110367,41788,1842725,0.219175,8407551
2,2021-03-07,28690,2768944,16316,1398474,10832,1366819,1542,3651,18141,925125,0.110035,10478,938391,0.111613,20791,1863516,0.221648,8407551
2,2021-03-08,50788,2819732,23285,1421759,24921,1391740,2582,6233,31901,942471,0.112098,18774,957165,0.113846,36120,1899636,0.225944,8407551
2,2021-03-09,70551,2890283,32118,1453877,34564,1426304,3869,10102,39043,955358,0.113631,31370,988535,0.117577,44257,1943893,0.231208,8407551
2,2021-03-10,78327,2968610,37056,1490933,34719,1461023,6552,16654,41554,968231,0.115162,36559,1025094,0.121925,49432,1993325,0.237087,8407551
2,2021-03-11,93235,3061845,43008,1533941,41851,1502874,8376,25030,48637,982354,0.116842,44291,1069385,0.127193,58414,2051739,0.244035,8407551
2,2021-03-12,94008,3155853,38660,1572601,43363,1546237,11985,37015,46790,995585,0.118416,46970,1116355,0.13278,60201,2111940,0.251196,8407551
2,2021-03-13,69210,3225063,28954,1601555,32340,1578577,7916,44931,38104,1011927,0.120359,30974,1147329,0.136464,47316,2159256,0.256823,8407551
2,2021-03-14,37036,3262099,18305,1619860,14206,1592783,4525,49456,18573,1017421,0.121013,18358,1165687,0.138648,23852,2183108,0.25966,8407551
2,2021-03-15,67485,3329584,30447,1650307,31978,1624761,5060,54516,37180,1030672,0.122589,30084,1195771,0.142226,43335,2226443,0.264815,8407551
2,2021-03-16,86270,3415854,38163,1688470,44093,1668854,4014,58530,52212,1054159,0.125382,33870,1229641,0.146254,57357,2283800,0.271637,8407551
2,2021-03-17,92659,3508513,44352,1732822,44144,1712998,4163,62693,58781,1084340,0.128972,33607,1263248,0.150252,63788,2347588,0.279224,8407551
2,2021-03-18,98035,3606548,46771,1779593,46679,1759677,4585,67278,59704,1111183,0.132165,38014,1301262,0.154773,64857,2412445,0.286938,8407551
2,2021-03-19,97437,3703985,46104,1825697,45196,1804873,6137,73415,57814,1136341,0.135157,39322,1340584,0.15945,64480,2476925,0.294607,8407551
2,2021-03-20,69827,3773812,33777,1859474,32122,1836995,3928,77343,45741,1162538,0.138273,23843,1364427,0.162286,50040,2526965,0.300559,8407551
2,2021-03-21,33398,3807210,21559,1881033,9852,1846847,1987,79330,20102,1171902,0.139387,13157,1377584,0.163851,22521,2549486,0.303238,8407551
2,2021-03-22,62782,3869992,34538,1915571,25603,1872450,2641,81971,41703,1196290,0.142288,20852,1398436,0.166331,45240,2594726,0.308619,8407551
2,2021-03-23,83687,3953679,44524,1960095,36253,1908703,2910,84881,52353,1221334,0.145266,31057,1429493,0.170025,56101,2650827,0.315291,8407551
2,2021-03-24,91535,4045214,49198,2009293,39175,1947878,3162,88043,53708,1241522,0.147667,37498,1466991,0.174485,57686,2708513,0.322152,8407551
2,2021-03-25,101091,4146305,50990,2060283,46211,1994089,3890,91933,57220,1259873,0.14985,43519,1510510,0.179661,61870,2770383,0.329511,8407551
2,2021-03-26,103294,4249599,51222,2111505,48578,2042667,3494,95427,56520,1274545,0.151595,46389,1556899,0.185179,61061,2831444,0.336774,8407551
2,2021-03-27,75498,4325097,37628,2149133,34561,2077228,3309,98736,37883,1279227,0.152152,37372,1594271,0.189624,42054,2873498,0.341776,8407551
2,2021-03-28,37656,4362753,23248,2172381,13599,2090827,809,99545,20191,1283737,0.152689,17341,1611612,0.191686,21851,2895349,0.344375,8407551
2,2021-03-29,71279,4434032,36223,2208604,32790,2123617,2266,101811,40672,1297171,0.154286,30405,1642017,0.195303,43839,2939188,0.349589,8407551
2,2021-03-30,91878,4525910,44988,2253592,42529,2166146,4361,106172,51703,1313867,0.156272,39970,1681987,0.200057,56666,2995854,0.356329,8407551
2,2021-03-31,101172,4627082,52084,2305676,43964,2210110,5124,111296,57477,1333431,0.158599,43383,1725370,0.205217,62947,3058801,0.363816,8407551
2,2021-04-01,117456,4744538,56689,2362365,51545,2261655,9222,120518,63998,1354009,0.161047,53071,1778441,0.211529,73649,3132450,0.372576,8407551
2,2021-04-02,111603,4856141,51390,2413755,50036,2311691,10177,130695,59948,1373335,0.163345,51276,1829717,0.217628,70602,3203052,0.380973,8407551
2,2021-04-03,76772,4932913,37688,2451443,29262,2340953,9822,140517,38044,1383069,0.164503,38521,1868238,0.22221,48255,3251307,0.386713,8407551
2,2021-04-04,28987,4961900,14894,2466337,10241,2351194,3852,144369,13005,1384078,0.164623,15880,1884118,0.224098,16889,3268196,0.388722,8407551
2,2021-04-05,79146,5041046,38768,2505105,31534,2382728,8844,153213,38213,1391133,0.165462,40753,1924871,0.228946,47808,3316004,0.394408,8407551
2,2021-04-06,103940,5144986,50591,2555696,38649,2421377,14700,167913,49275,1401127,0.166651,54384,1979255,0.235414,64378,3380382,0.402065,8407551
2,2021-04-07,110453,5255439,55086,2610782,39121,2460498,16246,184159,52053,1411592,0.167896,58113,2037368,0.242326,68578,3448960,0.410222,8407551
2,2021-04-08,119305,5374744,57401,2668183,43183,2503681,18721,202880,55353,1422663,0.169213,63588,2100956,0.249889,74659,3523619,0.419102,8407551
2,2021-04-09,118829,5493573,57117,2725300,43525,2547206,18187,221067,56175,1435590,0.17075,62277,2163233,0.257296,75204,3598823,0.428047,8407551
2,2021-04-10,87524,5581097,37763,2763063,31383,2578589,18378,239445,36122,1439637,0.171231,51139,2214372,0.263379,55186,3654009,0.43461,8407551
2,2021-04-11,44471,5625568,23050,2786113,12954,2591543,8467,247912,18209,1440913,0.171383,26125,2240497,0.266486,27401,3681410,0.437869,8407551
2,2021-04-12,79999,5705567,37244,2823357,33351,2624894,9404,257316,35679,1442945,0.171625,44046,2284543,0.271725,46078,3727488,0.44335,8407551
2,2021-04-13,101922,5807489,52865,2876222,48796,2673690,261,257577,55880,1454197,0.172963,45781,2330324,0.27717,57033,3784521,0.450134,8407551
2,2021-04-14,106744,5914233,55857,2932079,50835,2724525,52,257629,54666,1458574,0.173484,51773,2382097,0.283328,56150,3840671,0.456812,8407551
2,2021-04-15,113426,6027659,60258,2992337,53090,2777615,78,257707,59431,1465546,0.174313,53605,2435702,0.289704,60577,3901248,0.464017,8407551
2,2021-04-16,110662,6138321,57464,3049801,53147,2830762,51,257758,56302,1468752,0.174694,53996,2489698,0.296126,57202,3958450,0.470821,8407551
2,2021-04-17,83429,6221750,42455,3092256,40960,2871722,14,257772,46815,1480085,0.176042,36359,2526057,0.300451,47692,4006142,0.476493,8407551
2,2021-04-18,35581,6257331,21627,3113883,13948,2885670,6,257778,16949,1479528,0.175976,18493,2544550,0.302651,17936,4024078,0.478627,8407551
2,2021-04-19,74898,6332229,40315,3154198,34567,2920237,16,257794,34192,1473933,0.175311,40425,2584975,0.307459,34830,4058908,0.482769,8407551
2,2021-04-20,97600,6429829,49492,3203690,48082,2968319,26,257820,47447,1472333,0.17512,49814,2634789,0.313384,48214,4107122,0.488504,8407551
2,2021-04-21,103416,6533245,55968,3259658,47392,3015711,56,257876,48941,1468267,0.174637,54034,2688823,0.31981,49968,4157090,0.494447,8407551
2,2021-04-22,107426,6640671,55585,3315243,51818,3067529,23,257899,47097,1456347,0.173219,59931,2748754,0.326939,48011,4205101,0.500158,8407551
2,2021-04-23,106806,6747477,56784,3372027,50004,3117533,18,257917,49317,1449526,0.172408,57074,2805828,0.333727,50253,4255354,0.506135,8407551
2,2021-04-24,79769,6827246,47074,3419101,32655,3150188,40,257957,41629,1454306,0.172976,37816,2843644,0.338225,42596,4297950,0.511201,8407551
2,2021-04-25,36183,6863429,22254,3441355,13915,3164103,14,257971,19686,1458106,0.173428,16366,2860010,0.340172,20166,4318116,0.5136,8407551
2,2021-04-26,73641,6937070,40826,3482181,32511,3196614,304,258275,33931,1454339,0.17298,39448,2899458,0.344864,35681,4353797,0.517844,8407551
2,2021-04-27,87793,7024863,46272,3528453,40161,3236775,1360,259635,37743,1444996,0.171869,49685,2949143,0.350773,40342,4394139,0.522642,8407551
2,2021-04-28,87517,7112380,46802,3575255,38852,3275627,1863,261498,38660,1437900,0.171025,48529,2997672,0.356545,41433,4435572,0.52757,8407551
2,2021-04-29,90189,7202569,49104,3624359,39387,3315014,1698,263196,35085,1420551,0.168961,54732,3052404,0.363055,37383,4472955,0.532016,8407551
2,2021-04-30,93848,7296417,51889,3676248,39969,3354983,1990,265186,36524,1402839,0.166855,56880,3109284,0.36982,39168,4512123,0.536675,8407551
2,2021-05-01,61782,7358199,37732,3713980,22487,3377470,1563,266749,24040,1391854,0.165548,37438,3146722,0.374273,26453,4538576,0.539821,8407551
2,2021-05-02,29092,7387291,20183,3734163,7937,3385407,972,267721,11069,1386098,0.164863,17884,3164606,0.3764,12128,4550704,0.541264,8407551
2,2021-05-03,59933,7447224,35469,3769632,22411,3407818,2053,269774,20167,1369087,0.16284,39497,3204103,0.381098,22486,4573190,0.543938,8407551
2,2021-05-04,79396,7526620,47396,3817028,29629,3437447,2371,272145,25801,1344388,0.159902,53268,3257371,0.387434,28569,4601759,0.547336,8407551
2,2021-05-05,79826,7606446,47565,3864593,29917,3467364,2344,274489,25030,1317719,0.15673,54408,3311779,0.393905,27739,4629498,0.550636,8407551
2,2021-05-06,82102,7688548,49742,3914335,29460,3496824,2900,277389,25143,1289899,0.153421,56504,3368283,0.400626,28684,4658182,0.554047,8407551
2,2021-05-07,83167,7771715,48008,3962343,32737,3529561,2422,279811,25618,1261202,0.150008,57194,3425477,0.407429,28497,4686679,0.557437,8407551
2,2021-05-08,55139,7826854,33385,3995728,20042,3549603,1712,281523,17286,1243309,0.14788,37621,3463098,0.411903,19728,4706407,0.559783,8407551
2,2021-05-09,21701,7848555,15650,4011378,5303,3554906,748,282271,6332,1235332,0.146931,15289,3478387,0.413722,7312,4713719,0.560653,8407551
2,2021-05-10,49774,7898329,27100,4038478,20813,3575719,1861,284132,14046,1216351,0.144674,35500,3513887,0.417944,16519,4730238,0.562618,8407551
2,2021-05-11,65469,7963798,35320,4073798,28046,3603765,2103,286235,19810,1193590,0.141966,45366,3559253,0.42334,22605,4752843,0.565306,8407551
2,2021-05-12,64687,8028485,34481,4108279,28001,3631766,2205,288440,19068,1169938,0.139153,45316,3604569,0.42873,21664,4774507,0.567883,8407551
2,2021-05-13,70558,8099043,40983,4149262,27637,3659403,1938,290378,25860,1154042,0.137263,44423,3648992,0.434014,28527,4803034,0.571276,8407551
2,2021-05-14,79259,8178302,47516,4196778,29504,3688907,2239,292617,30502,1139027,0.135477,48402,3697394,0.439771,33387,4836421,0.575247,8407551
2,2021-05-15,65899,8244201,43298,4240076,20884,3709791,1717,294334,25567,1126604,0.133999,40098,3737492,0.44454,27675,4864096,0.578539,8407551
2,2021-05-16,31497,8275698,23534,4263610,7039,3716830,924,295258,12869,1122022,0.133454,18505,3755997,0.446741,13923,4878019,0.580195,8407551
2,2021-05-17,57698,8333396,36602,4300212,19157,3735987,1939,297197,22796,1112440,0.132314,34681,3790678,0.450866,25099,4903118,0.58318,8407551
2,2021-05-18,69860,8403256,40881,4341093,27016,3763003,1963,299160,27788,1100914,0.130943,41815,3832493,0.455839,30289,4933407,0.586783,8407551
2,2021-05-19,68576,8471832,40601,4381694,25988,3788991,1987,301147,27221,1089530,0.129589,41065,3873558,0.460724,29681,4963088,0.590313,8407551
2,2021-05-20,68815,8540647,39866,4421560,26772,3815763,2177,303324,26167,1076135,0.127996,42334,3915892,0.465759,28939,4992027,0.593755,8407551
2,2021-05-21,72341,8612988,42710,4464270,27496,3843259,2135,305459,27559,1061947,0.126309,44436,3960328,0.471044,30248,5022275,0.597353,8407551
2,2021-05-22,53308,8666296,33760,4498030,17783,3861042,1765,307224,22330,1055819,0.12558,30763,3991091,0.474703,24635,5046910,0.600283,8407551
2,2021-05-23,24178,8690474,16626,4514656,6830,3867872,722,307946,10267,1053163,0.125264,13784,4004875,0.476343,11128,5058038,0.601607,8407551
2,2021-05-24,44571,8735045,25350,4540006,17452,3885324,1769,309715,17196,1045304,0.124329,27164,4032039,0.479574,19305,5077343,0.603903,8407551
2,2021-05-25,50538,8785583,29620,4569626,19055,3904379,1863,311578,19263,1035980,0.12322,30989,4063028,0.483259,21665,5099008,0.60648,8407551
2,2021-05-26,48568,8834151,27235,4596861,19657,3924036,1676,313254,19020,1027794,0.122247,29225,4092253,0.486735,21039,5120047,0.608982,8407551
2,2021-05-27,46499,8880650,26336,4623197,18412,3942448,1751,315005,18613,1021010,0.12144,27650,4119903,0.490024,20866,5140913,0.611464,8407551
2,2021-05-28,49801,8930451,27530,4650727,20314,3962762,1957,316962,20952,1015748,0.120814,28596,4148499,0.493425,23334,5164247,0.614239,8407551
2,2021-05-29,28971,8959422,17357,4668084,10567,3973329,1047,318009,13292,1014726,0.120692,15530,4164029,0.495273,14508,5178755,0.615965,8407551
2,2021-05-30,12593,8972015,8116,4676200,3716,3977045,761,318770,5515,1014042,0.120611,7027,4171056,0.496108,6343,5185098,0.616719,8407551
2,2021-05-31,5870,8977885,3423,4679623,2145,3979190,302,319072,1825,1012222,0.120394,3996,4175052,0.496584,2176,5187274,0.616978,8407551
2,2021-06-01,44589,9022474,25629,4705252,17316,3996506,1644,320716,15577,1001098,0.119071,28724,4203776,0.5,17600,5204874,0.619071,8407551
2,2021-06-02,38083,9060557,22400,4727652,14290,4010796,1393,322109,14968,994889,0.118333,22865,4226641,0.50272,16656,5221530,0.621052,8407551
2,2021-06-03,41306,9101863,26613,4754265,13217,4024013,1476,323585,13948,983569,0.116986,27124,4253765,0.505946,15804,5237334,0.622932,8407551
2,2021-06-04,47889,9149752,31274,4785539,15075,4039088,1540,325125,15500,969032,0.115257,32101,4285866,0.509764,17564,5254898,0.625021,8407551
2,2021-06-05,37722,9187474,26935,4812474,9338,4048426,1449,326574,11828,957053,0.113833,25671,4311537,0.512817,13692,5268590,0.62665,8407551
2,2021-06-06,14872,9202346,12188,4824662,2101,4050527,583,327157,4704,952420,0.113282,10108,4321645,0.514019,5475,5274065,0.627301,8407551
2,2021-06-07,33173,9235519,23207,4847869,8696,4059223,1270,328427,10764,942433,0.112094,22266,4343911,0.516668,12279,5286344,0.628761,8407551
2,2021-06-08,40462,9275981,28641,4876510,10457,4069680,1364,329791,12433,928808,0.110473,27791,4371702,0.519973,14166,5300510,0.630446,8407551
2,2021-06-09,38012,9313993,26572,4903082,9946,4079626,1494,331285,11518,915839,0.108931,26303,4398005,0.523102,13334,5313844,0.632032,8407551
2,2021-06-10,37641,9351634,26191,4929273,9932,4089558,1518,332803,11725,903821,0.107501,25721,4423726,0.526161,13703,5327547,0.633662,8407551
2,2021-06-11,41164,9392798,27324,4956597,12171,4101729,1669,334472,13255,891387,0.106022,27647,4451373,0.529449,15213,5342760,0.635472,8407551
2,2021-06-12,29309,9422107,21572,4978169,6823,4108552,914,335386,8680,880699,0.104751,20498,4471871,0.531887,9810,5352570,0.636638,8407551
2,2021-06-13,12185,9434292,8902,4987071,2671,4111223,612,335998,3094,875544,0.104138,9030,4480901,0.532962,3875,5356445,0.637099,8407551
2,2021-06-14,29780,9464072,21132,5008203,7456,4118679,1192,337190,10333,867989,0.103239,19289,4500190,0.535256,11734,5368179,0.638495,8407551
2,2021-06-15,35407,9499479,23577,5031780,9791,4128470,2039,339229,11973,859172,0.102191,23204,4523394,0.538016,14387,5382566,0.640206,8407551
2,2021-06-16,32787,9532266,22637,5054417,8365,4136835,1785,341014,11304,851247,0.101248,21319,4544713,0.540551,13394,5395960,0.641799,8407551
2,2021-06-17,30692,9562958,20509,5074926,8390,4145225,1793,342807,10898,844521,0.100448,19624,4564337,0.542885,12898,5408858,0.643333,8407551
2,2021-06-18,34413,9597371,22671,5097597,9874,4155099,1868,344675,12569,837582,0.099623,21634,4585971,0.545459,14695,5423553,0.645081,8407551
2,2021-06-19,20784,9618155,14480,5112077,5052,4160151,1252,345927,7886,834167,0.099216,12739,4598710,0.546974,9324,5432877,0.64619,8407551
2,2021-06-20,8224,9626379,5878,5117955,1882,4162033,464,346391,3056,832628,0.099033,5126,4603836,0.547583,3587,5436464,0.646617,8407551
2,2021-06-21,19193,9645572,11740,5129695,6145,4168178,1308,347699,9829,834697,0.099279,9248,4613084,0.548683,11317,5447781,0.647963,8407551
2,2021-06-22,26692,9672264,18296,5147991,7042,4175220,1354,349053,10497,830790,0.098815,16027,4629111,0.55059,12120,5459901,0.649404,8407551
2,2021-06-23,25751,9698015,17778,5165769,6362,4181582,1611,350664,10497,828075,0.098492,15115,4644226,0.552387,12400,5472301,0.650879,8407551
2,2021-06-24,25147,9723162,17138,5182907,6528,4188110,1481,352145,10419,825626,0.098201,14578,4658804,0.554121,12129,5484430,0.652322,8407551
2,2021-06-25,28459,9751621,19279,5202186,7709,4195819,1471,353616,11868,822758,0.097859,16432,4675236,0.556076,13564,5497994,0.653935,8407551
2,2021-06-26,18346,9769967,13514,5215700,3917,4199736,915,354531,7480,820605,0.097603,10783,4686019,0.557358,8630,5506624,0.654962,8407551
2,2021-06-27,8726,9778693,6660,5222360,1617,4201353,449,354980,3502,819495,0.097471,5180,4691199,0.557974,4070,5510694,0.655446,8407551
2,2021-06-28,19602,9798295,14905,5237265,3470,4204823,1227,356207,8667,818763,0.097384,10811,4702010,0.55926,10079,5520773,0.656645,8407551
2,2021-06-29,22402,9820697,15595,5252860,5751,4210574,1056,357263,9545,816862,0.097158,12731,4714741,0.560775,10830,5531603,0.657933,8407551
2,2021-06-30,21634,9842331,15372,5268232,5245,4215819,1017,358280,9610,815814,0.097033,11895,4726636,0.562189,10847,5542450,0.659223,8407551
2,2021-07-01,19513,9861844,13819,5282051,4837,4220656,857,359137,8681,814825,0.096916,10722,4737358,0.563465,9733,5552183,0.660381,8407551
2,2021-07-02,22471,9884315,15529,5297580,5940,4226596,1002,360139,9913,813527,0.096761,12407,4749765,0.56494,11109,5563292,0.661702,8407551
2,2021-07-03,12316,9896631,8912,5306492,2944,4229540,460,360599,5643,813152,0.096717,6590,4756355,0.565724,6215,5569507,0.662441,8407551
2,2021-07-04,980,9897611,577,5307069,338,4229878,65,360664,418,813106,0.096711,552,4756907,0.56579,506,5570013,0.662501,8407551
2,2021-07-05,10887,9908498,7972,5315041,2515,4232393,400,361064,5004,812800,0.096675,5831,4762738,0.566483,5525,5575538,0.663158,8407551
2,2021-07-06,23245,9931743,16922,5331963,5377,4237770,946,362010,9005,808915,0.096213,14105,4776843,0.568161,10220,5585758,0.664374,8407551
2,2021-07-07,20049,9951792,14313,5346276,4667,4242437,1069,363079,8569,807438,0.096037,11372,4788215,0.569514,9895,5595653,0.665551,8407551
2,2021-07-08,16905,9968697,12049,5358325,4030,4246467,826,363905,7289,806190,0.095889,9525,4797740,0.570647,8277,5603930,0.666535,8407551
2,2021-07-09,18481,9987178,13036,5371361,4535,4251002,910,364815,8015,804878,0.095733,10357,4808097,0.571878,9045,5612975,0.667611,8407551
2,2021-07-10,11088,9998266,8163,5379524,2430,4253432,495,365310,4902,804240,0.095657,6108,4814205,0.572605,5470,5618445,0.668262,8407551
2,2021-07-11,4048,10002314,2695,5382219,1094,4254526,259,365569,1848,804198,0.095652,2165,4816370,0.572862,2123,5620568,0.668514,8407551
3,2020-12-15,309,309,309,309,0,0,0,0,309,309,3.8e-05,0,0,0.0,309,309,3.8e-05,8129050
3,2020-12-16,2441,2750,2441,2750,0,0,0,0,2442,2751,0.000338,0,0,0.0,2442,2751,0.000338,8129050
3,2020-12-17,7810,10560,7810,10560,0,0,0,0,7810,10561,0.001299,0,0,0.0,7810,10561,0.001299,8129050
3,2020-12-18,13421,23981,13403,23963,18,18,0,0,13420,23981,0.00295,0,0,0.0,13420,23981,0.00295,8129050
3,2020-12-19,7250,31231,7237,31200,13,31,0,0,7314,31295,0.00385,0,0,0.0,7314,31295,0.00385,8129050
3,2020-12-20,5652,36883,5644,36844,8,39,0,0,5699,36993,0.004551,1,1,0.0,5699,36994,0.004551,8129050
3,2020-12-21,14373,51256,14348,51192,25,64,0,0,14437,51429,0.006327,1,2,0.0,14437,51431,0.006327,8129050
3,2020-12-22,14798,66054,14226,65418,572,636,0,0,14836,66264,0.008152,1,3,0.0,14836,66267,0.008152,8129050
3,2020-12-23,14812,80866,12213,77631,2599,3235,0,0,14838,81101,0.009977,2,5,1e-06,14839,81106,0.009977,8129050
3,2020-12-24,6786,87652,4872,82503,1914,5149,0,0,6783,87882,0.010811,2,7,1e-06,6783,87889,0.010812,8129050
3,2020-12-25,721,88373,664,83167,57,5206,0,0,719,88601,0.010899,0,7,1e-06,719,88608,0.0109,8129050
3,2020-12-26,4621,92994,2996,86163,1625,6831,0,0,4619,93220,0.011468,0,7,1e-06,4619,93227,0.011468,8129050
3,2020-12-27,2979,95973,1850,88013,1129,7960,0,0,2979,96199,0.011834,0,7,1e-06,2979,96206,0.011835,8129050
3,2020-12-28,13622,109595,8720,96733,4902,12862,0,0,13647,109845,0.013513,1,8,1e-06,13647,109853,0.013514,8129050
3,2020-12-29,15016,124611,8467,105200,6549,19411,0,0,15044,124887,0.015363,2,10,1e-06,15044,124897,0.015364,8129050
3,2020-12-30,18013,142624,10039,115239,7974,27385,0,0,18017,142903,0.017579,2,12,1e-06,18018,142915,0.017581,8129050
3,2020-12-31,8457,151081,3236,118475,5221,32606,0,0,8456,151357,0.018619,2,14,2e-06,8456,151371,0.018621,8129050
3,2021-01-01,1441,152522,669,119144,772,33378,0,0,1438,152794,0.018796,1,15,2e-06,1438,152809,0.018798,8129050
3,2021-01-02,4944,157466,2424,121568,2520,35898,0,0,4944,157738,0.019404,0,15,2e-06,4944,157753,0.019406,8129050
3,2021-01-03,1613,159079,847,122415,766,36664,0,0,1602,159336,0.019601,4,19,2e-06,1602,159355,0.019603,8129050
3,2021-01-04,12008,171087,5960,128375,6048,42712,0,0,11981,171310,0.021074,7,26,3e-06,11981,171336,0.021077,8129050
3,2021-01-05,15716,186803,8140,136515,7576,50288,0,0,14045,183727,0.022601,1656,1682,0.000207,14073,185409,0.022808,8129050
3,2021-01-06,20586,207389,10878,147393,9708,59996,0,0,16064,195324,0.024028,4476,6158,0.000758,16073,201482,0.024785,8129050
3,2021-01-07,26593,233982,15220,162613,11373,71369,0,0,17141,203065,0.02498,9416,15574,0.001916,17157,218639,0.026896,8129050
3,2021-01-08,30588,264570,18716,181329,11872,83241,0,0,18108,208739,0.025678,12456,28030,0.003448,18130,236769,0.029126,8129050
3,2021-01-09,12442,277012,7037,188366,5405,88646,0,0,7902,212119,0.026094,4532,32562,0.004006,7912,244681,0.0301,8129050
3,2021-01-10,7195,284207,4474,192840,2721,91367,0,0,4047,213025,0.026205,3146,35708,0.004393,4052,248733,0.030598,8129050
3,2021-01-11,29016,313223,18993,211833,10023,101390,0,0,16414,216888,0.026681,12594,48302,0.005942,16457,265190,0.032623,8129050
3,2021-01-12,32538,345761,19460,231293,13078,114468,0,0,19902,224325,0.027595,12614,60916,0.007494,20051,285241,0.035089,8129050
3,2021-01-13,34514,380275,18030,249323,16484,130952,0,0,24312,238456,0.029334,10201,71117,0.008749,24332,309573,0.038082,8129050
3,2021-01-14,34766,415041,14240,263563,20526,151478,0,0,28862,261480,0.032166,5876,76993,0.009471,28900,338473,0.041637,8129050
3,2021-01-15,38926,453967,14460,278023,24466,175944,0,0,34248,291131,0.035814,4667,81660,0.010045,34318,372791,0.045859,8129050
3,2021-01-16,21926,475893,7593,285616,14333,190277,0,0,19599,308437,0.037943,2315,83975,0.01033,19621,392412,0.048273,8129050
3,2021-01-17,13142,489035,4443,290059,8699,198976,0,0,12104,319523,0.039306,1037,85012,0.010458,12123,404535,0.049764,8129050
3,2021-01-18,24693,513728,12886,302945,11807,210783,0,0,19113,333084,0.040975,5594,90606,0.011146,19155,423690,0.05212,8129050
3,2021-01-19,41042,554770,20861,323806,20181,230964,0,0,31924,356005,0.043794,9090,99696,0.012264,32011,455701,0.056058,8129050
3,2021-01-20,45967,600737,22834,346640,23133,254097,0,0,36428,383020,0.047117,9496,109192,0.013432,36511,492212,0.06055,8129050
3,2021-01-21,48083,648820,20884,367524,27199,281296,0,0,42572,420232,0.051695,5435,114627,0.014101,42647,534859,0.065796,8129050
3,2021-01-22,49723,698543,19796,387320,29927,311223,0,0,45528,461637,0.056789,4197,118824,0.014617,45602,580461,0.071406,8129050
3,2021-01-23,30344,728887,12793,400113,17551,328774,0,0,27041,485437,0.059716,3295,122119,0.015023,27095,607556,0.074739,8129050
3,2021-01-24,17812,746699,8470,408583,9342,338116,0,0,16637,500933,0.061623,1172,123291,0.015167,16668,624224,0.076789,8129050
3,2021-01-25,40776,787475,18175,426758,22601,360717,0,0,30805,521878,0.064199,9947,133238,0.01639,30892,655116,0.080589,8129050
3,2021-01-26,47139,834614,22501,449259,24638,385355,0,0,36998,548856,0.067518,10126,143364,0.017636,37104,692220,0.085154,8129050
3,2021-01-27,51308,885922,24379,473638,26929,412284,0,0,40648,578997,0.071226,10586,153950,0.018938,40727,732947,0.090164,8129050
3,2021-01-28,51721,937643,23942,497580,27779,440063,0,0,42761,612949,0.075402,8867,162817,0.020029,42819,775766,0.095431,8129050
3,2021-01-29,50854,988497,24355,521935,26499,466562,0,0,41115,644572,0.079292,9539,172356,0.021202,41162,816928,0.100495,8129050
3,2021-01-30,37230,1025727,17558,539493,19672,486234,0,0,32502,672485,0.082726,4673,177029,0.021777,32586,849514,0.104503,8129050
3,2021-01-31,22210,1047937,12564,552057,9646,495880,0,0,20801,691908,0.085115,1398,178427,0.021949,20821,870335,0.107065,8129050
3,2021-02-01,45712,1093649,20836,572893,24876,520756,0,0,34851,715983,0.088077,10810,189237,0.023279,34885,905220,0.111356,8129050
3,2021-02-02,54349,1147998,22582,595475,31767,552523,0,0,41893,745564,0.091716,12363,201600,0.0248,41944,947164,0.116516,8129050
3,2021-02-03,60058,1208056,26669,622144,33389,585912,0,0,44574,774889,0.095323,15321,216921,0.026685,44646,991810,0.122008,8129050
3,2021-02-04,64338,1272394,27872,650016,36466,622378,0,0,47101,805074,0.099037,17027,233948,0.028779,47212,1039022,0.127816,8129050
3,2021-02-05,70369,1342763,29829,679845,40540,662918,0,0,48541,832224,0.102377,21564,255512,0.031432,48714,1087736,0.133809,8129050
3,2021-02-06,43920,1386683,21190,701035,22730,685648,0,0,34131,856796,0.105399,9742,265254,0.03263,34314,1122050,0.13803,8129050
3,2021-02-07,19562,1406245,12398,713433,7164,692812,0,0,15044,867466,0.106712,4500,269754,0.033184,15170,1137220,0.139896,8129050
3,2021-02-08,51197,1457442,24662,738095,26535,719347,0,0,33535,883664,0.108704,17523,287277,0.03534,33721,1170941,0.144044,8129050
3,2021-02-09,58549,1515991,28352,766447,30197,749544,0,0,34295,894309,0.110014,23980,311257,0.038289,34625,1205566,0.148303,8129050
3,2021-02-10,68042,1584033,31546,797993,36496,786040,0,0,36504,900080,0.110724,31232,342489,0.042131,37003,1242569,0.152855,8129050
3,2021-02-11,70675,1654708,34788,832781,35887,821927,0,0,37461,905258,0.111361,32821,375310,0.046169,37999,1280568,0.15753,8129050
3,2021-02-12,75603,1730311,32661,865442,42942,864869,0,0,41665,914103,0.112449,33601,408911,0.050302,42446,1323014,0.162751,8129050
3,2021-02-13,45228,1775539,20499,885941,24729,889598,0,0,26022,921614,0.113373,19095,428006,0.052651,26606,1349620,0.166024,8129050
3,2021-02-14,27392,1802931,13677,899618,13715,903313,0,0,15193,925112,0.113803,12144,440150,0.054145,15642,1365262,0.167949,8129050
3,2021-02-15,40098,1843029,17233,916851,22865,926178,0,0,22173,930403,0.114454,17820,457970,0.056337,23111,1388373,0.170792,8129050
3,2021-02-16,70178,1913207,33186,950037,36992,963170,0,0,36455,934316,0.114935,33570,491540,0.060467,37483,1425856,0.175403,8129050
3,2021-02-17,71978,1985185,36373,986410,35605,998775,0,0,34185,932032,0.114654,37545,529085,0.065086,35261,1461117,0.17974,8129050
3,2021-02-18,77148,2062333,40285,1026695,36863,1035638,0,0,35699,927819,0.114136,41257,570342,0.070161,37044,1498161,0.184297,8129050
3,2021-02-19,69255,2131588,39857,1066552,29398,1065036,0,0,34968,929351,0.114325,34134,604476,0.07436,35666,1533827,0.188685,8129050
3,2021-02-20,42869,2174457,27011,1093563,15858,1080894,0,0,22473,932047,0.114656,20278,624754,0.076854,22974,1556801,0.191511,8129050
3,2021-02-21,23990,2198447,19290,1112853,4700,1085594,0,0,11794,932121,0.114665,12103,636857,0.078343,12177,1568978,0.193009,8129050
3,2021-02-22,47086,2245533,30684,1143537,16402,1101996,0,0,22072,929802,0.11438,24878,661735,0.081404,22559,1591537,0.195784,8129050
3,2021-02-23,62901,2308434,34214,1177751,28687,1130683,0,0,27509,924124,0.113682,35174,696909,0.085731,29496,1621033,0.199412,8129050
3,2021-02-24,78979,2387413,38780,1216531,40199,1170882,0,0,34951,917802,0.112904,43786,740695,0.091117,37464,1658497,0.204021,8129050
3,2021-02-25,88194,2475607,43006,1259537,45188,1216070,0,0,43984,920470,0.113232,43908,784603,0.096518,46576,1705073,0.209751,8129050
3,2021-02-26,98508,2574115,45023,1304560,53485,1269555,0,0,52118,928804,0.114257,45987,830590,0.102176,54321,1759394,0.216433,8129050
3,2021-02-27,69551,2643666,31875,1336435,37672,1307227,4,4,36772,934330,0.114937,32557,863147,0.106181,38083,1797477,0.221118,8129050
3,2021-02-28,40087,2683753,23017,1359452,17067,1324294,3,7,20759,936887,0.115252,19155,882302,0.108537,21712,1819189,0.223789,8129050
3,2021-03-01,67861,2751614,35941,1395393,31889,1356183,31,38,37907,946426,0.116425,29738,912040,0.112195,39277,1858466,0.22862,8129050
3,2021-03-02,79042,2830656,39009,1434402,40025,1396208,8,46,45847,961311,0.118256,33044,945084,0.11626,47929,1906395,0.234516,8129050
3,2021-03-03,89286,2919942,42785,1477187,46482,1442690,19,65,50121,974781,0.119913,38939,984023,0.12105,52409,1958804,0.240963,8129050
3,2021-03-04,93702,3013644,45842,1523029,47840,1490530,20,85,53229,990071,0.121794,40236,1024259,0.126,55526,2014330,0.247794,8129050
3,2021-03-05,90610,3104254,44338,1567367,45981,1536511,291,376,55372,1012985,0.124613,34976,1059235,0.130302,57890,2072220,0.254915,8129050
3,2021-03-06,65288,3169542,33081,1600448,30051,1566562,2156,2532,37513,1026493,0.126275,27624,1086859,0.133701,41132,2113352,0.259975,8129050
3,2021-03-07,39061,3208603,22544,1622992,14619,1581181,1898,4430,21969,1034513,0.127261,17022,1103881,0.135795,25042,2138394,0.263056,8129050
3,2021-03-08,59812,3268415,28507,1651499,28306,1609487,2999,7429,37848,1055101,0.129794,21798,1125679,0.138476,42386,2180780,0.26827,8129050
3,2021-03-09,77036,3345451,35569,1687068,37034,1646521,4433,11862,41431,1066669,0.131217,35457,1161136,0.142838,47025,2227805,0.274055,8129050
3,2021-03-10,83046,3428497,41400,1728468,35549,1682070,6097,17959,43401,1078130,0.132627,39424,1200560,0.147688,50885,2278690,0.280314,8129050
3,2021-03-11,97295,3525792,47584,1776052,41106,1723176,8605,26564,47665,1086117,0.133609,49357,1249917,0.153759,57344,2336034,0.287369,8129050
3,2021-03-12,102085,3627877,45468,1821520,44734,1767910,11883,38447,46788,1090868,0.134194,55058,1304975,0.160532,59809,2395843,0.294726,8129050
3,2021-03-13,70603,3698480,29699,1851219,33657,1801567,7247,45694,37363,1103712,0.135774,33112,1338087,0.164606,45956,2441799,0.300379,8129050
3,2021-03-14,41368,3739848,21601,1872820,16198,1817765,3569,49263,20832,1108290,0.136337,20450,1358537,0.167121,25028,2466827,0.303458,8129050
3,2021-03-15,75692,3815540,35890,1908710,35260,1853025,4542,53805,39857,1118075,0.137541,35611,1394148,0.171502,45396,2512223,0.309043,8129050
3,2021-03-16,95070,3910610,43813,1952523,46932,1899957,4325,58130,53466,1135426,0.139675,41358,1435506,0.17659,58709,2570932,0.316265,8129050
3,2021-03-17,98300,4008910,47743,2000266,46041,1945998,4516,62646,59719,1161996,0.142944,38329,1473835,0.181305,64899,2635831,0.324248,8129050
3,2021-03-18,103642,4112552,52713,2052979,46405,1992403,4524,67170,59577,1182874,0.145512,43771,1517606,0.186689,64649,2700480,0.332201,8129050
3,2021-03-19,103331,4215883,55423,2108402,43452,2035855,4456,71626,57666,1200179,0.147641,45378,1562984,0.192271,62683,2763163,0.339912,8129050
3,2021-03-20,71926,4287809,37057,2145459,31228,2067083,3641,75267,44579,1221750,0.150294,27157,1590141,0.195612,48728,2811891,0.345906,8129050
3,2021-03-21,36361,4324170,24727,2170186,10135,2077218,1499,76766,22015,1231497,0.151493,14243,1604384,0.197364,23990,2835881,0.348858,8129050
3,2021-03-22,70526,4394696,41446,2211632,26559,2103777,2521,79287,45130,1254999,0.154384,25165,1629549,0.20046,48667,2884548,0.354844,8129050
3,2021-03-23,89745,4484441,49663,2261295,37560,2141337,2522,81809,55218,1279185,0.15736,34258,1663807,0.204674,58444,2942992,0.362034,8129050
3,2021-03-24,98666,4583107,56797,2318092,38973,2180310,2896,84705,56296,1296970,0.159548,42012,1705819,0.209842,59797,3002789,0.36939,8129050
3,2021-03-25,107235,4690342,59585,2377677,44699,2225009,2951,87656,60546,1314771,0.161737,46343,1752162,0.215543,64144,3066933,0.377281,8129050
3,2021-03-26,110558,4800900,59306,2436983,47946,2272955,3306,90962,57228,1323156,0.162769,52992,1805154,0.222062,61377,3128310,0.384831,8129050
3,2021-03-27,74515,4875415,37920,2474903,34049,2307004,2546,93508,36257,1324600,0.162946,38034,1843188,0.226741,39478,3167788,0.389687,8129050
3,2021-03-28,44368,4919783,27941,2502844,15612,2322616,815,94323,22476,1326752,0.163211,21780,1864968,0.22942,23932,3191720,0.392631,8129050
3,2021-03-29,80678,5000461,42085,2544929,36732,2359348,1861,96184,44326,1337661,0.164553,36089,1901057,0.23386,46998,3238718,0.398413,8129050
3,2021-03-30,100192,5100653,49228,2594157,47338,2406686,3626,99810,56282,1354520,0.166627,43652,1944709,0.23923,60511,3299229,0.405857,8129050
3,2021-03-31,105116,5205769,56676,2650833,43594,2450280,4846,104656,56199,1367210,0.168188,48684,1993393,0.245218,61374,3360603,0.413407,8129050
3,2021-04-01,123603,5329372,62484,2713317,51369,2501649,9750,114406,66698,1387459,0.170679,56506,2049899,0.25217,76755,3437358,0.422849,8129050
3,2021-04-02,117968,5447340,57573,2770890,50060,2551709,10335,124741,62250,1405106,0.17285,55419,2105318,0.258987,73066,3510424,0.431837,8129050
3,2021-04-03,76126,5523466,38922,2809812,27971,2579680,9233,133974,37923,1414516,0.174008,38052,2143370,0.263668,47462,3557886,0.437675,8129050
3,2021-04-04,32429,5555895,17355,2827167,10862,2590542,4212,138186,14149,1414704,0.174031,18202,2161572,0.265907,18390,3576276,0.439938,8129050
3,2021-04-05,89276,5645171,45245,2872412,34830,2625372,9201,147387,43351,1422386,0.174976,45689,2207261,0.271528,53371,3629647,0.446503,8129050
3,2021-04-06,113470,5758641,55194,2927606,43094,2668466,15182,162569,53339,1431753,0.176128,59851,2267112,0.27889,69218,3698865,0.455018,8129050
3,2021-04-07,116361,5875002,60174,2987780,39869,2708335,16318,178887,56253,1444747,0.177726,59844,2326956,0.286252,72838,3771703,0.463978,8129050
3,2021-04-08,121445,5996447,60431,3048211,40850,2749185,20164,199051,56228,1456994,0.179233,64907,2391863,0.294236,77154,3848857,0.473469,8129050
3,2021-04-09,118453,6114900,59039,3107250,40260,2789445,19154,218205,51981,1462807,0.179948,66215,2458078,0.302382,72028,3920885,0.48233,8129050
3,2021-04-10,84436,6199336,37876,3145126,31286,2820731,15274,233479,34302,1463246,0.180002,49951,2508029,0.308527,50390,3971275,0.488529,8129050
3,2021-04-11,45262,6244598,24280,3169406,13003,2833734,7979,241458,17147,1461179,0.179748,28025,2536054,0.311974,25958,3997233,0.491722,8129050
3,2021-04-12,84016,6328614,42447,3211853,32764,2866498,8805,250263,38017,1463321,0.180011,45761,2581815,0.317604,47903,4045136,0.497615,8129050
3,2021-04-13,105573,6434187,57187,3269040,48172,2914670,214,250477,55695,1470475,0.180891,49638,2631453,0.32371,56792,4101928,0.504601,8129050
3,2021-04-14,107688,6541875,58865,3327905,48725,2963395,98,250575,53590,1471793,0.181054,53805,2685258,0.330329,55123,4157051,0.511382,8129050
3,2021-04-15,119528,6661403,67279,3395184,52174,3015569,75,250650,63976,1481414,0.182237,55236,2740494,0.337124,64857,4221908,0.519361,8129050
3,2021-04-16,115626,6777029,64843,3460027,50689,3066258,94,250744,60364,1487584,0.182996,54954,2795448,0.343884,61124,4283032,0.52688,8129050
3,2021-04-17,79511,6856540,43367,3503394,36131,3102389,13,250757,44327,1497929,0.184269,34963,2830411,0.348185,45308,4328340,0.532453,8129050
3,2021-04-18,38755,6895295,23370,3526764,15381,3117770,4,250761,18205,1496572,0.184102,20439,2850850,0.350699,19082,4347422,0.534801,8129050
3,2021-04-19,79370,6974665,44231,3570995,35085,3152855,54,250815,35913,1489765,0.183264,43282,2894132,0.356023,36475,4383897,0.539288,8129050
3,2021-04-20,100952,7075617,53138,3624133,47796,3200651,18,250833,49011,1488126,0.183063,51693,2945825,0.362382,50054,4433951,0.545445,8129050
3,2021-04-21,105677,7181294,59311,3683444,46298,3246949,68,250901,49949,1483856,0.182537,55369,3001194,0.369194,51099,4485050,0.551731,8129050
3,2021-04-22,111383,7292677,62568,3746012,48792,3295741,23,250924,47890,1469568,0.18078,63158,3064352,0.376963,48870,4533920,0.557743,8129050
3,2021-04-23,105730,7398407,60477,3806489,45226,3340967,27,250951,46345,1457895,0.179344,59056,3123408,0.384228,47383,4581303,0.563572,8129050
3,2021-04-24,73280,7471687,45316,3851805,27901,3368868,63,251014,35741,1457418,0.179285,37274,3160682,0.388813,36797,4618100,0.568098,8129050
3,2021-04-25,36695,7508382,23432,3875237,13246,3382114,17,251031,18743,1458769,0.179451,17815,3178497,0.391005,19166,4637266,0.570456,8129050
3,2021-04-26,73571,7581953,41521,3916758,31643,3413757,407,251438,31482,1450166,0.178393,41833,3220330,0.396151,33230,4670496,0.574544,8129050
3,2021-04-27,90802,7672755,47654,3964412,41410,3455167,1738,253176,36082,1434330,0.176445,54426,3274756,0.402846,38590,4709086,0.579291,8129050
3,2021-04-28,86459,7759214,49101,4013513,35230,3490397,2128,255304,35374,1421556,0.174874,50805,3325561,0.409096,38031,4747117,0.583969,8129050
3,2021-04-29,88522,7847736,50581,4064094,35737,3526134,2204,257508,31629,1399303,0.172136,56572,3382133,0.416055,34319,4781436,0.588191,8129050
3,2021-04-30,90164,7937900,50880,4114974,36804,3562938,2480,259988,33605,1379616,0.169714,56239,3438372,0.422973,36552,4817988,0.592688,8129050
3,2021-05-01,54913,7992813,34528,4149502,18928,3581866,1457,261445,19739,1366357,0.168083,34941,3473313,0.427272,21682,4839670,0.595355,8129050
3,2021-05-02,26846,8019659,18316,4167818,7517,3589383,1013,262458,9843,1360395,0.16735,16914,3490227,0.429352,10952,4850622,0.596702,8129050
3,2021-05-03,59246,8078905,34610,4202428,22274,3611657,2362,264820,17387,1338666,0.164677,41656,3531883,0.434477,19927,4870549,0.599154,8129050
3,2021-05-04,77300,8156205,44690,4247118,29948,3641605,2662,267482,22509,1309605,0.161102,54514,3586397,0.441183,25453,4896002,0.602285,8129050
3,2021-05-05,78734,8234939,47306,4294424,28731,3670336,2697,270179,21871,1277906,0.157202,56551,3642948,0.448139,24852,4920854,0.605342,8129050
3,2021-05-06,82735,8317674,52235,4346659,27975,3698311,2525,272704,20608,1239921,0.15253,61665,3704613,0.455725,23680,4944534,0.608255,8129050
3,2021-05-07,82061,8399735,51126,4397785,28318,3726629,2617,275321,21831,1204767,0.148205,59895,3764508,0.463093,24741,4969275,0.611298,8129050
3,2021-05-08,52211,8451946,32341,4430126,18166,3744795,1704,277025,13861,1182500,0.145466,38096,3802604,0.46778,15829,4985104,0.613246,8129050
3,2021-05-09,20888,8472834,15293,4445419,4806,3749601,789,277814,5524,1173604,0.144372,15275,3817879,0.469659,6379,4991483,0.61403,8129050
3,2021-05-10,47838,8520672,25630,4471049,20304,3769905,1904,279718,11118,1150363,0.141513,36526,3854405,0.474152,13285,5004768,0.615665,8129050
3,2021-05-11,63601,8584273,35545,4506594,25847,3795752,2209,281927,16112,1121887,0.13801,47266,3901671,0.479966,18790,5023558,0.617976,8129050
3,2021-05-12,64498,8648771,37054,4543648,25055,3820807,2389,284316,16521,1093361,0.1345,47734,3949405,0.485838,19208,5042766,0.620339,8129050
3,2021-05-13,74931,8723702,47220,4590868,25814,3846621,1897,286213,27473,1076117,0.132379,47223,3996628,0.491648,29979,5072745,0.624027,8129050
3,2021-05-14,79951,8803653,50517,4641385,27305,3873926,2129,288342,31004,1061182,0.130542,48665,4045293,0.497634,33730,5106475,0.628176,8129050
3,2021-05-15,61737,8865390,42624,4684009,17908,3891834,1205,289547,25580,1052215,0.129439,35967,4081260,0.502059,27000,5133475,0.631498,8129050
3,2021-05-16,33044,8898434,24704,4708713,7653,3899487,687,290234,13365,1046795,0.128772,19561,4100821,0.504465,14141,5147616,0.633237,8129050
3,2021-05-17,56740,8955174,36137,4744850,18775,3918262,1828,292062,20955,1034264,0.127231,35518,4136339,0.508834,22987,5170603,0.636065,8129050
3,2021-05-18,64284,9019458,37996,4782846,24449,3942711,1839,293901,24235,1020949,0.125593,39782,4176121,0.513728,26467,5197070,0.639321,8129050
3,2021-05-19,63673,9083131,38738,4821584,23204,3965915,1731,295632,24719,1008962,0.124118,38711,4214832,0.51849,26724,5223794,0.642608,8129050
3,2021-05-20,61133,9144264,35801,4857385,23511,3989426,1821,297453,21999,994266,0.12231,38862,4253694,0.523271,24166,5247960,0.645581,8129050
3,2021-05-21,65393,9209657,39813,4897198,23500,4012926,2080,299533,23457,978467,0.120367,41638,4295332,0.528393,25839,5273799,0.64876,8129050
3,2021-05-22,45561,9255218,30216,4927414,13881,4026807,1464,300997,19098,973026,0.119697,26263,4321595,0.531624,20822,5294621,0.651321,8129050
3,2021-05-23,21422,9276640,15002,4942416,5773,4032580,647,301644,9196,970840,0.119428,12143,4333738,0.533117,9957,5304578,0.652546,8129050
3,2021-05-24,39369,9316009,23054,4965470,14568,4047148,1747,303391,14663,962933,0.118456,24521,4358259,0.536134,16614,5321192,0.65459,8129050
3,2021-05-25,42543,9358552,23956,4989426,16921,4064069,1666,305057,15144,952823,0.117212,27146,4385405,0.539473,17036,5338228,0.656685,8129050
3,2021-05-26,42188,9400740,24184,5013610,16296,4080365,1708,306765,15854,944473,0.116185,26045,4411450,0.542677,17695,5355923,0.658862,8129050
3,2021-05-27,39259,9439999,22019,5035629,15496,4095861,1744,308509,15447,938249,0.115419,23653,4435103,0.545587,17429,5373352,0.661006,8129050
3,2021-05-28,42595,9482594,24071,5059700,16732,4112593,1792,310301,17725,933413,0.114824,24671,4459774,0.548622,19835,5393187,0.663446,8129050
3,2021-05-29,23425,9506019,14303,5074003,8286,4120879,836,311137,10991,933059,0.114781,12307,4472081,0.550136,11953,5405140,0.664917,8129050
3,2021-05-30,10568,9516587,6852,5080855,3081,4123960,635,311772,4454,932147,0.114669,6042,4478123,0.550879,5130,5410270,0.665548,8129050
3,2021-05-31,4616,9521203,2662,5083517,1687,4125647,267,312039,1452,930761,0.114498,3133,4481256,0.551264,1747,5412017,0.665763,8129050
3,2021-06-01,37584,9558787,21663,5105180,14487,4140134,1434,313473,13173,921373,0.113343,24190,4505446,0.55424,14802,5426819,0.667583,8129050
3,2021-06-02,31429,9590216,18064,5123244,11954,4152088,1411,314884,11656,914997,0.112559,19569,4525015,0.556647,13193,5440012,0.669206,8129050
3,2021-06-03,39483,9629699,27020,5150264,11038,4163126,1425,316309,11463,900270,0.110747,27838,4552853,0.560072,13111,5453123,0.670819,8129050
3,2021-06-04,46033,9675732,32549,5182813,11945,4175071,1539,317848,13122,882651,0.10858,32681,4585534,0.564092,15062,5468185,0.672672,8129050
3,2021-06-05,34225,9709957,25814,5208627,7225,4182296,1186,319034,8736,867470,0.106712,25287,4610821,0.567203,10106,5478291,0.673915,8129050
3,2021-06-06,14603,9724560,12184,5220811,1838,4184134,581,319615,3756,861177,0.105938,10791,4621612,0.56853,4498,5482789,0.674469,8129050
3,2021-06-07,30307,9754867,22040,5242851,6992,4191126,1275,320890,8696,849796,0.104538,21469,4643081,0.571171,10088,5492877,0.67571,8129050
3,2021-06-08,34233,9789100,24596,5267447,8351,4199477,1286,322176,9969,837209,0.10299,24053,4667134,0.57413,11466,5504343,0.67712,8129050
3,2021-06-09,32880,9821980,23861,5291308,7729,4207206,1290,323466,8879,823703,0.101328,23829,4690963,0.577062,10323,5514666,0.67839,8129050
3,2021-06-10,32378,9854358,23359,5314667,7491,4214697,1528,324994,9030,811253,0.099797,23204,4714167,0.579916,10754,5525420,0.679713,8129050
3,2021-06-11,35382,9889740,25021,5339688,8997,4223694,1364,326358,10547,798693,0.098252,24646,4738813,0.582948,12086,5537506,0.6812,8129050
3,2021-06-12,25072,9914812,18913,5358601,5269,4228963,890,327248,6680,788134,0.096953,18278,4757091,0.585196,7719,5545225,0.682149,8129050
3,2021-06-13,10104,9924916,7561,5366162,2051,4231014,492,327740,2351,783345,0.096364,7701,4764792,0.586144,2912,5548137,0.682507,8129050
3,2021-06-14,25709,9950625,18418,5384580,5887,4236901,1404,329144,8079,775468,0.095395,17499,4782291,0.588296,9622,5557759,0.683691,8129050
3,2021-06-15,28562,9979187,19347,5403927,7723,4244624,1492,330636,9632,768045,0.094482,18710,4801001,0.590598,11287,5569046,0.68508,8129050
3,2021-06-16,25775,10004962,18303,5422230,6072,4250696,1400,332036,8728,761458,0.093671,16868,4817869,0.592673,10281,5579327,0.686344,8129050
3,2021-06-17,24707,10029669,17720,5439950,5726,4256422,1261,333297,8597,755494,0.092938,15955,4833824,0.594636,9991,5589318,0.687573,8129050
3,2021-06-18,27840,10057509,19672,5459622,6610,4263032,1558,334855,9785,749163,0.092159,17837,4851661,0.59683,11506,5600824,0.688989,8129050
3,2021-06-19,15879,10073388,11658,5471280,3375,4266407,846,335701,5691,745744,0.091738,10063,4861724,0.598068,6644,5607468,0.689806,8129050
3,2021-06-20,6834,10080222,5134,5476414,1404,4267811,296,335997,2595,744500,0.091585,4188,4865912,0.598583,2944,5610412,0.690168,8129050
3,2021-06-21,16104,10096326,10182,5486596,4544,4272355,1378,337375,8028,746038,0.091774,7989,4873901,0.599566,9527,5619939,0.69134,8129050
3,2021-06-22,21918,10118244,15386,5501982,5272,4277627,1260,338635,8228,742104,0.09129,13575,4887476,0.601236,9641,5629580,0.692526,8129050
3,2021-06-23,20098,10138342,14128,5516110,4670,4282297,1300,339935,7978,739510,0.090971,12008,4899484,0.602713,9414,5638994,0.693684,8129050
3,2021-06-24,19813,10158155,13798,5529908,4581,4286878,1434,341369,7733,736876,0.090647,11915,4911399,0.604179,9281,5648275,0.694826,8129050
3,2021-06-25,23134,10181289,16406,5546314,5316,4292194,1412,342781,9052,733509,0.090233,13958,4925357,0.605896,10591,5658866,0.696129,8129050
3,2021-06-26,13749,10195038,10194,5556508,2790,4294984,765,343546,5735,732210,0.090073,7950,4933307,0.606874,6651,5665517,0.696947,8129050
3,2021-06-27,6666,10201704,5143,5561651,1214,4296198,309,343855,2849,731615,0.09,3783,4937090,0.607339,3188,5668705,0.697339,8129050
3,2021-06-28,15749,10217453,12098,5573749,2591,4298789,1060,344915,6655,730437,0.089855,8991,4946081,0.608445,7813,5676518,0.6983,8129050
3,2021-06-29,17841,10235294,12583,5586332,4279,4303068,979,345894,7318,728453,0.089611,10410,4956491,0.609726,8426,5684944,0.699337,8129050
3,2021-06-30,16778,10252072,11892,5598224,3852,4306920,1034,346928,7210,727389,0.08948,9447,4965938,0.610888,8383,5693327,0.700368,8129050
3,2021-07-01,16050,10268122,11468,5609692,3540,4310460,1042,347970,6751,726068,0.089318,9211,4975149,0.612021,7890,5701217,0.701339,8129050
3,2021-07-02,18203,10286325,12948,5622640,4164,4314624,1091,349061,7759,724675,0.089146,10341,4985490,0.613293,8948,5710165,0.702439,8129050
3,2021-07-03,9931,10296256,7180,5629820,2330,4316954,421,349482,4275,723872,0.089048,5595,4991085,0.613981,4792,5714957,0.703029,8129050
3,2021-07-04,701,10296957,405,5630225,208,4317162,88,349570,267,723814,0.08904,430,4991515,0.614034,372,5715329,0.703075,8129050
3,2021-07-05,9428,10306385,6903,5637128,2108,4319270,417,349987,4273,723471,0.088998,5093,4996608,0.614661,4750,5720079,0.703659,8129050
3,2021-07-06,18736,10325121,13614,5650742,4038,4323308,1084,351071,6820,719708,0.088535,11784,5008392,0.61611,8021,5728100,0.704646,8129050
3,2021-07-07,15372,10340493,10916,5661658,3366,4326674,1090,352161,6223,718063,0.088333,9056,5017448,0.617224,7411,5735511,0.705557,8129050
3,2021-07-08,13967,10354460,10256,5671914,2911,4329585,800,352961,5739,716542,0.088146,8147,5025595,0.618227,6626,5742137,0.706372,8129050
3,2021-07-09,15110,10369570,10823,5682737,3458,4333043,829,353790,6357,715188,0.087979,8658,5034253,0.619292,7304,5749441,0.707271,8129050
3,2021-07-10,8684,10378254,6532,5689269,1823,4334866,329,354119,3808,714569,0.087903,4827,5039080,0.619885,4208,5753649,0.707789,8129050
3,2021-07-11,3270,10381524,2276,5691545,859,4335725,135,354254,1455,714381,0.08788,1791,5040871,0.620106,1603,5755252,0.707986,8129050
4,2020-12-15,456,456,456,456,0,0,0,0,456,456,5.7e-05,0,0,0.0,456,456,5.7e-05,8037679
4,2020-12-16,3028,3484,3028,3484,0,0,0,0,3028,3484,0.000433,0,0,0.0,3028,3484,0.000433,8037679
4,2020-12-17,8921,12405,8921,12405,0,0,0,0,8921,12405,0.001543,0,0,0.0,8921,12405,0.001543,8037679
4,2020-12-18,16151,28556,16139,28544,12,12,0,0,16151,28556,0.003553,0,0,0.0,16151,28556,0.003553,8037679
4,2020-12-19,10363,38919,10354,38898,9,21,0,0,10298,38854,0.004834,0,0,0.0,10298,38854,0.004834,8037679
4,2020-12-20,7404,46323,7397,46295,7,28,0,0,7359,46213,0.00575,0,0,0.0,7359,46213,0.00575,8037679
4,2020-12-21,16363,62686,16337,62632,26,54,0,0,16296,62508,0.007777,1,1,0.0,16296,62509,0.007777,8037679
4,2020-12-22,17197,79883,16446,79078,751,805,0,0,17151,79656,0.00991,3,4,0.0,17151,79660,0.009911,8037679
4,2020-12-23,17102,96985,14382,93460,2720,3525,0,0,17071,96725,0.012034,2,6,1e-06,17071,96731,0.012035,8037679
4,2020-12-24,8536,105521,5951,99411,2585,6110,0,0,8536,105261,0.013096,0,6,1e-06,8536,105267,0.013097,8037679
4,2020-12-25,904,106425,799,100210,105,6215,0,0,904,106165,0.013208,0,6,1e-06,904,106171,0.013209,8037679
4,2020-12-26,6172,112597,3895,104105,2277,8492,0,0,6172,112337,0.013976,0,6,1e-06,6172,112343,0.013977,8037679
4,2020-12-27,3435,116032,2000,106105,1435,9927,0,0,3435,115772,0.014404,0,6,1e-06,3435,115778,0.014404,8037679
4,2020-12-28,15113,131145,9339,115444,5774,15701,0,0,15085,130855,0.01628,2,8,1e-06,15085,130863,0.016281,8037679
4,2020-12-29,15381,146526,8509,123953,6872,22573,0,0,15347,146202,0.01819,0,8,1e-06,15347,146210,0.018191,8037679
4,2020-12-30,18951,165477,11070,135023,7881,30454,0,0,18940,165140,0.020546,2,10,1e-06,18940,165150,0.020547,8037679
4,2020-12-31,8277,173754,3357,138380,4920,35374,0,0,8264,173395,0.021573,9,19,2e-06,8264,173414,0.021575,8037679
4,2021-01-01,1549,175303,692,139072,857,36231,0,0,1544,174936,0.021764,3,22,3e-06,1544,174958,0.021767,8037679
4,2021-01-02,5727,181030,3234,142306,2493,38724,0,0,5725,180660,0.022477,1,23,3e-06,5725,180683,0.022479,8037679
4,2021-01-03,2146,183176,1269,143575,877,39601,0,0,2130,182786,0.022741,4,27,3e-06,2130,182813,0.022745,8037679
4,2021-01-04,12951,196127,7017,150592,5934,45535,0,0,12902,195659,0.024343,29,56,7e-06,12902,195715,0.02435,8037679
4,2021-01-05,16906,213033,10020,160612,6886,52421,0,0,14704,208201,0.025903,2175,2231,0.000278,14717,210432,0.026181,8037679
4,2021-01-06,21619,234652,13239,173851,8380,60801,0,0,15540,217726,0.027088,6029,8260,0.001028,15554,225986,0.028116,8037679
4,2021-01-07,27967,262619,17049,190900,10918,71719,0,0,16707,223254,0.027776,11200,19460,0.002421,16728,242714,0.030197,8037679
4,2021-01-08,32845,295464,21090,211990,11755,83474,0,0,18304,227104,0.028255,14473,33933,0.004222,18323,261037,0.032477,8037679
4,2021-01-09,16287,311751,9647,221637,6640,90114,0,0,9456,229760,0.028585,6811,40744,0.005069,9467,270504,0.033654,8037679
4,2021-01-10,8766,320517,5657,227294,3109,93223,0,0,4149,229316,0.02853,4601,45345,0.005642,4157,274661,0.034172,8037679
4,2021-01-11,33460,353977,21936,249230,11524,104747,0,0,18872,233678,0.029073,14554,59899,0.007452,18916,293577,0.036525,8037679
4,2021-01-12,38600,392577,22278,271508,16322,121069,0,0,24279,243746,0.030325,14252,74151,0.009225,24320,317897,0.039551,8037679
4,2021-01-13,38795,431372,19183,290691,19612,140681,0,0,27411,259854,0.032329,11330,85481,0.010635,27438,345335,0.042965,8037679
4,2021-01-14,39335,470707,15120,305811,24215,164896,0,0,32158,284911,0.035447,7130,92611,0.011522,32187,377522,0.046969,8037679
4,2021-01-15,45387,516094,15760,321571,29627,194523,0,0,39729,319067,0.039696,5597,98208,0.012218,39753,417275,0.051915,8037679
4,2021-01-16,28760,544854,9361,330932,19399,213922,0,0,25609,341576,0.042497,3118,101326,0.012606,25627,442902,0.055103,8037679
4,2021-01-17,19067,563921,6673,337605,12394,226316,0,0,17535,357616,0.044492,1509,102835,0.012794,17549,460451,0.057287,8037679
4,2021-01-18,29481,593402,13642,351247,15839,242155,0,0,23465,375185,0.046678,5922,108757,0.013531,23491,483942,0.060209,8037679
4,2021-01-19,46150,639552,23093,374340,23057,265212,0,0,36765,402696,0.050101,9328,118085,0.014691,36839,520781,0.064792,8037679
4,2021-01-20,52666,692218,28203,402543,24463,289675,0,0,42096,434382,0.054043,10470,128555,0.015994,42156,562937,0.070037,8037679
4,2021-01-21,57596,749814,25889,428432,31707,321382,0,0,50816,478530,0.059536,6712,135267,0.016829,50860,613797,0.076365,8037679
4,2021-01-22,55380,805194,22263,450695,33117,354499,0,0,50186,523649,0.065149,5094,140361,0.017463,50213,664010,0.082612,8037679
4,2021-01-23,39658,844852,17408,468103,22250,376749,0,0,35309,554649,0.069006,4339,144700,0.018003,35339,699349,0.087009,8037679
4,2021-01-24,23950,868802,10497,478600,13453,390202,0,0,22058,574843,0.071519,1882,146582,0.018237,22076,721425,0.089755,8037679
4,2021-01-25,47960,916762,22136,500736,25824,416026,0,0,36800,600576,0.07472,11123,157705,0.019621,36856,758281,0.094341,8037679
4,2021-01-26,56826,973588,28909,529645,27917,443943,0,0,44497,632857,0.078736,12277,169982,0.021148,44558,802839,0.099884,8037679
4,2021-01-27,56177,1029765,26687,556332,29490,473433,0,0,45105,667020,0.082987,10993,180975,0.022516,45156,847995,0.105502,8037679
4,2021-01-28,56595,1086360,25501,581833,31094,504527,0,0,46565,703692,0.087549,9938,190913,0.023752,46610,894605,0.111301,8037679
4,2021-01-29,56578,1142938,27116,608949,29462,533989,0,0,46137,739605,0.092017,10258,201171,0.025028,46171,940776,0.117046,8037679
4,2021-01-30,38012,1180950,17115,626064,20897,554886,0,0,32635,766944,0.095419,5320,206491,0.02569,32659,973435,0.121109,8037679
4,2021-01-31,23865,1204815,12500,638564,11365,566251,0,0,22157,787430,0.097967,1688,208179,0.0259,22174,995609,0.123868,8037679
4,2021-02-01,49710,1254525,23949,662513,25761,592012,0,0,38005,813826,0.101251,11651,219830,0.02735,38047,1033656,0.128601,8037679
4,2021-02-02,55466,1309991,25443,687956,30023,622035,0,0,42540,843563,0.104951,12846,232676,0.028948,42583,1076239,0.133899,8037679
4,2021-02-03,61982,1371973,30286,718242,31696,653731,0,0,47587,876927,0.109102,14277,246953,0.030724,47641,1123880,0.139826,8037679
4,2021-02-04,67654,1439627,31371,749613,36283,690014,0,0,50781,911103,0.113354,16712,263665,0.032804,50888,1174768,0.146158,8037679
4,2021-02-05,73134,1512761,33764,783377,39370,729384,0,0,50912,940186,0.116972,21963,285628,0.035536,51046,1225814,0.152508,8037679
4,2021-02-06,48674,1561435,26114,809491,22560,751944,0,0,37136,966050,0.12019,11471,297099,0.036963,37335,1263149,0.157153,8037679
4,2021-02-07,26469,1587904,17463,826954,9006,760950,0,0,20032,979916,0.121915,6401,303500,0.03776,20267,1283416,0.159675,8037679
4,2021-02-08,58607,1646511,30144,857098,28463,789413,0,0,38077,997859,0.124148,20396,323896,0.040297,38339,1321755,0.164445,8037679
4,2021-02-09,67276,1713787,34095,891193,33181,822594,0,0,39419,1010017,0.12566,27668,351564,0.043739,39826,1361581,0.1694,8037679
4,2021-02-10,77507,1791294,38726,929919,38781,861375,0,0,40662,1014618,0.126233,36604,388168,0.048294,41205,1402786,0.174526,8037679
4,2021-02-11,81315,1872609,42382,972301,38933,900308,0,0,41389,1016977,0.126526,39701,427869,0.053233,42060,1444846,0.179759,8037679
4,2021-02-12,84672,1957281,37908,1010209,46764,947072,0,0,43478,1020281,0.126937,40964,468833,0.058329,44268,1489114,0.185267,8037679
4,2021-02-13,59060,2016341,29904,1040113,29156,976228,0,0,30061,1022382,0.127199,28859,497692,0.06192,30960,1520074,0.189119,8037679
4,2021-02-14,37011,2053352,19222,1059335,17789,994017,0,0,18909,1023902,0.127388,18047,515739,0.064165,19567,1539641,0.191553,8037679
4,2021-02-15,46315,2099667,21671,1081006,24644,1018661,0,0,23766,1026386,0.127697,22463,538202,0.06696,24947,1564588,0.194657,8037679
4,2021-02-16,80167,2179834,36719,1117725,43448,1062109,0,0,40803,1029162,0.128042,39245,577447,0.071843,42021,1606609,0.199885,8037679
4,2021-02-17,81556,2261390,38514,1156239,43042,1105151,0,0,38780,1026479,0.127708,42590,620037,0.077141,39907,1646516,0.20485,8037679
4,2021-02-18,83525,2344915,45951,1202190,37574,1142725,0,0,38643,1021908,0.12714,44695,664732,0.082702,40124,1686640,0.209842,8037679
4,2021-02-19,83037,2427952,52174,1254364,30863,1173588,0,0,41479,1022691,0.127237,41387,706119,0.087851,42170,1728810,0.215088,8037679
4,2021-02-20,49577,2477529,32952,1287316,16625,1190213,0,0,26903,1027697,0.12786,22592,728711,0.090662,27598,1756408,0.218522,8037679
4,2021-02-21,30009,2507538,23855,1311171,6154,1196367,0,0,14577,1027209,0.127799,15350,744061,0.092572,14862,1771270,0.220371,8037679
4,2021-02-22,55152,2562690,37913,1349084,17239,1213606,0,0,26534,1025721,0.127614,28470,772531,0.096114,26982,1798252,0.223728,8037679
4,2021-02-23,76095,2638785,42146,1391230,33949,1247555,0,0,33363,1018222,0.126681,42534,815065,0.101406,35035,1833287,0.228087,8037679
4,2021-02-24,91075,2729860,48082,1439312,42993,1290548,0,0,40981,1011516,0.125847,49840,864905,0.107606,43134,1876421,0.233453,8037679
4,2021-02-25,102215,2832075,53439,1492751,48776,1339324,0,0,48744,1009561,0.125604,53258,918163,0.114232,51303,1927724,0.239836,8037679
4,2021-02-26,107915,2939990,54449,1547200,53466,1392790,0,0,55214,1014707,0.126244,52423,970586,0.120755,57569,1985293,0.246998,8037679
4,2021-02-27,77945,3017935,42350,1589550,35585,1428375,10,10,41688,1021828,0.12713,36063,1006649,0.125241,43184,2028477,0.252371,8037679
4,2021-02-28,47801,3065736,29442,1618992,18351,1446726,8,18,26546,1028175,0.127919,21090,1027739,0.127865,27437,2055914,0.255785,8037679
4,2021-03-01,78025,3143761,45784,1664776,32199,1478925,42,60,43092,1037848,0.129123,34651,1062390,0.132176,44324,2100238,0.261299,8037679
4,2021-03-02,86122,3229883,49516,1714292,36597,1515522,9,69,50520,1054746,0.131225,35420,1097810,0.136583,52318,2152556,0.267808,8037679
4,2021-03-03,100391,3330274,53399,1767691,46978,1562500,14,83,56142,1068640,0.132954,44032,1141842,0.142061,57926,2210482,0.275015,8037679
4,2021-03-04,97878,3428152,54288,1821979,43572,1606072,18,101,53613,1080014,0.134369,44032,1185874,0.147539,55406,2265888,0.281908,8037679
4,2021-03-05,95514,3523666,51612,1873591,43584,1649656,318,419,56409,1099793,0.13683,38884,1224758,0.152377,58663,2324551,0.289207,8037679
4,2021-03-06,76581,3600247,43129,1916720,30812,1680468,2640,3059,47066,1121448,0.139524,29384,1254142,0.156033,51039,2375590,0.295557,8037679
4,2021-03-07,44735,3644982,27465,1944185,15081,1695549,2189,5248,26031,1132140,0.140854,18622,1272764,0.15835,29314,2404904,0.299204,8037679
4,2021-03-08,67780,3712762,35463,1979648,28957,1724506,3360,8608,44536,1158248,0.144102,23115,1295879,0.161226,49223,2454127,0.305328,8037679
4,2021-03-09,81727,3794489,41330,2020978,35152,1759658,5245,13853,44104,1171242,0.145719,37443,1333322,0.165884,50437,2504564,0.311603,8037679
4,2021-03-10,91299,3885788,47074,2068052,36775,1796433,7450,21303,46132,1180775,0.146905,44977,1378299,0.17148,54510,2559074,0.318385,8037679
4,2021-03-11,100808,3986596,52970,2121022,39417,1835850,8421,29724,46516,1182756,0.147151,54043,1432342,0.178203,56024,2615098,0.325355,8037679
4,2021-03-12,104620,4091216,51565,2172587,42788,1878638,10267,39991,44662,1178934,0.146676,59674,1492016,0.185628,55852,2670950,0.332304,8037679
4,2021-03-13,81566,4172782,37847,2210434,35295,1913933,8424,48415,38528,1184082,0.147316,42898,1534914,0.190965,48046,2718996,0.338281,8037679
4,2021-03-14,49918,4222700,28408,2238842,17880,1931813,3630,52045,23265,1185036,0.147435,26556,1561470,0.194269,27510,2746506,0.341704,8037679
4,2021-03-15,83716,4306416,45074,2283916,34400,1966213,4242,56287,42441,1191531,0.148243,41025,1602495,0.199373,47520,2794026,0.347616,8037679
4,2021-03-16,107759,4414175,56038,2339954,48319,2014532,3402,59689,56880,1201876,0.14953,50631,1653126,0.205672,60976,2855002,0.355202,8037679
4,2021-03-17,107033,4521208,57667,2397621,45872,2060404,3494,63183,62575,1224312,0.152322,44191,1697317,0.21117,66627,2921629,0.363492,8037679
4,2021-03-18,107153,4628361,59462,2457083,44001,2104405,3690,66873,60714,1242990,0.154645,46156,1743473,0.216912,64834,2986463,0.371558,8037679
4,2021-03-19,111663,4740024,64294,2521377,42175,2146580,5194,72067,63515,1264217,0.157286,47878,1791351,0.222869,69105,3055568,0.380156,8037679
4,2021-03-20,84076,4824100,49093,2570470,31978,2178558,3005,75072,51670,1286969,0.160117,32243,1823594,0.226881,54995,3110563,0.386998,8037679
4,2021-03-21,48307,4872407,35018,2605488,11032,2189590,2257,77329,28379,1298151,0.161508,19805,1843399,0.229345,30987,3141550,0.390853,8037679
4,2021-03-22,82564,4954971,53965,2659453,25863,2215453,2736,80065,51313,1321903,0.164463,31010,1874409,0.233203,54762,3196312,0.397666,8037679
4,2021-03-23,104923,5059894,62834,2722287,39937,2255390,2152,82217,62411,1344776,0.167309,42238,1916647,0.238458,65111,3261423,0.405767,8037679
4,2021-03-24,113547,5173441,73304,2795591,37832,2293222,2411,84628,63914,1362359,0.169497,49191,1965838,0.244578,66774,3328197,0.414074,8037679
4,2021-03-25,117104,5290545,72119,2867710,42595,2335817,2390,87018,66916,1382439,0.171995,49702,2015540,0.250761,69782,3397979,0.422756,8037679
4,2021-03-26,119757,5410302,72668,2940378,44050,2379867,3039,90057,65466,1397618,0.173883,53920,2069460,0.25747,69099,3467078,0.431353,8037679
4,2021-03-27,92063,5502365,54293,2994671,35984,2415851,1786,91843,46792,1401656,0.174386,45020,2114480,0.263071,49058,3516136,0.437457,8037679
4,2021-03-28,55791,5558156,36841,3031512,18077,2433928,873,92716,29649,1406583,0.174999,25966,2140446,0.266302,30893,3547029,0.4413,8037679
4,2021-03-29,93606,5651762,56106,3087618,35422,2469350,2078,94794,50711,1417278,0.176329,42642,2183088,0.271607,53337,3600366,0.447936,8037679
4,2021-03-30,117181,5768943,63914,3151532,49103,2518453,4164,98958,69607,1444144,0.179672,47328,2230416,0.277495,74194,3674560,0.457167,8037679
4,2021-03-31,121125,5890068,71477,3223009,43345,2561798,6303,105261,67917,1465714,0.182355,52852,2283268,0.284071,74422,3748982,0.466426,8037679
4,2021-04-01,142549,6032617,81294,3304303,47999,2609797,13256,118517,83852,1504726,0.187209,58228,2341496,0.291315,97240,3846222,0.478524,8037679
4,2021-04-02,136646,6169263,73008,3377311,50056,2659853,13582,132099,78792,1539833,0.191577,57550,2399046,0.298475,92657,3938879,0.490052,8037679
4,2021-04-03,101233,6270496,54104,3431415,33719,2693572,13410,145509,52637,1557703,0.1938,48392,2447438,0.304496,66262,4005141,0.498296,8037679
4,2021-04-04,46872,6317368,24740,3456155,14612,2708184,7520,153029,20337,1559145,0.19398,26424,2473862,0.307783,27866,4033007,0.501763,8037679
4,2021-04-05,109515,6426883,61528,3517683,35153,2743337,12834,165863,56719,1576682,0.196161,52572,2526434,0.314324,70109,4103116,0.510485,8037679
4,2021-04-06,138822,6565705,78156,3595839,40916,2784253,19750,185613,72044,1602525,0.199377,66539,2592973,0.322602,92382,4195498,0.521979,8037679
4,2021-04-07,137635,6703340,77985,3673824,38950,2823203,20700,206313,71263,1628649,0.202627,66115,2659088,0.330828,92239,4287737,0.533455,8037679
4,2021-04-08,140000,6843340,78055,3751879,36508,2859711,25437,231750,69562,1654101,0.205793,70140,2729228,0.339554,95592,4383329,0.545348,8037679
4,2021-04-09,137666,6981006,75556,3827435,39119,2898830,22991,254741,65632,1671923,0.208011,71797,2801025,0.348487,89619,4472948,0.556497,8037679
4,2021-04-10,103840,7084846,51226,3878661,33750,2932580,18864,273605,46851,1681886,0.20925,56777,2857802,0.355551,66740,4539688,0.564801,8037679
4,2021-04-11,62678,7147524,38071,3916732,13434,2946014,11173,284778,27312,1686178,0.209784,35254,2893056,0.359937,39546,4579234,0.569721,8037679
4,2021-04-12,102789,7250313,62489,3979221,30126,2976140,10174,294952,51764,1698607,0.211331,50723,2943779,0.366247,63152,4642386,0.577578,8037679
4,2021-04-13,130261,7380574,81727,4060948,48368,3024508,166,295118,77958,1725586,0.214687,52004,2995783,0.372717,78983,4721369,0.587405,8037679
4,2021-04-14,135424,7515998,86315,4147263,49034,3073542,75,295193,74963,1741732,0.216696,60121,3055904,0.380197,76267,4797636,0.596893,8037679
4,2021-04-15,156189,7672187,103993,4251256,52131,3125673,65,295258,95878,1778499,0.22127,59935,3115839,0.387654,96702,4894338,0.608924,8037679
4,2021-04-16,143533,7815720,91024,4342280,52431,3178104,78,295336,83466,1802999,0.224318,59761,3175600,0.395089,84261,4978599,0.619408,8037679
4,2021-04-17,101450,7917170,63790,4406070,37636,3215740,24,295360,59615,1822226,0.22671,41557,3217157,0.400259,60784,5039383,0.62697,8037679
4,2021-04-18,56773,7973943,38365,4444435,18405,3234145,3,295363,32016,1830582,0.22775,24625,3241782,0.403323,32981,5072364,0.631073,8037679
4,2021-04-19,101498,8075441,66913,4511348,34568,3268713,17,295380,51854,1833655,0.228132,49397,3291179,0.409469,52470,5124834,0.637601,8037679
4,2021-04-20,131714,8207155,78605,4589953,53094,3321807,15,295395,68771,1840886,0.229032,62627,3353806,0.417261,69858,5194692,0.646293,8037679
4,2021-04-21,134067,8341222,87555,4677508,46457,3368264,55,295450,67701,1843769,0.229391,65981,3419787,0.425469,68864,5263556,0.65486,8037679
4,2021-04-22,140699,8481921,93437,4770945,47238,3415502,24,295474,62997,1830589,0.227751,77322,3497109,0.435089,64142,5327698,0.66284,8037679
4,2021-04-23,134125,8616046,87405,4858350,46696,3462198,24,295498,58284,1814594,0.225761,75492,3572601,0.444482,59497,5387195,0.670243,8037679
4,2021-04-24,97768,8713814,66127,4924477,31591,3493789,50,295548,45072,1808380,0.224988,52406,3625007,0.451002,46192,5433387,0.67599,8037679
4,2021-04-25,50086,8763900,35302,4959779,14759,3508548,25,295573,26202,1811318,0.225353,23739,3648746,0.453955,26677,5460064,0.679309,8037679
4,2021-04-26,91623,8855523,60104,5019883,31122,3539670,397,295970,36101,1793922,0.223189,55227,3703973,0.460826,37831,5497895,0.684015,8037679
4,2021-04-27,113408,8968931,69293,5089176,41807,3581477,2308,298278,40943,1765822,0.219693,72146,3776119,0.469802,44046,5541941,0.689495,8037679
4,2021-04-28,103655,9072586,67748,5156924,33395,3614872,2512,300790,38008,1741673,0.216689,65332,3841451,0.47793,41183,5583124,0.694619,8037679
4,2021-04-29,105052,9177638,67136,5224060,35395,3650267,2521,303311,34035,1708152,0.212518,70676,3912127,0.486723,37155,5620279,0.699242,8037679
4,2021-04-30,104727,9282365,66406,5290466,35641,3685908,2680,305991,36076,1679300,0.208928,68271,3980398,0.495217,39419,5659698,0.704146,8037679
4,2021-05-01,68894,9351259,45800,5336266,21336,3707244,1758,307749,19997,1653039,0.205661,48659,4029057,0.501271,22398,5682096,0.706932,8037679
4,2021-05-02,37453,9388712,26576,5362842,9599,3716843,1278,309027,10516,1638159,0.20381,26819,4055876,0.504608,11939,5694035,0.708418,8037679
4,2021-05-03,78267,9466979,54462,5417304,21334,3738177,2471,311498,19166,1601316,0.199226,58849,4114725,0.51193,22006,5716041,0.711156,8037679
4,2021-05-04,100751,9567730,68983,5486287,29013,3767190,2755,314253,22706,1549399,0.192767,77770,4192495,0.521605,25853,5741894,0.714372,8037679
4,2021-05-05,101500,9669230,71600,5557887,27174,3794364,2726,316979,22041,1495340,0.186041,79132,4271627,0.53145,25073,5766967,0.717492,8037679
4,2021-05-06,111039,9780269,83228,5641115,24883,3819247,2928,319907,19671,1428145,0.177681,90914,4362541,0.542761,23719,5790686,0.720443,8037679
4,2021-05-07,104203,9884472,74965,5716080,26561,3845808,2677,322584,20608,1368611,0.170274,83237,4445778,0.553117,23703,5814389,0.723392,8037679
4,2021-05-08,69251,9953723,47739,5763819,19588,3865396,1924,324508,13746,1329365,0.165392,55270,4501048,0.559994,16024,5830413,0.725385,8037679
4,2021-05-09,34096,9987819,27908,5791727,5248,3870644,940,325448,7490,1311388,0.163155,26502,4527550,0.563291,8525,5838938,0.726446,8037679
4,2021-05-10,64541,10052360,43180,5834907,19049,3889693,2312,327760,10977,1271628,0.158208,53362,4580912,0.56993,13602,5852540,0.728138,8037679
4,2021-05-11,82135,10134495,51285,5886192,28672,3918365,2178,329938,15775,1223956,0.152277,66121,4647033,0.578156,18449,5870989,0.730433,8037679
4,2021-05-12,79215,10213710,52734,5938926,23982,3942347,2499,332437,16670,1181233,0.146962,62265,4709298,0.585903,19542,5890531,0.732865,8037679
4,2021-05-13,103956,10317666,76618,6015544,25814,3968161,1524,333961,40391,1160915,0.144434,63243,4772541,0.593771,42925,5933456,0.738205,8037679
4,2021-05-14,104369,10422035,73749,6089293,28492,3996653,2128,336089,40253,1140014,0.141834,63813,4836354,0.60171,42912,5976368,0.743544,8037679
4,2021-05-15,85092,10507127,65838,6155131,17935,4014588,1319,337408,37616,1132008,0.140838,47232,4883586,0.607587,39226,6015594,0.748424,8037679
4,2021-05-16,51354,10558481,41386,6196517,9259,4023847,709,338117,21050,1123749,0.13981,30158,4913744,0.611339,21899,6037493,0.751149,8037679
4,2021-05-17,70830,10629311,51791,6248308,17199,4041046,1840,339957,28045,1111272,0.138258,42589,4956333,0.616637,30112,6067605,0.754895,8037679
4,2021-05-18,81326,10710637,52946,6301254,26632,4067678,1748,341705,29190,1090788,0.135709,51785,5008118,0.62308,31301,6098906,0.758789,8037679
4,2021-05-19,76453,10787090,51760,6353014,22754,4090432,1939,343644,30864,1078567,0.134189,45314,5053432,0.628718,33093,6131999,0.762907,8037679
4,2021-05-20,68468,10855558,43963,6396977,22513,4112945,1992,345636,25370,1063454,0.132309,42820,5096252,0.634045,27707,6159706,0.766354,8037679
4,2021-05-21,73179,10928737,48321,6445298,22996,4135941,1862,347498,25889,1044460,0.129945,47014,5143266,0.639894,28020,6187726,0.76984,8037679
4,2021-05-22,49562,10978299,34795,6480093,13487,4149428,1280,348778,21654,1039863,0.129374,27755,5171021,0.643348,23158,6210884,0.772721,8037679
4,2021-05-23,23815,11002114,17084,6497177,6009,4155437,722,349500,9775,1036556,0.128962,13918,5184939,0.645079,10611,6221495,0.774041,8037679
4,2021-05-24,42919,11045033,27331,6524508,12593,4168030,2995,352495,15060,1027164,0.127794,27647,5212586,0.648519,18255,6239750,0.776312,8037679
4,2021-05-25,44729,11089762,27816,6552324,14099,4182129,2814,355309,15887,1017484,0.126589,28613,5241199,0.652079,18933,6258683,0.778668,8037679
4,2021-05-26,44364,11134126,26650,6578974,15121,4197250,2593,357902,15828,1007750,0.125378,28332,5269531,0.655604,18598,6277281,0.780982,8037679
4,2021-05-27,38743,11172869,23294,6602268,12318,4209568,3131,361033,14621,1001737,0.12463,23933,5293464,0.658581,17920,6295201,0.783211,8037679
4,2021-05-28,43104,11215973,27488,6629756,14019,4223587,1597,362630,18808,998315,0.124204,24050,5317514,0.661573,20628,6315829,0.785778,8037679
4,2021-05-29,23576,11239549,15348,6645104,7295,4230882,933,363563,10858,997652,0.124122,12588,5330102,0.663139,11925,6327754,0.787261,8037679
4,2021-05-30,12007,11251556,8431,6653535,3051,4233933,525,364088,5005,996316,0.123956,6937,5337039,0.664003,5601,6333355,0.787958,8037679
4,2021-05-31,3548,11255104,2258,6655793,1131,4235064,159,364247,1136,995261,0.123824,2371,5339410,0.664297,1316,6334671,0.788122,8037679
4,2021-06-01,39293,11294397,24432,6680225,12422,4247486,2439,366686,13004,984840,0.122528,26081,5365491,0.667542,15660,6350331,0.79007,8037679
4,2021-06-02,32459,11326856,20312,6700537,9366,4256852,2781,369467,10869,977224,0.12158,21414,5386905,0.670207,13798,6364129,0.791787,8037679
4,2021-06-03,47877,11374733,36739,6737276,8687,4265539,2451,371918,10361,952984,0.118565,37360,5424265,0.674855,13120,6377249,0.793419,8037679
4,2021-06-04,54592,11429325,43967,6781243,9305,4274844,1320,373238,12754,926251,0.115239,41613,5465878,0.680032,14880,6392129,0.795271,8037679
4,2021-06-05,44601,11473926,38211,6819454,5396,4280240,994,374232,8762,900595,0.112047,35692,5501570,0.684472,10036,6402165,0.796519,8037679
4,2021-06-06,21172,11495098,18898,6838352,1712,4281952,562,374794,3984,888443,0.110535,17090,5518660,0.686599,4938,6407103,0.797133,8037679
4,2021-06-07,38572,11533670,31228,6869580,5433,4287385,1911,376705,8447,869088,0.108127,29998,5548658,0.690331,10643,6417746,0.798458,8037679
4,2021-06-08,40421,11574091,31736,6901316,6156,4293541,2529,379234,9457,850627,0.10583,30777,5579435,0.69416,12316,6430062,0.79999,8037679
4,2021-06-09,38806,11612897,30783,6932099,5672,4299213,2351,381585,7932,830560,0.103333,30706,5610141,0.69798,10639,6440701,0.801314,8037679
4,2021-06-10,36984,11649881,29158,6961257,5210,4304423,2616,384201,8561,813729,0.101239,28270,5638411,0.701497,11439,6452140,0.802737,8037679
4,2021-06-11,38122,11688003,29943,6991200,6171,4310594,2008,386209,9868,797855,0.099264,28098,5666509,0.704993,12224,6464364,0.804258,8037679
4,2021-06-12,26442,11714445,22018,7013218,3714,4314308,710,386919,6055,784557,0.09761,20282,5686791,0.707517,6984,6471348,0.805126,8037679
4,2021-06-13,10813,11725258,8546,7021764,1791,4316099,476,387395,2281,778956,0.096913,8465,5695256,0.70857,2864,6474212,0.805483,8037679
4,2021-06-14,28513,11753771,21330,7043094,4378,4320477,2805,390200,7793,769186,0.095698,20584,5715840,0.711131,10814,6485026,0.806828,8037679
4,2021-06-15,29845,11783616,21117,7064211,5330,4325807,3398,393598,8309,759762,0.094525,21385,5737225,0.713791,11961,6496987,0.808316,8037679
4,2021-06-16,26473,11810089,19957,7084168,3912,4329719,2604,396202,8029,752320,0.093599,18281,5755506,0.716066,10839,6507826,0.809665,8037679
4,2021-06-17,25010,11835099,18473,7102641,3663,4333382,2874,399076,7588,745728,0.092779,17239,5772745,0.71821,10647,6518473,0.810989,8037679
4,2021-06-18,26580,11861679,20961,7123602,4393,4337775,1226,400302,8230,737284,0.091728,18150,5790895,0.720469,9706,6528179,0.812197,8037679
4,2021-06-19,15686,11877365,12697,7136299,2295,4340070,694,400996,5044,732690,0.091157,10497,5801392,0.721775,5903,6534082,0.812931,8037679
4,2021-06-20,7357,11884722,6061,7142360,989,4341059,307,401303,2624,731026,0.09095,4674,5806066,0.722356,3010,6537092,0.813306,8037679
4,2021-06-21,14480,11899202,10468,7152828,2874,4343933,1138,402441,7331,732584,0.091144,7072,5813138,0.723236,8630,6545722,0.81438,8037679
4,2021-06-22,20368,11919570,15888,7168716,3412,4347345,1068,403509,7082,727719,0.090538,13166,5826304,0.724874,8301,6554023,0.815412,8037679
4,2021-06-23,18313,11937883,14372,7183088,2959,4350304,982,404491,6696,724032,0.09008,11489,5837793,0.726303,7802,6561825,0.816383,8037679
4,2021-06-24,17480,11955363,13532,7196620,2959,4353263,989,405480,6529,720890,0.089689,10800,5848593,0.727647,7658,6569483,0.817336,8037679
4,2021-06-25,21444,11976807,16861,7213481,3542,4356805,1041,406521,7759,716306,0.089119,13550,5862143,0.729333,8966,6578449,0.818451,8037679
4,2021-06-26,12955,11989762,10550,7224031,1790,4358595,615,407136,4781,713732,0.088798,8073,5870216,0.730337,5499,6583948,0.819135,8037679
4,2021-06-27,6808,11996570,5515,7229546,952,4359547,341,407477,2873,713101,0.08872,3899,5874115,0.730822,3268,6587216,0.819542,8037679
4,2021-06-28,14965,12011535,12575,7242121,1548,4361095,842,408319,6022,711221,0.088486,8864,5882979,0.731925,6984,6594200,0.820411,8037679
4,2021-06-29,16365,12027900,12701,7254822,2865,4363960,799,409118,6350,708580,0.088157,9909,5892888,0.733158,7268,6601468,0.821315,8037679
4,2021-06-30,14406,12042306,11242,7266064,2441,4366401,723,409841,5982,707065,0.087969,8328,5901216,0.734194,6813,6608281,0.822163,8037679
4,2021-07-01,14313,12056619,11306,7277370,2277,4368678,730,410571,5861,705447,0.087768,8344,5909560,0.735232,6726,6615007,0.823,8037679
4,2021-07-02,16596,12073215,13187,7290557,2655,4371333,754,411325,6781,703384,0.087511,9723,5919283,0.736442,7660,6622667,0.823953,8037679
4,2021-07-03,9093,12082308,7220,7297777,1465,4372798,408,411733,3941,702709,0.087427,5081,5924364,0.737074,4406,6627073,0.824501,8037679
4,2021-07-04,419,12082727,255,7298032,104,4372902,60,411793,183,702730,0.087429,233,5924597,0.737103,254,6627327,0.824532,8037679
4,2021-07-05,9138,12091865,7446,7305478,1286,4374188,406,412199,4155,702435,0.087393,4909,5929506,0.737714,4614,6631941,0.825106,8037679
4,2021-07-06,16301,12108166,12872,7318350,2643,4376831,786,412985,6020,699182,0.086988,10164,5939670,0.738978,6911,6638852,0.825966,8037679
4,2021-07-07,13464,12121630,10515,7328865,2190,4379021,759,413744,5118,696914,0.086706,8265,5947935,0.740007,5997,6644849,0.826712,8037679
4,2021-07-08,12195,12133825,9619,7338484,1840,4380861,736,414480,4817,695295,0.086504,7276,5955211,0.740912,5657,6650506,0.827416,8037679
4,2021-07-09,13580,12147405,10584,7349068,2245,4383106,751,415231,5594,693907,0.086332,7866,5963077,0.74189,6478,6656984,0.828222,8037679
4,2021-07-10,7363,12154768,5781,7354849,1252,4384358,330,415561,3105,693200,0.086244,4189,5967266,0.742412,3482,6660466,0.828655,8037679
4,2021-07-11,3134,12157902,2351,7357200,651,4385009,132,415693,1349,692930,0.08621,1755,5969021,0.74263,1485,6661951,0.82884,8037679
