hpiquartile,administered_date,total_doses,cumulative_total_doses,pfizer_doses,cumulative_pfizer_doses,moderna_doses,cumulative_moderna_doses,jj_doses,cumulative_jj_doses,partially_vaccinated,total_partially_vaccinated,pct_age16pop_partially_vaccinated,fully_vaccinated,cumulative_fully_vaccinated,pct_age16pop_fully_vaccinated,at_least_one_dose,cumulative_at_least_one_dose,pct_age16pop_at_least_one_dose,age16_population
1,2020-12-15,144,144,144,144,0,0,0,0,144,144,1.8e-05,0,0,0.0,144,144,1.8e-05,8051741
1,2020-12-16,1278,1422,1278,1422,0,0,0,0,1278,1422,0.000177,0,0,0.0,1278,1422,0.000177,8051741
1,2020-12-17,4102,5524,4102,5524,0,0,0,0,4102,5524,0.000686,0,0,0.0,4102,5524,0.000686,8051741
1,2020-12-18,6069,11593,6027,11551,42,42,0,0,6074,11598,0.00144,0,0,0.0,6074,11598,0.00144,8051741
1,2020-12-19,2782,14375,2782,14333,0,42,0,0,2782,14379,0.001786,1,1,0.0,2782,14380,0.001786,8051741
1,2020-12-20,2037,16412,2034,16367,3,45,0,0,2039,16418,0.002039,0,1,0.0,2039,16419,0.002039,8051741
1,2020-12-21,7858,24270,7845,24212,13,58,0,0,7914,24332,0.003022,0,1,0.0,7914,24333,0.003022,8051741
1,2020-12-22,7388,31658,6945,31157,443,501,0,0,7392,31723,0.00394,1,2,0.0,7392,31725,0.00394,8051741
1,2020-12-23,7588,39246,6325,37482,1263,1764,0,0,7587,39310,0.004882,0,2,0.0,7587,39312,0.004882,8051741
1,2020-12-24,3264,42510,2322,39804,942,2706,0,0,3265,42575,0.005288,0,2,0.0,3265,42577,0.005288,8051741
1,2020-12-25,230,42740,147,39951,83,2789,0,0,230,42805,0.005316,0,2,0.0,230,42807,0.005316,8051741
1,2020-12-26,1328,44068,966,40917,362,3151,0,0,1328,44132,0.005481,1,3,0.0,1328,44135,0.005481,8051741
1,2020-12-27,854,44922,529,41446,325,3476,0,0,855,44987,0.005587,0,3,0.0,855,44990,0.005588,8051741
1,2020-12-28,7184,52106,4978,46424,2206,5682,0,0,7184,52171,0.006479,0,3,0.0,7184,52174,0.00648,8051741
1,2020-12-29,8752,60858,4964,51388,3788,9470,0,0,8748,60917,0.007566,2,5,1e-06,8748,60922,0.007566,8051741
1,2020-12-30,11281,72139,6252,57640,5029,14499,0,0,11301,72218,0.008969,0,5,1e-06,11301,72223,0.00897,8051741
1,2020-12-31,5760,77899,1873,59513,3887,18386,0,0,5938,78156,0.009707,0,5,1e-06,5938,78161,0.009707,8051741
1,2021-01-01,488,78387,159,59672,329,18715,0,0,488,78644,0.009767,0,5,1e-06,488,78649,0.009768,8051741
1,2021-01-02,2729,81116,1617,61289,1112,19827,0,0,2828,81472,0.010119,0,5,1e-06,2828,81477,0.010119,8051741
1,2021-01-03,994,82110,530,61819,464,20291,0,0,995,82466,0.010242,1,6,1e-06,995,82472,0.010243,8051741
1,2021-01-04,7265,89375,3537,65356,3728,24019,0,0,7293,89758,0.011148,1,7,1e-06,7293,89765,0.011149,8051741
1,2021-01-05,10857,100232,5213,70569,5644,29663,0,0,10125,99162,0.012316,782,789,9.8e-05,10186,99951,0.012414,8051741
1,2021-01-06,14010,114242,7109,77678,6901,36564,0,0,12213,109594,0.013611,1787,2576,0.00032,12219,112170,0.013931,8051741
1,2021-01-07,17689,131931,9281,86959,8408,44972,0,0,13324,118688,0.014741,4235,6811,0.000846,13329,125499,0.015587,8051741
1,2021-01-08,20067,151998,10316,97275,9751,54723,0,0,14355,127339,0.015815,5709,12520,0.001555,14360,139859,0.01737,8051741
1,2021-01-09,6483,158481,3260,100535,3223,57946,0,0,4781,130366,0.016191,1758,14278,0.001773,4785,144644,0.017964,8051741
1,2021-01-10,3005,161486,1707,102242,1298,59244,0,0,1852,131073,0.016279,1147,15425,0.001916,1854,146498,0.018195,8051741
1,2021-01-11,18340,179826,12081,114323,6259,65503,0,0,11443,135793,0.016865,6765,22190,0.002756,11485,157983,0.019621,8051741
1,2021-01-12,19197,199023,10755,125078,8442,73945,0,0,13120,142933,0.017752,6057,28247,0.003508,13197,171180,0.02126,8051741
1,2021-01-13,19794,218817,10467,135545,9327,83272,0,0,14829,152790,0.018976,4989,33236,0.004128,14846,186026,0.023104,8051741
1,2021-01-14,22353,241170,9325,144870,13028,96300,0,0,19676,169926,0.021104,2600,35836,0.004451,19736,205762,0.025555,8051741
1,2021-01-15,25358,266528,9510,154380,15848,112148,0,0,23383,191403,0.023772,1971,37807,0.004696,23448,229210,0.028467,8051741
1,2021-01-16,14119,280647,4512,158892,9607,121755,0,0,13372,203937,0.025328,840,38647,0.0048,13374,242584,0.030128,8051741
1,2021-01-17,5949,286596,1931,160823,4018,125773,0,0,5754,209326,0.025998,370,39017,0.004846,5759,248343,0.030843,8051741
1,2021-01-18,14804,301400,8970,169793,5834,131607,0,0,11483,217550,0.027019,3320,42337,0.005258,11544,259887,0.032277,8051741
1,2021-01-19,24158,325558,12844,182637,11314,142921,0,0,19036,231521,0.028754,5109,47446,0.005893,19080,278967,0.034647,8051741
1,2021-01-20,27450,353008,13285,195922,14165,157086,0,0,22113,248345,0.030844,5316,52762,0.006553,22140,301107,0.037397,8051741
1,2021-01-21,30986,383994,14972,210894,16014,173100,0,0,28166,273723,0.033996,2882,55644,0.006911,28260,329367,0.040906,8051741
1,2021-01-22,27212,411206,10887,221781,16325,189425,0,0,25386,297256,0.036918,1873,57517,0.007143,25406,354773,0.044062,8051741
1,2021-01-23,18306,429512,8079,229860,10227,199652,0,0,16458,311864,0.038732,1861,59378,0.007375,16469,371242,0.046107,8051741
1,2021-01-24,6432,435944,4080,233940,2352,202004,0,0,5803,317031,0.039374,640,60018,0.007454,5807,377049,0.046828,8051741
1,2021-01-25,25345,461289,10143,244083,15202,217206,0,0,19882,331531,0.041175,5523,65541,0.00814,20023,397072,0.049315,8051741
1,2021-01-26,28358,489647,13312,257395,15046,232252,0,0,21816,346847,0.043077,6534,72075,0.008951,21850,418922,0.052029,8051741
1,2021-01-27,30863,520510,15318,272713,15545,247797,0,0,23097,362169,0.04498,7804,79879,0.009921,23126,442048,0.054901,8051741
1,2021-01-28,34263,554773,16238,288951,18025,265822,0,0,27812,383338,0.047609,6696,86575,0.010752,27865,469913,0.058362,8051741
1,2021-01-29,33576,588349,16435,305386,17141,282963,0,0,27517,404576,0.050247,6326,92901,0.011538,27564,497477,0.061785,8051741
1,2021-01-30,20530,608879,8599,313985,11931,294894,0,0,18555,421165,0.052307,1974,94875,0.011783,18563,516040,0.06409,8051741
1,2021-01-31,8370,617249,5152,319137,3218,298112,0,0,7942,428373,0.053203,736,95611,0.011875,7944,523984,0.065077,8051741
1,2021-02-01,27872,645121,12059,331196,15813,313925,0,0,20813,441939,0.054887,7251,102862,0.012775,20817,544801,0.067663,8051741
1,2021-02-02,31372,676493,11335,342531,20037,333962,0,0,23649,457873,0.056866,7746,110608,0.013737,23680,568481,0.070603,8051741
1,2021-02-03,38862,715355,14706,357237,24156,358118,0,0,28270,475554,0.059062,10618,121226,0.015056,28299,596780,0.074118,8051741
1,2021-02-04,43931,759286,16999,374236,26932,385050,0,0,32087,495742,0.06157,11944,133170,0.016539,32132,628912,0.078109,8051741
1,2021-02-05,46516,805802,17266,391502,29250,414300,0,0,30813,510831,0.063444,15768,148938,0.018498,30857,659769,0.081941,8051741
1,2021-02-06,26161,831963,10494,401996,15667,429967,0,0,20383,525489,0.065264,5739,154677,0.01921,20397,680166,0.084474,8051741
1,2021-02-07,6024,837987,3836,405832,2188,432155,0,0,4493,528478,0.065635,1521,156198,0.019399,4510,684676,0.085035,8051741
1,2021-02-08,30899,868886,14038,419870,16861,449016,0,0,20578,538738,0.06691,10395,166593,0.02069,20655,705331,0.0876,8051741
1,2021-02-09,37771,906657,16351,436221,21420,470436,0,0,22972,546928,0.067927,14853,181446,0.022535,23043,728374,0.090462,8051741
1,2021-02-10,46213,952870,21684,457905,24529,494965,0,0,26920,554491,0.068866,19429,200875,0.024948,26992,755366,0.093814,8051741
1,2021-02-11,51123,1003993,25505,483410,25618,520583,0,0,30666,564460,0.070104,20789,221664,0.02753,30758,786124,0.097634,8051741
1,2021-02-12,49304,1053297,21025,504435,28279,548862,0,0,28669,572582,0.071113,20673,242337,0.030097,28795,814919,0.10121,8051741
1,2021-02-13,26587,1079884,11010,515445,15577,564439,0,0,15215,576558,0.071607,11315,253652,0.031503,15291,830210,0.103109,8051741
1,2021-02-14,12168,1092052,5297,520742,6871,571310,0,0,6488,577502,0.071724,5655,259307,0.032205,6599,836809,0.103929,8051741
1,2021-02-15,23403,1115455,9177,529919,14226,585536,0,0,14227,582701,0.07237,9190,268497,0.033346,14389,851198,0.105716,8051741
1,2021-02-16,45305,1160760,21618,551537,23687,609223,0,0,27232,591909,0.073513,18216,286713,0.035609,27424,878622,0.109122,8051741
1,2021-02-17,47211,1207971,24052,575589,23159,632382,0,0,26316,597510,0.074209,20930,307643,0.038208,26531,905153,0.112417,8051741
1,2021-02-18,49875,1257846,24820,600409,25055,657437,0,0,26402,600694,0.074604,23517,331160,0.041129,26701,931854,0.115733,8051741
1,2021-02-19,45197,1303043,24438,624847,20759,678196,0,0,26638,608794,0.07561,18601,349761,0.043439,26701,958555,0.119049,8051741
1,2021-02-20,25524,1328567,15520,640367,10004,688200,0,0,14947,612990,0.076131,10828,360589,0.044784,15024,973579,0.120915,8051741
1,2021-02-21,9399,1337966,8323,648690,1076,689276,0,0,5875,615303,0.076419,3710,364299,0.045245,6023,979602,0.121663,8051741
1,2021-02-22,30441,1368407,20658,669348,9783,699059,0,0,19099,622818,0.077352,11772,376071,0.046707,19287,998889,0.124059,8051741
1,2021-02-23,42779,1411186,20547,689895,22232,721291,0,0,24322,629068,0.078128,18467,394538,0.049,24717,1023606,0.127129,8051741
1,2021-02-24,54222,1465408,26955,716850,27267,748558,0,0,32346,639743,0.079454,22164,416702,0.051753,32839,1056445,0.131207,8051741
1,2021-02-25,64861,1530269,31740,748590,33121,781679,0,0,41267,657736,0.081689,23816,440518,0.054711,41809,1098254,0.1364,8051741
1,2021-02-26,72309,1602578,33723,782313,38586,820265,0,0,48885,683231,0.084855,23853,464371,0.057673,49348,1147602,0.142528,8051741
1,2021-02-27,48340,1650918,20755,803068,27581,847846,4,4,31950,698657,0.086771,16798,481169,0.05976,32224,1179826,0.146531,8051741
1,2021-02-28,18700,1669618,10870,813938,7830,855676,0,4,13711,707189,0.087831,5413,486582,0.060432,13945,1193771,0.148262,8051741
1,2021-03-01,42968,1712586,19293,833231,23669,879345,6,10,28290,720667,0.089504,15111,501693,0.062309,28589,1222360,0.151813,8051741
1,2021-03-02,57302,1769888,23355,856586,33944,913289,3,13,37028,737924,0.091648,20536,522229,0.064859,37793,1260153,0.156507,8051741
1,2021-03-03,69067,1838955,33343,889929,35711,949000,13,26,42164,754173,0.093666,26703,548932,0.068176,42952,1303105,0.161841,8051741
1,2021-03-04,75507,1914462,35192,925121,40285,989285,30,56,48800,776984,0.096499,26570,575502,0.071475,49381,1352486,0.167974,8051741
1,2021-03-05,74320,1988782,32834,957955,41287,1030572,199,255,50121,804165,0.099875,23969,599471,0.074452,51150,1403636,0.174327,8051741
1,2021-03-06,55777,2044559,27240,985195,27206,1057778,1331,1586,38826,827946,0.102828,16959,616430,0.076559,40740,1444376,0.179387,8051741
1,2021-03-07,19148,2063707,12221,997416,6137,1063915,790,2376,14396,838698,0.104164,4734,621164,0.077147,15486,1459862,0.18131,8051741
1,2021-03-08,42164,2105871,20216,1017632,20100,1084015,1848,4224,29367,857604,0.106512,12641,633805,0.078717,31547,1491409,0.185228,8051741
1,2021-03-09,58850,2164721,25746,1043378,30680,1114695,2424,6648,35920,873792,0.108522,22838,656643,0.081553,39026,1530435,0.190075,8051741
1,2021-03-10,70827,2235548,35109,1078487,31616,1146311,4102,10750,44687,897106,0.111418,26018,682661,0.084784,49332,1579767,0.196202,8051741
1,2021-03-11,86322,2321870,40086,1118573,38883,1185194,7353,18103,51646,922239,0.114539,34456,717117,0.089064,59589,1639356,0.203603,8051741
1,2021-03-12,95728,2417598,41722,1160295,41071,1226265,12935,31038,54933,949915,0.117976,40679,757796,0.094116,68355,1707711,0.212092,8051741
1,2021-03-13,63009,2480607,28878,1189173,26547,1252812,7584,38622,40491,975931,0.121207,22425,780221,0.096901,48441,1756152,0.218108,8051741
1,2021-03-14,26753,2507360,14277,1203450,8889,1261701,3587,42209,15801,984574,0.122281,10956,791177,0.098262,19599,1775751,0.220542,8051741
1,2021-03-15,65289,2572649,29631,1233081,28959,1290660,6699,48908,37901,1002480,0.124505,27133,818310,0.101631,45039,1820790,0.226136,8051741
1,2021-03-16,85289,2657938,39254,1272335,40578,1331238,5457,54365,53703,1030721,0.128012,31441,849751,0.105536,59682,1880472,0.233548,8051741
1,2021-03-17,93134,2751072,45872,1318207,40872,1372110,6390,60755,59296,1063209,0.132047,33716,883467,0.109724,66204,1946676,0.241771,8051741
1,2021-03-18,95154,2846226,49676,1367883,39783,1411893,5695,66450,57923,1090676,0.135458,36956,920423,0.114314,64423,2011099,0.249772,8051741
1,2021-03-19,102648,2948874,53359,1421242,42898,1454791,6391,72841,61156,1117569,0.138798,41251,961674,0.119437,68144,2079243,0.258235,8051741
1,2021-03-20,68421,3017295,35791,1457033,27704,1482495,4926,77767,45117,1144766,0.142176,23188,984862,0.122317,50385,2129628,0.264493,8051741
1,2021-03-21,26026,3043321,18055,1475088,6234,1488729,1737,79504,16780,1154384,0.143371,9153,994015,0.123453,18771,2148399,0.266824,8051741
1,2021-03-22,57353,3100674,30246,1505334,24198,1512927,2909,82413,39505,1179491,0.146489,17730,1011745,0.125655,42837,2191236,0.272144,8051741
1,2021-03-23,81790,3182464,41835,1547169,36647,1549574,3308,85721,53983,1209777,0.15025,27650,1039395,0.129089,57936,2249172,0.27934,8051741
1,2021-03-24,87233,3269697,45077,1592246,38033,1587607,4123,89844,52806,1232890,0.153121,34254,1073649,0.133344,57367,2306539,0.286465,8051741
1,2021-03-25,92953,3362650,48102,1640348,39485,1627092,5366,95210,53793,1253450,0.155674,38932,1112581,0.138179,59492,2366031,0.293853,8051741
1,2021-03-26,102408,3465058,49505,1689853,46791,1673883,6112,101322,57602,1273018,0.158105,44565,1157146,0.143714,64133,2430164,0.301818,8051741
1,2021-03-27,71387,3536445,37790,1727643,29977,1703860,3620,104942,36976,1279579,0.15892,34245,1191391,0.147967,40806,2470970,0.306886,8051741
1,2021-03-28,31421,3567866,20579,1748222,9620,1713480,1222,106164,16984,1283746,0.159437,14370,1205761,0.149752,18537,2489507,0.309189,8051741
1,2021-03-29,63772,3631638,32346,1780568,28888,1742368,2538,108702,36839,1296646,0.161039,26811,1232572,0.153081,39711,2529218,0.314121,8051741
1,2021-03-30,89241,3720879,44430,1824998,39341,1781709,5470,114172,51839,1316791,0.163541,37395,1269967,0.157726,57540,2586758,0.321267,8051741
1,2021-03-31,98270,3819149,52465,1877463,40121,1821830,5684,119856,56445,1337435,0.166105,41613,1311580,0.162894,62257,2649015,0.328999,8051741
1,2021-04-01,106900,3926049,51867,1929330,47147,1868977,7886,127742,56404,1351626,0.167868,50283,1361863,0.169139,64474,2713489,0.337006,8051741
1,2021-04-02,106319,4032368,48291,1977621,49011,1917988,9017,136759,54794,1364539,0.169471,51185,1413048,0.175496,64098,2777587,0.344967,8051741
1,2021-04-03,75568,4107936,38862,2016483,27845,1945833,8861,145620,36429,1370982,0.170271,39014,1452062,0.180341,45457,2823044,0.350613,8051741
1,2021-04-04,22526,4130462,11402,2027885,8059,1953892,3065,148685,9781,1371139,0.170291,12710,1464772,0.18192,12867,2835911,0.352211,8051741
1,2021-04-05,72481,4202943,35857,2063742,27845,1981737,8779,157464,34920,1377684,0.171104,37447,1502219,0.186571,43992,2879903,0.357675,8051741
1,2021-04-06,102730,4305673,49893,2113635,36687,2018424,16150,173614,47824,1387179,0.172283,54721,1556940,0.193367,64216,2944119,0.36565,8051741
1,2021-04-07,110932,4416605,54430,2168065,38753,2057177,17749,191363,51386,1397271,0.173537,59351,1616291,0.200738,69443,3013562,0.374275,8051741
1,2021-04-08,117874,4534479,56285,2224350,40730,2097907,20859,212222,53743,1408105,0.174882,63946,1680237,0.20868,74780,3088342,0.383562,8051741
1,2021-04-09,110888,4645367,49290,2273640,42436,2140343,19162,231384,49806,1416456,0.175919,60838,1741075,0.216236,69189,3157531,0.392155,8051741
1,2021-04-10,91932,4737299,40755,2314395,27571,2167914,23606,254990,35913,1420215,0.176386,55867,1796942,0.223174,59626,3217157,0.39956,8051741
1,2021-04-11,35526,4772825,19374,2333769,8902,2176816,7250,262240,14537,1421341,0.176526,20931,1817873,0.225774,22057,3239214,0.4023,8051741
1,2021-04-12,67966,4840791,30226,2363995,28190,2205006,9550,271790,29409,1422111,0.176622,38369,1856242,0.230539,39139,3278353,0.407161,8051741
1,2021-04-13,78190,4918981,37703,2401698,40202,2245208,285,272075,40701,1426163,0.177125,37399,1893641,0.235184,41451,3319804,0.412309,8051741
1,2021-04-14,73410,4992391,33177,2434875,40182,2285390,51,272126,35555,1424683,0.176941,37665,1931306,0.239862,36185,3355989,0.416803,8051741
1,2021-04-15,55902,5048293,30781,2465656,25069,2310459,52,272178,31048,1431380,0.177773,24734,1956040,0.242934,31431,3387420,0.420707,8051741
2,2020-12-15,227,227,227,227,0,0,0,0,233,233,3e-05,0,0,0.0,233,233,3e-05,7897587
2,2020-12-16,1904,2131,1904,2131,0,0,0,0,1913,2146,0.000272,0,0,0.0,1913,2146,0.000272,7897587
2,2020-12-17,6600,8731,6600,8731,0,0,0,0,6646,8792,0.001113,0,0,0.0,6646,8792,0.001113,7897587
2,2020-12-18,10791,19522,10770,19501,21,21,0,0,10850,19642,0.002487,0,0,0.0,10850,19642,0.002487,7897587
2,2020-12-19,5552,25074,5547,25048,5,26,0,0,5554,25196,0.00319,0,0,0.0,5554,25196,0.00319,7897587
2,2020-12-20,4233,29307,4227,29275,6,32,0,0,4229,29425,0.003726,0,0,0.0,4229,29425,0.003726,7897587
2,2020-12-21,12443,41750,12405,41680,38,70,0,0,12434,41859,0.0053,0,0,0.0,12434,41859,0.0053,7897587
2,2020-12-22,11763,53513,11313,52993,450,520,0,0,11766,53625,0.00679,0,0,0.0,11766,53625,0.00679,7897587
2,2020-12-23,11503,65016,9342,62335,2161,2681,0,0,11512,65137,0.008248,0,0,0.0,11512,65137,0.008248,7897587
2,2020-12-24,5767,70783,3413,65748,2354,5035,0,0,5766,70903,0.008978,0,0,0.0,5766,70903,0.008978,7897587
2,2020-12-25,477,71260,401,66149,76,5111,0,0,478,71381,0.009038,0,0,0.0,478,71381,0.009038,7897587
2,2020-12-26,2528,73788,1662,67811,866,5977,0,0,2531,73912,0.009359,0,0,0.0,2531,73912,0.009359,7897587
2,2020-12-27,2204,75992,1193,69004,1011,6988,0,0,2203,76114,0.009638,1,1,0.0,2203,76115,0.009638,7897587
2,2020-12-28,10610,86602,6913,75917,3697,10685,0,0,10611,86724,0.010981,1,2,0.0,10611,86726,0.010981,7897587
2,2020-12-29,12634,99236,7162,83079,5472,16157,0,0,12639,99363,0.012581,0,2,0.0,12639,99365,0.012582,7897587
2,2020-12-30,15400,114636,8753,91832,6647,22804,0,0,15460,114823,0.014539,0,2,0.0,15460,114825,0.014539,7897587
2,2020-12-31,7414,122050,2803,94635,4611,27415,0,0,7502,122324,0.015489,1,3,0.0,7502,122327,0.015489,7897587
2,2021-01-01,1060,123110,510,95145,550,27965,0,0,1063,123386,0.015623,1,4,1e-06,1063,123390,0.015624,7897587
2,2021-01-02,4838,127948,2797,97942,2041,30006,0,0,4835,128221,0.016235,0,4,1e-06,4835,128225,0.016236,7897587
2,2021-01-03,1406,129354,779,98721,627,30633,0,0,1385,129603,0.01641,3,7,1e-06,1385,129610,0.016411,7897587
2,2021-01-04,11581,140935,5484,104205,6097,36730,0,0,11568,141166,0.017875,5,12,2e-06,11568,141178,0.017876,7897587
2,2021-01-05,13464,154399,6806,111011,6658,43388,0,0,12352,152394,0.019296,1133,1145,0.000145,12361,153539,0.019441,7897587
2,2021-01-06,18508,172907,10260,121271,8248,51636,0,0,14868,163603,0.020716,3665,4810,0.000609,14874,168413,0.021325,7897587
2,2021-01-07,22523,195430,12593,133864,9930,61566,0,0,15319,171656,0.021735,7278,12088,0.001531,15331,183744,0.023266,7897587
2,2021-01-08,25749,221179,15813,149677,9936,71502,0,0,15838,177632,0.022492,9877,21965,0.002781,15853,199597,0.025273,7897587
2,2021-01-09,9363,230542,5389,155066,3974,75476,0,0,6109,180446,0.022848,3299,25264,0.003199,6113,205710,0.026047,7897587
2,2021-01-10,5237,235779,2905,157971,2332,77808,0,0,3033,181253,0.02295,2230,27494,0.003481,3037,208747,0.026432,7897587
2,2021-01-11,25428,261207,17469,175440,7959,85767,0,0,14980,185626,0.023504,10624,38118,0.004827,14997,223744,0.028331,7897587
2,2021-01-12,25318,286525,15839,191279,9479,95246,0,0,16132,192513,0.024376,9282,47400,0.006002,16169,239913,0.030378,7897587
2,2021-01-13,27527,314052,14584,205863,12943,108189,0,0,19817,204577,0.025904,7771,55171,0.006986,19835,259748,0.03289,7897587
2,2021-01-14,28953,343005,11242,217105,17711,125900,0,0,24932,225449,0.028547,4076,59247,0.007502,24948,284696,0.036048,7897587
2,2021-01-15,33912,376917,12523,229628,21389,147289,0,0,30793,253105,0.032048,3164,62411,0.007903,30820,315516,0.039951,7897587
2,2021-01-16,17304,394221,5557,235185,11747,159036,0,0,16072,267855,0.033916,1332,63743,0.008071,16082,331598,0.041987,7897587
2,2021-01-17,9948,404169,3507,238692,6441,165477,0,0,9271,276415,0.035,717,64460,0.008162,9277,340875,0.043162,7897587
2,2021-01-18,18758,422927,10560,249252,8198,173675,0,0,14245,286093,0.036225,4590,69050,0.008743,14268,355143,0.044969,7897587
2,2021-01-19,31391,454318,16580,265832,14811,188486,0,0,23605,301948,0.038233,7860,76910,0.009738,23715,378858,0.047971,7897587
2,2021-01-20,36195,490513,18015,283847,18180,206666,0,0,27667,321132,0.040662,8569,85479,0.010823,27753,406611,0.051485,7897587
2,2021-01-21,39027,529540,16114,299961,22913,229579,0,0,34560,351344,0.044488,4473,89952,0.01139,34685,441296,0.055877,7897587
2,2021-01-22,38723,568263,16218,316179,22505,252084,0,0,35475,383594,0.048571,3256,93208,0.011802,35506,476802,0.060373,7897587
2,2021-01-23,23814,592077,10761,326940,13053,265137,0,0,20905,401639,0.050856,2888,96096,0.012168,20933,497735,0.063024,7897587
2,2021-01-24,12230,604307,6031,332971,6199,271336,0,0,11335,412098,0.05218,886,96982,0.01228,11345,509080,0.06446,7897587
2,2021-01-25,31918,636225,15428,348399,16490,287826,0,0,23476,427180,0.05409,8453,105435,0.01335,23535,532615,0.06744,7897587
2,2021-01-26,38972,675197,19517,367916,19455,307281,0,0,30275,448809,0.056829,8709,114144,0.014453,30338,562953,0.071282,7897587
2,2021-01-27,43975,719172,22474,390390,21501,328782,0,0,34363,473685,0.059978,9535,123679,0.01566,34411,597364,0.075639,7897587
2,2021-01-28,46751,765923,21940,412330,24811,353593,0,0,38451,503863,0.0638,8322,132001,0.016714,38500,635864,0.080514,7897587
2,2021-01-29,44124,810047,21668,433998,22456,376049,0,0,35814,531385,0.067284,8322,140323,0.017768,35844,671708,0.085052,7897587
2,2021-01-30,30667,840714,13429,447427,17238,393287,0,0,27522,555816,0.070378,3120,143443,0.018163,27551,699259,0.088541,7897587
2,2021-01-31,16777,857491,10431,457858,6346,399633,0,0,15589,570244,0.072205,1178,144621,0.018312,15606,714865,0.090517,7897587
2,2021-02-01,39443,896934,19187,477045,20256,419889,0,0,29135,589038,0.074585,10372,154993,0.019625,29166,744031,0.09421,7897587
2,2021-02-02,47180,944114,19826,496871,27354,447243,0,0,35993,613875,0.077729,11250,166243,0.02105,36087,780118,0.098779,7897587
2,2021-02-03,52796,996910,23736,520607,29060,476303,0,0,39493,640047,0.081043,13398,179641,0.022746,39570,819688,0.10379,7897587
2,2021-02-04,54872,1051782,24001,544608,30871,507174,0,0,40334,665839,0.084309,14630,194271,0.024599,40422,860110,0.108908,7897587
2,2021-02-05,58158,1109940,25685,570293,32473,539647,0,0,39817,687434,0.087044,18407,212678,0.026929,40002,900112,0.113973,7897587
2,2021-02-06,38989,1148929,18095,588388,20894,560541,0,0,31530,711637,0.090108,7405,220083,0.027867,31608,931720,0.117975,7897587
2,2021-02-07,15764,1164693,10535,598923,5229,565770,0,0,11930,719809,0.091143,3821,223904,0.028351,11993,943713,0.119494,7897587
2,2021-02-08,41965,1206658,21441,620364,20524,586294,0,0,29193,736402,0.093244,12787,236691,0.02997,29380,973093,0.123214,7897587
2,2021-02-09,47870,1254528,22813,643177,25057,611351,0,0,30322,749364,0.094885,17670,254361,0.032207,30632,1003725,0.127093,7897587
2,2021-02-10,58690,1313218,27728,670905,30962,642313,0,0,34939,760814,0.096335,23830,278191,0.035225,35280,1039005,0.13156,7897587
2,2021-02-11,60347,1373565,27391,698296,32956,675269,0,0,35071,771087,0.097636,25270,303461,0.038425,35543,1074548,0.13606,7897587
2,2021-02-12,63097,1436662,27579,725875,35518,710787,0,0,34281,777077,0.098394,28931,332392,0.042088,34921,1109469,0.140482,7897587
2,2021-02-13,36668,1473330,15409,741284,21259,732046,0,0,21499,783594,0.099219,15358,347750,0.044032,21875,1131344,0.143252,7897587
2,2021-02-14,19156,1492486,9147,750431,10009,742055,0,0,11311,787264,0.099684,8063,355813,0.045053,11733,1143077,0.144738,7897587
2,2021-02-15,31930,1524416,14460,764891,17470,759525,0,0,18160,792553,0.100354,13709,369522,0.046789,18998,1162075,0.147143,7897587
2,2021-02-16,55057,1579473,27505,792396,27552,787077,0,0,29337,797122,0.100932,25669,395191,0.050039,30238,1192313,0.150972,7897587
2,2021-02-17,59820,1639293,30959,823355,28861,815938,0,0,29769,797874,0.101028,30180,425371,0.053861,30932,1223245,0.154888,7897587
2,2021-02-18,63688,1702981,32505,855860,31183,847121,0,0,31302,798145,0.101062,32550,457921,0.057982,32821,1256066,0.159044,7897587
2,2021-02-19,56691,1759672,31820,887680,24871,871992,0,0,28156,798271,0.101078,28731,486652,0.06162,28857,1284923,0.162698,7897587
2,2021-02-20,36415,1796087,23689,911369,12726,884718,0,0,20040,802771,0.101648,16553,503205,0.063716,21053,1305976,0.165364,7897587
2,2021-02-21,17368,1813455,13916,925285,3452,888170,0,0,8728,804136,0.10182,8789,511994,0.064829,10154,1316130,0.16665,7897587
2,2021-02-22,35239,1848694,24157,949442,11082,899252,0,0,16493,803096,0.101689,18806,530800,0.06721,17766,1333896,0.168899,7897587
2,2021-02-23,48067,1896761,25035,974477,23032,922284,0,0,21303,799959,0.101292,27219,558019,0.070657,24082,1357978,0.171948,7897587
2,2021-02-24,64944,1961705,33005,1007482,31939,954223,0,0,29451,797123,0.100932,35664,593683,0.075173,32828,1390806,0.176105,7897587
2,2021-02-25,70557,2032262,32505,1039987,38052,992275,0,0,35844,801561,0.101494,35069,628752,0.079613,39507,1430313,0.181108,7897587
2,2021-02-26,78551,2110813,33866,1073853,44685,1036960,0,0,42549,810200,0.102588,36190,664942,0.084196,44829,1475142,0.186784,7897587
2,2021-02-27,56999,2167812,26194,1100047,30801,1067761,4,4,31639,817471,0.103509,25871,690813,0.087471,33142,1508284,0.19098,7897587
2,2021-02-28,27647,2195459,17009,1117056,10637,1078398,1,5,16593,824192,0.10436,11501,702314,0.088928,18222,1526506,0.193288,7897587
2,2021-03-01,53390,2248849,27943,1144999,25435,1103833,12,17,29728,831819,0.105326,24012,726326,0.091968,31639,1558145,0.197294,7897587
2,2021-03-02,60628,2309477,28165,1173164,32460,1136293,3,20,34812,843458,0.106799,26273,752599,0.095295,37912,1596057,0.202094,7897587
2,2021-03-03,75273,2384750,35541,1208705,39730,1176023,2,22,41839,855082,0.108271,33418,786017,0.099526,45042,1641099,0.207798,7897587
2,2021-03-04,80563,2465313,38284,1246989,42256,1218279,23,45,46966,871290,0.110324,33595,819612,0.10378,49803,1690902,0.214104,7897587
2,2021-03-05,75451,2540764,35585,1282574,39577,1257856,289,334,45862,890638,0.112773,29527,849139,0.107519,48875,1739777,0.220292,7897587
2,2021-03-06,58175,2598939,28364,1310938,28161,1286017,1650,1984,35392,906823,0.114823,22721,871860,0.110396,38906,1778683,0.225219,7897587
2,2021-03-07,26794,2625733,15478,1326416,10386,1296403,930,2914,17107,916771,0.116082,9668,881528,0.11162,19616,1798299,0.227702,7897587
2,2021-03-08,47504,2673237,21586,1348002,23522,1319925,2396,5310,30297,933862,0.118246,17242,898770,0.113803,34333,1832632,0.23205,7897587
2,2021-03-09,61352,2734589,24778,1372780,32860,1352785,3714,9024,32644,943617,0.119482,28626,927396,0.117428,38381,1871013,0.236909,7897587
2,2021-03-10,72191,2806780,32930,1405710,33206,1385991,6055,15079,38209,955893,0.121036,33889,961285,0.121719,46165,1917178,0.242755,7897587
2,2021-03-11,88641,2895421,40043,1445753,40907,1426898,7691,22770,47001,971126,0.122965,41489,1002774,0.126972,56722,1973900,0.249937,7897587
2,2021-03-12,89307,2984728,36376,1482129,41865,1468763,11066,33836,45415,985277,0.124757,43732,1046506,0.13251,57883,2031783,0.257266,7897587
2,2021-03-13,66174,3050902,27248,1509377,31125,1499888,7801,41637,36527,1001273,0.126782,29653,1076159,0.136264,45649,2077432,0.263046,7897587
2,2021-03-14,35372,3086274,17715,1527092,13307,1513195,4350,45987,18825,1008798,0.127735,16441,1092600,0.138346,23966,2101398,0.266081,7897587
2,2021-03-15,64346,3150620,28075,1555167,31490,1544685,4781,50768,36322,1023492,0.129596,27989,1120589,0.14189,42683,2144081,0.271486,7897587
2,2021-03-16,83769,3234389,36330,1591497,43509,1588194,3930,54698,51496,1048647,0.132781,32162,1152751,0.145962,57317,2201398,0.278743,7897587
2,2021-03-17,87784,3322173,41615,1633112,42305,1630499,3864,58562,56819,1079805,0.136726,30813,1183564,0.149864,61971,2263369,0.28659,7897587
2,2021-03-18,93271,3415444,43559,1676671,45437,1675936,4275,62837,58242,1109084,0.140433,34900,1218464,0.154283,64179,2327548,0.294716,7897587
2,2021-03-19,92603,3508047,43588,1720259,43256,1719192,5759,68596,56326,1135969,0.143837,36102,1254566,0.158854,62987,2390535,0.302692,7897587
2,2021-03-20,68115,3576162,32206,1752465,32058,1751250,3851,72447,45739,1163946,0.14738,22276,1276842,0.161675,50253,2440788,0.309055,7897587
2,2021-03-21,32701,3608863,21030,1773495,9697,1760947,1974,74421,20993,1176381,0.148954,11748,1288590,0.163162,24183,2464971,0.312117,7897587
2,2021-03-22,61282,3670145,33300,1806795,24937,1785884,3045,77466,41230,1202142,0.152216,19910,1308500,0.165684,45671,2510642,0.3179,7897587
2,2021-03-23,80608,3750753,42386,1849181,35246,1821130,2976,80442,53429,1233095,0.156136,27000,1335500,0.169102,57953,2568595,0.325238,7897587
2,2021-03-24,87471,3838224,46447,1895628,37687,1858817,3337,83779,53269,1257496,0.159225,34013,1369513,0.173409,58414,2627009,0.332634,7897587
2,2021-03-25,97354,3935578,48091,1943719,45579,1904396,3684,87463,56922,1279190,0.161972,40227,1409740,0.178503,61921,2688930,0.340475,7897587
2,2021-03-26,97784,4033362,48055,1991774,46360,1950756,3369,90832,55369,1297387,0.164276,42153,1451893,0.18384,60350,2749280,0.348116,7897587
2,2021-03-27,72121,4105483,35304,2027078,33628,1984384,3189,94021,37717,1304929,0.165231,34245,1486138,0.188176,41787,2791067,0.353408,7897587
2,2021-03-28,36483,4141966,22159,2049237,13548,1997932,776,94797,20641,1311300,0.166038,15783,1501921,0.190175,22154,2813221,0.356213,7897587
2,2021-03-29,68466,4210432,34899,2084136,31311,2029243,2256,97053,40365,1327426,0.16808,27980,1529901,0.193718,44106,2857327,0.361797,7897587
2,2021-03-30,88171,4298603,42510,2126646,41696,2070939,3965,101018,54717,1353810,0.171421,33329,1563230,0.197938,59713,2917040,0.369358,7897587
2,2021-03-31,97085,4395688,49148,2175794,43134,2114073,4803,105821,58325,1378736,0.174577,38601,1601831,0.202825,63527,2980567,0.377402,7897587
2,2021-04-01,112030,4507718,52965,2228759,50551,2164624,8514,114335,62533,1401371,0.177443,49304,1651135,0.209068,71939,3052506,0.386511,7897587
2,2021-04-02,105609,4613327,49060,2277819,47136,2211760,9413,123748,58478,1422883,0.180167,46919,1698054,0.215009,68431,3120937,0.395176,7897587
2,2021-04-03,73163,4686490,34811,2312630,28990,2240750,9362,133110,37163,1434110,0.181588,35881,1733935,0.219553,47108,3168045,0.401141,7897587
2,2021-04-04,28539,4715029,14191,2326821,10640,2251390,3708,136818,13130,1435666,0.181785,15367,1749302,0.221498,16923,3184968,0.403284,7897587
2,2021-04-05,76667,4791696,37462,2364283,30785,2282175,8420,145238,38059,1444570,0.182913,38515,1787817,0.226375,47419,3232387,0.409288,7897587
2,2021-04-06,99940,4891636,48483,2412766,37356,2319531,14101,159339,48595,1456977,0.184484,51153,1838970,0.232852,63560,3295947,0.417336,7897587
2,2021-04-07,105832,4997468,52774,2465540,37849,2357380,15209,174548,51285,1470148,0.186152,54384,1893354,0.239738,67555,3363502,0.42589,7897587
2,2021-04-08,113219,5110687,54520,2520060,41358,2398738,17341,191889,53268,1481946,0.187645,59741,1953095,0.247303,71539,3435041,0.434948,7897587
2,2021-04-09,107254,5217941,50670,2570730,40700,2439438,15884,207773,51248,1494611,0.189249,55791,2008886,0.254367,68456,3503497,0.443616,7897587
2,2021-04-10,80773,5298714,34993,2605723,29468,2468906,16312,224085,33755,1498934,0.189796,46873,2055759,0.260302,51196,3554693,0.450099,7897587
2,2021-04-11,42524,5341238,22142,2627865,12438,2481344,7944,232029,17879,1501054,0.190065,24566,2080325,0.263413,26686,3581379,0.453478,7897587
2,2021-04-12,73485,5414723,33304,2661169,31981,2513325,8200,240229,33504,1503783,0.19041,39786,2120111,0.26845,42515,3623894,0.458861,7897587
2,2021-04-13,84462,5499185,40428,2701597,43812,2557137,222,240451,44695,1510489,0.19126,39602,2159713,0.273465,46308,3670202,0.464724,7897587
2,2021-04-14,79041,5578226,36920,2738517,42091,2599228,30,240481,38221,1510239,0.191228,40683,2200396,0.278616,40433,3710635,0.469844,7897587
2,2021-04-15,58032,5636258,30639,2769156,27352,2626580,41,240522,31294,1515838,0.191937,26632,2227028,0.281988,32231,3742866,0.473925,7897587
3,2020-12-15,299,299,299,299,0,0,0,0,299,299,3.9e-05,0,0,0.0,299,299,3.9e-05,7688185
3,2020-12-16,2104,2403,2104,2403,0,0,0,0,2104,2403,0.000313,0,0,0.0,2104,2403,0.000313,7688185
3,2020-12-17,7472,9875,7472,9875,0,0,0,0,7471,9874,0.001284,0,0,0.0,7471,9874,0.001284,7688185
3,2020-12-18,12650,22525,12640,22515,10,10,0,0,12650,22524,0.00293,0,0,0.0,12650,22524,0.00293,7688185
3,2020-12-19,6930,29455,6919,29434,11,21,0,0,6994,29518,0.003839,0,0,0.0,6994,29518,0.003839,7688185
3,2020-12-20,5432,34887,5425,34859,7,28,0,0,5480,34997,0.004552,1,1,0.0,5480,34998,0.004552,7688185
3,2020-12-21,14008,48895,13997,48856,11,39,0,0,14073,49069,0.006382,1,2,0.0,14073,49071,0.006383,7688185
3,2020-12-22,14211,63106,13680,62536,531,570,0,0,14250,63319,0.008236,0,2,0.0,14250,63321,0.008236,7688185
3,2020-12-23,14346,77452,11793,74329,2553,3123,0,0,14374,77693,0.010106,0,2,0.0,14374,77695,0.010106,7688185
3,2020-12-24,6717,84169,4817,79146,1900,5023,0,0,6715,84407,0.010979,1,3,0.0,6715,84410,0.010979,7688185
3,2020-12-25,716,84885,662,79808,54,5077,0,0,715,85122,0.011072,0,3,0.0,715,85125,0.011072,7688185
3,2020-12-26,4572,89457,2981,82789,1591,6668,0,0,4570,89692,0.011666,0,3,0.0,4570,89695,0.011667,7688185
3,2020-12-27,2943,92400,1828,84617,1115,7783,0,0,2944,92636,0.012049,0,3,0.0,2944,92639,0.01205,7688185
3,2020-12-28,13253,105653,8477,93094,4776,12559,0,0,13280,105915,0.013776,1,4,1e-06,13280,105919,0.013777,7688185
3,2020-12-29,14700,120353,8293,101387,6407,18966,0,0,14731,120645,0.015692,1,5,1e-06,14731,120650,0.015693,7688185
3,2020-12-30,17709,138062,9920,111307,7789,26755,0,0,17699,138344,0.017994,0,5,1e-06,17699,138349,0.017995,7688185
3,2020-12-31,8011,146073,3017,114324,4994,31749,0,0,8010,146353,0.019036,1,6,1e-06,8010,146359,0.019037,7688185
3,2021-01-01,1100,147173,492,114816,608,32357,0,0,1097,147450,0.019179,0,6,1e-06,1097,147456,0.01918,7688185
3,2021-01-02,4891,152064,2406,117222,2485,34842,0,0,4892,152342,0.019815,0,6,1e-06,4892,152348,0.019816,7688185
3,2021-01-03,1548,153612,837,118059,711,35553,0,0,1555,153893,0.020017,4,10,1e-06,1555,153903,0.020018,7688185
3,2021-01-04,11734,165346,5905,123964,5829,41382,0,0,11709,165596,0.021539,6,16,2e-06,11709,165612,0.021541,7688185
3,2021-01-05,15268,180614,7867,131831,7401,48783,0,0,13760,177866,0.023135,1494,1510,0.000196,13764,179376,0.023331,7688185
3,2021-01-06,19635,200249,10243,142074,9392,58175,0,0,15507,189291,0.024621,4087,5597,0.000728,15512,194888,0.025349,7688185
3,2021-01-07,25466,225715,14523,156597,10943,69118,0,0,16579,197021,0.025626,8862,14459,0.001881,16592,211480,0.027507,7688185
3,2021-01-08,29543,255258,18114,174711,11429,80547,0,0,17599,202717,0.026367,11922,26381,0.003431,17618,229098,0.029799,7688185
3,2021-01-09,11900,267158,6691,181402,5209,85756,0,0,7666,206160,0.026815,4228,30609,0.003981,7671,236769,0.030796,7688185
3,2021-01-10,7113,274271,4442,185844,2671,88427,0,0,3988,207029,0.026928,3123,33732,0.004388,3992,240761,0.031316,7688185
3,2021-01-11,28121,302392,18340,204184,9781,98208,0,0,15961,210850,0.027425,12153,45885,0.005968,15974,256735,0.033393,7688185
3,2021-01-12,31289,333681,18650,222834,12639,110847,0,0,19200,218041,0.028361,12073,57958,0.007539,19264,275999,0.035899,7688185
3,2021-01-13,33783,367464,17732,240566,16051,126898,0,0,23922,232039,0.030181,9940,67898,0.008831,23938,299937,0.039013,7688185
3,2021-01-14,33748,401212,13942,254508,19806,146704,0,0,28006,254339,0.033082,5733,73631,0.009577,28033,327970,0.042659,7688185
3,2021-01-15,37940,439152,14216,268724,23724,170428,0,0,33425,283309,0.03685,4508,78139,0.010164,33478,361448,0.047013,7688185
3,2021-01-16,21351,460503,7580,276304,13771,184199,0,0,19060,300112,0.039035,2277,80416,0.01046,19080,380528,0.049495,7688185
3,2021-01-17,12599,473102,4453,280757,8146,192345,0,0,11585,310700,0.040413,1014,81430,0.010592,11602,392130,0.051004,7688185
3,2021-01-18,24360,497462,12663,293420,11697,204042,0,0,18940,324235,0.042173,5440,86870,0.011299,18975,411105,0.053472,7688185
3,2021-01-19,39809,537271,20529,313949,19280,223322,0,0,30956,346437,0.045061,8830,95700,0.012448,31032,442137,0.057509,7688185
3,2021-01-20,43838,581109,21574,335523,22264,245586,0,0,34754,372208,0.048413,9050,104750,0.013625,34821,476958,0.062038,7688185
3,2021-01-21,45997,627106,19713,355236,26284,271870,0,0,40799,407930,0.053059,5132,109882,0.014292,40854,517812,0.067352,7688185
3,2021-01-22,48210,675316,19217,374453,28993,300863,0,0,44173,448114,0.058286,4053,113935,0.014819,44237,562049,0.073106,7688185
3,2021-01-23,29563,704879,12608,387061,16955,317818,0,0,26307,471214,0.061291,3245,117180,0.015242,26345,588394,0.076532,7688185
3,2021-01-24,17255,722134,8411,395472,8844,326662,0,0,16119,486223,0.063243,1133,118313,0.015389,16142,604536,0.078632,7688185
3,2021-01-25,39484,761618,17600,413072,21884,348546,0,0,29854,506533,0.065885,9617,127930,0.01664,29927,634463,0.082524,7688185
3,2021-01-26,45694,807312,21854,434926,23840,372386,0,0,35943,532831,0.069305,9747,137677,0.017908,36045,670508,0.087213,7688185
3,2021-01-27,49343,856655,23970,458896,25373,397759,0,0,39128,561894,0.073085,10133,147810,0.019226,39196,709704,0.092311,7688185
3,2021-01-28,50112,906767,23395,482291,26717,424476,0,0,41587,595072,0.077401,8448,156258,0.020324,41626,751330,0.097725,7688185
3,2021-01-29,49166,955933,23735,506026,25431,449907,0,0,39938,625962,0.081419,9090,165348,0.021507,39980,791310,0.102925,7688185
3,2021-01-30,35673,991606,17123,523149,18550,468457,0,0,31432,653041,0.084941,4425,169773,0.022082,31504,822814,0.107023,7688185
3,2021-01-31,21726,1013332,12760,535909,8966,477423,0,0,20279,671895,0.087393,1438,171211,0.022269,20292,843106,0.109663,7688185
3,2021-02-01,44087,1057419,19936,555845,24151,501574,0,0,34147,696173,0.090551,9905,181116,0.023558,34183,877289,0.114109,7688185
3,2021-02-02,52732,1110151,22304,578149,30428,532002,0,0,40356,724208,0.094198,12370,193486,0.025167,40405,917694,0.119364,7688185
3,2021-02-03,58754,1168905,26283,604432,32471,564473,0,0,43861,753355,0.097989,14775,208261,0.027088,43922,961616,0.125077,7688185
3,2021-02-04,62730,1231635,27458,631890,35272,599745,0,0,46190,783109,0.101859,16533,224794,0.029239,46287,1007903,0.131098,7688185
3,2021-02-05,68658,1300293,29289,661179,39369,639114,0,0,47735,810115,0.105371,20892,245686,0.031956,47898,1055801,0.137328,7688185
3,2021-02-06,43032,1343325,20928,682107,22104,661218,0,0,33377,834049,0.108485,9628,255314,0.033209,33562,1089363,0.141693,7688185
3,2021-02-07,19249,1362574,12150,694257,7099,668317,0,0,14807,844550,0.10985,4430,259744,0.033785,14931,1104294,0.143635,7688185
3,2021-02-08,49969,1412543,23956,718213,26013,694330,0,0,32971,860617,0.11194,17093,276837,0.036008,33160,1137454,0.147948,7688185
3,2021-02-09,56863,1469406,27779,745992,29084,723414,0,0,33354,870813,0.113266,23498,300335,0.039064,33694,1171148,0.152331,7688185
3,2021-02-10,65600,1535006,30863,776855,34737,758151,0,0,35523,876862,0.114053,29989,330324,0.042965,36038,1207186,0.157018,7688185
3,2021-02-11,67997,1603003,33479,810334,34518,792669,0,0,36717,883004,0.114852,31102,361426,0.047011,37244,1244430,0.161863,7688185
3,2021-02-12,73031,1676034,31635,841969,41396,834065,0,0,40716,892189,0.116047,32277,393703,0.051209,41462,1285892,0.167256,7688185
3,2021-02-13,43607,1719641,20022,861991,23585,857650,0,0,25335,899963,0.117058,18140,411843,0.053568,25914,1311806,0.170626,7688185
3,2021-02-14,26472,1746113,13413,875404,13059,870709,0,0,15051,904093,0.117595,11380,423223,0.055048,15510,1327316,0.172644,7688185
3,2021-02-15,39152,1785265,16863,892267,22289,892998,0,0,21813,909583,0.118309,17279,440502,0.057296,22769,1350085,0.175605,7688185
3,2021-02-16,67618,1852883,32314,924581,35304,928302,0,0,35539,914090,0.118895,32079,472581,0.061468,36586,1386671,0.180364,7688185
3,2021-02-17,69156,1922039,35208,959789,33948,962250,0,0,33129,912425,0.118679,35893,508474,0.066137,34228,1420899,0.184816,7688185
3,2021-02-18,73746,1995785,38739,998528,35007,997257,0,0,34464,909019,0.118236,39237,547711,0.071241,35831,1456730,0.189476,7688185
3,2021-02-19,65672,2061457,37981,1036509,27691,1024948,0,0,33639,911227,0.118523,32121,579832,0.075419,34329,1491059,0.193942,7688185
3,2021-02-20,40397,2101854,25652,1062161,14745,1039693,0,0,21611,914616,0.118964,18713,598545,0.077853,22102,1513161,0.196816,7688185
3,2021-02-21,18924,2120778,15519,1077680,3405,1043098,0,0,8917,914018,0.118886,9951,608496,0.079147,9353,1522514,0.198033,7688185
3,2021-02-22,43321,2164099,28102,1105782,15219,1058317,0,0,20255,911803,0.118598,23025,631521,0.082142,20810,1543324,0.20074,7688185
3,2021-02-23,57487,2221586,31320,1137102,26167,1084484,0,0,25155,906714,0.117936,32279,663800,0.08634,27190,1570514,0.204276,7688185
3,2021-02-24,73338,2294924,35587,1172689,37751,1122235,0,0,32340,900692,0.117153,40921,704721,0.091663,34899,1605413,0.208816,7688185
3,2021-02-25,81373,2376297,39153,1211842,42220,1164455,0,0,40555,903229,0.117483,40647,745368,0.09695,43184,1648597,0.214433,7688185
3,2021-02-26,92926,2469223,42281,1254123,50645,1215100,0,0,49282,911324,0.118536,43372,788740,0.102591,51467,1700064,0.221127,7688185
3,2021-02-27,64923,2534146,29447,1283570,35473,1250573,3,3,34614,917062,0.119282,30188,818928,0.106518,35926,1735990,0.2258,7688185
3,2021-02-28,36540,2570686,21451,1305021,15089,1265662,0,3,18949,919530,0.119603,17483,836411,0.108792,19951,1755941,0.228395,7688185
3,2021-03-01,63532,2634218,33745,1338766,29785,1295447,2,5,35526,928584,0.120781,27889,864300,0.112419,36943,1792884,0.2332,7688185
3,2021-03-02,70476,2704694,33949,1372715,36526,1331973,1,6,41373,943084,0.122667,28991,893291,0.11619,43491,1836375,0.238857,7688185
3,2021-03-03,84463,2789157,39755,1412470,44698,1376671,10,16,46720,954555,0.124159,37596,930887,0.12108,49067,1885442,0.245239,7688185
3,2021-03-04,86937,2876094,42664,1455134,44257,1420928,16,32,49597,969312,0.126078,37185,968072,0.125917,51942,1937384,0.251995,7688185
3,2021-03-05,84549,2960643,41211,1496345,43056,1463984,282,314,51745,991009,0.1289,32629,1000701,0.130161,54326,1991710,0.259061,7688185
3,2021-03-06,61446,3022089,30709,1527054,28620,1492604,2117,2431,35096,1003531,0.130529,26249,1026950,0.133575,38771,2030481,0.264104,7688185
3,2021-03-07,36238,3058327,21318,1548372,13832,1506436,1088,3519,20850,1011828,0.131608,15348,1042298,0.135571,23645,2054126,0.26718,7688185
3,2021-03-08,56087,3114414,26726,1575098,26557,1532993,2804,6323,35465,1031158,0.134122,20531,1062829,0.138242,39861,2093987,0.272364,7688185
3,2021-03-09,67596,3182010,28736,1603834,34566,1567559,4294,10617,35209,1040192,0.135297,32315,1095144,0.142445,41349,2135336,0.277743,7688185
3,2021-03-10,77258,3259268,37890,1641724,33570,1601129,5798,16415,40408,1051726,0.136798,36721,1131865,0.147221,48255,2183591,0.284019,7688185
3,2021-03-11,91809,3351077,44984,1686708,38661,1639790,8164,24579,45156,1060186,0.137898,46473,1178338,0.153266,54933,2238524,0.291164,7688185
3,2021-03-12,97986,3449063,43415,1730123,42962,1682752,11609,36188,44697,1064514,0.138461,53137,1231475,0.160178,57465,2295989,0.298639,7688185
3,2021-03-13,67402,3516465,28252,1758375,32051,1714803,7099,43287,35537,1076760,0.140054,31788,1263263,0.164312,44034,2340023,0.304366,7688185
3,2021-03-14,39722,3556187,20894,1779269,15401,1730204,3427,46714,21664,1084587,0.141072,18007,1281270,0.166654,25834,2365857,0.307726,7688185
3,2021-03-15,72912,3629099,34149,1813418,34390,1764594,4373,51087,39003,1095564,0.1425,33782,1315052,0.171048,44759,2410616,0.313548,7688185
3,2021-03-16,91087,3720186,41770,1855188,45230,1809824,4087,55174,52166,1114503,0.144963,38773,1353825,0.176092,57712,2468328,0.321055,7688185
3,2021-03-17,93750,3813936,45023,1900211,44432,1854256,4295,59469,57965,1141959,0.148534,35641,1389466,0.180727,63097,2531425,0.329262,7688185
3,2021-03-18,97537,3911473,49110,1949321,44237,1898493,4190,63659,57407,1165057,0.151539,39952,1429418,0.185924,63050,2594475,0.337463,7688185
3,2021-03-19,97819,4009292,51802,2001123,41834,1940327,4183,67842,55833,1183961,0.153997,41814,1471232,0.191363,60718,2655193,0.34536,7688185
3,2021-03-20,69301,4078593,35593,2036716,30230,1970557,3478,71320,43911,1206814,0.15697,25247,1496479,0.194647,48100,2703293,0.351617,7688185
3,2021-03-21,34695,4113288,23651,2060367,9622,1980179,1422,72742,22692,1220119,0.158701,11932,1508411,0.196199,25237,2728530,0.354899,7688185
3,2021-03-22,67589,4180877,39547,2099914,25806,2005985,2236,74978,44599,1245587,0.162013,22847,1531258,0.19917,48315,2776845,0.361183,7688185
3,2021-03-23,86172,4267049,47446,2147360,36388,2042373,2338,77316,56355,1276039,0.165974,29648,1560906,0.203027,60100,2836945,0.369001,7688185
3,2021-03-24,95111,4362160,54982,2202342,37630,2080003,2499,79815,56350,1297769,0.1688,38511,1599417,0.208036,60241,2897186,0.376836,7688185
3,2021-03-25,102454,4464614,56880,2259222,42792,2122795,2782,82597,59499,1318559,0.171505,42719,1642136,0.213592,63509,2960695,0.385097,7688185
3,2021-03-26,105998,4570612,57119,2316341,45724,2168519,3155,85752,56911,1331227,0.173152,48864,1691000,0.219948,61532,3022227,0.3931,7688185
3,2021-03-27,71764,4642376,36172,2352513,33075,2201594,2517,88269,36261,1335338,0.173687,35352,1726352,0.224546,39463,3061690,0.398233,7688185
3,2021-03-28,42592,4684968,26746,2379259,15051,2216645,795,89064,22800,1339721,0.174257,19713,1746065,0.22711,24096,3085786,0.401367,7688185
3,2021-03-29,77697,4762665,40738,2419997,35265,2251910,1694,90758,44672,1354641,0.176198,32859,1778924,0.231384,47779,3133565,0.407582,7688185
3,2021-03-30,96949,4859614,47725,2467722,45902,2297812,3322,94080,59707,1381586,0.179702,37067,1815991,0.236205,64012,3197577,0.415908,7688185
3,2021-03-31,101785,4961399,54818,2522540,42283,2340095,4684,98764,57223,1399430,0.182023,44417,1860408,0.241983,62261,3259838,0.424006,7688185
3,2021-04-01,117771,5079170,59520,2582060,48999,2389094,9252,108016,65394,1422699,0.18505,52202,1912610,0.248773,75471,3335309,0.433823,7688185
3,2021-04-02,112760,5191930,55222,2637282,47894,2436988,9644,117660,61103,1442537,0.18763,51465,1964075,0.255467,71303,3406612,0.443097,7688185
3,2021-04-03,73342,5265272,37209,2674491,27319,2464307,8814,126474,37299,1453182,0.189015,35924,1999999,0.260139,46569,3453181,0.449154,7688185
3,2021-04-04,31240,5296512,16770,2691261,10591,2474898,3879,130353,13890,1453721,0.189085,17296,2017295,0.262389,17835,3471016,0.451474,7688185
3,2021-04-05,86187,5382699,43954,2735215,33522,2508420,8711,139064,43424,1464123,0.190438,42636,2059931,0.267935,53038,3524054,0.458373,7688185
3,2021-04-06,108912,5491611,53358,2788573,40921,2549341,14633,153697,52719,1476471,0.192044,56002,2115933,0.275219,68350,3592404,0.467263,7688185
3,2021-04-07,111716,5603327,58246,2846819,38307,2587648,15163,168860,55536,1491825,0.194041,55989,2171922,0.282501,71343,3663747,0.476543,7688185
3,2021-04-08,114423,5717750,57773,2904592,38012,2625660,18638,187498,54488,1506213,0.195913,59731,2231653,0.29027,74119,3737866,0.486183,7688185
3,2021-04-09,107132,5824882,53053,2957645,37087,2662747,16992,204490,48348,1514075,0.196935,58607,2290260,0.297893,66469,3804335,0.494829,7688185
3,2021-04-10,78757,5903639,35415,2993060,29269,2692016,14073,218563,32312,1515247,0.197088,46318,2336578,0.303918,47490,3851825,0.501006,7688185
3,2021-04-11,42698,5946337,22969,3016029,12341,2704357,7388,225951,16371,1513576,0.19687,26261,2362839,0.307334,24590,3876415,0.504204,7688185
3,2021-04-12,77098,6023435,38352,3054381,30979,2735336,7767,233718,35821,1516974,0.197312,41120,2403959,0.312682,44518,3920933,0.509995,7688185
3,2021-04-13,86391,6109826,44285,3098666,41947,2777283,159,233877,44999,1522109,0.19798,41248,2445207,0.318047,46383,3967316,0.516028,7688185
3,2021-04-14,79922,6189748,39706,3138372,40140,2817423,76,233953,38843,1522168,0.197988,40914,2486121,0.323369,40973,4008289,0.521357,7688185
3,2021-04-15,56869,6246617,31528,3169900,25303,2842726,38,233991,31388,1528894,0.198863,25356,2511477,0.326667,32082,4040371,0.52553,7688185
4,2020-12-15,443,443,443,443,0,0,0,0,443,443,5.8e-05,0,0,0.0,443,443,5.8e-05,7584050
4,2020-12-16,2917,3360,2917,3360,0,0,0,0,2917,3360,0.000443,0,0,0.0,2917,3360,0.000443,7584050
4,2020-12-17,8429,11789,8429,11789,0,0,0,0,8429,11789,0.001554,0,0,0.0,8429,11789,0.001554,7584050
4,2020-12-18,15251,27040,15242,27031,9,9,0,0,15251,27040,0.003565,0,0,0.0,15251,27040,0.003565,7584050
4,2020-12-19,10171,37211,10164,37195,7,16,0,0,10106,37146,0.004898,0,0,0.0,10106,37146,0.004898,7584050
4,2020-12-20,7332,44543,7320,44515,12,28,0,0,7285,44431,0.005858,0,0,0.0,7285,44431,0.005858,7584050
4,2020-12-21,16146,60689,16126,60641,20,48,0,0,16079,60510,0.007979,0,0,0.0,16079,60510,0.007979,7584050
4,2020-12-22,16942,77631,16234,76875,708,756,0,0,16899,77409,0.010207,0,0,0.0,16899,77409,0.010207,7584050
4,2020-12-23,16739,94370,14079,90954,2660,3416,0,0,16710,94119,0.01241,0,0,0.0,16710,94119,0.01241,7584050
4,2020-12-24,8492,102862,5923,96877,2569,5985,0,0,8492,102611,0.01353,0,0,0.0,8492,102611,0.01353,7584050
4,2020-12-25,897,103759,792,97669,105,6090,0,0,896,103506,0.013648,1,1,0.0,896,103507,0.013648,7584050
4,2020-12-26,6155,109914,3860,101529,2295,8385,0,0,6154,109660,0.014459,0,1,0.0,6154,109661,0.014459,7584050
4,2020-12-27,3412,113326,1993,103522,1419,9804,0,0,3412,113072,0.014909,0,1,0.0,3412,113073,0.014909,7584050
4,2020-12-28,14848,128174,9189,112711,5659,15463,0,0,14819,127890,0.016863,1,2,0.0,14819,127892,0.016863,7584050
4,2020-12-29,15140,143314,8384,121095,6756,22219,0,0,15106,142996,0.018855,0,2,0.0,15106,142998,0.018855,7584050
4,2020-12-30,18759,162073,11021,132116,7738,29957,0,0,18748,161742,0.021327,2,4,1e-06,18748,161746,0.021327,7584050
4,2020-12-31,8131,170204,3301,135417,4830,34787,0,0,8126,169866,0.022398,2,6,1e-06,8126,169872,0.022399,7584050
4,2021-01-01,1116,171320,462,135879,654,35441,0,0,1115,170980,0.022545,1,7,1e-06,1115,170987,0.022546,7584050
4,2021-01-02,5615,176935,3177,139056,2438,37879,0,0,5614,176593,0.023285,1,8,1e-06,5614,176601,0.023286,7584050
4,2021-01-03,2099,179034,1246,140302,853,38732,0,0,2085,178674,0.023559,4,12,2e-06,2085,178686,0.023561,7584050
4,2021-01-04,12874,191908,7024,147326,5850,44582,0,0,12826,191469,0.025246,31,43,6e-06,12826,191512,0.025252,7584050
4,2021-01-05,16560,208468,9791,157117,6769,51351,0,0,14574,204089,0.02691,1964,2007,0.000265,14584,206096,0.027175,7584050
4,2021-01-06,21293,229761,13068,170185,8225,59576,0,0,15507,213875,0.028201,5732,7739,0.00102,15518,221614,0.029221,7584050
4,2021-01-07,27498,257259,16764,186949,10734,70310,0,0,16930,220202,0.029035,10614,18353,0.00242,16941,238555,0.031455,7584050
4,2021-01-08,32404,289663,20798,207747,11606,81916,0,0,18373,224623,0.029618,13966,32319,0.004261,18387,256942,0.033879,7584050
4,2021-01-09,15942,305605,9405,217152,6537,88453,0,0,9349,227410,0.029985,6572,38891,0.005128,9359,266301,0.035113,7584050
4,2021-01-10,8665,314270,5600,222752,3065,91518,0,0,4078,226928,0.029922,4566,43457,0.00573,4084,270385,0.035652,7584050
4,2021-01-11,32991,347261,21560,244312,11431,102949,0,0,18633,231263,0.030493,14318,57775,0.007618,18653,289038,0.038111,7584050
4,2021-01-12,37706,384967,21564,265876,16142,119091,0,0,23851,241293,0.031816,13857,71632,0.009445,23887,312925,0.041261,7584050
4,2021-01-13,38134,423101,18758,284634,19376,138467,0,0,27055,257342,0.033932,11027,82659,0.010899,27076,340001,0.044831,7584050
4,2021-01-14,38600,461701,14732,299366,23868,162335,0,0,31593,281997,0.037183,6965,89624,0.011817,31620,371621,0.049,7584050
4,2021-01-15,44745,506446,15497,314863,29248,191583,0,0,39278,315880,0.041651,5413,95037,0.012531,39296,410917,0.054182,7584050
4,2021-01-16,28393,534839,9304,324167,19089,210672,0,0,25298,338132,0.044585,3059,98096,0.012935,25311,436228,0.057519,7584050
4,2021-01-17,18842,553681,6619,330786,12223,222895,0,0,17339,354007,0.046678,1478,99574,0.013129,17353,453581,0.059807,7584050
4,2021-01-18,29027,582708,13333,344119,15694,238589,0,0,23096,371298,0.048958,5835,105409,0.013899,23126,476707,0.062857,7584050
4,2021-01-19,45583,628291,23105,367224,22478,261067,0,0,36349,398537,0.052549,9178,114587,0.015109,36417,513124,0.067658,7584050
4,2021-01-20,50886,679177,26903,394127,23983,285050,0,0,40608,429009,0.056567,10186,124773,0.016452,40658,553782,0.073019,7584050
4,2021-01-21,55628,734805,24551,418678,31077,316127,0,0,49371,472218,0.062265,6195,130968,0.017269,49404,603186,0.079533,7584050
4,2021-01-22,54296,789101,21826,440504,32470,348597,0,0,49267,516586,0.068115,4929,135897,0.017919,49297,652483,0.086034,7584050
4,2021-01-23,39218,828319,17356,457860,21862,370459,0,0,34955,547315,0.072167,4254,140151,0.01848,34983,687466,0.090646,7584050
4,2021-01-24,23721,852040,10420,468280,13301,383760,0,0,21869,567352,0.074809,1846,141997,0.018723,21883,709349,0.093532,7584050
4,2021-01-25,47129,899169,21757,490037,25372,409132,0,0,36233,592766,0.07816,10872,152869,0.020157,36286,745635,0.098316,7584050
4,2021-01-26,55681,954850,28449,518486,27232,436364,0,0,43743,624682,0.082368,11883,164752,0.021723,43799,789434,0.104091,7584050
4,2021-01-27,54606,1009456,26448,544934,28158,464522,0,0,43792,657845,0.086741,10681,175433,0.023132,43844,833278,0.109872,7584050
4,2021-01-28,55727,1065183,25301,570235,30426,494948,0,0,45901,694048,0.091514,9738,185171,0.024416,45941,879219,0.11593,7584050
4,2021-01-29,55565,1120748,26714,596949,28851,523799,0,0,45408,729461,0.096184,10017,195188,0.025737,45430,924649,0.12192,7584050
4,2021-01-30,37227,1157975,16950,613899,20277,544076,0,0,32034,756371,0.099732,5146,200334,0.026415,32056,956705,0.126147,7584050
4,2021-01-31,23681,1181656,12437,626336,11244,555320,0,0,22109,776932,0.102443,1558,201892,0.026621,22119,978824,0.129063,7584050
4,2021-02-01,47791,1229447,22594,648930,25197,580517,0,0,37615,804431,0.106069,10155,212047,0.02796,37654,1016478,0.134028,7584050
4,2021-02-02,55420,1284867,26330,675260,29090,609607,0,0,41806,832793,0.109808,13485,225532,0.029738,41847,1058325,0.139546,7584050
4,2021-02-03,61350,1346217,30188,705448,31162,640769,0,0,47309,866220,0.114216,13935,239467,0.031575,47362,1105687,0.145791,7584050
4,2021-02-04,66679,1412896,31155,736603,35524,676293,0,0,50196,900188,0.118695,16328,255795,0.033728,50296,1155983,0.152423,7584050
4,2021-02-05,71996,1484892,33396,769999,38600,714893,0,0,50322,929203,0.122521,21435,277230,0.036554,50450,1206433,0.159075,7584050
4,2021-02-06,47841,1532733,25896,795895,21945,736838,0,0,36479,954548,0.125863,11335,288565,0.038049,36680,1243113,0.163911,7584050
4,2021-02-07,26171,1558904,17257,813152,8914,745752,0,0,19846,968338,0.127681,6289,294854,0.038878,20079,1263192,0.166559,7584050
4,2021-02-08,57564,1616468,29561,842713,28003,773755,0,0,37429,986018,0.130012,20011,314865,0.041517,37691,1300883,0.171529,7584050
4,2021-02-09,66229,1682697,33833,876546,32396,806151,0,0,38835,997910,0.13158,27339,342204,0.045122,39231,1340114,0.176702,7584050
4,2021-02-10,76309,1759006,38236,914782,38073,844224,0,0,40768,1003888,0.132368,35319,377523,0.049779,41297,1381411,0.182147,7584050
4,2021-02-11,79663,1838669,41544,956326,38119,882343,0,0,41362,1007805,0.132885,38101,415624,0.054802,42018,1423429,0.187687,7584050
4,2021-02-12,83102,1921771,37235,993561,45867,928210,0,0,42991,1011608,0.133386,39963,455587,0.060072,43766,1467195,0.193458,7584050
4,2021-02-13,57985,1979756,29427,1022988,28558,956768,0,0,29701,1013973,0.133698,28221,483808,0.063793,30586,1497781,0.197491,7584050
4,2021-02-14,36424,2016180,18946,1041934,17478,974246,0,0,18803,1015822,0.133942,17628,501436,0.066117,19477,1517258,0.200059,7584050
4,2021-02-15,45497,2061677,21308,1063242,24189,998435,0,0,23559,1018699,0.134321,21877,523313,0.069002,24754,1542012,0.203323,7584050
4,2021-02-16,78641,2140318,36045,1099287,42596,1041031,0,0,40353,1022109,0.134771,38212,561525,0.07404,41622,1583634,0.208811,7584050
4,2021-02-17,79689,2220007,37636,1136923,42053,1083084,0,0,38320,1020366,0.134541,41231,602756,0.079477,39488,1623122,0.214018,7584050
4,2021-02-18,81699,2301706,45153,1182076,36546,1119630,0,0,38096,1016477,0.134028,43481,646237,0.08521,39592,1662714,0.219238,7584050
4,2021-02-19,80262,2381968,50561,1232637,29701,1149331,0,0,40562,1018157,0.13425,39574,685811,0.090428,41254,1703968,0.224678,7584050
4,2021-02-20,47418,2429386,31934,1264571,15484,1164815,0,0,26305,1023982,0.135018,21171,706982,0.09322,26996,1730964,0.228237,7584050
4,2021-02-21,25328,2454714,19840,1284411,5488,1170303,0,0,11654,1022198,0.134783,13763,720745,0.095034,11979,1742943,0.229817,7584050
4,2021-02-22,51630,2506344,35608,1320019,16022,1186325,0,0,25139,1021431,0.134681,26417,747162,0.098518,25650,1768593,0.233199,7584050
4,2021-02-23,71525,2577869,39587,1359606,31938,1218263,0,0,31457,1014657,0.133788,39964,787126,0.103787,33190,1801783,0.237575,7584050
4,2021-02-24,86542,2664411,45468,1405074,41074,1259337,0,0,39283,1009038,0.133047,47092,834218,0.109996,41473,1843256,0.243044,7584050
4,2021-02-25,96427,2760838,50155,1455229,46272,1305609,0,0,46218,1007769,0.13288,50072,884290,0.116599,48803,1892059,0.249479,7584050
4,2021-02-26,102790,2863628,51742,1506971,51048,1356657,0,0,53056,1013608,0.13365,49541,933831,0.123131,55380,1947439,0.256781,7584050
4,2021-02-27,74115,2937743,40152,1547123,33958,1390615,5,5,39665,1020359,0.13454,34400,968231,0.127667,41151,1988590,0.262207,7584050
4,2021-02-28,44528,2982271,27655,1574778,16872,1407487,1,6,24840,1026512,0.135351,19629,987860,0.130255,25782,2014372,0.265606,7584050
4,2021-03-01,73495,3055766,42881,1617659,30610,1438097,4,10,40720,1035871,0.136585,32616,1020476,0.134556,41975,2056347,0.271141,7584050
4,2021-03-02,76588,3132354,42859,1660518,33726,1471823,3,13,45905,1053059,0.138852,30562,1051038,0.138585,47750,2104097,0.277437,7584050
4,2021-03-03,96189,3228543,50586,1711104,45597,1517420,6,19,53240,1065346,0.140472,42786,1093824,0.144227,55073,2159170,0.284699,7584050
4,2021-03-04,93058,3321601,51757,1762861,41289,1558709,12,31,51343,1076959,0.142003,41555,1135379,0.149706,53168,2212338,0.291709,7584050
4,2021-03-05,90465,3412066,48409,1811270,41749,1600458,307,338,53627,1096360,0.144561,36690,1172069,0.154544,56091,2268429,0.299105,7584050
4,2021-03-06,72643,3484709,40803,1852073,29244,1629702,2596,2934,44387,1116627,0.147234,28174,1200243,0.158259,48441,2316870,0.305492,7584050
4,2021-03-07,41072,3525781,26121,1878194,13815,1643517,1136,4070,24331,1127288,0.148639,16684,1216927,0.160459,27345,2344215,0.309098,7584050
4,2021-03-08,64177,3589958,33250,1911444,27818,1671335,3109,7179,42255,1152168,0.15192,21835,1238762,0.163338,46715,2390930,0.315258,7584050
4,2021-03-09,72263,3662221,33364,1944808,33834,1705169,5065,12244,37385,1161500,0.15315,34751,1273513,0.16792,44083,2435013,0.32107,7584050
4,2021-03-10,86772,3748993,44141,1988949,35414,1740583,7217,19461,43430,1170406,0.154325,43227,1316740,0.17362,52133,2487146,0.327944,7584050
4,2021-03-11,98305,3847298,51729,2040678,38484,1779067,8092,27553,45466,1172900,0.154654,52658,1369398,0.180563,55152,2542298,0.335216,7584050
4,2021-03-12,102105,3949403,50237,2090915,41788,1820855,10080,37633,43611,1169251,0.154172,58308,1427706,0.188251,54659,2596957,0.342424,7584050
4,2021-03-13,78801,4028204,36583,2127498,33991,1854846,8227,45860,36861,1173682,0.154757,41834,1469540,0.193767,46265,2643222,0.348524,7584050
4,2021-03-14,48676,4076880,27837,2155335,17298,1872144,3541,49401,24908,1179082,0.155469,23704,1493244,0.196893,29104,2672326,0.352361,7584050
4,2021-03-15,82124,4159004,43907,2199242,34075,1906219,4142,53543,42374,1187823,0.156621,39598,1532842,0.202114,48339,2720665,0.358735,7584050
4,2021-03-16,104884,4263888,54465,2253707,47099,1953318,3320,56863,56204,1200491,0.158292,48505,1581347,0.20851,61173,2781838,0.366801,7584050
4,2021-03-17,103098,4366986,55468,2309175,44295,1997613,3335,60198,60526,1222630,0.161211,42393,1623740,0.214099,64532,2846370,0.37531,7584050
4,2021-03-18,102791,4469777,57044,2366219,42196,2039809,3551,63749,58790,1242907,0.163884,43804,1667544,0.219875,64081,2910451,0.383759,7584050
4,2021-03-19,106996,4576773,61115,2427334,40845,2080654,5036,68785,61703,1265109,0.166812,45095,1712639,0.225821,67297,2977748,0.392633,7584050
4,2021-03-20,81319,4658092,47543,2474877,30813,2111467,2963,71748,50667,1288757,0.16993,30491,1743130,0.229842,54139,3031887,0.399771,7584050
4,2021-03-21,46715,4704807,33796,2508673,10663,2122130,2256,74004,28381,1302718,0.171771,18223,1761353,0.232244,32184,3064071,0.404015,7584050
4,2021-03-22,79338,4784145,52168,2560841,24651,2146781,2519,76523,50599,1328829,0.175214,28594,1789947,0.236015,54705,3118776,0.411228,7584050
4,2021-03-23,101111,4885256,60260,2621101,38824,2185605,2027,78550,63464,1358423,0.179116,37434,1827381,0.240951,67028,3185804,0.420066,7584050
4,2021-03-24,109973,4995229,71118,2692219,36588,2222193,2267,80817,63177,1378852,0.181809,46487,1873868,0.24708,66916,3252720,0.42889,7584050
4,2021-03-25,112627,5107856,69129,2761348,41245,2263438,2253,83070,65496,1401089,0.184742,46767,1920635,0.253247,69004,3321724,0.437988,7584050
4,2021-03-26,115618,5223474,70148,2831496,42496,2305934,2974,86044,64750,1419667,0.187191,50622,1971257,0.259921,69200,3390924,0.447113,7584050
4,2021-03-27,88879,5312353,52574,2884070,34536,2340470,1769,87813,46315,1425851,0.188007,42390,2013647,0.265511,48574,3439498,0.453517,7584050
4,2021-03-28,54152,5366505,35552,2919622,17737,2358207,863,88676,30171,1433311,0.18899,23890,2037537,0.268661,31350,3470848,0.457651,7584050
4,2021-03-29,90875,5457380,54564,2974186,34337,2392544,1974,90650,50811,1447809,0.190902,39905,2077442,0.273923,54403,3525251,0.464824,7584050
4,2021-03-30,113774,5571154,61824,3036010,47907,2440451,4043,94693,73193,1485644,0.195891,40430,2117872,0.279253,78265,3603516,0.475144,7584050
4,2021-03-31,117797,5688951,69617,3105627,42037,2482488,6143,100836,68782,1512032,0.19937,48790,2166662,0.285687,75178,3678694,0.485057,7584050
4,2021-04-01,137550,5826501,78473,3184100,46376,2528864,12701,113537,82171,1552587,0.204717,55184,2221846,0.292963,95739,3774433,0.49768,7584050
4,2021-04-02,132134,5958635,70864,3254964,48410,2577274,12860,126397,77411,1588783,0.20949,54536,2276382,0.300154,90732,3865165,0.509644,7584050
4,2021-04-03,97875,6056510,52078,3307042,32895,2610169,12902,139299,52064,1608488,0.212088,45682,2322064,0.306177,65387,3930552,0.518266,7584050
4,2021-04-04,45130,6101640,23820,3330862,14246,2624415,7064,146363,19791,1610133,0.212305,25286,2347350,0.309511,26931,3957483,0.521817,7584050
4,2021-04-05,105318,6206958,59684,3390546,33433,2657848,12201,158564,55577,1628993,0.214792,49627,2396977,0.316055,68487,4025970,0.530847,7584050
4,2021-04-06,134341,6341299,75473,3466019,39587,2697435,19281,177845,70203,1655526,0.21829,63972,2460949,0.32449,90505,4116475,0.542781,7584050
4,2021-04-07,132641,6473940,75248,3541267,37523,2734958,19870,197715,69006,1681615,0.22173,63447,2524396,0.332856,89536,4206011,0.554586,7584050
4,2021-04-08,132318,6606258,73812,3615079,34509,2769467,23997,221712,65866,1706086,0.224957,66249,2590645,0.341591,90720,4296731,0.566548,7584050
4,2021-04-09,125908,6732166,68315,3683394,36981,2806448,20612,242324,60922,1724106,0.227333,64822,2655467,0.350138,82842,4379573,0.577472,7584050
4,2021-04-10,97364,6829530,47384,3730778,32260,2838708,17720,260044,43754,1733414,0.22856,53470,2708937,0.357189,62778,4442351,0.585749,7584050
4,2021-04-11,59212,6888742,35829,3766607,12790,2851498,10593,270637,26026,1737783,0.229137,33123,2742060,0.361556,37492,4479843,0.590693,7584050
4,2021-04-12,94585,6983327,56784,3823391,28624,2880122,9177,279814,48183,1749808,0.230722,46186,2788246,0.367646,58211,4538054,0.598368,7584050
4,2021-04-13,113257,7096584,68518,3891909,44600,2924722,139,279953,68049,1774239,0.233943,45022,2833268,0.373582,69453,4607507,0.607526,7584050
4,2021-04-14,107828,7204412,65008,3956917,42765,2967487,55,280008,59185,1787062,0.235634,48478,2881746,0.379975,61301,4668808,0.615609,7584050
4,2021-04-15,73713,7278125,46137,4003054,27549,2995036,27,280035,45263,1804749,0.237966,28339,2910085,0.383711,46026,4714834,0.621678,7584050
