vemquartile,administered_date,total_doses,cumulative_total_doses,pfizer_doses,cumulative_pfizer_doses,moderna_doses,cumulative_moderna_doses,jj_doses,cumulative_jj_doses,partially_vaccinated,total_partially_vaccinated,pct_age12pop_partially_vaccinated,fully_vaccinated,cumulative_fully_vaccinated,pct_age12pop_fully_vaccinated,at_least_one_dose,cumulative_at_least_one_dose,pct_age12pop_at_least_one_dose,age12_population
1,2020-12-15,147,147,147,147,0,0,0,0,147,147,1.7e-05,0,0,0.0,147,147,1.7e-05,8700223
1,2020-12-16,1176,1323,1176,1323,0,0,0,0,1176,1323,0.000152,0,0,0.0,1176,1323,0.000152,8700223
1,2020-12-17,4126,5449,4126,5449,0,0,0,0,4127,5450,0.000626,0,0,0.0,4127,5450,0.000626,8700223
1,2020-12-18,6292,11741,6272,11721,20,20,0,0,6292,11741,0.00135,1,1,0.0,6292,11742,0.00135,8700223
1,2020-12-19,2861,14602,2860,14581,1,21,0,0,2860,14600,0.001678,1,2,0.0,2860,14602,0.001678,8700223
1,2020-12-20,2113,16715,2108,16689,5,26,0,0,2114,16714,0.001921,0,2,0.0,2114,16716,0.001921,8700223
1,2020-12-21,7623,24338,7609,24298,14,40,0,0,7673,24387,0.002803,1,3,0.0,7674,24390,0.002803,8700223
1,2020-12-22,7290,31628,6949,31247,341,381,0,0,7292,31677,0.003641,2,5,1e-06,7292,31682,0.003642,8700223
1,2020-12-23,7824,39452,6577,37824,1247,1628,0,0,7818,39494,0.004539,2,7,1e-06,7819,39501,0.00454,8700223
1,2020-12-24,3295,42747,2357,40181,938,2566,0,0,3297,42791,0.004918,0,7,1e-06,3297,42798,0.004919,8700223
1,2020-12-25,235,42982,151,40332,84,2650,0,0,235,43026,0.004945,0,7,1e-06,235,43033,0.004946,8700223
1,2020-12-26,1352,44334,963,41295,389,3039,0,0,1351,44376,0.005101,1,8,1e-06,1351,44384,0.005101,8700223
1,2020-12-27,861,45195,530,41825,331,3370,0,0,861,45237,0.0052,0,8,1e-06,861,45245,0.0052,8700223
1,2020-12-28,7028,52223,4745,46570,2283,5653,0,0,7027,52264,0.006007,0,8,1e-06,7027,52272,0.006008,8700223
1,2020-12-29,8807,61030,4944,51514,3863,9516,0,0,8804,61067,0.007019,1,9,1e-06,8804,61076,0.00702,8700223
1,2020-12-30,11559,72589,6445,57959,5114,14630,0,0,11559,72626,0.008348,0,9,1e-06,11559,72635,0.008349,8700223
1,2020-12-31,5917,78506,1952,59911,3965,18595,0,0,5916,78541,0.009027,2,11,1e-06,5917,78552,0.009029,8700223
1,2021-01-01,544,79050,188,60099,356,18951,0,0,544,79085,0.00909,0,11,1e-06,544,79096,0.009091,8700223
1,2021-01-02,2898,81948,1759,61858,1139,20090,0,0,2900,81985,0.009423,0,11,1e-06,2900,81996,0.009425,8700223
1,2021-01-03,1018,82966,545,62403,473,20563,0,0,1016,82999,0.00954,2,13,1e-06,1016,83012,0.009541,8700223
1,2021-01-04,7322,90288,3570,65973,3752,24315,0,0,7323,90318,0.010381,4,17,2e-06,7323,90335,0.010383,8700223
1,2021-01-05,10757,101045,5182,71155,5575,29890,0,0,10006,99611,0.011449,736,753,8.7e-05,10029,100364,0.011536,8700223
1,2021-01-06,13973,115018,7013,78168,6960,36850,0,0,12091,109865,0.012628,1844,2597,0.000298,12098,112462,0.012926,8700223
1,2021-01-07,17356,132374,9065,87233,8291,45141,0,0,12914,118445,0.013614,4345,6942,0.000798,12925,125387,0.014412,8700223
1,2021-01-08,20056,152430,10390,97623,9666,54807,0,0,14180,126770,0.014571,5860,12802,0.001471,14185,139572,0.016042,8700223
1,2021-01-09,6678,159108,3368,100991,3310,58117,0,0,4833,129776,0.014916,1831,14633,0.001682,4837,144409,0.016598,8700223
1,2021-01-10,3066,162174,1744,102735,1322,59439,0,0,1882,130488,0.014998,1171,15804,0.001817,1883,146292,0.016815,8700223
1,2021-01-11,18027,180201,11804,114539,6223,65662,0,0,11500,135524,0.015577,6501,22305,0.002564,11537,157829,0.018141,8700223
1,2021-01-12,18855,199056,10735,125274,8120,73782,0,0,12897,142535,0.016383,5921,28226,0.003244,12932,170761,0.019627,8700223
1,2021-01-13,19687,218743,10642,135916,9045,82827,0,0,14551,151990,0.01747,5112,33338,0.003832,14567,185328,0.021302,8700223
1,2021-01-14,21825,240568,9369,145285,12456,95283,0,0,19093,168451,0.019362,2676,36014,0.004139,19137,204465,0.023501,8700223
1,2021-01-15,25030,265598,9214,154499,15816,111099,0,0,23099,189717,0.021806,1884,37898,0.004356,23150,227615,0.026162,8700223
1,2021-01-16,13832,279430,4523,159022,9309,120408,0,0,12971,201831,0.023198,859,38757,0.004455,12973,240588,0.027653,8700223
1,2021-01-17,5189,284619,2004,161026,3185,123593,0,0,4825,206300,0.023712,361,39118,0.004496,4830,245418,0.028208,8700223
1,2021-01-18,14236,298855,8552,169578,5684,129277,0,0,11086,214295,0.024631,3138,42256,0.004857,11133,256551,0.029488,8700223
1,2021-01-19,24583,323438,12845,182423,11738,141015,0,0,19410,228599,0.026275,5158,47414,0.00545,19462,276013,0.031725,8700223
1,2021-01-20,28578,352016,14021,196444,14557,155572,0,0,22949,246007,0.028276,5576,52990,0.006091,22984,298997,0.034367,8700223
1,2021-01-21,30614,382630,14243,210687,16371,171943,0,0,27476,270483,0.031089,3081,56071,0.006445,27557,326554,0.037534,8700223
1,2021-01-22,28048,410678,11130,221817,16918,188861,0,0,26073,294649,0.033867,1934,58005,0.006667,26100,352654,0.040534,8700223
1,2021-01-23,18651,429329,8181,229998,10470,199331,0,0,16727,309476,0.035571,1910,59915,0.006887,16737,369391,0.042458,8700223
1,2021-01-24,6657,435986,4156,234154,2501,201832,0,0,6004,314838,0.036187,647,60562,0.006961,6009,375400,0.043148,8700223
1,2021-01-25,25099,461085,10416,244570,14683,216515,0,0,19460,328770,0.037789,5618,66180,0.007607,19550,394950,0.045395,8700223
1,2021-01-26,28421,489506,13348,257918,15073,231588,0,0,21870,344152,0.039557,6505,72685,0.008354,21887,416837,0.047911,8700223
1,2021-01-27,32208,521714,15366,273284,16842,248430,0,0,24273,360574,0.041444,7875,80560,0.00926,24297,441134,0.050704,8700223
1,2021-01-28,34496,556210,16212,289496,18284,266714,0,0,27730,381647,0.043866,6711,87271,0.010031,27784,468918,0.053897,8700223
1,2021-01-29,33305,589515,16364,305860,16941,283655,0,0,26875,402257,0.046235,6297,93568,0.010755,26907,495825,0.05699,8700223
1,2021-01-30,20154,609669,8788,314648,11366,295021,0,0,18061,418255,0.048074,2070,95638,0.010993,18068,513893,0.059067,8700223
1,2021-01-31,7564,617233,4951,319599,2613,297634,0,0,6923,424541,0.048797,640,96278,0.011066,6926,520819,0.059863,8700223
1,2021-02-01,28509,645742,12424,332023,16085,313719,0,0,20890,437860,0.050327,7577,103855,0.011937,20896,541715,0.062264,8700223
1,2021-02-02,32002,677744,11507,343530,20495,334214,0,0,24119,454193,0.052205,7820,111675,0.012836,24153,565868,0.065041,8700223
1,2021-02-03,39074,716818,15016,358546,24058,358272,0,0,28256,471792,0.054228,10689,122364,0.014064,28288,594156,0.068292,8700223
1,2021-02-04,43499,760317,16969,375515,26530,384802,0,0,31633,491711,0.056517,11762,134126,0.015416,31681,625837,0.071933,8700223
1,2021-02-05,46594,806911,17296,392811,29298,414100,0,0,30711,506713,0.058241,15761,149887,0.017228,30763,656600,0.075469,8700223
1,2021-02-06,26457,833368,10495,403306,15962,430062,0,0,20634,521579,0.05995,5785,155672,0.017893,20651,677251,0.077843,8700223
1,2021-02-07,6242,839610,4018,407324,2224,432286,0,0,4639,524649,0.060303,1587,157259,0.018075,4657,681908,0.078378,8700223
1,2021-02-08,31189,870799,14247,421571,16942,449228,0,0,20854,535331,0.061531,10265,167524,0.019255,20947,702855,0.080786,8700223
1,2021-02-09,38145,908944,16815,438386,21330,470558,0,0,23613,544465,0.062581,14552,182076,0.020928,23686,726541,0.083508,8700223
1,2021-02-10,46666,955610,21934,460320,24732,495290,0,0,26939,551842,0.063428,19639,201715,0.023185,27016,753557,0.086614,8700223
1,2021-02-11,51219,1006829,25203,485523,26016,521306,0,0,30878,562746,0.064682,20071,221786,0.025492,30975,784532,0.090174,8700223
1,2021-02-12,49307,1056136,21288,506811,28019,549325,0,0,28479,570636,0.065589,20723,242509,0.027874,28613,813145,0.093463,8700223
1,2021-02-13,26018,1082154,11340,518151,14678,564003,0,0,15091,574944,0.066084,10859,253368,0.029122,15167,828312,0.095206,8700223
1,2021-02-14,11602,1093756,5474,523625,6128,570131,0,0,6624,576681,0.066283,4952,258320,0.029691,6689,835001,0.095975,8700223
1,2021-02-15,23545,1117301,9263,532888,14282,584413,0,0,14357,582068,0.066903,9086,267406,0.030736,14473,849474,0.097638,8700223
1,2021-02-16,46312,1163613,22183,555071,24129,608542,0,0,27308,590550,0.067878,18937,286343,0.032912,27419,876893,0.10079,8700223
1,2021-02-17,47747,1211360,24134,579205,23613,632155,0,0,25940,594943,0.068383,21692,308035,0.035405,26085,902978,0.103788,8700223
1,2021-02-18,50158,1261518,25041,604246,25117,657272,0,0,26143,597485,0.068675,23819,331854,0.038143,26361,929339,0.106818,8700223
1,2021-02-19,45491,1307009,24656,628902,20835,678107,0,0,25774,603703,0.069389,19621,351475,0.040398,25839,955178,0.109788,8700223
1,2021-02-20,26916,1333925,16406,645308,10510,688617,0,0,15494,607889,0.069871,11383,362858,0.041707,15569,970747,0.111577,8700223
1,2021-02-21,11447,1345372,10206,655514,1241,689858,0,0,6824,610182,0.070134,4580,367438,0.042233,6873,977620,0.112367,8700223
1,2021-02-22,29874,1375246,19628,675142,10246,700104,0,0,17631,615720,0.070771,12191,379629,0.043634,17729,995349,0.114405,8700223
1,2021-02-23,42849,1418095,20932,696074,21917,722021,0,0,24010,621375,0.071421,18715,398344,0.045785,24370,1019719,0.117206,8700223
1,2021-02-24,52875,1470970,25640,721714,27235,749256,0,0,29684,628413,0.07223,23093,421437,0.04844,30131,1049850,0.120669,8700223
1,2021-02-25,65010,1535980,31651,753365,33359,782615,0,0,40760,645523,0.074196,24153,445590,0.051216,41263,1091113,0.125412,8700223
1,2021-02-26,72911,1608891,34281,787646,38630,821245,0,0,48127,669491,0.076951,24635,470225,0.054047,48603,1139716,0.130998,8700223
1,2021-02-27,50037,1658928,23123,810769,26907,848152,7,7,33332,686495,0.078905,16599,486824,0.055955,33603,1173319,0.134861,8700223
1,2021-02-28,19310,1678238,11464,822233,7845,855997,1,8,14284,695951,0.079992,4968,491792,0.056526,14424,1187743,0.136519,8700223
1,2021-03-01,43922,1722160,20286,842519,23610,879607,26,34,28480,709370,0.081535,15321,507113,0.058287,28740,1216483,0.139822,8700223
1,2021-03-02,61603,1783763,26839,869358,34753,914360,11,45,39756,728015,0.083678,21736,528849,0.060786,40381,1256864,0.144463,8700223
1,2021-03-03,68834,1852597,32641,901999,36176,950536,17,62,41952,743817,0.085494,26758,555607,0.063861,42560,1299424,0.149355,8700223
1,2021-03-04,77103,1929700,36246,938245,40824,991360,33,95,49657,766724,0.088127,27292,582899,0.066998,50199,1349623,0.155125,8700223
1,2021-03-05,76571,2006271,34719,972964,41649,1033009,203,298,51427,794042,0.091267,24944,607843,0.069865,52262,1401885,0.161132,8700223
1,2021-03-06,56992,2063263,27214,1000178,28442,1061451,1336,1634,38851,816515,0.09385,18080,625923,0.071943,40553,1442438,0.165793,8700223
1,2021-03-07,20116,2083379,12814,1012992,6491,1067942,811,2445,15124,827738,0.09514,4974,630897,0.072515,16197,1458635,0.167655,8700223
1,2021-03-08,44123,2127502,21080,1034072,21172,1089114,1871,4316,30936,847773,0.097443,13111,644008,0.074022,33146,1491781,0.171465,8700223
1,2021-03-09,65449,2192951,31581,1065653,31395,1120509,2473,6789,40446,866140,0.099554,24895,668903,0.076883,43262,1535043,0.176437,8700223
1,2021-03-10,72253,2265204,36096,1101749,31789,1152298,4368,11157,44919,888596,0.102135,27201,696104,0.08001,49657,1584700,0.182145,8700223
1,2021-03-11,88611,2353815,40438,1142187,40250,1192548,7923,19080,51946,912487,0.104881,36444,732548,0.084199,60335,1645035,0.18908,8700223
1,2021-03-12,97176,2450991,42585,1184772,42260,1234808,12331,31411,57006,942325,0.10831,39989,772537,0.088795,69827,1714862,0.197106,8700223
1,2021-03-13,64593,2515584,29304,1214076,27572,1262380,7717,39128,41269,968435,0.111312,23218,795755,0.091464,49328,1764190,0.202775,8700223
1,2021-03-14,27516,2543100,14842,1228918,9113,1271493,3561,42689,15637,976003,0.112181,11828,807583,0.092823,19396,1783586,0.205005,8700223
1,2021-03-15,64276,2607376,28124,1257042,29468,1300961,6684,49373,38074,995079,0.114374,26030,833613,0.095815,45106,1828692,0.210189,8700223
1,2021-03-16,84624,2692000,38375,1295417,40704,1341665,5545,54918,52767,1022074,0.117477,31687,865300,0.099457,58682,1887374,0.216934,8700223
1,2021-03-17,91432,2783432,44122,1339539,40785,1382450,6525,61443,58951,1055603,0.121331,32320,897620,0.103172,65849,1953223,0.224503,8700223
1,2021-03-18,97285,2880717,50031,1389570,41653,1424103,5601,67044,59560,1083808,0.124572,37417,935037,0.107473,65622,2018845,0.232045,8700223
1,2021-03-19,102412,2983129,52943,1442513,43354,1467457,6115,73159,60691,1109625,0.12754,41473,976510,0.11224,67290,2086135,0.239779,8700223
1,2021-03-20,71852,3054981,36968,1479481,29662,1497119,5222,78381,46399,1136201,0.130594,25300,1001810,0.115148,51876,2138011,0.245742,8700223
1,2021-03-21,26872,3081853,18766,1498247,6302,1503421,1804,80185,17355,1146000,0.131721,9444,1011254,0.116233,19243,2157254,0.247954,8700223
1,2021-03-22,58478,3140331,30087,1528334,25121,1528542,3270,83455,39734,1170792,0.13457,18565,1029819,0.118367,43357,2200611,0.252937,8700223
1,2021-03-23,82019,3222350,41542,1569876,36874,1565416,3603,87058,51052,1195122,0.137367,30778,1060597,0.121905,55108,2255719,0.259271,8700223
1,2021-03-24,86930,3309280,43873,1613749,38721,1604137,4336,91394,52770,1218465,0.14005,33941,1094538,0.125806,57284,2313003,0.265856,8700223
1,2021-03-25,95518,3404798,48585,1662334,41141,1645278,5792,97186,53922,1237075,0.142189,41323,1135861,0.130555,59933,2372936,0.272744,8700223
1,2021-03-26,103474,3508272,50441,1712775,46774,1692052,6259,103445,56267,1252972,0.144016,46931,1182792,0.13595,62828,2435764,0.279966,8700223
1,2021-03-27,73448,3581720,37917,1750692,31353,1723405,4178,107623,38160,1260419,0.144872,35099,1217891,0.139984,42546,2478310,0.284856,8700223
1,2021-03-28,32467,3614187,21270,1771962,9988,1733393,1209,108832,16598,1262791,0.145145,15768,1233659,0.141796,18140,2496450,0.286941,8700223
1,2021-03-29,66244,3680431,32895,1804857,30250,1763643,3099,111931,36947,1273912,0.146423,29133,1262792,0.145145,40254,2536704,0.291568,8700223
1,2021-03-30,90664,3771095,44692,1849549,39696,1803339,6276,118207,47216,1284200,0.147605,43309,1306101,0.150123,53597,2590301,0.297728,8700223
1,2021-03-31,99581,3870676,52164,1901713,41496,1844835,5921,124128,55313,1301504,0.149594,44014,1350115,0.155182,61318,2651619,0.304776,8700223
1,2021-04-01,110058,3980734,52739,1954452,48927,1893762,8392,132520,56807,1313857,0.151014,52924,1403039,0.161265,65277,2716896,0.312279,8700223
1,2021-04-02,109752,4090486,50090,2004542,50068,1943830,9594,142114,56321,1326943,0.152518,53061,1456100,0.167364,66147,2783043,0.319882,8700223
1,2021-04-03,77299,4167785,38736,2043278,28968,1972798,9595,151709,36112,1331705,0.153066,41030,1497130,0.172079,45792,2828835,0.325145,8700223
1,2021-04-04,23642,4191427,11756,2055034,8430,1981228,3456,155165,9937,1331434,0.153034,13656,1510786,0.173649,13385,2842220,0.326684,8700223
1,2021-04-05,75332,4266759,36221,2091255,30001,2011229,9110,164275,34351,1334265,0.15336,40811,1551597,0.17834,43642,2885862,0.3317,8700223
1,2021-04-06,102521,4369280,48543,2139798,37506,2048735,16472,180747,46603,1341723,0.154217,55678,1607275,0.18474,63136,2948998,0.338957,8700223
1,2021-04-07,109925,4479205,53096,2192894,39448,2088183,17381,198128,50106,1349687,0.155132,59580,1666855,0.191588,67544,3016542,0.34672,8700223
1,2021-04-08,120766,4599971,56930,2249824,43060,2131243,20776,218904,53529,1357200,0.155996,66898,1733753,0.199277,74411,3090953,0.355273,8700223
1,2021-04-09,121347,4721318,55472,2305296,45442,2176685,20433,239337,53695,1364118,0.156791,67339,1801092,0.207017,74257,3165210,0.363808,8700223
1,2021-04-10,94755,4816073,42181,2347477,30023,2206708,22551,261888,37081,1366268,0.157038,57502,1858594,0.213626,59652,3224862,0.370664,8700223
1,2021-04-11,35998,4852071,20096,2367573,9317,2216025,6585,268473,14701,1366429,0.157057,21251,1879845,0.216069,21412,3246274,0.373125,8700223
1,2021-04-12,73043,4925114,32366,2399939,30763,2246788,9914,278387,31030,1365773,0.156981,41778,1921623,0.220871,41122,3287396,0.377852,8700223
1,2021-04-13,95906,5021020,51244,2451183,44331,2291119,331,278718,51832,1374458,0.15798,43831,1965454,0.225908,52516,3339912,0.383888,8700223
1,2021-04-14,102761,5123781,53054,2504237,49639,2340758,68,278786,52337,1377162,0.15829,50101,2015555,0.231667,52805,3392717,0.389957,8700223
1,2021-04-15,104216,5227997,56520,2560757,47614,2388372,82,278868,55883,1385496,0.159248,47821,2063376,0.237164,56155,3448872,0.396412,8700223
1,2021-04-16,108379,5336376,55700,2616457,52592,2440964,87,278955,54425,1386650,0.159381,53535,2116911,0.243317,54689,3503561,0.402698,8700223
1,2021-04-17,81772,5418148,44310,2660767,37454,2478418,8,278963,45924,1397087,0.160581,35661,2152572,0.247416,46098,3549659,0.407996,8700223
1,2021-04-18,28847,5446995,19248,2680015,9592,2488010,7,278970,14647,1397807,0.160663,14132,2166704,0.24904,14852,3564511,0.409703,8700223
1,2021-04-19,64476,5511471,32906,2712921,31558,2519568,12,278982,29244,1392253,0.160025,34938,2201642,0.253056,29384,3593895,0.413081,8700223
1,2021-04-20,85690,5597161,42598,2755519,43073,2562641,19,279001,40677,1388404,0.159583,44748,2246390,0.258199,40899,3634794,0.417782,8700223
1,2021-04-21,91767,5688928,46778,2802297,44895,2607536,94,279095,41211,1379828,0.158597,50089,2296479,0.263956,41513,3676307,0.422553,8700223
1,2021-04-22,94191,5783119,48547,2850844,45628,2653164,16,279111,43398,1373089,0.157822,50370,2346849,0.269746,43631,3719938,0.427568,8700223
1,2021-04-23,97887,5881006,50234,2901078,47628,2700792,25,279136,46548,1368968,0.157349,50916,2397765,0.275598,46795,3766733,0.432947,8700223
1,2021-04-24,74604,5955610,46273,2947351,28308,2729100,23,279159,42389,1379566,0.158567,32070,2429835,0.279284,42668,3809401,0.437851,8700223
1,2021-04-25,26875,5982485,17123,2964474,9742,2738842,10,279169,15423,1383772,0.15905,11360,2441195,0.28059,15566,3824967,0.43964,8700223
1,2021-04-26,62717,6045202,32830,2997304,29488,2768330,399,279568,29915,1381877,0.158832,32545,2473740,0.284331,30650,3855617,0.443163,8700223
1,2021-04-27,77154,6122356,41068,3038372,34891,2803221,1195,280763,33264,1373028,0.157815,43647,2517387,0.289347,34798,3890415,0.447163,8700223
1,2021-04-28,77683,6200039,41140,3079512,35100,2838321,1443,282206,33944,1365172,0.156912,43470,2560857,0.294344,35614,3926029,0.451256,8700223
1,2021-04-29,80818,6280857,44243,3123755,35006,2873327,1569,283775,32706,1351781,0.155373,47828,2608685,0.299841,34437,3960466,0.455214,8700223
1,2021-04-30,88187,6369044,47722,3171477,38656,2911983,1809,285584,36630,1339092,0.153915,51297,2659982,0.305737,38608,3999074,0.459652,8700223
1,2021-05-01,61535,6430579,39794,3211271,20375,2932358,1366,286950,25817,1330951,0.152979,35554,2695536,0.309824,27413,4026487,0.462803,8700223
1,2021-05-02,23157,6453736,16372,3227643,6226,2938584,559,287509,9424,1327332,0.152563,13634,2709170,0.311391,10015,4036502,0.463954,8700223
1,2021-05-03,53884,6507620,30030,3257673,22080,2960664,1774,289283,19486,1314448,0.151082,34200,2743370,0.315322,21316,4057818,0.466404,8700223
1,2021-05-04,72133,6579753,41272,3298945,28828,2989492,2033,291316,25830,1296354,0.149002,46046,2789416,0.320614,27952,4085770,0.469617,8700223
1,2021-05-05,73802,6653555,42324,3341269,29238,3018730,2240,293556,24949,1275062,0.146555,48553,2837969,0.326195,27261,4113031,0.47275,8700223
1,2021-05-06,75543,6729098,45193,3386462,28203,3046933,2147,295703,23786,1249744,0.143645,51410,2889379,0.332104,26092,4139123,0.475749,8700223
1,2021-05-07,79183,6808281,45024,3431486,32021,3078954,2138,297841,26551,1226249,0.140945,52245,2941624,0.338109,28750,4167873,0.479054,8700223
1,2021-05-08,53978,6862259,33709,3465195,18733,3097687,1536,299377,18253,1210676,0.139155,35453,2977077,0.342184,19880,4187753,0.481339,8700223
1,2021-05-09,17645,6879904,12544,3477739,4626,3102313,475,299852,5462,1204537,0.138449,12111,2989188,0.343576,5972,4193725,0.482025,8700223
1,2021-05-10,41616,6921520,20855,3498594,19024,3121337,1737,301589,13930,1192792,0.137099,27506,3016694,0.346738,15761,4209486,0.483837,8700223
1,2021-05-11,58069,6979589,31013,3529607,25037,3146374,2019,303608,18860,1174818,0.135033,38976,3055670,0.351217,21002,4230488,0.486251,8700223
1,2021-05-12,57316,7036905,29972,3559579,25452,3171826,1892,305500,18853,1157438,0.133035,38198,3093868,0.355608,20818,4251306,0.488643,8700223
1,2021-05-13,59901,7096806,34699,3594278,23324,3195150,1878,307378,22602,1145207,0.13163,36986,3130854,0.359859,24755,4276061,0.491489,8700223
1,2021-05-14,73063,7169869,43922,3638200,26839,3221989,2302,309680,29685,1134436,0.130392,43062,3173916,0.364809,32291,4308352,0.4952,8700223
1,2021-05-15,63025,7232894,41674,3679874,19691,3241680,1660,311340,24941,1123262,0.129107,37855,3211771,0.36916,26681,4335033,0.498267,8700223
1,2021-05-16,23931,7256825,17450,3697324,5870,3247550,611,311951,9646,1119373,0.12866,14187,3225958,0.37079,10298,4345331,0.499451,8700223
1,2021-05-17,52925,7309750,32542,3729866,18676,3266226,1707,313658,23374,1115192,0.12818,29328,3255286,0.374161,25147,4370478,0.502341,8700223
1,2021-05-18,63233,7372983,38218,3768084,23248,3289474,1767,315425,28400,1110864,0.127682,34585,3289871,0.378136,30257,4400735,0.505819,8700223
1,2021-05-19,65180,7438163,39701,3807785,23574,3313048,1905,317330,29951,1107831,0.127334,34979,3324850,0.382157,31946,4432681,0.509491,8700223
1,2021-05-20,54534,7492697,31793,3839578,20706,3333754,2035,319365,23305,1102380,0.126707,30977,3355827,0.385717,25526,4458207,0.512424,8700223
1,2021-05-21,59833,7552530,36061,3875639,22047,3355801,1725,321090,26059,1096793,0.126065,33456,3389283,0.389563,27869,4486076,0.515628,8700223
1,2021-05-22,46036,7598566,31069,3906708,13394,3369195,1573,322663,20934,1094475,0.125798,24911,3414194,0.392426,22593,4508669,0.518225,8700223
1,2021-05-23,13901,7612467,10686,3917394,2724,3371919,491,323154,7224,1095608,0.125929,6605,3420799,0.393185,7738,4516407,0.519114,8700223
1,2021-05-24,41963,7654430,23211,3940605,16968,3388887,1784,324938,17433,1090592,0.125352,24320,3445119,0.395981,19304,4535711,0.521333,8700223
1,2021-05-25,49834,7704264,28937,3969542,19315,3408202,1582,326520,21397,1085472,0.124764,28198,3473317,0.399222,23078,4558789,0.523985,8700223
1,2021-05-26,47189,7751453,26833,3996375,18527,3426729,1829,328349,20535,1081530,0.124311,26372,3499689,0.402253,22430,4581219,0.526563,8700223
1,2021-05-27,46092,7797545,25958,4022333,18267,3444996,1867,330216,20441,1078556,0.123969,25396,3525085,0.405172,22422,4603641,0.529141,8700223
1,2021-05-28,51042,7848587,28476,4050809,20833,3465829,1733,331949,23247,1076156,0.123693,27517,3552602,0.408335,25117,4628758,0.532028,8700223
1,2021-05-29,29957,7878544,18201,4069010,10837,3476666,919,332868,14650,1076638,0.123748,15157,3567759,0.410077,15639,4644397,0.533825,8700223
1,2021-05-30,11510,7890054,7445,4076455,3524,3480190,541,333409,5636,1077033,0.123794,5811,3573570,0.410745,6206,4650603,0.534538,8700223
1,2021-05-31,5643,7895697,3227,4079682,2166,3482356,250,333659,2000,1075698,0.12364,3597,3577167,0.411158,2262,4652865,0.534798,8700223
1,2021-06-01,44772,7940469,25381,4105063,17931,3500287,1460,335119,18219,1069201,0.122894,26272,3603439,0.414178,19775,4672640,0.537071,8700223
1,2021-06-02,38806,7979275,22794,4127857,14576,3514863,1436,336555,16851,1065893,0.122513,21687,3625126,0.41667,18379,4691019,0.539184,8700223
1,2021-06-03,38706,8017981,24494,4152351,12709,3527572,1503,338058,16210,1061447,0.122002,22244,3647370,0.419227,17798,4708817,0.541229,8700223
1,2021-06-04,44641,8062622,28949,4181300,14171,3541743,1521,339579,16955,1052579,0.120983,27436,3674806,0.422381,18568,4727385,0.543364,8700223
1,2021-06-05,35693,8098315,24756,4206056,9462,3551205,1475,341054,13019,1044640,0.12007,22500,3697306,0.424967,14561,4741946,0.545037,8700223
1,2021-06-06,5447,8103762,4352,4210408,830,3552035,265,341319,1536,1042589,0.119835,3886,3701192,0.425413,1835,4743781,0.545248,8700223
2,2020-12-15,237,237,237,237,0,0,0,0,237,237,2.8e-05,0,0,0.0,237,237,2.8e-05,8407551
2,2020-12-16,2079,2316,2079,2316,0,0,0,0,2078,2315,0.000275,0,0,0.0,2078,2315,0.000275,8407551
2,2020-12-17,6756,9072,6756,9072,0,0,0,0,6757,9072,0.001079,0,0,0.0,6757,9072,0.001079,8407551
2,2020-12-18,10927,19999,10908,19980,19,19,0,0,10929,20001,0.002379,0,0,0.0,10929,20001,0.002379,8407551
2,2020-12-19,5590,25589,5584,25564,6,25,0,0,5591,25592,0.003044,0,0,0.0,5591,25592,0.003044,8407551
2,2020-12-20,4212,29801,4204,29768,8,33,0,0,4208,29800,0.003544,0,0,0.0,4208,29800,0.003544,8407551
2,2020-12-21,12762,42563,12737,42505,25,58,0,0,12717,42517,0.005057,0,0,0.0,12717,42517,0.005057,8407551
2,2020-12-22,12074,54637,11563,54068,511,569,0,0,12073,54590,0.006493,0,0,0.0,12073,54590,0.006493,8407551
2,2020-12-23,11694,66331,9484,63552,2210,2779,0,0,11697,66287,0.007884,1,1,0.0,11698,66288,0.007884,8407551
2,2020-12-24,5858,72189,3493,67045,2365,5144,0,0,5855,72142,0.008581,2,3,0.0,5857,72145,0.008581,8407551
2,2020-12-25,479,72668,401,67446,78,5222,0,0,480,72622,0.008638,0,3,0.0,480,72625,0.008638,8407551
2,2020-12-26,2564,75232,1669,69115,895,6117,0,0,2565,75186,0.008943,1,4,0.0,2565,75190,0.008943,8407551
2,2020-12-27,2225,77457,1209,70324,1016,7133,0,0,2223,77408,0.009207,1,5,1e-06,2223,77413,0.009208,8407551
2,2020-12-28,10969,88426,7140,77464,3829,10962,0,0,10969,88376,0.010512,1,6,1e-06,10969,88382,0.010512,8407551
2,2020-12-29,12635,101061,7116,84580,5519,16481,0,0,12639,101015,0.012015,0,6,1e-06,12639,101021,0.012016,8407551
2,2020-12-30,15340,116401,8623,93203,6717,23198,0,0,15355,116369,0.013841,3,9,1e-06,15357,116378,0.013842,8407551
2,2020-12-31,7509,123910,2810,96013,4699,27897,0,0,7506,123874,0.014734,1,10,1e-06,7506,123884,0.014735,8407551
2,2021-01-01,1148,125058,551,96564,597,28494,0,0,1148,125020,0.01487,2,12,1e-06,1148,125032,0.014871,8407551
2,2021-01-02,4816,129874,2742,99306,2074,30568,0,0,4814,129834,0.015443,0,12,1e-06,4814,129846,0.015444,8407551
2,2021-01-03,1381,131255,789,100095,592,31160,0,0,1375,131205,0.015606,4,16,2e-06,1375,131221,0.015608,8407551
2,2021-01-04,11614,142869,5548,105643,6066,37226,0,0,11598,142795,0.016984,8,24,3e-06,11598,142819,0.016987,8407551
2,2021-01-05,13815,156684,6887,112530,6928,44154,0,0,12628,154273,0.018349,1181,1205,0.000143,12659,155478,0.018493,8407551
2,2021-01-06,18928,175612,10437,122967,8491,52645,0,0,15187,165774,0.019717,3693,4898,0.000583,15194,170672,0.0203,8407551
2,2021-01-07,22937,198549,12878,135845,10059,62704,0,0,15522,173882,0.020682,7428,12326,0.001466,15536,186208,0.022148,8407551
2,2021-01-08,26399,224948,15975,151820,10424,73128,0,0,16300,180137,0.021426,10063,22389,0.002663,16318,202526,0.024089,8407551
2,2021-01-09,9732,234680,5659,157479,4073,77201,0,0,6234,182865,0.02175,3512,25901,0.003081,6240,208766,0.024831,8407551
2,2021-01-10,5256,239936,2917,160396,2339,79540,0,0,3043,183684,0.021848,2229,28130,0.003346,3048,211814,0.025193,8407551
2,2021-01-11,25923,265859,17807,178203,8116,87656,0,0,14981,187742,0.02233,10972,39102,0.004651,15030,226844,0.026981,8407551
2,2021-01-12,26108,291967,16231,194434,9877,97533,0,0,16611,194906,0.023182,9519,48621,0.005783,16683,243527,0.028965,8407551
2,2021-01-13,28431,320398,15077,209511,13354,110887,0,0,20496,207496,0.02468,7928,56549,0.006726,20518,264045,0.031406,8407551
2,2021-01-14,30200,350598,11500,221011,18700,129587,0,0,25990,229313,0.027275,4231,60780,0.007229,26048,290093,0.034504,8407551
2,2021-01-15,34952,385550,12708,233719,22244,151831,0,0,31704,257838,0.030667,3252,64032,0.007616,31777,321870,0.038283,8407551
2,2021-01-16,17744,403294,5767,239486,11977,163808,0,0,16429,272937,0.032463,1341,65373,0.007776,16440,338310,0.040239,8407551
2,2021-01-17,10584,413878,3572,243058,7012,170820,0,0,9873,282082,0.033551,736,66109,0.007863,9881,348191,0.041414,8407551
2,2021-01-18,19631,433509,10980,254038,8651,179471,0,0,14862,292208,0.034755,4786,70895,0.008432,14912,363103,0.043188,8407551
2,2021-01-19,32353,465862,16906,270944,15447,194918,0,0,24404,308772,0.036726,7954,78849,0.009378,24518,387621,0.046104,8407551
2,2021-01-20,36964,502826,18518,289462,18446,213364,0,0,28381,328682,0.039094,8561,87410,0.010397,28471,416092,0.04949,8407551
2,2021-01-21,40439,543265,17105,306567,23334,236698,0,0,36016,360459,0.042873,4398,91808,0.01092,36175,452267,0.053793,8407551
2,2021-01-22,39172,582437,16373,322940,22799,259497,0,0,35883,393079,0.046753,3287,95095,0.011311,35907,488174,0.058064,8407551
2,2021-01-23,24008,606445,10798,333738,13210,272707,0,0,21068,411257,0.048915,2917,98012,0.011658,21095,509269,0.060573,8407551
2,2021-01-24,12424,618869,6145,339883,6279,278986,0,0,11511,421879,0.050179,900,98912,0.011765,11522,520791,0.061943,8407551
2,2021-01-25,33721,652590,15557,355440,18164,297150,0,0,24976,438290,0.052131,8691,107603,0.012798,25102,545893,0.064929,8407551
2,2021-01-26,40018,692608,19692,375132,20326,317476,0,0,31062,460495,0.054772,8935,116538,0.013861,31140,577033,0.068633,8407551
2,2021-01-27,45400,738008,22738,397870,22662,340138,0,0,35371,486007,0.057806,9915,126453,0.01504,35427,612460,0.072846,8407551
2,2021-01-28,47828,785836,22541,420411,25287,365425,0,0,39266,516833,0.061472,8506,134959,0.016052,39332,651792,0.077525,8407551
2,2021-01-29,45400,831236,22123,442534,23277,388702,0,0,36857,545309,0.064859,8438,143397,0.017056,36914,688706,0.081915,8407551
2,2021-01-30,31245,862481,13585,456119,17660,406362,0,0,27944,570021,0.067799,3261,146658,0.017444,27973,716679,0.085242,8407551
2,2021-01-31,17246,879727,10346,466465,6900,413262,0,0,16090,584989,0.069579,1140,147798,0.017579,16108,732787,0.087158,8407551
2,2021-02-01,40859,920586,19769,486234,21090,434352,0,0,30107,604422,0.07189,10714,158512,0.018854,30147,762934,0.090744,8407551
2,2021-02-02,47509,968095,19337,505571,28172,462524,0,0,36211,629499,0.074873,11229,169741,0.020189,36306,799240,0.095062,8407551
2,2021-02-03,53780,1021875,23948,529519,29832,492356,0,0,39815,655534,0.07797,13870,183611,0.021839,39905,839145,0.099808,8407551
2,2021-02-04,55776,1077651,24155,553674,31621,523977,0,0,40818,681581,0.081068,14866,198477,0.023607,40913,880058,0.104675,8407551
2,2021-02-05,59493,1137144,26238,579912,33255,557232,0,0,40283,702996,0.083615,19039,217516,0.025872,40454,920512,0.109486,8407551
2,2021-02-06,38861,1176005,18165,598077,20696,577928,0,0,31122,726537,0.086415,7670,225186,0.026784,31211,951723,0.113199,8407551
2,2021-02-07,15751,1191756,10500,608577,5251,583179,0,0,11962,734799,0.087398,3766,228952,0.027232,12028,963751,0.114629,8407551
2,2021-02-08,42988,1234744,22042,630619,20946,604125,0,0,29557,751252,0.089354,13298,242250,0.028813,29751,993502,0.118168,8407551
2,2021-02-09,49175,1283919,23365,653984,25810,629935,0,0,30623,763871,0.090855,18330,260580,0.030994,30949,1024451,0.121849,8407551
2,2021-02-10,59217,1343136,27917,681901,31300,661235,0,0,34528,774333,0.0921,24421,285001,0.033898,34883,1059334,0.125998,8407551
2,2021-02-11,63719,1406855,29490,711391,34229,695464,0,0,35860,783096,0.093142,27586,312587,0.037179,36349,1095683,0.130321,8407551
2,2021-02-12,64871,1471726,28034,739425,36837,732301,0,0,34631,788411,0.093774,29972,342559,0.040744,35287,1130970,0.134518,8407551
2,2021-02-13,37492,1509218,15722,755147,21770,754071,0,0,21710,794794,0.094533,15704,358263,0.042612,22087,1153057,0.137145,8407551
2,2021-02-14,19889,1529107,9296,764443,10593,764664,0,0,11171,797644,0.094872,8678,366941,0.043644,11528,1164585,0.138517,8407551
2,2021-02-15,32908,1562015,14870,779313,18038,782702,0,0,18297,802297,0.095426,14496,381437,0.045368,19149,1183734,0.140794,8407551
2,2021-02-16,55829,1617844,27531,806844,28298,811000,0,0,29479,806180,0.095888,26265,407702,0.048492,30148,1213882,0.14438,8407551
2,2021-02-17,61091,1678935,31522,838366,29569,840569,0,0,30466,806899,0.095973,30568,438270,0.052128,31287,1245169,0.148101,8407551
2,2021-02-18,65728,1744663,33292,871658,32436,873005,0,0,32155,806831,0.095965,33359,471629,0.056096,33291,1278460,0.152061,8407551
2,2021-02-19,58777,1803440,32710,904368,26067,899072,0,0,29282,807365,0.096029,29351,500980,0.059587,29885,1308345,0.155615,8407551
2,2021-02-20,37028,1840468,24157,928525,12871,911943,0,0,20241,811577,0.09653,16709,517689,0.061574,20921,1329266,0.158104,8407551
2,2021-02-21,20612,1861080,17153,945678,3459,915402,0,0,9983,811801,0.096556,10560,528249,0.06283,10784,1340050,0.159386,8407551
2,2021-02-22,37404,1898484,25615,971293,11789,927191,0,0,17925,811014,0.096463,19390,547639,0.065137,18603,1358653,0.161599,8407551
2,2021-02-23,51533,1950017,26377,997670,25156,952347,0,0,22802,807161,0.096004,28550,576189,0.068532,24697,1383350,0.164537,8407551
2,2021-02-24,68207,2018224,35141,1032811,33066,985413,0,0,31475,804398,0.095676,36597,612786,0.072885,33834,1417184,0.168561,8407551
2,2021-02-25,74034,2092258,34945,1067756,39089,1024502,0,0,37789,808950,0.096217,36040,648826,0.077172,40592,1457776,0.173389,8407551
2,2021-02-26,82284,2174542,35176,1102932,47108,1071610,0,0,44579,818262,0.097325,37459,686285,0.081627,46771,1504547,0.178952,8407551
2,2021-02-27,60099,2234641,27811,1130743,32282,1103892,6,6,32903,825492,0.098185,27006,713291,0.084839,34236,1538783,0.183024,8407551
2,2021-02-28,29595,2264236,17790,1148533,11804,1115696,1,7,17509,831835,0.098939,11997,725288,0.086266,18340,1557123,0.185205,8407551
2,2021-03-01,56338,2320574,29698,1178231,26614,1142310,26,33,30914,838774,0.099764,25192,750480,0.089263,32131,1589254,0.189027,8407551
2,2021-03-02,67497,2388071,32546,1210777,34946,1177256,5,38,38293,850343,0.10114,29072,779552,0.09272,40641,1629895,0.193861,8407551
2,2021-03-03,78859,2466930,38151,1248928,40697,1217953,11,49,44592,863404,0.102694,34097,813649,0.096776,47158,1677053,0.19947,8407551
2,2021-03-04,86805,2553735,42864,1291792,43912,1261865,29,78,50219,879631,0.104624,36401,850050,0.101106,52628,1729681,0.205729,8407551
2,2021-03-05,80274,2634009,38107,1329899,41866,1303731,301,379,49406,901031,0.107169,30685,880735,0.104755,52085,1781766,0.211924,8407551
2,2021-03-06,62430,2696439,30533,1360432,30212,1333943,1685,2064,38525,918885,0.109293,23801,904536,0.107586,41655,1823421,0.216879,8407551
2,2021-03-07,27484,2723923,16101,1376533,10413,1344356,970,3034,17749,929038,0.1105,9679,914215,0.108737,19832,1843253,0.219238,8407551
2,2021-03-08,49668,2773591,22865,1399398,24348,1368704,2455,5489,31478,946522,0.11258,18098,932313,0.11089,35582,1878835,0.22347,8407551
2,2021-03-09,69306,2842897,31766,1431164,33775,1402479,3765,9254,38671,959791,0.114158,30525,962838,0.114521,43794,1922629,0.228679,8407551
2,2021-03-10,77190,2920087,36701,1467865,33953,1436432,6536,15790,41220,973104,0.115742,35800,998638,0.118779,49113,1971742,0.23452,8407551
2,2021-03-11,92018,3012105,42509,1510374,41183,1477615,8326,24116,48389,987861,0.117497,43371,1042009,0.123937,58128,2029870,0.241434,8407551
2,2021-03-12,93023,3105128,38422,1548796,42628,1520243,11973,36089,46682,1001819,0.119157,46147,1088156,0.129426,60105,2089975,0.248583,8407551
2,2021-03-13,68258,3173386,28797,1577593,31535,1551778,7926,44015,37660,1018225,0.121108,30487,1118643,0.133052,46893,2136868,0.254161,8407551
2,2021-03-14,36513,3209899,18238,1595831,13754,1565532,4521,48536,18623,1024321,0.121833,17808,1136451,0.13517,23904,2160772,0.257004,8407551
2,2021-03-15,66780,3276679,30193,1626024,31614,1597146,4973,53509,37072,1037946,0.123454,29529,1165980,0.138682,43154,2203926,0.262137,8407551
2,2021-03-16,85648,3362327,37936,1663960,43733,1640879,3979,57488,52254,1062068,0.126323,33241,1199221,0.142636,57363,2261289,0.268959,8407551
2,2021-03-17,91742,3454069,43998,1707958,43611,1684490,4133,61621,58522,1092577,0.129952,33002,1232223,0.146561,63511,2324800,0.276513,8407551
2,2021-03-18,96956,3551025,46325,1754283,46156,1730646,4475,66096,59561,1120052,0.13322,37127,1269350,0.150977,64602,2389402,0.284197,8407551
2,2021-03-19,96733,3647758,45721,1800004,44901,1775547,6111,72207,57824,1145850,0.136288,38651,1308001,0.155575,64449,2453851,0.291863,8407551
2,2021-03-20,69321,3717079,33554,1833558,31845,1807392,3922,76129,45642,1172285,0.139432,23478,1331479,0.158367,49913,2503764,0.297799,8407551
2,2021-03-21,32957,3750036,21332,1854890,9649,1817041,1976,78105,20401,1182633,0.140663,12452,1343931,0.159848,22800,2526564,0.300511,8407551
2,2021-03-22,62269,3812305,34180,1889070,25450,1842491,2639,80744,41529,1207159,0.14358,20539,1364470,0.162291,45065,2571629,0.305871,8407551
2,2021-03-23,82961,3895266,44060,1933130,36002,1878493,2899,83643,52198,1232572,0.146603,30524,1394994,0.165922,55937,2627566,0.312525,8407551
2,2021-03-24,90977,3986243,48969,1982099,38862,1917355,3146,86789,53989,1253819,0.14913,36709,1431703,0.170288,57956,2685522,0.319418,8407551
2,2021-03-25,100562,4086805,50772,2032871,45910,1963265,3880,90669,57410,1273017,0.151414,42861,1474564,0.175386,62059,2747581,0.326799,8407551
2,2021-03-26,102727,4189532,51093,2083964,48158,2011423,3476,94145,56701,1288553,0.153261,45700,1520264,0.180821,61236,2808817,0.334083,8407551
2,2021-03-27,75010,4264542,37480,2121444,34239,2045662,3291,97436,37924,1293756,0.15388,36876,1557140,0.185207,42079,2850896,0.339088,8407551
2,2021-03-28,37429,4301971,23121,2144565,13505,2059167,803,98239,20304,1298578,0.154454,17013,1574153,0.187231,21835,2872731,0.341685,8407551
2,2021-03-29,70740,4372711,36048,2180613,32437,2091604,2255,100494,40582,1312322,0.156088,29993,1604146,0.190798,43737,2916468,0.346887,8407551
2,2021-03-30,91392,4464103,44768,2225381,42290,2133894,4334,104828,51679,1329415,0.158122,39525,1643671,0.195499,56618,2973086,0.353621,8407551
2,2021-03-31,100708,4564811,51982,2277363,43654,2177548,5072,109900,57787,1349975,0.160567,42654,1686325,0.200573,63214,3036300,0.36114,8407551
2,2021-04-01,116813,4681624,56491,2333854,51187,2228735,9135,119035,64118,1371295,0.163103,52383,1738708,0.206803,73703,3110003,0.369906,8407551
2,2021-04-02,111060,4792684,51295,2385149,49673,2278408,10092,129127,60106,1391352,0.165488,50620,1789328,0.212824,70677,3180680,0.378312,8407551
2,2021-04-03,76389,4869073,37465,2422614,29165,2307573,9759,138886,38051,1401410,0.166685,38157,1827485,0.217362,48215,3228895,0.384047,8407551
2,2021-04-04,28968,4898041,14890,2437504,10238,2317811,3840,142726,13096,1402601,0.166826,15790,1843275,0.21924,16981,3245876,0.386067,8407551
2,2021-04-05,78615,4976656,38608,2476112,31290,2349101,8717,151443,38354,1410320,0.167744,40122,1883397,0.224013,47841,3293717,0.391757,8407551
2,2021-04-06,103223,5079879,50292,2526404,38283,2387384,14648,166091,49202,1420804,0.168991,53788,1937185,0.23041,64272,3357989,0.399402,8407551
2,2021-04-07,109846,5189725,54830,2581234,38864,2426248,16152,182243,52048,1431761,0.170295,57546,1994731,0.237255,68503,3426492,0.407549,8407551
2,2021-04-08,118746,5308471,57164,2638398,42961,2469209,18621,200864,55332,1443227,0.171658,63118,2057849,0.244762,74584,3501076,0.41642,8407551
2,2021-04-09,118042,5426513,56845,2695243,43213,2512422,17984,218848,55997,1456403,0.173226,61707,2119556,0.252101,74883,3575959,0.425327,8407551
2,2021-04-10,86709,5513222,37559,2732802,30895,2543317,18255,237103,35985,1460844,0.173754,50490,2170046,0.258107,54931,3630890,0.431861,8407551
2,2021-04-11,44144,5557366,22882,2755684,12768,2556085,8494,245597,18074,1462203,0.173915,25946,2195992,0.261193,27305,3658195,0.435108,8407551
2,2021-04-12,79349,5636715,36965,2792649,33076,2589161,9308,254905,35629,1464681,0.17421,43476,2239468,0.266364,45954,3704149,0.440574,8407551
2,2021-04-13,100938,5737653,52311,2844960,48370,2637531,257,255162,55446,1476003,0.175557,45274,2284742,0.271749,56596,3760745,0.447306,8407551
2,2021-04-14,105506,5843159,55202,2900162,50254,2687785,50,255212,54269,1480801,0.176128,50989,2335731,0.277813,55787,3816532,0.453941,8407551
2,2021-04-15,111911,5955070,59457,2959619,52387,2740172,67,255279,58858,1488082,0.176994,52727,2388458,0.284085,60008,3876540,0.461078,8407551
2,2021-04-16,109074,6064144,56643,3016262,52381,2792553,50,255329,55581,1491338,0.177381,53221,2441679,0.290415,56477,3933017,0.467796,8407551
2,2021-04-17,82045,6146189,41694,3057956,40337,2832890,14,255343,46073,1502522,0.178711,35769,2477448,0.294669,46953,3979970,0.47338,8407551
2,2021-04-18,34019,6180208,20366,3078322,13648,2846538,5,255348,16289,1502172,0.178669,17618,2495066,0.296765,17268,3997238,0.475434,8407551
2,2021-04-19,73561,6253769,39703,3118025,33846,2880384,12,255360,33727,1496913,0.178044,39614,2534680,0.301477,34355,4031593,0.47952,8407551
2,2021-04-20,94794,6348563,47318,3165343,47451,2927835,25,255385,46263,1495692,0.177899,48247,2582927,0.307215,47026,4078619,0.485114,8407551
2,2021-04-21,99101,6447664,52501,3217844,46545,2974380,55,255440,46995,1491866,0.177444,51759,2634686,0.313371,47933,4126552,0.490815,8407551
2,2021-04-22,105334,6552998,53970,3271814,51343,3025723,21,255461,46253,1480262,0.176063,58756,2693442,0.32036,47152,4173704,0.496423,8407551
2,2021-04-23,104601,6657599,55130,3326944,49454,3075177,17,255478,48425,1473792,0.175294,55831,2749273,0.327,49361,4223065,0.502294,8407551
2,2021-04-24,79436,6737035,46927,3373871,32471,3107648,38,255516,41552,1478723,0.17588,37584,2786857,0.331471,42515,4265580,0.507351,8407551
2,2021-04-25,35977,6773012,22240,3396111,13723,3121371,14,255530,19677,1482689,0.176352,16186,2803043,0.333396,20152,4285732,0.509748,8407551
2,2021-04-26,70028,6843040,38717,3434828,31019,3152390,292,255822,32233,1479072,0.175922,37575,2840618,0.337865,33958,4319690,0.513787,8407551
2,2021-04-27,84551,6927591,44361,3479189,38944,3191334,1246,257068,36317,1469931,0.174835,47927,2888545,0.343566,38786,4358476,0.5184,8407551
2,2021-04-28,85757,7013348,45452,3524641,38461,3229795,1844,258912,37880,1462941,0.174003,47604,2936149,0.349228,40614,4399090,0.523231,8407551
2,2021-04-29,88502,7101850,47760,3572401,39059,3268854,1683,260595,34355,1445738,0.171957,53835,2989984,0.355631,36632,4435722,0.527588,8407551
2,2021-04-30,91952,7193802,50608,3623009,39384,3308238,1960,262555,35559,1427883,0.169833,56023,3046007,0.362294,38168,4473890,0.532128,8407551
2,2021-05-01,61215,7255017,37434,3660443,22240,3330478,1541,264096,23874,1417052,0.168545,37088,3083095,0.366705,26257,4500147,0.535251,8407551
2,2021-05-02,29022,7284039,20124,3680567,7927,3338405,971,265067,11050,1411306,0.167862,17856,3100951,0.368829,12110,4512257,0.536691,8407551
2,2021-05-03,59411,7343450,35239,3715806,22142,3360547,2030,267097,19968,1394357,0.165846,39208,3140159,0.373493,22259,4534516,0.539339,8407551
2,2021-05-04,77714,7421164,46065,3761871,29287,3389834,2362,269459,25395,1370474,0.163005,52036,3192195,0.379682,28153,4562669,0.542687,8407551
2,2021-05-05,77985,7499149,46042,3807913,29615,3419449,2328,271787,24448,1344367,0.1599,53221,3245416,0.386012,27114,4589783,0.545912,8407551
2,2021-05-06,80203,7579352,48131,3856044,29174,3448623,2898,274685,24603,1317300,0.156681,55200,3300616,0.392578,28133,4617916,0.549258,8407551
2,2021-05-07,81171,7660523,46618,3902662,32141,3480764,2412,277097,25101,1289484,0.153372,55773,3356389,0.399211,27957,4645873,0.552583,8407551
2,2021-05-08,52925,7713448,32006,3934668,19274,3500038,1645,278742,16646,1272409,0.151341,36076,3392465,0.403502,19001,4664874,0.554843,8407551
2,2021-05-09,21205,7734653,15206,3949874,5261,3505299,738,279480,6375,1264994,0.150459,14755,3407220,0.405257,7340,4672214,0.555716,8407551
2,2021-05-10,48626,7783279,26343,3976217,20446,3525745,1837,281317,13875,1246797,0.148295,34510,3441730,0.409362,16313,4688527,0.557657,8407551
2,2021-05-11,62055,7845334,32868,4009085,27201,3552946,1986,283303,18724,1225076,0.145711,43083,3484813,0.414486,21362,4709889,0.560197,8407551
2,2021-05-12,60490,7905824,31771,4040856,26682,3579628,2037,285340,18068,1203374,0.14313,42175,3526988,0.419502,20473,4730362,0.562633,8407551
2,2021-05-13,64419,7970243,37187,4078043,25382,3605010,1850,287190,23539,1188787,0.141395,40663,3567651,0.424339,26076,4756438,0.565734,8407551
2,2021-05-14,77006,8047249,45939,4123982,28883,3633893,2184,289374,29993,1174906,0.139744,46705,3614356,0.429894,32824,4789262,0.569638,8407551
2,2021-05-15,64533,8111782,42308,4166290,20549,3654442,1676,291050,24918,1162473,0.138265,39399,3653755,0.43458,26966,4816228,0.572846,8407551
2,2021-05-16,30318,8142100,22510,4188800,6889,3661331,919,291969,12280,1157877,0.137719,17924,3671679,0.436712,13328,4829556,0.574431,8407551
2,2021-05-17,57063,8199163,36219,4225019,18926,3680257,1918,293887,23394,1150081,0.136791,33479,3705158,0.440694,25683,4855239,0.577486,8407551
2,2021-05-18,68884,8268047,40274,4265293,26667,3706924,1943,295830,28279,1140492,0.135651,40364,3745522,0.445495,30775,4886014,0.581146,8407551
2,2021-05-19,67681,8335728,40090,4305383,25635,3732559,1956,297786,27613,1130735,0.13449,39791,3785313,0.450228,30034,4916048,0.584718,8407551
2,2021-05-20,58728,8394456,33785,4339168,22925,3755484,2018,299804,22899,1120594,0.133284,35588,3820901,0.454461,25447,4941495,0.587745,8407551
2,2021-05-21,61558,8456014,36202,4375370,23391,3778875,1965,301769,24537,1110798,0.132119,36763,3857664,0.458833,26967,4968462,0.590952,8407551
2,2021-05-22,43931,8499945,28075,4403445,14271,3793146,1585,303354,18954,1106962,0.131663,24826,3882490,0.461786,20990,4989452,0.593449,8407551
2,2021-05-23,16910,8516855,12268,4415713,4042,3797188,600,303954,7716,1106235,0.131576,9122,3891612,0.462871,8395,4997847,0.594447,8407551
2,2021-05-24,43122,8559977,24218,4439931,17182,3814370,1722,305676,16792,1098957,0.130711,26130,3917742,0.465979,18852,5016699,0.59669,8407551
2,2021-05-25,50063,8610040,29438,4469369,18782,3833152,1843,307519,19588,1090725,0.129732,30196,3947938,0.469571,21964,5038663,0.599302,8407551
2,2021-05-26,47873,8657913,26969,4496338,19290,3852442,1614,309133,19188,1083550,0.128878,28387,3976325,0.472947,21212,5059875,0.601825,8407551
2,2021-05-27,45800,8703713,25977,4522315,18131,3870573,1692,310825,18755,1077689,0.128181,26829,4003154,0.476138,20968,5080843,0.604319,8407551
2,2021-05-28,48938,8752651,27185,4549500,19835,3890408,1918,312743,20833,1073084,0.127633,27871,4031025,0.479453,23266,5104109,0.607086,8407551
2,2021-05-29,28574,8781225,17142,4566642,10401,3900809,1031,313774,13418,1072724,0.127591,15014,4046039,0.481239,14654,5118763,0.608829,8407551
2,2021-05-30,12469,8793694,8031,4574673,3684,3904493,754,314528,5599,1072340,0.127545,6828,4052867,0.482051,6444,5125207,0.609596,8407551
2,2021-05-31,5855,8799549,3426,4578099,2127,3906620,302,314830,1859,1070602,0.127338,3961,4056828,0.482522,2223,5127430,0.60986,8407551
2,2021-06-01,43953,8843502,25392,4603491,17008,3923628,1553,316383,16417,1061720,0.126282,27274,4084102,0.485766,18392,5145822,0.612048,8407551
2,2021-06-02,37373,8880875,21958,4625449,14036,3937664,1379,317762,15574,1057441,0.125773,21569,4105671,0.488331,17290,5163112,0.614104,8407551
2,2021-06-03,39718,8920593,25722,4651171,12613,3950277,1383,319145,14784,1049302,0.124805,24735,4130406,0.491273,16596,5179708,0.616078,8407551
2,2021-06-04,44398,8964991,29301,4680472,13656,3963933,1441,320586,14973,1037115,0.123355,29192,4159598,0.494745,17005,5196713,0.618101,8407551
2,2021-06-05,34640,8999631,24903,4705375,8496,3972429,1241,321827,10998,1026335,0.122073,23483,4183081,0.497539,12703,5209416,0.619612,8407551
2,2021-06-06,6663,9006294,5446,4710821,912,3973341,305,322132,1732,1023568,0.121744,4911,4187992,0.498123,2144,5211560,0.619867,8407551
3,2020-12-15,303,303,303,303,0,0,0,0,303,303,3.7e-05,0,0,0.0,303,303,3.7e-05,8129050
3,2020-12-16,2305,2608,2305,2608,0,0,0,0,2306,2609,0.000321,0,0,0.0,2306,2609,0.000321,8129050
3,2020-12-17,7772,10380,7772,10380,0,0,0,0,7772,10381,0.001277,0,0,0.0,7772,10381,0.001277,8129050
3,2020-12-18,13305,23685,13292,23672,13,13,0,0,13304,23685,0.002914,0,0,0.0,13304,23685,0.002914,8129050
3,2020-12-19,7196,30881,7185,30857,11,24,0,0,7260,30945,0.003807,0,0,0.0,7260,30945,0.003807,8129050
3,2020-12-20,5627,36508,5620,36477,7,31,0,0,5674,36618,0.004505,1,1,0.0,5674,36619,0.004505,8129050
3,2020-12-21,14323,50831,14298,50775,25,56,0,0,14387,51004,0.006274,1,2,0.0,14387,51006,0.006275,8129050
3,2020-12-22,14742,65573,14166,64941,576,632,0,0,14782,65786,0.008093,0,2,0.0,14782,65788,0.008093,8129050
3,2020-12-23,14760,80333,12166,77107,2594,3226,0,0,14786,80572,0.009912,1,3,0.0,14787,80575,0.009912,8129050
3,2020-12-24,6774,87107,4856,81963,1918,5144,0,0,6773,87345,0.010745,0,3,0.0,6773,87348,0.010745,8129050
3,2020-12-25,721,87828,665,82628,56,5200,0,0,720,88065,0.010833,0,3,0.0,720,88068,0.010834,8129050
3,2020-12-26,4606,92434,2992,85620,1614,6814,0,0,4604,92669,0.0114,0,3,0.0,4604,92672,0.0114,8129050
3,2020-12-27,2965,95399,1842,87462,1123,7937,0,0,2966,95635,0.011765,0,3,0.0,2966,95638,0.011765,8129050
3,2020-12-28,13549,108948,8666,96128,4883,12820,0,0,13577,109211,0.013435,1,4,0.0,13577,109215,0.013435,8129050
3,2020-12-29,14926,123874,8417,104545,6509,19329,0,0,14954,124163,0.015274,2,6,1e-06,14954,124169,0.015275,8129050
3,2020-12-30,17955,141829,9999,114544,7956,27285,0,0,17943,142106,0.017481,1,7,1e-06,17944,142113,0.017482,8129050
3,2020-12-31,8386,150215,3216,117760,5170,32455,0,0,8386,150491,0.018513,1,8,1e-06,8386,150499,0.018514,8129050
3,2021-01-01,1247,151462,575,118335,672,33127,0,0,1245,151736,0.018666,0,8,1e-06,1245,151744,0.018667,8129050
3,2021-01-02,4939,156401,2417,120752,2522,35649,0,0,4939,156675,0.019273,0,8,1e-06,4939,156683,0.019274,8129050
3,2021-01-03,1599,158000,840,121592,759,36408,0,0,1588,158258,0.019468,5,13,2e-06,1588,158271,0.01947,8129050
3,2021-01-04,11981,169981,5985,127577,5996,42404,0,0,11928,170152,0.020931,34,47,6e-06,11928,170199,0.020937,8129050
3,2021-01-05,15623,185604,8081,135658,7542,49946,0,0,14010,182588,0.022461,1599,1646,0.000202,14035,184234,0.022664,8129050
3,2021-01-06,20492,206096,10810,146468,9682,59628,0,0,16029,194202,0.02389,4423,6069,0.000747,16037,200271,0.024636,8129050
3,2021-01-07,26408,232504,15082,161550,11326,70954,0,0,17104,202047,0.024855,9275,15344,0.001888,17120,217391,0.026742,8129050
3,2021-01-08,30299,262803,18481,180031,11818,82772,0,0,17999,207788,0.025561,12280,27624,0.003398,18021,235412,0.028959,8129050
3,2021-01-09,12353,275156,6983,187014,5370,88142,0,0,7850,211149,0.025975,4497,32121,0.003951,7858,243270,0.029926,8129050
3,2021-01-10,7167,282323,4454,191468,2713,90855,0,0,4032,212053,0.026086,3133,35254,0.004337,4037,247307,0.030423,8129050
3,2021-01-11,28914,311237,18948,210416,9966,100821,0,0,16319,215828,0.02655,12588,47842,0.005885,16363,263670,0.032436,8129050
3,2021-01-12,32154,343391,19232,229648,12922,113743,0,0,19756,223287,0.027468,12382,60224,0.007408,19841,283511,0.034876,8129050
3,2021-01-13,34306,377697,17917,247565,16389,130132,0,0,24172,237341,0.029197,10136,70360,0.008655,24190,307701,0.037852,8129050
3,2021-01-14,34458,412155,14157,261722,20301,150433,0,0,28589,260125,0.031999,5840,76200,0.009374,28624,336325,0.041373,8129050
3,2021-01-15,38702,450857,14373,276095,24329,174762,0,0,34080,289657,0.035632,4612,80812,0.009941,34144,370469,0.045573,8129050
3,2021-01-16,21626,472483,7484,283579,14142,188904,0,0,19315,306695,0.037728,2297,83109,0.010224,19335,389804,0.047952,8129050
3,2021-01-17,13091,485574,4426,288005,8665,197569,0,0,12058,317740,0.039087,1032,84141,0.010351,12077,401881,0.049438,8129050
3,2021-01-18,24680,510254,12890,300895,11790,209359,0,0,19148,331380,0.040765,5549,89690,0.011033,19189,421070,0.051798,8129050
3,2021-01-19,40779,551033,20845,321740,19934,229293,0,0,31745,354199,0.043572,9008,98698,0.012141,31827,452897,0.055713,8129050
3,2021-01-20,44959,595992,22147,343887,22812,252105,0,0,35671,380700,0.046832,9246,107944,0.013279,35747,488644,0.060111,8129050
3,2021-01-21,47441,643433,20525,364412,26916,279021,0,0,42021,417439,0.051352,5347,113291,0.013937,42086,530730,0.065288,8129050
3,2021-01-22,49441,692874,19711,384123,29730,308751,0,0,45322,458700,0.056427,4123,117414,0.014444,45384,576114,0.070871,8129050
3,2021-01-23,30070,722944,12748,396871,17322,326073,0,0,26807,482304,0.059331,3253,120667,0.014844,26857,602971,0.074175,8129050
3,2021-01-24,17616,740560,8473,405344,9143,335216,0,0,16468,497655,0.061219,1146,121813,0.014985,16497,619468,0.076204,8129050
3,2021-01-25,40618,781178,18146,423490,22472,357688,0,0,30709,518557,0.063791,9890,131703,0.016202,30792,650260,0.079992,8129050
3,2021-01-26,46918,828096,22456,445946,24462,382150,0,0,36898,545545,0.067111,10010,141713,0.017433,36998,687258,0.084543,8129050
3,2021-01-27,51170,879266,24419,470365,26751,408901,0,0,40650,575824,0.070835,10449,152162,0.018718,40728,727986,0.089554,8129050
3,2021-01-28,51476,930742,23922,494287,27554,436455,0,0,42622,609726,0.075006,8772,160934,0.019797,42674,770660,0.094803,8129050
3,2021-01-29,50557,981299,24335,518622,26222,462677,0,0,40995,641390,0.078901,9377,170311,0.020951,41041,811701,0.099852,8129050
3,2021-01-30,36904,1018203,17654,536276,19250,481927,0,0,32215,669047,0.082303,4639,174950,0.021522,32296,843997,0.103825,8129050
3,2021-01-31,22170,1040373,12737,549013,9433,491360,0,0,20821,688547,0.084702,1339,176289,0.021686,20839,864836,0.106388,8129050
3,2021-02-01,45577,1085950,20872,569885,24705,516065,0,0,34874,712794,0.087685,10662,186951,0.022998,34909,899745,0.110683,8129050
3,2021-02-02,54022,1139972,22510,592395,31512,547577,0,0,41669,742245,0.091308,12269,199220,0.024507,41720,941465,0.115815,8129050
3,2021-02-03,59649,1199621,26580,618975,33069,580646,0,0,44382,771588,0.094917,15110,214330,0.026366,44453,985918,0.121283,8129050
3,2021-02-04,63996,1263617,27831,646806,36165,616811,0,0,46976,801841,0.098639,16831,231161,0.028436,47084,1033002,0.127075,8129050
3,2021-02-05,69826,1333443,29696,676502,40130,656941,0,0,48352,829098,0.101992,21260,252421,0.031052,48517,1081519,0.133044,8129050
3,2021-02-06,43379,1376822,21073,697575,22306,679247,0,0,33738,853407,0.104982,9610,262031,0.032234,33919,1115438,0.137216,8129050
3,2021-02-07,19579,1396401,12441,710016,7138,686385,0,0,15069,864106,0.106299,4496,266527,0.032787,15195,1130633,0.139086,8129050
3,2021-02-08,51122,1447523,24786,734802,26336,712721,0,0,33610,880490,0.108314,17410,283937,0.034929,33794,1164427,0.143243,8129050
3,2021-02-09,58250,1505773,28404,763206,29846,742567,0,0,34234,891228,0.109635,23844,307781,0.037862,34582,1199009,0.147497,8129050
3,2021-02-10,67631,1573404,31522,794728,36109,778676,0,0,36683,897711,0.110432,30728,338509,0.041642,37211,1236220,0.152074,8129050
3,2021-02-11,70292,1643696,34725,829453,35567,814243,0,0,37721,903733,0.111173,32232,370741,0.045607,38254,1274474,0.15678,8129050
3,2021-02-12,75011,1718707,32505,861958,42506,856749,0,0,41521,912823,0.112291,33198,403939,0.049691,42288,1316762,0.161982,8129050
3,2021-02-13,44531,1763238,20257,882215,24274,881023,0,0,25726,920421,0.113226,18708,422647,0.051992,26306,1343068,0.165218,8129050
3,2021-02-14,27083,1790321,13524,895739,13559,894582,0,0,15114,924061,0.113674,11923,434570,0.053459,15563,1358631,0.167133,8129050
3,2021-02-15,39818,1830139,17162,912901,22656,917238,0,0,22083,929428,0.114334,17650,452220,0.05563,23017,1381648,0.169964,8129050
3,2021-02-16,69581,1899720,32938,945839,36643,953881,0,0,36235,933474,0.114832,33215,485435,0.059716,37261,1418909,0.174548,8129050
3,2021-02-17,71313,1971033,36120,981959,35193,989074,0,0,33986,931415,0.114579,37117,522552,0.064282,35058,1453967,0.178861,8129050
3,2021-02-18,76423,2047456,39937,1021896,36486,1025560,0,0,35486,927452,0.114091,40796,563348,0.069301,36833,1490800,0.183392,8129050
3,2021-02-19,68295,2115751,39362,1061258,28933,1054493,0,0,34584,929120,0.114296,33610,596958,0.073435,35278,1526078,0.187731,8129050
3,2021-02-20,41990,2157741,26589,1087847,15401,1069894,0,0,22224,932164,0.114671,19677,616635,0.075856,22721,1548799,0.190526,8129050
3,2021-02-21,22753,2180494,18930,1106777,3823,1073717,0,0,10833,931526,0.114592,11853,628488,0.077314,11215,1560014,0.191906,8129050
3,2021-02-22,45266,2225760,29509,1136286,15757,1089474,0,0,21449,929716,0.11437,23744,652232,0.080235,21934,1581948,0.194604,8129050
3,2021-02-23,60675,2286435,33131,1169417,27544,1117018,0,0,26829,924822,0.113768,33707,685939,0.084381,28813,1610761,0.198149,8129050
3,2021-02-24,76594,2363029,37538,1206955,39056,1156074,0,0,34175,919245,0.113081,42260,728199,0.08958,36683,1647444,0.202661,8129050
3,2021-02-25,86071,2449100,41907,1248862,44164,1200238,0,0,43210,922407,0.11347,42638,770837,0.094825,45800,1693244,0.208295,8129050
3,2021-02-26,96761,2545861,44222,1293084,52539,1252777,0,0,51408,930988,0.114526,45025,815862,0.100364,53606,1746850,0.21489,8129050
3,2021-02-27,68318,2614179,31496,1324580,36819,1289596,3,3,36402,936964,0.115261,31736,847598,0.104268,37712,1784562,0.219529,8129050
3,2021-02-28,39282,2653461,23008,1347588,16272,1305868,2,5,20709,940198,0.115659,18426,866024,0.106534,21660,1806222,0.222193,8129050
3,2021-03-01,67312,2720773,35886,1383474,31405,1337273,21,26,37618,949637,0.11682,29533,895557,0.110167,38972,1845194,0.226988,8129050
3,2021-03-02,77704,2798477,38511,1421985,39188,1376461,5,31,45544,965211,0.118736,32041,927598,0.114109,47615,1892809,0.232845,8129050
3,2021-03-03,88052,2886529,42142,1464127,45893,1422354,17,48,49226,978066,0.120317,38648,966246,0.118863,51503,1944312,0.239181,8129050
3,2021-03-04,92628,2979157,45577,1509704,47036,1469390,15,63,52736,993391,0.122203,39700,1005946,0.123747,55025,1999337,0.24595,8129050
3,2021-03-05,89048,3068205,43784,1553488,44975,1514365,289,352,54460,1015988,0.124982,34374,1040320,0.127976,56971,2056308,0.252958,8129050
3,2021-03-06,64835,3133040,32855,1586343,29830,1544195,2150,2502,37260,1029429,0.126636,27444,1067764,0.131352,40885,2097193,0.257987,8129050
3,2021-03-07,37400,3170440,22345,1608688,13924,1558119,1131,3633,21582,1037546,0.127634,15764,1083528,0.133291,23881,2121074,0.260925,8129050
3,2021-03-08,58745,3229185,28067,1636755,27821,1585940,2857,6490,37340,1058028,0.130154,21269,1104797,0.135907,41751,2162825,0.266061,8129050
3,2021-03-09,76176,3305361,35388,1672143,36423,1622363,4365,10855,41203,1069910,0.131616,34860,1139657,0.140196,46742,2209567,0.271811,8129050
3,2021-03-10,82177,3387538,41181,1713324,34953,1657316,6043,16898,43085,1081536,0.133046,38909,1178566,0.144982,50535,2260102,0.278028,8129050
3,2021-03-11,96347,3483885,47099,1760423,40707,1698023,8541,25439,47449,1089969,0.134083,48668,1227234,0.150969,57101,2317203,0.285052,8129050
3,2021-03-12,101386,3585271,45314,1805737,44227,1742250,11845,37284,46647,1095092,0.134713,54555,1281789,0.15768,59678,2376881,0.292393,8129050
3,2021-03-13,69476,3654747,29585,1835322,32678,1774928,7213,44497,36582,1107477,0.136237,32786,1314575,0.161713,45171,2422052,0.29795,8129050
3,2021-03-14,40714,3695461,21506,1856828,15656,1790584,3552,48049,20799,1112615,0.136869,19852,1334427,0.164155,24990,2447042,0.301024,8129050
3,2021-03-15,75148,3770609,35721,1892549,34901,1825485,4526,52575,39761,1122699,0.138109,35210,1369637,0.168487,45294,2492336,0.306596,8129050
3,2021-03-16,94527,3865136,43608,1936157,46613,1872098,4306,56881,53496,1140589,0.14031,40840,1410477,0.173511,58730,2551066,0.313821,8129050
3,2021-03-17,97295,3962431,47260,1983417,45571,1917669,4464,61345,59433,1167500,0.143621,37660,1448137,0.178143,64571,2615637,0.321764,8129050
3,2021-03-18,102416,4064847,52061,2035478,45943,1963612,4412,65757,59326,1188937,0.146258,42859,1490996,0.183416,64296,2679933,0.329674,8129050
3,2021-03-19,102431,4167278,54928,2090406,43070,2006682,4433,70190,57696,1207105,0.148493,44500,1535496,0.18889,62668,2742601,0.337383,8129050
3,2021-03-20,71132,4238410,36751,2127157,30788,2037470,3593,73783,44156,1228543,0.15113,26814,1562310,0.192189,48252,2790853,0.343318,8129050
3,2021-03-21,35818,4274228,24442,2151599,9879,2047349,1497,75280,22400,1239572,0.152487,13342,1575652,0.19383,24371,2815224,0.346316,8129050
3,2021-03-22,69897,4344125,41090,2192689,26288,2073637,2519,77799,44855,1263114,0.155383,24846,1600498,0.196886,48388,2863612,0.352269,8129050
3,2021-03-23,89192,4433317,49273,2241962,37394,2111031,2525,80324,55114,1287618,0.158397,33845,1634343,0.20105,58349,2921961,0.359447,8129050
3,2021-03-24,98163,4531480,56583,2298545,38698,2149729,2882,83206,56564,1306398,0.160707,41276,1675619,0.206127,60056,2982017,0.366835,8129050
3,2021-03-25,106753,4638233,59322,2357867,44497,2194226,2934,86140,60677,1324883,0.162981,45780,1721399,0.211759,64265,3046282,0.37474,8129050
3,2021-03-26,109916,4748149,59032,2416899,47619,2241845,3265,89405,57303,1333967,0.164099,52333,1773732,0.218197,61417,3107699,0.382295,8129050
3,2021-03-27,73970,4822119,37645,2454544,33784,2275629,2541,91946,36207,1335810,0.164325,37576,1811308,0.222819,39419,3147118,0.387145,8129050
3,2021-03-28,43975,4866094,27828,2482372,15337,2290966,810,92756,22453,1338154,0.164614,21421,1832729,0.225454,23765,3170883,0.390068,8129050
3,2021-03-29,80232,4946326,41955,2524327,36441,2327407,1836,94592,44319,1349413,0.165999,35703,1868432,0.229846,46962,3217845,0.395845,8129050
3,2021-03-30,99676,5046002,49035,2573362,47023,2374430,3618,98210,56167,1366520,0.168103,43278,1911710,0.23517,60385,3278230,0.403273,8129050
3,2021-03-31,104535,5150537,56441,2629803,43280,2417710,4814,103024,56424,1380169,0.169782,47927,1959637,0.241066,61576,3339806,0.410848,8129050
3,2021-04-01,122915,5273452,62232,2692035,51044,2468754,9639,112663,66860,1401269,0.172378,55744,2015381,0.247923,76844,3416650,0.420301,8129050
3,2021-04-02,117426,5390878,57391,2749426,49787,2518541,10248,122911,62410,1419657,0.17464,54776,2070157,0.254662,73164,3489814,0.429302,8129050
3,2021-04-03,75791,5466669,38771,2788197,27825,2546366,9195,132106,37897,1429318,0.175828,37773,2107930,0.259308,47434,3537248,0.435137,8129050
3,2021-04-04,32291,5498960,17272,2805469,10849,2557215,4170,136276,14228,1429762,0.175883,17995,2125925,0.261522,18439,3555687,0.437405,8129050
3,2021-04-05,88723,5587683,45110,2850579,34560,2591775,9053,145329,43614,1438339,0.176938,44925,2170850,0.267048,53502,3609189,0.443987,8129050
3,2021-04-06,112765,5700448,54937,2905516,42739,2634514,15089,160418,53310,1448249,0.178157,59217,2230067,0.274333,69127,3678316,0.45249,8129050
3,2021-04-07,115735,5816183,59925,2965441,39594,2674108,16216,176634,56297,1461833,0.179828,59215,2289282,0.281617,72799,3751115,0.461446,8129050
3,2021-04-08,120991,5937174,60282,3025723,40704,2714812,20005,196639,56438,1474785,0.181422,64289,2353571,0.289526,77241,3828356,0.470948,8129050
3,2021-04-09,117730,6054904,58685,3084408,40009,2754821,19036,215675,51902,1481038,0.182191,65620,2419191,0.297598,71873,3900229,0.479789,8129050
3,2021-04-10,83295,6138199,37647,3122055,30479,2785300,15169,230844,34075,1482050,0.182315,49070,2468261,0.303635,50082,3950311,0.48595,8129050
3,2021-04-11,44943,6183142,24158,3146213,12812,2798112,7973,238817,17194,1480393,0.182111,27669,2495930,0.307038,26012,3976323,0.48915,8129050
3,2021-04-12,83371,6266513,42163,3188376,32527,2830639,8681,247498,38063,1483119,0.182447,45112,2541042,0.312588,47838,4024161,0.495035,8129050
3,2021-04-13,104620,6371133,56654,3245030,47759,2878398,207,247705,55460,1490710,0.183381,48965,2590007,0.318611,56556,4080717,0.501992,8129050
3,2021-04-14,106381,6477514,58134,3303164,48154,2926552,93,247798,53257,1492633,0.183617,52874,2642881,0.325116,54797,4135514,0.508733,8129050
3,2021-04-15,118055,6595569,66477,3369641,51520,2978072,58,247856,63617,1502931,0.184884,54193,2697074,0.331782,64491,4200005,0.516666,8129050
3,2021-04-16,113910,6709479,63922,3433563,49897,3027969,91,247947,59628,1509276,0.185664,54038,2751112,0.33843,60383,4260388,0.524094,8129050
3,2021-04-17,77990,6787469,42660,3476223,35319,3063288,11,247958,43489,1519416,0.186912,34326,2785438,0.342652,44466,4304854,0.529564,8129050
3,2021-04-18,36916,6824385,21930,3498153,14983,3078271,3,247961,17356,1518167,0.186758,19479,2804917,0.345049,18230,4323084,0.531807,8129050
3,2021-04-19,78022,6902407,43625,3541778,34346,3112617,51,248012,35281,1511441,0.185931,42594,2847511,0.350288,35868,4358952,0.536219,8129050
3,2021-04-20,97975,7000382,50758,3592536,47202,3159819,15,248027,47787,1510306,0.185791,49987,2897498,0.356437,48852,4407804,0.542229,8129050
3,2021-04-21,101095,7101477,55606,3648142,45424,3205243,65,248092,47918,1506378,0.185308,52892,2950390,0.362944,48964,4456768,0.548252,8129050
3,2021-04-22,108809,7210286,60591,3708733,48197,3253440,21,248113,46960,1492738,0.18363,61570,3011960,0.370518,47930,4504698,0.554148,8129050
3,2021-04-23,103168,7313454,58414,3767147,44731,3298171,23,248136,45262,1481417,0.182237,57600,3069560,0.377604,46279,4550977,0.559841,8129050
3,2021-04-24,72885,7386339,45181,3812328,27644,3325815,60,248196,35590,1480988,0.182185,37062,3106622,0.382163,36633,4587610,0.564348,8129050
3,2021-04-25,36219,7422558,23337,3835665,12868,3338683,14,248210,18682,1482658,0.18239,17419,3124041,0.384306,19089,4606699,0.566696,8129050
3,2021-04-26,69563,7492121,39147,3874812,30034,3368717,382,248592,29694,1474410,0.181375,39652,3163693,0.389184,31404,4638103,0.570559,8129050
3,2021-04-27,87362,7579483,45617,3920429,40168,3408885,1577,250169,34800,1459260,0.179512,52304,3215997,0.395618,37154,4675257,0.57513,8129050
3,2021-04-28,84660,7664143,47623,3968052,34933,3443818,2104,252273,34704,1446893,0.17799,49710,3265707,0.401733,37343,4712600,0.579723,8129050
3,2021-04-29,86737,7750880,49141,4017193,35419,3479237,2177,254450,30906,1424879,0.175282,55577,3321284,0.40857,33563,4746163,0.583852,8129050
3,2021-04-30,88275,7839155,49518,4066711,36301,3515538,2456,256906,32742,1405266,0.17287,55268,3376552,0.415369,35655,4781818,0.588238,8129050
3,2021-05-01,54496,7893651,34369,4101080,18691,3534229,1436,258342,19635,1392127,0.171253,34690,3411242,0.419636,21551,4803369,0.590889,8129050
3,2021-05-02,26725,7920376,18226,4119306,7489,3541718,1010,259352,9808,1386201,0.170524,16846,3428088,0.421708,10920,4814289,0.592233,8129050
3,2021-05-03,58797,7979173,34463,4153769,22005,3563723,2329,261681,17260,1364595,0.167866,41373,3469461,0.426798,19767,4834056,0.594664,8129050
3,2021-05-04,75470,8054643,43164,4196933,29677,3593400,2629,264310,22069,1336425,0.164401,53148,3522609,0.433336,24978,4859034,0.597737,8129050
3,2021-05-05,76691,8131334,45576,4242509,28454,3621854,2661,266971,21309,1305547,0.160603,55106,3577715,0.440115,24228,4883262,0.600717,8129050
3,2021-05-06,81202,8212536,50947,4293456,27758,3649612,2497,269468,20339,1268475,0.156042,60459,3638174,0.447552,23387,4906649,0.603594,8129050
3,2021-05-07,80302,8292838,49686,4343142,28018,3677630,2598,272066,21444,1234254,0.151833,58552,3696726,0.454755,24331,4930980,0.606587,8129050
3,2021-05-08,50266,8343104,30991,4374133,17645,3695275,1630,273696,13470,1213033,0.149222,36578,3733304,0.459255,15357,4946337,0.608477,8129050
3,2021-05-09,20325,8363429,14749,4388882,4793,3700068,783,274479,5570,1204777,0.148206,14676,3747980,0.46106,6420,4952757,0.609266,8129050
3,2021-05-10,46630,8410059,24844,4413726,19906,3719974,1880,276359,11077,1182613,0.14548,35377,3783357,0.465412,13213,4965970,0.610892,8129050
3,2021-05-11,60004,8470063,32885,4446611,25071,3745045,2048,278407,15152,1155590,0.142156,44655,3828012,0.470905,17632,4983602,0.613061,8129050
3,2021-05-12,59651,8529714,33717,4480328,23765,3768810,2169,280576,15660,1129909,0.138996,43781,3871793,0.476291,18100,5001702,0.615287,8129050
3,2021-05-13,68103,8597817,42648,4522976,23671,3792481,1784,282360,24700,1113768,0.137011,43199,3914992,0.481605,27058,5028760,0.618616,8129050
3,2021-05-14,78003,8675820,49243,4572219,26655,3819136,2105,284465,30744,1100193,0.135341,47018,3962010,0.487389,33443,5062203,0.62273,8129050
3,2021-05-15,60655,8736475,41742,4613961,17722,3836858,1191,285656,25104,1091318,0.134249,35380,3997390,0.491741,26505,5088708,0.62599,8129050
3,2021-05-16,31466,8767941,23543,4637504,7240,3844098,683,286339,12640,1085987,0.133593,18732,4016122,0.494046,13401,5102109,0.627639,8129050
3,2021-05-17,56091,8824032,35735,4673239,18548,3862646,1808,288147,21621,1075389,0.13229,34227,4050349,0.498256,23629,5125738,0.630546,8129050
3,2021-05-18,63300,8887332,37483,4710722,23989,3886635,1828,289975,24717,1063990,0.130887,38336,4088685,0.502972,26937,5152675,0.633859,8129050
3,2021-05-19,62557,8949889,38194,4748916,22657,3909292,1706,291681,25184,1053999,0.129658,37148,4125833,0.507542,27157,5179832,0.6372,8129050
3,2021-05-20,51256,9001145,30166,4779082,19491,3928783,1599,293280,18939,1042725,0.128271,32093,4157926,0.51149,20819,5200651,0.639761,8129050
3,2021-05-21,55214,9056359,33796,4812878,19594,3948377,1824,295104,20499,1030787,0.126803,34489,4192415,0.515732,22551,5223202,0.642535,8129050
3,2021-05-22,36670,9093029,24880,4837758,10526,3958903,1264,296368,15967,1027638,0.126416,20562,4212977,0.518262,17413,5240615,0.644677,8129050
3,2021-05-23,14627,9107656,10947,4848705,3164,3962067,516,296884,6899,1027426,0.126389,7681,4220658,0.519207,7469,5248084,0.645596,8129050
3,2021-05-24,38370,9146026,22325,4871030,14347,3976414,1698,298582,14656,1020424,0.125528,23552,4244210,0.522104,16550,5264634,0.647632,8129050
3,2021-05-25,42212,9188238,23835,4894865,16739,3993153,1638,300220,15552,1011400,0.124418,26439,4270649,0.525356,17415,5282049,0.649774,8129050
3,2021-05-26,41188,9229426,23397,4918262,16118,4009271,1673,301893,15797,1003913,0.123497,25122,4295771,0.528447,17635,5299684,0.651944,8129050
3,2021-05-27,38656,9268082,21605,4939867,15326,4024597,1725,303618,15389,998166,0.12279,23132,4318903,0.531292,17385,5317069,0.654082,8129050
3,2021-05-28,41947,9310029,23831,4963698,16420,4041017,1696,305314,17690,993806,0.122254,24092,4342995,0.534256,19732,5336801,0.65651,8129050
3,2021-05-29,23098,9333127,14114,4977812,8168,4049185,816,306130,11147,994067,0.122286,11843,4354838,0.535713,12104,5348905,0.657999,8129050
3,2021-05-30,10467,9343594,6812,4984624,3058,4052243,597,306727,4569,993444,0.122209,5840,4360678,0.536431,5217,5354122,0.658641,8129050
3,2021-05-31,4575,9348169,2670,4987294,1674,4053917,231,306958,1504,992161,0.122051,3046,4363724,0.536806,1763,5355885,0.658857,8129050
3,2021-06-01,37179,9385348,21483,5008777,14303,4068220,1393,308351,14054,984911,0.121159,22940,4386664,0.539628,15690,5371575,0.660788,8129050
3,2021-06-02,31031,9416379,17866,5026643,11767,4079987,1398,309749,12529,980683,0.120639,18320,4404984,0.541882,14092,5385667,0.662521,8129050
3,2021-06-03,38035,9454414,26053,5052696,10603,4090590,1379,311128,13021,970477,0.119384,24853,4429837,0.544939,14647,5400314,0.664323,8129050
3,2021-06-04,43679,9498093,31016,5083712,11233,4101823,1430,312558,13232,955316,0.117519,30260,4460097,0.548662,15099,5415413,0.66618,8129050
3,2021-06-05,32033,9530126,24227,5107939,6685,4108508,1121,313679,8388,941509,0.11582,23526,4483623,0.551556,9719,5425132,0.667376,8129050
3,2021-06-06,5636,9535762,4820,5112759,613,4109121,203,313882,1130,938428,0.115441,4487,4488110,0.552108,1406,5426538,0.667549,8129050
4,2020-12-15,448,448,448,448,0,0,0,0,448,448,5.6e-05,0,0,0.0,448,448,5.6e-05,8037679
4,2020-12-16,2997,3445,2997,3445,0,0,0,0,2997,3445,0.000429,0,0,0.0,2997,3445,0.000429,8037679
4,2020-12-17,8822,12267,8822,12267,0,0,0,0,8822,12267,0.001526,0,0,0.0,8822,12267,0.001526,8037679
4,2020-12-18,15940,28207,15931,28198,9,9,0,0,15940,28207,0.003509,0,0,0.0,15940,28207,0.003509,8037679
4,2020-12-19,10254,38461,10246,38444,8,17,0,0,10189,38396,0.004777,0,0,0.0,10189,38396,0.004777,8037679
4,2020-12-20,7369,45830,7362,45806,7,24,0,0,7324,45720,0.005688,0,0,0.0,7324,45720,0.005688,8037679
4,2020-12-21,16299,62129,16276,62082,23,47,0,0,16233,61953,0.007708,0,0,0.0,16233,61953,0.007708,8037679
4,2020-12-22,17137,79266,16403,78485,734,781,0,0,17093,79046,0.009834,0,0,0.0,17093,79046,0.009834,8037679
4,2020-12-23,17019,96285,14319,92804,2700,3481,0,0,16991,96036,0.011948,1,1,0.0,16991,96037,0.011948,8037679
4,2020-12-24,8557,104842,5968,98772,2589,6070,0,0,8556,104591,0.013013,1,2,0.0,8556,104593,0.013013,8037679
4,2020-12-25,902,105744,798,99570,104,6174,0,0,902,105493,0.013125,0,2,0.0,902,105495,0.013125,8037679
4,2020-12-26,6161,111905,3882,103452,2279,8453,0,0,6161,111654,0.013891,0,2,0.0,6161,111656,0.013892,8037679
4,2020-12-27,3428,115333,1996,105448,1432,9885,0,0,3428,115082,0.014318,0,2,0.0,3428,115084,0.014318,8037679
4,2020-12-28,15001,130334,9269,114717,5732,15617,0,0,14971,130052,0.01618,1,3,0.0,14971,130055,0.016181,8037679
4,2020-12-29,15281,145615,8460,123177,6821,22438,0,0,15248,145300,0.018077,0,3,0.0,15248,145303,0.018078,8037679
4,2020-12-30,18885,164500,11041,134218,7844,30282,0,0,18874,164172,0.020425,2,5,1e-06,18874,164177,0.020426,8037679
4,2020-12-31,8219,172719,3321,137539,4898,35180,0,0,8213,172382,0.021447,3,8,1e-06,8213,172390,0.021448,8037679
4,2021-01-01,1349,174068,590,138129,759,35939,0,0,1347,173727,0.021614,2,10,1e-06,1347,173737,0.021615,8037679
4,2021-01-02,5692,179760,3211,141340,2481,38420,0,0,5691,179417,0.022322,1,11,1e-06,5691,179428,0.022323,8037679
4,2021-01-03,2130,181890,1263,142603,867,39287,0,0,2113,181525,0.022584,5,16,2e-06,2113,181541,0.022586,8037679
4,2021-01-04,12973,194863,7066,149669,5907,45194,0,0,12897,194364,0.024182,58,74,9e-06,12897,194438,0.024191,8037679
4,2021-01-05,16850,211713,9969,159638,6881,52075,0,0,14747,207043,0.025759,2080,2154,0.000268,14759,209197,0.026027,8037679
4,2021-01-06,21512,233225,13185,172823,8327,60402,0,0,15536,216669,0.026957,5924,8078,0.001005,15550,224747,0.027962,8037679
4,2021-01-07,27882,261107,17000,189823,10882,71284,0,0,16823,222514,0.027684,11001,19079,0.002374,16846,241593,0.030058,8037679
4,2021-01-08,32702,293809,20981,210804,11721,83005,0,0,18237,226373,0.028164,14397,33476,0.004165,18256,259849,0.032329,8037679
4,2021-01-09,16205,310014,9583,220387,6622,89627,0,0,9422,229042,0.028496,6764,40240,0.005006,9433,269282,0.033502,8037679
4,2021-01-10,8734,318748,5643,226030,3091,92718,0,0,4120,228574,0.028438,4596,44836,0.005578,4128,273410,0.034016,8037679
4,2021-01-11,33322,352070,21843,247873,11479,104197,0,0,18779,232889,0.028975,14504,59340,0.007383,18819,292229,0.036357,8037679
4,2021-01-12,38350,390420,22062,269935,16288,120485,0,0,24279,243184,0.030256,14024,73364,0.009128,24319,316548,0.039383,8037679
4,2021-01-13,38571,428991,18994,288929,19577,140062,0,0,27322,259337,0.032265,11195,84559,0.01052,27348,343896,0.042785,8037679
4,2021-01-14,39023,468014,14903,303832,24120,164182,0,0,31954,284298,0.035371,7022,91581,0.011394,31983,375879,0.046765,8037679
4,2021-01-15,45222,513236,15687,319519,29535,193717,0,0,39698,318546,0.039632,5471,97052,0.012075,39719,415598,0.051706,8037679
4,2021-01-16,28603,541839,9366,328885,19237,212954,0,0,25488,340974,0.042422,3078,100130,0.012458,25506,441104,0.05488,8037679
4,2021-01-17,19065,560904,6692,335577,12373,225327,0,0,17544,357038,0.044421,1496,101626,0.012644,17560,458664,0.057064,8037679
4,2021-01-18,29405,590309,13620,349197,15785,241112,0,0,23435,374623,0.046608,5876,107502,0.013375,23461,482125,0.059983,8037679
4,2021-01-19,46049,636358,23145,372342,22904,264016,0,0,36713,402128,0.05003,9282,116784,0.01453,36787,518912,0.06456,8037679
4,2021-01-20,51675,688033,27383,399725,24292,288308,0,0,41282,433168,0.053892,10296,127080,0.015811,41336,560248,0.069703,8037679
4,2021-01-21,56483,744516,24980,424705,31503,319811,0,0,50077,476941,0.059338,6346,133426,0.0166,50119,610367,0.075938,8037679
4,2021-01-22,54970,799486,22067,446772,32903,352714,0,0,49881,521856,0.064926,4994,138420,0.017221,49909,660276,0.082148,8037679
4,2021-01-23,39438,838924,17397,464169,22041,374755,0,0,35129,552714,0.068765,4300,142720,0.017756,35158,695434,0.086522,8037679
4,2021-01-24,23924,862848,10496,474665,13428,388183,0,0,22049,572912,0.071278,1867,144587,0.017989,22065,717499,0.089267,8037679
4,2021-01-25,47912,910760,22115,496780,25797,413980,0,0,36829,598744,0.074492,11052,155639,0.019364,36884,754383,0.093856,8037679
4,2021-01-26,56697,967457,28910,525690,27787,441767,0,0,44484,631127,0.078521,12159,167798,0.020876,44542,798925,0.099397,8037679
4,2021-01-27,56094,1023551,26719,552409,29375,471142,0,0,45179,665515,0.082799,10843,178641,0.022225,45231,844156,0.105025,8037679
4,2021-01-28,56362,1079913,25486,577895,30876,502018,0,0,46455,702194,0.087363,9819,188460,0.023447,46498,890654,0.11081,8037679
4,2021-01-29,56355,1136268,27065,604960,29290,531308,0,0,46061,738135,0.091834,10153,198613,0.02471,46094,936748,0.116545,8037679
4,2021-01-30,37644,1173912,17166,622126,20478,551786,0,0,32325,765213,0.095203,5271,203884,0.025366,32349,969097,0.120569,8037679
4,2021-01-31,23895,1197807,12555,634681,11340,563126,0,0,22288,785927,0.09778,1590,205474,0.025564,22304,991401,0.123344,8037679
4,2021-02-01,49681,1247488,24069,658750,25612,588738,0,0,38076,812479,0.101084,11564,217038,0.027003,38116,1029517,0.128086,8037679
4,2021-02-02,55282,1302770,25454,684204,29828,618566,0,0,42476,842255,0.104788,12743,229781,0.028588,42519,1072036,0.133376,8037679
4,2021-02-03,61887,1364657,30442,714646,31445,650011,0,0,47635,875803,0.108962,14142,243923,0.030347,47690,1119726,0.13931,8037679
4,2021-02-04,67375,1432032,31374,746020,36001,686012,0,0,50724,910133,0.113233,16501,260424,0.0324,50831,1170557,0.145634,8037679
4,2021-02-05,72941,1504973,33860,779880,39081,725093,0,0,50889,939355,0.116869,21805,282229,0.035113,51027,1221584,0.151982,8037679
4,2021-02-06,48262,1553235,26219,806099,22043,747136,0,0,36776,964879,0.120044,11453,293682,0.036538,36977,1258561,0.156583,8037679
4,2021-02-07,26455,1579690,17498,823597,8957,756093,0,0,20045,978776,0.121773,6386,300068,0.037333,20283,1278844,0.159106,8037679
4,2021-02-08,58467,1638157,30120,853717,28347,784440,0,0,38105,996910,0.12403,20235,320303,0.03985,38369,1317213,0.16388,8037679
4,2021-02-09,67063,1705220,34170,887887,32893,817333,0,0,39398,1009116,0.125548,27595,347898,0.043283,39801,1357014,0.168832,8037679
4,2021-02-10,77082,1782302,38572,926459,38510,855843,0,0,40987,1014778,0.126253,35866,383764,0.047746,41528,1398542,0.173998,8037679
4,2021-02-11,81033,1863335,42316,968775,38717,894560,0,0,41900,1018431,0.126707,38913,422677,0.052587,42566,1441108,0.179294,8037679
4,2021-02-12,84051,1947386,37649,1006424,46402,940962,0,0,43350,1022063,0.127159,40504,463181,0.057626,44136,1485244,0.184785,8037679
4,2021-02-13,58465,2005851,29690,1036114,28775,969737,0,0,29836,1024292,0.127436,28504,491685,0.061173,30733,1515977,0.188609,8037679
4,2021-02-14,36643,2042494,19007,1055121,17636,987373,0,0,18835,1026026,0.127652,17759,509444,0.063382,19493,1535470,0.191034,8037679
4,2021-02-15,45996,2088490,21539,1076660,24457,1011830,0,0,23674,1028619,0.127975,22259,531703,0.066151,24852,1560322,0.194126,8037679
4,2021-02-16,79821,2168311,36565,1113225,43256,1055086,0,0,40697,1031506,0.128334,39028,570731,0.071007,41915,1602237,0.199341,8037679
4,2021-02-17,81183,2249494,38303,1151528,42880,1097966,0,0,38738,1029090,0.128033,42285,613016,0.076268,39869,1642106,0.204301,8037679
4,2021-02-18,82983,2332477,45658,1197186,37325,1135291,0,0,38418,1024568,0.127471,44415,657431,0.081794,39893,1681999,0.209264,8037679
4,2021-02-19,82294,2414771,51738,1248924,30556,1165847,0,0,41276,1025661,0.127607,40881,698312,0.08688,41974,1723973,0.214486,8037679
4,2021-02-20,48822,2463593,32544,1281468,16278,1182125,0,0,26698,1030980,0.128268,22072,720384,0.089626,27391,1751364,0.217894,8037679
4,2021-02-21,29154,2492747,23419,1304887,5735,1187860,0,0,14061,1030296,0.128183,15031,735415,0.091496,14347,1765711,0.219679,8037679
4,2021-02-22,52983,2545730,36379,1341266,16604,1204464,0,0,25733,1029316,0.128061,27161,762576,0.094875,26181,1791892,0.222936,8037679
4,2021-02-23,73724,2619454,40913,1382179,32811,1237275,0,0,32529,1022444,0.127206,41069,803645,0.099985,34197,1826089,0.227191,8037679
4,2021-02-24,88630,2708084,46809,1428988,41821,1279096,0,0,40060,1016291,0.126441,48365,852010,0.106002,42212,1868301,0.232443,8037679
4,2021-02-25,99793,2807877,52099,1481087,47694,1326790,0,0,47899,1015002,0.12628,51742,903752,0.112439,50453,1918754,0.23872,8037679
4,2021-02-26,106266,2914143,53639,1534726,52627,1379417,0,0,54474,1020250,0.126933,51572,955324,0.118856,56820,1975574,0.245789,8037679
4,2021-02-27,76953,2991096,41962,1576688,34985,1414402,6,6,41303,1027527,0.127839,35515,990839,0.123274,42792,2018366,0.251113,8037679
4,2021-02-28,47339,3038435,29419,1606107,17917,1432319,3,9,26540,1034284,0.128679,20666,1011505,0.125845,27423,2045789,0.254525,8037679
4,2021-03-01,77580,3116015,45595,1651702,31958,1464277,27,36,42854,1043860,0.129871,34494,1045999,0.130137,44070,2089859,0.260008,8037679
4,2021-03-02,84814,3200829,48853,1700555,35956,1500233,5,41,50226,1061443,0.132058,34438,1080437,0.134422,52021,2141880,0.26648,8037679
4,2021-03-03,99364,3300193,52746,1753301,46605,1546838,13,54,55352,1074757,0.133715,43819,1124256,0.139873,57133,2199013,0.273588,8037679
4,2021-03-04,96682,3396875,53774,1807075,42891,1589729,17,71,53201,1086460,0.135171,43287,1167543,0.145259,54990,2254003,0.28043,8037679
4,2021-03-05,94164,3491039,50885,1857960,42965,1632694,314,385,55943,1106621,0.137679,38029,1205572,0.14999,58190,2312193,0.287669,8037679
4,2021-03-06,76024,3567063,42915,1900875,30496,1663190,2613,2998,46754,1128177,0.140361,29160,1234732,0.153618,50716,2362909,0.293979,8037679
4,2021-03-07,42566,3609629,27240,1928115,14149,1677339,1177,4175,25537,1139010,0.141709,16970,1251702,0.155729,27803,2390712,0.297438,8037679
4,2021-03-08,66285,3675914,34725,1962840,28366,1705705,3194,7369,43814,1164993,0.144941,22368,1274070,0.158512,48351,2439063,0.303454,8037679
4,2021-03-09,81053,3756967,41113,2003953,34810,1740515,5130,12499,43858,1178065,0.146568,37042,1311112,0.163121,50114,2489177,0.309689,8037679
4,2021-03-10,90738,3847705,46886,2050839,36412,1776927,7440,19939,45936,1187773,0.147776,44646,1355758,0.168675,54354,2543531,0.316451,8037679
4,2021-03-11,100289,3947994,52673,2103512,39234,1816161,8382,28321,46468,1190140,0.14807,53614,1409372,0.175346,55981,2599512,0.323416,8037679
4,2021-03-12,104350,4052344,51514,2155026,42570,1858731,10266,38587,44686,1186643,0.147635,59439,1468811,0.182741,55942,2655454,0.330376,8037679
4,2021-03-13,80888,4133232,37695,2192721,34799,1893530,8394,46981,38028,1191479,0.148237,42741,1511552,0.188058,47577,2703031,0.336295,8037679
4,2021-03-14,49524,4182756,28340,2221061,17556,1911086,3628,50609,23251,1192807,0.148402,26188,1537740,0.191316,27516,2730547,0.339718,8037679
4,2021-03-15,83595,4266351,44935,2265996,34422,1945508,4238,54847,42818,1200135,0.149314,40570,1578310,0.196364,47898,2778445,0.345678,8037679
4,2021-03-16,107377,4373728,55810,2321806,48168,1993676,3399,58246,56998,1211077,0.150675,50166,1628476,0.202605,61108,2839553,0.35328,8037679
4,2021-03-17,106058,4479786,57022,2378828,45593,2039269,3443,61689,62242,1233746,0.153495,43585,1672061,0.208028,66254,2905807,0.361523,8037679
4,2021-03-18,106165,4585951,58829,2437657,43696,2082965,3640,65329,60344,1252598,0.155841,45573,1717634,0.213698,64425,2970232,0.369539,8037679
4,2021-03-19,110607,4696558,63553,2501210,41879,2124844,5175,70504,63125,1274046,0.158509,47256,1764890,0.219577,68704,3038936,0.378086,8037679
4,2021-03-20,83236,4779794,48812,2550022,31432,2156276,2992,73496,51137,1296515,0.161305,31975,1796865,0.223555,54444,3093380,0.38486,8037679
4,2021-03-21,47896,4827690,34722,2584744,10911,2167187,2263,75759,28371,1308090,0.162745,19419,1816284,0.225971,30994,3124374,0.388716,8037679
4,2021-03-22,81725,4909415,53395,2638139,25614,2192801,2716,78475,50836,1331665,0.165678,30690,1846974,0.229789,54265,3178639,0.395467,8037679
4,2021-03-23,103877,5013292,62095,2700234,39642,2232443,2140,80615,61915,1354554,0.168526,41708,1888682,0.234979,64597,3243236,0.403504,8037679
4,2021-03-24,113025,5126317,73065,2773299,37568,2270011,2392,83007,64067,1372923,0.170811,48554,1937236,0.241019,66923,3310159,0.41183,8037679
4,2021-03-25,116520,5242837,71827,2845126,42321,2312332,2372,85379,66887,1393470,0.173367,49196,1986432,0.24714,69743,3379902,0.420507,8037679
4,2021-03-26,119250,5362087,72500,2917626,43719,2356051,3031,88410,65436,1409043,0.175305,53498,2039930,0.253796,69071,3448973,0.429101,8037679
4,2021-03-27,91181,5453268,54085,2971711,35313,2391364,1783,90193,46419,1413181,0.17582,44552,2084482,0.259339,48690,3497663,0.435158,8037679
4,2021-03-28,55523,5508791,36697,3008408,17955,2409319,871,91064,29632,1418254,0.176451,25754,2110236,0.262543,30827,3528490,0.438994,8037679
4,2021-03-29,93141,5601932,55964,3064372,35105,2444424,2072,93136,50610,1429175,0.177809,42316,2152552,0.267808,53237,3581727,0.445617,8037679
4,2021-03-30,116723,5718655,63763,3128135,48816,2493240,4144,97280,69445,1456135,0.181164,47072,2199624,0.273664,74032,3655759,0.454828,8037679
4,2021-03-31,120580,5839235,71330,3199465,42942,2536182,6308,103588,68004,1478395,0.183933,52271,2251895,0.280167,74531,3730290,0.4641,8037679
4,2021-04-01,141932,5981167,81094,3280559,47663,2583845,13175,116763,83906,1518053,0.188867,57665,2309560,0.287342,97323,3827613,0.476209,8037679
4,2021-04-02,136088,6117255,72870,3353429,49688,2633533,13530,130293,78820,1553758,0.193309,57008,2366568,0.294434,92713,3920326,0.487744,8037679
4,2021-04-03,100925,6218180,53918,3407347,33635,2667168,13372,143665,52720,1572102,0.195592,48027,2414595,0.300409,66371,3986697,0.496001,8037679
4,2021-04-04,46776,6264956,24683,3432030,14587,2681755,7506,151171,20452,1573882,0.195813,26230,2440825,0.303673,28010,4014707,0.499486,8037679
4,2021-04-05,108893,6373849,61304,3493334,34847,2716602,12742,163913,56895,1592305,0.198105,51816,2492641,0.31012,70239,4084946,0.508225,8037679
4,2021-04-06,138276,6512125,77865,3571199,40727,2757329,19684,183597,71968,1618524,0.201367,66097,2558738,0.318343,92316,4177262,0.51971,8037679
4,2021-04-07,136915,6649040,77594,3648793,38676,2796005,20645,204242,71047,1644911,0.20465,65643,2624381,0.32651,92030,4269292,0.53116,8037679
4,2021-04-08,139366,6788406,77712,3726505,36328,2832333,25326,229568,69404,1670602,0.207846,69704,2694085,0.335182,95395,4364687,0.543028,8037679
4,2021-04-09,137026,6925432,75234,3801739,38940,2871273,22852,252420,65586,1688869,0.210119,71241,2765326,0.344045,89508,4454195,0.554164,8037679
4,2021-04-10,102857,7028289,50948,3852687,33131,2904404,18778,271198,46329,1698718,0.211344,56335,2821661,0.351054,66184,4520379,0.562399,8037679
4,2021-04-11,62221,7090510,37943,3890630,13120,2917524,11158,282356,27304,1703447,0.211933,34829,2856490,0.355387,39558,4559937,0.56732,8037679
4,2021-04-12,102252,7192762,62160,3952790,30005,2947529,10087,292443,51668,1716132,0.213511,50312,2906802,0.361647,62997,4622934,0.575158,8037679
4,2021-04-13,129400,7322162,81175,4033965,48066,2995595,159,292602,77686,1743371,0.2169,51465,2958267,0.36805,78704,4701638,0.58495,8037679
4,2021-04-14,134443,7456605,85700,4119665,48668,3044263,75,292677,74733,1760014,0.21897,59416,3017683,0.375442,76059,4777697,0.594413,8037679
4,2021-04-15,154694,7611299,103057,4222722,51600,3095863,37,292714,95435,1797318,0.223612,58947,3076630,0.382776,96251,4873948,0.606387,8037679
4,2021-04-16,141877,7753176,90074,4312796,51727,3147590,76,292790,82883,1822237,0.226712,58752,3135382,0.390085,83671,4957619,0.616797,8037679
4,2021-04-17,99784,7852960,62995,4375791,36779,3184369,10,292800,58527,1840886,0.229032,41025,3176407,0.39519,59674,5017293,0.624222,8037679
4,2021-04-18,53972,7906932,36088,4411879,17881,3202250,3,292803,30682,1849333,0.230083,23184,3199591,0.398074,31631,5048924,0.628157,8037679
4,2021-04-19,100121,8007053,66167,4478046,33940,3236190,14,292817,51293,1852603,0.23049,48625,3248216,0.404124,51895,5100819,0.634613,8037679
4,2021-04-20,127089,8134142,74643,4552689,52435,3288625,11,292828,66740,1860323,0.23145,60093,3308309,0.4116,67813,5168632,0.64305,8037679
4,2021-04-21,127251,8261393,81631,4634320,45569,3334194,51,292879,64321,1863063,0.231791,62645,3370954,0.419394,65385,5234017,0.651185,8037679
4,2021-04-22,136992,8398385,90257,4724577,46714,3380908,21,292900,61397,1850298,0.230203,75287,3446241,0.428761,62522,5296539,0.658964,8037679
4,2021-04-23,130402,8528787,84231,4808808,46148,3427056,23,292923,56627,1834626,0.228253,73471,3519712,0.437902,57799,5354338,0.666155,8037679
4,2021-04-24,97223,8626010,65988,4874796,31185,3458241,50,292973,44753,1828275,0.227463,52211,3571923,0.444397,45860,5400198,0.67186,8037679
4,2021-04-25,49417,8675427,35144,4909940,14249,3472490,24,292997,26127,1831693,0.227888,23170,3595093,0.44728,26588,5426786,0.675168,8037679
4,2021-04-26,86218,8761645,56642,4966582,29190,3501680,386,293383,34012,1815447,0.225867,51958,3647051,0.453744,35712,5462498,0.679611,8037679
4,2021-04-27,108762,8870407,66499,5033081,40196,3541876,2067,295450,39274,1788353,0.222496,69211,3716262,0.462355,42117,5504615,0.684851,8037679
4,2021-04-28,101013,8971420,65581,5098662,32943,3574819,2489,297939,36999,1764707,0.219554,63762,3780024,0.470288,40116,5544731,0.689842,8037679
4,2021-04-29,102388,9073808,64896,5163558,34990,3609809,2502,300441,32980,1731641,0.21544,69124,3849148,0.478888,36058,5580789,0.694328,8037679
4,2021-04-30,101579,9175387,63858,5227416,35058,3644867,2663,303104,34520,1702710,0.211841,66737,3915885,0.487191,37806,5618595,0.699032,8037679
4,2021-05-01,68433,9243820,45616,5273032,21065,3665932,1752,304856,19850,1676553,0.208587,48385,3964270,0.493211,22228,5640823,0.701797,8037679
4,2021-05-02,37351,9281171,26507,5299539,9567,3675499,1277,306133,10493,1661707,0.20674,26761,3991031,0.49654,11915,5652738,0.70328,8037679
4,2021-05-03,77773,9358944,54249,5353788,21076,3696575,2448,308581,19116,1625156,0.202192,58454,4049485,0.503813,21903,5674641,0.706005,8037679
4,2021-05-04,98221,9457165,66659,5420447,28821,3725396,2741,311322,22312,1574902,0.19594,75671,4125156,0.513227,25417,5700058,0.709167,8037679
4,2021-05-05,98984,9556149,69368,5489815,26906,3752302,2710,314032,21542,1522278,0.189393,77158,4202314,0.522827,24534,5724592,0.71222,8037679
4,2021-05-06,109053,9665202,81461,5571276,24676,3776978,2916,316948,19429,1456531,0.181213,89211,4291525,0.533926,23464,5748056,0.715139,8037679
4,2021-05-07,102688,9767890,73682,5644958,26334,3803312,2672,319620,20352,1397941,0.173923,82015,4373540,0.54413,23425,5771481,0.718053,8037679
4,2021-05-08,65986,9833876,45169,5690127,18953,3822265,1864,321484,13130,1360620,0.16928,52662,4426202,0.550682,15341,5786822,0.719962,8037679
4,2021-05-09,33247,9867123,27121,5717248,5188,3827453,938,322422,7843,1344181,0.167235,25312,4451514,0.553831,8873,5795695,0.721066,8037679
4,2021-05-10,62614,9929737,41548,5758796,18795,3846248,2271,324693,10803,1305918,0.162475,51637,4503151,0.560255,13374,5809069,0.72273,8037679
4,2021-05-11,76993,10006730,46998,5805794,27970,3874218,2025,326718,14995,1261567,0.156957,61796,4564947,0.567943,17445,5826514,0.7249,8037679
4,2021-05-12,73061,10079791,47974,5853768,22854,3897072,2233,328951,15998,1223280,0.152193,56837,4621784,0.575015,18550,5845064,0.727208,8037679
4,2021-05-13,95599,10175390,70176,5923944,23998,3921070,1425,330376,36742,1203813,0.149771,58577,4680361,0.582303,39110,5884174,0.732074,8037679
4,2021-05-14,101930,10277320,71802,5995746,28038,3949108,2090,332466,40002,1184764,0.147401,61663,4742024,0.589974,42614,5926788,0.737376,8037679
4,2021-05-15,83676,10360996,64653,6060399,17719,3966827,1304,333770,36934,1176735,0.146402,46546,4788570,0.595765,38517,5965305,0.742168,8037679
4,2021-05-16,48962,10409958,39743,6100142,8530,3975357,689,334459,20058,1168836,0.14542,28779,4817349,0.599346,20880,5986185,0.744765,8037679
4,2021-05-17,69778,10479736,50950,6151092,17002,3992359,1826,336285,28594,1158472,0.14413,41003,4858352,0.604447,30639,6016824,0.748577,8037679
4,2021-05-18,80379,10560115,52386,6203478,26248,4018607,1745,338030,29793,1140122,0.141847,50246,4908598,0.610698,31896,6048720,0.752546,8037679
4,2021-05-19,75524,10635639,51138,6254616,22460,4041067,1926,339956,31574,1130195,0.140612,43709,4952307,0.616136,33782,6082502,0.756749,8037679
4,2021-05-20,57559,10693198,37294,6291910,18572,4059639,1693,341649,21890,1118556,0.139164,35459,4987766,0.620548,23820,6106322,0.759712,8037679
4,2021-05-21,62673,10755871,42060,6333970,19018,4078657,1595,343244,22714,1103314,0.137268,39741,5027507,0.625492,24499,6130821,0.76276,8037679
4,2021-05-22,40689,10796560,29279,6363249,10349,4089006,1061,344305,18140,1100225,0.136883,22431,5049938,0.628283,19342,6150163,0.765167,8037679
4,2021-05-23,16338,10812898,12581,6375830,3240,4092246,517,344822,7047,1098646,0.136687,9206,5059144,0.629428,7627,6157790,0.766115,8037679
4,2021-05-24,41409,10854307,26114,6401944,12339,4104585,2956,347778,14920,1090406,0.135662,26312,5085456,0.632702,18072,6175862,0.768364,8037679
4,2021-05-25,44160,10898467,27456,6429400,13922,4118507,2782,350560,16296,1082050,0.134622,27661,5113117,0.636143,19305,6195167,0.770766,8037679
4,2021-05-26,43575,10942042,26129,6455529,14901,4133408,2545,353105,15825,1073065,0.133504,27574,5140691,0.639574,18589,6213756,0.773078,8037679
4,2021-05-27,38294,10980336,23041,6478570,12137,4145545,3116,356221,14753,1067775,0.132846,23375,5164066,0.642482,18085,6231841,0.775328,8037679
4,2021-05-28,42584,11022920,27224,6505794,13781,4159326,1579,357800,18878,1064976,0.132498,23513,5187579,0.645408,20714,6252555,0.777906,8037679
4,2021-05-29,23300,11046220,15211,6521005,7163,4166489,926,358726,11224,1065298,0.132538,11970,5199549,0.646897,12292,6264847,0.779435,8037679
4,2021-05-30,11898,11058118,8359,6529364,3014,4169503,525,359251,5118,1064296,0.132413,6729,5206278,0.647734,5727,6270574,0.780147,8037679
4,2021-05-31,3556,11061674,2278,6531642,1123,4170626,155,359406,1190,1063328,0.132293,2342,5208620,0.648025,1374,6271948,0.780318,8037679
4,2021-06-01,39011,11100685,24378,6556020,12216,4182842,2417,361823,14213,1055574,0.131328,24620,5233240,0.651088,16866,6288814,0.782417,8037679
4,2021-06-02,31985,11132670,20006,6576026,9224,4192066,2755,364578,11882,1050439,0.130689,19952,5253192,0.653571,14817,6303631,0.78426,8037679
4,2021-06-03,46471,11179141,35801,6611827,8248,4200314,2422,367000,12868,1032585,0.128468,33474,5286666,0.657735,15620,6319251,0.786203,8037679
4,2021-06-04,52708,11231849,42624,6654451,8804,4209118,1280,368280,13551,1009276,0.125568,38978,5325644,0.662585,15669,6334920,0.788153,8037679
4,2021-06-05,41615,11273464,35490,6689941,5154,4214272,971,369251,8991,987032,0.122801,32505,5358149,0.666629,10261,6345181,0.78943,8037679
4,2021-06-06,8441,11281905,7617,6697558,629,4214901,195,369446,1265,981384,0.122098,7152,5365301,0.667519,1504,6346685,0.789617,8037679
