vemquartile,administered_date,total_doses,cumulative_total_doses,pfizer_doses,cumulative_pfizer_doses,moderna_doses,cumulative_moderna_doses,jj_doses,cumulative_jj_doses,partially_vaccinated,total_partially_vaccinated,pct_age12pop_partially_vaccinated,fully_vaccinated,cumulative_fully_vaccinated,pct_age12pop_fully_vaccinated,at_least_one_dose,cumulative_at_least_one_dose,pct_age12pop_at_least_one_dose,age12_population
1,2020-12-15,154,154,154,154,0,0,0,0,154,154,1.8e-05,0,0,0.0,154,154,1.8e-05,8700223
1,2020-12-16,1249,1403,1249,1403,0,0,0,0,1248,1402,0.000161,0,0,0.0,1248,1402,0.000161,8700223
1,2020-12-17,4185,5588,4185,5588,0,0,0,0,4187,5589,0.000642,0,0,0.0,4187,5589,0.000642,8700223
1,2020-12-18,6400,11988,6376,11964,24,24,0,0,6404,11992,0.001378,1,1,0.0,6404,11993,0.001378,8700223
1,2020-12-19,2890,14878,2887,14851,3,27,0,0,2889,14880,0.00171,1,2,0.0,2889,14882,0.001711,8700223
1,2020-12-20,2142,17020,2131,16982,11,38,0,0,2144,17024,0.001957,0,2,0.0,2144,17026,0.001957,8700223
1,2020-12-21,7705,24725,7684,24666,21,59,0,0,7755,24779,0.002848,1,3,0.0,7756,24782,0.002848,8700223
1,2020-12-22,7378,32103,7028,31694,350,409,0,0,7378,32155,0.003696,2,5,1e-06,7378,32160,0.003696,8700223
1,2020-12-23,7917,40020,6646,38340,1271,1680,0,0,7914,40068,0.004605,2,7,1e-06,7915,40075,0.004606,8700223
1,2020-12-24,3311,43331,2368,40708,943,2623,0,0,3313,43381,0.004986,0,7,1e-06,3313,43388,0.004987,8700223
1,2020-12-25,240,43571,157,40865,83,2706,0,0,240,43621,0.005014,0,7,1e-06,240,43628,0.005015,8700223
1,2020-12-26,1373,44944,978,41843,395,3101,0,0,1372,44992,0.005171,1,8,1e-06,1372,45000,0.005172,8700223
1,2020-12-27,882,45826,547,42390,335,3436,0,0,882,45873,0.005273,1,9,1e-06,882,45882,0.005274,8700223
1,2020-12-28,7142,52968,4794,47184,2348,5784,0,0,7139,53012,0.006093,0,9,1e-06,7139,53021,0.006094,8700223
1,2020-12-29,9076,62044,5067,52251,4009,9793,0,0,9072,62082,0.007136,2,11,1e-06,9072,62093,0.007137,8700223
1,2020-12-30,11784,73828,6557,58808,5227,15020,0,0,11782,73863,0.00849,1,12,1e-06,11782,73875,0.008491,8700223
1,2020-12-31,6051,79879,1972,60780,4079,19099,0,0,6049,79909,0.009185,4,16,2e-06,6050,79925,0.009187,8700223
1,2021-01-01,626,80505,251,61031,375,19474,0,0,622,80529,0.009256,2,18,2e-06,622,80547,0.009258,8700223
1,2021-01-02,2932,83437,1773,62804,1159,20633,0,0,2932,83461,0.009593,0,18,2e-06,2932,83479,0.009595,8700223
1,2021-01-03,1058,84495,553,63357,505,21138,0,0,1056,84514,0.009714,3,21,2e-06,1056,84535,0.009716,8700223
1,2021-01-04,7426,91921,3618,66975,3808,24946,0,0,7428,91940,0.010568,2,23,3e-06,7428,91963,0.01057,8700223
1,2021-01-05,10979,102900,5285,72260,5694,30640,0,0,10175,101354,0.01165,785,808,9.3e-05,10199,102162,0.011742,8700223
1,2021-01-06,14166,117066,7105,79365,7061,37701,0,0,12211,111663,0.012834,1919,2727,0.000313,12228,114390,0.013148,8700223
1,2021-01-07,17651,134717,9183,88548,8468,46169,0,0,13117,120350,0.013833,4441,7168,0.000824,13128,127518,0.014657,8700223
1,2021-01-08,20271,154988,10516,99064,9755,55924,0,0,14294,128700,0.014793,5960,13128,0.001509,14310,141828,0.016302,8700223
1,2021-01-09,6714,161702,3417,102481,3297,59221,0,0,4834,131665,0.015134,1873,15001,0.001724,4838,146666,0.016858,8700223
1,2021-01-10,3124,164826,1781,104262,1343,60564,0,0,1925,132396,0.015218,1195,16196,0.001862,1926,148592,0.017079,8700223
1,2021-01-11,18226,183052,11906,116168,6320,66884,0,0,11604,137436,0.015797,6610,22806,0.002621,11650,160242,0.018418,8700223
1,2021-01-12,19230,202282,11009,127177,8221,75105,0,0,13187,144653,0.016626,6013,28819,0.003312,13230,173472,0.019939,8700223
1,2021-01-13,19917,222199,10779,137956,9138,84243,0,0,14739,154255,0.01773,5156,33975,0.003905,14758,188230,0.021635,8700223
1,2021-01-14,22237,244436,9561,147517,12676,96919,0,0,19395,170932,0.019647,2780,36755,0.004225,19457,207687,0.023871,8700223
1,2021-01-15,25304,269740,9272,156789,16032,112951,0,0,23342,192419,0.022117,1923,38678,0.004446,23410,231097,0.026562,8700223
1,2021-01-16,13960,283700,4569,161358,9391,122342,0,0,13061,204591,0.023516,894,39572,0.004548,13066,244163,0.028064,8700223
1,2021-01-17,5231,288931,2046,163404,3185,125527,0,0,4852,209068,0.02403,378,39950,0.004592,4855,249018,0.028622,8700223
1,2021-01-18,14411,303342,8644,172048,5767,131294,0,0,11198,217126,0.024956,3198,43148,0.004959,11256,260274,0.029916,8700223
1,2021-01-19,24887,328229,12953,185001,11934,143228,0,0,19597,231512,0.02661,5267,48415,0.005565,19653,279927,0.032175,8700223
1,2021-01-20,29546,357775,14790,199791,14756,157984,0,0,23573,249239,0.028647,5890,54305,0.006242,23617,303544,0.034889,8700223
1,2021-01-21,31407,389182,14796,214587,16611,174595,0,0,28030,274064,0.031501,3309,57614,0.006622,28134,331678,0.038123,8700223
1,2021-01-22,28493,417675,11325,225912,17168,191763,0,0,26395,298460,0.034305,2029,59643,0.006855,26425,358103,0.04116,8700223
1,2021-01-23,18746,436421,8206,234118,10540,202303,0,0,16784,313320,0.036013,1934,61577,0.007078,16794,374897,0.043091,8700223
1,2021-01-24,6710,443131,4172,238290,2538,204841,0,0,6046,318714,0.036633,658,62235,0.007153,6052,380949,0.043786,8700223
1,2021-01-25,25629,468760,10563,248853,15066,219907,0,0,19769,332785,0.03825,5810,68045,0.007821,19881,400830,0.046071,8700223
1,2021-01-26,28959,497719,13562,262415,15397,235304,0,0,22163,348243,0.040027,6733,74778,0.008595,22191,423021,0.048622,8700223
1,2021-01-27,32798,530517,15610,278025,17188,252492,0,0,24562,364724,0.041921,8170,82948,0.009534,24651,447672,0.051455,8700223
1,2021-01-28,35120,565637,16505,294530,18615,271107,0,0,28034,385870,0.044352,7015,89963,0.01034,28161,475833,0.054692,8700223
1,2021-01-29,33877,599514,16529,311059,17348,288455,0,0,27155,406548,0.046728,6575,96538,0.011096,27253,503086,0.057824,8700223
1,2021-01-30,20224,619738,8747,319806,11477,299932,0,0,17993,422429,0.048554,2198,98736,0.011349,18079,521165,0.059902,8700223
1,2021-01-31,7724,627462,5020,324826,2704,302636,0,0,7001,428718,0.049277,715,99451,0.011431,7004,528169,0.060708,8700223
1,2021-02-01,29190,656652,12589,337415,16601,319237,0,0,21303,442198,0.050826,7833,107284,0.012331,21313,549482,0.063157,8700223
1,2021-02-02,32874,689526,11874,349289,21000,340237,0,0,24543,458538,0.052704,8242,115526,0.013279,24582,574064,0.065983,8700223
1,2021-02-03,39794,729320,15310,364599,24484,364721,0,0,28550,476115,0.054724,11073,126599,0.014551,28650,602714,0.069276,8700223
1,2021-02-04,44221,773541,17222,381821,26999,391720,0,0,31780,495693,0.056975,12317,138916,0.015967,31895,634609,0.072942,8700223
1,2021-02-05,47085,820626,17206,399027,29879,421599,0,0,30724,510329,0.058657,16206,155122,0.01783,30842,665451,0.076487,8700223
1,2021-02-06,26675,847301,10552,409579,16123,437722,0,0,20688,525151,0.060361,5939,161061,0.018512,20761,686212,0.078873,8700223
1,2021-02-07,6309,853610,4055,413634,2254,439976,0,0,4650,528183,0.060709,1637,162698,0.0187,4669,690881,0.07941,8700223
1,2021-02-08,31774,885384,14489,428123,17285,457261,0,0,21141,538891,0.06194,10535,173233,0.019911,21243,712124,0.081851,8700223
1,2021-02-09,38716,924100,17073,445196,21643,478904,0,0,23802,547924,0.062978,14883,188116,0.021622,23916,736040,0.0846,8700223
1,2021-02-10,47537,971637,22233,467429,25304,504208,0,0,26998,554617,0.063747,20402,208518,0.023967,27095,763135,0.087714,8700223
1,2021-02-11,52185,1023822,25524,492953,26661,530869,0,0,31023,564919,0.064932,20845,229363,0.026363,31147,794282,0.091294,8700223
1,2021-02-12,50276,1074098,21635,514588,28641,559510,0,0,28826,572606,0.065815,21285,250648,0.028809,28972,823254,0.094624,8700223
1,2021-02-13,26543,1100641,11554,526142,14989,574499,0,0,15329,576870,0.066305,11144,261792,0.03009,15408,838662,0.096395,8700223
1,2021-02-14,11825,1112466,5587,531729,6238,580737,0,0,6717,578579,0.066502,5077,266869,0.030674,6786,845448,0.097175,8700223
1,2021-02-15,24043,1136509,9441,541170,14602,595339,0,0,14607,583993,0.067124,9310,276179,0.031744,14724,860172,0.098868,8700223
1,2021-02-16,47263,1183772,22539,563709,24724,620063,0,0,27472,591887,0.068031,19700,295879,0.034008,27594,887766,0.102039,8700223
1,2021-02-17,48638,1232410,24637,588346,24001,644064,0,0,26130,595823,0.068484,22347,318226,0.036577,26283,914049,0.10506,8700223
1,2021-02-18,51304,1283714,25663,614009,25641,669705,0,0,26503,598024,0.068737,24547,342773,0.039398,26748,940797,0.108135,8700223
1,2021-02-19,46794,1330508,25354,639363,21440,691145,0,0,26162,603786,0.069399,20464,363237,0.04175,26226,967023,0.111149,8700223
1,2021-02-20,27848,1358356,16916,656279,10932,702077,0,0,15861,607815,0.069862,11917,375154,0.04312,15946,982969,0.112982,8700223
1,2021-02-21,12458,1370814,10702,666981,1756,703833,0,0,7471,610416,0.070161,4923,380077,0.043686,7524,990493,0.113847,8700223
1,2021-02-22,31780,1402594,20871,687852,10909,714742,0,0,18250,615347,0.070728,13427,393504,0.045229,18358,1008851,0.115957,8700223
1,2021-02-23,46016,1448610,22357,710209,23659,738401,0,0,25233,620469,0.071316,20479,413983,0.047583,25601,1034452,0.118899,8700223
1,2021-02-24,56069,1504679,27108,737317,28961,767362,0,0,30826,626766,0.07204,24987,438970,0.050455,31284,1065736,0.122495,8700223
1,2021-02-25,68698,1573377,33355,770672,35343,802705,0,0,42455,643714,0.073988,26009,464979,0.053444,42957,1108693,0.127433,8700223
1,2021-02-26,76769,1650146,35942,806614,40827,843532,0,0,50108,667958,0.076775,26349,491328,0.056473,50593,1159286,0.133248,8700223
1,2021-02-27,52846,1702992,24260,830874,28575,872107,11,11,34646,684902,0.078722,17984,509312,0.05854,34928,1194214,0.137262,8700223
1,2021-02-28,20303,1723295,12052,842926,8249,880356,2,13,14855,694548,0.079831,5355,514667,0.059156,15001,1209215,0.138987,8700223
1,2021-03-01,46374,1769669,21441,864367,24869,905225,64,77,29771,708228,0.081403,16404,531071,0.061041,30084,1239299,0.142445,8700223
1,2021-03-02,64994,1834663,28108,892475,36874,942099,12,89,41326,726740,0.083531,23475,554546,0.063739,41987,1281286,0.14727,8700223
1,2021-03-03,72266,1906929,34382,926857,37853,979952,31,120,43920,743193,0.085422,28113,582659,0.066971,44566,1325852,0.152393,8700223
1,2021-03-04,80257,1987186,37650,964507,42569,1022521,38,158,51420,766589,0.088111,28579,611238,0.070255,51975,1377827,0.158367,8700223
1,2021-03-05,79284,2066470,35727,1000234,43349,1065870,208,366,52829,794133,0.091277,26143,637381,0.07326,53687,1431514,0.164538,8700223
1,2021-03-06,58107,2124577,27629,1027863,29128,1094998,1350,1716,39306,816497,0.093848,18654,656035,0.075404,41018,1472532,0.169252,8700223
1,2021-03-07,21022,2145599,13064,1040927,6762,1101760,1196,2912,15542,828028,0.095173,5452,661487,0.076031,16983,1489515,0.171204,8700223
1,2021-03-08,46184,2191783,22552,1063479,21671,1123431,1961,4873,32332,848915,0.097574,13738,675225,0.07761,34625,1524140,0.175184,8700223
1,2021-03-09,67002,2258785,32439,1095918,32048,1155479,2515,7388,41240,867419,0.099701,25581,700806,0.08055,44085,1568225,0.180251,8700223
1,2021-03-10,74311,2333096,37017,1132935,32787,1188266,4507,11895,45738,889585,0.102249,28432,729238,0.083818,50598,1618823,0.186067,8700223
1,2021-03-11,90494,2423590,41634,1174569,40838,1229104,8022,19917,52656,913118,0.104953,37582,766820,0.088138,61115,1679938,0.193091,8700223
1,2021-03-12,99380,2522970,43798,1218367,43124,1272228,12458,32375,57971,942798,0.108365,41166,807986,0.09287,70846,1750784,0.201234,8700223
1,2021-03-13,65488,2588458,29587,1247954,28195,1300423,7706,40081,41697,968843,0.111358,23647,831633,0.095588,49692,1800476,0.206946,8700223
1,2021-03-14,27968,2616426,14964,1262918,9439,1309862,3565,43646,15661,976019,0.112183,12227,843860,0.096993,19403,1819879,0.209176,8700223
1,2021-03-15,65397,2681823,28842,1291760,29802,1339664,6753,50399,38442,994826,0.114345,26723,870583,0.100064,45530,1865409,0.214409,8700223
1,2021-03-16,85980,2767803,39186,1330946,41128,1380792,5666,56065,53256,1021592,0.117421,32491,903074,0.103799,59257,1924666,0.22122,8700223
1,2021-03-17,93420,2861223,45612,1376558,41259,1422051,6549,62614,60067,1055451,0.121313,33096,936170,0.107603,66955,1991621,0.228916,8700223
1,2021-03-18,99092,2960315,51122,1427680,42249,1464300,5721,68335,59878,1082692,0.124444,38837,975007,0.112067,66078,2057699,0.236511,8700223
1,2021-03-19,104000,3064315,53839,1481519,43854,1508154,6307,74642,60668,1107159,0.127256,43014,1018021,0.117011,67481,2125180,0.244267,8700223
1,2021-03-20,72965,3137280,37378,1518897,30371,1538525,5216,79858,46868,1133614,0.130297,25898,1043919,0.119988,52353,2177533,0.250285,8700223
1,2021-03-21,27426,3164706,19094,1537991,6522,1545047,1810,81668,17067,1142319,0.131298,10258,1054177,0.121167,18963,2196496,0.252464,8700223
1,2021-03-22,59422,3224128,30681,1568672,25433,1570480,3308,84976,39929,1166663,0.134096,19259,1073436,0.12338,43603,2240099,0.257476,8700223
1,2021-03-23,83666,3307794,42613,1611285,37414,1607894,3639,88615,51270,1189895,0.136766,32125,1105561,0.127073,55357,2295456,0.263839,8700223
1,2021-03-24,88596,3396390,44822,1656107,39399,1647293,4375,92990,52749,1211636,0.139265,35536,1141097,0.131157,57277,2352733,0.270422,8700223
1,2021-03-25,97485,3493875,49891,1705998,41742,1689035,5852,98842,53938,1228429,0.141195,43197,1184294,0.136122,59990,2412723,0.277317,8700223
1,2021-03-26,105800,3599675,51385,1757383,48083,1737118,6332,105174,56697,1243032,0.142874,48717,1233011,0.141722,63320,2476043,0.284595,8700223
1,2021-03-27,74573,3674248,38551,1795934,31809,1768927,4213,109387,38290,1249686,0.143638,36041,1269052,0.145864,42695,2518738,0.289503,8700223
1,2021-03-28,32873,3707121,21503,1817437,10141,1779068,1229,110616,16440,1251487,0.143845,16317,1285369,0.14774,18118,2536856,0.291585,8700223
1,2021-03-29,68780,3775901,33881,1851318,31729,1810797,3170,113786,37892,1262113,0.145067,30645,1316014,0.151262,41271,2578127,0.296329,8700223
1,2021-03-30,93656,3869557,45789,1897107,41451,1852248,6416,120202,48084,1271348,0.146128,45332,1361346,0.156473,54567,2632694,0.302601,8700223
1,2021-03-31,102260,3971817,53227,1950334,42778,1895026,6255,126457,55998,1287730,0.148011,45913,1407259,0.16175,62295,2694989,0.309761,8700223
1,2021-04-01,113839,4085656,54367,2004701,50637,1945663,8835,135292,57768,1298784,0.149282,55575,1462834,0.168138,66629,2761618,0.317419,8700223
1,2021-04-02,113016,4198672,51456,2056157,51800,1997463,9760,145052,57340,1310858,0.150669,55220,1518054,0.174484,67294,2828912,0.325154,8700223
1,2021-04-03,78855,4277527,39654,2095811,29486,2026949,9715,154767,37014,1315991,0.151259,41640,1559694,0.179271,46773,2875685,0.33053,8700223
1,2021-04-04,23842,4301369,11861,2107672,8497,2035446,3484,158251,9942,1315579,0.151212,13824,1573518,0.18086,13412,2889097,0.332072,8700223
1,2021-04-05,77826,4379195,37073,2144745,31341,2066787,9412,167663,35036,1317604,0.151445,42561,1616079,0.185751,44586,2933683,0.337196,8700223
1,2021-04-06,105018,4484213,49760,2194505,38545,2105332,16713,184376,47535,1324689,0.152259,57155,1673234,0.192321,64240,2997923,0.34458,8700223
1,2021-04-07,113093,4597306,54843,2249348,40556,2145888,17694,202070,50995,1331594,0.153053,61764,1734998,0.19942,68669,3066592,0.352473,8700223
1,2021-04-08,123439,4720745,58418,2307766,43880,2189768,21141,223211,54588,1338933,0.153896,68405,1803403,0.207282,75744,3142336,0.361179,8700223
1,2021-04-09,124584,4845329,56795,2364561,46852,2236620,20937,244148,54701,1345074,0.154602,69500,1872903,0.215271,75641,3217977,0.369873,8700223
1,2021-04-10,97470,4942799,43458,2408019,30944,2267564,23068,267216,38577,1347975,0.154936,58655,1931558,0.222012,61556,3279533,0.376948,8700223
1,2021-04-11,36781,4979580,20422,2428441,9459,2277023,6900,274116,14866,1347990,0.154937,21841,1953399,0.224523,21856,3301389,0.37946,8700223
1,2021-04-12,75117,5054697,33524,2461965,31523,2308546,10070,284186,31879,1347135,0.154839,42930,1996329,0.229457,42075,3343464,0.384296,8700223
1,2021-04-13,98432,5153129,52590,2514555,45498,2354044,344,284530,53151,1356018,0.15586,44960,2041289,0.234625,53843,3397307,0.390485,8700223
1,2021-04-14,105431,5258560,54628,2569183,50724,2404768,79,284609,53568,1358575,0.156154,51461,2092750,0.24054,54018,3451325,0.396694,8700223
1,2021-04-15,106211,5364771,57700,2626883,48418,2453186,93,284702,56293,1365829,0.156988,49308,2142058,0.246207,56562,3507887,0.403195,8700223
1,2021-04-16,111280,5476051,56980,2683863,54210,2507396,90,284792,55569,1366531,0.157069,55147,2197205,0.252546,55849,3563736,0.409614,8700223
1,2021-04-17,83606,5559657,45399,2729262,38195,2545591,12,284804,46598,1376562,0.158221,36744,2233949,0.256769,46775,3610511,0.414991,8700223
1,2021-04-18,30604,5590261,20717,2749979,9880,2555471,7,284811,15314,1376898,0.15826,15194,2249143,0.258516,15530,3626041,0.416776,8700223
1,2021-04-19,67327,5657588,34064,2784043,33250,2588721,13,284824,30314,1370729,0.157551,36627,2285770,0.262725,30458,3656499,0.420276,8700223
1,2021-04-20,88598,5746186,44574,2828617,44000,2632721,24,284848,41288,1365316,0.156929,46926,2332696,0.268119,41513,3698012,0.425048,8700223
1,2021-04-21,98090,5844276,51173,2879790,46813,2679534,104,284952,43770,1355713,0.155825,53720,2386416,0.274294,44117,3742129,0.430119,8700223
1,2021-04-22,97938,5942214,51209,2930999,46710,2726244,19,284971,44805,1348165,0.154958,52593,2439009,0.280339,45045,3787174,0.435296,8700223
1,2021-04-23,102938,6045152,53165,2984164,49744,2775988,29,285000,48838,1343725,0.154447,53545,2492554,0.286493,49105,3836279,0.44094,8700223
1,2021-04-24,76694,6121846,47514,3031678,29153,2805141,27,285027,43106,1353702,0.155594,33417,2525971,0.290334,43394,3879673,0.445928,8700223
1,2021-04-25,27432,6149278,17463,3049141,9954,2815095,15,285042,15627,1357813,0.156066,11674,2537645,0.291676,15785,3895458,0.447742,8700223
1,2021-04-26,66649,6215927,34978,3084119,31263,2846358,408,285450,31433,1355102,0.155755,34887,2572532,0.295686,32176,3927634,0.451441,8700223
1,2021-04-27,81994,6297921,43593,3127712,37096,2883454,1305,286755,35365,1345800,0.154686,46312,2618844,0.301009,37010,3964644,0.455695,8700223
1,2021-04-28,81800,6379721,43521,3171233,36760,2920214,1519,288274,35720,1337560,0.153739,45702,2664546,0.306262,37462,4002106,0.46,8700223
1,2021-04-29,85259,6464980,46905,3218138,36721,2956935,1633,289907,34676,1323848,0.152163,50186,2714732,0.31203,36474,4038580,0.464193,8700223
1,2021-04-30,92917,6557897,50298,3268436,40724,2997659,1895,291802,38599,1310549,0.150634,53951,2768683,0.318231,40652,4079232,0.468865,8700223
1,2021-05-01,64075,6621972,41306,3309742,21332,3018991,1437,293239,26967,1302340,0.14969,36825,2805508,0.322464,28616,4107848,0.472154,8700223
1,2021-05-02,23565,6645537,16691,3326433,6291,3025282,583,293822,9478,1298458,0.149244,13970,2819478,0.32407,10088,4117936,0.473314,8700223
1,2021-05-03,56542,6702079,31343,3357776,23344,3048626,1855,295677,20472,1285043,0.147702,35793,2855271,0.328184,22378,4140314,0.475886,8700223
1,2021-05-04,76118,6778197,43856,3401632,30160,3078786,2102,297779,27223,1265875,0.145499,48570,2903841,0.333766,29402,4169716,0.479265,8700223
1,2021-05-05,78536,6856733,45528,3447160,30701,3109487,2307,300086,26525,1243155,0.142888,51632,2955473,0.339701,28912,4198628,0.482589,8700223
1,2021-05-06,80053,6936786,48613,3495773,29253,3138740,2187,302273,24885,1215636,0.139725,54745,3010218,0.345993,27226,4225854,0.485718,8700223
1,2021-05-07,83635,7020421,47577,3543350,33860,3172600,2198,304471,27782,1190312,0.136814,55367,3065585,0.352357,30043,4255897,0.489171,8700223
1,2021-05-08,57520,7077941,36096,3579446,19772,3192372,1652,306123,19512,1173906,0.134928,37654,3103239,0.356685,21248,4277145,0.491613,8700223
1,2021-05-09,18376,7096317,13187,3592633,4711,3197083,478,306601,5571,1167268,0.134165,12721,3115960,0.358147,6083,4283228,0.492312,8700223
1,2021-05-10,44376,7140693,22445,3615078,20098,3217181,1833,308434,14814,1154745,0.132726,29260,3145220,0.36151,16737,4299965,0.494236,8700223
1,2021-05-11,62978,7203671,34243,3649321,26566,3243747,2169,310603,20679,1135708,0.130538,41992,3187212,0.366337,22955,4322920,0.496875,8700223
1,2021-05-12,63120,7266791,33546,3682867,27504,3271251,2070,312673,20719,1116506,0.128331,42053,3229265,0.37117,22851,4345771,0.499501,8700223
1,2021-05-13,67382,7334173,39555,3722422,25836,3297087,1991,314664,25645,1103093,0.126789,41331,3270596,0.375921,27918,4373689,0.50271,8700223
1,2021-05-14,76950,7411123,46388,3768810,28153,3325240,2409,317073,31045,1091347,0.125439,45477,3316073,0.381148,33731,4407420,0.506587,8700223
1,2021-05-15,66900,7478023,43926,3812736,21204,3346444,1770,318843,26626,1079877,0.124121,39934,3356007,0.385738,28464,4435884,0.509859,8700223
1,2021-05-16,25138,7503161,18532,3831268,5985,3352429,621,319464,10245,1076023,0.123678,14766,3370773,0.387435,10912,4446796,0.511113,8700223
1,2021-05-17,54476,7557637,33282,3864550,19411,3371840,1783,321247,23065,1069799,0.122962,31128,3401901,0.391013,24904,4471700,0.513975,8700223
1,2021-05-18,65336,7622973,39372,3903922,24120,3395960,1844,323091,28328,1063354,0.122221,36706,3438607,0.395232,30261,4501961,0.517454,8700223
1,2021-05-19,66707,7689680,40628,3944550,24137,3420097,1942,325033,29836,1058643,0.12168,36563,3475170,0.399435,31852,4533813,0.521115,8700223
1,2021-05-20,65050,7754730,37756,3982306,25057,3445154,2237,327270,26747,1049889,0.120674,37936,3513106,0.403795,29182,4562995,0.524469,8700223
1,2021-05-21,70714,7825444,42300,4024606,26535,3471689,1879,329149,29145,1039864,0.119522,41141,3554247,0.408524,31116,4594111,0.528045,8700223
1,2021-05-22,56572,7882016,37223,4061829,17617,3489306,1732,330881,24589,1034588,0.118915,31689,3585936,0.412166,26413,4620524,0.531081,8700223
1,2021-05-23,20559,7902575,14380,4076209,5592,3494898,587,331468,9525,1033803,0.118825,10922,3596858,0.413421,10137,4630661,0.532246,8700223
1,2021-05-24,44311,7946886,24733,4100942,17728,3512626,1850,333318,17933,1027564,0.118108,26101,3622959,0.416421,19862,4650523,0.534529,8700223
1,2021-05-25,51507,7998393,29675,4130617,20109,3532735,1723,335041,21384,1020948,0.117347,29814,3652773,0.419848,23198,4673721,0.537196,8700223
1,2021-05-26,48917,8047310,27728,4158345,19277,3552012,1912,336953,20748,1015804,0.116756,27843,3680616,0.423048,22699,4696420,0.539805,8700223
1,2021-05-27,47445,8094755,26636,4184981,18888,3570900,1921,338874,20340,1011381,0.116248,26794,3707410,0.426128,22371,4718791,0.542376,8700223
1,2021-05-28,53138,8147893,29684,4214665,21604,3592504,1850,340724,23801,1008178,0.11588,28979,3736389,0.429459,25776,4744567,0.545339,8700223
1,2021-05-29,30897,8178790,18723,4233388,11199,3603703,975,341699,14674,1007830,0.11584,16053,3752442,0.431304,15705,4760272,0.547144,8700223
1,2021-05-30,11736,8190526,7586,4240974,3590,3607293,560,342259,5531,1007817,0.115838,6129,3758571,0.432009,6116,4766388,0.547847,8700223
1,2021-05-31,5820,8196346,3310,4244284,2249,3609542,261,342520,2037,1006408,0.115676,3718,3762289,0.432436,2309,4768697,0.548112,8700223
1,2021-06-01,46437,8242783,26301,4270585,18548,3628090,1588,344108,17601,997204,0.114618,28456,3790745,0.435707,19252,4787949,0.550325,8700223
1,2021-06-02,40457,8283240,23495,4294080,15446,3643536,1516,345624,16341,991346,0.113945,23795,3814540,0.438442,17937,4805886,0.552387,8700223
1,2021-06-03,41989,8325229,26322,4320402,13929,3657465,1738,347362,16061,983611,0.113056,25608,3840148,0.441385,17873,4823759,0.554441,8700223
1,2021-06-04,50695,8375924,32446,4352848,16422,3673887,1827,349189,18186,971576,0.111673,32124,3872272,0.445077,20089,4843848,0.55675,8700223
1,2021-06-05,40696,8416620,27771,4380619,10904,3684791,2021,351210,14254,961689,0.110536,26214,3898486,0.44809,16327,4860175,0.558626,8700223
1,2021-06-06,13263,8429883,10621,4391240,2126,3686917,516,351726,4571,958235,0.110139,8602,3907088,0.449079,5148,4865323,0.559218,8700223
1,2021-06-07,34300,8464183,23661,4414901,9266,3696183,1373,353099,12266,950122,0.109207,21805,3928893,0.451585,13692,4879015,0.560792,8700223
1,2021-06-08,42449,8506632,29374,4444275,11411,3707594,1664,354763,14776,939270,0.107959,27381,3956274,0.454732,16529,4895544,0.562692,8700223
1,2021-06-09,42362,8548994,29375,4473650,11335,3718929,1652,356415,13790,926519,0.106494,28249,3984523,0.457979,15498,4911042,0.564473,8700223
1,2021-06-10,39350,8588344,26495,4500145,11140,3730069,1715,358130,13420,916091,0.105295,25663,4010186,0.460929,15235,4926277,0.566224,8700223
1,2021-06-11,44584,8632928,29596,4529741,13284,3743353,1704,359834,15890,905398,0.104066,28366,4038552,0.464189,17673,4943950,0.568256,8700223
1,2021-06-12,34058,8666986,24627,4554368,8209,3751562,1222,361056,11179,895212,0.102895,22653,4061205,0.466793,12467,4956417,0.569689,8700223
1,2021-06-13,11698,8678684,8507,4562875,2709,3754271,482,361538,3413,890931,0.102403,8209,4069414,0.467737,3928,4960345,0.57014,8700223
1,2021-06-14,31246,8709930,21053,4583928,8859,3763130,1334,362872,11652,884565,0.101672,19381,4088795,0.469964,13015,4973360,0.571636,8700223
1,2021-06-15,37849,8747779,24830,4608758,11149,3774279,1870,364742,14096,877170,0.100822,23449,4112244,0.47266,16054,4989414,0.573481,8700223
1,2021-06-16,35923,8783702,24300,4633058,9774,3784053,1849,366591,13555,870552,0.100061,22078,4134322,0.475197,15460,5004874,0.575258,8700223
1,2021-06-17,33966,8817668,22467,4655525,9532,3793585,1967,368558,13279,865458,0.099475,20424,4154746,0.477545,15330,5020204,0.57702,8700223
1,2021-06-18,39901,8857569,25925,4681450,11107,3804692,2869,371427,15453,859680,0.098811,24152,4178898,0.480321,18374,5038578,0.579132,8700223
1,2021-06-19,24119,8881688,16739,4698189,6177,3810869,1203,372630,9803,856585,0.098456,14139,4193037,0.481946,11044,5049622,0.580401,8700223
1,2021-06-20,8172,8889860,5988,4704177,1907,3812776,277,372907,3236,855245,0.098302,4863,4197900,0.482505,3523,5053145,0.580806,8700223
1,2021-06-21,21074,8910934,11929,4716106,6947,3819723,2198,375105,10968,858475,0.098673,9984,4207884,0.483652,13214,5066359,0.582325,8700223
1,2021-06-22,30983,8941917,20227,4736333,8598,3828321,2158,377263,12936,855810,0.098366,17821,4225705,0.485701,15156,5081515,0.584067,8700223
1,2021-06-23,29537,8971454,19841,4756174,7869,3836190,1827,379090,12856,854062,0.098166,16456,4242161,0.487592,14708,5096223,0.585758,8700223
1,2021-06-24,28605,9000059,19063,4775237,7863,3844053,1679,380769,12124,851662,0.09789,16269,4258430,0.489462,13869,5110092,0.587352,8700223
1,2021-06-25,31967,9032026,21630,4796867,8919,3852972,1418,382187,14027,849471,0.097638,17691,4276121,0.491496,15500,5125592,0.589133,8700223
1,2021-06-26,22642,9054668,16820,4813687,4980,3857952,842,383029,9886,847623,0.097425,12625,4288746,0.492947,10777,5136369,0.590372,8700223
1,2021-06-27,9279,9063947,6916,4820603,1925,3859877,438,383467,4104,847080,0.097363,5101,4293847,0.493533,4558,5140927,0.590896,8700223
1,2021-06-28,21405,9085352,15911,4836514,4233,3864110,1261,384728,9922,847031,0.097357,11277,4305124,0.494829,11228,5152155,0.592187,8700223
1,2021-06-29,27095,9112447,18546,4855060,7150,3871260,1399,386127,11943,845471,0.097178,14960,4320084,0.496549,13400,5165555,0.593727,8700223
1,2021-06-30,26349,9138796,18239,4873299,7045,3878305,1065,387192,12525,845535,0.097185,13598,4333682,0.498112,13662,5179217,0.595297,8700223
1,2021-07-01,24248,9163044,16847,4890146,6088,3884393,1313,388505,11249,845343,0.097163,12828,4346510,0.499586,12636,5191853,0.596749,8700223
1,2021-07-02,27000,9190044,18555,4908701,7388,3891781,1057,389562,12643,844977,0.097121,14146,4360656,0.501212,13780,5205633,0.598333,8700223
1,2021-07-03,14965,9205009,10447,4919148,4064,3895845,454,390016,7139,844920,0.097115,7684,4368340,0.502095,7627,5213260,0.59921,8700223
1,2021-07-04,1296,9206305,729,4919877,499,3896344,68,390084,629,844966,0.09712,656,4368996,0.502171,702,5213962,0.599291,8700223
1,2021-07-05,11210,9217515,7769,4927646,3076,3899420,365,390449,5321,844885,0.097111,5815,4374811,0.502839,5734,5219696,0.59995,8700223
1,2021-07-06,27644,9245159,19530,4947176,6963,3906383,1151,391600,11034,840758,0.096636,16413,4391224,0.504725,12286,5231982,0.601362,8700223
1,2021-07-07,24118,9269277,16873,4964049,6075,3912458,1170,392770,10379,838842,0.096416,13549,4404773,0.506283,11633,5243615,0.602699,8700223
1,2021-07-08,23158,9292435,16045,4980094,6015,3918473,1098,393868,9946,836965,0.0962,13008,4417781,0.507778,11131,5254746,0.603978,8700223
1,2021-07-09,27261,9319696,19275,4999369,6813,3925286,1173,395041,12273,835659,0.09605,14806,4432587,0.50948,13500,5268246,0.60553,8700223
1,2021-07-10,18026,9337722,13012,5012381,4242,3929528,772,395813,8020,834621,0.095931,9877,4442464,0.510615,8839,5277085,0.606546,8700223
1,2021-07-11,6811,9344533,4983,5017364,1621,3931149,207,396020,3288,834663,0.095936,3471,4445935,0.511014,3513,5280598,0.60695,8700223
1,2021-07-12,20394,9364927,14658,5032022,4835,3935984,901,396921,9038,833483,0.0958,11211,4457146,0.512303,10031,5290629,0.608103,8700223
1,2021-07-13,22573,9387500,15752,5047774,6000,3941984,821,397742,10558,833084,0.095754,11864,4469010,0.513666,11465,5302094,0.60942,8700223
1,2021-07-14,22589,9410089,15516,5063290,6083,3948067,990,398732,10167,832087,0.09564,12263,4481273,0.515076,11266,5313360,0.610715,8700223
1,2021-07-15,21987,9432076,15584,5078874,5668,3953735,735,399467,10633,832354,0.09567,11206,4492479,0.516364,11473,5324833,0.612034,8700223
1,2021-07-16,27090,9459166,18939,5097813,7142,3960877,1009,400476,13429,833386,0.095789,13491,4505970,0.517914,14523,5339356,0.613703,8700223
1,2021-07-17,18792,9477958,13575,5111388,4512,3965389,705,401181,9238,833946,0.095853,9419,4515389,0.518997,9979,5349335,0.61485,8700223
1,2021-07-18,7505,9485463,5540,5116928,1679,3967068,286,401467,3832,834467,0.095913,3613,4519002,0.519412,4134,5353469,0.615325,8700223
1,2021-07-19,20978,9506441,15192,5132120,4952,3972020,834,402301,10506,835568,0.09604,10334,4529336,0.5206,11435,5364904,0.61664,8700223
1,2021-07-20,25034,9531475,17312,5149432,6833,3978853,889,403190,12859,837418,0.096252,11990,4541326,0.521978,13840,5378744,0.618231,8700223
1,2021-07-21,25387,9556862,17833,5167265,6343,3985196,1211,404401,12976,839475,0.096489,12248,4553574,0.523386,14305,5393049,0.619875,8700223
1,2021-07-22,24488,9581350,17311,5184576,6332,3991528,845,405246,13345,842795,0.096871,10961,4564535,0.524646,14281,5407330,0.621516,8700223
1,2021-07-23,29156,9610506,20604,5205180,7530,3999058,1022,406268,16244,847418,0.097402,12709,4577244,0.526107,17332,5424662,0.623508,8700223
1,2021-07-24,18191,9628697,12837,5218017,4786,4003844,568,406836,10700,851341,0.097853,7371,4584615,0.526954,11294,5435956,0.624807,8700223
1,2021-07-25,7497,9636194,5390,5223407,1990,4005834,117,406953,5591,855202,0.098297,1867,4586482,0.527168,5728,5441684,0.625465,8700223
1,2021-07-26,21502,9657696,14874,5238281,5865,4011699,763,407716,13902,862461,0.099131,7478,4593960,0.528028,14737,5456421,0.627159,8700223
1,2021-07-27,27119,9684815,19358,5257639,6820,4018519,941,408657,15981,868471,0.099822,10966,4604926,0.529288,16976,5473397,0.62911,8700223
1,2021-07-28,28156,9712971,19968,5277607,7311,4025830,877,409534,17281,876012,0.100688,10688,4615614,0.530517,18229,5491626,0.631205,8700223
1,2021-07-29,26779,9739750,19002,5296609,6979,4032809,798,410332,16756,883780,0.101581,9848,4625462,0.531649,17616,5509242,0.63323,8700223
1,2021-07-30,31288,9771038,22390,5318999,7993,4040802,905,411237,19153,891954,0.102521,11921,4637383,0.533019,20095,5529337,0.63554,8700223
1,2021-07-31,20016,9791054,14528,5333527,4946,4045748,542,411779,12459,897583,0.103168,7396,4644779,0.533869,13025,5542362,0.637037,8700223
1,2021-08-01,8884,9799938,6692,5340219,2065,4047813,127,411906,6091,901083,0.10357,2746,4647525,0.534185,6246,5548608,0.637755,8700223
1,2021-08-02,24956,9824894,18584,5358803,5664,4053477,708,412614,16249,909541,0.104542,8548,4656073,0.535167,17006,5565614,0.639709,8700223
1,2021-08-03,28690,9853584,20768,5379571,7005,4060482,917,413531,17990,917970,0.105511,10513,4666586,0.536375,18942,5584556,0.641887,8700223
1,2021-08-04,27658,9881242,20095,5399666,6684,4067166,879,414410,17583,926608,0.106504,9870,4676456,0.53751,18508,5603064,0.644014,8700223
1,2021-08-05,27411,9908653,20098,5419764,6412,4073578,901,415311,17294,934912,0.107458,9913,4686369,0.538649,18217,5621281,0.646108,8700223
1,2021-08-06,33819,9942472,24903,5444667,7938,4081516,978,416289,21094,944543,0.108565,12486,4698855,0.540084,22117,5643398,0.64865,8700223
1,2021-08-07,21746,9964218,16304,5460971,4873,4086389,569,416858,13549,950610,0.109263,8064,4706919,0.541011,14131,5657529,0.650274,8700223
1,2021-08-08,10518,9974736,7681,5468652,2637,4089026,200,417058,6841,954053,0.109658,3607,4710526,0.541426,7050,5664579,0.651084,8700223
1,2021-08-09,27851,10002587,20858,5489510,6179,4095205,814,417872,17220,961685,0.110536,10436,4720962,0.542625,18068,5682647,0.653161,8700223
1,2021-08-10,29304,10031891,21541,5511051,6892,4102097,871,418743,17461,968437,0.111312,11634,4732596,0.543963,18386,5701033,0.655274,8700223
1,2021-08-11,27015,10058906,19892,5530943,6208,4108305,915,419658,15933,974438,0.112001,10874,4743470,0.545212,16875,5717908,0.657214,8700223
1,2021-08-12,28650,10087556,20595,5551538,7014,4115319,1041,420699,17126,981392,0.112801,11234,4754704,0.546504,18188,5736096,0.659304,8700223
1,2021-08-13,35891,10123447,26094,5577632,8751,4124070,1046,421745,20903,988700,0.113641,14687,4769391,0.548192,21995,5758091,0.661833,8700223
1,2021-08-14,23865,10147312,18149,5595781,5165,4129235,551,422296,13679,993212,0.114159,9736,4779127,0.549311,14248,5772339,0.66347,8700223
1,2021-08-15,10559,10157871,7786,5603567,2616,4131851,157,422453,6115,995362,0.114406,4143,4783270,0.549787,6293,5778632,0.664194,8700223
1,2021-08-16,28942,10186813,20557,5624124,7598,4139449,787,423240,16004,1000113,0.114953,12071,4795341,0.551174,16822,5795454,0.666127,8700223
1,2021-08-17,31473,10218286,22340,5646464,8226,4147675,907,424147,16582,1003680,0.115363,13962,4809303,0.552779,17529,5812983,0.668142,8700223
1,2021-08-18,31354,10249640,22496,5668960,7984,4155659,874,425021,15942,1006318,0.115666,14224,4823527,0.554414,16862,5829845,0.67008,8700223
1,2021-08-19,30449,10280089,21714,5690674,7748,4163407,987,426008,15556,1009234,0.116001,13663,4837190,0.555985,16579,5846424,0.671986,8700223
1,2021-08-20,37475,10317564,27272,5717946,9276,4172683,927,426935,19001,1012245,0.116347,16948,4854138,0.557933,19959,5866383,0.67428,8700223
1,2021-08-21,22775,10340339,17030,5734976,5185,4177868,560,427495,11126,1013033,0.116438,10913,4865051,0.559187,11701,5878084,0.675625,8700223
1,2021-08-22,11826,10352165,8657,5743633,2969,4180837,200,427695,5950,1013710,0.116515,5487,4870538,0.559818,6164,5884248,0.676333,8700223
1,2021-08-23,30501,10382666,22689,5766322,7119,4187956,693,428388,14758,1014559,0.116613,14661,4885199,0.561503,15510,5899758,0.678116,8700223
1,2021-08-24,30816,10413482,23386,5789708,6616,4194572,814,429202,14535,1014852,0.116647,15118,4900317,0.56324,15411,5915169,0.679887,8700223
1,2021-08-25,17431,10430913,12934,5802642,3867,4198439,630,429832,7820,1014526,0.116609,8808,4909125,0.564253,8482,5923651,0.680862,8700223
2,2020-12-15,262,262,262,262,0,0,0,0,262,262,3.1e-05,0,0,0.0,262,262,3.1e-05,8407551
2,2020-12-16,2268,2530,2268,2530,0,0,0,0,2269,2531,0.000301,0,0,0.0,2269,2531,0.000301,8407551
2,2020-12-17,7006,9536,7006,9536,0,0,0,0,7005,9536,0.001134,0,0,0.0,7005,9536,0.001134,8407551
2,2020-12-18,11169,20705,11148,20684,21,21,0,0,11172,20708,0.002463,0,0,0.0,11172,20708,0.002463,8407551
2,2020-12-19,5643,26348,5636,26320,7,28,0,0,5645,26353,0.003134,0,0,0.0,5645,26353,0.003134,8407551
2,2020-12-20,4265,30613,4248,30568,17,45,0,0,4258,30610,0.003641,1,1,0.0,4258,30611,0.003641,8407551
2,2020-12-21,12889,43502,12859,43427,30,75,0,0,12844,43454,0.005168,0,1,0.0,12844,43455,0.005169,8407551
2,2020-12-22,12303,55805,11773,55200,530,605,0,0,12302,55756,0.006632,0,1,0.0,12302,55757,0.006632,8407551
2,2020-12-23,11827,67632,9569,64769,2258,2863,0,0,11829,67584,0.008038,2,3,0.0,11830,67587,0.008039,8407551
2,2020-12-24,5922,73554,3506,68275,2416,5279,0,0,5918,73501,0.008742,3,6,1e-06,5920,73507,0.008743,8407551
2,2020-12-25,503,74057,419,68694,84,5363,0,0,506,74007,0.008802,0,6,1e-06,506,74013,0.008803,8407551
2,2020-12-26,2592,76649,1677,70371,915,6278,0,0,2593,76599,0.009111,1,7,1e-06,2593,76606,0.009112,8407551
2,2020-12-27,2246,78895,1221,71592,1025,7303,0,0,2243,78840,0.009377,2,9,1e-06,2243,78849,0.009378,8407551
2,2020-12-28,11152,90047,7235,78827,3917,11220,0,0,11152,89989,0.010703,3,12,1e-06,11152,90001,0.010705,8407551
2,2020-12-29,13004,103051,7316,86143,5688,16908,0,0,13009,102998,0.012251,0,12,1e-06,13009,103010,0.012252,8407551
2,2020-12-30,15764,118815,8851,94994,6913,23821,0,0,15758,118753,0.014125,5,17,2e-06,15760,118770,0.014127,8407551
2,2020-12-31,7645,126460,2848,97842,4797,28618,0,0,7636,126383,0.015032,6,23,3e-06,7636,126406,0.015035,8407551
2,2021-01-01,1441,127901,696,98538,745,29363,0,0,1437,127816,0.015203,4,27,3e-06,1437,127843,0.015206,8407551
2,2021-01-02,4892,132793,2787,101325,2105,31468,0,0,4887,132701,0.015784,2,29,3e-06,4887,132730,0.015787,8407551
2,2021-01-03,1434,134227,812,102137,622,32090,0,0,1426,134123,0.015953,4,33,4e-06,1426,134156,0.015957,8407551
2,2021-01-04,11822,146049,5631,107768,6191,38281,0,0,11809,145928,0.017357,4,37,4e-06,11809,145965,0.017361,8407551
2,2021-01-05,14044,160093,7039,114807,7005,45286,0,0,12799,157520,0.018736,1240,1277,0.000152,12832,158797,0.018887,8407551
2,2021-01-06,19273,179366,10657,125464,8616,53902,0,0,15305,168934,0.020093,3906,5183,0.000616,15320,174117,0.02071,8407551
2,2021-01-07,23490,202856,13245,138709,10245,64147,0,0,15737,176932,0.021044,7758,12941,0.001539,15756,189873,0.022584,8407551
2,2021-01-08,27135,229991,16361,155070,10774,74921,0,0,16693,183273,0.021799,10383,23324,0.002774,16724,206597,0.024573,8407551
2,2021-01-09,9912,239903,5802,160872,4110,79031,0,0,6316,186008,0.022124,3592,26916,0.003201,6327,212924,0.025325,8407551
2,2021-01-10,5368,245271,2988,163860,2380,81411,0,0,3099,186846,0.022224,2267,29183,0.003471,3105,216029,0.025695,8407551
2,2021-01-11,26229,271500,18135,181995,8094,89505,0,0,15041,190754,0.022688,11187,40370,0.004802,15095,231124,0.02749,8407551
2,2021-01-12,26597,298097,16527,198522,10070,99575,0,0,16859,197955,0.023545,9752,50122,0.005962,16953,248077,0.029506,8407551
2,2021-01-13,28789,326886,15280,213802,13509,113084,0,0,20717,210659,0.025056,8054,58176,0.006919,20758,268835,0.031975,8407551
2,2021-01-14,30764,357650,11779,225581,18985,132069,0,0,26423,232821,0.027692,4345,62521,0.007436,26507,295342,0.035128,8407551
2,2021-01-15,35308,392958,12782,238363,22526,154595,0,0,31973,261562,0.03111,3326,65847,0.007832,32067,327409,0.038942,8407551
2,2021-01-16,18401,411359,6160,244523,12241,166836,0,0,16971,277098,0.032958,1444,67291,0.008004,16980,344389,0.040962,8407551
2,2021-01-17,10619,421978,3589,248112,7030,173866,0,0,9862,286201,0.034041,771,68062,0.008095,9874,354263,0.042136,8407551
2,2021-01-18,19902,441880,11132,259244,8770,182636,0,0,14997,296342,0.035247,4922,72984,0.008681,15063,369326,0.043928,8407551
2,2021-01-19,32930,474810,17207,276451,15723,198359,0,0,24705,312940,0.037221,8223,81207,0.009659,24821,394147,0.04688,8407551
2,2021-01-20,37840,512650,19077,295528,18763,217122,0,0,29113,333450,0.039661,8700,89907,0.010694,29210,423357,0.050354,8407551
2,2021-01-21,41355,554005,17605,313133,23750,240872,0,0,36731,365782,0.043506,4592,94499,0.01124,36924,460281,0.054746,8407551
2,2021-01-22,39836,593841,16661,329794,23175,264047,0,0,36428,398812,0.047435,3428,97927,0.011648,36458,496739,0.059082,8407551
2,2021-01-23,24352,618193,10839,340633,13513,277560,0,0,21352,417218,0.049624,2977,100904,0.012002,21383,518122,0.061626,8407551
2,2021-01-24,12523,630716,6136,346769,6387,283947,0,0,11587,427905,0.050895,920,101824,0.012111,11607,529729,0.063006,8407551
2,2021-01-25,34207,664923,15732,362501,18475,302422,0,0,25243,444388,0.052856,8910,110734,0.013171,25393,555122,0.066027,8407551
2,2021-01-26,40672,705595,19899,382400,20773,323195,0,0,31304,466444,0.055479,9339,120073,0.014282,31395,586517,0.069761,8407551
2,2021-01-27,45971,751566,22771,405171,23200,346395,0,0,35464,491594,0.058471,10382,130455,0.015516,35532,622049,0.073987,8407551
2,2021-01-28,48416,799982,22576,427747,25840,372235,0,0,39523,522375,0.062132,8824,139279,0.016566,39605,661654,0.078698,8407551
2,2021-01-29,46004,845986,22128,449875,23876,396111,0,0,37086,550753,0.065507,8790,148069,0.017611,37168,698822,0.083118,8407551
2,2021-01-30,31540,877526,13358,463233,18182,414293,0,0,28083,575466,0.068446,3414,151483,0.018017,28127,726949,0.086464,8407551
2,2021-01-31,17315,894841,10229,473462,7086,421379,0,0,16078,590354,0.070217,1215,152698,0.018162,16103,743052,0.088379,8407551
2,2021-02-01,41645,936486,19933,493395,21712,443091,0,0,30363,609547,0.0725,11218,163916,0.019496,30411,773463,0.091996,8407551
2,2021-02-02,48270,984756,19627,513022,28643,471734,0,0,36589,634654,0.075486,11583,175499,0.020874,36690,810153,0.09636,8407551
2,2021-02-03,54374,1039130,23904,536926,30470,502204,0,0,39988,660460,0.078556,14284,189783,0.022573,40090,850243,0.101128,8407551
2,2021-02-04,56613,1095743,24277,561203,32336,534540,0,0,41122,686310,0.08163,15377,205160,0.024402,41227,891470,0.106032,8407551
2,2021-02-05,60656,1156399,26337,587540,34319,568859,0,0,40910,707899,0.084198,19522,224682,0.026724,41111,932581,0.110922,8407551
2,2021-02-06,39641,1196040,18414,605954,21227,590086,0,0,31512,731472,0.087002,8048,232730,0.027681,31621,964202,0.114683,8407551
2,2021-02-07,15796,1211836,10453,616407,5343,595429,0,0,11956,739694,0.08798,3807,236537,0.028134,12029,976231,0.116114,8407551
2,2021-02-08,43322,1255158,21942,638349,21380,616809,0,0,29615,755971,0.089916,13555,250092,0.029746,29832,1006063,0.119662,8407551
2,2021-02-09,49853,1305011,23599,661948,26254,643063,0,0,30729,768174,0.091367,18891,268983,0.031993,31094,1037157,0.12336,8407551
2,2021-02-10,59898,1364909,28006,689954,31892,674955,0,0,34517,777987,0.092534,25082,294065,0.034976,34895,1072052,0.127511,8407551
2,2021-02-11,64638,1429547,29692,719646,34946,709901,0,0,35919,786097,0.093499,28332,322397,0.038346,36442,1108494,0.131845,8407551
2,2021-02-12,66353,1495900,28626,748272,37727,747628,0,0,35413,791547,0.094147,30638,353035,0.04199,36088,1144582,0.136137,8407551
2,2021-02-13,38329,1534229,15952,764224,22377,770005,0,0,22067,797840,0.094896,16157,369192,0.043912,22450,1167032,0.138808,8407551
2,2021-02-14,20236,1554465,9421,773645,10815,780820,0,0,11224,800484,0.09521,8954,378146,0.044977,11598,1178630,0.140187,8407551
2,2021-02-15,33492,1587957,15061,788706,18431,799251,0,0,18513,805039,0.095752,14829,392975,0.046741,19384,1198014,0.142493,8407551
2,2021-02-16,56715,1644672,27785,816491,28930,828181,0,0,29778,808698,0.096187,26810,419785,0.04993,30469,1228483,0.146117,8407551
2,2021-02-17,62099,1706771,31922,848413,30177,858358,0,0,30756,809039,0.096228,31238,451023,0.053645,31579,1260062,0.149873,8407551
2,2021-02-18,66774,1773545,33649,882062,33125,891483,0,0,32436,808575,0.096172,34056,485079,0.057696,33592,1293654,0.153868,8407551
2,2021-02-19,60108,1833653,33207,915269,26901,918384,0,0,29782,808837,0.096204,30114,515193,0.061277,30376,1324030,0.157481,8407551
2,2021-02-20,38031,1871684,24644,939913,13387,931771,0,0,20608,812840,0.09668,17307,532500,0.063336,21310,1345340,0.160016,8407551
2,2021-02-21,21928,1893612,17708,957621,4220,935991,0,0,10809,813479,0.096756,11008,543508,0.064645,11647,1356987,0.161401,8407551
2,2021-02-22,39851,1933463,27225,984846,12626,948617,0,0,18884,812272,0.096612,20802,564310,0.067119,19595,1376582,0.163732,8407551
2,2021-02-23,54238,1987701,27673,1012519,26565,975182,0,0,23767,807765,0.096076,30190,594500,0.07071,25683,1402265,0.166786,8407551
2,2021-02-24,71638,2059339,36843,1049362,34795,1009977,0,0,32769,804314,0.095666,38632,633132,0.075305,35181,1437446,0.170971,8407551
2,2021-02-25,77688,2137027,36736,1086098,40952,1050929,0,0,39352,808492,0.096163,38043,671175,0.07983,42221,1479667,0.175993,8407551
2,2021-02-26,86277,2223304,36984,1123082,49293,1100222,0,0,46317,817396,0.097222,39627,710802,0.084543,48531,1528198,0.181765,8407551
2,2021-02-27,63158,2286462,29321,1152403,33829,1134051,8,8,34128,824106,0.09802,28775,739577,0.087966,35485,1563683,0.185986,8407551
2,2021-02-28,31150,2317612,18641,1171044,12508,1146559,1,9,18020,829991,0.09872,12991,752568,0.089511,18876,1582559,0.188231,8407551
2,2021-03-01,59340,2376952,30918,1201962,28345,1174904,77,86,32327,836964,0.099549,26674,779242,0.092684,33647,1616206,0.192233,8407551
2,2021-03-02,71026,2447978,34089,1236051,36921,1211825,16,102,39720,847977,0.100859,31102,810344,0.096383,42115,1658321,0.197242,8407551
2,2021-03-03,82051,2530029,39552,1275603,42479,1254304,20,122,46282,861403,0.102456,35528,845872,0.100609,48954,1707275,0.203064,8407551
2,2021-03-04,89907,2619936,44058,1319661,45816,1300120,33,155,51434,877080,0.104321,38205,884077,0.105153,53882,1761157,0.209473,8407551
2,2021-03-05,83575,2703511,39178,1358839,44075,1344195,322,477,50684,897858,0.106792,32628,916705,0.109034,53406,1814563,0.215825,8407551
2,2021-03-06,63669,2767180,31063,1389902,30887,1375082,1719,2196,38969,915422,0.108881,24553,941258,0.111954,42117,1856680,0.220835,8407551
2,2021-03-07,28877,2796057,16393,1406295,10931,1386013,1553,3749,18257,925816,0.110117,10539,951797,0.113207,20933,1877613,0.223325,8407551
2,2021-03-08,51237,2847294,23480,1429775,25178,1411191,2579,6328,32154,943227,0.112188,18957,970754,0.115462,36368,1913981,0.22765,8407551
2,2021-03-09,71169,2918463,32399,1462174,34889,1446080,3881,10209,39353,956138,0.113724,31662,1002416,0.119228,44573,1958554,0.232952,8407551
2,2021-03-10,79093,2997556,37389,1499563,35108,1481188,6596,16805,41875,968939,0.115246,36982,1039398,0.123627,49783,2008337,0.238873,8407551
2,2021-03-11,93818,3091374,43305,1542868,42101,1523289,8412,25217,48867,982966,0.116915,44619,1084017,0.128934,58646,2066983,0.245848,8407551
2,2021-03-12,94778,3186152,39029,1581897,43736,1567025,12013,37230,46984,995794,0.11844,47520,1131537,0.134586,60348,2127331,0.253026,8407551
2,2021-03-13,69591,3255743,29101,1610998,32458,1599483,8032,45262,38133,1011913,0.120358,31305,1162842,0.138309,47424,2174755,0.258667,8407551
2,2021-03-14,37149,3292892,18368,1629366,14260,1613743,4521,49783,18649,1017423,0.121013,18388,1181230,0.140496,23898,2198653,0.261509,8407551
2,2021-03-15,67892,3360784,30670,1660036,32195,1645938,5027,54810,37338,1030576,0.122577,30308,1211538,0.144101,43461,2242114,0.266679,8407551
2,2021-03-16,86817,3447601,38454,1698490,44321,1690259,4042,58852,52328,1053796,0.125339,34265,1245803,0.148177,57485,2299599,0.273516,8407551
2,2021-03-17,93483,3541084,44795,1743285,44478,1734737,4210,63062,59178,1083971,0.128928,34008,1279811,0.152222,64183,2363782,0.28115,8407551
2,2021-03-18,98798,3639882,47156,1790441,47007,1781744,4635,67697,59859,1110413,0.132073,38591,1318402,0.156812,65033,2428815,0.288885,8407551
2,2021-03-19,98073,3737955,46463,1836904,45437,1827181,6173,73870,57820,1134978,0.134995,39921,1358323,0.16156,64486,2493301,0.296555,8407551
2,2021-03-20,70432,3808387,34113,1871017,32311,1859492,4008,77878,45863,1160872,0.138075,24316,1382639,0.164452,50210,2543511,0.302527,8407551
2,2021-03-21,33829,3842216,21762,1892779,10059,1869551,2008,79886,20213,1170078,0.13917,13448,1396087,0.166052,22654,2566165,0.305221,8407551
2,2021-03-22,63284,3905500,34839,1927618,25797,1895348,2648,82534,41807,1194211,0.14204,21218,1417305,0.168575,45351,2611516,0.310616,8407551
2,2021-03-23,84377,3989877,44838,1972456,36604,1931952,2935,85469,52291,1218493,0.144928,31780,1449085,0.172355,56062,2667578,0.317284,8407551
2,2021-03-24,92465,4082342,49695,2022151,39586,1971538,3184,88653,53884,1238157,0.147267,38218,1487303,0.176901,57882,2725460,0.324168,8407551
2,2021-03-25,102096,4184438,51510,2073661,46653,2018191,3933,92586,57293,1255738,0.149358,44412,1531715,0.182183,61993,2787453,0.331542,8407551
2,2021-03-26,104164,4288602,51642,2125303,49022,2067213,3500,96086,56554,1269635,0.151011,47192,1578907,0.187796,61089,2848542,0.338808,8407551
2,2021-03-27,76163,4364765,38010,2163313,34834,2102047,3319,99405,37914,1273765,0.151503,37968,1616875,0.192312,42098,2890640,0.343815,8407551
2,2021-03-28,38035,4402800,23505,2186818,13717,2115764,813,100218,20212,1277971,0.152003,17673,1634548,0.194414,21879,2912519,0.346417,8407551
2,2021-03-29,72210,4475010,36695,2223513,33231,2148995,2284,102502,40740,1290754,0.153523,31231,1665779,0.198129,44014,2956533,0.351652,8407551
2,2021-03-30,92749,4567759,45432,2268945,42921,2191916,4396,106898,51761,1306779,0.155429,40756,1706535,0.202976,56781,3013314,0.358406,8407551
2,2021-03-31,101863,4669622,52507,2321452,44219,2236135,5137,112035,57512,1325795,0.157691,44009,1750544,0.208211,63025,3076339,0.365902,8407551
2,2021-04-01,118653,4788275,57310,2378762,51999,2288134,9344,121379,64305,1345947,0.160088,53882,1804426,0.21462,74034,3150373,0.374708,8407551
2,2021-04-02,112398,4900673,51776,2430538,50352,2338486,10270,131649,59974,1364646,0.162312,51991,1856417,0.220804,70690,3221063,0.383115,8407551
2,2021-04-03,77239,4977912,37960,2468498,29393,2367879,9886,141535,38197,1374275,0.163457,38813,1895230,0.22542,48442,3269505,0.388877,8407551
2,2021-04-04,29146,5007058,15002,2483500,10262,2378141,3882,145417,13060,1375268,0.163575,15969,1911199,0.227319,16962,3286467,0.390895,8407551
2,2021-04-05,79755,5086813,39059,2522559,31789,2409930,8907,154324,38368,1382093,0.164387,41186,1952385,0.232218,48011,3334478,0.396605,8407551
2,2021-04-06,104559,5191372,50922,2573481,38850,2448780,14787,169111,49410,1391836,0.165546,54848,2007233,0.238742,64591,3399069,0.404288,8407551
2,2021-04-07,111281,5302653,55534,2629015,39391,2488171,16356,185467,52165,1401774,0.166728,58800,2066033,0.245735,68738,3467807,0.412463,8407551
2,2021-04-08,119968,5422621,57730,2686745,43386,2531557,18852,204319,55616,1412780,0.168037,63968,2130001,0.253344,74974,3542781,0.421381,8407551
2,2021-04-09,119526,5542147,57474,2744219,43793,2575350,18259,222578,56406,1425530,0.169554,62720,2192721,0.260804,75470,3618251,0.430357,8407551
2,2021-04-10,87998,5630145,37944,2782163,31532,2606882,18522,241100,36214,1429393,0.170013,51505,2244226,0.26693,55368,3673619,0.436943,8407551
2,2021-04-11,44655,5674800,23154,2805317,12991,2619873,8510,249610,18261,1430630,0.17016,26236,2270462,0.27005,27473,3701092,0.44021,8407551
2,2021-04-12,80537,5755337,37494,2842811,33556,2653429,9487,259097,35808,1432461,0.170378,44438,2314900,0.275336,46269,3747361,0.445714,8407551
2,2021-04-13,102374,5857711,53145,2895956,48963,2702392,266,259363,55906,1443364,0.171675,46166,2361066,0.280827,57069,3804430,0.452502,8407551
2,2021-04-14,107368,5965079,56284,2952240,51023,2753415,61,259424,54682,1447196,0.172131,52349,2413415,0.287053,56181,3860611,0.459184,8407551
2,2021-04-15,113767,6078846,60428,3012668,53240,2806655,99,259523,59253,1453532,0.172884,54094,2467509,0.293487,60430,3921041,0.466371,8407551
2,2021-04-16,111360,6190206,57788,3070456,53513,2860168,59,259582,56471,1456404,0.173226,54514,2522023,0.299971,57386,3978427,0.473197,8407551
2,2021-04-17,83870,6274076,42683,3113139,41171,2901339,16,259598,46767,1467228,0.174513,36829,2558852,0.304352,47653,4026080,0.478865,8407551
2,2021-04-18,36063,6310139,21910,3135049,14141,2915480,12,259610,17034,1466384,0.174413,18884,2577736,0.306598,18040,4044120,0.48101,8407551
2,2021-04-19,75118,6385257,40444,3175493,34655,2950135,19,259629,34042,1460274,0.173686,40787,2618523,0.311449,34677,4078797,0.485135,8407551
2,2021-04-20,97851,6483108,49502,3224995,48320,2998455,29,259658,47152,1457875,0.173401,50328,2668851,0.317435,47929,4126726,0.490836,8407551
2,2021-04-21,104323,6587431,56495,3281490,47758,3046213,70,259728,49146,1453410,0.17287,54663,2723514,0.323937,50198,4176924,0.496806,8407551
2,2021-04-22,108846,6696277,56321,3337811,52497,3098710,28,259756,47555,1441055,0.1714,60818,2784332,0.33117,48463,4225387,0.50257,8407551
2,2021-04-23,108447,6804724,57738,3395549,50689,3149399,20,259776,50006,1434008,0.170562,58001,2842333,0.338069,50954,4276341,0.508631,8407551
2,2021-04-24,81297,6886021,47854,3443403,33399,3182798,44,259820,42230,1438532,0.1711,38695,2881028,0.342671,43219,4319560,0.513771,8407551
2,2021-04-25,36733,6922754,22623,3466026,14093,3196891,17,259837,19942,1442333,0.171552,16630,2897658,0.344649,20431,4339991,0.516202,8407551
2,2021-04-26,74615,6997369,41356,3507382,32941,3229832,318,260155,34175,1438143,0.171054,40139,2937797,0.349424,35949,4375940,0.520477,8407551
2,2021-04-27,88702,7086071,46828,3554210,40501,3270333,1373,261528,37948,1428368,0.169891,50345,2988142,0.355412,40570,4416510,0.525303,8407551
2,2021-04-28,88663,7174734,47414,3601624,39368,3309701,1881,263409,39004,1420879,0.169,49294,3037436,0.361275,41805,4458315,0.530275,8407551
2,2021-04-29,91667,7266401,49950,3651574,39997,3349698,1720,265129,35520,1402997,0.166873,55725,3093161,0.367903,37843,4496158,0.534776,8407551
2,2021-04-30,95321,7361722,52671,3704245,40638,3390336,2012,267141,36942,1384724,0.1647,57885,3151046,0.374788,39612,4535770,0.539488,8407551
2,2021-05-01,63037,7424759,38438,3742683,22993,3413329,1606,268747,24566,1373634,0.163381,38117,3189163,0.379321,27027,4562797,0.542702,8407551
2,2021-05-02,29405,7454164,20471,3763154,7956,3421285,978,269725,11161,1367763,0.162683,18098,3207261,0.381474,12227,4575024,0.544157,8407551
2,2021-05-03,60911,7515075,36177,3799331,22666,3443951,2068,271793,20419,1350315,0.160607,40197,3247458,0.386255,22749,4597773,0.546862,8407551
2,2021-05-04,80350,7595425,47979,3847310,29962,3473913,2409,274202,26031,1325196,0.15762,53947,3301405,0.392671,28828,4626601,0.550291,8407551
2,2021-05-05,80968,7676393,48246,3895556,30359,3504272,2363,276565,25257,1297888,0.154372,55297,3356702,0.399248,27989,4654590,0.55362,8407551
2,2021-05-06,83408,7759801,50669,3946225,29805,3534077,2934,279499,25265,1269082,0.150946,57637,3414339,0.406104,28831,4683421,0.557049,8407551
2,2021-05-07,84172,7843973,48600,3994825,33137,3567214,2435,281934,25731,1239673,0.147448,58026,3472365,0.413006,28617,4712038,0.560453,8407551
2,2021-05-08,55939,7899912,33929,4028754,20282,3587496,1728,283662,17458,1221355,0.145269,38234,3510599,0.417553,19916,4731954,0.562822,8407551
2,2021-05-09,21930,7921842,15791,4044545,5391,3592887,748,284410,6326,1213151,0.144293,15508,3526107,0.419398,7304,4739258,0.563691,8407551
2,2021-05-10,50521,7972363,27553,4072098,21076,3613963,1892,286302,14220,1193842,0.141996,36023,3562130,0.423682,16714,4755972,0.565679,8407551
2,2021-05-11,66634,8038997,36123,4108221,28370,3642333,2141,288443,20041,1170451,0.139214,46263,3608393,0.429185,22872,4778844,0.568399,8407551
2,2021-05-12,65552,8104549,34943,4143164,28370,3670703,2239,290682,19262,1146405,0.136354,45959,3654352,0.434651,21913,4800757,0.571005,8407551
2,2021-05-13,71370,8175919,41463,4184627,27954,3698657,1953,292635,26072,1130183,0.134425,44986,3699338,0.440002,28764,4829521,0.574427,8407551
2,2021-05-14,80348,8256267,48172,4232799,29902,3728559,2274,294909,30819,1114770,0.132592,49146,3748484,0.445847,33733,4863254,0.578439,8407551
2,2021-05-15,66839,8323106,43910,4276709,21208,3749767,1721,296630,25888,1102098,0.131084,40684,3789168,0.450686,28012,4891266,0.581771,8407551
2,2021-05-16,31822,8354928,23818,4300527,7078,3756845,926,297556,12942,1097360,0.130521,18739,3807907,0.452915,14001,4905267,0.583436,8407551
2,2021-05-17,58259,8413187,36912,4337439,19384,3776229,1963,299519,22919,1087527,0.129351,35082,3842989,0.457088,25249,4930516,0.586439,8407551
2,2021-05-18,70457,8483644,41219,4378658,27267,3803496,1971,301490,27915,1075704,0.127945,42250,3885239,0.462113,30427,4960943,0.590058,8407551
2,2021-05-19,69218,8552862,40963,4419621,26232,3829728,2023,303513,27354,1064020,0.126555,41532,3926771,0.467053,29848,4990791,0.593608,8407551
2,2021-05-20,69978,8622840,40618,4460239,27163,3856891,2197,305710,26598,1050395,0.124935,43025,3969796,0.47217,29400,5020191,0.597105,8407551
2,2021-05-21,73546,8696386,43438,4503677,27934,3884825,2174,307884,27932,1035825,0.123202,45238,4015034,0.477551,30668,5050859,0.600753,8407551
2,2021-05-22,53947,8750333,34262,4537939,17912,3902737,1773,309657,22508,1029451,0.122444,31196,4046230,0.481261,24822,5075681,0.603705,8407551
2,2021-05-23,24500,8774833,16720,4554659,7054,3909791,726,310383,10270,1026494,0.122092,14096,4060326,0.482938,11139,5086820,0.60503,8407551
2,2021-05-24,45221,8820054,25723,4580382,17711,3927502,1787,312170,17376,1018397,0.121129,27603,4087929,0.486221,19506,5106326,0.60735,8407551
2,2021-05-25,51233,8871287,30029,4610411,19329,3946831,1875,314045,19478,1008854,0.119994,31434,4119363,0.48996,21891,5128217,0.609954,8407551
2,2021-05-26,49077,8920364,27515,4637926,19867,3966698,1695,315740,19194,1000546,0.119006,29536,4148899,0.493473,21228,5149445,0.612479,8407551
2,2021-05-27,46960,8967324,26659,4664585,18558,3985256,1743,317483,18745,993581,0.118177,27956,4176855,0.496798,20991,5170436,0.614975,8407551
2,2021-05-28,50534,9017858,27952,4692537,20599,4005855,1983,319466,21190,988118,0.117527,29071,4205926,0.500256,23608,5194044,0.617783,8407551
2,2021-05-29,29238,9047096,17523,4710060,10647,4016502,1068,320534,13316,986928,0.117386,15753,4221679,0.502129,14563,5208607,0.619515,8407551
2,2021-05-30,12710,9059806,8189,4718249,3751,4020253,770,321304,5536,986195,0.117299,7105,4228784,0.502975,6372,5214979,0.620273,8407551
2,2021-05-31,5952,9065758,3490,4721739,2157,4022410,305,321609,1857,984373,0.117082,4032,4232816,0.503454,2210,5217189,0.620536,8407551
2,2021-06-01,45221,9110979,25991,4747730,17558,4039968,1672,323281,15730,972995,0.115729,29149,4261965,0.506921,17771,5234960,0.62265,8407551
2,2021-06-02,38555,9149534,22690,4770420,14439,4054407,1426,324707,15090,966624,0.114971,23187,4285152,0.509679,16816,5251776,0.62465,8407551
2,2021-06-03,41775,9191309,26920,4797340,13375,4067782,1480,326187,14089,955144,0.113605,27435,4312587,0.512942,15955,5267731,0.626548,8407551
2,2021-06-04,48471,9239780,31671,4829011,15249,4083031,1551,327738,15646,940364,0.111848,32503,4345090,0.516808,17723,5285454,0.628656,8407551
2,2021-06-05,38134,9277914,27225,4856236,9438,4092469,1471,329209,11857,928084,0.110387,26032,4371122,0.519904,13752,5299206,0.630291,8407551
2,2021-06-06,14960,9292874,12275,4868511,2106,4094575,579,329788,4658,923281,0.109816,10236,4381358,0.521122,5433,5304639,0.630937,8407551
2,2021-06-07,33541,9326415,23481,4891992,8773,4103348,1287,331075,10985,913402,0.108641,22389,4403747,0.523785,12510,5317149,0.632425,8407551
2,2021-06-08,40725,9367140,28815,4920807,10539,4113887,1371,332446,12489,899663,0.107007,27983,4431730,0.527113,14244,5331393,0.63412,8407551
2,2021-06-09,38208,9405348,26674,4947481,10033,4123920,1501,333947,11538,886558,0.105448,26471,4458201,0.530262,13366,5344759,0.635709,8407551
2,2021-06-10,37907,9443255,26367,4973848,10008,4133928,1532,335479,11616,874091,0.103965,26090,4484291,0.533365,13623,5358382,0.63733,8407551
2,2021-06-11,41558,9484813,27616,5001464,12263,4146191,1679,337158,13303,861393,0.102455,27982,4512273,0.536693,15284,5373666,0.639148,8407551
2,2021-06-12,29628,9514441,21816,5023280,6896,4153087,916,338074,8696,850454,0.101154,20786,4533059,0.539165,9847,5383513,0.640319,8407551
2,2021-06-13,12260,9526701,8958,5032238,2680,4155767,622,338696,3114,845275,0.100538,9082,4542141,0.540245,3903,5387416,0.640783,8407551
2,2021-06-14,30081,9556782,21360,5053598,7511,4163278,1210,339906,10399,837583,0.099623,19504,4561645,0.542565,11812,5399228,0.642188,8407551
2,2021-06-15,35906,9592688,23927,5077525,9921,4173199,2058,341964,12074,828532,0.098546,23561,4585206,0.545368,14510,5413738,0.643914,8407551
2,2021-06-16,33287,9625975,22999,5100524,8476,4181675,1812,343776,11514,820578,0.0976,21593,4606799,0.547936,13639,5427377,0.645536,8407551
2,2021-06-17,30982,9656957,20706,5121230,8471,4190146,1805,345581,10960,813712,0.096783,19837,4626636,0.550295,12971,5440348,0.647079,8407551
2,2021-06-18,34811,9691768,22941,5144171,9988,4200134,1882,347463,12626,806511,0.095927,21959,4648595,0.552907,14758,5455106,0.648834,8407551
2,2021-06-19,20986,9712754,14621,5158792,5104,4205238,1261,348724,7909,802967,0.095505,12912,4661507,0.554443,9368,5464474,0.649948,8407551
2,2021-06-20,8304,9721058,5939,5164731,1900,4207138,465,349189,3067,801377,0.095316,5192,4666699,0.55506,3602,5468076,0.650377,8407551
2,2021-06-21,19358,9740416,11850,5176581,6186,4213324,1322,350511,9872,803389,0.095556,9363,4676062,0.556174,11375,5479451,0.65173,8407551
2,2021-06-22,26925,9767341,18439,5195020,7102,4220426,1384,351895,10530,799356,0.095076,16220,4692282,0.558103,12187,5491638,0.653179,8407551
2,2021-06-23,25957,9793298,17915,5212935,6412,4226838,1630,353525,10533,796534,0.09474,15278,4707560,0.55992,12456,5504094,0.654661,8407551
2,2021-06-24,25430,9818728,17322,5230257,6583,4233421,1525,355050,10467,793949,0.094433,14810,4722370,0.561682,12225,5516319,0.656115,8407551
2,2021-06-25,28822,9847550,19533,5249790,7794,4241215,1495,356545,12002,791029,0.094086,16657,4739027,0.563663,13737,5530056,0.657749,8407551
2,2021-06-26,18722,9866272,13784,5263574,4004,4245219,934,357479,7633,788855,0.093827,10997,4750024,0.564971,8823,5538879,0.658798,8407551
2,2021-06-27,8868,9875140,6771,5270345,1646,4246865,451,357930,3564,787747,0.093695,5247,4755271,0.565595,4139,5543018,0.65929,8407551
2,2021-06-28,19917,9895057,15125,5285470,3545,4250410,1247,359177,8786,786974,0.093603,10996,4766267,0.566903,10223,5553241,0.660506,8407551
2,2021-06-29,22813,9917870,15880,5301350,5856,4256266,1077,360254,9747,785105,0.093381,12927,4779194,0.568441,11058,5564299,0.661822,8407551
2,2021-06-30,22038,9939908,15622,5316972,5389,4261655,1027,361281,9808,784085,0.09326,12083,4791277,0.569878,11063,5575362,0.663137,8407551
2,2021-07-01,20015,9959923,14137,5331109,4979,4266634,899,362180,8901,783106,0.093143,10981,4802258,0.571184,10002,5585364,0.664327,8407551
2,2021-07-02,23020,9982943,15873,5346982,6117,4272751,1030,363210,10212,781910,0.093001,12640,4814898,0.572687,11444,5596808,0.665688,8407551
2,2021-07-03,12601,9995544,9074,5356056,3051,4275802,476,363686,5768,781539,0.092957,6736,4821634,0.573489,6365,5603173,0.666445,8407551
2,2021-07-04,1015,9996559,595,5356651,353,4276155,67,363753,434,781494,0.092951,569,4822203,0.573556,524,5603697,0.666508,8407551
2,2021-07-05,11105,10007664,8134,5364785,2562,4278717,409,364162,5087,781171,0.092913,5948,4828151,0.574264,5625,5609322,0.667177,8407551
2,2021-07-06,23806,10031470,17277,5382062,5525,4284242,1004,365166,9193,777182,0.092439,14457,4842608,0.575983,10468,5619790,0.668422,8407551
2,2021-07-07,20607,10052077,14691,5396753,4810,4289052,1106,366272,8741,775569,0.092247,11722,4854330,0.577377,10109,5629899,0.669624,8407551
2,2021-07-08,19193,10071270,13373,5410126,4778,4293830,1042,367314,8051,773837,0.092041,11027,4865357,0.578689,9295,5639194,0.67073,8407551
2,2021-07-09,22514,10093784,15580,5425706,5679,4299509,1255,368569,9511,771938,0.091815,12864,4878221,0.580219,10965,5650159,0.672034,8407551
2,2021-07-10,14286,10108070,10534,5436240,3068,4302577,684,369253,6271,771132,0.091719,7920,4886141,0.581161,7114,5657273,0.67288,8407551
2,2021-07-11,6560,10114630,4823,5441063,1388,4303965,349,369602,3086,771208,0.091728,3430,4889571,0.581569,3506,5660779,0.673297,8407551
2,2021-07-12,18199,10132829,13382,5454445,3947,4307912,870,370472,7826,769847,0.091566,10256,4899827,0.582789,8895,5669674,0.674355,8407551
2,2021-07-13,19524,10152353,13780,5468225,4862,4312774,882,371354,8738,769023,0.091468,10639,4910466,0.584054,9815,5679489,0.675522,8407551
2,2021-07-14,18682,10171035,13331,5481556,4563,4317337,788,372142,8337,768145,0.091364,10214,4920680,0.585269,9336,5688825,0.676633,8407551
2,2021-07-15,18832,10189867,13652,5495208,4480,4321817,700,372842,8557,767461,0.091282,10156,4930836,0.586477,9472,5698297,0.677759,8407551
2,2021-07-16,22896,10212763,16473,5511681,5593,4327410,830,373672,10982,767699,0.091311,11780,4942616,0.587878,12018,5710315,0.679189,8407551
2,2021-07-17,14370,10227133,10467,5522148,3369,4330779,534,374206,6934,767956,0.091341,7346,4949962,0.588752,7603,5717918,0.680093,8407551
2,2021-07-18,6986,10234119,5217,5527365,1441,4332220,328,374534,3533,768475,0.091403,3410,4953372,0.589158,3929,5721847,0.68056,8407551
2,2021-07-19,18410,10252529,13707,5541072,3961,4336181,742,375276,9138,769383,0.091511,9155,4962527,0.590246,10063,5731910,0.681757,8407551
2,2021-07-20,20832,10273361,14826,5555898,5169,4341350,837,376113,10550,770840,0.091684,10148,4972675,0.591453,11605,5743515,0.683138,8407551
2,2021-07-21,20358,10293719,14802,5570700,4787,4346137,769,376882,10552,772676,0.091903,9681,4982356,0.592605,11517,5755032,0.684508,8407551
2,2021-07-22,20252,10313971,14466,5585166,4936,4351073,850,377732,10816,775227,0.092206,9290,4991646,0.59371,11841,5766873,0.685916,8407551
2,2021-07-23,24340,10338311,17039,5602205,6258,4357331,1043,378775,13239,778765,0.092627,10943,5002589,0.595011,14481,5781354,0.687638,8407551
2,2021-07-24,14754,10353065,10627,5612832,3633,4360964,494,379269,8241,781209,0.092918,6405,5008994,0.595773,8849,5790203,0.688691,8407551
2,2021-07-25,6676,10359741,4917,5617749,1619,4362583,140,379409,4940,784635,0.093325,1693,5010687,0.595975,5119,5795322,0.6893,8407551
2,2021-07-26,18967,10378708,13382,5631131,4811,4367394,774,380183,12011,790710,0.094048,6836,5017523,0.596788,12911,5808233,0.690835,8407551
2,2021-07-27,22759,10401467,16465,5647596,5439,4372833,855,381038,13337,795786,0.094651,9266,5026789,0.59789,14342,5822575,0.692541,8407551
2,2021-07-28,22590,10424057,16154,5663750,5534,4378367,902,381940,13361,801170,0.095292,9063,5035852,0.598968,14447,5837022,0.694259,8407551
2,2021-07-29,21375,10445432,15311,5679061,5146,4383513,918,382858,12908,806821,0.095964,8323,5044175,0.599958,13974,5850996,0.695922,8407551
2,2021-07-30,26201,10471633,18671,5697732,6573,4390086,957,383815,15697,813367,0.096742,10309,5054484,0.601184,16855,5867851,0.697926,8407551
2,2021-07-31,15738,10487371,11603,5709335,3626,4393712,509,384324,9525,817450,0.097228,6086,5060570,0.601908,10169,5878020,0.699136,8407551
2,2021-08-01,8049,10495420,6199,5715534,1680,4395392,170,384494,5284,820263,0.097563,2705,5063275,0.602229,5518,5883538,0.699792,8407551
2,2021-08-02,21275,10516695,16000,5731534,4516,4399908,759,385253,13502,827010,0.098365,7628,5070903,0.603137,14375,5897913,0.701502,8407551
2,2021-08-03,24036,10540731,17511,5749045,5512,4405420,1013,386266,14943,834156,0.099215,8941,5079844,0.6042,16087,5914000,0.703415,8407551
2,2021-08-04,22713,10563444,16829,5765874,5017,4410437,867,387133,14158,840866,0.100013,8411,5088255,0.605201,15121,5929121,0.705214,8407551
2,2021-08-05,23052,10586496,16913,5782787,5224,4415661,915,388048,14258,847532,0.100806,8621,5096876,0.606226,15287,5944408,0.707032,8407551
2,2021-08-06,27607,10614103,20210,5802997,6413,4422074,984,389032,16813,854851,0.101677,10604,5107480,0.607487,17923,5962331,0.709164,8407551
2,2021-08-07,16867,10630970,12536,5815533,3740,4425814,591,389623,10359,859485,0.102228,6398,5113878,0.608248,11032,5973363,0.710476,8407551
2,2021-08-08,9367,10640337,7094,5822627,2045,4427859,228,389851,5855,862185,0.102549,3425,5117303,0.608656,6125,5979488,0.711204,8407551
2,2021-08-09,23226,10663563,17804,5840431,4657,4432516,765,390616,14069,868147,0.103258,8999,5126302,0.609726,14961,5994449,0.712984,8407551
2,2021-08-10,24314,10687877,17914,5858345,5553,4438069,847,391463,14303,873601,0.103907,9835,5136137,0.610896,15289,6009738,0.714802,8407551
2,2021-08-11,21903,10709780,16343,5874688,4655,4442724,905,392368,12720,878313,0.104467,9009,5145146,0.611967,13721,6023459,0.716434,8407551
2,2021-08-12,23805,10733585,17033,5891721,5708,4448432,1064,393432,13894,883670,0.105104,9700,5154846,0.613121,15057,6038516,0.718225,8407551
2,2021-08-13,29728,10763313,21501,5913222,7194,4455626,1033,394465,17200,889863,0.105841,12171,5167017,0.614569,18364,6056880,0.72041,8407551
2,2021-08-14,18701,10782014,13785,5927007,4413,4460039,503,394968,10501,893389,0.10626,7615,5174632,0.615474,11141,6068021,0.721735,8407551
2,2021-08-15,9717,10791731,7288,5934295,2245,4462284,184,395152,5332,895014,0.106454,3962,5178594,0.615946,5587,6073608,0.722399,8407551
2,2021-08-16,24640,10816371,17453,5951748,6348,4468632,839,395991,12860,898315,0.106846,10544,5189138,0.6172,13845,6087453,0.724046,8407551
2,2021-08-17,25777,10842148,18280,5970028,6579,4475211,918,396909,12809,900637,0.107122,11530,5200668,0.618571,13852,6101305,0.725693,8407551
2,2021-08-18,26071,10868219,18513,5988541,6677,4481888,881,397790,12772,902853,0.107386,11585,5212253,0.619949,13801,6115106,0.727335,8407551
2,2021-08-19,25827,10894046,17846,6006387,6974,4488862,1007,398797,12826,905624,0.107716,11183,5223436,0.621279,13954,6129060,0.728995,8407551
2,2021-08-20,32157,10926203,22608,6028995,8534,4497396,1015,399812,15122,907258,0.10791,14649,5238085,0.623021,16283,6145343,0.730931,8407551
2,2021-08-21,18884,10945087,13950,6042945,4403,4501799,531,400343,8996,908101,0.10801,8819,5246904,0.62407,9662,6155005,0.732081,8407551
2,2021-08-22,10654,10955741,7887,6050832,2563,4504362,204,400547,5266,908820,0.108096,4827,5251731,0.624645,5546,6160551,0.73274,8407551
2,2021-08-23,26298,10982039,19209,6070041,6381,4510743,708,401255,12302,909817,0.108214,12226,5263957,0.626099,13223,6173774,0.734313,8407551
2,2021-08-24,26662,11008701,19864,6089905,5979,4516722,819,402074,11798,909589,0.108187,13042,5276999,0.62765,12814,6186588,0.735837,8407551
2,2021-08-25,14834,11023535,11046,6100951,3154,4519876,634,402708,6498,909637,0.108193,7227,5284226,0.62851,7275,6193863,0.736702,8407551
3,2020-12-15,342,342,342,342,0,0,0,0,342,342,4.2e-05,0,0,0.0,342,342,4.2e-05,8129050
3,2020-12-16,2520,2862,2520,2862,0,0,0,0,2520,2862,0.000352,0,0,0.0,2520,2862,0.000352,8129050
3,2020-12-17,7939,10801,7939,10801,0,0,0,0,7939,10801,0.001329,0,0,0.0,7939,10801,0.001329,8129050
3,2020-12-18,13567,24368,13546,24347,21,21,0,0,13562,24363,0.002997,0,0,0.0,13562,24363,0.002997,8129050
3,2020-12-19,7277,31645,7265,31612,12,33,0,0,7335,31696,0.003899,2,2,0.0,7335,31698,0.003899,8129050
3,2020-12-20,5688,37333,5675,37287,13,46,0,0,5736,37431,0.004605,1,3,0.0,5736,37434,0.004605,8129050
3,2020-12-21,14476,51809,14448,51735,28,74,0,0,14540,51970,0.006393,1,4,0.0,14540,51974,0.006394,8129050
3,2020-12-22,14999,66808,14386,66121,613,687,0,0,15034,67001,0.008242,3,7,1e-06,15034,67008,0.008243,8129050
3,2020-12-23,14996,81804,12344,78465,2652,3339,0,0,15018,82018,0.010089,2,9,1e-06,15019,82027,0.010091,8129050
3,2020-12-24,6839,88643,4891,83356,1948,5287,0,0,6836,88852,0.01093,2,11,1e-06,6836,88863,0.010932,8129050
3,2020-12-25,741,89384,679,84035,62,5349,0,0,738,89590,0.011021,0,11,1e-06,738,89601,0.011022,8129050
3,2020-12-26,4651,94035,3015,87050,1636,6985,0,0,4649,94239,0.011593,0,11,1e-06,4649,94250,0.011594,8129050
3,2020-12-27,3024,97059,1872,88922,1152,8137,0,0,3024,97263,0.011965,0,11,1e-06,3024,97274,0.011966,8129050
3,2020-12-28,13791,110850,8819,97741,4972,13109,0,0,13813,111074,0.013664,2,13,2e-06,13813,111087,0.013665,8129050
3,2020-12-29,15432,126282,8742,106483,6690,19799,0,0,15459,126531,0.015565,2,15,2e-06,15459,126546,0.015567,8129050
3,2020-12-30,18425,144707,10336,116819,8089,27888,0,0,18431,144961,0.017832,2,17,2e-06,18432,144978,0.017835,8129050
3,2020-12-31,8527,153234,3262,120081,5265,33153,0,0,8527,153486,0.018881,2,19,2e-06,8527,153505,0.018884,8129050
3,2021-01-01,1876,155110,901,120982,975,34128,0,0,1871,155356,0.019111,1,20,2e-06,1871,155376,0.019114,8129050
3,2021-01-02,4990,160100,2453,123435,2537,36665,0,0,4989,160345,0.019725,0,20,2e-06,4989,160365,0.019727,8129050
3,2021-01-03,1640,161740,863,124298,777,37442,0,0,1631,161974,0.019925,2,22,3e-06,1631,161996,0.019928,8129050
3,2021-01-04,12178,173918,6050,130348,6128,43570,0,0,12148,174113,0.021419,9,31,4e-06,12148,174144,0.021422,8129050
3,2021-01-05,15927,189845,8272,138620,7655,51225,0,0,14217,186671,0.022963,1692,1723,0.000212,14250,188394,0.023175,8129050
3,2021-01-06,20778,210623,11026,149646,9752,60977,0,0,16146,198245,0.024387,4583,6306,0.000776,16157,204551,0.025163,8129050
3,2021-01-07,26857,237480,15370,165016,11487,72464,0,0,17288,206024,0.025344,9530,15836,0.001948,17309,221860,0.027292,8129050
3,2021-01-08,30910,268390,18889,183905,12021,84485,0,0,18295,211756,0.026049,12591,28427,0.003497,18323,240183,0.029546,8129050
3,2021-01-09,12572,280962,7097,191002,5475,89960,0,0,8015,215232,0.026477,4549,32976,0.004057,8025,248208,0.030533,8129050
3,2021-01-10,7278,288240,4511,195513,2767,92727,0,0,4103,216170,0.026592,3173,36149,0.004447,4111,252319,0.031039,8129050
3,2021-01-11,29399,317639,19259,214772,10140,102867,0,0,16624,220082,0.027074,12762,48911,0.006017,16674,268993,0.03309,8129050
3,2021-01-12,32892,350531,19624,234396,13268,116135,0,0,20133,227627,0.028002,12741,61652,0.007584,20286,289279,0.035586,8129050
3,2021-01-13,34869,385400,18217,252613,16652,132787,0,0,24556,241907,0.029758,10307,71959,0.008852,24587,313866,0.03861,8129050
3,2021-01-14,35016,420416,14310,266923,20706,153493,0,0,29055,265075,0.032608,5929,77888,0.009581,29097,342963,0.04219,8129050
3,2021-01-15,39318,459734,14584,281507,24734,178227,0,0,34582,295019,0.036292,4717,82605,0.010162,34661,377624,0.046454,8129050
3,2021-01-16,22047,481781,7515,289022,14532,192759,0,0,19657,312321,0.03842,2379,84984,0.010454,19681,397305,0.048875,8129050
3,2021-01-17,13203,494984,4491,293513,8712,201471,0,0,12108,323353,0.039777,1094,86078,0.010589,12126,409431,0.050366,8129050
3,2021-01-18,24982,519966,13060,306573,11922,213393,0,0,19294,336997,0.041456,5702,91780,0.01129,19346,428777,0.052746,8129050
3,2021-01-19,41554,561520,21185,327758,20369,233762,0,0,32145,359853,0.044268,9380,101160,0.012444,32236,461013,0.056712,8129050
3,2021-01-20,46544,608064,23176,350934,23368,257130,0,0,36816,387076,0.047616,9680,110840,0.013635,36903,497916,0.061251,8129050
3,2021-01-21,48556,656620,21091,372025,27465,284595,0,0,42902,424493,0.052219,5572,116412,0.01432,42989,540905,0.06654,8129050
3,2021-01-22,50160,706780,19995,392020,30165,314760,0,0,45858,466128,0.057341,4299,120711,0.014849,45934,586839,0.07219,8129050
3,2021-01-23,30653,737433,12881,404901,17772,332532,0,0,27319,490187,0.060301,3322,124033,0.015258,27381,614220,0.075559,8129050
3,2021-01-24,18080,755513,8534,413435,9546,342078,0,0,16881,505906,0.062234,1195,125228,0.015405,16914,631134,0.077639,8129050
3,2021-01-25,41268,796781,18389,431824,22879,364957,0,0,31125,527006,0.06483,10120,135348,0.01665,31220,662354,0.08148,8129050
3,2021-01-26,47698,844479,22784,454608,24914,389871,0,0,37351,554136,0.068167,10332,145680,0.017921,37462,699816,0.086088,8129050
3,2021-01-27,52013,896492,24754,479362,27259,417130,0,0,41162,584606,0.071916,10779,156459,0.019247,41249,741065,0.091163,8129050
3,2021-01-28,52658,949150,24418,503780,28240,445370,0,0,43552,619208,0.076172,9012,165471,0.020356,43614,784679,0.096528,8129050
3,2021-01-29,51657,1000807,24711,528491,26946,472316,0,0,41731,651262,0.080115,9729,175200,0.021552,41783,826462,0.101668,8129050
3,2021-01-30,37843,1038650,17828,546319,20015,492331,0,0,33079,679727,0.083617,4709,179909,0.022132,33174,859636,0.105749,8129050
3,2021-01-31,22907,1061557,12875,559194,10032,502363,0,0,21459,699782,0.086084,1430,181339,0.022308,21485,881121,0.108392,8129050
3,2021-02-01,46618,1108175,21336,580530,25282,527645,0,0,35504,724280,0.089098,11049,192388,0.023667,35547,916668,0.112764,8129050
3,2021-02-02,55021,1163196,22952,603482,32069,559714,0,0,42402,754220,0.092781,12516,204904,0.025206,42456,959124,0.117987,8129050
3,2021-02-03,60563,1223759,26926,630408,33637,593351,0,0,44964,783826,0.096423,15435,220339,0.027105,45041,1004165,0.123528,8129050
3,2021-02-04,64965,1288724,28144,658552,36821,630172,0,0,47525,814256,0.100166,17223,237562,0.029224,47653,1051818,0.12939,8129050
3,2021-02-05,71247,1359971,30032,688584,41215,671387,0,0,49174,841844,0.10356,21808,259370,0.031907,49396,1101214,0.135467,8129050
3,2021-02-06,44062,1404033,21085,709669,22977,694364,0,0,34305,866639,0.10661,9708,269078,0.033101,34503,1135717,0.139711,8129050
3,2021-02-07,19917,1423950,12675,722344,7242,701606,0,0,15287,877444,0.107939,4611,273689,0.033668,15416,1151133,0.141607,8129050
3,2021-02-08,51971,1475921,25091,747435,26880,728486,0,0,34017,893849,0.109957,17814,291503,0.035859,34219,1185352,0.145817,8129050
3,2021-02-09,59263,1535184,28755,776190,30508,758994,0,0,34598,904354,0.11125,24452,315955,0.038867,34957,1220309,0.150117,8129050
3,2021-02-10,68895,1604079,32070,808260,36825,795819,0,0,36870,910033,0.111948,31720,347675,0.042769,37399,1257708,0.154718,8129050
3,2021-02-11,71417,1675496,35100,843360,36317,832136,0,0,37835,915249,0.11259,33177,380852,0.046851,38393,1296101,0.159441,8129050
3,2021-02-12,76401,1751897,32907,876267,43494,875630,0,0,42091,924162,0.113686,33960,414812,0.051028,42873,1338974,0.164715,8129050
3,2021-02-13,45547,1797444,20613,896880,24934,900564,0,0,26080,931490,0.114588,19347,434159,0.053408,26675,1365649,0.167996,8129050
3,2021-02-14,27588,1825032,13759,910639,13829,914393,0,0,15293,935027,0.115023,12226,446385,0.054912,15763,1381412,0.169935,8129050
3,2021-02-15,40553,1865585,17473,928112,23080,937473,0,0,22344,940240,0.115664,18090,464475,0.057138,23303,1404715,0.172802,8129050
3,2021-02-16,70963,1936548,33586,961698,37377,974850,0,0,36733,943965,0.116122,34063,498538,0.061328,37788,1442503,0.17745,8129050
3,2021-02-17,72717,2009265,36730,998428,35987,1010837,0,0,34360,941311,0.115796,38088,536626,0.066013,35434,1477937,0.181809,8129050
3,2021-02-18,77871,2087136,40668,1039096,37203,1048040,0,0,35886,936784,0.115239,41771,578397,0.071152,37244,1515181,0.186391,8129050
3,2021-02-19,69947,2157083,40292,1079388,29655,1077695,0,0,35232,938161,0.115408,34537,612934,0.0754,35914,1551095,0.190809,8129050
3,2021-02-20,43534,2200617,27457,1106845,16077,1093772,0,0,22623,940539,0.115701,20786,633720,0.077957,23164,1574259,0.193658,8129050
3,2021-02-21,24504,2225121,19675,1126520,4829,1098601,0,0,11777,940122,0.11565,12617,646337,0.07951,12200,1586459,0.195159,8129050
3,2021-02-22,47983,2273104,31240,1157760,16743,1115344,0,0,22425,937653,0.115346,25398,671735,0.082634,22929,1609388,0.19798,8129050
3,2021-02-23,64135,2337239,34824,1192584,29311,1144655,0,0,27875,931540,0.114594,36009,707744,0.087064,29896,1639284,0.201658,8129050
3,2021-02-24,80346,2417585,39492,1232076,40854,1185509,0,0,35312,924648,0.113746,44759,752503,0.09257,37867,1677151,0.206316,8129050
3,2021-02-25,90047,2507632,43875,1275951,46172,1231681,0,0,44677,926910,0.114024,45045,797548,0.098111,47307,1724458,0.212135,8129050
3,2021-02-26,101097,2608729,46229,1322180,54868,1286549,0,0,53132,934756,0.11499,47520,845068,0.103957,55366,1779824,0.218946,8129050
3,2021-02-27,71687,2680416,32921,1355101,38762,1325311,4,4,37572,939802,0.11561,33863,878931,0.108122,38909,1818733,0.223733,8129050
3,2021-02-28,41829,2722245,24163,1379264,17661,1342972,5,9,21145,941454,0.115814,20474,899405,0.110641,22126,1840859,0.226454,8129050
3,2021-03-01,70813,2793058,37514,1416778,33242,1376214,57,66,39304,950965,0.116984,31233,930638,0.114483,40744,1881603,0.231467,8129050
3,2021-03-02,82216,2875274,40540,1457318,41662,1417876,14,80,47334,965757,0.118803,34699,965337,0.118752,49491,1931094,0.237555,8129050
3,2021-03-03,92171,2967445,44115,1501433,48019,1465895,37,117,51390,978977,0.120429,40519,1005856,0.123736,53739,1984833,0.244165,8129050
3,2021-03-04,96623,3064068,47262,1548695,49336,1515231,25,142,54598,994168,0.122298,41755,1047611,0.128873,56946,2041779,0.251171,8129050
3,2021-03-05,92978,3157046,45404,1594099,47273,1562504,301,443,56086,1016233,0.125013,36589,1084200,0.133374,58654,2100433,0.258386,8129050
3,2021-03-06,66505,3223551,33711,1627810,30623,1593127,2171,2614,37873,1029274,0.126617,28463,1112663,0.136875,41504,2141937,0.263492,8129050
3,2021-03-07,39530,3263081,22801,1650611,14807,1607934,1922,4536,22213,1037333,0.127608,17233,1129896,0.138995,25292,2167229,0.266603,8129050
3,2021-03-08,60679,3323760,28894,1679505,28757,1636691,3028,7564,38327,1058042,0.130156,22171,1152067,0.141722,42880,2210109,0.271878,8129050
3,2021-03-09,78001,3401761,36006,1715511,37495,1674186,4500,12064,41858,1069557,0.131572,35968,1188035,0.146147,47483,2257592,0.277719,8129050
3,2021-03-10,84134,3485895,41851,1757362,36115,1710301,6168,18232,43883,1080968,0.132976,40002,1228037,0.151068,51413,2309005,0.284044,8129050
3,2021-03-11,98338,3584233,48122,1805484,41526,1751827,8690,26922,48055,1088762,0.133935,49979,1278016,0.157216,57773,2366778,0.291151,8129050
3,2021-03-12,103081,3687314,46057,1851541,45091,1796918,11933,38855,47001,1092929,0.134447,55804,1333820,0.164081,59971,2426749,0.298528,8129050
3,2021-03-13,71058,3758372,29929,1881470,33817,1830735,7312,46167,37494,1105622,0.136009,33405,1367225,0.16819,46098,2472847,0.304199,8129050
3,2021-03-14,41596,3799968,21723,1903193,16295,1847030,3578,49745,20949,1110212,0.136573,20545,1387770,0.170717,25135,2497982,0.307291,8129050
3,2021-03-15,76414,3876382,36241,1939434,35579,1882609,4594,54339,40216,1120049,0.137784,35935,1423705,0.175138,45772,2543754,0.312921,8129050
3,2021-03-16,95884,3972266,44225,1983659,47275,1929884,4384,58723,53785,1137281,0.139903,41817,1465522,0.180282,59049,2602803,0.320185,8129050
3,2021-03-17,99237,4071503,48191,2031850,46462,1976346,4584,63307,60143,1163810,0.143167,38823,1504345,0.185058,65352,2668155,0.328225,8129050
3,2021-03-18,104573,4176076,53117,2084967,46857,2023203,4599,67906,59788,1184252,0.145681,44462,1548807,0.190527,64904,2733059,0.336209,8129050
3,2021-03-19,104177,4280253,55907,2140874,43770,2066973,4500,72406,57878,1201160,0.147761,45986,1594793,0.196184,62894,2795953,0.343946,8129050
3,2021-03-20,72563,4352816,37393,2178267,31448,2098421,3722,76128,44555,1222118,0.15034,27778,1622571,0.199602,48736,2844689,0.349941,8129050
3,2021-03-21,36628,4389444,24865,2203132,10238,2108659,1525,77653,21982,1231583,0.151504,14517,1637088,0.201387,23982,2868671,0.352891,8129050
3,2021-03-22,71170,4460614,41821,2244953,26806,2135465,2543,80196,45164,1254563,0.154331,25730,1662818,0.204553,48710,2917381,0.358883,8129050
3,2021-03-23,90646,4551260,50143,2295096,37915,2173380,2588,82784,55147,1277795,0.157189,35196,1698014,0.208882,58428,2975809,0.366071,8129050
3,2021-03-24,99604,4650864,57319,2352415,39324,2212704,2961,85745,56213,1294568,0.159252,42994,1741008,0.214171,59767,3035576,0.373423,8129050
3,2021-03-25,108358,4759222,60172,2412587,45144,2257848,3042,88787,60544,1311352,0.161317,47430,1788438,0.220006,64214,3099790,0.381323,8129050
3,2021-03-26,111744,4870966,59927,2472514,48436,2306284,3381,92168,57107,1318409,0.162185,54258,1842696,0.22668,61315,3161105,0.388865,8129050
3,2021-03-27,75268,4946234,38269,2510783,34438,2340722,2561,94729,36169,1318962,0.162253,38837,1881533,0.231458,39390,3200495,0.393711,8129050
3,2021-03-28,44769,4991003,28219,2539002,15727,2356449,823,95552,22439,1320675,0.162464,22197,1903730,0.234188,23910,3224405,0.396652,8129050
3,2021-03-29,81606,5072609,42620,2581622,37119,2393568,1867,97419,44284,1330640,0.163689,37035,1940765,0.238744,47000,3271405,0.402434,8129050
3,2021-03-30,101229,5173838,49760,2631382,47757,2441325,3712,101131,56262,1346529,0.165644,44677,1985442,0.24424,60566,3331971,0.409884,8129050
3,2021-03-31,105889,5279727,57106,2688488,43887,2485212,4896,106027,56228,1358588,0.167128,49377,2034819,0.250314,61436,3393407,0.417442,8129050
3,2021-04-01,124977,5404704,63146,2751634,51962,2537174,9869,115896,66960,1378100,0.169528,57535,2092354,0.257392,77047,3470454,0.42692,8129050
3,2021-04-02,118831,5523535,57962,2809596,50415,2587589,10454,126350,62260,1394966,0.171603,56240,2148594,0.264311,73106,3543560,0.435913,8129050
3,2021-04-03,76616,5600151,39194,2848790,28121,2615710,9301,135651,38044,1404185,0.172737,38391,2186985,0.269033,47610,3591170,0.44177,8129050
3,2021-04-04,32648,5632799,17456,2866246,10942,2626652,4250,139901,14253,1404366,0.172759,18303,2205288,0.271285,18484,3609654,0.444044,8129050
3,2021-04-05,90363,5723162,45855,2912101,35163,2661815,9345,149246,43743,1411853,0.17368,46365,2251653,0.276988,53852,3663506,0.450668,8129050
3,2021-04-06,114314,5837476,55633,2967734,43365,2705180,15316,164562,53501,1420802,0.174781,60505,2312158,0.284432,69454,3732960,0.459212,8129050
3,2021-04-07,117144,5954620,60607,3028341,40134,2745314,16403,180965,56337,1433260,0.176313,60510,2372668,0.291875,72968,3805928,0.468189,8129050
3,2021-04-08,122202,6076822,60819,3089160,41067,2786381,20316,201281,56499,1445406,0.177807,65360,2438028,0.299915,77506,3883434,0.477723,8129050
3,2021-04-09,119349,6196171,59407,3148567,40629,2827010,19313,220594,52235,1450932,0.178487,66826,2504854,0.308136,72352,3955786,0.486623,8129050
3,2021-04-10,84910,6281081,38106,3186673,31427,2858437,15377,235971,34499,1451357,0.17854,50197,2555051,0.314311,50622,4006408,0.492851,8129050
3,2021-04-11,45545,6326626,24374,3211047,13077,2871514,8094,244065,17279,1449362,0.178294,28158,2583209,0.317775,26163,4032571,0.496069,8129050
3,2021-04-12,84580,6411206,42707,3253754,32974,2904488,8899,252964,38100,1451213,0.178522,46201,2629410,0.323458,48052,4080623,0.50198,8129050
3,2021-04-13,106108,6517314,57449,3311203,48447,2952935,212,253176,55716,1457914,0.179346,50116,2679526,0.329624,56817,4137440,0.50897,8129050
3,2021-04-14,108348,6625662,59249,3370452,48989,3001924,110,253286,53740,1458931,0.179471,54275,2733801,0.3363,55292,4192732,0.515771,8129050
3,2021-04-15,120072,6745734,67537,3437989,52449,3054373,86,253372,63857,1467850,0.180568,55842,2789643,0.34317,64761,4257493,0.523738,8129050
3,2021-04-16,116250,6861984,65183,3503172,50969,3105342,98,253470,60444,1473596,0.181275,55465,2845108,0.349993,61211,4318704,0.531268,8129050
3,2021-04-17,79940,6941924,43579,3546751,36346,3141688,15,253485,44373,1483644,0.182511,35317,2880425,0.354337,45365,4364069,0.536849,8129050
3,2021-04-18,39089,6981013,23629,3570380,15451,3157139,9,253494,18275,1482135,0.182326,20675,2901100,0.356881,19166,4383235,0.539206,8129050
3,2021-04-19,79633,7060646,44305,3614685,35268,3192407,60,253554,35678,1474669,0.181407,43720,2944820,0.362259,36254,4419489,0.543666,8129050
3,2021-04-20,101326,7161972,53335,3668020,47969,3240376,22,253576,48768,1472247,0.181109,52255,2997075,0.368687,49833,4469322,0.549796,8129050
3,2021-04-21,106560,7268532,59830,3727850,46648,3287024,82,253658,50129,1467543,0.180531,56008,3053083,0.375577,51304,4520626,0.556108,8129050
3,2021-04-22,112695,7381227,63332,3791182,49334,3336358,29,253687,48259,1452752,0.178711,64039,3117122,0.383455,49248,4569874,0.562166,8129050
3,2021-04-23,106993,7488220,61217,3852399,45744,3382102,32,253719,46713,1440631,0.17722,59888,3177010,0.390822,47767,4617641,0.568042,8129050
3,2021-04-24,74420,7562640,45910,3898309,28436,3410538,74,253793,36162,1439921,0.177133,37957,3214967,0.395491,37247,4654888,0.572624,8129050
3,2021-04-25,37179,7599819,23726,3922035,13435,3423973,18,253811,18924,1441184,0.177288,18084,3233051,0.397716,19347,4674235,0.575004,8129050
3,2021-04-26,74498,7674317,42109,3964144,31970,3455943,419,254230,31677,1432117,0.176173,42518,3275569,0.402946,33451,4707686,0.579119,8129050
3,2021-04-27,91708,7766025,48144,4012288,41803,3497746,1761,255991,36246,1415774,0.174162,55127,3330696,0.409728,38784,4746470,0.58389,8129050
3,2021-04-28,87501,7853526,49729,4062017,35616,3533362,2156,258147,35603,1402508,0.17253,51570,3382266,0.416071,38304,4784774,0.588602,8129050
3,2021-04-29,89814,7943340,51323,4113340,36253,3569615,2238,260385,31974,1379742,0.16973,57465,3439731,0.423141,34699,4819473,0.59287,8129050
3,2021-04-30,91381,8034721,51575,4164915,37310,3606925,2496,262881,33932,1359588,0.167251,57047,3496778,0.430158,36893,4856366,0.597409,8129050
3,2021-05-01,56010,8090731,35101,4200016,19417,3626342,1492,264373,20164,1346205,0.165604,35532,3532310,0.434529,22149,4878515,0.600133,8129050
3,2021-05-02,27143,8117874,18531,4218547,7588,3633930,1024,265397,9935,1340174,0.164862,17090,3549400,0.436632,11059,4889574,0.601494,8129050
3,2021-05-03,60207,8178081,35363,4253910,22459,3656389,2385,267782,17508,1317802,0.16211,42445,3591845,0.441853,20073,4909647,0.603963,8129050
3,2021-05-04,78066,8256147,45127,4299037,30243,3686632,2696,270478,22630,1288285,0.158479,55115,3646960,0.448633,25598,4935245,0.607112,8129050
3,2021-05-05,79616,8335763,47796,4346833,29095,3715727,2725,273203,21973,1256009,0.154509,57271,3704231,0.455678,24995,4960240,0.610187,8129050
3,2021-05-06,83924,8419687,53110,4399943,28267,3743994,2547,275750,20655,1216993,0.149709,62757,3766988,0.463398,23741,4983981,0.613107,8129050
3,2021-05-07,82933,8502620,51672,4451615,28608,3772602,2653,278403,21882,1181161,0.145301,60666,3827654,0.470861,24834,5008815,0.616162,8129050
3,2021-05-08,52989,8555609,32852,4484467,18407,3791009,1730,280133,14003,1158461,0.142509,38699,3866353,0.475622,15999,5024814,0.618131,8129050
3,2021-05-09,21098,8576707,15426,4499893,4876,3795885,796,280929,5494,1149318,0.141384,15501,3881854,0.477529,6358,5031172,0.618913,8129050
3,2021-05-10,48454,8625161,26084,4525977,20451,3816336,1919,282848,11212,1125683,0.138477,37020,3918874,0.482083,13385,5044557,0.620559,8129050
3,2021-05-11,64540,8689701,36209,4562186,26098,3842434,2233,285081,16218,1096548,0.134893,48052,3966926,0.487994,18917,5063474,0.622886,8129050
3,2021-05-12,65258,8754959,37502,4599688,25339,3867773,2417,287498,16637,1067595,0.131331,48327,4015253,0.493939,19374,5082848,0.62527,8129050
3,2021-05-13,75909,8830868,47833,4647521,26146,3893919,1930,289428,27670,1049856,0.129149,47966,4063219,0.499839,30227,5113075,0.628988,8129050
3,2021-05-14,80850,8911718,51042,4698563,27648,3921567,2160,291588,31275,1034639,0.127277,49255,4112474,0.505898,34038,5147113,0.633175,8129050
3,2021-05-15,62539,8974257,43123,4741686,18189,3939756,1227,292815,25830,1025449,0.126146,36481,4148955,0.510386,27291,5174404,0.636532,8129050
3,2021-05-16,33340,9007597,24934,4766620,7714,3947470,692,293507,13452,1019929,0.125467,19758,4168713,0.512817,14238,5188642,0.638284,8129050
3,2021-05-17,57250,9064847,36449,4803069,18940,3966410,1861,295368,21072,1007183,0.123899,35888,4204601,0.517232,23142,5211784,0.641131,8129050
3,2021-05-18,64812,9129659,38255,4841324,24679,3991089,1878,297246,24334,993602,0.122229,40191,4244792,0.522176,26610,5238394,0.644404,8129050
3,2021-05-19,64275,9193934,39060,4880384,23450,4014539,1765,299011,24845,981331,0.120719,39163,4283955,0.526993,26892,5265286,0.647712,8129050
3,2021-05-20,62152,9256086,36372,4916756,23918,4038457,1862,300873,22293,966274,0.118867,39553,4323508,0.531859,24496,5289782,0.650726,8129050
3,2021-05-21,66487,9322573,40416,4957172,23954,4062411,2117,302990,23762,950080,0.116875,42382,4365890,0.537073,26188,5315970,0.653947,8129050
3,2021-05-22,46007,9368580,30495,4987667,14036,4076447,1476,304466,19137,944315,0.116165,26634,4392524,0.540349,20869,5336839,0.656514,8129050
3,2021-05-23,21795,9390375,15088,5002755,6053,4082500,654,305120,9209,941799,0.115856,12492,4405016,0.541886,9976,5346815,0.657742,8129050
3,2021-05-24,39890,9430265,23342,5026097,14774,4097274,1774,306894,14788,933669,0.114856,24891,4429907,0.544948,16761,5363576,0.659804,8129050
3,2021-05-25,43087,9473352,24240,5050337,17152,4114426,1695,308589,15278,923362,0.113588,27513,4457420,0.548332,17206,5380782,0.66192,8129050
3,2021-05-26,42710,9516062,24442,5074779,16524,4130950,1744,310333,15997,914837,0.112539,26403,4483823,0.55158,17878,5398660,0.664119,8129050
3,2021-05-27,39651,9555713,22240,5097019,15651,4146601,1760,312093,15516,908410,0.111749,23955,4507778,0.554527,17528,5416188,0.666276,8129050
3,2021-05-28,43168,9598881,24400,5121419,16956,4163557,1812,313905,17936,903469,0.111141,25011,4532789,0.557604,20070,5436258,0.668745,8129050
3,2021-05-29,23609,9622490,14430,5135849,8339,4171896,840,314745,11006,902996,0.111083,12453,4545242,0.559136,11980,5448238,0.670218,8129050
3,2021-05-30,10663,9633153,6912,5142761,3114,4175010,637,315382,4478,902052,0.110966,6103,4551345,0.559886,5159,5453397,0.670853,8129050
3,2021-05-31,4702,9637855,2725,5145486,1711,4176721,266,315648,1471,900644,0.110793,3175,4554520,0.560277,1767,5455164,0.67107,8129050
3,2021-06-01,38040,9675895,21896,5167382,14687,4191408,1457,317105,13304,891125,0.109622,24474,4578994,0.563288,14955,5470119,0.67291,8129050
3,2021-06-02,31731,9707626,18263,5185645,12045,4203453,1423,318528,11746,884664,0.108827,19771,4598765,0.56572,13310,5483429,0.674547,8129050
3,2021-06-03,39883,9747509,27287,5212932,11154,4214607,1442,319970,11528,869706,0.106987,28168,4626933,0.569185,13210,5496639,0.676172,8129050
3,2021-06-04,46490,9793999,32889,5245821,12051,4226658,1550,321520,13242,851930,0.104801,32991,4659924,0.573243,15215,5511854,0.678044,8129050
3,2021-06-05,34534,9828533,26036,5271857,7309,4233967,1189,322709,8760,836517,0.102905,25560,4685484,0.576388,10147,5522001,0.679292,8129050
3,2021-06-06,14697,9843230,12263,5284120,1847,4235814,587,323296,3705,830051,0.102109,10926,4696410,0.577732,4460,5526461,0.679841,8129050
3,2021-06-07,30643,9873873,22274,5306394,7082,4242896,1287,324583,8874,818724,0.100716,21607,4718017,0.58039,10280,5536741,0.681106,8129050
3,2021-06-08,34437,9908310,24709,5331103,8429,4251325,1299,325882,9953,805935,0.099143,24268,4742285,0.583375,11479,5548220,0.682518,8129050
3,2021-06-09,33083,9941393,23992,5355095,7781,4259106,1310,327192,8884,792284,0.097463,24011,4766296,0.586329,10360,5558580,0.683792,8129050
3,2021-06-10,32616,9974009,23521,5378616,7557,4266663,1538,328730,8971,779514,0.095892,23479,4789775,0.589217,10709,5569289,0.685109,8129050
3,2021-06-11,35807,10009816,25327,5403943,9102,4275765,1378,330108,10643,766754,0.094323,24958,4814733,0.592287,12198,5581487,0.68661,8129050
3,2021-06-12,25334,10035150,19093,5423036,5345,4281110,896,331004,6702,756005,0.093,18511,4833244,0.594564,7762,5589249,0.687565,8129050
3,2021-06-13,10207,10045357,7645,5430681,2070,4283180,492,331496,2390,751199,0.092409,7763,4841007,0.595519,2957,5592206,0.687929,8129050
3,2021-06-14,25987,10071344,18638,5449319,5916,4289096,1433,332929,8140,743207,0.091426,17708,4858715,0.597698,9716,5601922,0.689124,8129050
3,2021-06-15,28966,10100310,19601,5468920,7842,4296938,1523,334452,9743,735661,0.090498,18981,4877696,0.600033,11435,5613357,0.690531,8129050
3,2021-06-16,26133,10126443,18578,5487498,6128,4303066,1427,335879,8847,728985,0.089677,17101,4894797,0.602136,10425,5623782,0.691813,8129050
3,2021-06-17,24984,10151427,17882,5505380,5802,4308868,1300,337179,8669,722943,0.088933,16150,4910947,0.604123,10108,5633890,0.693056,8129050
3,2021-06-18,28073,10179500,19819,5525199,6680,4315548,1574,338753,9810,716464,0.088136,18029,4928976,0.606341,11550,5645440,0.694477,8129050
3,2021-06-19,16052,10195552,11789,5536988,3402,4318950,861,339614,5746,713005,0.087711,10175,4939151,0.607593,6716,5652156,0.695303,8129050
3,2021-06-20,6895,10202447,5171,5542159,1422,4320372,302,339916,2610,711743,0.087555,4227,4943378,0.608113,2965,5655121,0.695668,8129050
3,2021-06-21,16262,10218709,10262,5552421,4598,4324970,1402,341318,8093,713284,0.087745,8075,4951453,0.609106,9616,5664737,0.696851,8129050
3,2021-06-22,22123,10240832,15511,5567932,5312,4330282,1300,342618,8256,709262,0.08725,13733,4965186,0.610795,9711,5674448,0.698046,8129050
3,2021-06-23,20311,10261143,14218,5582150,4750,4335032,1343,343961,8023,706599,0.086923,12167,4977353,0.612292,9504,5683952,0.699215,8129050
3,2021-06-24,20014,10281157,13930,5596080,4626,4339658,1458,345419,7807,703947,0.086596,12024,4989377,0.613771,9372,5693324,0.700368,8129050
3,2021-06-25,23362,10304519,16576,5612656,5362,4345020,1424,346843,9124,700523,0.086175,14100,5003477,0.615506,10676,5704000,0.701681,8129050
3,2021-06-26,14054,10318573,10440,5623096,2839,4347859,775,347618,5867,699244,0.086018,8079,5011556,0.6165,6800,5710800,0.702518,8129050
3,2021-06-27,6749,10325322,5228,5628324,1213,4349072,308,347926,2886,698657,0.085946,3816,5015372,0.616969,3229,5714029,0.702915,8129050
3,2021-06-28,16094,10341416,12380,5640704,2628,4351700,1086,349012,6775,697455,0.085798,9170,5024542,0.618097,7968,5721997,0.703895,8129050
3,2021-06-29,18128,10359544,12773,5653477,4345,4356045,1010,350022,7417,695450,0.085551,10563,5035105,0.619396,8558,5730555,0.704948,8129050
3,2021-06-30,17109,10376653,12126,5665603,3939,4359984,1044,351066,7363,694423,0.085425,9582,5044687,0.620575,8555,5739110,0.706,8129050
3,2021-07-01,16425,10393078,11708,5677311,3640,4363624,1077,352143,6923,693162,0.08527,9361,5054048,0.621727,8100,5747210,0.706997,8129050
3,2021-07-02,18561,10411639,13197,5690508,4259,4367883,1105,353248,7942,691806,0.085103,10499,5064547,0.623018,9143,5756353,0.708121,8129050
3,2021-07-03,10149,10421788,7335,5697843,2374,4370257,440,353688,4360,690996,0.085003,5712,5070259,0.623721,4902,5761255,0.708724,8129050
3,2021-07-04,731,10422519,430,5698273,214,4370471,87,353775,282,690941,0.084997,440,5070699,0.623775,385,5761640,0.708772,8129050
3,2021-07-05,9566,10432085,7002,5705275,2140,4372611,424,354199,4321,690576,0.084952,5173,5075872,0.624411,4808,5766448,0.709363,8129050
3,2021-07-06,19126,10451211,13867,5719142,4140,4376751,1119,355318,6917,686706,0.084476,12030,5087902,0.625891,8160,5774608,0.710367,8129050
3,2021-07-07,15772,10466983,11193,5730335,3461,4380212,1118,356436,6356,685012,0.084267,9275,5097177,0.627032,7581,5782189,0.711299,8129050
3,2021-07-08,15375,10482358,11118,5741453,3261,4383473,996,357432,6205,683282,0.084054,9021,5106198,0.628142,7291,5789480,0.712196,8129050
3,2021-07-09,17630,10499988,12292,5753745,4118,4387591,1220,358652,7286,681690,0.083859,10208,5116406,0.629398,8616,5798096,0.713256,8129050
3,2021-07-10,10875,10510863,8008,5761753,2202,4389793,665,359317,4613,680866,0.083757,6192,5122598,0.630159,5368,5803464,0.713917,8129050
3,2021-07-11,5128,10515991,3797,5765550,1056,4390849,275,359592,2313,680709,0.083738,2765,5125363,0.6305,2608,5806072,0.714237,8129050
3,2021-07-12,14344,10530335,10465,5776015,2875,4393724,1004,360596,5723,678961,0.083523,8543,5133906,0.631551,6795,5812867,0.715073,8129050
3,2021-07-13,15146,10545481,10699,5786714,3534,4397258,913,361509,6656,678217,0.083431,8393,5142299,0.632583,7649,5820516,0.716014,8129050
3,2021-07-14,14435,10559916,10246,5796960,3272,4400530,917,362426,6446,677752,0.083374,7888,5150187,0.633553,7423,5827939,0.716927,8129050
3,2021-07-15,14750,10574666,10664,5807624,3245,4403775,841,363267,6748,677512,0.083345,7902,5158089,0.634525,7662,5835601,0.71787,8129050
3,2021-07-16,17781,10592447,12783,5820407,4103,4407878,895,364162,8494,677795,0.083379,9177,5167266,0.635654,9460,5845061,0.719034,8129050
3,2021-07-17,11286,10603733,8265,5828672,2488,4410366,533,364695,5370,677921,0.083395,5843,5173109,0.636373,5969,5851030,0.719768,8129050
3,2021-07-18,5750,10609483,4341,5833013,1157,4411523,252,364947,2826,678145,0.083422,2880,5175989,0.636727,3104,5854134,0.72015,8129050
3,2021-07-19,14892,10624375,10896,5843909,3116,4414639,880,365827,7300,678906,0.083516,7492,5183481,0.637649,8253,5862387,0.721165,8129050
3,2021-07-20,16525,10640900,11500,5855409,4122,4418761,903,366730,8492,680467,0.083708,7915,5191396,0.638623,9476,5871863,0.722331,8129050
3,2021-07-21,15959,10656859,11294,5866703,3797,4422558,868,367598,8023,681629,0.083851,7806,5199202,0.639583,8968,5880831,0.723434,8129050
3,2021-07-22,16317,10673176,11526,5878229,3828,4426386,963,368561,8470,683402,0.084069,7721,5206923,0.640533,9494,5890325,0.724602,8129050
3,2021-07-23,19238,10692414,13713,5891942,4515,4430901,1010,369571,10333,686075,0.084398,8758,5215681,0.64161,11431,5901756,0.726008,8129050
3,2021-07-24,11568,10703982,8332,5900274,2658,4433559,578,370149,6384,687971,0.084631,5103,5220784,0.642238,6999,5908755,0.726869,8129050
3,2021-07-25,5642,10709624,4225,5904499,1207,4434766,210,370359,4076,690788,0.084978,1519,5222303,0.642425,4336,5913091,0.727402,8129050
3,2021-07-26,15437,10725061,10730,5915229,3741,4438507,966,371325,9324,695135,0.085512,6004,5228307,0.643163,10351,5923442,0.728676,8129050
3,2021-07-27,17461,10742522,12347,5927576,4139,4442646,975,372300,10003,698861,0.085971,7325,5235632,0.644064,11051,5934493,0.730035,8129050
3,2021-07-28,17053,10759575,12203,5939779,3814,4446460,1036,373336,9849,702734,0.086447,7061,5242693,0.644933,10934,5945427,0.73138,8129050
3,2021-07-29,16860,10776435,12142,5951921,3687,4450147,1031,374367,9947,707047,0.086978,6737,5249430,0.645762,11050,5956477,0.73274,8129050
3,2021-07-30,19620,10796055,13859,5965780,4677,4454824,1084,375451,11391,711589,0.087537,8022,5257452,0.646749,12564,5969041,0.734285,8129050
3,2021-07-31,12216,10808271,8855,5974635,2706,4457530,655,376106,7120,714476,0.087892,4953,5262405,0.647358,7840,5976881,0.73525,8129050
3,2021-08-01,6502,10814773,4955,5979590,1289,4458819,258,376364,4207,716745,0.088171,2231,5264636,0.647632,4500,5981381,0.735803,8129050
3,2021-08-02,16598,10831371,12049,5991639,3617,4462436,932,377296,10319,721906,0.088806,6153,5270789,0.648389,11314,5992695,0.737195,8129050
3,2021-08-03,18425,10849796,13297,6004936,4020,4466456,1108,378404,10992,726801,0.089408,7257,5278046,0.649282,12152,6004847,0.73869,8129050
3,2021-08-04,17588,10867384,12635,6017571,3938,4470394,1015,379419,10478,731396,0.089973,6947,5284993,0.650137,11542,6016389,0.74011,8129050
3,2021-08-05,17946,10885330,12970,6030541,3826,4474220,1150,380569,10836,736506,0.090602,6946,5291939,0.650991,12056,6028445,0.741593,8129050
3,2021-08-06,21741,10907071,15753,6046294,4832,4479052,1156,381725,12846,741879,0.091263,8696,5300635,0.652061,14069,6042514,0.743324,8129050
3,2021-08-07,12792,10919863,9510,6055804,2654,4481706,628,382353,7490,744885,0.091632,5163,5305798,0.652696,8169,6050683,0.744328,8129050
3,2021-08-08,7586,10927449,5806,6061610,1538,4483244,242,382595,4682,747026,0.091896,2819,5308617,0.653043,4960,6055643,0.744939,8129050
3,2021-08-09,18337,10945786,13726,6075336,3537,4486781,1074,383669,10373,750744,0.092353,7802,5316419,0.654002,11520,6067163,0.746356,8129050
3,2021-08-10,18568,10964354,13596,6088932,3964,4490745,1008,384677,10466,754325,0.092794,7932,5324351,0.654978,11513,6078676,0.747772,8129050
3,2021-08-11,16552,10980906,11977,6100909,3541,4494286,1034,385711,9210,757483,0.093182,7142,5331493,0.655857,10300,6088976,0.749039,8129050
3,2021-08-12,18122,10999028,12783,6113692,4252,4498538,1087,386798,9952,760611,0.093567,7959,5339452,0.656836,11087,6100063,0.750403,8129050
3,2021-08-13,22597,11021625,16031,6129723,5400,4503938,1166,387964,12325,764343,0.094026,9829,5349281,0.658045,13561,6113624,0.752071,8129050
3,2021-08-14,14699,11036324,10350,6140073,3730,4507668,619,388583,7663,766561,0.094299,6116,5355397,0.658797,8334,6121958,0.753096,8129050
3,2021-08-15,8363,11044687,6071,6146144,2008,4509676,284,388867,4203,767702,0.094439,3373,5358770,0.659212,4514,6126472,0.753652,8129050
3,2021-08-16,20672,11065359,14250,6160394,5431,4515107,991,389858,9803,769657,0.09468,8926,5367696,0.66031,10881,6137353,0.75499,8129050
3,2021-08-17,21180,11086539,14366,6174760,5768,4520875,1046,390904,9730,771304,0.094882,9238,5376934,0.661447,10885,6148238,0.756329,8129050
3,2021-08-18,21126,11107665,14096,6188856,6022,4526897,1008,391912,9507,772883,0.095077,9026,5385960,0.662557,10605,6158843,0.757634,8129050
3,2021-08-19,21169,11128834,13986,6202842,6105,4533002,1078,392990,9211,774202,0.095239,9035,5394995,0.663669,10354,6169197,0.758907,8129050
3,2021-08-20,26563,11155397,17903,6220745,7535,4540537,1125,394115,11179,774818,0.095315,11786,5406781,0.665118,12402,6181599,0.760433,8129050
3,2021-08-21,15479,11170876,11173,6231918,3729,4544266,577,394692,6488,774809,0.095314,7144,5413925,0.665997,7135,6188734,0.761311,8129050
3,2021-08-22,8814,11179690,6303,6238221,2298,4546564,213,394905,3955,775261,0.095369,3766,5417691,0.666461,4218,6192952,0.76183,8129050
3,2021-08-23,22458,11202148,15721,6253942,5822,4552386,915,395820,9643,776154,0.095479,9804,5427495,0.667667,10697,6203649,0.763146,8129050
3,2021-08-24,21932,11224080,15826,6269768,5269,4557655,837,396657,9098,776326,0.0955,9891,5437386,0.668883,10063,6213712,0.764384,8129050
3,2021-08-25,12458,11236538,8546,6278314,3141,4560796,771,397428,4822,776298,0.095497,5701,5443087,0.669585,5673,6219385,0.765081,8129050
4,2020-12-15,472,472,472,472,0,0,0,0,472,472,5.9e-05,0,0,0.0,472,472,5.9e-05,8037679
4,2020-12-16,3099,3571,3099,3571,0,0,0,0,3099,3571,0.000444,0,0,0.0,3099,3571,0.000444,8037679
4,2020-12-17,9098,12669,9098,12669,0,0,0,0,9099,12670,0.001576,0,0,0.0,9099,12670,0.001576,8037679
4,2020-12-18,16382,29051,16369,29038,13,13,0,0,16381,29051,0.003614,0,0,0.0,16381,29051,0.003614,8037679
4,2020-12-19,10460,39511,10450,39488,10,23,0,0,10398,39449,0.004908,0,0,0.0,10398,39449,0.004908,8037679
4,2020-12-20,7504,47015,7490,46978,14,37,0,0,7459,46908,0.005836,0,0,0.0,7459,46908,0.005836,8037679
4,2020-12-21,16542,63557,16508,63486,34,71,0,0,16474,63381,0.007885,1,1,0.0,16474,63382,0.007886,8037679
4,2020-12-22,17323,80880,16554,80040,769,840,0,0,17279,80655,0.010035,5,6,1e-06,17279,80661,0.010035,8037679
4,2020-12-23,17288,98168,14483,94523,2805,3645,0,0,17259,97912,0.012182,2,8,1e-06,17259,97920,0.012183,8037679
4,2020-12-24,8667,106835,6015,100538,2652,6297,0,0,8665,106576,0.01326,1,9,1e-06,8665,106585,0.013261,8037679
4,2020-12-25,917,107752,812,101350,105,6402,0,0,916,107491,0.013373,1,10,1e-06,916,107501,0.013375,8037679
4,2020-12-26,6263,114015,3926,105276,2337,8739,0,0,6263,113754,0.014153,0,10,1e-06,6263,113764,0.014154,8037679
4,2020-12-27,3485,117500,2010,107286,1475,10214,0,0,3485,117239,0.014586,0,10,1e-06,3485,117249,0.014587,8037679
4,2020-12-28,15334,132834,9457,116743,5877,16091,0,0,15307,132543,0.01649,3,13,2e-06,15307,132556,0.016492,8037679
4,2020-12-29,15968,148802,8958,125701,7010,23101,0,0,15934,148476,0.018472,1,14,2e-06,15934,148490,0.018474,8037679
4,2020-12-30,19497,168299,11422,137123,8075,31176,0,0,19487,167961,0.020897,2,16,2e-06,19487,167977,0.020899,8037679
4,2020-12-31,8403,176702,3392,140515,5011,36187,0,0,8390,176342,0.021939,9,25,3e-06,8390,176367,0.021943,8037679
4,2021-01-01,1862,178564,855,141370,1007,37194,0,0,1855,178193,0.02217,4,29,4e-06,1855,178222,0.022173,8037679
4,2021-01-02,5802,184366,3273,144643,2529,39723,0,0,5800,183992,0.022891,1,30,4e-06,5800,184022,0.022895,8037679
4,2021-01-03,2175,186541,1280,145923,895,40618,0,0,2161,186150,0.02316,3,33,4e-06,2161,186183,0.023164,8037679
4,2021-01-04,13139,199680,7092,153015,6047,46665,0,0,13090,199213,0.024785,27,60,7e-06,13090,199273,0.024792,8037679
4,2021-01-05,17126,216806,10142,163157,6984,53649,0,0,14866,211866,0.026359,2231,2291,0.000285,14884,214157,0.026644,8037679
4,2021-01-06,21880,238686,13406,176563,8474,62123,0,0,15679,221410,0.027547,6153,8444,0.001051,15697,229854,0.028597,8037679
4,2021-01-07,28288,266974,17276,193839,11012,73135,0,0,16831,226867,0.028225,11396,19840,0.002468,16853,246707,0.030694,8037679
4,2021-01-08,33245,300219,21352,215191,11893,85028,0,0,18484,230682,0.0287,14697,34537,0.004297,18512,265219,0.032997,8037679
4,2021-01-09,16439,316658,9716,224907,6723,91751,0,0,9549,233366,0.029034,6879,41416,0.005153,9563,274782,0.034187,8037679
4,2021-01-10,8864,325522,5725,230632,3139,94890,0,0,4212,232949,0.028982,4639,46055,0.00573,4222,279004,0.034712,8037679
4,2021-01-11,33906,359428,22272,252904,11634,106524,0,0,19089,237300,0.029523,14788,60843,0.00757,19139,298143,0.037093,8037679
4,2021-01-12,38941,398369,22477,275381,16464,122988,0,0,24488,247443,0.030785,14396,75239,0.009361,24539,322682,0.040146,8037679
4,2021-01-13,39277,437646,19462,294843,19815,142803,0,0,27796,263843,0.032826,11424,86663,0.010782,27824,350506,0.043608,8037679
4,2021-01-14,39835,477481,15360,310203,24475,167278,0,0,32539,289168,0.035977,7248,93911,0.011684,32573,383079,0.04766,8037679
4,2021-01-15,45950,523431,16090,326293,29860,197138,0,0,40242,323803,0.040286,5633,99544,0.012385,40268,423347,0.05267,8037679
4,2021-01-16,29054,552485,9445,335738,19609,216747,0,0,25874,346547,0.043115,3148,102692,0.012776,25892,449239,0.055892,8037679
4,2021-01-17,19113,571598,6617,342355,12496,229243,0,0,17442,362353,0.045082,1648,104340,0.012981,17454,466693,0.058063,8037679
4,2021-01-18,29749,601347,13789,356144,15960,245203,0,0,23663,380057,0.047284,5992,110332,0.013727,23696,490389,0.061011,8037679
4,2021-01-19,46748,648095,23467,379611,23281,268484,0,0,36913,407267,0.05067,9777,120109,0.014943,36987,527376,0.065613,8037679
4,2021-01-20,53177,701272,28390,408001,24787,293271,0,0,42416,439091,0.054629,10658,130767,0.016269,42482,569858,0.070898,8037679
4,2021-01-21,58488,759760,26305,434306,32183,325454,0,0,51553,483836,0.060196,6860,137627,0.017123,51605,621463,0.077319,8037679
4,2021-01-22,55975,815735,22467,456773,33508,358962,0,0,50641,529277,0.065849,5232,142859,0.017774,50673,672136,0.083623,8037679
4,2021-01-23,40031,855766,17443,474216,22588,381550,0,0,35638,560563,0.069742,4383,147242,0.018319,35669,707805,0.088061,8037679
4,2021-01-24,24286,880052,10567,484783,13719,395269,0,0,22365,581042,0.07229,1909,149151,0.018556,22388,730193,0.090846,8037679
4,2021-01-25,48567,928619,22414,507197,26153,421422,0,0,37212,606997,0.075519,11316,160467,0.019964,37271,767464,0.095483,8037679
4,2021-01-26,57529,986148,29315,536512,28214,449636,0,0,45028,639642,0.07958,12447,172914,0.021513,45092,812556,0.101093,8037679
4,2021-01-27,56964,1043112,27045,563557,29919,479555,0,0,45696,674200,0.08388,11194,184108,0.022906,45752,858308,0.106786,8037679
4,2021-01-28,57655,1100767,26023,589580,31632,511187,0,0,47339,711367,0.088504,10221,194329,0.024177,47388,905696,0.112681,8037679
4,2021-01-29,57439,1158206,27448,617028,29991,541178,0,0,46822,747784,0.093035,10441,204770,0.025476,46858,952554,0.118511,8037679
4,2021-01-30,38734,1196940,17367,634395,21367,562545,0,0,33273,775685,0.096506,5405,210175,0.026149,33306,985860,0.122655,8037679
4,2021-01-31,24522,1221462,12788,647183,11734,574279,0,0,22787,796778,0.09913,1712,211887,0.026362,22805,1008665,0.125492,8037679
4,2021-02-01,50453,1271915,24261,671444,26192,600471,0,0,38557,823550,0.102461,11831,223718,0.027834,38603,1047268,0.130295,8037679
4,2021-02-02,56330,1328245,25873,697317,30457,630928,0,0,43191,853743,0.106218,13052,236770,0.029458,43245,1090513,0.135675,8037679
4,2021-02-03,62830,1391075,30792,728109,32038,662966,0,0,48121,887336,0.110397,14588,251358,0.031272,48181,1138694,0.14167,8037679
4,2021-02-04,68372,1459447,31772,759881,36600,699566,0,0,51352,921944,0.114703,16862,268220,0.03337,51470,1190164,0.148073,8037679
4,2021-02-05,74000,1533447,34225,794106,39775,739341,0,0,51320,950982,0.118315,22423,290643,0.03616,51461,1241625,0.154476,8037679
4,2021-02-06,49208,1582655,26395,820501,22813,762154,0,0,37531,977110,0.121566,11606,302249,0.037604,37734,1279359,0.15917,8037679
4,2021-02-07,26754,1609409,17676,838177,9078,771232,0,0,20157,990955,0.123289,6561,308810,0.03842,20406,1299765,0.161709,8037679
4,2021-02-08,59316,1668725,30443,868620,28873,800105,0,0,38457,1008961,0.125529,20715,329525,0.040998,38721,1338486,0.166526,8037679
4,2021-02-09,67984,1736709,34532,903152,33452,833557,0,0,39734,1020992,0.127026,28152,357677,0.0445,40183,1378669,0.171526,8037679
4,2021-02-10,78271,1814980,39170,942322,39101,872658,0,0,41044,1025617,0.127601,36979,394656,0.049101,41604,1420273,0.176702,8037679
4,2021-02-11,82422,1897402,42981,985303,39441,912099,0,0,41847,1027805,0.127873,40340,434996,0.05412,42528,1462801,0.181993,8037679
4,2021-02-12,85321,1982723,38202,1023505,47119,959218,0,0,43790,1031072,0.12828,41319,476315,0.05926,44586,1507387,0.18754,8037679
4,2021-02-13,59434,2042157,30030,1053535,29404,988622,0,0,30142,1032987,0.128518,29140,505455,0.062886,31055,1538442,0.191404,8037679
4,2021-02-14,37229,2079386,19341,1072876,17888,1006510,0,0,18979,1034453,0.1287,18187,523642,0.065148,19653,1558095,0.193849,8037679
4,2021-02-15,46820,2126206,21957,1094833,24863,1031373,0,0,23912,1036747,0.128986,22814,546456,0.067987,25108,1583203,0.196973,8037679
4,2021-02-16,81174,2207380,37225,1132058,43949,1075322,0,0,41096,1039132,0.129283,39940,586396,0.072956,42325,1625528,0.202238,8037679
4,2021-02-17,82547,2289927,39022,1171080,43525,1118847,0,0,39118,1036177,0.128915,43220,629616,0.078333,40265,1665793,0.207248,8037679
4,2021-02-18,84540,2374467,46541,1217621,37999,1156846,0,0,38913,1031152,0.12829,45410,675026,0.083983,40385,1706178,0.212272,8037679
4,2021-02-19,83849,2458316,52823,1270444,31026,1187872,0,0,41738,1031657,0.128353,41917,716943,0.089198,42422,1748600,0.21755,8037679
4,2021-02-20,50226,2508542,33418,1303862,16808,1204680,0,0,27022,1036285,0.128928,23108,740051,0.092073,27736,1776336,0.221001,8037679
4,2021-02-21,30622,2539164,24282,1328144,6340,1211020,0,0,14643,1035363,0.128814,15882,755933,0.094049,14960,1791296,0.222862,8037679
4,2021-02-22,56033,2595197,38465,1366609,17568,1228588,0,0,26932,1033852,0.128626,28922,784855,0.097647,27411,1818707,0.226273,8037679
4,2021-02-23,77708,2672905,43094,1409703,34614,1263202,0,0,34000,1026064,0.127657,43478,828333,0.103056,35690,1854397,0.230713,8037679
4,2021-02-24,92872,2765777,49081,1458784,43791,1306993,0,0,41633,1018927,0.126769,50954,879287,0.109396,43817,1898214,0.236164,8037679
4,2021-02-25,104642,2870419,54798,1513582,49844,1356837,0,0,49628,1016448,0.12646,54773,934060,0.11621,52294,1950508,0.242671,8037679
4,2021-02-26,110659,2981078,55903,1569485,54756,1411593,0,0,56196,1020869,0.12701,54139,988199,0.122946,58560,2009068,0.249956,8037679
4,2021-02-27,80747,3061825,43907,1613392,36826,1448419,14,14,42636,1027155,0.127792,37875,1026074,0.127658,44161,2053229,0.25545,8037679
4,2021-02-28,49894,3111719,30772,1644164,19115,1467534,7,21,27146,1032692,0.128481,22528,1048602,0.130461,28065,2081294,0.258942,8037679
4,2021-03-01,81662,3193381,47787,1691951,33819,1501353,56,77,44907,1042531,0.129705,36377,1084979,0.134987,46216,2127510,0.264692,8037679
4,2021-03-02,90557,3283938,51884,1743835,38661,1540014,12,89,52839,1059719,0.131844,37504,1122483,0.139653,54692,2182202,0.271497,8037679
4,2021-03-03,104472,3388410,55481,1799316,48971,1588985,20,109,58067,1073443,0.133551,46162,1168645,0.145396,59886,2242088,0.278947,8037679
4,2021-03-04,102757,3491167,57205,1856521,45534,1634519,18,127,55863,1084491,0.134926,46630,1215275,0.151197,57678,2299766,0.286123,8037679
4,2021-03-05,98860,3590027,53313,1909834,45218,1679737,329,456,57775,1103728,0.137319,40831,1256106,0.156277,60068,2359834,0.293596,8037679
4,2021-03-06,77761,3667788,43789,1953623,31319,1711056,2653,3109,47500,1125067,0.139974,30115,1286221,0.160024,51454,2411288,0.299998,8037679
4,2021-03-07,45307,3713095,27734,1981357,15348,1726404,2225,5334,26394,1135914,0.141324,18819,1305040,0.162365,29666,2440954,0.303689,8037679
4,2021-03-08,68828,3781923,35930,2017287,29482,1755886,3416,8750,45109,1162134,0.144586,23574,1328614,0.165298,49794,2490748,0.309884,8037679
4,2021-03-09,82911,3864834,41847,2059134,35753,1791639,5311,14061,44651,1175033,0.146191,38056,1366670,0.170033,50955,2541703,0.316224,8037679
4,2021-03-10,92900,3957734,47896,2107030,37425,1829064,7579,21640,46673,1184104,0.147319,46002,1412672,0.175756,55073,2596776,0.323075,8037679
4,2021-03-11,101874,4059608,53391,2160421,39922,1868986,8561,30201,46951,1185892,0.147542,54636,1467308,0.182554,56424,2653200,0.330095,8037679
4,2021-03-12,105722,4165330,52037,2212458,43278,1912264,10407,40608,45203,1181976,0.147054,60210,1527518,0.190045,56294,2709494,0.337099,8037679
4,2021-03-13,82309,4247639,38101,2250559,35652,1947916,8556,49164,38920,1187147,0.147698,43238,1570756,0.195424,48409,2757903,0.343122,8037679
4,2021-03-14,50243,4297882,28611,2279170,17972,1965888,3660,52824,23473,1188159,0.147824,26663,1597419,0.198741,27675,2785578,0.346565,8037679
4,2021-03-15,84451,4382333,45432,2324602,34705,2000593,4314,57138,42800,1194671,0.148634,41344,1638763,0.203885,47856,2833434,0.352519,8037679
4,2021-03-16,108809,4491142,56618,2381220,48742,2049335,3449,60587,57127,1204460,0.149852,51403,1690166,0.21028,61192,2894626,0.360132,8037679
4,2021-03-17,108349,4599491,58332,2439552,46486,2095821,3531,64118,63201,1226803,0.152631,44849,1735015,0.21586,67192,2961818,0.368492,8037679
4,2021-03-18,108173,4707664,60021,2499573,44409,2140230,3743,67861,61000,1245019,0.154898,46876,1781891,0.221692,65092,3026910,0.37659,8037679
4,2021-03-19,112644,4820308,64809,2564382,42579,2182809,5256,73117,63740,1265727,0.157474,48593,1830484,0.227738,69301,3096211,0.385212,8037679
4,2021-03-20,85047,4905355,49782,2614164,32211,2215020,3054,76171,51821,1287825,0.160223,33028,1863512,0.231847,55126,3151337,0.392071,8037679
4,2021-03-21,48677,4954032,35278,2649442,11137,2226157,2262,78433,28355,1298586,0.161562,20173,1883685,0.234357,30934,3182271,0.395919,8037679
4,2021-03-22,83390,5037422,54408,2703850,26225,2252382,2757,81190,51392,1321689,0.164437,31715,1915400,0.238303,54818,3237089,0.402739,8037679
4,2021-03-23,106040,5143462,63500,2767350,40359,2292741,2181,83371,62078,1342808,0.167064,43661,1959061,0.243735,64780,3301869,0.410799,8037679
4,2021-03-24,114733,5258195,73966,2841316,38310,2331051,2457,85828,63761,1358924,0.169069,50499,2009560,0.250017,66615,3368484,0.419087,8037679
4,2021-03-25,118417,5376612,72845,2914161,43113,2374164,2459,88287,66339,1376613,0.17127,51567,2061127,0.256433,69256,3437740,0.427703,8037679
4,2021-03-26,121117,5497729,73423,2987584,44632,2418796,3062,91349,65202,1389920,0.172926,55502,2116629,0.263338,68809,3506549,0.436264,8037679
4,2021-03-27,93006,5590735,54801,3042385,36385,2455181,1820,93169,46825,1393111,0.173323,45905,2162534,0.26905,49096,3555645,0.442372,8037679
4,2021-03-28,56376,5647111,37251,3079636,18242,2473423,883,94052,29654,1397483,0.173866,26528,2189062,0.27235,30900,3586545,0.446217,8037679
4,2021-03-29,94852,5741963,56794,3136430,35946,2509369,2112,96164,50684,1406954,0.175045,43867,2232929,0.277808,53338,3639883,0.452852,8037679
4,2021-03-30,118455,5860418,64656,3201086,49594,2558963,4205,100369,69618,1432593,0.178235,48555,2281484,0.283849,74194,3714077,0.462083,8037679
4,2021-03-31,122195,5982613,72098,3273184,43753,2602716,6344,106713,68033,1453357,0.180818,53767,2335251,0.290538,74531,3788608,0.471356,8037679
4,2021-04-01,143967,6126580,82005,3355189,48549,2651265,13413,120126,84367,1491830,0.185605,59035,2394286,0.297883,97508,3886116,0.483487,8037679
4,2021-04-02,137820,6264400,73636,3428825,50511,2701776,13673,133799,79196,1526374,0.189902,58293,2452579,0.305135,92837,3978953,0.495038,8037679
4,2021-04-03,101865,6366265,54428,3483253,33906,2735682,13531,147330,53083,1544361,0.19214,48554,2501133,0.311176,66541,4045494,0.503316,8037679
4,2021-04-04,47164,6413429,24906,3508159,14700,2750382,7558,154888,20542,1545752,0.192313,26499,2527632,0.314473,27890,4073384,0.506786,8037679
4,2021-04-05,110617,6524046,62057,3570216,35597,2785979,12963,167851,57295,1563283,0.194494,53062,2580694,0.321075,70593,4143977,0.515569,8037679
4,2021-04-06,139981,6664027,78771,3648987,41281,2827260,19929,187780,72468,1588774,0.197666,67247,2647941,0.329441,92738,4236715,0.527107,8037679
4,2021-04-07,138651,6802678,78576,3727563,39214,2866474,20861,208641,71628,1614563,0.200874,66736,2714677,0.337744,92525,4329240,0.538618,8037679
4,2021-04-08,141159,6943837,78649,3806212,36888,2903362,25622,234263,70326,1640239,0.204069,70493,2785170,0.346514,96169,4425409,0.550583,8037679
4,2021-04-09,138745,7082582,76021,3882233,39508,2942870,23216,257479,66220,1658144,0.206296,72236,2857406,0.355501,90141,4515550,0.561798,8037679
4,2021-04-10,104500,7187082,51499,3933732,33966,2976836,19035,276514,47165,1668060,0.20753,57099,2914505,0.362605,67015,4582565,0.570135,8037679
4,2021-04-11,63051,7250133,38266,3971998,13520,2990356,11265,287779,27584,1672479,0.20808,35339,2949844,0.367002,39758,4622323,0.575082,8037679
4,2021-04-12,103606,7353739,62929,4034927,30364,3020720,10313,298092,52138,1684934,0.209629,51132,3000976,0.373364,63587,4685910,0.582993,8037679
4,2021-04-13,131283,7485022,82400,4117327,48716,3069436,167,298259,78356,1711725,0.212963,52599,3053575,0.379908,79390,4765300,0.59287,8037679
4,2021-04-14,136841,7621863,87328,4204655,49432,3118868,81,298340,75609,1727779,0.21496,60871,3114446,0.387481,76925,4842225,0.602441,8037679
4,2021-04-15,157014,7778877,104381,4309036,52555,3171423,78,298418,95942,1763951,0.21946,60646,3175092,0.395026,96818,4939043,0.614486,8037679
4,2021-04-16,144376,7923253,91500,4400536,52794,3224217,82,298500,83604,1787951,0.222446,60414,3235506,0.402542,84414,5023457,0.624989,8037679
4,2021-04-17,102006,8025259,64032,4464568,37946,3262163,28,298528,59584,1806616,0.224768,42116,3277622,0.407782,60781,5084238,0.632551,8037679
4,2021-04-18,57360,8082619,38832,4503400,18523,3280686,5,298533,32170,1814721,0.225777,25035,3302657,0.410897,33140,5117378,0.636674,8037679
4,2021-04-19,101696,8184315,66963,4570363,34711,3315397,22,298555,51373,1816669,0.226019,50051,3352708,0.417124,51999,5169377,0.643143,8037679
4,2021-04-20,132013,8316328,78592,4648955,53399,3368796,22,298577,68269,1822678,0.226767,63378,3416086,0.425009,69387,5238764,0.651776,8037679
4,2021-04-21,135254,8451582,88271,4737226,46917,3415713,66,298643,67909,1824882,0.227041,66897,3482983,0.433332,69101,5307865,0.660373,8037679
4,2021-04-22,142351,8593933,94457,4831683,47869,3463582,25,298668,63429,1810999,0.225314,78482,3561465,0.443096,64599,5372464,0.66841,8037679
4,2021-04-23,135773,8729706,88339,4920022,47408,3510990,26,298694,58725,1794308,0.223237,76650,3638115,0.452633,59959,5432423,0.67587,8037679
4,2021-04-24,99353,8829059,67062,4987084,32239,3543229,52,298746,45637,1787687,0.222413,53398,3691513,0.459276,46777,5479200,0.681689,8037679
4,2021-04-25,50611,8879670,35678,5022762,14907,3558136,26,298772,26376,1790479,0.222761,24077,3715590,0.462272,26869,5506069,0.685032,8037679
4,2021-04-26,92591,8972261,60740,5083502,31446,3589582,405,299177,36280,1772536,0.220528,55978,3771568,0.469236,38035,5544104,0.689764,8037679
4,2021-04-27,114449,9086710,69973,5153475,42145,3631727,2331,301508,41096,1743763,0.216949,73010,3844578,0.478319,44237,5588341,0.695268,8037679
4,2021-04-28,105081,9191791,68622,5222097,33908,3665635,2551,304059,38329,1718940,0.21386,66378,3910956,0.486578,41555,5629896,0.700438,8037679
4,2021-04-29,106512,9298303,68023,5290120,35946,3701581,2543,306602,34293,1684541,0.209581,71841,3982797,0.495516,37442,5667338,0.705096,8037679
4,2021-04-30,106208,9404511,67258,5357378,36229,3737810,2721,309323,36400,1654954,0.205899,69377,4052174,0.504147,39790,5707128,0.710047,8037679
4,2021-05-01,70121,9474632,46517,5403895,21815,3759625,1789,311112,20441,1628457,0.202603,49359,4101533,0.510288,22862,5729990,0.712891,8037679
4,2021-05-02,37853,9512485,26868,5430763,9685,3769310,1300,312412,10593,1613359,0.200724,27130,4128663,0.513664,12032,5742022,0.714388,8037679
4,2021-05-03,79665,9592150,55548,5486311,21612,3790922,2505,314917,19265,1575365,0.195998,60121,4188784,0.521143,22127,5764149,0.717141,8037679
4,2021-05-04,101882,9694032,69737,5556048,29356,3820278,2789,317706,22698,1522392,0.189407,78848,4267632,0.530953,25875,5790024,0.72036,8037679
4,2021-05-05,102734,9796766,72409,5628457,27565,3847843,2760,320466,21844,1466771,0.182487,80526,4348158,0.540972,24905,5814929,0.723459,8037679
4,2021-05-06,112539,9909305,84322,5712779,25262,3873105,2955,323421,19618,1398059,0.173938,92407,4440565,0.552469,23695,5838624,0.726407,8037679
4,2021-05-07,105446,10014751,75803,5788582,26954,3900059,2689,326110,20674,1337463,0.166399,84369,4524934,0.562965,23773,5862397,0.729364,8037679
4,2021-05-08,70199,10084950,48416,5836998,19849,3919908,1934,328044,13822,1297435,0.161419,56130,4581064,0.569949,16102,5878499,0.731368,8037679
4,2021-05-09,34502,10119452,28222,5865220,5331,3925239,949,328993,7409,1278908,0.159114,26977,4608041,0.573305,8450,5886949,0.732419,8037679
4,2021-05-10,65440,10184892,43809,5909029,19296,3944535,2335,331328,11051,1238440,0.154079,54150,4662191,0.580042,13682,5900631,0.734121,8037679
4,2021-05-11,83665,10268557,52376,5961405,29087,3973622,2202,333530,15857,1189502,0.147991,67540,4729731,0.588445,18602,5919233,0.736436,8037679
4,2021-05-12,80158,10348715,53304,6014709,24372,3997994,2482,336012,16635,1145864,0.142562,63205,4792936,0.596308,19567,5938800,0.73887,8037679
4,2021-05-13,105174,10453889,77393,6092102,26240,4024234,1541,337553,40665,1124971,0.139962,64156,4857092,0.60429,43263,5982063,0.744253,8037679
4,2021-05-14,105509,10559398,74452,6166554,28920,4053154,2137,339690,40548,1103581,0.137301,64613,4921705,0.612329,43223,6025286,0.74963,8037679
4,2021-05-15,86090,10645488,66541,6233095,18210,4071364,1339,341029,37930,1095260,0.136266,47893,4969598,0.618288,39572,6064858,0.754553,8037679
4,2021-05-16,51861,10697349,41774,6274869,9368,4080732,719,341748,21256,1086936,0.13523,30442,5000040,0.622075,22118,6086976,0.757305,8037679
4,2021-05-17,71460,10768809,52214,6327083,17401,4098133,1845,343593,28195,1074174,0.133642,43042,5043082,0.62743,30280,6117256,0.761072,8037679
4,2021-05-18,82136,10850945,53398,6380481,26983,4125116,1755,345348,29311,1053169,0.131029,52446,5095528,0.633955,31441,6148697,0.764984,8037679
4,2021-05-19,77205,10928150,52168,6432649,23082,4148198,1955,347303,30967,1040465,0.129448,45911,5141439,0.639667,33207,6181904,0.769116,8037679
4,2021-05-20,69441,10997591,44645,6477294,22790,4170988,2006,349309,25723,1025132,0.127541,43411,5184850,0.645068,28078,6209982,0.772609,8037679
4,2021-05-21,74170,11071761,48876,6526170,23406,4194394,1888,351197,26108,1005659,0.125118,47734,5232584,0.651007,28261,6238243,0.776125,8037679
4,2021-05-22,50203,11121964,35215,6561385,13711,4208105,1277,352474,21781,1000710,0.124502,28246,5260830,0.654521,23297,6261540,0.779023,8037679
4,2021-05-23,24012,11145976,17128,6578513,6159,4214264,725,353199,9734,997132,0.124057,14149,5274979,0.656281,10571,6272111,0.780339,8037679
4,2021-05-24,43315,11189291,27534,6606047,12765,4227029,3016,356215,15152,987573,0.122868,27929,5302908,0.659756,18370,6290481,0.782624,8037679
4,2021-05-25,45184,11234475,28102,6634149,14244,4241273,2838,359053,15966,977649,0.121633,28954,5331862,0.663358,19030,6309511,0.784992,8037679
4,2021-05-26,44944,11279419,26947,6661096,15383,4256656,2614,361667,15962,967652,0.120389,28744,5360606,0.666935,18747,6328258,0.787324,8037679
4,2021-05-27,39143,11318562,23481,6684577,12516,4269172,3146,364813,14730,961497,0.119624,24196,5384802,0.669945,18041,6346299,0.789569,8037679
4,2021-05-28,43638,11362200,27765,6712342,14259,4283431,1614,366427,18973,957923,0.119179,24379,5409181,0.672978,20805,6367104,0.792157,8037679
4,2021-05-29,23820,11386020,15458,6727800,7427,4290858,935,367362,10897,957124,0.11908,12765,5421946,0.674566,11966,6379070,0.793646,8037679
4,2021-05-30,12110,11398130,8504,6736304,3077,4293935,529,367891,5016,955720,0.118905,7016,5428962,0.675439,5612,6384682,0.794344,8037679
4,2021-05-31,3640,11401770,2316,6738620,1160,4295095,164,368055,1163,954652,0.118772,2416,5431378,0.67574,1348,6386030,0.794512,8037679
4,2021-06-01,39709,11441479,24680,6763300,12572,4307667,2457,370512,13083,944027,0.11745,26381,5457759,0.679022,15756,6401786,0.796472,8037679
4,2021-06-02,32867,11474346,20516,6783816,9531,4317198,2820,373332,10960,936241,0.116482,21710,5479469,0.681723,13924,6415710,0.798204,8037679
4,2021-06-03,48422,11522768,37157,6820973,8795,4325993,2470,375802,10447,911682,0.113426,37788,5517257,0.686424,13229,6428939,0.79985,8037679
4,2021-06-04,55147,11577915,44393,6865366,9420,4335413,1334,377136,12813,884565,0.110052,42079,5559336,0.691659,14962,6443901,0.801712,8037679
4,2021-06-05,45031,11622946,38562,6903928,5472,4340885,997,378133,8771,858538,0.106814,36098,5595434,0.69615,10071,6453972,0.802965,8037679
4,2021-06-06,21276,11644222,18979,6922907,1732,4342617,565,378698,3915,846169,0.105275,17248,5612682,0.698296,4879,6458851,0.803572,8037679
4,2021-06-07,38950,11683172,31513,6954420,5497,4348114,1940,380638,8521,826639,0.102845,30283,5642965,0.702064,10753,6469604,0.804909,8037679
4,2021-06-08,40705,11723877,31929,6986349,6227,4354341,2549,383187,9432,807889,0.100513,31072,5674037,0.70593,12322,6481926,0.806443,8037679
4,2021-06-09,39025,11762902,30931,7017280,5724,4360065,2370,385557,7930,787626,0.097992,30917,5704954,0.709776,10654,6492580,0.807768,8037679
4,2021-06-10,37259,11800161,29353,7046633,5279,4365344,2627,388184,8413,770252,0.09583,28677,5733631,0.713344,11303,6503883,0.809174,8037679
4,2021-06-11,38480,11838641,30191,7076824,6272,4371616,2017,390201,9915,754147,0.093826,28388,5762019,0.716876,12283,6516166,0.810702,8037679
4,2021-06-12,26664,11865305,22176,7099000,3772,4375388,716,390917,6045,740624,0.092144,20504,5782523,0.719427,6981,6523147,0.811571,8037679
4,2021-06-13,10879,11876184,8596,7107596,1804,4377192,479,391396,2282,734966,0.09144,8528,5791051,0.720488,2870,6526017,0.811928,8037679
4,2021-06-14,28722,11904906,21492,7129088,4421,4381613,2809,394205,7834,725086,0.090211,20740,5811791,0.723068,10860,6536877,0.813279,8037679
4,2021-06-15,30132,11935038,21311,7150399,5409,4387022,3412,397617,8347,715495,0.089018,21603,5833394,0.725756,12012,6548889,0.814774,8037679
4,2021-06-16,26782,11961820,20195,7170594,3960,4390982,2627,400244,8083,707903,0.088073,18511,5851905,0.728059,10919,6559808,0.816132,8037679
4,2021-06-17,25215,11987035,18615,7189209,3703,4394685,2897,403141,7628,701230,0.087243,17391,5869296,0.730223,10718,6570526,0.817466,8037679
4,2021-06-18,26774,12013809,21105,7210314,4434,4399119,1235,404376,8230,692611,0.086171,18332,5887628,0.732504,9713,6580239,0.818674,8037679
4,2021-06-19,15791,12029600,12769,7223083,2313,4401432,709,405085,5065,687977,0.085594,10577,5898205,0.733819,5943,6586182,0.819413,8037679
4,2021-06-20,7374,12036974,6068,7229151,998,4402430,308,405393,2619,686294,0.085385,4694,5902899,0.734403,3011,6589193,0.819788,8037679
4,2021-06-21,14615,12051589,10560,7239711,2911,4405341,1144,406537,7332,687742,0.085565,7189,5910088,0.735298,8637,6597830,0.820863,8037679
4,2021-06-22,20527,12072116,15987,7255698,3462,4408803,1078,407615,7103,682785,0.084948,13288,5923376,0.736951,8331,6606161,0.821899,8037679
4,2021-06-23,18443,12090559,14465,7270163,2979,4411782,999,408614,6706,679021,0.08448,11594,5934970,0.738394,7830,6613991,0.822873,8037679
4,2021-06-24,17643,12108202,13644,7283807,3009,4414791,990,409604,6568,675799,0.084079,10916,5945886,0.739752,7694,6621685,0.82383,8037679
4,2021-06-25,21638,12129840,16997,7300804,3591,4418382,1050,410654,7817,671160,0.083502,13675,5959561,0.741453,9036,6630721,0.824955,8037679
4,2021-06-26,13122,12142962,10681,7311485,1821,4420203,620,411274,4831,668555,0.083178,8166,5967727,0.742469,5561,6636282,0.825647,8037679
4,2021-06-27,6884,12149846,5576,7317061,966,4421169,342,411616,2894,667898,0.083096,3948,5971675,0.74296,3291,6639573,0.826056,8037679
4,2021-06-28,15160,12165006,12723,7329784,1578,4422747,859,412475,6083,665991,0.082859,8976,5980651,0.744077,7069,6646642,0.826935,8037679
4,2021-06-29,16520,12181526,12816,7342600,2891,4425638,813,413288,6365,663262,0.082519,10028,5990679,0.745324,7299,6653941,0.827844,8037679
4,2021-06-30,14636,12196162,11411,7354011,2487,4428125,738,414026,6071,661760,0.082332,8430,5999109,0.746373,6928,6660869,0.828706,8037679
4,2021-07-01,14570,12210732,11481,7365492,2341,4430466,748,414774,5990,660185,0.082136,8450,6007559,0.747425,6875,6667744,0.829561,8037679
4,2021-07-02,16921,12227653,13410,7378902,2738,4433204,773,415547,6949,658171,0.081886,9862,6017421,0.748652,7848,6675592,0.830537,8037679
4,2021-07-03,9219,12236872,7317,7386219,1491,4434695,411,415958,3993,657488,0.081801,5144,6022565,0.749292,4461,6680053,0.831092,8037679
4,2021-07-04,445,12237317,279,7386498,106,4434801,60,416018,197,657514,0.081804,242,6022807,0.749322,268,6680321,0.831126,8037679
4,2021-07-05,9212,12246529,7493,7393991,1303,4436104,416,416434,4173,657194,0.081764,4958,6027765,0.749939,4638,6684959,0.831703,8037679
4,2021-07-06,16517,12263046,13007,7406998,2706,4438810,804,417238,6080,653880,0.081352,10307,6038072,0.751221,6993,6691952,0.832573,8037679
4,2021-07-07,13775,12276821,10746,7417744,2247,4441057,782,418020,5188,651499,0.081056,8473,6046545,0.752275,6092,6698044,0.833331,8037679
4,2021-07-08,13236,12290057,10331,7428075,2074,4443131,831,418851,5185,649682,0.08083,7923,6054468,0.753261,6106,6704150,0.83409,8037679
4,2021-07-09,15436,12305493,11837,7439912,2662,4445793,937,419788,6267,647985,0.080618,9018,6063486,0.754383,7321,6711471,0.835001,8037679
4,2021-07-10,8861,12314354,7012,7446924,1447,4447240,402,420190,3727,647127,0.080512,5047,6068533,0.755011,4189,6715660,0.835522,8037679
4,2021-07-11,4977,12319331,3983,7450907,794,4448034,200,420390,2228,646881,0.080481,2704,6071237,0.755347,2458,6718118,0.835828,8037679
4,2021-07-12,13056,12332387,10337,7461244,1995,4450029,724,421114,5063,644855,0.080229,7914,6079151,0.756332,5888,6724006,0.836561,8037679
4,2021-07-13,12854,12345241,9837,7471081,2377,4452406,640,421754,5466,643772,0.080094,7283,6086434,0.757238,6200,6730206,0.837332,8037679
4,2021-07-14,11762,12357003,9255,7480336,1951,4454357,556,422310,5094,642915,0.079988,6575,6093009,0.758056,5718,6735924,0.838043,8037679
4,2021-07-15,12452,12369455,9888,7490224,1975,4456332,589,422899,5665,642582,0.079946,6662,6099671,0.758885,6329,6742253,0.838831,8037679
4,2021-07-16,15039,12384494,11730,7501954,2641,4458973,668,423567,6949,642320,0.079914,7987,6107658,0.759878,7725,6749978,0.839792,8037679
4,2021-07-17,9368,12393862,7411,7509365,1633,4460606,324,423891,4433,642284,0.079909,4837,6112495,0.76048,4801,6754779,0.840389,8037679
4,2021-07-18,5366,12399228,4323,7513688,843,4461449,200,424091,2537,642272,0.079908,2770,6115265,0.760825,2758,6757537,0.840732,8037679
4,2021-07-19,12837,12412065,10171,7523859,2010,4463459,656,424747,6098,642458,0.079931,6645,6121910,0.761651,6831,6764368,0.841582,8037679
4,2021-07-20,13782,12425847,10618,7534477,2500,4465959,664,425411,6798,643164,0.080019,6838,6128748,0.762502,7544,6771912,0.842521,8037679
4,2021-07-21,12835,12438682,9952,7544429,2234,4468193,649,426060,6390,643952,0.080117,6307,6135055,0.763287,7095,6779007,0.843404,8037679
4,2021-07-22,13500,12452182,10533,7554962,2307,4470500,660,426720,7026,645364,0.080292,6337,6141392,0.764075,7749,6786756,0.844368,8037679
4,2021-07-23,15735,12467917,12130,7567092,2908,4473408,697,427417,8251,647085,0.080506,7314,6148706,0.764985,9035,6795791,0.845492,8037679
4,2021-07-24,9583,12477500,7503,7574595,1753,4475161,327,427744,4938,647891,0.080607,4509,6153215,0.765546,5315,6801106,0.846153,8037679
4,2021-07-25,4770,12482270,3750,7578345,862,4476023,158,427902,3360,650072,0.080878,1352,6154567,0.765714,3533,6804639,0.846593,8037679
4,2021-07-26,12987,12495257,10168,7588513,2138,4478161,681,428583,7563,653093,0.081254,5278,6159845,0.766371,8299,6812938,0.847625,8037679
4,2021-07-27,14350,12509607,11001,7599514,2589,4480750,760,429343,7752,655205,0.081517,6441,6166286,0.767172,8553,6821491,0.848689,8037679
4,2021-07-28,13230,12522837,10087,7609601,2440,4483190,703,430046,7343,657592,0.081814,5715,6172001,0.767883,8102,6829593,0.849697,8037679
4,2021-07-29,13498,12536335,10495,7620096,2289,4485479,714,430760,7577,660266,0.082146,5694,6177695,0.768592,8368,6837961,0.850738,8037679
4,2021-07-30,15799,12552134,12098,7632194,2896,4488375,805,431565,8576,662892,0.082473,6858,6184553,0.769445,9484,6847445,0.851918,8037679
4,2021-07-31,9763,12561897,7618,7639812,1721,4490096,424,431989,5522,664836,0.082715,4042,6188595,0.769948,5986,6853431,0.852663,8037679
4,2021-08-01,5433,12567330,4488,7644300,776,4490872,169,432158,3208,666132,0.082876,2115,6190710,0.770211,3411,6856842,0.853087,8037679
4,2021-08-02,14092,12581422,11253,7655553,2098,4492970,741,432899,8230,669520,0.083298,5652,6196362,0.770914,9040,6865882,0.854212,8037679
4,2021-08-03,14694,12596116,11293,7666846,2637,4495607,764,433663,8456,672796,0.083705,6020,6202382,0.771663,9296,6875178,0.855369,8037679
4,2021-08-04,13383,12609499,10426,7677272,2264,4497871,693,434356,7565,675489,0.08404,5606,6207988,0.772361,8299,6883477,0.856401,8037679
4,2021-08-05,14350,12623849,11327,7688599,2257,4500128,766,435122,8064,678336,0.084395,6033,6214021,0.773111,8880,6892357,0.857506,8037679
4,2021-08-06,17232,12641081,13224,7701823,3136,4503264,872,435994,9593,681553,0.084795,7317,6221338,0.774022,10534,6902891,0.858816,8037679
4,2021-08-07,10190,12651271,8097,7709920,1650,4504914,443,436437,5558,683144,0.084993,4451,6225789,0.774575,6042,6908933,0.859568,8037679
4,2021-08-08,6248,12657519,4969,7714889,1076,4505990,203,436640,3600,684465,0.085157,2512,6228301,0.774888,3833,6912766,0.860045,8037679
4,2021-08-09,14669,12672188,11884,7726773,2039,4508029,746,437386,7847,686542,0.085415,6592,6234893,0.775708,8669,6921435,0.861124,8037679
4,2021-08-10,14855,12687043,11433,7738206,2658,4510687,764,438150,7843,688451,0.085653,6763,6241656,0.77655,8672,6930107,0.862203,8037679
4,2021-08-11,12593,12699636,9652,7747858,2176,4512863,765,438915,6562,690040,0.085851,5768,6247424,0.777267,7357,6937464,0.863118,8037679
4,2021-08-12,14149,12713785,10782,7758640,2609,4515472,758,439673,7287,691608,0.086046,6522,6253946,0.778079,8090,6945554,0.864124,8037679
4,2021-08-13,17793,12731578,13170,7771810,3721,4519193,902,440575,8783,693019,0.086221,8345,6262291,0.779117,9756,6955310,0.865338,8037679
4,2021-08-14,12270,12743848,8752,7780562,3001,4522194,517,441092,5583,694193,0.086367,4989,6267280,0.779738,6163,6961473,0.866105,8037679
4,2021-08-15,7484,12751332,5472,7786034,1789,4523983,223,441315,3313,694856,0.08645,2918,6270198,0.780101,3581,6965054,0.86655,8037679
4,2021-08-16,18132,12769464,12561,7798595,4697,4528680,874,442189,7504,695833,0.086571,7482,6277680,0.781031,8459,6973513,0.867603,8037679
4,2021-08-17,18414,12787878,12526,7811121,5036,4533716,852,443041,7303,696583,0.086665,7486,6285166,0.781963,8236,6981749,0.868627,8037679
4,2021-08-18,18046,12805924,12159,7823280,5102,4538818,785,443826,6878,697340,0.086759,6985,6292151,0.782832,7742,6989491,0.869591,8037679
4,2021-08-19,18376,12824300,12242,7835522,5345,4544163,789,444615,6809,698172,0.086862,6848,6298999,0.783684,7680,6997171,0.870546,8037679
4,2021-08-20,23124,12847424,15653,7851175,6632,4550795,839,445454,8265,698240,0.086871,9151,6308150,0.784822,9219,7006390,0.871693,8037679
4,2021-08-21,14571,12861995,10176,7861351,4000,4554795,395,445849,4909,697831,0.08682,5779,6313929,0.785541,5370,7011760,0.872361,8037679
4,2021-08-22,8632,12870627,6133,7867484,2344,4557139,155,446004,3418,698281,0.086876,3173,6317102,0.785936,3623,7015383,0.872812,8037679
4,2021-08-23,20213,12890840,14207,7881691,5308,4562447,698,446702,7348,698572,0.086912,7921,6325023,0.786922,8212,7023595,0.873834,8037679
4,2021-08-24,19247,12910087,13613,7895304,4991,4567438,643,447345,6782,698474,0.0869,7654,6332677,0.787874,7556,7031151,0.874774,8037679
4,2021-08-25,10711,12920798,7312,7902616,2856,4570294,543,447888,3494,698395,0.08689,4213,6336890,0.788398,4134,7035285,0.875288,8037679
