vemquartile,administered_date,total_doses,cumulative_total_doses,pfizer_doses,cumulative_pfizer_doses,moderna_doses,cumulative_moderna_doses,jj_doses,cumulative_jj_doses,partially_vaccinated,total_partially_vaccinated,pct_age12pop_partially_vaccinated,fully_vaccinated,cumulative_fully_vaccinated,pct_age12pop_fully_vaccinated,at_least_one_dose,cumulative_at_least_one_dose,pct_age12pop_at_least_one_dose,age12_population
1,2020-12-15,150,150,150,150,0,0,0,0,150,150,1.7e-05,0,0,0.0,150,150,1.7e-05,8700223
1,2020-12-16,1181,1331,1181,1331,0,0,0,0,1181,1331,0.000153,0,0,0.0,1181,1331,0.000153,8700223
1,2020-12-17,4160,5491,4160,5491,0,0,0,0,4161,5492,0.000631,0,0,0.0,4161,5492,0.000631,8700223
1,2020-12-18,6325,11816,6305,11796,20,20,0,0,6327,11818,0.001358,1,1,0.0,6327,11819,0.001358,8700223
1,2020-12-19,2874,14690,2873,14669,1,21,0,0,2873,14690,0.001688,1,2,0.0,2873,14692,0.001689,8700223
1,2020-12-20,2133,16823,2125,16794,8,29,0,0,2134,16824,0.001934,0,2,0.0,2134,16826,0.001934,8700223
1,2020-12-21,7640,24463,7625,24419,15,44,0,0,7689,24513,0.002818,1,3,0.0,7690,24516,0.002818,8700223
1,2020-12-22,7287,31750,6943,31362,344,388,0,0,7288,31799,0.003655,2,5,1e-06,7288,31804,0.003656,8700223
1,2020-12-23,7836,39586,6579,37941,1257,1645,0,0,7831,39629,0.004555,2,7,1e-06,7832,39636,0.004556,8700223
1,2020-12-24,3301,42887,2366,40307,935,2580,0,0,3303,42932,0.004935,0,7,1e-06,3303,42939,0.004935,8700223
1,2020-12-25,236,43123,152,40459,84,2664,0,0,236,43168,0.004962,0,7,1e-06,236,43175,0.004963,8700223
1,2020-12-26,1360,44483,967,41426,393,3057,0,0,1359,44526,0.005118,1,8,1e-06,1359,44534,0.005119,8700223
1,2020-12-27,870,45353,534,41960,336,3393,0,0,870,45395,0.005218,1,9,1e-06,870,45404,0.005219,8700223
1,2020-12-28,7096,52449,4763,46723,2333,5726,0,0,7094,52489,0.006033,0,9,1e-06,7094,52498,0.006034,8700223
1,2020-12-29,8885,61334,4985,51708,3900,9626,0,0,8882,61369,0.007054,2,11,1e-06,8882,61380,0.007055,8700223
1,2020-12-30,11593,72927,6451,58159,5142,14768,0,0,11593,72962,0.008386,0,11,1e-06,11593,72973,0.008387,8700223
1,2020-12-31,5949,78876,1956,60115,3993,18761,0,0,5947,78907,0.00907,3,14,2e-06,5948,78921,0.009071,8700223
1,2021-01-01,579,79455,200,60315,379,19140,0,0,578,79484,0.009136,1,15,2e-06,578,79499,0.009138,8700223
1,2021-01-02,2906,82361,1761,62076,1145,20285,0,0,2908,82392,0.00947,0,15,2e-06,2908,82407,0.009472,8700223
1,2021-01-03,1017,83378,544,62620,473,20758,0,0,1016,83406,0.009587,2,17,2e-06,1016,83423,0.009589,8700223
1,2021-01-04,7341,90719,3581,66201,3760,24518,0,0,7345,90750,0.010431,1,18,2e-06,7345,90768,0.010433,8700223
1,2021-01-05,10817,101536,5218,71419,5599,30117,0,0,10058,100086,0.011504,744,762,8.8e-05,10080,100848,0.011591,8700223
1,2021-01-06,14024,115560,7047,78466,6977,37094,0,0,12123,110356,0.012684,1864,2626,0.000302,12134,112982,0.012986,8700223
1,2021-01-07,17478,133038,9129,87595,8349,45443,0,0,12988,118958,0.013673,4396,7022,0.000807,12998,125980,0.01448,8700223
1,2021-01-08,20165,153203,10460,98055,9705,55148,0,0,14245,127304,0.014632,5906,12928,0.001486,14252,140232,0.016118,8700223
1,2021-01-09,6694,159897,3389,101444,3305,58453,0,0,4844,130308,0.014978,1844,14772,0.001698,4848,145080,0.016675,8700223
1,2021-01-10,3086,162983,1760,103204,1326,59779,0,0,1893,131018,0.015059,1184,15956,0.001834,1894,146974,0.016893,8700223
1,2021-01-11,18073,181056,11839,115043,6234,66013,0,0,11529,136061,0.015639,6525,22481,0.002584,11568,158542,0.018223,8700223
1,2021-01-12,19105,200161,10908,125951,8197,74210,0,0,13130,143291,0.01647,5937,28418,0.003266,13167,171709,0.019736,8700223
1,2021-01-13,19862,220023,10744,136695,9118,83328,0,0,14707,152886,0.017573,5130,33548,0.003856,14725,186434,0.021429,8700223
1,2021-01-14,22090,242113,9522,146217,12568,95896,0,0,19331,169569,0.01949,2700,36248,0.004166,19383,205817,0.023657,8700223
1,2021-01-15,25184,267297,9247,155464,15937,111833,0,0,23236,190958,0.021949,1905,38153,0.004385,23294,229111,0.026334,8700223
1,2021-01-16,13909,281206,4560,160024,9349,121182,0,0,13044,203141,0.023349,864,39017,0.004485,13047,242158,0.027834,8700223
1,2021-01-17,5190,286396,2000,162024,3190,124372,0,0,4823,207603,0.023862,365,39382,0.004527,4827,246985,0.028388,8700223
1,2021-01-18,14312,300708,8583,170607,5729,130101,0,0,11125,215607,0.024782,3174,42556,0.004891,11178,258163,0.029673,8700223
1,2021-01-19,24678,325386,12770,183377,11908,142009,0,0,19530,230060,0.026443,5131,47687,0.005481,19584,277747,0.031924,8700223
1,2021-01-20,29474,354860,14749,198126,14725,156734,0,0,23555,247808,0.028483,5845,53532,0.006153,23593,301340,0.034636,8700223
1,2021-01-21,31230,386090,14581,212707,16649,173383,0,0,27959,272653,0.031339,3205,56737,0.006521,28050,329390,0.03786,8700223
1,2021-01-22,28359,414449,11218,223925,17141,190524,0,0,26310,297013,0.034139,1980,58717,0.006749,26340,355730,0.040887,8700223
1,2021-01-23,18784,433233,8200,232125,10584,201108,0,0,16826,311923,0.035852,1926,60643,0.00697,16836,372566,0.042823,8700223
1,2021-01-24,6671,439904,4157,236282,2514,203622,0,0,6015,317293,0.03647,651,61294,0.007045,6021,378587,0.043515,8700223
1,2021-01-25,25423,465327,10473,246755,14950,218572,0,0,19656,331327,0.038083,5723,67017,0.007703,19757,398344,0.045785,8700223
1,2021-01-26,28644,493971,13359,260114,15285,233857,0,0,21972,346712,0.039851,6607,73624,0.008462,21992,420336,0.048313,8700223
1,2021-01-27,32495,526466,15413,275527,17082,250939,0,0,24370,363059,0.04173,8055,81679,0.009388,24402,444738,0.051118,8700223
1,2021-01-28,34825,561291,16287,291814,18538,269477,0,0,27901,384173,0.044157,6850,88529,0.010175,27964,472702,0.054332,8700223
1,2021-01-29,33527,594818,16321,308135,17206,286683,0,0,26984,404795,0.046527,6398,94927,0.010911,27020,499722,0.057438,8700223
1,2021-01-30,20093,614911,8651,316786,11442,298125,0,0,17992,420723,0.048358,2074,97001,0.011149,18002,517724,0.059507,8700223
1,2021-01-31,7524,622435,4850,321636,2674,300799,0,0,6822,426847,0.049062,700,97701,0.01123,6824,524548,0.060291,8700223
1,2021-02-01,28927,651362,12494,334130,16433,317232,0,0,21165,440307,0.050609,7710,105411,0.012116,21170,545718,0.062725,8700223
1,2021-02-02,32484,683846,11638,345768,20846,338078,0,0,24305,456550,0.052476,8098,113509,0.013047,24341,570059,0.065522,8700223
1,2021-02-03,39629,723475,15185,360953,24444,362522,0,0,28583,474286,0.054514,10884,124393,0.014298,28620,598679,0.068812,8700223
1,2021-02-04,44128,767603,17227,378180,26901,389423,0,0,31943,494214,0.056805,12062,136455,0.015684,31990,630669,0.072489,8700223
1,2021-02-05,46938,814541,17403,395583,29535,418958,0,0,30780,509030,0.058508,16021,152476,0.017526,30837,661506,0.076033,8700223
1,2021-02-06,26509,841050,10485,406068,16024,434982,0,0,20607,523793,0.060205,5861,158337,0.018199,20624,682130,0.078404,8700223
1,2021-02-07,6234,847284,3998,410066,2236,437218,0,0,4629,526856,0.060557,1584,159921,0.018381,4647,686777,0.078938,8700223
1,2021-02-08,31322,878606,14176,424242,17146,454364,0,0,20847,537397,0.061768,10401,170322,0.019577,20942,707719,0.081345,8700223
1,2021-02-09,38387,916993,16758,441000,21629,475993,0,0,23663,546436,0.062807,14701,185023,0.021266,23740,731459,0.084074,8700223
1,2021-02-10,47132,964125,22041,463041,25091,501084,0,0,26771,553024,0.063564,20262,205285,0.023595,26850,758309,0.08716,8700223
1,2021-02-11,51687,1015812,25268,488309,26419,527503,0,0,30902,563566,0.064776,20464,225749,0.025947,31006,789315,0.090724,8700223
1,2021-02-12,49972,1065784,21439,509748,28533,556036,0,0,28701,571263,0.065661,21143,246892,0.028378,28840,818155,0.094038,8700223
1,2021-02-13,26339,1092123,11521,521269,14818,570854,0,0,15221,575510,0.066149,11049,257941,0.029648,15296,833451,0.095797,8700223
1,2021-02-14,11714,1103837,5536,526805,6178,577032,0,0,6671,577229,0.066346,5017,262958,0.030224,6736,840187,0.096571,8700223
1,2021-02-15,23763,1127600,9361,536166,14402,591434,0,0,14457,582609,0.066965,9194,272152,0.031281,14574,854761,0.098246,8700223
1,2021-02-16,46875,1174475,22321,558487,24554,615988,0,0,27537,590997,0.067929,19259,291411,0.033495,27647,882408,0.101424,8700223
1,2021-02-17,48239,1222714,24359,582846,23880,639868,0,0,26093,595231,0.068416,22007,313418,0.036024,26241,908649,0.10444,8700223
1,2021-02-18,51104,1273818,25383,608229,25721,665589,0,0,26565,597715,0.068701,24309,337727,0.038818,26793,935442,0.107519,8700223
1,2021-02-19,46415,1320233,25053,633282,21362,686951,0,0,26118,603731,0.069393,20165,357892,0.041136,26181,961623,0.110529,8700223
1,2021-02-20,27414,1347647,16672,649954,10742,697693,0,0,15705,607860,0.069867,11651,369543,0.042475,15780,977403,0.112342,8700223
1,2021-02-21,12152,1359799,10457,660411,1695,699388,0,0,7395,610604,0.070183,4701,374244,0.043015,7445,984848,0.113198,8700223
1,2021-02-22,31083,1390882,20400,680811,10683,710071,0,0,17937,615573,0.070754,13069,387313,0.044518,18038,1002886,0.115271,8700223
1,2021-02-23,44833,1435715,21669,702480,23164,733235,0,0,24755,620887,0.071364,19803,407116,0.046794,25117,1028003,0.118158,8700223
1,2021-02-24,54187,1489902,26122,728602,28065,761300,0,0,30123,627565,0.072132,23895,431011,0.04954,30573,1058576,0.121672,8700223
1,2021-02-25,65584,1555486,31875,760477,33709,795009,0,0,41063,644726,0.074105,24403,455414,0.052345,41564,1100140,0.12645,8700223
1,2021-02-26,73498,1628984,34475,794952,39023,834032,0,0,48376,668641,0.076853,24937,480351,0.055211,48852,1148992,0.132065,8700223
1,2021-02-27,50210,1679194,23206,818158,26995,861027,9,9,33423,685681,0.078812,16658,497009,0.057126,33698,1182690,0.135938,8700223
1,2021-02-28,19452,1698646,11509,829667,7941,868968,2,11,14325,695084,0.079893,5064,502073,0.057708,14467,1197157,0.137601,8700223
1,2021-03-01,44504,1743150,20401,850068,24063,893031,40,51,28732,708476,0.081432,15615,517688,0.059503,29007,1226164,0.140935,8700223
1,2021-03-02,62313,1805463,27130,877198,35175,928206,8,59,40263,727453,0.083613,21910,539598,0.062021,40887,1267051,0.145634,8700223
1,2021-03-03,70170,1875633,33566,910764,36582,964788,22,81,42975,744001,0.085515,27045,566643,0.06513,43593,1310644,0.150645,8700223
1,2021-03-04,78460,1954093,36991,947755,41433,1006221,36,117,50718,767696,0.088239,27569,594212,0.068298,51264,1361908,0.156537,8700223
1,2021-03-05,77550,2031643,35158,982913,42186,1048407,206,323,52021,795244,0.091405,25306,619518,0.071207,52854,1414762,0.162612,8700223
1,2021-03-06,57325,2088968,27390,1010303,28589,1076996,1346,1669,39022,817742,0.093991,18233,637751,0.073303,40731,1455493,0.167294,8700223
1,2021-03-07,20200,2109168,12867,1023170,6521,1083517,812,2481,15176,828993,0.095284,5001,642752,0.073878,16252,1471745,0.169162,8700223
1,2021-03-08,45743,2154911,22480,1045650,21390,1104907,1873,4354,32145,849844,0.097681,13503,656255,0.07543,34354,1506099,0.17311,8700223
1,2021-03-09,66573,2221484,32188,1077838,31909,1136816,2476,6830,41004,868220,0.099793,25447,681702,0.078355,43823,1549922,0.178147,8700223
1,2021-03-10,73445,2294929,36613,1114451,32372,1169188,4460,11290,45254,890208,0.10232,28095,709797,0.081584,50083,1600005,0.183904,8700223
1,2021-03-11,90048,2384977,41296,1155747,40751,1209939,8001,19291,52499,913840,0.105036,37333,747130,0.085875,60965,1660970,0.190911,8700223
1,2021-03-12,98847,2483824,43545,1199292,42876,1252815,12426,31717,57758,943603,0.108457,40889,788019,0.090575,70652,1731622,0.199032,8700223
1,2021-03-13,65278,2549102,29470,1228762,28042,1280857,7766,39483,41578,969708,0.111458,23572,811591,0.093284,49677,1781299,0.204742,8700223
1,2021-03-14,27847,2576949,14919,1243681,9354,1290211,3574,43057,15609,976916,0.112286,12170,823761,0.094683,19378,1800677,0.206969,8700223
1,2021-03-15,65273,2642222,28760,1272441,29774,1319985,6739,49796,38532,996015,0.114482,26537,850298,0.097733,45636,1846313,0.212214,8700223
1,2021-03-16,85738,2727960,39051,1311492,41037,1361022,5650,55446,53273,1023043,0.117588,32256,882554,0.10144,59284,1905597,0.219029,8700223
1,2021-03-17,92865,2820825,45273,1356765,41024,1402046,6568,62014,59889,1057088,0.121501,32779,915333,0.105208,66824,1972421,0.226709,8700223
1,2021-03-18,98746,2919571,50896,1407661,42106,1444152,5744,67758,60181,1085278,0.124741,38230,953563,0.109602,66420,2038841,0.234344,8700223
1,2021-03-19,103497,3023068,53613,1461274,43582,1487734,6302,74060,61054,1110976,0.127695,42174,995737,0.11445,67872,2106713,0.242145,8700223
1,2021-03-20,72391,3095459,37180,1498454,29944,1517678,5267,79327,46692,1137702,0.130767,25514,1021251,0.117382,52240,2158953,0.248149,8700223
1,2021-03-21,27179,3122638,18984,1517438,6380,1524058,1815,81142,17095,1146713,0.131803,9997,1031248,0.118531,19008,2177961,0.250334,8700223
1,2021-03-22,59212,3181850,30550,1547988,25389,1549447,3273,84415,40161,1171679,0.134672,18843,1050091,0.120697,43809,2221770,0.255369,8700223
1,2021-03-23,82994,3264844,42246,1590234,37130,1586577,3618,88033,51328,1195649,0.137427,31440,1081531,0.124311,55410,2277180,0.261738,8700223
1,2021-03-24,87841,3352685,44499,1634733,38981,1625558,4361,92394,52793,1218196,0.140019,34778,1116309,0.128308,57325,2334505,0.268327,8700223
1,2021-03-25,96669,3449354,49400,1684133,41442,1667000,5827,98221,54075,1236022,0.142068,42289,1158598,0.133169,60115,2394620,0.275237,8700223
1,2021-03-26,104412,3553766,51007,1735140,47068,1714068,6337,104558,56488,1251553,0.143853,47595,1206193,0.138639,63126,2457746,0.282492,8700223
1,2021-03-27,73900,3627666,38209,1773349,31498,1745566,4193,108751,38262,1258796,0.144685,35414,1241607,0.14271,42657,2500403,0.287395,8700223
1,2021-03-28,32586,3660252,21337,1794686,10036,1755602,1213,109964,16495,1260963,0.144935,15990,1257597,0.144548,18157,2518560,0.289482,8700223
1,2021-03-29,66993,3727245,33281,1827967,30548,1786150,3164,113128,37130,1271785,0.146178,29676,1287273,0.147959,40498,2559058,0.294137,8700223
1,2021-03-30,91795,3819040,45271,1873238,40151,1826301,6373,119501,47338,1281307,0.147273,44280,1331553,0.153048,53802,2612860,0.300321,8700223
1,2021-03-31,100555,3919595,52582,1925820,41831,1868132,6142,125643,55303,1297869,0.149177,44954,1376507,0.158215,61516,2674376,0.307392,8700223
1,2021-04-01,111630,4031225,53438,1979258,49402,1917534,8790,134433,57029,1309544,0.150518,54201,1430708,0.164445,65876,2740252,0.314963,8700223
1,2021-04-02,111119,4142344,50884,2030142,50549,1968083,9686,144119,56552,1321848,0.151933,54141,1484849,0.170668,66445,2806697,0.322601,8700223
1,2021-04-03,77972,4220316,39236,2069378,29102,1997185,9634,153753,36502,1326762,0.152497,41294,1526143,0.175414,46208,2852905,0.327912,8700223
1,2021-04-04,23708,4244024,11808,2081186,8439,2005624,3461,157214,9934,1326441,0.152461,13708,1539851,0.17699,13387,2866292,0.32945,8700223
1,2021-04-05,76259,4320283,36806,2117992,30220,2035844,9233,166447,34463,1328709,0.152721,41602,1581453,0.181772,43870,2910162,0.334493,8700223
1,2021-04-06,103562,4423845,49199,2167191,37761,2073605,16602,183049,46852,1335759,0.153532,56446,1637899,0.188259,63496,2973658,0.341791,8700223
1,2021-04-07,111651,4535496,54305,2221496,39830,2113435,17516,200565,50398,1342747,0.154335,60957,1698856,0.195266,67945,3041603,0.349601,8700223
1,2021-04-08,121975,4657471,57794,2279290,43256,2156691,20925,221490,53928,1350023,0.155171,67647,1766503,0.203041,74923,3116526,0.358212,8700223
1,2021-04-09,123316,4780787,56412,2335702,46156,2202847,20748,242238,54212,1356299,0.155892,68747,1835250,0.210943,75023,3191549,0.366835,8700223
1,2021-04-10,95481,4876268,42448,2378150,30347,2233194,22686,264924,37266,1358225,0.156114,58016,1893266,0.217611,59942,3251491,0.373725,8700223
1,2021-04-11,36290,4912558,20293,2398443,9365,2242559,6632,271556,14785,1358306,0.156123,21445,1914711,0.220076,21526,3273017,0.376199,8700223
1,2021-04-12,74189,4986747,33202,2431645,31012,2273571,9975,281531,31403,1357336,0.156012,42504,1957215,0.224961,41534,3314551,0.380973,8700223
1,2021-04-13,97090,5083837,52021,2483666,44730,2318301,339,281870,52457,1366123,0.157022,44352,2001567,0.230059,53139,3367690,0.387081,8700223
1,2021-04-14,104853,5188690,54331,2537997,50451,2368752,71,281941,53399,1368869,0.157337,51096,2052663,0.235932,53842,3421532,0.393269,8700223
1,2021-04-15,106097,5294787,57744,2595741,48262,2417014,91,282032,56762,1377127,0.158286,48764,2101427,0.241537,57022,3478554,0.399824,8700223
1,2021-04-16,110494,5405281,56774,2652515,53632,2470646,88,282120,55417,1378257,0.158416,54558,2155985,0.247808,55688,3534242,0.406224,8700223
1,2021-04-17,83374,5488655,45305,2697820,38057,2508703,12,282132,46822,1388924,0.159642,36330,2192315,0.251984,46997,3581239,0.411626,8700223
1,2021-04-18,30121,5518776,20377,2718197,9737,2518440,7,282139,15220,1389537,0.159713,14815,2207130,0.253687,15428,3596667,0.413399,8700223
1,2021-04-19,67054,5585830,33969,2752166,33072,2551512,13,282152,30505,1383977,0.159074,36206,2243336,0.257848,30646,3627313,0.416922,8700223
1,2021-04-20,88365,5674195,44545,2796711,43796,2595308,24,282176,41646,1379464,0.158555,46385,2289721,0.26318,41872,3669185,0.421735,8700223
1,2021-04-21,97136,5771331,50635,2847346,46404,2641712,97,282273,43752,1370694,0.157547,52852,2342573,0.269254,44082,3713267,0.426801,8700223
1,2021-04-22,96649,5867980,50415,2897761,46218,2687930,16,282289,44443,1363637,0.156736,51734,2394307,0.275201,44677,3757944,0.431937,8700223
1,2021-04-23,101231,5969211,52281,2950042,48925,2736855,25,282314,48434,1360013,0.156319,52308,2446615,0.281213,48684,3806628,0.437532,8700223
1,2021-04-24,75294,6044505,46687,2996729,28582,2765437,25,282339,42714,1370527,0.157528,32477,2479092,0.284946,42991,3849619,0.442474,8700223
1,2021-04-25,26951,6071456,17157,3013886,9781,2775218,13,282352,15419,1374674,0.158004,11423,2490515,0.286259,15570,3865189,0.444263,8700223
1,2021-04-26,65901,6137357,34614,3048500,30887,2806105,400,282752,31478,1372757,0.157784,34134,2524649,0.290182,32217,3897406,0.447966,8700223
1,2021-04-27,81096,6218453,43129,3091629,36668,2842773,1299,284051,35503,1364585,0.156845,45316,2569965,0.295391,37144,3934550,0.452236,8700223
1,2021-04-28,80677,6299130,42916,3134545,36276,2879049,1485,285536,35699,1357347,0.156013,44650,2614615,0.300523,37412,3971962,0.456536,8700223
1,2021-04-29,83756,6382886,46079,3180624,36069,2915118,1608,287144,34659,1345001,0.154594,48774,2663389,0.306129,36428,4008390,0.460723,8700223
1,2021-04-30,91354,6474240,49543,3230167,39959,2955077,1852,288996,38631,1333238,0.153242,52416,2715805,0.312153,40653,4049043,0.465395,8700223
1,2021-05-01,62165,6536405,40175,3270342,20580,2975657,1410,290406,26233,1325381,0.152339,35722,2751527,0.316259,27865,4076908,0.468598,8700223
1,2021-05-02,23212,6559617,16403,3286745,6234,2981891,575,290981,9397,1321673,0.151913,13708,2765235,0.317835,10000,4086908,0.469747,8700223
1,2021-05-03,55548,6615165,30707,3317452,23003,3004894,1838,292819,20548,1309338,0.150495,34776,2800011,0.321832,22441,4109349,0.472327,8700223
1,2021-05-04,74945,6690110,43159,3360611,29705,3034599,2081,294900,27263,1291366,0.148429,47405,2847416,0.327281,29433,4138782,0.47571,8700223
1,2021-05-05,77153,6767263,44768,3405379,30091,3064690,2294,297194,26413,1269738,0.145943,50420,2897836,0.333076,28792,4167574,0.479019,8700223
1,2021-05-06,78336,6845599,47433,3452812,28735,3093425,2168,299362,24627,1243337,0.142909,53350,2951186,0.339208,26949,4194523,0.482117,8700223
1,2021-05-07,82364,6927963,46814,3499626,33358,3126783,2192,301554,27718,1219073,0.14012,54239,3005425,0.345442,29975,4224498,0.485562,8700223
1,2021-05-08,56590,6984553,35503,3535129,19452,3146235,1635,303189,19353,1203231,0.138299,36924,3042349,0.349686,21082,4245580,0.487985,8700223
1,2021-05-09,18134,7002687,13048,3548177,4613,3150848,473,303662,5552,1196787,0.137558,12505,3054854,0.351124,6061,4251641,0.488682,8700223
1,2021-05-10,43658,7046345,22077,3570254,19779,3170627,1802,305464,14820,1184923,0.136195,28582,3083436,0.354409,16718,4268359,0.490603,8700223
1,2021-05-11,61628,7107973,33443,3603697,26050,3196677,2135,307599,20445,1166709,0.134101,40916,3124352,0.359112,22702,4291061,0.493213,8700223
1,2021-05-12,62115,7170088,33113,3636810,26993,3223670,2009,309608,20485,1147942,0.131944,41331,3165683,0.363862,22564,4313625,0.495806,8700223
1,2021-05-13,66094,7236182,38796,3675606,25318,3248988,1980,311588,25203,1134872,0.130442,40533,3206216,0.368521,27463,4341088,0.498963,8700223
1,2021-05-14,75723,7311905,45685,3721291,27654,3276642,2384,313972,30715,1123621,0.129149,44629,3250845,0.373651,33378,4374466,0.502799,8700223
1,2021-05-15,65889,7377794,43251,3764542,20903,3297545,1735,315707,26319,1112456,0.127865,39291,3290136,0.378167,28126,4402592,0.506032,8700223
1,2021-05-16,24824,7402618,18281,3782823,5922,3303467,621,316328,10189,1108786,0.127443,14525,3304661,0.379836,10855,4413447,0.50728,8700223
1,2021-05-17,53867,7456485,32964,3815787,19145,3322612,1758,318086,22947,1102881,0.126765,30671,3335332,0.383362,24766,4438213,0.510126,8700223
1,2021-05-18,64678,7521163,38993,3854780,23867,3346479,1818,319904,28110,1096589,0.126041,36305,3371637,0.387535,30013,4468226,0.513576,8700223
1,2021-05-19,65971,7587134,40192,3894972,23860,3370339,1919,321823,29486,1091871,0.125499,36212,3407849,0.391697,31494,4499720,0.517196,8700223
1,2021-05-20,63848,7650982,37074,3932046,24597,3394936,2177,324000,26295,1083318,0.124516,37227,3445076,0.395976,28674,4528394,0.520492,8700223
1,2021-05-21,69596,7720578,41590,3973636,26157,3421093,1849,325849,28789,1073643,0.123404,40412,3485488,0.400621,30737,4559131,0.524025,8700223
1,2021-05-22,55515,7776093,36507,4010143,17299,3438392,1709,327558,24250,1068687,0.122834,31012,3516500,0.404185,26056,4585187,0.527019,8700223
1,2021-05-23,20144,7796237,14184,4024327,5373,3443765,587,328145,9418,1068091,0.122766,10625,3527125,0.405406,10029,4595216,0.528172,8700223
1,2021-05-24,43525,7839762,24296,4048623,17411,3461176,1818,329963,17688,1062086,0.122076,25594,3552719,0.408348,19589,4614805,0.530424,8700223
1,2021-05-25,50603,7890365,29150,4077773,19783,3480959,1670,331633,21009,1055543,0.121324,29323,3582042,0.411718,22780,4637585,0.533042,8700223
1,2021-05-26,48264,7938629,27386,4105159,18986,3499945,1892,333525,20494,1050508,0.120745,27467,3609509,0.414875,22432,4660017,0.53562,8700223
1,2021-05-27,46758,7985387,26277,4131436,18600,3518545,1881,335406,20117,1046266,0.120257,26357,3635866,0.417905,22115,4682132,0.538162,8700223
1,2021-05-28,52140,8037527,29009,4160445,21328,3539873,1803,337209,23381,1043123,0.119896,28452,3664318,0.421175,25309,4707441,0.541071,8700223
1,2021-05-29,30398,8067925,18385,4178830,11053,3550926,960,338169,14495,1042887,0.119869,15747,3680065,0.422985,15511,4722952,0.542854,8700223
1,2021-05-30,11579,8079504,7475,4186305,3556,3554482,548,338717,5477,1042905,0.119871,6031,3686096,0.423678,6049,4729001,0.543549,8700223
1,2021-05-31,5679,8085183,3238,4189543,2191,3556673,250,338967,1987,1041519,0.119712,3636,3689732,0.424096,2250,4731251,0.543808,8700223
1,2021-06-01,45622,8130805,25793,4215336,18272,3574945,1557,340524,17335,1032502,0.118675,27986,3717718,0.427313,18969,4750220,0.545988,8700223
1,2021-06-02,39806,8170611,23104,4238440,15200,3590145,1502,342026,16055,1026665,0.118004,23467,3741185,0.43001,17630,4767850,0.548015,8700223
1,2021-06-03,41132,8211743,25766,4264206,13681,3603826,1685,343711,15766,1019119,0.117137,25072,3766257,0.432892,17526,4785376,0.550029,8700223
1,2021-06-04,49915,8261658,31964,4296170,16153,3619979,1798,345509,17889,1007181,0.115765,31703,3797960,0.436536,19765,4805141,0.552301,8700223
1,2021-06-05,40135,8301793,27399,4323569,10746,3630725,1990,347499,14141,997592,0.114663,25775,3823735,0.439499,16186,4821327,0.554161,8700223
1,2021-06-06,13070,8314863,10468,4334037,2102,3632827,500,347999,4544,994249,0.114279,8448,3832183,0.44047,5105,4826432,0.554748,8700223
1,2021-06-07,33839,8348702,23351,4357388,9144,3641971,1344,349343,12040,986090,0.113341,21597,3853780,0.442952,13438,4839870,0.556293,8700223
1,2021-06-08,42065,8390767,29123,4386511,11307,3653278,1635,350978,14655,975324,0.112103,27150,3880930,0.446072,16384,4856254,0.558176,8700223
1,2021-06-09,41921,8432688,29101,4415612,11197,3664475,1623,352601,13685,962752,0.110658,27942,3908872,0.449284,15370,4871624,0.559942,8700223
1,2021-06-10,38833,8471521,26224,4441836,10940,3675415,1669,354270,13382,952694,0.109502,25218,3934090,0.452183,15160,4886784,0.561685,8700223
1,2021-06-11,43452,8514973,28781,4470617,13015,3688430,1656,355926,15420,942115,0.108286,27736,3961826,0.455371,17157,4903941,0.563657,8700223
1,2021-06-12,33564,8548537,24290,4494907,8082,3696512,1192,357118,11066,932147,0.107141,22297,3984123,0.457933,12329,4916270,0.565074,8700223
1,2021-06-13,11615,8560152,8430,4503337,2703,3699215,482,357600,3409,927934,0.106656,8139,3992262,0.458869,3926,4920196,0.565525,8700223
1,2021-06-14,30662,8590814,20654,4523991,8716,3707931,1292,358892,11460,921710,0.105941,19014,4011276,0.461054,12790,4932986,0.566995,8700223
1,2021-06-15,36981,8627795,24253,4548244,10878,3718809,1850,360742,13695,914316,0.105091,23032,4034308,0.463702,15638,4948624,0.568793,8700223
1,2021-06-16,35182,8662977,23750,4571994,9601,3728410,1831,362573,13187,907650,0.104325,21749,4056057,0.466201,15083,4963707,0.570526,8700223
1,2021-06-17,33304,8696281,22019,4594013,9327,3737737,1958,364531,13029,902681,0.103754,20048,4076105,0.468506,15079,4978786,0.57226,8700223
1,2021-06-18,39099,8735380,25350,4619363,10911,3748648,2838,367369,15181,897100,0.103112,23659,4099764,0.471225,18078,4996864,0.574337,8700223
1,2021-06-19,23696,8759076,16420,4635783,6079,3754727,1197,368566,9803,894406,0.102803,13728,4113492,0.472803,11034,5007898,0.575606,8700223
1,2021-06-20,8060,8767136,5886,4641669,1900,3756627,274,368840,3193,893079,0.10265,4804,4118296,0.473355,3477,5011375,0.576005,8700223
1,2021-06-21,20759,8787895,11753,4653422,6830,3763457,2176,371016,10831,896310,0.103021,9824,4128120,0.474484,13055,5024430,0.577506,8700223
1,2021-06-22,30511,8818406,19944,4673366,8454,3771911,2113,373129,12849,893878,0.102742,17467,4145587,0.476492,15035,5039465,0.579234,8700223
1,2021-06-23,29115,8847521,19545,4692911,7762,3779673,1808,374937,12731,892261,0.102556,16188,4161775,0.478353,14571,5054036,0.580909,8700223
1,2021-06-24,27918,8875439,18626,4711537,7653,3787326,1639,376576,11866,889959,0.102292,15872,4177647,0.480177,13570,5067606,0.582469,8700223
1,2021-06-25,31349,8906788,21311,4732848,8644,3795970,1394,377970,13818,887910,0.102056,17315,4194962,0.482167,15266,5082872,0.584223,8700223
1,2021-06-26,22095,8928883,16417,4749265,4874,3800844,804,378774,9654,886090,0.101847,12327,4207289,0.483584,10507,5093379,0.585431,8700223
1,2021-06-27,9069,8937952,6750,4756015,1901,3802745,418,379192,4060,885633,0.101794,4952,4212241,0.484153,4495,5097874,0.585948,8700223
1,2021-06-28,20804,8958756,15460,4771475,4087,3806832,1257,380449,9653,885600,0.10179,10994,4223235,0.485417,10961,5108835,0.587207,8700223
1,2021-06-29,26177,8984933,17913,4789388,6921,3813753,1343,381792,11525,884044,0.101612,14485,4237720,0.487082,12929,5121764,0.588693,8700223
1,2021-06-30,25046,9009979,17399,4806787,6626,3820379,1021,382813,11882,884034,0.10161,12983,4250703,0.488574,12973,5134737,0.590185,8700223
1,2021-07-01,22620,9032599,15785,4822572,5623,3826002,1212,384025,10456,883752,0.101578,12028,4262731,0.489957,11746,5146483,0.591535,8700223
1,2021-07-02,18057,9050656,12392,4834964,4946,3830948,719,384744,8173,882942,0.101485,9755,4272486,0.491078,8945,5155428,0.592563,8700223
2,2020-12-15,242,242,242,242,0,0,0,0,242,242,2.9e-05,0,0,0.0,242,242,2.9e-05,8407551
2,2020-12-16,2092,2334,2092,2334,0,0,0,0,2091,2333,0.000277,0,0,0.0,2091,2333,0.000277,8407551
2,2020-12-17,6843,9177,6843,9177,0,0,0,0,6844,9177,0.001092,0,0,0.0,6844,9177,0.001092,8407551
2,2020-12-18,11079,20256,11059,20236,20,20,0,0,11079,20256,0.002409,0,0,0.0,11079,20256,0.002409,8407551
2,2020-12-19,5617,25873,5611,25847,6,26,0,0,5618,25874,0.003077,0,0,0.0,5618,25874,0.003077,8407551
2,2020-12-20,4257,30130,4247,30094,10,36,0,0,4252,30125,0.003583,1,1,0.0,4252,30126,0.003583,8407551
2,2020-12-21,12774,42904,12749,42843,25,61,0,0,12729,42854,0.005097,0,1,0.0,12729,42855,0.005097,8407551
2,2020-12-22,12157,55061,11645,54488,512,573,0,0,12157,55011,0.006543,0,1,0.0,12157,55012,0.006543,8407551
2,2020-12-23,11695,66756,9480,63968,2215,2788,0,0,11697,66708,0.007934,1,2,0.0,11698,66710,0.007935,8407551
2,2020-12-24,5910,72666,3497,67465,2413,5201,0,0,5906,72613,0.008637,3,5,1e-06,5908,72618,0.008637,8407551
2,2020-12-25,481,73147,403,67868,78,5279,0,0,483,73096,0.008694,0,5,1e-06,483,73101,0.008695,8407551
2,2020-12-26,2563,75710,1669,69537,894,6173,0,0,2564,75659,0.008999,1,6,1e-06,2564,75665,0.009,8407551
2,2020-12-27,2224,77934,1209,70746,1015,7188,0,0,2221,77878,0.009263,2,8,1e-06,2221,77886,0.009264,8407551
2,2020-12-28,11023,88957,7164,77910,3859,11047,0,0,11023,88900,0.010574,1,9,1e-06,11023,88909,0.010575,8407551
2,2020-12-29,12732,101689,7153,85063,5579,16626,0,0,12736,101636,0.012089,0,9,1e-06,12736,101645,0.01209,8407551
2,2020-12-30,15433,117122,8664,93727,6769,23395,0,0,15428,117061,0.013923,5,14,2e-06,15430,117075,0.013925,8407551
2,2020-12-31,7573,124695,2831,96558,4742,28137,0,0,7566,124622,0.014823,5,19,2e-06,7566,124641,0.014825,8407551
2,2021-01-01,1211,125906,588,97146,623,28760,0,0,1213,125832,0.014967,3,22,3e-06,1213,125854,0.014969,8407551
2,2021-01-02,4849,130755,2770,99916,2079,30839,0,0,4844,130674,0.015542,2,24,3e-06,4844,130698,0.015545,8407551
2,2021-01-03,1387,132142,791,100707,596,31435,0,0,1381,132052,0.015706,3,27,3e-06,1381,132079,0.01571,8407551
2,2021-01-04,11665,143807,5560,106267,6105,37540,0,0,11653,143702,0.017092,3,30,4e-06,11653,143732,0.017096,8407551
2,2021-01-05,13876,157683,6924,113191,6952,44492,0,0,12677,155221,0.018462,1192,1222,0.000145,12711,156443,0.018607,8407551
2,2021-01-06,18968,176651,10455,123646,8513,53005,0,0,15200,166713,0.019829,3717,4939,0.000587,15209,171652,0.020416,8407551
2,2021-01-07,23235,199886,13114,136760,10121,63126,0,0,15600,174686,0.020777,7642,12581,0.001496,15615,187267,0.022274,8407551
2,2021-01-08,26670,226556,16214,152974,10456,73582,0,0,16393,180873,0.021513,10229,22810,0.002713,16416,203683,0.024226,8407551
2,2021-01-09,9836,236392,5743,158717,4093,77675,0,0,6280,183597,0.021837,3563,26373,0.003137,6287,209970,0.024974,8407551
2,2021-01-10,5339,241731,2970,161687,2369,80044,0,0,3087,184426,0.021936,2263,28636,0.003406,3092,213062,0.025342,8407551
2,2021-01-11,26132,267863,17993,179680,8139,88183,0,0,15068,188460,0.022416,11084,39720,0.004724,15118,228180,0.02714,8407551
2,2021-01-12,26238,294101,16322,196002,9916,98099,0,0,16687,195655,0.023271,9574,49294,0.005863,16769,244949,0.029134,8407551
2,2021-01-13,28595,322696,15174,211176,13421,111520,0,0,20633,208361,0.024783,7954,57248,0.006809,20660,265609,0.031592,8407551
2,2021-01-14,30316,353012,11486,222662,18830,130350,0,0,26061,230216,0.027382,4276,61524,0.007318,26131,291740,0.0347,8407551
2,2021-01-15,35173,388185,12835,235497,22338,152688,0,0,31898,258923,0.030796,3279,64803,0.007708,31986,323726,0.038504,8407551
2,2021-01-16,17695,405880,5623,241120,12072,164760,0,0,16364,273949,0.032584,1349,66152,0.007868,16375,340101,0.040452,8407551
2,2021-01-17,10682,416562,3632,244752,7050,171810,0,0,9955,283167,0.03368,745,66897,0.007957,9963,350064,0.041637,8407551
2,2021-01-18,19713,436275,11020,255772,8693,180503,0,0,14915,293324,0.034888,4816,71713,0.00853,14973,365037,0.043418,8407551
2,2021-01-19,32489,468764,16874,272646,15615,196118,0,0,24495,309940,0.036864,7992,79705,0.00948,24608,389645,0.046345,8407551
2,2021-01-20,37647,506411,18992,291638,18655,214773,0,0,29033,330480,0.039308,8584,88289,0.010501,29124,418769,0.049809,8407551
2,2021-01-21,40923,547334,17421,309059,23502,238275,0,0,36447,362650,0.043134,4448,92737,0.01103,36618,455387,0.054164,8407551
2,2021-01-22,39572,586906,16546,325605,23026,261301,0,0,36232,395546,0.047047,3362,96099,0.01143,36258,491645,0.058477,8407551
2,2021-01-23,24113,611019,10785,336390,13328,274629,0,0,21136,413754,0.049212,2958,99057,0.011782,21166,512811,0.060994,8407551
2,2021-01-24,12441,623460,6113,342503,6328,280957,0,0,11518,424378,0.050476,906,99963,0.01189,11530,524341,0.062365,8407551
2,2021-01-25,33924,657384,15681,358184,18243,299200,0,0,25110,440860,0.052436,8765,108728,0.012932,25247,549588,0.065368,8407551
2,2021-01-26,40526,697910,19940,378124,20586,319786,0,0,31380,463196,0.055093,9126,117854,0.014018,31462,581050,0.06911,8407551
2,2021-01-27,45936,743846,22918,401042,23018,342804,0,0,35681,488800,0.058138,10135,127989,0.015223,35739,616789,0.073361,8407551
2,2021-01-28,48243,792089,22753,423795,25490,368294,0,0,39549,519786,0.061824,8635,136624,0.01625,39621,656410,0.078074,8407551
2,2021-01-29,45847,837936,22302,446097,23545,391839,0,0,37089,548295,0.065215,8644,145268,0.017278,37153,693563,0.082493,8407551
2,2021-01-30,31644,869580,13700,459797,17944,409783,0,0,28244,573210,0.068178,3363,148631,0.017678,28278,721841,0.085856,8407551
2,2021-01-31,17580,887160,10610,470407,6970,416753,0,0,16370,588411,0.069986,1189,149820,0.01782,16390,738231,0.087806,8407551
2,2021-02-01,41211,928371,19894,490301,21317,438070,0,0,30174,607632,0.072272,10990,160810,0.019127,30211,768442,0.091399,8407551
2,2021-02-02,48050,976421,19631,509932,28419,466489,0,0,36536,632819,0.075268,11444,172254,0.020488,36631,805073,0.095756,8407551
2,2021-02-03,54427,1030848,24263,534195,30164,496653,0,0,40178,658942,0.078375,14147,186401,0.022171,40270,845343,0.100546,8407551
2,2021-02-04,56305,1087153,24373,558568,31932,528585,0,0,41176,685193,0.081497,15024,201425,0.023958,41275,886618,0.105455,8407551
2,2021-02-05,60043,1147196,26454,585022,33589,562174,0,0,40641,706804,0.084068,19206,220631,0.026242,40817,927435,0.11031,8407551
2,2021-02-06,39067,1186263,18205,603227,20862,583036,0,0,31384,730679,0.086907,7600,228231,0.027146,31475,958910,0.114053,8407551
2,2021-02-07,16003,1202266,10712,613939,5291,588327,0,0,12145,739061,0.087904,3832,232063,0.027602,12214,971124,0.115506,8407551
2,2021-02-08,43521,1245787,22410,636349,21111,609438,0,0,29953,755805,0.089896,13418,245481,0.029198,30162,1001286,0.119094,8407551
2,2021-02-09,49482,1295269,23474,659823,26008,635446,0,0,30673,768341,0.091387,18466,263947,0.031394,31002,1032288,0.122781,8407551
2,2021-02-10,59856,1355125,28220,688043,31636,667082,0,0,34621,778376,0.092581,24940,288887,0.03436,34975,1067263,0.126941,8407551
2,2021-02-11,64446,1419571,29854,717897,34592,701674,0,0,36029,786800,0.093583,28101,316988,0.037703,36525,1103788,0.131285,8407551
2,2021-02-12,65471,1485042,28226,746123,37245,738919,0,0,34746,791802,0.094177,30400,347388,0.041319,35402,1139190,0.135496,8407551
2,2021-02-13,38101,1523143,15934,762057,22167,761086,0,0,22047,798273,0.094947,15953,363341,0.043216,22424,1161614,0.138163,8407551
2,2021-02-14,20092,1543235,9436,771493,10656,771742,0,0,11268,801130,0.095287,8772,372113,0.044259,11629,1173243,0.139546,8407551
2,2021-02-15,33282,1576517,15093,786586,18189,789931,0,0,18411,805658,0.095826,14740,386853,0.046013,19268,1192511,0.141838,8407551
2,2021-02-16,56464,1632981,27860,814446,28604,818535,0,0,29716,809397,0.09627,26647,413500,0.049182,30386,1222897,0.145452,8407551
2,2021-02-17,62065,1695046,32158,846604,29907,848442,0,0,30707,809657,0.096301,31275,444775,0.052902,31535,1254432,0.149203,8407551
2,2021-02-18,66552,1761598,33797,880401,32755,881197,0,0,32306,809112,0.096236,33998,478773,0.056946,33453,1287885,0.153182,8407551
2,2021-02-19,60064,1821662,33527,913928,26537,907734,0,0,29646,809135,0.096239,30225,508998,0.060541,30248,1318133,0.15678,8407551
2,2021-02-20,38030,1859692,24793,938721,13237,920971,0,0,20473,812828,0.096678,17461,526459,0.062617,21154,1339287,0.159296,8407551
2,2021-02-21,22026,1881718,17916,956637,4110,925081,0,0,10751,813193,0.096722,11189,537648,0.063948,11554,1350841,0.16067,8407551
2,2021-02-22,38957,1920675,26723,983360,12234,937315,0,0,18442,811916,0.09657,20391,558039,0.066374,19114,1369955,0.162943,8407551
2,2021-02-23,53261,1973936,27291,1010651,25970,963285,0,0,23289,807368,0.096029,29732,587771,0.06991,25184,1395139,0.165939,8407551
2,2021-02-24,69638,2043574,35875,1046526,33763,997048,0,0,31977,804222,0.095655,37491,625262,0.074369,34345,1429484,0.170024,8407551
2,2021-02-25,74819,2118393,35311,1081837,39508,1036556,0,0,38103,808654,0.096182,36484,661746,0.078709,40916,1470400,0.17489,8407551
2,2021-02-26,82778,2201171,35352,1117189,47426,1083982,0,0,44679,817706,0.097259,37821,699567,0.083207,46873,1517273,0.180466,8407551
2,2021-02-27,60568,2261739,28074,1145263,32487,1116469,7,7,33081,824860,0.098109,27267,726834,0.08645,34421,1551694,0.18456,8407551
2,2021-02-28,29973,2291712,17931,1163194,12041,1128510,1,8,17525,830874,0.098825,12344,739178,0.087918,18358,1570052,0.186743,8407551
2,2021-03-01,57256,2348968,30104,1193298,27113,1155623,39,47,31117,837364,0.099597,25859,765037,0.090994,32349,1602401,0.190591,8407551
2,2021-03-02,68101,2417069,32755,1226053,35338,1190961,8,55,38540,848842,0.100962,29406,794443,0.094492,40884,1643285,0.195453,8407551
2,2021-03-03,79978,2497047,38840,1264893,41124,1232085,14,69,45207,862064,0.102534,34567,829010,0.098603,47789,1691074,0.201138,8407551
2,2021-03-04,87759,2584806,43284,1308177,44445,1276530,30,99,50559,878061,0.104437,36969,865979,0.103,52966,1744040,0.207437,8407551
2,2021-03-05,81343,2666149,38313,1346490,42723,1319253,307,406,49777,899163,0.106947,31357,897336,0.10673,52459,1796499,0.213677,8407551
2,2021-03-06,62592,2728741,30597,1377087,30308,1349561,1687,2093,38539,916898,0.109056,23927,921263,0.109576,41662,1838161,0.218632,8407551
2,2021-03-07,27771,2756512,16188,1393275,10605,1360166,978,3071,17848,926974,0.110255,9858,931121,0.110748,19934,1858095,0.221003,8407551
2,2021-03-08,50346,2806858,23143,1416418,24731,1384897,2472,5543,31729,944306,0.112316,18505,949626,0.112949,35837,1893932,0.225266,8407551
2,2021-03-09,70267,2877125,32078,1448496,34400,1419297,3789,9332,38947,957197,0.11385,31194,980820,0.116659,44085,1938017,0.230509,8407551
2,2021-03-10,78190,2955315,37001,1485497,34638,1453935,6551,15883,41507,970112,0.115386,36477,1017297,0.120998,49392,1987409,0.236384,8407551
2,2021-03-11,93083,3048398,42970,1528467,41752,1495687,8361,24244,48588,984275,0.11707,44192,1061489,0.126254,58355,2045764,0.243325,8407551
2,2021-03-12,93947,3142345,38638,1567105,43313,1539000,11996,36240,46765,997534,0.118647,46938,1108427,0.131837,60197,2105961,0.250484,8407551
2,2021-03-13,69173,3211518,28926,1596031,32332,1571332,7915,44155,38107,1013918,0.120596,30937,1139364,0.135517,47321,2153282,0.256113,8407551
2,2021-03-14,37019,3248537,18286,1614317,14208,1585540,4525,48680,18593,1019468,0.121256,18322,1157686,0.137696,23872,2177154,0.258952,8407551
2,2021-03-15,67428,3315965,30425,1644742,31952,1617492,5051,53731,37232,1032872,0.122851,29977,1187663,0.141261,43381,2220535,0.264112,8407551
2,2021-03-16,86211,3402176,38160,1682902,44037,1661529,4014,57745,52272,1056522,0.125663,33766,1221429,0.145278,57416,2277951,0.270941,8407551
2,2021-03-17,92558,3494734,44319,1727221,44080,1705609,4159,61904,58869,1086966,0.129284,33429,1254858,0.149254,63873,2341824,0.278538,8407551
2,2021-03-18,97927,3592661,46739,1773960,46602,1752211,4586,66490,59910,1114313,0.132537,37714,1292572,0.153739,65061,2406885,0.286277,8407551
2,2021-03-19,97378,3690039,46098,1820058,45140,1797351,6140,72630,58071,1140038,0.135597,39018,1331590,0.15838,64743,2471628,0.293977,8407551
2,2021-03-20,69804,3759843,33760,1853818,32118,1829469,3926,76556,45848,1166468,0.138741,23714,1355304,0.161201,50144,2521772,0.299941,8407551
2,2021-03-21,33339,3793182,21533,1875351,9822,1839291,1984,78540,20066,1175812,0.139852,13139,1368443,0.162764,22483,2544255,0.302615,8407551
2,2021-03-22,62749,3855931,34528,1909879,25574,1864865,2647,81187,41750,1200332,0.142768,20776,1389219,0.165235,45296,2589551,0.308003,8407551
2,2021-03-23,83656,3939587,44515,1954394,36232,1901097,2909,84096,52432,1225555,0.145768,30956,1420175,0.168917,56179,2645730,0.314685,8407551
2,2021-03-24,91463,4031050,49192,2003586,39115,1940212,3156,87252,53818,1246020,0.148202,37326,1457501,0.173356,57791,2703521,0.321559,8407551
2,2021-03-25,101074,4132124,50982,2054568,46198,1986410,3894,91146,57445,1264824,0.150439,43297,1500798,0.178506,62101,2765622,0.328945,8407551
2,2021-03-26,103200,4235324,51210,2105778,48493,2034903,3497,94643,56807,1280142,0.152261,46033,1546831,0.183981,61351,2826973,0.336242,8407551
2,2021-03-27,75440,4310764,37586,2143364,34546,2069449,3308,97951,38027,1285159,0.152858,37175,1584006,0.188403,42192,2869165,0.34126,8407551
2,2021-03-28,37616,4348380,23224,2166588,13583,2083032,809,98760,20261,1289846,0.153415,17235,1601241,0.190453,21922,2891087,0.343868,8407551
2,2021-03-29,71213,4419593,36195,2202783,32748,2115780,2270,101030,40680,1303357,0.155022,30338,1631579,0.194061,43849,2934936,0.349083,8407551
2,2021-03-30,91773,4511366,44913,2247696,42504,2158284,4356,105386,51725,1320196,0.157025,39846,1671425,0.1988,56685,2991621,0.355825,8407551
2,2021-03-31,101097,4612463,52046,2299742,43931,2202215,5120,110506,57544,1339961,0.159376,43247,1714672,0.203944,63012,3054633,0.36332,8407551
2,2021-04-01,117397,4729860,56702,2356444,51483,2253698,9212,119718,64114,1360816,0.161856,52908,1767580,0.210237,73763,3128396,0.372094,8407551
2,2021-04-02,111549,4841409,51394,2407838,49993,2303691,10162,129880,60207,1380694,0.164221,50970,1818550,0.2163,70848,3199244,0.38052,8407551
2,2021-04-03,76720,4918129,37646,2445484,29257,2332948,9817,139697,38105,1390603,0.165399,38409,1856959,0.220868,48318,3247562,0.386267,8407551
2,2021-04-04,29030,4947159,14911,2460395,10267,2343215,3852,143549,13091,1391738,0.165534,15843,1872802,0.222752,16978,3264540,0.388287,8407551
2,2021-04-05,78992,5026151,38746,2499141,31453,2374668,8793,152342,38338,1399142,0.166415,40482,1913284,0.227567,47886,3312426,0.393982,8407551
2,2021-04-06,103860,5130011,50576,2549717,38582,2413250,14702,167044,49354,1409361,0.16763,54244,1967528,0.234019,64463,3376889,0.40165,8407551
2,2021-04-07,110397,5240408,55064,2604781,39102,2452352,16231,183275,52073,1419903,0.168884,58050,2025578,0.240924,68592,3445481,0.409808,8407551
2,2021-04-08,119331,5359739,57434,2662215,43171,2495523,18726,202001,55421,1431075,0.170213,63567,2089145,0.248484,74739,3520220,0.418697,8407551
2,2021-04-09,118820,5478559,57160,2719375,43494,2539017,18166,220167,56200,1444048,0.171756,62253,2151398,0.255889,75226,3595446,0.427645,8407551
2,2021-04-10,87545,5566104,37788,2757163,31389,2570406,18368,238535,36170,1448160,0.172245,51113,2202511,0.261968,55225,3650671,0.434213,8407551
2,2021-04-11,44467,5610571,23050,2780213,12952,2583358,8465,247000,18215,1449453,0.172399,26118,2228629,0.265075,27411,3678082,0.437474,8407551
2,2021-04-12,79978,5690549,37254,2817467,33331,2616689,9393,256393,35698,1451528,0.172646,44015,2272644,0.27031,46090,3724172,0.442956,8407551
2,2021-04-13,101917,5792466,52870,2870337,48788,2665477,259,256652,55916,1462847,0.173992,45749,2318393,0.275751,57068,3781240,0.449743,8407551
2,2021-04-14,106725,5899191,55861,2926198,50812,2716289,52,256704,54691,1467285,0.17452,51736,2370129,0.281905,56174,3837414,0.456425,8407551
2,2021-04-15,113379,6012570,60256,2986454,53045,2769334,78,256782,59425,1474287,0.175353,53571,2423700,0.288277,60573,3897987,0.463629,8407551
2,2021-04-16,110669,6123239,57484,3043938,53135,2822469,50,256832,56334,1477531,0.175739,53988,2477688,0.294698,57232,3955219,0.470437,8407551
2,2021-04-17,83418,6206657,42444,3086382,40957,2863426,17,256849,46867,1488981,0.1771,36297,2513985,0.299015,47747,4002966,0.476116,8407551
2,2021-04-18,35573,6242230,21628,3108010,13939,2877365,6,256855,16952,1488434,0.177035,18486,2532471,0.301214,17939,4020905,0.478249,8407551
2,2021-04-19,74855,6317085,40325,3148335,34514,2911879,16,256871,34202,1482898,0.176377,40376,2572847,0.306016,34840,4055745,0.482393,8407551
2,2021-04-20,97572,6414657,49469,3197804,48077,2959956,26,256897,47481,1481388,0.176197,49758,2622605,0.311934,48248,4103993,0.488132,8407551
2,2021-04-21,103338,6517995,55968,3253772,47314,3007270,56,256953,48943,1477396,0.175723,53960,2676565,0.318353,49968,4153961,0.494075,8407551
2,2021-04-22,107366,6625361,55573,3309345,51771,3059041,22,256975,47077,1465490,0.174306,59898,2736463,0.325477,47992,4201953,0.499783,8407551
2,2021-04-23,106760,6732121,56782,3366127,49960,3109001,18,256993,49340,1458754,0.173505,57014,2793477,0.332258,50278,4252231,0.505763,8407551
2,2021-04-24,79732,6811853,47080,3413207,32612,3141613,40,257033,41657,1463624,0.174084,37756,2831233,0.336749,42626,4294857,0.510833,8407551
2,2021-04-25,36201,6848054,22281,3435488,13905,3155518,15,257048,19702,1467434,0.174538,16372,2847605,0.338696,20182,4315039,0.513234,8407551
2,2021-04-26,73567,6921621,40782,3476270,32482,3188000,303,257351,33900,1463676,0.174091,39408,2887013,0.343383,35650,4350689,0.517474,8407551
2,2021-04-27,87734,7009355,46238,3522508,40135,3228135,1361,258712,37714,1454321,0.172978,49663,2936676,0.34929,40308,4390997,0.522268,8407551
2,2021-04-28,87490,7096845,46766,3569274,38862,3266997,1862,260574,38640,1447200,0.172131,48533,2985209,0.355063,41412,4432409,0.527194,8407551
2,2021-04-29,90204,7187049,49124,3618398,39384,3306381,1696,262270,35098,1429847,0.170067,54746,3039955,0.361574,37393,4469802,0.531641,8407551
2,2021-04-30,93785,7280834,51856,3670254,39942,3346323,1987,264257,36489,1412108,0.167957,56867,3096822,0.368338,39128,4508930,0.536295,8407551
2,2021-05-01,61775,7342609,37732,3707986,22479,3368802,1564,265821,24035,1401111,0.166649,37443,3134265,0.372792,26446,4535376,0.539441,8407551
2,2021-05-02,29109,7371718,20193,3728179,7944,3376746,972,266793,11074,1395346,0.165963,17900,3152165,0.374921,12135,4547511,0.540884,8407551
2,2021-05-03,59898,7431616,35466,3763645,22386,3399132,2046,268839,20153,1378336,0.16394,39477,3191642,0.379616,22467,4569978,0.543556,8407551
2,2021-05-04,79398,7511014,47398,3811043,29632,3428764,2368,271207,25811,1353648,0.161004,53264,3244906,0.385951,28576,4598554,0.546955,8407551
2,2021-05-05,79818,7590832,47567,3858610,29907,3458671,2344,273551,25027,1326968,0.157831,54413,3299319,0.392423,27733,4626287,0.550254,8407551
2,2021-05-06,82074,7672906,49722,3908332,29453,3488124,2899,276450,25148,1299171,0.154524,56485,3355804,0.399142,28688,4654975,0.553666,8407551
2,2021-05-07,83063,7755969,47921,3956253,32717,3520841,2425,278875,25603,1270539,0.151119,57117,3412921,0.405935,28485,4683460,0.557054,8407551
2,2021-05-08,55133,7811102,33402,3989655,20023,3540864,1708,280583,17278,1252631,0.148989,37624,3450545,0.41041,19716,4703176,0.559399,8407551
2,2021-05-09,21693,7832795,15655,4005310,5297,3546161,741,281324,6337,1244661,0.148041,15279,3465824,0.412228,7309,4710485,0.560268,8407551
2,2021-05-10,49675,7882470,27113,4032423,20701,3566862,1861,283185,14024,1225732,0.145789,35425,3501249,0.416441,16496,4726981,0.56223,8407551
2,2021-05-11,65437,7947907,35308,4067731,28026,3594888,2103,285288,19793,1202954,0.14308,45364,3546613,0.421837,22586,4749567,0.564917,8407551
2,2021-05-12,64519,8012426,34499,4102230,27817,3622705,2203,287491,19038,1179394,0.140278,45189,3591802,0.427211,21629,4771196,0.567489,8407551
2,2021-05-13,70300,8082726,40975,4143205,27387,3650092,1938,289429,25847,1163728,0.138415,44180,3635982,0.432466,28514,4799710,0.570881,8407551
2,2021-05-14,79089,8161815,47500,4190705,29349,3679441,2240,291669,30474,1148828,0.136642,48261,3684243,0.438206,33361,4833071,0.574849,8407551
2,2021-05-15,65899,8227714,43312,4234017,20873,3700314,1714,293383,25553,1136369,0.135161,40117,3724360,0.442978,27658,4860729,0.578139,8407551
2,2021-05-16,31501,8259215,23552,4257569,7026,3707340,923,294306,12859,1131758,0.134612,18523,3742883,0.445181,13912,4874641,0.579793,8407551
2,2021-05-17,57648,8316863,36561,4294130,19148,3726488,1939,296245,22787,1122200,0.133475,34646,3777529,0.449302,25088,4899729,0.582777,8407551
2,2021-05-18,69777,8386640,40842,4334972,26975,3753463,1960,298205,27763,1110703,0.132108,41758,3819287,0.454269,30261,4929990,0.586376,8407551
2,2021-05-19,68344,8454984,40518,4375490,25839,3779302,1987,300192,27143,1099381,0.130761,40920,3860207,0.459136,29598,4959588,0.589897,8407551
2,2021-05-20,68732,8523716,39825,4415315,26737,3806039,2170,302362,26133,1085990,0.129168,42290,3902497,0.464166,28899,4988487,0.593334,8407551
2,2021-05-21,72228,8595944,42650,4457965,27445,3833484,2133,304495,27569,1071928,0.127496,44313,3946810,0.469436,30251,5018738,0.596932,8407551
2,2021-05-22,53205,8649149,33684,4491649,17757,3851241,1764,306259,22237,1065707,0.126756,30757,3977567,0.473095,24536,5043274,0.599851,8407551
2,2021-05-23,24109,8673258,16565,4508214,6820,3858061,724,306983,10217,1063013,0.126436,13768,3991335,0.474732,11074,5054348,0.601168,8407551
2,2021-05-24,44533,8717791,25342,4533556,17420,3875481,1771,308754,17164,1055129,0.125498,27157,4018492,0.477962,19273,5073621,0.60346,8407551
2,2021-05-25,50503,8768294,29597,4563153,19046,3894527,1860,310614,19240,1045798,0.124388,30974,4049466,0.481646,21643,5095264,0.606034,8407551
2,2021-05-26,48539,8816833,27228,4590381,19641,3914168,1670,312284,19005,1037606,0.123414,29215,4078681,0.485121,21023,5116287,0.608535,8407551
2,2021-05-27,46468,8863301,26312,4616693,18413,3932581,1743,314027,18599,1030809,0.122605,27639,4106320,0.488409,20842,5137129,0.611014,8407551
2,2021-05-28,49749,8913050,27494,4644187,20297,3952878,1958,315985,20934,1025559,0.121981,28567,4134887,0.491806,23317,5160446,0.613787,8407551
2,2021-05-29,28902,8941952,17296,4661483,10558,3963436,1048,317033,13237,1024494,0.121854,15518,4150405,0.493652,14453,5174899,0.615506,8407551
2,2021-05-30,12582,8954534,8104,4669587,3717,3967153,761,317794,5512,1023812,0.121773,7021,4157426,0.494487,6339,5181238,0.61626,8407551
2,2021-05-31,5878,8960412,3426,4673013,2150,3969303,302,318096,1828,1021992,0.121556,3999,4161425,0.494963,2179,5183417,0.616519,8407551
2,2021-06-01,44464,9004876,25590,4698603,17302,3986605,1572,319668,15555,1010868,0.120233,28631,4190056,0.498368,17507,5200924,0.618602,8407551
2,2021-06-02,38084,9042960,22403,4721006,14287,4000892,1394,321062,14982,1004687,0.119498,22850,4212906,0.501086,16669,5217593,0.620584,8407551
2,2021-06-03,41245,9084205,26590,4747596,13204,4014096,1451,322513,13937,993380,0.118153,27075,4239981,0.504306,15768,5233361,0.62246,8407551
2,2021-06-04,47831,9132036,31223,4778819,15069,4029165,1539,324052,15486,978866,0.116427,32064,4272045,0.50812,17550,5250911,0.624547,8407551
2,2021-06-05,37670,9169706,26903,4805722,9320,4038485,1447,325499,11800,966875,0.115001,25652,4297697,0.511171,13661,5264572,0.626172,8407551
2,2021-06-06,14799,9184505,12121,4817843,2096,4040581,582,326081,4658,962213,0.114446,10083,4307780,0.51237,5421,5269993,0.626817,8407551
2,2021-06-07,33116,9217621,23169,4841012,8678,4049259,1269,327350,10753,952257,0.113262,22224,4330004,0.515014,12268,5282261,0.628276,8407551
2,2021-06-08,40420,9258041,28619,4869631,10439,4059698,1362,328712,12420,938648,0.111643,27759,4357763,0.518315,14150,5296411,0.629959,8407551
2,2021-06-09,37924,9295965,26519,4896150,9913,4069611,1492,330204,11513,925754,0.11011,26221,4383984,0.521434,13327,5309738,0.631544,8407551
2,2021-06-10,37572,9333537,26157,4922307,9898,4079509,1517,331721,11720,913797,0.108688,25655,4409639,0.524486,13698,5323436,0.633173,8407551
2,2021-06-11,41071,9374608,27254,4949561,12149,4091658,1668,333389,13212,901365,0.107209,27602,4437241,0.527769,15170,5338606,0.634978,8407551
2,2021-06-12,29261,9403869,21541,4971102,6806,4098464,914,334303,8688,890735,0.105945,20444,4457685,0.5302,9814,5348420,0.636145,8407551
2,2021-06-13,12143,9416012,8867,4979969,2666,4101130,610,334913,3077,885587,0.105332,9002,4466687,0.531271,3854,5352274,0.636603,8407551
2,2021-06-14,29728,9445740,21092,5001061,7448,4108578,1188,336101,10293,878001,0.10443,19277,4485964,0.533564,11691,5363965,0.637994,8407551
2,2021-06-15,35379,9481119,23561,5024622,9784,4118362,2034,338135,11995,869258,0.10339,23149,4509113,0.536317,14406,5378371,0.639707,8407551
2,2021-06-16,32738,9513857,22594,5047216,8360,4126722,1784,339919,11324,861420,0.102458,21250,4530363,0.538845,13412,5391783,0.641302,8407551
2,2021-06-17,30547,9544404,20444,5067660,8324,4135046,1779,341698,10829,854691,0.101658,19545,4549908,0.541169,12816,5404599,0.642827,8407551
2,2021-06-18,34313,9578717,22588,5090248,9861,4144907,1864,343562,12528,847765,0.100834,21578,4571486,0.543736,14652,5419251,0.64457,8407551
2,2021-06-19,20730,9599447,14443,5104691,5039,4149946,1248,344810,7900,844424,0.100436,12674,4584160,0.545243,9333,5428584,0.64568,8407551
2,2021-06-20,8198,9607645,5849,5110540,1885,4151831,464,345274,3036,842871,0.100252,5120,4589280,0.545852,3567,5432151,0.646104,8407551
2,2021-06-21,19152,9626797,11713,5122253,6136,4157967,1303,346577,9848,845015,0.100507,9187,4598467,0.546945,11331,5443482,0.647452,8407551
2,2021-06-22,26649,9653446,18286,5140539,7018,4164985,1345,347922,10494,841131,0.100045,15989,4614456,0.548847,12105,5455587,0.648891,8407551
2,2021-06-23,25666,9679112,17728,5158267,6330,4171315,1608,349530,10453,838406,0.099721,15075,4629531,0.55064,12350,5467937,0.65036,8407551
2,2021-06-24,25042,9704154,17099,5175366,6495,4177810,1448,350978,10393,835963,0.09943,14512,4644043,0.552366,12069,5480006,0.651796,8407551
2,2021-06-25,28299,9732453,19217,5194583,7624,4185434,1458,352436,11810,833123,0.099092,16332,4660375,0.554308,13492,5493498,0.6534,8407551
2,2021-06-26,18271,9750724,13480,5208063,3900,4189334,891,353327,7447,830957,0.098835,10739,4671114,0.555586,8573,5502071,0.65442,8407551
2,2021-06-27,8715,9759439,6650,5214713,1615,4190949,450,353777,3506,829867,0.098705,5165,4676279,0.5562,4075,5506146,0.654905,8407551
2,2021-06-28,19422,9778861,14810,5229523,3435,4194384,1177,354954,8625,829151,0.09862,10691,4686970,0.557471,9975,5516121,0.656091,8407551
2,2021-06-29,22226,9801087,15515,5245038,5678,4200062,1033,355987,9467,827243,0.098393,12636,4699606,0.558974,10728,5526849,0.657367,8407551
2,2021-06-30,21328,9822415,15202,5260240,5124,4205186,1002,356989,9455,826157,0.098264,11759,4711365,0.560373,10673,5537522,0.658637,8407551
2,2021-07-01,19067,9841482,13580,5273820,4654,4209840,833,357822,8481,825178,0.098147,10482,4721847,0.56162,9503,5547025,0.659767,8407551
2,2021-07-02,15264,9856746,10626,5284446,3911,4213751,727,358549,6627,824113,0.098021,8528,4730375,0.562634,7463,5554488,0.660655,8407551
3,2020-12-15,307,307,307,307,0,0,0,0,307,307,3.8e-05,0,0,0.0,307,307,3.8e-05,8129050
3,2020-12-16,2319,2626,2319,2626,0,0,0,0,2320,2627,0.000323,0,0,0.0,2320,2627,0.000323,8129050
3,2020-12-17,7791,10417,7791,10417,0,0,0,0,7791,10418,0.001282,0,0,0.0,7791,10418,0.001282,8129050
3,2020-12-18,13390,23807,13376,23793,14,14,0,0,13389,23807,0.002929,0,0,0.0,13389,23807,0.002929,8129050
3,2020-12-19,7226,31033,7215,31008,11,25,0,0,7290,31097,0.003825,0,0,0.0,7290,31097,0.003825,8129050
3,2020-12-20,5652,36685,5644,36652,8,33,0,0,5699,36795,0.004526,1,1,0.0,5699,36796,0.004526,8129050
3,2020-12-21,14348,51033,14323,50975,25,58,0,0,14412,51206,0.006299,1,2,0.0,14412,51208,0.006299,8129050
3,2020-12-22,14781,65814,14200,65175,581,639,0,0,14819,66024,0.008122,1,3,0.0,14819,66027,0.008122,8129050
3,2020-12-23,14821,80635,12212,77387,2609,3248,0,0,14847,80870,0.009948,2,5,1e-06,14848,80875,0.009949,8129050
3,2020-12-24,6791,87426,4872,82259,1919,5167,0,0,6788,87656,0.010783,2,7,1e-06,6788,87663,0.010784,8129050
3,2020-12-25,722,88148,665,82924,57,5224,0,0,720,88376,0.010872,0,7,1e-06,720,88383,0.010872,8129050
3,2020-12-26,4614,92762,2993,85917,1621,6845,0,0,4612,92988,0.011439,0,7,1e-06,4612,92995,0.01144,8129050
3,2020-12-27,2983,95745,1853,87770,1130,7975,0,0,2983,95971,0.011806,0,7,1e-06,2983,95978,0.011807,8129050
3,2020-12-28,13629,109374,8717,96487,4912,12887,0,0,13655,109625,0.013486,1,8,1e-06,13655,109633,0.013487,8129050
3,2020-12-29,15019,124393,8469,104956,6550,19437,0,0,15046,124669,0.015336,2,10,1e-06,15046,124679,0.015337,8129050
3,2020-12-30,18004,142397,10029,114985,7975,27412,0,0,18008,142676,0.017551,2,12,1e-06,18009,142688,0.017553,8129050
3,2020-12-31,8445,150842,3234,118219,5211,32623,0,0,8444,151118,0.01859,2,14,2e-06,8444,151132,0.018592,8129050
3,2021-01-01,1400,152242,648,118867,752,33375,0,0,1397,152514,0.018762,1,15,2e-06,1397,152529,0.018763,8129050
3,2021-01-02,4942,157184,2423,121290,2519,35894,0,0,4942,157456,0.01937,0,15,2e-06,4942,157471,0.019371,8129050
3,2021-01-03,1611,158795,847,122137,764,36658,0,0,1600,159052,0.019566,4,19,2e-06,1600,159071,0.019568,8129050
3,2021-01-04,11991,170786,5948,128085,6043,42701,0,0,11964,171009,0.021037,7,26,3e-06,11964,171035,0.02104,8129050
3,2021-01-05,15661,186447,8103,136188,7558,50259,0,0,14032,183455,0.022568,1614,1640,0.000202,14060,185095,0.02277,8129050
3,2021-01-06,20546,206993,10830,147018,9716,59975,0,0,16069,195096,0.024,4436,6076,0.000747,16077,201172,0.024747,8129050
3,2021-01-07,26536,233529,15176,162194,11360,71335,0,0,17116,202838,0.024952,9389,15465,0.001902,17131,218303,0.026855,8129050
3,2021-01-08,30505,264034,18641,180835,11864,83199,0,0,18083,208544,0.025654,12399,27864,0.003428,18105,236408,0.029082,8129050
3,2021-01-09,12426,276460,7028,187863,5398,88597,0,0,7893,211919,0.026069,4527,32391,0.003985,7902,244310,0.030054,8129050
3,2021-01-10,7186,283646,4473,192336,2713,91310,0,0,4037,212814,0.026179,3147,35538,0.004372,4042,248352,0.030551,8129050
3,2021-01-11,28997,312643,18989,211325,10008,101318,0,0,16409,216686,0.026656,12580,48118,0.005919,16452,264804,0.032575,8129050
3,2021-01-12,32386,345029,19420,230745,12966,114284,0,0,19854,224115,0.02757,12512,60630,0.007458,19941,284745,0.035028,8129050
3,2021-01-13,34471,379500,18015,248760,16456,130740,0,0,24271,238205,0.029303,10201,70831,0.008713,24291,309036,0.038016,8129050
3,2021-01-14,34689,414189,14234,262994,20455,151195,0,0,28790,261161,0.032127,5872,76703,0.009436,28828,337864,0.041563,8129050
3,2021-01-15,38864,453053,14462,277456,24402,175597,0,0,34190,290759,0.035768,4662,81365,0.010009,34260,372124,0.045777,8129050
3,2021-01-16,21900,474953,7595,285051,14305,189902,0,0,19577,308048,0.037895,2310,83675,0.010293,19599,391723,0.048188,8129050
3,2021-01-17,13135,488088,4438,289489,8697,198599,0,0,12094,319122,0.039257,1039,84714,0.010421,12113,403836,0.049678,8129050
3,2021-01-18,24707,512795,12897,302386,11810,210409,0,0,19126,332694,0.040927,5596,90310,0.01111,19168,423004,0.052036,8129050
3,2021-01-19,40960,553755,20834,323220,20126,230535,0,0,31860,355565,0.04374,9076,99386,0.012226,31947,454951,0.055966,8129050
3,2021-01-20,45882,599637,22826,346046,23056,253591,0,0,36341,382491,0.047052,9498,108884,0.013394,36424,491375,0.060447,8129050
3,2021-01-21,48012,647649,20873,366919,27139,280730,0,0,42501,419630,0.051621,5436,114320,0.014063,42575,533950,0.065684,8129050
3,2021-01-22,49681,697330,19800,386719,29881,310611,0,0,45501,461021,0.056713,4183,118503,0.014578,45574,579524,0.07129,8129050
3,2021-01-23,30332,727662,12794,399513,17538,328149,0,0,27033,484816,0.05964,3291,121794,0.014983,27086,606610,0.074622,8129050
3,2021-01-24,17823,745485,8475,407988,9348,337497,0,0,16650,500327,0.061548,1170,122964,0.015126,16681,623291,0.076675,8129050
3,2021-01-25,40720,786205,18152,426140,22568,360065,0,0,30764,521243,0.064121,9934,132898,0.016349,30850,654141,0.08047,8129050
3,2021-01-26,47068,833273,22494,448634,24574,384639,0,0,36952,548199,0.067437,10102,143000,0.017591,37058,691199,0.085028,8129050
3,2021-01-27,51287,884560,24378,473012,26909,411548,0,0,40648,578362,0.071148,10565,153565,0.018891,40728,731927,0.090038,8129050
3,2021-01-28,51626,936186,23923,496935,27703,439251,0,0,42675,612233,0.075314,8862,162427,0.019981,42733,774660,0.095295,8129050
3,2021-01-29,50744,986930,24319,521254,26425,465676,0,0,41037,643807,0.079198,9510,171937,0.021151,41084,815744,0.100349,8129050
3,2021-01-30,37247,1024177,17576,538830,19671,485347,0,0,32519,671738,0.082634,4672,176609,0.021726,32603,848347,0.10436,8129050
3,2021-01-31,22208,1046385,12569,551399,9639,494986,0,0,20805,691171,0.085025,1391,178000,0.021897,20824,869171,0.106922,8129050
3,2021-02-01,45713,1092098,20860,572259,24853,519839,0,0,34864,715268,0.087989,10801,188801,0.023225,34898,904069,0.111215,8129050
3,2021-02-02,54296,1146394,22566,594825,31730,551569,0,0,41845,744805,0.091623,12359,201160,0.024746,41896,945965,0.116368,8129050
3,2021-02-03,60104,1206498,26760,621585,33344,584913,0,0,44655,774248,0.095245,15284,216444,0.026626,44727,990692,0.121871,8129050
3,2021-02-04,64383,1270881,27966,649551,36417,621330,0,0,47189,804566,0.098974,16981,233425,0.028715,47299,1037991,0.127689,8129050
3,2021-02-05,70312,1341193,29880,679431,40432,661762,0,0,48544,831769,0.102321,21512,254937,0.031361,48715,1086706,0.133682,8129050
3,2021-02-06,43884,1385077,21188,700619,22696,684458,0,0,34117,856349,0.105344,9719,264656,0.032557,34299,1121005,0.137901,8129050
3,2021-02-07,19516,1404593,12364,712983,7152,691610,0,0,15010,866994,0.106654,4491,269147,0.033109,15136,1136141,0.139763,8129050
3,2021-02-08,51112,1455705,24636,737619,26476,718086,0,0,33497,883192,0.108646,17483,286630,0.03526,33681,1169822,0.143906,8129050
3,2021-02-09,58425,1514130,28327,765946,30098,748184,0,0,34240,893845,0.109957,23936,310566,0.038204,34589,1204411,0.148161,8129050
3,2021-02-10,67954,1582084,31564,797510,36390,784574,0,0,36488,899659,0.110672,31207,341773,0.042043,37021,1241432,0.152716,8129050
3,2021-02-11,70617,1652701,34792,832302,35825,820399,0,0,37454,904867,0.111313,32783,374556,0.046076,37991,1279423,0.157389,8129050
3,2021-02-12,75485,1728186,32677,864979,42808,863207,0,0,41621,913730,0.112403,33539,408095,0.050202,42402,1321825,0.162605,8129050
3,2021-02-13,45200,1773386,20480,885459,24720,887927,0,0,26014,921252,0.113328,19076,427171,0.052549,26598,1348423,0.165877,8129050
3,2021-02-14,27302,1800688,13664,899123,13638,901565,0,0,15183,924818,0.113767,12065,439236,0.054033,15631,1364054,0.1678,8129050
3,2021-02-15,40047,1840735,17215,916338,22832,924397,0,0,22146,930095,0.114416,17805,457041,0.056223,23082,1387136,0.170639,8129050
3,2021-02-16,70072,1910807,33160,949498,36912,961309,0,0,36408,934012,0.114898,33518,490559,0.060346,37435,1424571,0.175244,8129050
3,2021-02-17,71777,1982584,36342,985840,35435,996744,0,0,34131,931800,0.114626,37419,527978,0.06495,35207,1459778,0.179575,8129050
3,2021-02-18,76977,2059561,40227,1026067,36750,1033494,0,0,35641,927623,0.114112,41162,569140,0.070013,36985,1496763,0.184125,8129050
3,2021-02-19,69111,2128672,39812,1065879,29299,1062793,0,0,34907,929161,0.114301,34065,603205,0.074204,35603,1532366,0.188505,8129050
3,2021-02-20,42819,2171491,26984,1092863,15835,1078628,0,0,22461,931881,0.114636,20241,623446,0.076694,22961,1555327,0.191329,8129050
3,2021-02-21,23945,2195436,19254,1112117,4691,1083319,0,0,11795,932000,0.114651,12057,635503,0.078177,12176,1567503,0.192827,8129050
3,2021-02-22,46619,2242055,30400,1142517,16219,1099538,0,0,21873,929734,0.114372,24626,660129,0.081206,22360,1589863,0.195578,8129050
3,2021-02-23,62325,2304380,33973,1176490,28352,1127890,0,0,27344,924267,0.113699,34798,694927,0.085487,29331,1619194,0.199186,8129050
3,2021-02-24,77766,2382146,38108,1214598,39658,1167548,0,0,34592,918402,0.112978,42970,737897,0.090773,37105,1656299,0.203751,8129050
3,2021-02-25,86469,2468615,42116,1256714,44353,1211901,0,0,43308,921401,0.113347,42901,780798,0.09605,45900,1702199,0.209397,8129050
3,2021-02-26,97069,2565684,44398,1301112,52671,1264572,0,0,51527,929952,0.114399,45179,825977,0.101608,53730,1755929,0.216007,8129050
3,2021-02-27,68648,2634332,31597,1332709,37048,1301620,3,3,36529,935867,0.115126,31924,857901,0.105535,37839,1793768,0.220661,8129050
3,2021-02-28,39916,2674248,22971,1355680,16942,1318562,3,6,20733,938535,0.115454,19018,876919,0.107875,21686,1815454,0.223329,8129050
3,2021-03-01,67652,2741900,35906,1391586,31720,1350282,26,32,37818,948071,0.116628,29647,906566,0.111522,39183,1854637,0.228149,8129050
3,2021-03-02,78138,2820038,38599,1430185,39531,1389813,8,40,45730,963609,0.118539,32268,938834,0.115491,47806,1902443,0.23403,8129050
3,2021-03-03,89172,2909210,42780,1472965,46374,1436187,18,58,50058,977053,0.120193,38899,977733,0.120276,52343,1954786,0.240469,8129050
3,2021-03-04,93184,3002394,45628,1518593,47535,1483722,21,79,52990,992367,0.122077,39973,1017706,0.125194,55287,2010073,0.24727,8129050
3,2021-03-05,89796,3092190,43977,1562570,45529,1529251,290,369,54879,1015080,0.124871,34684,1052390,0.12946,57397,2067470,0.254331,8129050
3,2021-03-06,65019,3157209,32939,1595509,29931,1559182,2149,2518,37334,1028493,0.126521,27540,1079930,0.132848,40953,2108423,0.259369,8129050
3,2021-03-07,37862,3195071,22400,1617909,14310,1573492,1152,3670,21639,1036296,0.127481,16155,1096085,0.134836,23958,2132381,0.262316,8129050
3,2021-03-08,59228,3254299,28344,1646253,28018,1601510,2866,6536,37571,1056776,0.13,21501,1117586,0.137481,41981,2174362,0.26748,8129050
3,2021-03-09,76758,3331057,35513,1681766,36874,1638384,4371,10907,41322,1068332,0.131422,35304,1152890,0.141823,46860,2221222,0.273245,8129050
3,2021-03-10,82909,3413966,41368,1723134,35452,1673836,6089,16996,43343,1079811,0.132834,39348,1192238,0.146664,50827,2272049,0.279497,8129050
3,2021-03-11,97083,3511049,47507,1770641,41001,1714837,8575,25571,47595,1087837,0.133821,49226,1241464,0.152719,57252,2329301,0.28654,8129050
3,2021-03-12,101976,3613025,45421,1816062,44693,1759530,11862,37433,46765,1092631,0.134411,54977,1296441,0.159482,59771,2389072,0.293893,8129050
3,2021-03-13,70560,3683585,29687,1845749,33633,1793163,7240,44673,37343,1105473,0.13599,33096,1329537,0.163554,45938,2435010,0.299544,8129050
3,2021-03-14,41325,3724910,21573,1867322,16187,1809350,3565,48238,20797,1110021,0.13655,20444,1349981,0.166069,24992,2460002,0.302619,8129050
3,2021-03-15,75635,3800545,35845,1903167,35244,1844594,4546,52784,39894,1119940,0.13777,35524,1385505,0.170439,45443,2505445,0.308209,8129050
3,2021-03-16,95030,3895575,43820,1946987,46888,1891482,4322,57106,53533,1137454,0.139925,41261,1426766,0.175514,58775,2564220,0.315439,8129050
3,2021-03-17,98169,3993744,47706,1994693,45953,1937435,4510,61616,59790,1164276,0.143224,38144,1464910,0.180207,64966,2629186,0.323431,8129050
3,2021-03-18,103540,4097284,52701,2047394,46323,1983758,4516,66132,59781,1185643,0.145853,43485,1508395,0.185556,64852,2694038,0.331409,8129050
3,2021-03-19,103227,4200511,55392,2102786,43379,2027137,4456,70588,57912,1203539,0.148054,45036,1553431,0.191096,62932,2756970,0.33915,8129050
3,2021-03-20,71824,4272335,37009,2139795,31182,2058319,3633,74221,44605,1225253,0.150725,27032,1580463,0.194422,48746,2805716,0.345147,8129050
3,2021-03-21,36295,4308630,24698,2164493,10094,2068413,1503,75724,21968,1234971,0.151921,14229,1594692,0.196172,23947,2829663,0.348093,8129050
3,2021-03-22,70426,4379056,41426,2205919,26485,2094898,2515,78239,45136,1258568,0.154824,25071,1619763,0.199256,48668,2878331,0.35408,8129050
3,2021-03-23,89625,4468681,49633,2255552,37472,2132370,2520,80759,55214,1282857,0.157811,34154,1653917,0.203458,58443,2936774,0.361269,8129050
3,2021-03-24,98576,4567257,56769,2312321,38911,2171281,2896,83655,56392,1300911,0.160032,41838,1695755,0.208604,59892,2996666,0.368637,8129050
3,2021-03-25,107135,4674392,59540,2371861,44649,2215930,2946,86601,60736,1319168,0.162278,46066,1741821,0.214271,64323,3060989,0.376549,8129050
3,2021-03-26,110389,4784781,59250,2431111,47836,2263766,3303,89904,57444,1328126,0.16338,52633,1794454,0.220746,61591,3122580,0.384126,8129050
3,2021-03-27,74436,4859217,37883,2468994,34008,2297774,2545,92449,36340,1329797,0.163586,37886,1832340,0.225406,39557,3162137,0.388992,8129050
3,2021-03-28,44328,4903545,27921,2496915,15594,2313368,813,93262,22520,1332074,0.163866,21697,1854037,0.228075,23974,3186111,0.391941,8129050
3,2021-03-29,80609,4984154,42070,2538985,36679,2350047,1860,95122,44355,1343095,0.165222,36005,1890042,0.232505,47026,3233137,0.397726,8129050
3,2021-03-30,100078,5084232,49185,2588170,47266,2397313,3627,98749,56253,1359999,0.167301,43578,1933620,0.237865,60482,3293619,0.405167,8129050
3,2021-03-31,105004,5189236,56617,2644787,43548,2440861,4839,103588,56195,1372774,0.168873,48589,1982209,0.243843,61364,3354983,0.412715,8129050
3,2021-04-01,123466,5312702,62446,2707233,51280,2492141,9740,113328,66813,1393365,0.171406,56280,2038489,0.250766,76871,3431854,0.422172,8129050
3,2021-04-02,117858,5430560,57546,2764779,49993,2542134,10319,123647,62492,1411574,0.173646,55089,2093578,0.257543,73298,3505152,0.431188,8129050
3,2021-04-03,76057,5506617,38863,2803642,27962,2570096,9232,132879,37999,1421204,0.17483,37917,2131495,0.262207,47547,3552699,0.437037,8129050
3,2021-04-04,32402,5539019,17325,2820967,10865,2580961,4212,137091,14230,1421589,0.174878,18090,2149585,0.264432,18475,3571174,0.43931,8129050
3,2021-04-05,89042,5628061,45201,2866168,34713,2615674,9128,146219,43541,1429801,0.175888,45285,2194870,0.270003,53497,3624671,0.445891,8129050
3,2021-04-06,113358,5741419,55171,2921339,43008,2658682,15179,161398,53396,1439390,0.177067,59696,2254566,0.277347,69285,3693956,0.454414,8129050
3,2021-04-07,116299,5857718,60157,2981496,39844,2698526,16298,177696,56287,1452491,0.178679,59761,2314327,0.284698,72862,3766818,0.463377,8129050
3,2021-04-08,121370,5979088,60413,3041909,40807,2739333,20150,197846,56264,1464865,0.180201,64811,2379138,0.292671,77185,3844003,0.472872,8129050
3,2021-04-09,118301,6097389,58972,3100881,40194,2779527,19135,216981,51952,1470744,0.180924,66107,2445245,0.300803,71986,3915989,0.481728,8129050
3,2021-04-10,84395,6181784,37870,3138751,31264,2810791,15261,232242,34330,1471260,0.180988,49895,2495140,0.306941,50411,3966400,0.487929,8129050
3,2021-04-11,45261,6227045,24289,3163040,13004,2823795,7968,240210,17177,1469245,0.18074,27994,2523134,0.310385,25979,3992379,0.491125,8129050
3,2021-04-12,83942,6310987,42428,3205468,32740,2856535,8774,248984,38035,1471461,0.181013,45678,2568812,0.316004,47894,4040273,0.497017,8129050
3,2021-04-13,105498,6416485,57150,3262618,48133,2904668,215,249199,55718,1478721,0.181906,49554,2618366,0.3221,56814,4097087,0.504006,8129050
3,2021-04-14,107638,6524123,58852,3321470,48689,2953357,97,249296,53606,1480113,0.182077,53747,2672113,0.328712,55139,4152226,0.510789,8129050
3,2021-04-15,119403,6643526,67203,3388673,52126,3005483,74,249370,63972,1489843,0.183274,55122,2727235,0.335492,64852,4217078,0.518766,8129050
3,2021-04-16,115517,6759043,64798,3453471,50624,3056107,95,249465,60395,1496177,0.184053,54821,2782056,0.342236,61155,4278233,0.526289,8129050
3,2021-04-17,79427,6838470,43331,3496802,36082,3092189,14,249479,44322,1506590,0.185334,34889,2816945,0.346528,45302,4323535,0.531862,8129050
3,2021-04-18,38716,6877186,23342,3520144,15371,3107560,3,249482,18219,1505292,0.185174,20394,2837339,0.349037,19096,4342631,0.534211,8129050
3,2021-04-19,79253,6956439,44169,3564313,35031,3142591,53,249535,35862,1498495,0.184338,43219,2880558,0.354354,36422,4379053,0.538692,8129050
3,2021-04-20,100880,7057319,53111,3617424,47752,3190343,17,249552,49041,1496980,0.184152,51598,2932156,0.360701,50083,4429136,0.544853,8129050
3,2021-04-21,105540,7162859,59245,3676669,46227,3236570,68,249620,49926,1492793,0.183637,55265,2987421,0.367499,51078,4480214,0.551136,8129050
3,2021-04-22,111252,7274111,62499,3739168,48732,3285302,21,249641,47911,1478678,0.1819,63007,3050428,0.37525,48892,4529106,0.557151,8129050
3,2021-04-23,105595,7379706,60414,3799582,45155,3330457,26,249667,46330,1467100,0.180476,58944,3109372,0.382501,47366,4576472,0.562977,8129050
3,2021-04-24,73151,7452857,45248,3844830,27840,3358297,63,249730,35719,1466696,0.180426,37178,3146550,0.387075,36774,4613246,0.567501,8129050
3,2021-04-25,36657,7489514,23400,3868230,13240,3371537,17,249747,18716,1468032,0.180591,17803,3164353,0.389265,19139,4632385,0.569856,8129050
3,2021-04-26,73441,7562955,41420,3909650,31616,3403153,405,250152,31418,1459423,0.179532,41773,3206126,0.394404,33164,4665549,0.573935,8129050
3,2021-04-27,90692,7653647,47600,3957250,41355,3444508,1737,251889,36060,1443646,0.177591,54343,3260469,0.401089,38566,4704115,0.57868,8129050
3,2021-04-28,86317,7739964,48987,4006237,35202,3479710,2128,254017,35325,1430916,0.176025,50713,3311182,0.407327,37983,4742098,0.583352,8129050
3,2021-04-29,88448,7828412,50558,4056795,35696,3515406,2194,256211,31608,1408676,0.173289,56528,3367710,0.414281,34288,4776386,0.58757,8129050
3,2021-04-30,90065,7918477,50797,4107592,36789,3552195,2479,258690,33545,1388954,0.170863,56214,3423924,0.421196,36492,4812878,0.592059,8129050
3,2021-05-01,54872,7973349,34506,4142098,18905,3571100,1461,260151,19728,1375698,0.169232,34928,3458852,0.425493,21672,4834550,0.594725,8129050
3,2021-05-02,26815,8000164,18294,4160392,7510,3578610,1011,261162,9836,1369746,0.1685,16896,3475748,0.427571,10944,4845494,0.596071,8129050
3,2021-05-03,59219,8059383,34588,4194980,22268,3600878,2363,263525,17383,1348027,0.165828,41644,3517392,0.432694,19925,4865419,0.598522,8129050
3,2021-05-04,77235,8136618,44639,4239619,29942,3630820,2654,266179,22491,1318990,0.162256,54468,3571860,0.439395,25431,4890850,0.601651,8129050
3,2021-05-05,78706,8215324,47289,4286908,28727,3659547,2690,268869,21873,1287308,0.158359,56530,3628390,0.446349,24848,4915698,0.604708,8129050
3,2021-05-06,82699,8298023,52212,4339120,27965,3687512,2522,271391,20635,1249400,0.153696,61611,3690001,0.453928,23703,4939401,0.607623,8129050
3,2021-05-07,82019,8380042,51097,4390217,28304,3715816,2618,274009,21819,1214259,0.149373,59871,3749872,0.461293,24730,4964131,0.610666,8129050
3,2021-05-08,52169,8432211,32323,4422540,18144,3733960,1702,275711,13855,1192014,0.146636,38065,3787937,0.465975,15820,4979951,0.612612,8129050
3,2021-05-09,20866,8453077,15274,4437814,4807,3738767,785,276496,5522,1183129,0.145543,15259,3803196,0.467852,6374,4986325,0.613396,8129050
3,2021-05-10,47629,8500706,25610,4463424,20118,3758885,1901,278397,11093,1160040,0.142703,36346,3839542,0.472324,13257,4999582,0.615027,8129050
3,2021-05-11,63585,8564291,35544,4498968,25835,3784720,2206,280603,16120,1131596,0.139204,47237,3886779,0.478134,18793,5018375,0.617338,8129050
3,2021-05-12,64290,8628581,37014,4535982,24887,3809607,2389,282992,16507,1103242,0.135716,47548,3934327,0.483984,19194,5037569,0.6197,8129050
3,2021-05-13,74648,8703229,47225,4583207,25529,3835136,1894,284886,27459,1086251,0.133626,46953,3981280,0.48976,29962,5067531,0.623385,8129050
3,2021-05-14,79663,8782892,50493,4633700,27043,3862179,2127,287013,31006,1071596,0.131823,48386,4029666,0.495712,33731,5101262,0.627535,8129050
3,2021-05-15,61688,8844580,42586,4676286,17898,3880077,1204,288217,25569,1062656,0.130723,35930,4065596,0.500132,26990,5128252,0.630855,8129050
3,2021-05-16,33001,8877581,24664,4700950,7650,3887727,687,288904,13359,1057253,0.130059,19535,4085131,0.502535,14132,5142384,0.632593,8129050
3,2021-05-17,56667,8934248,36103,4737053,18736,3906463,1828,290732,20965,1044810,0.128528,35442,4120573,0.506895,22999,5165383,0.635423,8129050
3,2021-05-18,64146,8998394,37971,4775024,24334,3930797,1841,292573,24223,1031609,0.126904,39660,4160233,0.511774,26459,5191842,0.638678,8129050
3,2021-05-19,63361,9061755,38663,4813687,22967,3953764,1731,294304,24717,1019925,0.125467,38404,4198637,0.516498,26720,5218562,0.641965,8129050
3,2021-05-20,61002,9122757,35763,4849450,23421,3977185,1818,296122,21996,1005348,0.123673,38738,4237375,0.521263,24161,5242723,0.644937,8129050
3,2021-05-21,65359,9188116,39775,4889225,23502,4000687,2082,298204,23460,989581,0.121734,41607,4278982,0.526382,25840,5268563,0.648115,8129050
3,2021-05-22,45455,9233571,30133,4919358,13857,4014544,1465,299669,19021,984083,0.121058,26241,4305223,0.52961,20743,5289306,0.650667,8129050
3,2021-05-23,21364,9254935,14957,4934315,5759,4020303,648,300317,9155,981869,0.120785,12127,4317350,0.531101,9913,5299219,0.651887,8129050
3,2021-05-24,39315,9294250,23016,4957331,14555,4034858,1744,302061,14642,973966,0.119813,24495,4341845,0.534115,16592,5315811,0.653928,8129050
3,2021-05-25,42505,9336755,23929,4981260,16913,4051771,1663,303724,15138,963868,0.118571,27121,4368966,0.537451,17023,5332834,0.656022,8129050
3,2021-05-26,42143,9378898,24154,5005414,16281,4068052,1708,305432,15841,955529,0.117545,26019,4394985,0.540652,17680,5350514,0.658197,8129050
3,2021-05-27,39233,9418131,22004,5027418,15487,4083539,1742,307174,15454,949336,0.116783,23628,4418613,0.543558,17435,5367949,0.660341,8129050
3,2021-05-28,42552,9460683,24042,5051460,16720,4100259,1790,308964,17711,944510,0.116189,24646,4443259,0.54659,19820,5387769,0.66278,8129050
3,2021-05-29,23344,9484027,14250,5065710,8258,4108517,836,309800,10936,944117,0.116141,12288,4455547,0.548102,11895,5399664,0.664243,8129050
3,2021-05-30,10538,9494565,6832,5072542,3074,4111591,632,310432,4439,943199,0.116028,6030,4461577,0.548844,5112,5404776,0.664872,8129050
3,2021-05-31,4609,9499174,2658,5075200,1683,4113274,268,310700,1449,941813,0.115858,3130,4464707,0.549229,1744,5406520,0.665086,8129050
3,2021-06-01,37560,9536734,21651,5096851,14477,4127751,1432,312132,13163,932418,0.114702,24185,4488892,0.552204,14790,5421310,0.666906,8129050
3,2021-06-02,31403,9568137,18044,5114895,11947,4139698,1412,313544,11631,926016,0.113914,19571,4508463,0.554611,13169,5434479,0.668526,8129050
3,2021-06-03,39473,9607610,27014,5141909,11036,4150734,1423,314967,11478,911321,0.112107,27816,4536279,0.558033,13121,5447600,0.67014,8129050
3,2021-06-04,46011,9653621,32550,5174459,11928,4162662,1533,316500,13109,893697,0.109939,32670,4568949,0.562052,15046,5462646,0.671991,8129050
3,2021-06-05,34169,9687790,25766,5200225,7215,4169877,1188,317688,8688,878474,0.108066,25280,4594229,0.565162,10057,5472703,0.673228,8129050
3,2021-06-06,14525,9702315,12126,5212351,1819,4171696,580,318268,3711,872166,0.10729,10759,4604988,0.566485,4451,5477154,0.673775,8129050
3,2021-06-07,30269,9732584,22014,5234365,6982,4178678,1273,319541,8682,860787,0.10589,21451,4626439,0.569124,10072,5487226,0.675014,8129050
3,2021-06-08,34222,9766806,24589,5258954,8348,4187026,1285,320826,9975,848220,0.104344,24038,4650477,0.572081,11471,5498697,0.676426,8129050
3,2021-06-09,32833,9799639,23828,5282782,7718,4194744,1287,322113,8875,834745,0.102687,23792,4674269,0.575008,10317,5509014,0.677695,8129050
3,2021-06-10,32323,9831962,23338,5306120,7457,4202201,1528,323641,9021,822324,0.101159,23164,4697433,0.577858,10743,5519757,0.679016,8129050
3,2021-06-11,35334,9867296,24991,5331111,8983,4211184,1360,325001,10518,809747,0.099612,24632,4722065,0.580888,12055,5531812,0.680499,8129050
3,2021-06-12,25049,9892345,18891,5350002,5268,4216452,890,325891,6694,799238,0.098319,18241,4740306,0.583132,7732,5539544,0.68145,8129050
3,2021-06-13,10094,9902439,7555,5357557,2047,4218499,492,326383,2360,794473,0.097733,7684,4747990,0.584077,2919,5542463,0.681809,8129050
3,2021-06-14,25647,9928086,18367,5375924,5874,4224373,1406,327789,8043,786582,0.096762,17475,4765465,0.586227,9584,5552047,0.682988,8129050
3,2021-06-15,28545,9956631,19336,5395260,7717,4232090,1492,329281,9679,779269,0.095862,18646,4784111,0.58852,11333,5563380,0.684383,8129050
3,2021-06-16,25672,9982303,18209,5413469,6070,4238160,1393,330674,8691,772699,0.095054,16806,4800917,0.590588,10236,5573616,0.685642,8129050
3,2021-06-17,24637,10006940,17666,5431135,5715,4243875,1256,331930,8555,766715,0.094318,15929,4816846,0.592547,9945,5583561,0.686865,8129050
3,2021-06-18,27750,10034690,19591,5450726,6601,4250476,1558,333488,9736,760374,0.093538,17799,4834645,0.594737,11458,5595019,0.688275,8129050
3,2021-06-19,15852,10050542,11628,5462354,3372,4253848,852,334340,5723,757044,0.093128,10008,4844653,0.595968,6678,5601697,0.689096,8129050
3,2021-06-20,6833,10057375,5135,5467489,1402,4255250,296,334636,2602,755816,0.092977,4179,4848832,0.596482,2951,5604648,0.689459,8129050
3,2021-06-21,16090,10073465,10180,5477669,4536,4259786,1374,336010,8033,757371,0.093168,7971,4856803,0.597463,9526,5614174,0.690631,8129050
3,2021-06-22,21890,10095355,15375,5493044,5261,4265047,1254,337264,8230,753461,0.092687,13545,4870348,0.599129,9635,5623809,0.691816,8129050
3,2021-06-23,20063,10115418,14101,5507145,4664,4269711,1298,338562,7983,750907,0.092373,11970,4882318,0.600601,9416,5633225,0.692975,8129050
3,2021-06-24,19797,10135215,13791,5520936,4576,4274287,1430,339992,7731,748274,0.092049,11905,4894223,0.602066,9272,5642497,0.694115,8129050
3,2021-06-25,23118,10158333,16404,5537340,5306,4279593,1408,341400,9059,744927,0.091638,13940,4908163,0.603781,10593,5653090,0.695418,8129050
3,2021-06-26,13709,10172042,10161,5547501,2783,4282376,765,342165,5725,743646,0.09148,7921,4916084,0.604755,6640,5659730,0.696235,8129050
3,2021-06-27,6652,10178694,5128,5552629,1215,4283591,309,342474,2852,743072,0.091409,3765,4919849,0.605218,3191,5662921,0.696628,8129050
3,2021-06-28,15702,10194396,12067,5564696,2580,4286171,1055,343529,6643,741902,0.091266,8962,4928811,0.606321,7792,5670713,0.697586,8129050
3,2021-06-29,17785,10212181,12555,5577251,4258,4290429,972,344501,7294,739916,0.091021,10381,4939192,0.607598,8395,5679108,0.698619,8129050
3,2021-06-30,16609,10228790,11821,5589072,3762,4294191,1026,345527,7132,738845,0.090889,9369,4948561,0.60875,8298,5687406,0.69964,8129050
3,2021-07-01,15730,10244520,11280,5600352,3429,4297620,1021,346548,6638,737593,0.090735,9007,4957568,0.609858,7755,5695161,0.700594,8129050
3,2021-07-02,12438,10256958,8995,5609347,2742,4300362,701,347249,5343,736641,0.090618,7024,4964592,0.610722,6072,5701233,0.701341,8129050
4,2020-12-15,454,454,454,454,0,0,0,0,454,454,5.6e-05,0,0,0.0,454,454,5.6e-05,8037679
4,2020-12-16,3012,3466,3012,3466,0,0,0,0,3012,3466,0.000431,0,0,0.0,3012,3466,0.000431,8037679
4,2020-12-17,8904,12370,8904,12370,0,0,0,0,8904,12370,0.001539,0,0,0.0,8904,12370,0.001539,8037679
4,2020-12-18,16118,28488,16107,28477,11,11,0,0,16118,28488,0.003544,0,0,0.0,16118,28488,0.003544,8037679
4,2020-12-19,10356,38844,10347,38824,9,20,0,0,10291,38779,0.004825,0,0,0.0,10291,38779,0.004825,8037679
4,2020-12-20,7392,46236,7385,46209,7,27,0,0,7347,46126,0.005739,0,0,0.0,7347,46126,0.005739,8037679
4,2020-12-21,16360,62596,16334,62543,26,53,0,0,16293,62418,0.007766,1,1,0.0,16293,62419,0.007766,8037679
4,2020-12-22,17180,79776,16442,78985,738,791,0,0,17133,79548,0.009897,3,4,0.0,17133,79552,0.009897,8037679
4,2020-12-23,17087,96863,14380,93365,2707,3498,0,0,17056,96602,0.012019,2,6,1e-06,17056,96608,0.012019,8037679
4,2020-12-24,8522,105385,5948,99313,2574,6072,0,0,8522,105124,0.013079,0,6,1e-06,8522,105130,0.01308,8037679
4,2020-12-25,903,106288,798,100111,105,6177,0,0,903,106027,0.013191,0,6,1e-06,903,106033,0.013192,8037679
4,2020-12-26,6173,112461,3895,104006,2278,8455,0,0,6173,112200,0.013959,0,6,1e-06,6173,112206,0.01396,8037679
4,2020-12-27,3435,115896,2000,106006,1435,9890,0,0,3435,115635,0.014387,0,6,1e-06,3435,115641,0.014387,8037679
4,2020-12-28,15086,130982,9321,115327,5765,15655,0,0,15058,130692,0.01626,1,7,1e-06,15058,130699,0.016261,8037679
4,2020-12-29,15372,146354,8512,123839,6860,22515,0,0,15338,146030,0.018168,0,7,1e-06,15338,146037,0.018169,8037679
4,2020-12-30,18931,165285,11066,134905,7865,30380,0,0,18920,164948,0.020522,2,9,1e-06,18920,164957,0.020523,8037679
4,2020-12-31,8270,173555,3356,138261,4914,35294,0,0,8258,173197,0.021548,9,18,2e-06,8258,173215,0.02155,8037679
4,2021-01-01,1523,175078,679,138940,844,36138,0,0,1518,174713,0.021737,2,20,2e-06,1518,174733,0.021739,8037679
4,2021-01-02,5720,180798,3229,142169,2491,38629,0,0,5719,180431,0.022448,1,21,3e-06,5719,180452,0.022451,8037679
4,2021-01-03,2137,182935,1265,143434,872,39501,0,0,2121,182548,0.022712,4,25,3e-06,2121,182573,0.022715,8037679
4,2021-01-04,12935,195870,7004,150438,5931,45432,0,0,12887,195406,0.024311,29,54,7e-06,12887,195460,0.024318,8037679
4,2021-01-05,16877,212747,9998,160436,6879,52311,0,0,14690,207948,0.025872,2161,2215,0.000276,14703,210163,0.026147,8037679
4,2021-01-06,21584,234331,13225,173661,8359,60670,0,0,15525,217475,0.027057,6010,8225,0.001023,15537,225700,0.02808,8037679
4,2021-01-07,27937,262268,17024,190685,10913,71583,0,0,16695,223006,0.027745,11185,19410,0.002415,16716,242416,0.03016,8037679
4,2021-01-08,32798,295066,21056,211741,11742,83325,0,0,18295,226879,0.028227,14441,33851,0.004212,18314,260730,0.032438,8037679
4,2021-01-09,16286,311352,9645,221386,6641,89966,0,0,9465,229554,0.02856,6801,40652,0.005058,9476,270206,0.033617,8037679
4,2021-01-10,8768,320120,5658,227044,3110,93076,0,0,4150,229111,0.028505,4601,45253,0.00563,4158,274364,0.034135,8037679
4,2021-01-11,33437,353557,21915,248959,11522,104598,0,0,18854,233466,0.029046,14543,59796,0.007439,18898,293262,0.036486,8037679
4,2021-01-12,38563,392120,22249,271208,16314,120912,0,0,24252,243518,0.030297,14239,74035,0.009211,24291,317553,0.039508,8037679
4,2021-01-13,38787,430907,19178,290386,19609,140521,0,0,27402,259619,0.0323,11328,85363,0.01062,27429,344982,0.042921,8037679
4,2021-01-14,39301,470208,15109,305495,24192,164713,0,0,32122,284641,0.035413,7129,92492,0.011507,32151,377133,0.046921,8037679
4,2021-01-15,45341,515549,15739,321234,29602,194315,0,0,39699,318779,0.039661,5583,98075,0.012202,39721,416854,0.051862,8037679
4,2021-01-16,28727,544276,9354,330588,19373,213688,0,0,25575,341254,0.042457,3118,101193,0.01259,25593,442447,0.055047,8037679
4,2021-01-17,19064,563340,6670,337258,12394,226082,0,0,17536,357299,0.044453,1505,102698,0.012777,17550,459997,0.05723,8037679
4,2021-01-18,29473,592813,13639,350897,15834,241916,0,0,23467,374878,0.04664,5914,108612,0.013513,23493,483490,0.060153,8037679
4,2021-01-19,46113,638926,23074,373971,23039,264955,0,0,36740,402375,0.050061,9316,117928,0.014672,36813,520303,0.064733,8037679
4,2021-01-20,52624,691550,28186,402157,24438,289393,0,0,42075,434061,0.054003,10449,128377,0.015972,42135,562438,0.069975,8037679
4,2021-01-21,57558,749108,25877,428034,31681,321074,0,0,50798,478212,0.059496,6690,135067,0.016804,50841,613279,0.076301,8037679
4,2021-01-22,55336,804444,22251,450285,33085,354159,0,0,50157,523316,0.065108,5080,140147,0.017436,50184,663463,0.082544,8037679
4,2021-01-23,39652,844096,17401,467686,22251,376410,0,0,35308,554320,0.068965,4334,144481,0.017975,35338,698801,0.086941,8037679
4,2021-01-24,23941,868037,10488,478174,13453,389863,0,0,22049,574506,0.071477,1881,146362,0.018209,22067,720868,0.089686,8037679
4,2021-01-25,47976,916013,22133,500307,25843,415706,0,0,36832,600286,0.074684,11108,157470,0.019591,36888,757756,0.094275,8037679
4,2021-01-26,56818,972831,28911,529218,27907,443613,0,0,44507,632595,0.078704,12259,169729,0.021117,44568,802324,0.09982,8037679
4,2021-01-27,56220,1029051,26699,555917,29521,473134,0,0,45163,666831,0.082963,10979,180708,0.022483,45215,847539,0.105446,8037679
4,2021-01-28,56583,1085634,25495,581412,31088,504222,0,0,46578,703539,0.08753,9915,190623,0.023716,46623,894162,0.111246,8037679
4,2021-01-29,56568,1142202,27105,608517,29463,533685,0,0,46135,739460,0.091999,10248,200871,0.024991,46169,940331,0.11699,8037679
4,2021-01-30,38019,1180221,17116,625633,20903,554588,0,0,32647,766816,0.095403,5315,206186,0.025652,32671,973002,0.121055,8037679
4,2021-01-31,23868,1204089,12499,638132,11369,565957,0,0,22163,787312,0.097953,1685,207871,0.025862,22181,995183,0.123815,8037679
4,2021-02-01,49714,1253803,23966,662098,25748,591705,0,0,38014,813717,0.101238,11650,219521,0.027311,38055,1033238,0.128549,8037679
4,2021-02-02,55418,1309221,25439,687537,29979,621684,0,0,42530,843471,0.10494,12819,232340,0.028906,42573,1075811,0.133846,8037679
4,2021-02-03,62105,1371326,30452,717989,31653,653337,0,0,47759,877055,0.109118,14229,246569,0.030677,47813,1123624,0.139795,8037679
4,2021-02-04,67710,1439036,31531,749520,36179,689516,0,0,50881,911372,0.113387,16669,263238,0.03275,50986,1174610,0.146138,8037679
4,2021-02-05,73149,1512185,33843,783363,39306,728822,0,0,50970,940555,0.117018,21922,285160,0.035478,51105,1225715,0.152496,8037679
4,2021-02-06,48645,1560830,26128,809491,22517,751339,0,0,37143,966464,0.120242,11435,296595,0.036901,37344,1263059,0.157142,8037679
4,2021-02-07,26396,1587226,17412,826903,8984,760323,0,0,19990,980316,0.121965,6373,302968,0.037693,20225,1283284,0.159659,8037679
4,2021-02-08,58521,1645747,30093,856996,28428,788751,0,0,38034,998260,0.124198,20352,323320,0.040226,38296,1321580,0.164423,8037679
4,2021-02-09,67211,1712958,34069,891065,33142,821893,0,0,39390,1010422,0.125711,27634,350954,0.043664,39796,1361376,0.169374,8037679
4,2021-02-10,77436,1790394,38696,929761,38740,860633,0,0,40629,1015032,0.126284,36564,387518,0.048213,41174,1402550,0.174497,8037679
4,2021-02-11,81248,1871642,42358,972119,38890,899523,0,0,41361,1017401,0.126579,39661,427179,0.053147,42030,1444580,0.179726,8037679
4,2021-02-12,84585,1956227,37901,1010020,46684,946207,0,0,43435,1020702,0.12699,40923,468102,0.058238,44224,1488804,0.185228,8037679
4,2021-02-13,59059,2015286,29904,1039924,29155,975362,0,0,30078,1022837,0.127255,28844,496946,0.061827,30979,1519783,0.189082,8037679
4,2021-02-14,36930,2052216,19199,1059123,17731,993093,0,0,18892,1024407,0.127451,17980,514926,0.064064,19550,1539333,0.191515,8037679
4,2021-02-15,46234,2098450,21621,1080744,24613,1017706,0,0,23728,1026885,0.127759,22429,537355,0.066854,24907,1564240,0.194613,8037679
4,2021-02-16,80124,2178574,36698,1117442,43426,1061132,0,0,40786,1029666,0.128105,39223,576578,0.071734,42004,1606244,0.199839,8037679
4,2021-02-17,81480,2260054,38497,1155939,42983,1104115,0,0,38745,1026986,0.127771,42553,619131,0.077029,39873,1646117,0.2048,8037679
4,2021-02-18,83475,2343529,45924,1201863,37551,1141666,0,0,38643,1022458,0.127208,44652,663783,0.082584,40124,1686241,0.209792,8037679
4,2021-02-19,82976,2426505,52150,1254013,30826,1172492,0,0,41459,1023260,0.127308,41347,705130,0.087728,42149,1728390,0.215036,8037679
4,2021-02-20,49525,2476030,32907,1286920,16618,1189110,0,0,26895,1028303,0.127935,22548,727678,0.090533,27591,1755981,0.218469,8037679
4,2021-02-21,29946,2505976,23807,1310727,6139,1195249,0,0,14563,1027848,0.127879,15303,742981,0.092437,14848,1770829,0.220316,8037679
4,2021-02-22,54719,2560695,37596,1348323,17123,1212372,0,0,26396,1026510,0.127712,28182,771163,0.095943,26844,1797673,0.223656,8037679
4,2021-02-23,75494,2636189,41849,1390172,33645,1246017,0,0,33174,1019220,0.126805,42136,813299,0.101186,34846,1832519,0.227991,8037679
4,2021-02-24,89833,2726022,47404,1437576,42429,1288446,0,0,40538,1012851,0.126013,49059,862358,0.107289,42690,1875209,0.233302,8037679
4,2021-02-25,100184,2826206,52295,1489871,47889,1336335,0,0,47972,1011344,0.125825,52038,914396,0.113764,50531,1925740,0.239589,8037679
4,2021-02-26,106407,2932613,53715,1543586,52692,1389027,0,0,54513,1016560,0.126474,51650,966046,0.12019,56866,1982606,0.246664,8037679
4,2021-02-27,77056,3009669,41925,1585511,35122,1424149,9,9,41375,1023895,0.127387,35530,1001576,0.12461,42865,2025471,0.251997,8037679
4,2021-02-28,47708,3057377,29402,1614913,18299,1442448,7,16,26538,1030315,0.128186,21011,1022587,0.127224,27431,2052902,0.25541,8037679
4,2021-03-01,77891,3135268,45744,1660657,32106,1474554,41,57,43006,1039937,0.129383,34614,1057201,0.131531,44236,2097138,0.260913,8037679
4,2021-03-02,85223,3220491,49028,1709685,36187,1510741,8,65,50416,1057515,0.13157,34634,1091835,0.13584,52212,2149350,0.267409,8037679
4,2021-03-03,100281,3320772,53369,1763054,46898,1557639,14,79,56069,1071370,0.133293,43995,1135830,0.141313,57850,2207200,0.274607,8037679
4,2021-03-04,97132,3417904,53858,1816912,43256,1600895,18,97,53419,1083090,0.134752,43492,1179322,0.146724,55212,2262412,0.281476,8037679
4,2021-03-05,94419,3512323,50939,1867851,43163,1644058,317,414,56008,1103147,0.137247,38197,1217519,0.151476,58254,2320666,0.288723,8037679
4,2021-03-06,76222,3588545,42941,1910792,30661,1674719,2620,3034,46871,1124745,0.139934,29228,1246747,0.155113,50826,2371492,0.295047,8037679
4,2021-03-07,43119,3631664,27269,1938061,14661,1689380,1189,4223,25642,1135250,0.141241,17405,1264152,0.157278,27910,2399402,0.298519,8037679
4,2021-03-08,66605,3698269,34959,1973020,28454,1717834,3192,7415,43986,1161265,0.144478,22496,1286648,0.160077,48511,2447913,0.304555,8037679
4,2021-03-09,81302,3779571,41216,2014236,34953,1752787,5133,12548,43896,1174165,0.146083,37234,1323882,0.164709,50134,2498047,0.310792,8037679
4,2021-03-10,91153,3870724,47031,2061267,36694,1789481,7428,19976,46074,1183715,0.147271,44903,1368785,0.170296,54453,2552500,0.317567,8037679
4,2021-03-11,100628,3971352,52911,2114178,39327,1828808,8390,28366,46454,1185727,0.147521,53932,1422717,0.177006,55944,2608444,0.324527,8037679
4,2021-03-12,104546,4075898,51554,2165732,42743,1871551,10249,38615,44611,1181883,0.147043,59658,1482375,0.184428,55814,2664258,0.331471,8037679
4,2021-03-13,81520,4157418,37820,2203552,35285,1906836,8415,47030,38495,1187016,0.147681,42887,1525262,0.189764,48020,2712278,0.337445,8037679
4,2021-03-14,49877,4207295,28388,2231940,17865,1924701,3624,50654,23240,1187959,0.147799,26546,1551808,0.193067,27489,2739767,0.340865,8037679
4,2021-03-15,83680,4290975,45050,2276990,34382,1959083,4248,54902,42459,1194527,0.148616,40982,1592790,0.198165,47550,2787317,0.346781,8037679
4,2021-03-16,107668,4398643,55987,2332977,48281,2007364,3400,58302,56915,1205021,0.149922,50518,1643308,0.204451,61012,2848329,0.354372,8037679
4,2021-03-17,106908,4505551,57597,2390574,45814,2053178,3497,61799,62644,1227724,0.152746,44003,1687311,0.209925,66706,2915035,0.362671,8037679
4,2021-03-18,107080,4612631,59407,2449981,43984,2097162,3689,65488,60943,1246927,0.155135,45862,1733173,0.215631,65065,2980100,0.370766,8037679
4,2021-03-19,111588,4724219,64256,2514237,42142,2139304,5190,70678,63797,1268765,0.157852,47543,1780716,0.221546,69381,3049481,0.379398,8037679
4,2021-03-20,84035,4808254,49060,2563297,31973,2171277,3002,73680,51785,1291760,0.160713,32105,1812821,0.22554,55100,3104581,0.386253,8037679
4,2021-03-21,48245,4856499,34974,2598271,11018,2182295,2253,75933,28338,1302920,0.162102,19787,1832608,0.228002,30947,3135528,0.390104,8037679
4,2021-03-22,82490,4938989,53920,2652191,25834,2208129,2736,78669,51313,1326739,0.165065,30948,1863556,0.231853,54767,3190295,0.396917,8037679
4,2021-03-23,104834,5043823,62778,2714969,39901,2248030,2155,80824,62481,1349836,0.167939,42081,1905637,0.237088,65178,3255473,0.405027,8037679
4,2021-03-24,113483,5157306,73268,2788237,37806,2285836,2409,83233,64029,1367703,0.170161,49026,1954663,0.243187,66893,3322366,0.413349,8037679
4,2021-03-25,117044,5274350,72075,2860312,42580,2328416,2389,85622,67140,1388279,0.172721,49432,2004095,0.249338,70008,3392374,0.422059,8037679
4,2021-03-26,119659,5394009,72628,2932940,43990,2372406,3041,88663,65645,1403900,0.174665,53661,2057756,0.256014,69282,3461656,0.430679,8037679
4,2021-03-27,91992,5486001,54246,2987186,35960,2408366,1786,90449,46871,1408161,0.175195,44881,2102637,0.261598,49142,3510798,0.436793,8037679
4,2021-03-28,55750,5541751,36800,3023986,18078,2426444,872,91321,29661,1413145,0.175815,25921,2128558,0.264822,30905,3541703,0.440638,8037679
4,2021-03-29,93557,5635308,56059,3080045,35421,2461865,2077,93398,50811,1424075,0.177175,42506,2171064,0.270111,53436,3595139,0.447286,8037679
4,2021-03-30,117096,5752404,63877,3143922,49056,2510921,4163,97561,69608,1451017,0.180527,47258,2218322,0.27599,74200,3669339,0.456517,8037679
4,2021-03-31,121033,5873437,71412,3215334,43299,2554220,6322,103883,67912,1472684,0.183223,52775,2271097,0.282556,74442,3743781,0.465779,8037679
4,2021-04-01,142470,6015907,81253,3296587,47968,2602188,13249,117132,84015,1512099,0.188126,58020,2329117,0.289775,97435,3841216,0.477901,8037679
4,2021-04-02,136580,6152487,72976,3369563,50024,2652212,13580,130712,79087,1547874,0.192577,57200,2386317,0.296891,92975,3934191,0.489469,8037679
4,2021-04-03,101215,6253702,54103,3423666,33710,2685922,13402,144114,52763,1566028,0.194836,48249,2434566,0.302894,66403,4000594,0.49773,8037679
4,2021-04-04,46863,6300565,24738,3448404,14604,2700526,7521,151635,20475,1567765,0.195052,26281,2460847,0.306164,28018,4028612,0.501216,8037679
4,2021-04-05,109291,6409856,61475,3509879,35026,2735552,12790,164425,57073,1586187,0.197344,52011,2512858,0.312635,70433,4099045,0.509979,8037679
4,2021-04-06,138745,6548601,78115,3587994,40897,2776449,19733,184158,72201,1612413,0.200607,66311,2579169,0.320885,92537,4191582,0.521492,8037679
4,2021-04-07,137561,6686162,77937,3665931,38927,2815376,20697,204855,71275,1638641,0.20387,66037,2645206,0.329101,92265,4283847,0.532971,8037679
4,2021-04-08,139931,6826093,78019,3743950,36489,2851865,25423,230278,69595,1664221,0.207052,70052,2715258,0.337816,95632,4379479,0.544869,8037679
4,2021-04-09,137609,6963702,75549,3819499,39083,2890948,22977,253255,65665,1682162,0.209285,71717,2786975,0.346739,89658,4469137,0.556023,8037679
4,2021-04-10,103767,7067469,51191,3870690,33731,2924679,18845,272100,46844,1692177,0.210531,56714,2843689,0.353795,66729,4535866,0.564325,8037679
4,2021-04-11,62592,7130061,38031,3908721,13399,2938078,11162,283262,27304,1696533,0.211072,35183,2878872,0.358172,39539,4575405,0.569245,8037679
4,2021-04-12,102717,7232778,62477,3971198,30102,2968180,10138,293400,51770,1709007,0.212624,50654,2929526,0.364474,63128,4638533,0.577099,8037679
4,2021-04-13,130219,7362997,81692,4052890,48363,3016543,164,293564,77982,1736069,0.215991,51942,2981468,0.370936,79004,4717537,0.586928,8037679
4,2021-04-14,135372,7498369,86273,4139163,49024,3065567,75,293639,74994,1752320,0.218013,60047,3041515,0.378407,76298,4793835,0.59642,8037679
4,2021-04-15,156091,7654460,103929,4243092,52098,3117665,64,293703,95863,1789144,0.222595,59863,3101378,0.385855,96687,4890522,0.60845,8037679
4,2021-04-16,143452,7797912,90967,4334059,52406,3170071,79,293782,83474,1813732,0.225654,59681,3161059,0.39328,84269,4974791,0.618934,8037679
4,2021-04-17,101390,7899302,63748,4397807,37618,3207689,24,293806,59621,1833023,0.228054,41500,3202559,0.398443,60791,5035582,0.626497,8037679
4,2021-04-18,56737,7956039,38338,4436145,18396,3226085,3,293809,32029,1841437,0.229101,24580,3227139,0.401501,32994,5068576,0.630602,8037679
4,2021-04-19,101453,8057492,66887,4503032,34548,3260633,18,293827,51854,1844551,0.229488,49356,3276495,0.407642,52470,5121046,0.63713,8037679
4,2021-04-20,131633,8189125,78564,4581596,53054,3313687,15,293842,68809,1851927,0.230406,62519,3339014,0.41542,69895,5190941,0.645826,8037679
4,2021-04-21,133971,8323096,87512,4669108,46405,3360092,54,293896,67671,1854839,0.230768,65920,3404934,0.423622,68832,5259773,0.65439,8037679
4,2021-04-22,140559,8463655,93360,4762468,47176,3407268,23,293919,62967,1841723,0.229136,77226,3482160,0.43323,64110,5323883,0.662366,8037679
4,2021-04-23,134019,8597674,87344,4849812,46651,3453919,24,293943,58260,1825774,0.227152,75421,3557581,0.442613,59472,5383355,0.669765,8037679
4,2021-04-24,97702,8695376,66096,4915908,31556,3485475,50,293993,45044,1819562,0.226379,52374,3609955,0.449129,46162,5429517,0.675508,8037679
4,2021-04-25,50051,8745427,35283,4951191,14743,3500218,25,294018,26192,1822509,0.226746,23721,3633676,0.45208,26668,5456185,0.678826,8037679
4,2021-04-26,91539,8836966,60022,5011213,31120,3531338,397,294415,36075,1805139,0.224585,55175,3688851,0.458945,37805,5493990,0.683529,8037679
4,2021-04-27,113348,8950314,69273,5080486,41771,3573109,2304,296719,40938,1777072,0.221093,72105,3760956,0.467916,44038,5538028,0.689008,8037679
4,2021-04-28,103581,9053895,67691,5148177,33380,3606489,2510,299229,37983,1752929,0.218089,65298,3826254,0.47604,41155,5579183,0.694129,8037679
4,2021-04-29,105002,9158897,67091,5215268,35391,3641880,2520,301749,34025,1719425,0.213921,70650,3896904,0.48483,37146,5616329,0.69875,8037679
4,2021-04-30,104659,9263556,66362,5281630,35624,3677504,2673,304422,36053,1690576,0.210331,68236,3965140,0.493319,39387,5655716,0.70365,8037679
4,2021-05-01,68852,9332408,45785,5327415,21311,3698815,1756,306178,19998,1664350,0.207068,48621,4013761,0.499368,22395,5678111,0.706437,8037679
4,2021-05-02,37424,9369832,26561,5353976,9583,3708398,1280,307458,10509,1649482,0.205219,26802,4040563,0.502703,11934,5690045,0.707921,8037679
4,2021-05-03,78241,9448073,54448,5408424,21327,3729725,2466,309924,19181,1612681,0.20064,58815,4099378,0.51002,22014,5712059,0.71066,8037679
4,2021-05-04,100736,9548809,68977,5477401,29003,3758728,2756,312680,22715,1560785,0.194184,77754,4177132,0.519694,25858,5737917,0.713877,8037679
4,2021-05-05,101472,9650281,71573,5548974,27176,3785904,2723,315403,22044,1506754,0.187461,79108,4256240,0.529536,25077,5762994,0.716997,8037679
4,2021-05-06,111001,9761282,83201,5632175,24872,3810776,2928,318331,19683,1439615,0.179108,90871,4347111,0.540842,23732,5786726,0.71995,8037679
4,2021-05-07,104163,9865445,74929,5707104,26557,3837333,2677,321008,20624,1380145,0.171709,83186,4430297,0.551191,23716,5810442,0.7229,8037679
4,2021-05-08,69202,9934647,47714,5754818,19565,3856898,1923,322931,13741,1340923,0.16683,55240,4485537,0.558064,16018,5826460,0.724893,8037679
4,2021-05-09,34063,9968710,27896,5782714,5229,3862127,938,323869,7488,1322972,0.164596,26472,4512009,0.561357,8521,5834981,0.725953,8037679
4,2021-05-10,64445,10033155,43153,5825867,18983,3881110,2309,326178,10980,1283305,0.159661,53269,4565278,0.567985,13602,5848583,0.727646,8037679
4,2021-05-11,82112,10115267,51279,5877146,28654,3909764,2179,328357,15790,1235673,0.153735,66098,4631376,0.576208,18466,5867049,0.729943,8037679
4,2021-05-12,79120,10194387,52716,5929862,23911,3933675,2493,330850,16648,1192990,0.148425,62200,4693576,0.583947,19517,5886566,0.732371,8037679
4,2021-05-13,103883,10298270,76599,6006461,25766,3959441,1518,332368,40391,1172730,0.145904,63179,4756755,0.591807,42919,5929485,0.737711,8037679
4,2021-05-14,104243,10402513,73709,6080170,28405,3987846,2129,334497,40231,1151906,0.143313,63716,4820471,0.599734,42892,5972377,0.743047,8037679
4,2021-05-15,85054,10487567,65812,6145982,17919,4005765,1323,335820,37616,1143935,0.142322,47200,4867671,0.605607,39229,6011606,0.747928,8037679
4,2021-05-16,51317,10538884,41364,6187346,9245,4015010,708,336528,21040,1135691,0.141296,30130,4897801,0.609355,21886,6033492,0.750651,8037679
4,2021-05-17,70814,10609698,51768,6239114,17206,4032216,1840,338368,28077,1123287,0.139753,42546,4940347,0.614648,30142,6063634,0.754401,8037679
4,2021-05-18,81287,10690985,52941,6292055,26601,4058817,1745,340113,29191,1102838,0.137209,51748,4992095,0.621087,31299,6094933,0.758295,8037679
4,2021-05-19,76314,10767299,51685,6343740,22690,4081507,1939,342052,30842,1090711,0.1357,45199,5037294,0.62671,33072,6128005,0.76241,8037679
4,2021-05-20,68409,10835708,43959,6387699,22458,4103965,1992,344044,25365,1075641,0.133825,42768,5080062,0.632031,27698,6155703,0.765856,8037679
4,2021-05-21,73120,10908828,48270,6435969,22989,4126954,1861,345905,25853,1056623,0.131459,46996,5127058,0.637878,27978,6183681,0.769337,8037679
4,2021-05-22,49472,10958300,34726,6470695,13467,4140421,1279,347184,21582,1051969,0.13088,27736,5154794,0.641329,23082,6206763,0.772208,8037679
4,2021-05-23,23777,10982077,17059,6487754,5998,4146419,720,347904,9771,1048681,0.130471,13887,5168681,0.643056,10599,6217362,0.773527,8037679
4,2021-05-24,42904,11024981,27328,6515082,12582,4159001,2994,350898,15071,1039316,0.129305,27629,5196310,0.646494,18264,6235626,0.775799,8037679
4,2021-05-25,44717,11069698,27810,6542892,14094,4173095,2813,353711,15886,1029642,0.128102,28605,5224915,0.650053,18931,6254557,0.778155,8037679
4,2021-05-26,44319,11114017,26629,6569521,15097,4188192,2593,356304,15806,1019904,0.12689,28313,5253228,0.653575,18575,6273132,0.780466,8037679
4,2021-05-27,38713,11152730,23280,6592801,12307,4200499,3126,359430,14609,1013887,0.126142,23920,5277148,0.656551,17903,6291035,0.782693,8037679
4,2021-05-28,43090,11195820,27494,6620295,13999,4214498,1597,361027,18814,1010484,0.125718,24039,5301187,0.659542,20636,6311671,0.78526,8037679
4,2021-05-29,23546,11219366,15331,6635626,7282,4221780,933,361960,10853,1009831,0.125637,12571,5313758,0.661106,11918,6323589,0.786743,8037679
4,2021-05-30,11995,11231361,8425,6644051,3044,4224824,526,362486,5009,1008507,0.125472,6928,5320686,0.661968,5604,6329193,0.78744,8037679
4,2021-05-31,3542,11234903,2252,6646303,1132,4225956,158,362644,1134,1007449,0.125341,2372,5323058,0.662263,1314,6330507,0.787604,8037679
4,2021-06-01,39268,11274171,24418,6670721,12410,4238366,2440,365084,12991,997022,0.124044,26074,5349132,0.665507,15647,6346154,0.789551,8037679
4,2021-06-02,32414,11306585,20274,6690995,9361,4247727,2779,367863,10842,989388,0.123094,21403,5370535,0.66817,13769,6359923,0.791264,8037679
4,2021-06-03,47837,11354422,36714,6727709,8674,4256401,2449,370312,10355,965166,0.12008,37332,5407867,0.672815,13110,6373033,0.792895,8037679
4,2021-06-04,54557,11408979,43936,6771645,9300,4265701,1321,371633,12755,938465,0.116758,41579,5449446,0.677988,14878,6387911,0.794746,8037679
4,2021-06-05,44541,11453520,38158,6809803,5388,4271089,995,372628,8729,912802,0.113565,35666,5485112,0.682425,10003,6397914,0.79599,8037679
4,2021-06-06,21109,11474629,18842,6828645,1709,4272798,558,373186,3953,900645,0.112053,17055,5502167,0.684547,4898,6402812,0.7966,8037679
4,2021-06-07,38553,11513182,31209,6859854,5435,4278233,1909,375095,8442,881291,0.109645,29983,5532150,0.688277,10629,6413441,0.797922,8037679
4,2021-06-08,40396,11553578,31721,6891575,6147,4284380,2528,377623,9455,862849,0.107351,30756,5562906,0.692104,12314,6425755,0.799454,8037679
4,2021-06-09,38769,11592347,30751,6922326,5666,4290046,2352,379975,7930,842810,0.104857,30673,5593579,0.69592,10634,6436389,0.800777,8037679
4,2021-06-10,36964,11629311,29146,6951472,5205,4295251,2613,382588,8548,825966,0.102762,28265,5621844,0.699436,11421,6447810,0.802198,8037679
4,2021-06-11,38066,11667377,29899,6981371,6158,4301409,2009,384597,9852,810108,0.100789,28066,5649910,0.702928,12208,6460018,0.803717,8037679
4,2021-06-12,26418,11693795,22007,7003378,3701,4305110,710,385307,6053,796826,0.099136,20261,5670171,0.705449,6979,6466997,0.804585,8037679
4,2021-06-13,10804,11704599,8536,7011914,1791,4306901,477,385784,2288,791241,0.098441,8454,5678625,0.706501,2869,6469866,0.804942,8037679
4,2021-06-14,28462,11733061,21291,7033205,4371,4311272,2800,388584,7758,781441,0.097222,20572,5699197,0.70906,10772,6480638,0.806282,8037679
4,2021-06-15,29777,11762838,21067,7054272,5316,4316588,3394,391978,8286,772024,0.096051,21348,5720545,0.711716,11931,6492569,0.807767,8037679
4,2021-06-16,26380,11789218,19880,7074152,3901,4320489,2599,394577,8019,764648,0.095133,18198,5738743,0.71398,10822,6503391,0.809113,8037679
4,2021-06-17,24960,11814178,18437,7092589,3654,4324143,2869,397446,7568,758058,0.094313,17211,5755954,0.716121,10621,6514012,0.810434,8037679
4,2021-06-18,26556,11840734,20952,7113541,4381,4328524,1223,398669,8223,749617,0.093263,18136,5774090,0.718378,9695,6523707,0.811641,8037679
4,2021-06-19,15699,11856433,12708,7126249,2298,4330822,693,399362,5056,745032,0.092692,10497,5784587,0.719684,5912,6529619,0.812376,8037679
4,2021-06-20,7347,11863780,6054,7132303,986,4331808,307,399669,2616,743361,0.092485,4673,5789260,0.720265,3002,6532621,0.81275,8037679
4,2021-06-21,14458,11878238,10458,7142761,2868,4334676,1132,400801,7330,744930,0.09268,7052,5796312,0.721143,8621,6541242,0.813822,8037679
4,2021-06-22,20342,11898580,15875,7158636,3403,4338079,1064,401865,7086,740088,0.092077,13141,5809453,0.722777,8299,6549541,0.814855,8037679
4,2021-06-23,18282,11916862,14355,7172991,2948,4341027,979,402844,6696,736422,0.091621,11466,5820919,0.724204,7800,6557341,0.815825,8037679
4,2021-06-24,17457,11934319,13536,7186527,2934,4343961,987,403831,6528,733297,0.091232,10781,5831700,0.725545,7656,6564997,0.816778,8037679
4,2021-06-25,21373,11955692,16806,7203333,3531,4347492,1036,404867,7744,728742,0.090666,13501,5845201,0.727225,8946,6573943,0.817891,8037679
4,2021-06-26,12957,11968649,10558,7213891,1787,4349279,612,405479,4794,726189,0.090348,8062,5853263,0.728228,5509,6579452,0.818576,8037679
4,2021-06-27,6809,11975458,5517,7219408,951,4350230,341,405820,2881,725572,0.090271,3893,5857156,0.728712,3276,6582728,0.818984,8037679
4,2021-06-28,14957,11990415,12573,7231981,1546,4351776,838,406658,6033,723716,0.09004,8842,5865998,0.729812,6986,6589714,0.819853,8037679
4,2021-06-29,16252,12006667,12629,7244610,2841,4354617,782,407440,6336,721139,0.08972,9815,5875813,0.731034,7238,6596952,0.820753,8037679
4,2021-06-30,14219,12020886,11124,7255734,2385,4357002,710,408150,5902,719626,0.089532,8230,5884043,0.732057,6717,6603669,0.821589,8037679
4,2021-07-01,14010,12034896,11081,7266815,2225,4359227,704,408854,5763,718070,0.089338,8151,5892194,0.733072,6595,6610264,0.82241,8037679
4,2021-07-02,11227,12046123,8826,7275641,1829,4361056,572,409426,4547,716593,0.089154,6628,5898822,0.733896,5151,6615415,0.82305,8037679
