vemquartile,administered_date,total_doses,cumulative_total_doses,pfizer_doses,cumulative_pfizer_doses,moderna_doses,cumulative_moderna_doses,jj_doses,cumulative_jj_doses,partially_vaccinated,total_partially_vaccinated,pct_age12pop_partially_vaccinated,fully_vaccinated,cumulative_fully_vaccinated,pct_age12pop_fully_vaccinated,at_least_one_dose,cumulative_at_least_one_dose,pct_age12pop_at_least_one_dose,age12_population
1,2020-12-15,154,154,154,154,0,0,0,0,154,154,1.8e-05,0,0,0.0,154,154,1.8e-05,8700223
1,2020-12-16,1227,1381,1227,1381,0,0,0,0,1227,1381,0.000159,0,0,0.0,1227,1381,0.000159,8700223
1,2020-12-17,4179,5560,4179,5560,0,0,0,0,4180,5561,0.000639,0,0,0.0,4180,5561,0.000639,8700223
1,2020-12-18,6377,11937,6354,11914,23,23,0,0,6379,11939,0.001372,1,1,0.0,6379,11940,0.001372,8700223
1,2020-12-19,2875,14812,2872,14786,3,26,0,0,2874,14812,0.001702,1,2,0.0,2874,14814,0.001703,8700223
1,2020-12-20,2124,16936,2115,16901,9,35,0,0,2125,16937,0.001947,0,2,0.0,2125,16939,0.001947,8700223
1,2020-12-21,7649,24585,7628,24529,21,56,0,0,7698,24635,0.002832,1,3,0.0,7699,24638,0.002832,8700223
1,2020-12-22,7309,31894,6967,31496,342,398,0,0,7310,31943,0.003672,2,5,1e-06,7310,31948,0.003672,8700223
1,2020-12-23,7832,39726,6575,38071,1257,1655,0,0,7827,39769,0.004571,2,7,1e-06,7828,39776,0.004572,8700223
1,2020-12-24,3300,43026,2360,40431,940,2595,0,0,3302,43071,0.004951,0,7,1e-06,3302,43078,0.004951,8700223
1,2020-12-25,237,43263,153,40584,84,2679,0,0,237,43308,0.004978,0,7,1e-06,237,43315,0.004979,8700223
1,2020-12-26,1362,44625,970,41554,392,3071,0,0,1361,44668,0.005134,1,8,1e-06,1361,44676,0.005135,8700223
1,2020-12-27,872,45497,539,42093,333,3404,0,0,872,45539,0.005234,1,9,1e-06,872,45548,0.005235,8700223
1,2020-12-28,7094,52591,4754,46847,2340,5744,0,0,7092,52631,0.006049,0,9,1e-06,7092,52640,0.00605,8700223
1,2020-12-29,8906,61497,4979,51826,3927,9671,0,0,8902,61530,0.007072,3,12,1e-06,8902,61542,0.007074,8700223
1,2020-12-30,11573,73070,6443,58269,5130,14801,0,0,11573,73103,0.008402,0,12,1e-06,11573,73115,0.008404,8700223
1,2020-12-31,5985,79055,1955,60224,4030,18831,0,0,5982,79082,0.00909,4,16,2e-06,5983,79098,0.009091,8700223
1,2021-01-01,584,79639,220,60444,364,19195,0,0,582,79662,0.009156,2,18,2e-06,582,79680,0.009158,8700223
1,2021-01-02,2913,82552,1765,62209,1148,20343,0,0,2913,82575,0.009491,0,18,2e-06,2913,82593,0.009493,8700223
1,2021-01-03,1040,83592,551,62760,489,20832,0,0,1038,83610,0.00961,3,21,2e-06,1038,83631,0.009613,8700223
1,2021-01-04,7381,90973,3585,66345,3796,24628,0,0,7385,90994,0.010459,1,22,3e-06,7385,91016,0.010461,8700223
1,2021-01-05,10870,101843,5249,71594,5621,30249,0,0,10075,100314,0.01153,777,799,9.2e-05,10097,101113,0.011622,8700223
1,2021-01-06,14077,115920,7066,78660,7011,37260,0,0,12155,110596,0.012712,1886,2685,0.000309,12168,113281,0.01302,8700223
1,2021-01-07,17524,133444,9165,87825,8359,45619,0,0,13007,119188,0.013699,4425,7110,0.000817,13017,126298,0.014517,8700223
1,2021-01-08,20190,153634,10492,98317,9698,55317,0,0,14244,127512,0.014656,5929,13039,0.001499,14253,140551,0.016155,8700223
1,2021-01-09,6684,160318,3396,101713,3288,58605,0,0,4831,130496,0.014999,1850,14889,0.001711,4834,145385,0.01671,8700223
1,2021-01-10,3092,163410,1763,103476,1329,59934,0,0,1906,131221,0.015082,1182,16071,0.001847,1907,147292,0.01693,8700223
1,2021-01-11,18071,181481,11844,115320,6227,66161,0,0,11528,136259,0.015662,6533,22604,0.002598,11571,158863,0.01826,8700223
1,2021-01-12,19117,200598,10955,126275,8162,74323,0,0,13128,143466,0.01649,5962,28566,0.003283,13169,172032,0.019773,8700223
1,2021-01-13,19843,220441,10740,137015,9103,83426,0,0,14686,153034,0.01759,5136,33702,0.003874,14704,186736,0.021463,8700223
1,2021-01-14,22035,242476,9452,146467,12583,96009,0,0,19282,169676,0.019502,2699,36401,0.004184,19341,206077,0.023686,8700223
1,2021-01-15,25187,267663,9245,155712,15942,111951,0,0,23242,191073,0.021962,1906,38307,0.004403,23303,229380,0.026365,8700223
1,2021-01-16,13876,281539,4532,160244,9344,121295,0,0,13006,203215,0.023357,867,39174,0.004503,13009,242389,0.02786,8700223
1,2021-01-17,5221,286760,2037,162281,3184,124479,0,0,4853,207703,0.023873,368,39542,0.004545,4856,247245,0.028418,8700223
1,2021-01-18,14338,301098,8608,170889,5730,130209,0,0,11156,215745,0.024798,3169,42711,0.004909,11211,258456,0.029707,8700223
1,2021-01-19,24690,325788,12764,183653,11926,142135,0,0,19534,230196,0.026459,5137,47848,0.0055,19588,278044,0.031958,8700223
1,2021-01-20,29442,355230,14720,198373,14722,156857,0,0,23522,247914,0.028495,5843,53691,0.006171,23561,301605,0.034666,8700223
1,2021-01-21,31223,386453,14651,213024,16572,173429,0,0,27950,272752,0.03135,3207,56898,0.00654,28045,329650,0.03789,8700223
1,2021-01-22,28395,414848,11283,224307,17112,190541,0,0,26324,297104,0.034149,2005,58903,0.00677,26357,356007,0.040919,8700223
1,2021-01-23,18734,433582,8197,232504,10537,201078,0,0,16773,311955,0.035856,1932,60835,0.006992,16783,372790,0.042848,8700223
1,2021-01-24,6686,440268,4160,236664,2526,203604,0,0,6027,317334,0.036474,654,61489,0.007068,6033,378823,0.043542,8700223
1,2021-01-25,25447,465715,10492,247156,14955,218559,0,0,19657,331354,0.038086,5743,67232,0.007728,19763,398586,0.045813,8700223
1,2021-01-26,28827,494542,13485,260641,15342,233901,0,0,22133,346875,0.03987,6633,73865,0.00849,22154,420740,0.04836,8700223
1,2021-01-27,32676,527218,15556,276197,17120,251021,0,0,24553,363406,0.04177,8056,81921,0.009416,24587,445327,0.051186,8700223
1,2021-01-28,35007,562225,16415,292612,18592,269613,0,0,28037,384609,0.044207,6901,88822,0.010209,28104,473431,0.054416,8700223
1,2021-01-29,33687,595912,16452,309064,17235,286848,0,0,27099,405304,0.046585,6443,95265,0.01095,27138,500569,0.057535,8700223
1,2021-01-30,20208,616120,8742,317806,11466,298314,0,0,18073,421283,0.048422,2105,97370,0.011192,18084,518653,0.059614,8700223
1,2021-01-31,7650,623770,4973,322779,2677,300991,0,0,6937,427514,0.049138,709,98079,0.011273,6940,525593,0.060411,8700223
1,2021-02-01,29021,652791,12536,335315,16485,317476,0,0,21182,440912,0.050678,7789,105868,0.012168,21187,546780,0.062847,8700223
1,2021-02-02,32756,685547,11828,347143,20928,338404,0,0,24485,457245,0.052556,8189,114057,0.01311,24522,571302,0.065665,8700223
1,2021-02-03,39687,725234,15266,362409,24421,362825,0,0,28582,474926,0.054588,10938,124995,0.014367,28619,599921,0.068955,8700223
1,2021-02-04,44028,769262,17132,379541,26896,389721,0,0,31754,494577,0.056846,12151,137146,0.015764,31802,631723,0.07261,8700223
1,2021-02-05,46793,816055,17169,396710,29624,419345,0,0,30666,509320,0.058541,15976,153122,0.0176,30719,662442,0.076141,8700223
1,2021-02-06,26544,842599,10488,407198,16056,435401,0,0,20632,524103,0.06024,5865,158987,0.018274,20648,683090,0.078514,8700223
1,2021-02-07,6266,848865,4030,411228,2236,437637,0,0,4620,527114,0.060586,1627,160614,0.018461,4638,687728,0.079047,8700223
1,2021-02-08,31618,880483,14438,425666,17180,454817,0,0,21068,537824,0.061817,10455,171069,0.019663,21165,708893,0.08148,8700223
1,2021-02-09,38478,918961,16881,442547,21597,476414,0,0,23689,546888,0.062859,14704,185773,0.021353,23768,732661,0.084212,8700223
1,2021-02-10,47244,966205,22149,464696,25095,501509,0,0,26856,553560,0.063626,20263,206036,0.023682,26935,759596,0.087308,8700223
1,2021-02-11,51796,1018001,25432,490128,26364,527873,0,0,30920,564025,0.064829,20559,226595,0.026045,31024,790620,0.090874,8700223
1,2021-02-12,50015,1068016,21522,511650,28493,556366,0,0,28689,571684,0.065709,21169,247764,0.028478,28828,819448,0.094187,8700223
1,2021-02-13,26383,1094399,11534,523184,14849,571215,0,0,15261,575970,0.066202,11051,258815,0.029748,15337,834785,0.09595,8700223
1,2021-02-14,11786,1106185,5560,528744,6226,577441,0,0,6706,577692,0.0664,5049,263864,0.030328,6771,841556,0.096728,8700223
1,2021-02-15,23899,1130084,9384,538128,14515,591956,0,0,14545,583119,0.067023,9233,273097,0.03139,14660,856216,0.098413,8700223
1,2021-02-16,47162,1177246,22517,560645,24645,616601,0,0,27530,591212,0.067954,19549,292646,0.033637,27642,883858,0.10159,8700223
1,2021-02-17,48512,1225758,24574,585219,23938,640539,0,0,26120,595240,0.068417,22240,314886,0.036193,26268,910126,0.10461,8700223
1,2021-02-18,51165,1276923,25597,610816,25568,666107,0,0,26504,597558,0.068683,24418,339304,0.038999,26736,936862,0.107683,8700223
1,2021-02-19,46605,1323528,25281,636097,21324,687431,0,0,26090,603352,0.069349,20359,359663,0.04134,26153,963015,0.110689,8700223
1,2021-02-20,27640,1351168,16840,652937,10800,698231,0,0,15774,607398,0.069814,11805,371468,0.042696,15851,978866,0.11251,8700223
1,2021-02-21,12338,1363506,10621,663558,1717,699948,0,0,7426,610021,0.070116,4852,376320,0.043254,7475,986341,0.11337,8700223
1,2021-02-22,31576,1395082,20796,684354,10780,710728,0,0,18165,614972,0.070685,13315,389635,0.044784,18266,1004607,0.115469,8700223
1,2021-02-23,45684,1440766,22129,706483,23555,734283,0,0,25068,620077,0.071271,20325,409960,0.047121,25430,1030037,0.118392,8700223
1,2021-02-24,55771,1496537,26936,733419,28835,763118,0,0,30675,626316,0.071988,24889,434849,0.049981,31128,1061165,0.12197,8700223
1,2021-02-25,68390,1564927,33212,766631,35178,798296,0,0,42269,643133,0.073921,25952,460801,0.052964,42769,1103934,0.126886,8700223
1,2021-02-26,76384,1641311,35802,802433,40582,838878,0,0,49895,667258,0.076694,26247,487048,0.055981,50372,1154306,0.132675,8700223
1,2021-02-27,52598,1693909,24158,826591,28431,867309,9,9,34489,684059,0.078625,17963,505011,0.058046,34764,1189070,0.136671,8700223
1,2021-02-28,20147,1714056,11955,838546,8190,875499,2,11,14760,693662,0.079729,5299,510310,0.058655,14902,1203972,0.138384,8700223
1,2021-03-01,45717,1759773,21160,859706,24510,900009,47,58,29343,707094,0.081273,16196,526506,0.060516,29628,1233600,0.141789,8700223
1,2021-03-02,63711,1823484,27611,887317,36091,936100,9,67,40586,725360,0.083373,22946,549452,0.063154,41212,1274812,0.146526,8700223
1,2021-03-03,70422,1893906,33733,921050,36663,972763,26,93,43093,741903,0.085274,27168,576620,0.066276,43711,1318523,0.15155,8700223
1,2021-03-04,78651,1972557,37160,958210,41455,1014218,36,129,50745,765477,0.087984,27717,604337,0.069462,51291,1369814,0.157446,8700223
1,2021-03-05,77964,2050521,35353,993563,42404,1056622,207,336,52224,793039,0.091152,25494,629831,0.072393,53056,1422870,0.163544,8700223
1,2021-03-06,57490,2108011,27488,1021051,28650,1085272,1352,1688,39104,815549,0.093739,18306,648137,0.074497,40816,1463686,0.168235,8700223
1,2021-03-07,20934,2128945,13026,1034077,6718,1091990,1190,2878,15497,827078,0.095064,5410,653547,0.075118,16939,1480625,0.170182,8700223
1,2021-03-08,45970,2174915,22474,1056551,21540,1113530,1956,4834,32208,847922,0.09746,13656,667203,0.076688,34500,1515125,0.174148,8700223
1,2021-03-09,66660,2241575,32244,1088795,31912,1145442,2504,7338,40992,866241,0.099565,25514,692717,0.079621,43833,1558958,0.179186,8700223
1,2021-03-10,73641,2315216,36683,1125478,32473,1177915,4485,11823,45314,888187,0.102088,28218,720935,0.082864,50164,1609122,0.184952,8700223
1,2021-03-11,90096,2405312,41407,1166885,40681,1218596,8008,19831,52447,911673,0.104787,37417,758352,0.087165,60903,1670025,0.191952,8700223
1,2021-03-12,98840,2504152,43565,1210450,42863,1261459,12412,32243,57750,941404,0.108205,40879,799231,0.091863,70610,1740635,0.200068,8700223
1,2021-03-13,65286,2569438,29533,1239983,28080,1289539,7673,39916,41650,967542,0.111209,23503,822734,0.094565,49641,1790276,0.205774,8700223
1,2021-03-14,27892,2597330,14917,1254900,9404,1298943,3571,43487,15623,974726,0.112035,12198,834932,0.095967,19382,1809658,0.208001,8700223
1,2021-03-15,65240,2662570,28774,1283674,29717,1328660,6749,50236,38353,993518,0.114195,26665,861597,0.099032,45457,1855115,0.213226,8700223
1,2021-03-16,85784,2748354,39108,1322782,41035,1369695,5641,55877,53185,1020332,0.117277,32371,893968,0.102752,59185,1914300,0.220029,8700223
1,2021-03-17,92984,2841338,45342,1368124,41103,1410798,6539,62416,59754,1053990,0.121145,32996,926964,0.106545,66654,1980954,0.22769,8700223
1,2021-03-18,98784,2940122,50929,1419053,42135,1452933,5720,68136,59730,1081228,0.124276,38697,965661,0.110993,65935,2046889,0.235269,8700223
1,2021-03-19,103627,3043749,53666,1472719,43659,1496592,6302,74438,60568,1105851,0.127106,42764,1008425,0.115908,67387,2114276,0.243014,8700223
1,2021-03-20,72492,3116241,37279,1509998,29998,1526590,5215,79653,46501,1132045,0.130117,25803,1034228,0.118874,51997,2166273,0.248991,8700223
1,2021-03-21,27240,3143481,19022,1529020,6410,1533000,1808,81461,16962,1140722,0.131114,10184,1044412,0.120044,18861,2185134,0.251158,8700223
1,2021-03-22,59196,3202677,30585,1559605,25324,1558324,3287,84748,39887,1165188,0.133926,19081,1063493,0.122237,43547,2228681,0.256164,8700223
1,2021-03-23,83071,3285748,42286,1601891,37166,1595490,3619,88367,51110,1188661,0.136624,31713,1095206,0.125883,55186,2283867,0.262507,8700223
1,2021-03-24,87921,3373669,44518,1646409,39060,1634550,4343,92710,52533,1210607,0.139147,35097,1130303,0.129917,57043,2340910,0.269063,8700223
1,2021-03-25,96729,3470398,49477,1695886,41430,1675980,5822,98532,53674,1227586,0.141098,42722,1173025,0.134827,59701,2400611,0.275925,8700223
1,2021-03-26,104444,3574842,50949,1746835,47180,1723160,6315,104847,55881,1241882,0.142741,48194,1221219,0.140366,62490,2463101,0.283108,8700223
1,2021-03-27,73971,3648813,38230,1785065,31526,1754686,4215,109062,37955,1248465,0.143498,35786,1257005,0.14448,42369,2505470,0.287978,8700223
1,2021-03-28,32689,3681502,21403,1806468,10069,1764755,1217,110279,16366,1250286,0.143707,16211,1273216,0.146343,18032,2523502,0.29005,8700223
1,2021-03-29,67182,3748684,33374,1839842,30642,1795397,3166,113445,36932,1260552,0.144887,30036,1303252,0.149795,40302,2563804,0.294683,8700223
1,2021-03-30,92012,3840696,45333,1885175,40306,1835703,6373,119818,47215,1269637,0.145932,44585,1347837,0.15492,53670,2617474,0.300851,8700223
1,2021-03-31,100867,3941563,52672,1937847,41998,1877701,6197,126015,55294,1285940,0.147805,45250,1393087,0.160121,61553,2679027,0.307926,8700223
1,2021-04-01,111983,4053546,53590,1991437,49602,1927303,8791,134806,57026,1297282,0.149109,54519,1447606,0.166387,65861,2744888,0.315496,8700223
1,2021-04-02,111309,4164855,50933,2042370,50672,1977975,9704,144510,56404,1309117,0.150469,54476,1502082,0.172649,66311,2811199,0.323118,8700223
1,2021-04-03,78053,4242908,39305,2081675,29109,2007084,9639,154149,36500,1313947,0.151025,41367,1543449,0.177403,46197,2857396,0.328428,8700223
1,2021-04-04,23777,4266685,11829,2093504,8481,2015565,3467,157616,9947,1313587,0.150983,13764,1557213,0.178985,13404,2870800,0.329969,8700223
1,2021-04-05,76373,4343058,36675,2130179,30380,2045945,9318,166934,34230,1315354,0.151186,41936,1599149,0.183806,43703,2914503,0.334992,8700223
1,2021-04-06,103668,4446726,49255,2179434,37820,2083765,16593,183527,46762,1322130,0.151965,56607,1655756,0.190312,63383,2977886,0.342277,8700223
1,2021-04-07,111866,4558592,54387,2233821,39931,2123696,17548,201075,50367,1328878,0.152741,61191,1716947,0.197345,67939,3045825,0.350086,8700223
1,2021-04-08,122400,4680992,57986,2291807,43432,2167128,20982,222057,54065,1336071,0.153567,67912,1784859,0.205151,75105,3120930,0.358718,8700223
1,2021-04-09,123666,4804658,56478,2348285,46363,2213491,20825,242882,54249,1342124,0.154263,69064,1853923,0.213089,75117,3196047,0.367352,8700223
1,2021-04-10,95749,4900407,42538,2390823,30503,2243994,22708,265590,37399,1344058,0.154485,58136,1912059,0.219771,60070,3256117,0.374257,8700223
1,2021-04-11,36615,4937022,20355,2411178,9418,2253412,6842,272432,14819,1344085,0.154489,21734,1933793,0.222269,21761,3277878,0.376758,8700223
1,2021-04-12,74383,5011405,33251,2444429,31142,2284554,9990,282422,31497,1343126,0.154378,42591,1976384,0.227165,41632,3319510,0.381543,8700223
1,2021-04-13,97327,5108732,52127,2496556,44861,2329415,339,282761,52498,1351778,0.155373,44531,2020915,0.232283,53183,3372693,0.387656,8700223
1,2021-04-14,105025,5213757,54447,2551003,50504,2379919,74,282835,53456,1354488,0.155684,51191,2072106,0.238167,53901,3426594,0.393851,8700223
1,2021-04-15,105959,5319716,57544,2608547,48326,2428245,89,282924,56440,1362262,0.156578,48930,2121036,0.243791,56704,3483298,0.400369,8700223
1,2021-04-16,110781,5430497,56793,2665340,53900,2482145,88,283012,55412,1363111,0.156675,54835,2175871,0.250094,55684,3538982,0.406769,8700223
1,2021-04-17,83436,5513933,45306,2710646,38119,2520264,11,283023,46716,1373519,0.157872,36481,2212352,0.254287,46889,3585871,0.412159,8700223
1,2021-04-18,30268,5544201,20443,2731089,9818,2530082,7,283030,15278,1374104,0.157939,14902,2227254,0.256,15487,3601358,0.413939,8700223
1,2021-04-19,67222,5611423,34058,2765147,33152,2563234,12,283042,30509,1368398,0.157283,36355,2263609,0.260178,30649,3632007,0.417461,8700223
1,2021-04-20,88632,5700055,44679,2809826,43931,2607165,22,283064,41759,1363865,0.156762,46518,2310127,0.265525,41985,3673992,0.422287,8700223
1,2021-04-21,97788,5797843,51026,2860852,46661,2653826,101,283165,43939,1354858,0.155727,53281,2363408,0.271649,44274,3718266,0.427376,8700223
1,2021-04-22,97533,5895376,50967,2911819,46549,2700375,17,283182,44874,1347822,0.154918,52145,2415553,0.277643,45109,3763375,0.432561,8700223
1,2021-04-23,102460,5997836,52951,2964770,49482,2749857,27,283209,49142,1344416,0.154527,52802,2468355,0.283712,49396,3812771,0.438238,8700223
1,2021-04-24,76351,6074187,47353,3012123,28971,2778828,27,283236,43249,1354988,0.155742,32958,2501313,0.2875,43530,3856301,0.443242,8700223
1,2021-04-25,27322,6101509,17420,3029543,9888,2788716,14,283250,15653,1359243,0.156231,11552,2512865,0.288828,15807,3872108,0.445058,8700223
1,2021-04-26,66380,6167889,34816,3064359,31163,2819879,401,283651,31801,1357515,0.156032,34269,2547134,0.292767,32541,3904649,0.448799,8700223
1,2021-04-27,81675,6249564,43445,3107804,36926,2856805,1304,284955,35738,1349259,0.155083,45639,2592773,0.298012,37383,3942032,0.453096,8700223
1,2021-04-28,81413,6330977,43314,3151118,36600,2893405,1499,286454,35970,1341871,0.154234,45088,2637861,0.303195,37700,3979732,0.457429,8700223
1,2021-04-29,84662,6415639,46578,3197696,36462,2929867,1622,288076,34929,1329218,0.15278,49368,2687229,0.308869,36715,4016447,0.461649,8700223
1,2021-04-30,92347,6507986,50070,3247766,40403,2970270,1874,289950,38983,1317225,0.151401,53019,2740248,0.314963,41026,4057473,0.466364,8700223
1,2021-05-01,62892,6570878,40622,3288388,20851,2991121,1419,291369,26585,1309393,0.150501,36052,2776300,0.319107,28220,4085693,0.469608,8700223
1,2021-05-02,23355,6594233,16524,3304912,6252,2997373,579,291948,9455,1305662,0.150072,13792,2790092,0.320692,10061,4095754,0.470764,8700223
1,2021-05-03,56107,6650340,31103,3336015,23169,3020542,1835,293783,20756,1293204,0.14864,35104,2825196,0.324727,22646,4118400,0.473367,8700223
1,2021-05-04,75434,6725774,43421,3379436,29927,3050469,2086,295869,27428,1275103,0.14656,47700,2872896,0.330209,29599,4147999,0.476769,8700223
1,2021-05-05,77899,6803673,45164,3424600,30446,3080915,2289,298158,26591,1253104,0.144031,50961,2923857,0.336067,28962,4176961,0.480098,8700223
1,2021-05-06,79277,6882950,48149,3472749,28961,3109876,2167,300325,24865,1226264,0.140946,54026,2977883,0.342277,27186,4204147,0.483223,8700223
1,2021-05-07,82991,6965941,47227,3519976,33570,3143446,2194,302519,27892,1201767,0.138131,54647,3032530,0.348558,30150,4234297,0.486688,8700223
1,2021-05-08,56808,7022749,35640,3555616,19537,3162983,1631,304150,19431,1185876,0.136304,37045,3069575,0.352816,21154,4255451,0.48912,8700223
1,2021-05-09,18213,7040962,13067,3568683,4667,3167650,479,304629,5563,1179379,0.135557,12573,3082148,0.354261,6076,4261527,0.489818,8700223
1,2021-05-10,43874,7084836,22129,3590812,19938,3187588,1807,306436,14846,1167368,0.134177,28756,3110904,0.357566,16745,4278272,0.491743,8700223
1,2021-05-11,61849,7146685,33499,3624311,26200,3213788,2150,308586,20481,1149015,0.132067,41102,3152006,0.36229,22749,4301021,0.494358,8700223
1,2021-05-12,62381,7209066,33170,3657481,27158,3240946,2053,310639,20474,1130023,0.129884,41587,3193593,0.36707,22595,4323616,0.496955,8700223
1,2021-05-13,66381,7275447,38905,3696386,25488,3266434,1988,312627,25265,1116817,0.128366,40735,3234328,0.371752,27529,4351145,0.500119,8700223
1,2021-05-14,75944,7351391,45790,3742176,27767,3294201,2387,315014,30699,1105334,0.127047,44846,3279174,0.376907,33363,4384508,0.503954,8700223
1,2021-05-15,66106,7417497,43338,3785514,21016,3315217,1752,316766,26295,1093938,0.125737,39509,3318683,0.381448,28113,4412621,0.507185,8700223
1,2021-05-16,24934,7442431,18367,3803881,5947,3321164,620,317386,10183,1090151,0.125302,14637,3333320,0.38313,10850,4423471,0.508432,8700223
1,2021-05-17,54003,7496434,33019,3836900,19220,3340384,1764,319150,22909,1084049,0.1246,30833,3364153,0.386674,24731,4448202,0.511274,8700223
1,2021-05-18,64831,7561265,39066,3875966,23934,3364318,1831,320981,28124,1077658,0.123866,36430,3400583,0.390862,30039,4478241,0.514727,8700223
1,2021-05-19,66197,7627462,40307,3916273,23966,3388284,1924,322905,29568,1072887,0.123317,36345,3436928,0.395039,31574,4509815,0.518356,8700223
1,2021-05-20,64411,7691873,37342,3953615,24862,3413146,2207,325112,26490,1064214,0.12232,37574,3474502,0.399358,28901,4538716,0.521678,8700223
1,2021-05-21,69823,7761696,41757,3995372,26224,3439370,1842,326954,28824,1054383,0.12119,40593,3515095,0.404024,30762,4569478,0.525214,8700223
1,2021-05-22,55856,7817552,36704,4032076,17432,3456802,1720,328674,24316,1049240,0.120599,31275,3546370,0.407618,26132,4595610,0.528217,8700223
1,2021-05-23,20483,7838035,14316,4046392,5581,3462383,586,329260,9497,1048464,0.12051,10882,3557252,0.408869,10106,4605716,0.529379,8700223
1,2021-05-24,43706,7881741,24361,4070753,17510,3479893,1835,331095,17688,1042297,0.119801,25771,3583023,0.411831,19604,4625320,0.531632,8700223
1,2021-05-25,50776,7932517,29224,4099977,19861,3499754,1691,332786,21073,1035739,0.119047,29422,3612445,0.415213,22864,4648184,0.53426,8700223
1,2021-05-26,48407,7980924,27449,4127426,19070,3518824,1888,334674,20510,1030588,0.118455,27597,3640042,0.418385,22446,4670630,0.53684,8700223
1,2021-05-27,46966,8027890,26348,4153774,18706,3537530,1912,336586,20150,1026236,0.117955,26531,3666573,0.421434,22179,4692809,0.53939,8700223
1,2021-05-28,52294,8080184,29153,4182927,21318,3558848,1823,338409,23385,1022989,0.117582,28581,3695154,0.424719,25334,4718143,0.542301,8700223
1,2021-05-29,30638,8110822,18560,4201487,11117,3569965,961,339370,14627,1022777,0.117558,15855,3711009,0.426542,15643,4733786,0.544099,8700223
1,2021-05-30,11671,8122493,7526,4209013,3590,3573555,555,339925,5531,1022818,0.117562,6069,3717078,0.427239,6110,4739896,0.544802,8700223
1,2021-05-31,5725,8128218,3254,4212267,2217,3575772,254,340179,1998,1021412,0.117401,3671,3720749,0.427661,2265,4742161,0.545062,8700223
1,2021-06-01,45797,8174015,25890,4238157,18340,3594112,1567,341746,17364,1012313,0.116355,28104,3748853,0.430892,19005,4761166,0.547246,8700223
1,2021-06-02,39932,8213947,23159,4261316,15265,3609377,1508,343254,16116,1006483,0.115685,23522,3772375,0.433595,17692,4778858,0.54928,8700223
1,2021-06-03,41294,8255241,25865,4287181,13745,3623122,1684,344938,15799,998848,0.114807,25192,3797567,0.436491,17557,4796415,0.551298,8700223
1,2021-06-04,50120,8305361,32050,4319231,16262,3639384,1808,346746,17959,986889,0.113433,31805,3829372,0.440146,19846,4816261,0.553579,8700223
1,2021-06-05,40290,8345651,27492,4346723,10800,3650184,1998,348744,14224,977315,0.112332,25849,3855221,0.443117,16275,4832536,0.55545,8700223
1,2021-06-06,13205,8358856,10564,4357287,2128,3652312,513,349257,4594,973955,0.111946,8527,3863748,0.444098,5167,4837703,0.556044,8700223
1,2021-06-07,33975,8392831,23417,4380704,9211,3661523,1347,350604,12108,965806,0.111009,21656,3885404,0.446587,13507,4851210,0.557596,8700223
1,2021-06-08,42226,8435057,29231,4409935,11345,3672868,1650,352254,14741,955078,0.109776,27210,3912614,0.449714,16482,4867692,0.55949,8700223
1,2021-06-09,42159,8477216,29249,4439184,11264,3684132,1646,353900,13764,942458,0.108326,28088,3940702,0.452943,15468,4883160,0.561268,8700223
1,2021-06-10,39083,8516299,26319,4465503,11064,3695196,1700,355600,13369,932167,0.107143,25464,3966166,0.455869,15173,4898333,0.563012,8700223
1,2021-06-11,43967,8560266,29181,4494684,13104,3708300,1682,357282,15686,921636,0.105932,27977,3994143,0.459085,17446,4915779,0.565018,8700223
1,2021-06-12,33713,8593979,24396,4519080,8118,3716418,1199,358481,11112,911634,0.104783,22382,4016525,0.461658,12380,4928159,0.566441,8700223
1,2021-06-13,11624,8605603,8443,4527523,2701,3719119,480,358961,3386,907364,0.104292,8169,4024694,0.462597,3899,4932058,0.566889,8700223
1,2021-06-14,30918,8636521,20822,4548345,8793,3727912,1303,360264,11593,901160,0.103579,19130,4043824,0.464795,12926,4944984,0.568374,8700223
1,2021-06-15,37214,8673735,24403,4572748,10961,3738873,1850,362114,13801,893760,0.102728,23145,4066969,0.467456,15745,4960729,0.570184,8700223
1,2021-06-16,35402,8709137,23898,4596646,9673,3748546,1831,363945,13270,887054,0.101958,21866,4088835,0.469969,15160,4975889,0.571927,8700223
1,2021-06-17,33546,8742683,22187,4618833,9415,3757961,1944,365889,13104,881995,0.101376,20204,4109039,0.472291,15145,4991034,0.573667,8700223
1,2021-06-18,39573,8782256,25693,4644526,11024,3768985,2856,368745,15412,876440,0.100738,23881,4132920,0.475036,18326,5009360,0.575774,8700223
1,2021-06-19,23989,8806245,16662,4661188,6126,3775111,1201,369946,9808,873467,0.100396,14012,4146932,0.476647,11039,5020399,0.577043,8700223
1,2021-06-20,8152,8814397,5969,4667157,1907,3777018,276,370222,3240,872147,0.100244,4847,4151779,0.477204,3527,5023926,0.577448,8700223
1,2021-06-21,20940,8835337,11855,4679012,6905,3783923,2180,372402,10922,875398,0.100618,9902,4161681,0.478342,13153,5037079,0.57896,8700223
1,2021-06-22,30765,8866102,20084,4699096,8542,3792465,2139,374541,12921,872890,0.10033,17633,4179314,0.480369,15125,5052204,0.580698,8700223
1,2021-06-23,29341,8895443,19692,4718788,7831,3800296,1818,376359,12824,871248,0.100141,16304,4195618,0.482243,14662,5066866,0.582383,8700223
1,2021-06-24,28340,8923783,18898,4737686,7783,3808079,1659,378018,12053,868949,0.099877,16080,4211698,0.484091,13781,5080647,0.583967,8700223
1,2021-06-25,31650,8955433,21459,4759145,8796,3816875,1395,379413,13945,866878,0.099639,17464,4229162,0.486098,15393,5096040,0.585737,8700223
1,2021-06-26,22202,8977635,16466,4775611,4912,3821787,824,380237,9697,865064,0.09943,12385,4241547,0.487522,10571,5106611,0.586952,8700223
1,2021-06-27,9145,8986780,6799,4782410,1914,3823701,432,380669,4058,864547,0.099371,5022,4246569,0.488099,4505,5111116,0.58747,8700223
1,2021-06-28,21054,9007834,15637,4798047,4170,3827871,1247,381916,9750,864478,0.099363,11116,4257685,0.489377,11047,5122163,0.588739,8700223
1,2021-06-29,26529,9034363,18153,4816200,7009,3834880,1367,383283,11685,862923,0.099184,14667,4272352,0.491062,13112,5135275,0.590246,8700223
1,2021-06-30,25832,9060195,17869,4834069,6915,3841795,1048,384331,12285,862998,0.099193,13333,4285685,0.492595,13408,5148683,0.591787,8700223
1,2021-07-01,23575,9083770,16421,4850490,5894,3847689,1260,385591,10926,862762,0.099166,12503,4298188,0.494032,12267,5160950,0.593197,8700223
1,2021-07-02,26293,9110063,18059,4868549,7205,3854894,1029,386620,12303,862376,0.099121,13801,4311989,0.495618,13415,5174365,0.594739,8700223
1,2021-07-03,14569,9124632,10186,4878735,3944,3858838,439,387059,6919,862247,0.099106,7521,4319510,0.496483,7392,5181757,0.595589,8700223
1,2021-07-04,1262,9125894,707,4879442,490,3859328,65,387124,606,862278,0.09911,647,4320157,0.496557,678,5182435,0.595667,8700223
1,2021-07-05,11002,9136896,7584,4887026,3055,3862383,363,387487,5223,862199,0.099101,5710,4325867,0.497213,5631,5188066,0.596314,8700223
1,2021-07-06,27026,9163922,19097,4906123,6800,3869183,1129,388616,10779,858146,0.098635,16063,4341930,0.49906,12010,5200076,0.597695,8700223
1,2021-07-07,23518,9187440,16481,4922604,5914,3875097,1123,389739,10114,856250,0.098417,13220,4355150,0.500579,11324,5211400,0.598996,8700223
1,2021-07-08,22608,9210048,15597,4938201,5931,3881028,1080,390819,9757,854462,0.098212,12716,4367866,0.502041,10928,5222328,0.600252,8700223
1,2021-07-09,26703,9236751,18904,4957105,6650,3887678,1149,391968,12045,853235,0.09807,14484,4382350,0.503705,13257,5235585,0.601776,8700223
1,2021-07-10,17657,9254408,12748,4969853,4152,3891830,757,392725,7858,852225,0.097954,9674,4392024,0.504817,8664,5244249,0.602772,8700223
1,2021-07-11,6739,9261147,4922,4974775,1616,3893446,201,392926,3250,852255,0.097958,3439,4395463,0.505213,3469,5247718,0.603171,8700223
1,2021-07-12,20031,9281178,14376,4989151,4781,3898227,874,393800,8875,851080,0.097823,11020,4406483,0.506479,9845,5257563,0.604302,8700223
1,2021-07-13,22029,9303207,15386,5004537,5855,3904082,788,394588,10299,850664,0.097775,11591,4418074,0.507812,11175,5268738,0.605587,8700223
1,2021-07-14,21993,9325200,15083,5019620,5940,3910022,970,395558,9882,849679,0.097662,11952,4430026,0.509185,10967,5279705,0.606847,8700223
1,2021-07-15,21396,9346596,15231,5034851,5446,3915468,719,396277,10283,849814,0.097677,10971,4440997,0.510446,11106,5290811,0.608124,8700223
1,2021-07-16,26323,9372919,18413,5053264,6933,3922401,977,397254,12979,850678,0.097777,13180,4454177,0.511961,14044,5304855,0.609738,8700223
1,2021-07-17,17995,9390914,12930,5066194,4368,3926769,697,397951,8812,851156,0.097832,9065,4463242,0.513003,9543,5314398,0.610835,8700223
1,2021-07-18,7102,9398016,5289,5071483,1554,3928323,259,398210,3654,851696,0.097894,3390,4466632,0.513393,3930,5318328,0.611286,8700223
1,2021-07-19,20556,9418572,14889,5086372,4855,3933178,812,399022,10316,852812,0.098022,10113,4476745,0.514555,11229,5329557,0.612577,8700223
1,2021-07-20,24215,9442787,16755,5103127,6603,3939781,857,399879,12430,854587,0.098226,11604,4488349,0.515889,13379,5342936,0.614115,8700223
1,2021-07-21,24318,9467105,17110,5120237,6041,3945822,1167,401046,12460,856602,0.098457,11714,4500063,0.517235,13729,5356665,0.615693,8700223
1,2021-07-22,23330,9490435,16519,5136756,6027,3951849,784,401830,12734,859779,0.098823,10421,4510484,0.518433,13598,5370263,0.617256,8700223
1,2021-07-23,27450,9517885,19358,5156114,7135,3958984,957,402787,15256,864037,0.099312,12018,4522502,0.519814,16276,5386539,0.619127,8700223
1,2021-07-24,17542,9535427,12368,5168482,4638,3963622,536,403323,10342,867846,0.09975,7094,4529596,0.52063,10903,5397442,0.62038,8700223
1,2021-07-25,7041,9542468,4993,5173475,1946,3965568,102,403425,5261,871479,0.100167,1748,4531344,0.520831,5381,5402823,0.620998,8700223
1,2021-07-26,13493,9555961,8741,5182216,4248,3969816,504,403929,8573,875770,0.100661,4838,4536182,0.521387,9129,5411952,0.622048,8700223
2,2020-12-15,247,247,247,247,0,0,0,0,247,247,2.9e-05,0,0,0.0,247,247,2.9e-05,8407551
2,2020-12-16,2121,2368,2121,2368,0,0,0,0,2120,2367,0.000282,0,0,0.0,2120,2367,0.000282,8407551
2,2020-12-17,6934,9302,6934,9302,0,0,0,0,6935,9302,0.001106,0,0,0.0,6935,9302,0.001106,8407551
2,2020-12-18,11100,20402,11080,20382,20,20,0,0,11100,20402,0.002427,0,0,0.0,11100,20402,0.002427,8407551
2,2020-12-19,5633,26035,5627,26009,6,26,0,0,5634,26036,0.003097,0,0,0.0,5634,26036,0.003097,8407551
2,2020-12-20,4262,30297,4251,30260,11,37,0,0,4257,30292,0.003603,1,1,0.0,4257,30293,0.003603,8407551
2,2020-12-21,12806,43103,12777,43037,29,66,0,0,12761,43053,0.005121,0,1,0.0,12761,43054,0.005121,8407551
2,2020-12-22,12163,55266,11644,54681,519,585,0,0,12161,55214,0.006567,0,1,0.0,12161,55215,0.006567,8407551
2,2020-12-23,11729,66995,9505,64186,2224,2809,0,0,11731,66945,0.007962,1,2,0.0,11732,66947,0.007963,8407551
2,2020-12-24,5909,72904,3495,67681,2414,5223,0,0,5905,72849,0.008665,3,5,1e-06,5907,72854,0.008665,8407551
2,2020-12-25,486,73390,407,68088,79,5302,0,0,488,73337,0.008723,0,5,1e-06,488,73342,0.008723,8407551
2,2020-12-26,2558,75948,1662,69750,896,6198,0,0,2559,75895,0.009027,1,6,1e-06,2559,75901,0.009028,8407551
2,2020-12-27,2231,78179,1212,70962,1019,7217,0,0,2228,78121,0.009292,2,8,1e-06,2228,78129,0.009293,8407551
2,2020-12-28,11033,89212,7172,78134,3861,11078,0,0,11032,89151,0.010604,2,10,1e-06,11032,89161,0.010605,8407551
2,2020-12-29,12732,101944,7158,85292,5574,16652,0,0,12736,101887,0.012119,0,10,1e-06,12736,101897,0.01212,8407551
2,2020-12-30,15462,117406,8675,93967,6787,23439,0,0,15456,117340,0.013957,5,15,2e-06,15458,117355,0.013958,8407551
2,2020-12-31,7584,124990,2831,96798,4753,28192,0,0,7577,124912,0.014857,5,20,2e-06,7577,124932,0.014859,8407551
2,2021-01-01,1240,126230,613,97411,627,28819,0,0,1239,126147,0.015004,4,24,3e-06,1239,126171,0.015007,8407551
2,2021-01-02,4855,131085,2768,100179,2087,30906,0,0,4852,130997,0.015581,2,26,3e-06,4852,131023,0.015584,8407551
2,2021-01-03,1412,132497,795,100974,617,31523,0,0,1404,132397,0.015747,4,30,4e-06,1404,132427,0.015751,8407551
2,2021-01-04,11698,144195,5564,106538,6134,37657,0,0,11688,144082,0.017137,3,33,4e-06,11688,144115,0.017141,8407551
2,2021-01-05,13892,158087,6949,113487,6943,44600,0,0,12669,155572,0.018504,1214,1247,0.000148,12704,156819,0.018652,8407551
2,2021-01-06,19042,177129,10499,123986,8543,53143,0,0,15210,167020,0.019865,3773,5020,0.000597,15221,172040,0.020463,8407551
2,2021-01-07,23314,200443,13154,137140,10160,63303,0,0,15610,174938,0.020807,7708,12728,0.001514,15626,187666,0.022321,8407551
2,2021-01-08,26896,227339,16227,153367,10669,73972,0,0,16560,181244,0.021557,10279,23007,0.002736,16585,204251,0.024294,8407551
2,2021-01-09,9871,237210,5779,159146,4092,78064,0,0,6281,183951,0.021879,3581,26588,0.003162,6288,210539,0.025042,8407551
2,2021-01-10,5314,242524,2972,162118,2342,80406,0,0,3044,184731,0.021972,2270,28858,0.003432,3050,213589,0.025404,8407551
2,2021-01-11,26061,268585,18029,180147,8032,88438,0,0,14942,188608,0.022433,11115,39973,0.004754,14992,228581,0.027188,8407551
2,2021-01-12,26379,294964,16384,196531,9995,98433,0,0,16768,195848,0.023294,9613,49586,0.005898,16853,245434,0.029192,8407551
2,2021-01-13,28590,323554,15161,211692,13429,111862,0,0,20575,208457,0.024794,7996,57582,0.006849,20605,266039,0.031643,8407551
2,2021-01-14,30597,354151,11661,223353,18936,130798,0,0,26294,230520,0.027418,4308,61890,0.007361,26371,292410,0.034779,8407551
2,2021-01-15,35100,389251,12694,236047,22406,153204,0,0,31805,259128,0.030821,3288,65178,0.007752,31896,324306,0.038573,8407551
2,2021-01-16,18119,407370,5993,242040,12126,165330,0,0,16782,274570,0.032658,1352,66530,0.007913,16794,341100,0.040571,8407551
2,2021-01-17,10548,417918,3553,245593,6995,172325,0,0,9815,283647,0.033737,747,67277,0.008002,9824,350924,0.041739,8407551
2,2021-01-18,19761,437679,11042,256635,8719,181044,0,0,14944,293817,0.034947,4835,72112,0.008577,15005,365929,0.043524,8407551
2,2021-01-19,32620,470299,16950,273585,15670,196714,0,0,24582,310478,0.036928,8035,80147,0.009533,24696,390625,0.046461,8407551
2,2021-01-20,37632,507931,18982,292567,18650,215364,0,0,29006,330980,0.039367,8595,88742,0.010555,29097,419722,0.049922,8407551
2,2021-01-21,41012,548943,17426,309993,23586,238950,0,0,36498,363173,0.043196,4481,93223,0.011088,36674,456396,0.054284,8407551
2,2021-01-22,39632,588575,16563,326556,23069,262019,0,0,36275,396099,0.047112,3376,96599,0.01149,36302,492698,0.058602,8407551
2,2021-01-23,24137,612712,10787,337343,13350,275369,0,0,21159,414331,0.049281,2957,99556,0.011841,21189,513887,0.061122,8407551
2,2021-01-24,12443,625155,6103,343446,6340,281709,0,0,11524,424965,0.050546,903,100459,0.011949,11537,525424,0.062494,8407551
2,2021-01-25,33919,659074,15612,359058,18307,300016,0,0,25073,441382,0.052498,8795,109254,0.012995,25212,550636,0.065493,8407551
2,2021-01-26,40404,699478,19791,378849,20613,320629,0,0,31164,463417,0.055119,9215,118469,0.014091,31250,581886,0.06921,8407551
2,2021-01-27,45656,745134,22660,401509,22996,343625,0,0,35312,488574,0.058111,10216,128685,0.015306,35373,617259,0.073417,8407551
2,2021-01-28,47914,793048,22381,423890,25533,369158,0,0,39167,519136,0.061746,8680,137365,0.016338,39242,656501,0.078085,8407551
2,2021-01-29,45576,838624,21993,445883,23583,392741,0,0,36824,547398,0.065108,8627,145992,0.017364,36889,693390,0.082472,8407551
2,2021-01-30,31288,869912,13344,459227,17944,410685,0,0,27881,571942,0.068027,3369,149361,0.017765,27913,721303,0.085792,8407551
2,2021-01-31,17133,887045,10180,469407,6953,417638,0,0,15922,586696,0.069782,1190,150551,0.017907,15944,737247,0.087689,8407551
2,2021-02-01,41095,928140,19702,489109,21393,439031,0,0,29944,605586,0.072029,11094,161645,0.019226,29984,767231,0.091255,8407551
2,2021-02-02,47910,976050,19469,508578,28441,467472,0,0,36362,630579,0.075002,11464,173109,0.02059,36457,803688,0.095591,8407551
2,2021-02-03,54042,1030092,23811,532389,30231,497703,0,0,39777,656290,0.07806,14162,187271,0.022274,39873,843561,0.100334,8407551
2,2021-02-04,56189,1086281,24130,556519,32059,529762,0,0,40934,682177,0.081139,15146,202417,0.024076,41033,884594,0.105214,8407551
2,2021-02-05,60089,1146370,26213,582732,33876,563638,0,0,40525,703532,0.083679,19356,221773,0.026378,40711,925305,0.110056,8407551
2,2021-02-06,39337,1185707,18353,601085,20984,584622,0,0,31349,727062,0.086477,7913,229686,0.027319,31443,956748,0.113796,8407551
2,2021-02-07,15717,1201424,10436,611521,5281,589903,0,0,11940,735323,0.08746,3748,233434,0.027765,12009,968757,0.115225,8407551
2,2021-02-08,43010,1244434,21828,633349,21182,611085,0,0,29422,751511,0.089385,13442,246876,0.029364,29630,998387,0.118749,8407551
2,2021-02-09,49549,1293983,23380,656729,26169,637254,0,0,30602,763809,0.090848,18648,265524,0.031582,30946,1029333,0.12243,8407551
2,2021-02-10,59571,1353554,27859,684588,31712,668966,0,0,34347,773570,0.092009,24940,290464,0.034548,34701,1064034,0.126557,8407551
2,2021-02-11,64265,1417819,29517,714105,34748,703714,0,0,35783,781733,0.09298,28119,318583,0.037892,36282,1100316,0.130872,8407551
2,2021-02-12,65580,1483399,28179,742284,37401,741115,0,0,34815,786752,0.093577,30454,349037,0.041515,35473,1135789,0.135092,8407551
2,2021-02-13,38126,1521525,15909,758193,22217,763332,0,0,22005,793115,0.094334,16020,365057,0.04342,22383,1158172,0.137754,8407551
2,2021-02-14,20129,1541654,9346,767539,10783,774115,0,0,11186,795771,0.09465,8893,373950,0.044478,11549,1169721,0.139127,8407551
2,2021-02-15,33238,1574892,14967,782506,18271,792386,0,0,18425,800377,0.095197,14675,388625,0.046223,19281,1189002,0.141421,8407551
2,2021-02-16,56500,1631392,27705,810211,28795,821181,0,0,29760,804185,0.09565,26622,415247,0.04939,30430,1219432,0.14504,8407551
2,2021-02-17,61814,1693206,31806,842017,30008,851189,0,0,30696,804687,0.09571,31019,446266,0.053079,31521,1250953,0.148789,8407551
2,2021-02-18,66459,1759665,33492,875509,32967,884156,0,0,32360,804360,0.095671,33835,480101,0.057104,33508,1284461,0.152775,8407551
2,2021-02-19,59811,1819476,33123,908632,26688,910844,0,0,29681,804715,0.095713,29932,510033,0.060664,30287,1314748,0.156377,8407551
2,2021-02-20,37803,1857279,24538,933170,13265,924109,0,0,20540,808776,0.096196,17158,527191,0.062704,21219,1335967,0.158901,8407551
2,2021-02-21,21704,1878983,17561,950731,4143,928252,0,0,10769,809500,0.096282,10846,538037,0.063994,11570,1347537,0.160277,8407551
2,2021-02-22,39404,1918387,26918,977649,12486,940738,0,0,18646,808219,0.09613,20604,558641,0.066445,19323,1366860,0.162575,8407551
2,2021-02-23,53764,1972151,27417,1005066,26347,967085,0,0,23566,803745,0.095598,29934,588575,0.070006,25460,1392320,0.165604,8407551
2,2021-02-24,71088,2043239,36613,1041679,34475,1001560,0,0,32591,800425,0.095203,38282,626857,0.074559,34962,1427282,0.169762,8407551
2,2021-02-25,77135,2120374,36450,1078129,40685,1042245,0,0,39152,804689,0.09571,37706,664563,0.079044,41970,1469252,0.174754,8407551
2,2021-02-26,85690,2206064,36709,1114838,48981,1091226,0,0,46040,813591,0.096769,39335,703898,0.083722,48237,1517489,0.180491,8407551
2,2021-02-27,62705,2268769,29179,1144017,33519,1124745,7,7,33955,820381,0.097577,28509,732407,0.087113,35299,1552788,0.18469,8407551
2,2021-02-28,30893,2299662,18518,1162535,12374,1137119,1,8,17962,826376,0.09829,12803,745210,0.088636,18798,1571586,0.186926,8407551
2,2021-03-01,58277,2357939,30414,1192949,27817,1164936,46,54,31797,833253,0.099108,26162,771372,0.091748,33039,1604625,0.190855,8407551
2,2021-03-02,69482,2427421,33336,1226285,36135,1201071,11,65,38904,844107,0.100399,30396,801768,0.095363,41250,1645875,0.195762,8407551
2,2021-03-03,80059,2507480,38729,1265014,41315,1242386,15,80,45393,857645,0.102009,34451,836219,0.09946,47989,1693864,0.201469,8407551
2,2021-03-04,88136,2595616,43269,1308283,44836,1287222,31,111,50923,874014,0.103956,36965,873184,0.103857,53334,1747198,0.207813,8407551
2,2021-03-05,82206,2677822,38661,1346944,43236,1330458,309,420,50238,895210,0.106477,31736,904920,0.107632,52932,1800130,0.214109,8407551
2,2021-03-06,62985,2740807,30804,1377748,30482,1360940,1699,2119,38744,912982,0.108591,24104,929024,0.110499,41876,1842006,0.219089,8407551
2,2021-03-07,28605,2769412,16248,1393996,10814,1371754,1543,3662,18137,923375,0.109827,10397,939421,0.111735,20790,1862796,0.221562,8407551
2,2021-03-08,50791,2820203,23301,1417297,24927,1396681,2563,6225,31922,940739,0.111892,18762,958183,0.113967,36126,1898922,0.225859,8407551
2,2021-03-09,70650,2890853,32175,1449472,34632,1431313,3843,10068,39103,953620,0.113424,31403,989586,0.117702,44284,1943206,0.231126,8407551
2,2021-03-10,78497,2969350,37130,1486602,34827,1466140,6540,16608,41677,966560,0.114963,36593,1026179,0.122054,49533,1992739,0.237018,8407551
2,2021-03-11,93317,3062667,43051,1529653,41892,1508032,8374,24982,48680,980695,0.116645,44314,1070493,0.127325,58449,2051188,0.24397,8407551
2,2021-03-12,94167,3156834,38724,1568377,43475,1551507,11968,36950,46850,993864,0.118211,47054,1117547,0.132922,60223,2111411,0.251133,8407551
2,2021-03-13,69288,3226122,29004,1597381,32296,1583803,7988,44938,38062,1010119,0.120144,31085,1148632,0.136619,47340,2158751,0.256763,8407551
2,2021-03-14,37045,3263167,18311,1615692,14211,1598014,4523,49461,18583,1015615,0.120798,18355,1166987,0.138802,23851,2182602,0.2596,8407551
2,2021-03-15,67496,3330663,30444,1646136,32037,1630051,5015,54476,37183,1028816,0.122368,30089,1197076,0.142381,43290,2225892,0.264749,8407551
2,2021-03-16,86415,3417078,38250,1684386,44138,1674189,4027,58503,52235,1052234,0.125153,33972,1231048,0.146422,57390,2283282,0.271575,8407551
2,2021-03-17,92977,3510055,44540,1728926,44249,1718438,4188,62691,58907,1082367,0.128737,33789,1264837,0.150441,63922,2347204,0.279178,8407551
2,2021-03-18,98284,3608339,46881,1775807,46808,1765246,4595,67286,59666,1108897,0.131893,38294,1303131,0.154995,64824,2412028,0.286888,8407551
2,2021-03-19,97602,3705941,46190,1821997,45283,1810529,6129,73415,57692,1133644,0.134836,39594,1342725,0.159705,64341,2476369,0.294541,8407551
2,2021-03-20,70028,3775969,33947,1855944,32113,1842642,3968,77383,45698,1159583,0.137922,24091,1366816,0.16257,50030,2526399,0.300492,8407551
2,2021-03-21,33445,3809414,21602,1877546,9845,1852487,1998,79381,19960,1168632,0.138998,13337,1380153,0.164156,22386,2548785,0.303154,8407551
2,2021-03-22,62929,3872343,34632,1912178,25664,1878151,2633,82014,41697,1192863,0.14188,20994,1401147,0.166653,45225,2594010,0.308533,8407551
2,2021-03-23,83762,3956105,44513,1956691,36333,1914484,2916,84930,52180,1217504,0.144811,31294,1432441,0.170376,55935,2649945,0.315186,8407551
2,2021-03-24,91661,4047766,49240,2005931,39251,1953735,3170,88100,53636,1237441,0.147182,37683,1470124,0.174858,57620,2707565,0.32204,8407551
2,2021-03-25,101281,4149047,51109,2057040,46272,2000007,3900,92000,57169,1255531,0.149334,43737,1513861,0.18006,61827,2769392,0.329393,8407551
2,2021-03-26,103390,4252437,51281,2108321,48616,2048623,3493,95493,56321,1269724,0.151022,46668,1560529,0.18561,60861,2830253,0.336632,8407551
2,2021-03-27,75624,4328061,37731,2146052,34594,2083217,3299,98792,37779,1274076,0.151539,37583,1598112,0.190081,41935,2872188,0.34162,8407551
2,2021-03-28,37703,4365764,23285,2169337,13607,2096824,811,99603,20076,1278319,0.152044,17494,1615606,0.192161,21737,2893925,0.344205,8407551
2,2021-03-29,71335,4437099,36252,2205589,32807,2129631,2276,101879,40463,1291305,0.153589,30654,1646260,0.195807,43640,2937565,0.349396,8407551
2,2021-03-30,91930,4529029,45025,2250614,42529,2172160,4376,106255,51584,1307736,0.155543,40130,1686390,0.20058,56561,2994126,0.356123,8407551
2,2021-03-31,101197,4630226,52134,2302748,43957,2216117,5106,111361,57394,1327097,0.157846,43484,1729874,0.205752,62845,3056971,0.363598,8407551
2,2021-04-01,117617,4747843,56820,2359568,51551,2267668,9246,120607,64039,1347623,0.160287,53166,1783040,0.212076,73692,3130663,0.372363,8407551
2,2021-04-02,111669,4859512,51432,2411000,50036,2317704,10201,130808,59915,1366841,0.162573,51360,1834400,0.218185,70578,3201241,0.380758,8407551
2,2021-04-03,76862,4936374,37754,2448754,29281,2346985,9827,140635,38060,1376522,0.163724,38589,1872989,0.222775,48270,3249511,0.386499,8407551
2,2021-04-04,29014,4965388,14925,2463679,10229,2357214,3860,144495,13020,1377545,0.163846,15885,1888874,0.224664,16908,3266419,0.38851,8407551
2,2021-04-05,79163,5044551,38794,2502473,31526,2388740,8843,153338,38175,1384503,0.164674,40801,1929675,0.229517,47759,3314178,0.394191,8407551
2,2021-04-06,103934,5148485,50611,2553084,38606,2427346,14717,168055,49184,1394337,0.165843,54461,1984136,0.235995,64295,3378473,0.401838,8407551
2,2021-04-07,110531,5259016,55139,2608223,39135,2466481,16257,184312,51981,1404592,0.167063,58248,2042384,0.242923,68503,3446976,0.409986,8407551
2,2021-04-08,119364,5378380,57442,2665665,43186,2509667,18736,203048,55347,1415595,0.168372,63641,2106025,0.250492,74644,3521620,0.418864,8407551
2,2021-04-09,118896,5497276,57240,2722905,43527,2553194,18129,221177,56219,1428480,0.169904,62296,2168321,0.257902,75181,3596801,0.427806,8407551
2,2021-04-10,87622,5584898,37798,2760703,31399,2584593,18425,239602,36074,1432372,0.170367,51282,2219603,0.264001,55174,3651975,0.434368,8407551
2,2021-04-11,44495,5629393,23081,2783784,12940,2597533,8474,248076,18219,1433653,0.17052,26134,2245737,0.26711,27415,3679390,0.437629,8407551
2,2021-04-12,80048,5709441,37281,2821065,33357,2630890,9410,257486,35620,1435523,0.170742,44150,2289887,0.272361,46020,3725410,0.443103,8407551
2,2021-04-13,101893,5811334,52860,2873925,48772,2679662,261,257747,55809,1446678,0.172069,45810,2335697,0.277809,56965,3782375,0.449878,8407551
2,2021-04-14,106866,5918200,55969,2929894,50844,2730506,53,257800,54627,1450865,0.172567,51928,2387625,0.283986,56115,3838490,0.456553,8407551
2,2021-04-15,113278,6031478,60120,2990014,53072,2783578,86,257886,59155,1457454,0.173351,53721,2441346,0.290375,60310,3898800,0.463726,8407551
2,2021-04-16,110900,6142378,57475,3047489,53370,2836948,55,257941,56326,1460467,0.173709,54218,2495564,0.296824,57231,3956031,0.470533,8407551
2,2021-04-17,83635,6226013,42547,3090036,41073,2878021,15,257956,46827,1471617,0.175035,36558,2532122,0.301172,47708,4003739,0.476208,8407551
2,2021-04-18,35678,6261691,21653,3111689,14018,2892039,7,257963,17027,1471115,0.174975,18518,2550640,0.303375,18016,4021755,0.47835,8407551
2,2021-04-19,74993,6336684,40376,3152065,34600,2926639,17,257980,34236,1465506,0.174308,40482,2591122,0.30819,34873,4056628,0.482498,8407551
2,2021-04-20,97825,6434509,49594,3201659,48205,2974844,26,258006,47587,1463974,0.174126,49888,2641010,0.314124,48356,4104984,0.48825,8407551
2,2021-04-21,103812,6538321,56192,3257851,47561,3022405,59,258065,49133,1459926,0.173645,54212,2695222,0.320572,50164,4155148,0.494216,8407551
2,2021-04-22,108348,6646669,56036,3313887,52288,3074693,24,258089,47528,1447980,0.172224,60392,2755614,0.327755,48446,4203594,0.499978,8407551
2,2021-04-23,107953,6754622,57427,3371314,50508,3125201,18,258107,50058,1441505,0.171454,57471,2813085,0.33459,50996,4254590,0.506044,8407551
2,2021-04-24,80955,6835577,47655,3418969,33260,3158461,40,258147,42242,1446352,0.17203,38365,2851450,0.339153,43212,4297802,0.511184,8407551
2,2021-04-25,36565,6872142,22515,3441484,14035,3172496,15,258162,19922,1450261,0.172495,16494,2867944,0.341115,20403,4318205,0.51361,8407551
2,2021-04-26,74299,6946441,41147,3482631,32844,3205340,308,258470,34282,1446558,0.172055,39740,2907684,0.345842,36037,4354242,0.517897,8407551
2,2021-04-27,88370,7034811,46620,3529251,40385,3245725,1365,259835,38011,1437206,0.170942,49969,2957653,0.351785,40617,4394859,0.522728,8407551
2,2021-04-28,88227,7123038,47153,3576404,39205,3284930,1869,261704,39017,1430139,0.170102,48865,3006518,0.357597,41798,4436657,0.527699,8407551
2,2021-04-29,91013,7214051,49565,3625969,39738,3324668,1710,263414,35404,1412638,0.16802,55216,3061734,0.364165,37715,4474372,0.532185,8407551
2,2021-04-30,94879,7308930,52463,3678432,40416,3365084,2000,265414,36984,1394859,0.165906,57419,3119153,0.370994,39640,4514012,0.5369,8407551
2,2021-05-01,62353,7371283,38022,3716454,22751,3387835,1580,266994,24340,1383938,0.164607,37694,3156847,0.375478,26773,4540785,0.540084,8407551
2,2021-05-02,29161,7400444,20266,3736720,7921,3395756,974,267968,11084,1378143,0.163917,17942,3174789,0.377612,12147,4552932,0.541529,8407551
2,2021-05-03,60502,7460946,35913,3772633,22533,3418289,2056,270024,20377,1360991,0.161877,39852,3214641,0.382352,22700,4575632,0.544229,8407551
2,2021-05-04,79689,7540635,47557,3820190,29755,3448044,2377,272401,25955,1336331,0.158944,53388,3268029,0.388702,28728,4604360,0.547646,8407551
2,2021-05-05,80359,7620994,47862,3868052,30149,3478193,2348,274749,25202,1309478,0.15575,54768,3322797,0.395216,27915,4632275,0.550966,8407551
2,2021-05-06,82742,7703736,50242,3918294,29582,3507775,2918,277667,25264,1281302,0.152399,56995,3379792,0.401995,28819,4661094,0.554394,8407551
2,2021-05-07,83551,7787287,48230,3966524,32897,3540672,2424,280091,25706,1252439,0.148966,57451,3437243,0.408828,28588,4689682,0.557794,8407551
2,2021-05-08,55273,7842560,33481,4000005,20080,3560752,1712,281803,17356,1234557,0.146839,37680,3474923,0.41331,19798,4709480,0.560149,8407551
2,2021-05-09,21763,7864323,15702,4015707,5313,3566065,748,282551,6343,1226539,0.145885,15339,3490262,0.415134,7321,4716801,0.56102,8407551
2,2021-05-10,49967,7914290,27177,4042884,20922,3586987,1868,284419,14120,1207534,0.143625,35602,3525864,0.419369,16597,4733398,0.562994,8407551
2,2021-05-11,65643,7979933,35428,4078312,28106,3615093,2109,286528,19821,1184627,0.1409,45526,3571390,0.424784,22619,4756017,0.565684,8407551
2,2021-05-12,64815,8044748,34547,4112859,28053,3643146,2215,288743,19095,1160913,0.13808,45411,3616801,0.430185,21697,4777714,0.568265,8407551
2,2021-05-13,70521,8115269,40963,4153822,27617,3670763,1941,290684,25824,1144999,0.136187,44413,3661214,0.435467,28499,4806213,0.571654,8407551
2,2021-05-14,79396,8194665,47559,4201381,29580,3700343,2257,292941,30486,1129843,0.134384,48544,3709758,0.441241,33388,4839601,0.575626,8407551
2,2021-05-15,65974,8260639,43318,4244699,20945,3721288,1711,294652,25527,1117268,0.132889,40205,3749963,0.446023,27630,4867231,0.578912,8407551
2,2021-05-16,31508,8292147,23560,4268259,7024,3728312,924,295576,12812,1112564,0.132329,18568,3768531,0.448232,13864,4881095,0.580561,8407551
2,2021-05-17,57836,8349983,36645,4304904,19255,3747567,1936,297512,22780,1102817,0.13117,34824,3803355,0.452374,25077,4906172,0.583544,8407551
2,2021-05-18,69973,8419956,40953,4345857,27057,3774624,1963,299475,27809,1091236,0.129792,41893,3845248,0.457356,30312,4936484,0.587149,8407551
2,2021-05-19,68698,8488654,40635,4386492,26053,3800677,2010,301485,27175,1079672,0.128417,41215,3886463,0.462259,29651,4966135,0.590676,8407551
2,2021-05-20,69358,8558012,40214,4426706,26957,3827634,2187,303672,26351,1066123,0.126805,42676,3929139,0.467335,29127,4995262,0.59414,8407551
2,2021-05-21,72741,8630753,42916,4469622,27674,3855308,2151,305823,27575,1051594,0.125077,44809,3973948,0.472664,30280,5025542,0.597741,8407551
2,2021-05-22,53348,8684101,33798,4503420,17776,3873084,1774,307597,22275,1045338,0.124333,30843,4004791,0.476333,24587,5050129,0.600666,8407551
2,2021-05-23,24405,8708506,16651,4520071,7028,3880112,726,308323,10269,1042464,0.123991,14008,4018799,0.477999,11134,5061263,0.60199,8407551
2,2021-05-24,44747,8753253,25411,4545482,17568,3897680,1768,310091,17177,1034398,0.123032,27351,4046150,0.481252,19285,5080548,0.604284,8407551
2,2021-05-25,50664,8803917,29650,4575132,19152,3916832,1862,311953,19260,1024960,0.121909,31100,4077250,0.484951,21662,5102210,0.60686,8407551
2,2021-05-26,48620,8852537,27229,4602361,19704,3936536,1687,313640,18986,1016669,0.120923,29304,4106554,0.488436,21013,5123223,0.60936,8407551
2,2021-05-27,46506,8899043,26348,4628709,18419,3954955,1739,315379,18565,1009777,0.120104,27698,4134252,0.491731,20806,5144029,0.611834,8407551
2,2021-05-28,49905,8948948,27542,4656251,20390,3975345,1973,317352,20936,1004402,0.119464,28711,4162963,0.495146,23336,5167365,0.61461,8407551
2,2021-05-29,28934,8977882,17345,4673596,10535,3985880,1054,318406,13246,1003334,0.119337,15538,4178501,0.496994,14470,5181835,0.616331,8407551
2,2021-05-30,12635,8990517,8137,4681733,3735,3989615,763,319169,5526,1002631,0.119254,7058,4185559,0.497833,6355,5188190,0.617087,8407551
2,2021-05-31,5870,8996387,3426,4685159,2141,3991756,303,319472,1821,1000813,0.119037,3991,4189550,0.498308,2173,5190363,0.617345,8407551
2,2021-06-01,44681,9041068,25668,4710827,17353,4009109,1660,321132,15579,989623,0.117706,28804,4218354,0.501734,17614,5207977,0.61944,8407551
2,2021-06-02,38144,9079212,22453,4733280,14286,4023395,1405,322537,14952,983340,0.116959,22935,4241289,0.504462,16652,5224629,0.621421,8407551
2,2021-06-03,41308,9120520,26601,4759881,13242,4036637,1465,324002,13924,971963,0.115606,27147,4268436,0.507691,15770,5240399,0.623297,8407551
2,2021-06-04,47912,9168432,31304,4791185,15071,4051708,1537,325539,15505,957418,0.113876,32111,4300547,0.51151,17566,5257965,0.625386,8407551
2,2021-06-05,37768,9206200,26950,4818135,9357,4061065,1461,327000,11840,945434,0.112451,25703,4326250,0.514567,13719,5271684,0.627018,8407551
2,2021-06-06,14881,9221081,12210,4830345,2092,4063157,579,327579,4694,940773,0.111896,10123,4336373,0.515771,5462,5277146,0.627667,8407551
2,2021-06-07,33222,9254303,23247,4853592,8703,4071860,1272,328851,10804,930822,0.110713,22273,4358646,0.51842,12322,5289468,0.629133,8407551
2,2021-06-08,40557,9294860,28709,4882301,10477,4082337,1371,330222,12466,917184,0.109091,27848,4386494,0.521733,14210,5303678,0.630823,8407551
2,2021-06-09,38050,9332910,26568,4908869,9988,4092325,1494,331716,11529,904203,0.107547,26328,4412822,0.524864,13347,5317025,0.632411,8407551
2,2021-06-10,37692,9370602,26213,4935082,9954,4102279,1525,333241,11588,891882,0.106081,25904,4438726,0.527945,13583,5330608,0.634026,8407551
2,2021-06-11,41182,9411784,27339,4962421,12178,4114457,1665,334906,13207,879337,0.104589,27712,4466438,0.531241,15167,5345775,0.63583,8407551
2,2021-06-12,29337,9441121,21582,4984003,6842,4121299,913,335819,8665,868602,0.103312,20535,4486973,0.533684,9800,5355575,0.636996,8407551
2,2021-06-13,12203,9453324,8909,4992912,2676,4123975,618,336437,3101,863447,0.102699,9041,4496014,0.534759,3886,5359461,0.637458,8407551
2,2021-06-14,29844,9483168,21178,5014090,7473,4131448,1193,337630,10344,855857,0.101796,19334,4515348,0.537059,11744,5371205,0.638855,8407551
2,2021-06-15,35458,9518626,23592,5037682,9821,4141269,2045,339675,11920,846896,0.10073,23302,4538650,0.53983,14341,5385546,0.640561,8407551
2,2021-06-16,32851,9551477,22651,5060333,8412,4149681,1788,341463,11294,838901,0.099779,21389,4560039,0.542374,13394,5398940,0.642154,8407551
2,2021-06-17,30740,9582217,20519,5080852,8425,4158106,1796,343259,10877,832090,0.098969,19689,4579728,0.544716,12878,5411818,0.643685,8407551
2,2021-06-18,34586,9616803,22781,5103633,9934,4168040,1871,345130,12631,825114,0.09814,21735,4601463,0.547301,14759,5426577,0.645441,8407551
2,2021-06-19,20855,9637658,14515,5118148,5081,4173121,1259,346389,7896,821658,0.097729,12798,4614261,0.548823,9342,5435919,0.646552,8407551
2,2021-06-20,8257,9645915,5898,5124046,1895,4175016,464,346853,3055,820082,0.097541,5162,4619423,0.549437,3586,5439505,0.646979,8407551
2,2021-06-21,19271,9665186,11800,5135846,6157,4181173,1314,348167,9854,822131,0.097785,9300,4628723,0.550544,11349,5450854,0.648328,8407551
2,2021-06-22,26775,9691961,18334,5154180,7068,4188241,1373,349540,10498,818162,0.097313,16112,4644835,0.55246,12143,5462997,0.649773,8407551
2,2021-06-23,25823,9717784,17829,5172009,6378,4194619,1616,351156,10528,815446,0.09699,15153,4659988,0.554262,12437,5475434,0.651252,8407551
2,2021-06-24,25223,9743007,17180,5189189,6537,4201156,1506,352662,10433,812968,0.096695,14645,4674633,0.556004,12167,5487601,0.652699,8407551
2,2021-06-25,28617,9771624,19404,5208593,7731,4208887,1482,354144,11962,810142,0.096359,16498,4691131,0.557966,13672,5501273,0.654325,8407551
2,2021-06-26,18459,9790083,13599,5222192,3933,4212820,927,355071,7516,807972,0.096101,10857,4701988,0.559258,8687,5509960,0.655358,8407551
2,2021-06-27,8759,9798842,6687,5228879,1626,4214446,446,355517,3510,806850,0.095967,5201,4707189,0.559876,4079,5514039,0.655844,8407551
2,2021-06-28,19694,9818536,14961,5243840,3496,4217942,1237,356754,8677,806065,0.095874,10888,4718077,0.561171,10103,5524142,0.657045,8407551
2,2021-06-29,22559,9841095,15718,5259558,5770,4223712,1071,357825,9602,804151,0.095646,12823,4730900,0.562697,10909,5535051,0.658343,8407551
2,2021-06-30,21792,9862887,15461,5275019,5309,4229021,1022,358847,9696,803135,0.095525,11962,4742862,0.564119,10946,5545997,0.659645,8407551
2,2021-07-01,19647,9882534,13900,5288919,4879,4233900,868,359715,8728,802131,0.095406,10803,4753665,0.565404,9799,5555796,0.66081,8407551
2,2021-07-02,22608,9905142,15608,5304527,5983,4239883,1017,360732,9979,800851,0.095254,12474,4766139,0.566888,11194,5566990,0.662142,8407551
2,2021-07-03,12419,9917561,8958,5313485,2991,4242874,470,361202,5679,800467,0.095208,6653,4772792,0.567679,6269,5573259,0.662887,8407551
2,2021-07-04,986,9918547,580,5314065,339,4243213,67,361269,422,800425,0.095203,554,4773346,0.567745,512,5573771,0.662948,8407551
2,2021-07-05,10952,9929499,8011,5322076,2534,4245747,407,361676,5024,800111,0.095166,5870,4779216,0.568443,5556,5579327,0.663609,8407551
2,2021-07-06,23446,9952945,17052,5339128,5426,4251173,968,362644,9065,796176,0.094698,14242,4793458,0.570137,10307,5589634,0.664835,8407551
2,2021-07-07,20350,9973295,14523,5353651,4747,4255920,1080,363724,8657,794617,0.094512,11559,4805017,0.571512,10000,5599634,0.666024,8407551
2,2021-07-08,18983,9992278,13231,5366882,4728,4260648,1024,364748,8021,793009,0.094321,10860,4815877,0.572804,9252,5608886,0.667125,8407551
2,2021-07-09,22262,10014540,15420,5382302,5626,4266274,1216,365964,9405,791119,0.094096,12720,4828597,0.574317,10830,5619716,0.668413,8407551
2,2021-07-10,14074,10028614,10375,5392677,3012,4269286,687,366651,6165,790312,0.094,7815,4836412,0.575246,7008,5626724,0.669246,8407551
2,2021-07-11,6531,10035145,4796,5397473,1385,4270671,350,367001,3079,790400,0.094011,3409,4839821,0.575652,3497,5630221,0.669662,8407551
2,2021-07-12,18036,10053181,13251,5410724,3923,4274594,862,367863,7770,789082,0.093854,10155,4849976,0.57686,8837,5639058,0.670714,8407551
2,2021-07-13,19288,10072469,13604,5424328,4807,4279401,877,368740,8638,788281,0.093759,10511,4860487,0.57811,9710,5648768,0.671868,8407551
2,2021-07-14,18414,10090883,13158,5437486,4481,4283882,775,369515,8226,787417,0.093656,10070,4870557,0.579307,9206,5657974,0.672963,8407551
2,2021-07-15,18574,10109457,13494,5450980,4401,4288283,679,370194,8446,786737,0.093575,10017,4880574,0.580499,9337,5667311,0.674074,8407551
2,2021-07-16,22451,10131908,16182,5467162,5466,4293749,803,370997,10745,786912,0.093596,11577,4892151,0.581876,11752,5679063,0.675472,8407551
2,2021-07-17,13875,10145783,10087,5477249,3283,4297032,505,371502,6702,787165,0.093626,7085,4899236,0.582719,7338,5686401,0.676345,8407551
2,2021-07-18,6703,10152486,5026,5482275,1354,4298386,323,371825,3403,787701,0.09369,3259,4902495,0.583106,3795,5690196,0.676796,8407551
2,2021-07-19,18084,10170570,13481,5495756,3884,4302270,719,372544,8960,788556,0.093791,9009,4911504,0.584178,9864,5700060,0.677969,8407551
2,2021-07-20,20359,10190929,14528,5510284,5022,4307292,809,373353,10316,789977,0.09396,9916,4921420,0.585357,11337,5711397,0.679318,8407551
2,2021-07-21,19658,10210587,14335,5524619,4600,4311892,723,374076,10222,791784,0.094175,9314,4930734,0.586465,11121,5722518,0.68064,8407551
2,2021-07-22,19481,10230068,13963,5538582,4716,4316608,802,374878,10478,794352,0.094481,8869,4939603,0.58752,11437,5733955,0.682001,8407551
2,2021-07-23,23166,10253234,16301,5554883,5896,4322504,969,375847,12673,797823,0.094894,10350,4949953,0.588751,13821,5747776,0.683645,8407551
2,2021-07-24,14291,10267525,10321,5565204,3488,4325992,482,376329,7964,800139,0.095169,6222,4956175,0.589491,8538,5756314,0.68466,8407551
2,2021-07-25,6502,10274027,4773,5569977,1594,4327586,135,376464,4805,803458,0.095564,1655,4957830,0.589688,4974,5761288,0.685252,8407551
2,2021-07-26,11476,10285503,7654,5577631,3312,4330898,510,376974,7289,807252,0.096015,4108,4961938,0.590176,7902,5769190,0.686191,8407551
3,2020-12-15,326,326,326,326,0,0,0,0,326,326,4e-05,0,0,0.0,326,326,4e-05,8129050
3,2020-12-16,2466,2792,2466,2792,0,0,0,0,2467,2793,0.000344,0,0,0.0,2467,2793,0.000344,8129050
3,2020-12-17,7854,10646,7854,10646,0,0,0,0,7854,10647,0.00131,0,0,0.0,7854,10647,0.00131,8129050
3,2020-12-18,13428,24074,13410,24056,18,18,0,0,13427,24074,0.002961,0,0,0.0,13427,24074,0.002961,8129050
3,2020-12-19,7258,31332,7245,31301,13,31,0,0,7321,31395,0.003862,0,0,0.0,7321,31395,0.003862,8129050
3,2020-12-20,5662,36994,5653,36954,9,40,0,0,5709,37103,0.004564,1,1,0.0,5709,37104,0.004564,8129050
3,2020-12-21,14393,51387,14367,51321,26,66,0,0,14457,51559,0.006343,1,2,0.0,14457,51561,0.006343,8129050
3,2020-12-22,14834,66221,14251,65572,583,649,0,0,14872,66429,0.008172,2,4,0.0,14872,66433,0.008172,8129050
3,2020-12-23,14839,81060,12237,77809,2602,3251,0,0,14856,81284,0.009999,2,6,1e-06,14857,81290,0.01,8129050
3,2020-12-24,6784,87844,4867,82676,1917,5168,0,0,6781,88063,0.010833,2,8,1e-06,6781,88071,0.010834,8129050
3,2020-12-25,723,88567,666,83342,57,5225,0,0,721,88784,0.010922,0,8,1e-06,721,88792,0.010923,8129050
3,2020-12-26,4626,93193,3000,86342,1626,6851,0,0,4624,93408,0.011491,0,8,1e-06,4624,93416,0.011492,8129050
3,2020-12-27,2985,96178,1856,88198,1129,7980,0,0,2985,96393,0.011858,0,8,1e-06,2985,96401,0.011859,8129050
3,2020-12-28,13635,109813,8718,96916,4917,12897,0,0,13660,110052,0.013538,1,9,1e-06,13660,110061,0.013539,8129050
3,2020-12-29,15035,124848,8467,105383,6568,19465,0,0,15062,125112,0.015391,2,11,1e-06,15062,125123,0.015392,8129050
3,2020-12-30,18048,142896,10063,115446,7985,27450,0,0,18053,143164,0.017611,2,13,2e-06,18054,143177,0.017613,8129050
3,2020-12-31,8452,151348,3243,118689,5209,32659,0,0,8451,151613,0.018651,2,15,2e-06,8451,151628,0.018653,8129050
3,2021-01-01,1552,152900,736,119425,816,33475,0,0,1549,153161,0.018841,1,16,2e-06,1549,153177,0.018843,8129050
3,2021-01-02,4936,157836,2421,121846,2515,35990,0,0,4936,158097,0.019448,0,16,2e-06,4936,158113,0.01945,8129050
3,2021-01-03,1616,159452,847,122693,769,36759,0,0,1607,159702,0.019646,2,18,2e-06,1607,159720,0.019648,8129050
3,2021-01-04,12054,171506,5975,128668,6079,42838,0,0,12026,171721,0.021124,7,25,3e-06,12026,171746,0.021127,8129050
3,2021-01-05,15743,187249,8149,136817,7594,50432,0,0,14070,184161,0.022655,1658,1683,0.000207,14098,185844,0.022862,8129050
3,2021-01-06,20616,207865,10911,147728,9705,60137,0,0,16065,195730,0.024078,4505,6188,0.000761,16074,201918,0.024839,8129050
3,2021-01-07,26658,234523,15240,162968,11418,71555,0,0,17182,203490,0.025032,9439,15627,0.001922,17199,219117,0.026955,8129050
3,2021-01-08,30677,265200,18749,181717,11928,83483,0,0,18190,209238,0.02574,12465,28092,0.003456,18213,237330,0.029195,8129050
3,2021-01-09,12463,277663,7047,188764,5416,88899,0,0,7929,212649,0.026159,4527,32619,0.004013,7938,245268,0.030172,8129050
3,2021-01-10,7225,284888,4482,193246,2743,91642,0,0,4070,213572,0.026273,3153,35772,0.004401,4076,249344,0.030673,8129050
3,2021-01-11,29137,314025,19070,212316,10067,101709,0,0,16487,217460,0.026751,12643,48415,0.005956,16531,265875,0.032707,8129050
3,2021-01-12,32618,346643,19492,231808,13126,114835,0,0,19968,224946,0.027672,12630,61045,0.007509,20116,285991,0.035181,8129050
3,2021-01-13,34574,381217,18044,249852,16530,131365,0,0,24348,239103,0.029413,10211,71256,0.008766,24368,310359,0.038179,8129050
3,2021-01-14,34754,415971,14217,264069,20537,151902,0,0,28830,262087,0.032241,5884,77140,0.009489,28868,339227,0.04173,8129050
3,2021-01-15,39005,454976,14447,278516,24558,176460,0,0,34323,291816,0.035898,4665,81805,0.010063,34394,373621,0.045961,8129050
3,2021-01-16,21773,476749,7421,285937,14352,190812,0,0,19446,308967,0.038008,2316,84121,0.010348,19467,393088,0.048356,8129050
3,2021-01-17,13148,489897,4458,290395,8690,199502,0,0,12108,320055,0.039372,1039,85160,0.010476,12127,405215,0.049848,8129050
3,2021-01-18,24800,514697,12955,303350,11845,211347,0,0,19189,333688,0.041049,5599,90759,0.011165,19232,424447,0.052214,8129050
3,2021-01-19,41109,555806,20899,324249,20210,231557,0,0,31977,356656,0.043874,9096,99855,0.012284,32064,456511,0.056158,8129050
3,2021-01-20,46226,602032,23034,347283,23192,254749,0,0,36650,383862,0.047221,9528,109383,0.013456,36734,493245,0.060677,8129050
3,2021-01-21,48104,650136,20863,368146,27241,281990,0,0,42585,421071,0.051798,5454,114837,0.014127,42663,535908,0.065925,8129050
3,2021-01-22,49831,699967,19849,387995,29982,311972,0,0,45602,462545,0.0569,4200,119037,0.014643,45674,581582,0.071544,8129050
3,2021-01-23,30373,730340,12802,400797,17571,329543,0,0,27074,486382,0.059833,3291,122328,0.015048,27128,608710,0.074881,8129050
3,2021-01-24,17899,748239,8492,409289,9407,338950,0,0,16714,501945,0.061747,1182,123510,0.015194,16745,625455,0.076941,8129050
3,2021-01-25,40900,789139,18231,427520,22669,361619,0,0,30902,522968,0.064333,9969,133479,0.01642,30992,656447,0.080753,8129050
3,2021-01-26,47379,836518,22627,450147,24752,386371,0,0,37186,550098,0.067671,10159,143638,0.01767,37289,693736,0.08534,8129050
3,2021-01-27,51528,888046,24528,474675,27000,413371,0,0,40844,580410,0.071399,10614,154252,0.018975,40926,734662,0.090375,8129050
3,2021-01-28,51955,940001,24114,498789,27841,441212,0,0,42995,614589,0.075604,8875,163127,0.020067,43054,777716,0.095671,8129050
3,2021-01-29,51071,991072,24508,523297,26563,467775,0,0,41294,646333,0.079509,9599,172726,0.021248,41343,819059,0.100757,8129050
3,2021-01-30,37438,1028510,17794,541091,19644,487419,0,0,32712,674459,0.082969,4671,177397,0.021823,32797,851856,0.104792,8129050
3,2021-01-31,22449,1050959,12753,553844,9696,497115,0,0,21027,694100,0.085385,1407,178804,0.021996,21048,872904,0.107381,8129050
3,2021-02-01,45960,1096919,21009,574853,24951,522066,0,0,35036,718298,0.088362,10871,189675,0.023333,35069,907973,0.111695,8129050
3,2021-02-02,54556,1151475,22763,597616,31793,553859,0,0,42082,748049,0.092022,12381,202056,0.024856,42132,950105,0.116878,8129050
3,2021-02-03,60142,1211617,26690,624306,33452,587311,0,0,44723,777556,0.095652,15288,217344,0.026737,44795,994900,0.122388,8129050
3,2021-02-04,64499,1276116,27921,652227,36578,623889,0,0,47226,807819,0.099374,17077,234421,0.028837,47340,1042240,0.128212,8129050
3,2021-02-05,70473,1346589,29791,682018,40682,664571,0,0,48658,835086,0.102729,21572,255993,0.031491,48839,1091079,0.13422,8129050
3,2021-02-06,43726,1390315,20967,702985,22759,687330,0,0,34061,859711,0.105758,9619,265612,0.032674,34244,1125323,0.138432,8129050
3,2021-02-07,19741,1410056,12551,715536,7190,694520,0,0,15150,870413,0.107074,4572,270184,0.033237,15274,1140597,0.140311,8129050
3,2021-02-08,51605,1461661,24952,740488,26653,721173,0,0,33821,886777,0.109087,17644,287828,0.035407,34008,1174605,0.144495,8129050
3,2021-02-09,58850,1520511,28508,768996,30342,751515,0,0,34407,897364,0.11039,24167,311995,0.03838,34754,1209359,0.14877,8129050
3,2021-02-10,68439,1588950,31849,800845,36590,788105,0,0,36678,903085,0.111094,31462,343457,0.042251,37183,1246542,0.153344,8129050
3,2021-02-11,70836,1659786,34847,835692,35989,824094,0,0,37625,908389,0.111746,32863,376320,0.046293,38167,1284709,0.158039,8129050
3,2021-02-12,75766,1735552,32684,868376,43082,867176,0,0,41753,917209,0.112831,33706,410026,0.05044,42526,1327235,0.163271,8129050
3,2021-02-13,45283,1780835,20519,888895,24764,891940,0,0,26068,924758,0.11376,19101,429127,0.052789,26650,1353885,0.166549,8129050
3,2021-02-14,27436,1808271,13722,902617,13714,905654,0,0,15226,928285,0.114194,12150,441277,0.054284,15677,1369562,0.168477,8129050
3,2021-02-15,40316,1848587,17356,919973,22960,928614,0,0,22265,933550,0.114841,17941,459218,0.056491,23206,1392768,0.171332,8129050
3,2021-02-16,70464,1919051,33351,953324,37113,965727,0,0,36577,937409,0.115316,33746,492964,0.060642,37605,1430373,0.175958,8129050
3,2021-02-17,72302,1991353,36534,989858,35768,1001495,0,0,34243,934903,0.115008,37820,530784,0.065295,35314,1465687,0.180302,8129050
3,2021-02-18,77444,2068797,40445,1030303,36999,1038494,0,0,35801,930602,0.114479,41446,572230,0.070393,37145,1502832,0.184872,8129050
3,2021-02-19,69549,2138346,40095,1070398,29454,1067948,0,0,35087,932087,0.114661,34300,606530,0.074613,35785,1538617,0.189274,8129050
3,2021-02-20,43161,2181507,27269,1097667,15892,1083840,0,0,22518,934589,0.114969,20520,627050,0.077137,23022,1561639,0.192106,8129050
3,2021-02-21,24257,2205764,19501,1117168,4756,1088596,0,0,11820,934456,0.114953,12342,639392,0.078655,12209,1573848,0.193608,8129050
3,2021-02-22,47465,2253229,30914,1148082,16551,1105147,0,0,22184,931987,0.114649,25136,664528,0.081747,22667,1596515,0.196396,8129050
3,2021-02-23,63428,2316657,34447,1182529,28981,1134128,0,0,27622,926023,0.113915,35577,700105,0.086124,29613,1626128,0.200039,8129050
3,2021-02-24,79676,2396333,39140,1221669,40536,1174664,0,0,35182,919490,0.113112,44234,744339,0.091565,37701,1663829,0.204677,8129050
3,2021-02-25,89305,2485638,43485,1265154,45820,1220484,0,0,44427,921949,0.113414,44565,788904,0.097048,47024,1710853,0.210462,8129050
3,2021-02-26,100283,2585921,45902,1311056,54381,1274865,0,0,52919,930144,0.114422,46934,835838,0.102821,55129,1765982,0.217243,8129050
3,2021-02-27,71026,2656947,32638,1343694,38384,1313249,4,4,37508,935693,0.115105,33273,869111,0.106914,38822,1804804,0.222019,8129050
3,2021-02-28,41456,2698403,23944,1367638,17508,1330757,4,8,21276,937949,0.115382,19976,889087,0.109372,22232,1827036,0.224754,8129050
3,2021-03-01,69619,2768022,36934,1404572,32649,1363406,36,44,38626,947205,0.116521,30744,919831,0.113154,40000,1867036,0.229675,8129050
3,2021-03-02,79996,2848018,39544,1444116,40444,1403850,8,52,46197,961851,0.118323,33636,953467,0.117291,48282,1915318,0.235614,8129050
3,2021-03-03,89624,2937642,43025,1487141,46576,1450426,23,75,50204,975168,0.119961,39179,992646,0.122111,52496,1967814,0.242072,8129050
3,2021-03-04,94110,3031752,46079,1533220,48010,1498436,21,96,53384,990372,0.121831,40476,1033122,0.12709,55680,2023494,0.248921,8129050
3,2021-03-05,91067,3122819,44636,1577856,46139,1544575,292,388,55545,1013194,0.124639,35247,1068369,0.131426,58069,2081563,0.256065,8129050
3,2021-03-06,65565,3188384,33297,1611153,30108,1574683,2160,2548,37583,1026573,0.126284,27825,1096194,0.134849,41204,2122767,0.261133,8129050
3,2021-03-07,39232,3227616,22678,1633831,14658,1589341,1896,4444,22052,1034588,0.12727,17098,1113292,0.136952,25113,2147880,0.264223,8129050
3,2021-03-08,60055,3287671,28654,1662485,28394,1617735,3007,7451,37994,1055227,0.129809,21892,1135184,0.139645,42531,2190411,0.269455,8129050
3,2021-03-09,77316,3364987,35708,1698193,37147,1654882,4461,11912,41539,1066748,0.131227,35624,1170808,0.144028,47145,2237556,0.275254,8129050
3,2021-03-10,83172,3448159,41406,1739599,35672,1690554,6094,18006,43493,1078270,0.132644,39444,1210252,0.14888,50966,2288522,0.281524,8129050
3,2021-03-11,97541,3545700,47651,1787250,41266,1731820,8624,26630,47818,1086336,0.133636,49435,1259687,0.154961,57501,2346023,0.288597,8129050
3,2021-03-12,102246,3647946,45559,1832809,44785,1776605,11902,38532,46876,1091107,0.134223,55118,1314805,0.161742,59889,2405912,0.295965,8129050
3,2021-03-13,70702,3718648,29750,1862559,33681,1810286,7271,45803,37385,1103921,0.1358,33183,1347988,0.165824,45997,2451909,0.301623,8129050
3,2021-03-14,41400,3760048,21624,1884183,16213,1826499,3563,49366,20847,1108487,0.136361,20464,1368452,0.168341,25030,2476939,0.304702,8129050
3,2021-03-15,75994,3836042,36028,1920211,35398,1861897,4568,53934,40021,1118331,0.137572,35733,1404185,0.172737,45577,2522516,0.310309,8129050
3,2021-03-16,95373,3931415,43976,1964187,47057,1908954,4340,58274,53644,1135746,0.139714,41470,1445655,0.177838,58885,2581401,0.317553,8129050
3,2021-03-17,98671,4030086,47948,2012135,46173,1955127,4550,62824,59937,1162393,0.142992,38478,1484133,0.182572,65125,2646526,0.325564,8129050
3,2021-03-18,104013,4134099,52884,2065019,46599,2001726,4530,67354,59641,1183040,0.145532,44060,1528193,0.187992,64707,2711233,0.333524,8129050
3,2021-03-19,103534,4237633,55515,2120534,43550,2045276,4469,71823,57581,1199976,0.147616,45658,1573851,0.193608,62594,2773827,0.341224,8129050
3,2021-03-20,72153,4309786,37198,2157732,31289,2076565,3666,75489,44457,1221112,0.150216,27484,1601335,0.196989,48620,2822447,0.347205,8129050
3,2021-03-21,36407,4346193,24747,2182479,10152,2086717,1508,76997,21871,1230543,0.151376,14424,1615759,0.198764,23855,2846302,0.35014,8129050
3,2021-03-22,70767,4416960,41599,2224078,26640,2113357,2528,79525,45084,1253735,0.154229,25433,1641192,0.201892,48625,2894927,0.356121,8129050
3,2021-03-23,89911,4506871,49750,2273828,37624,2150981,2537,82062,55134,1277606,0.157165,34502,1675694,0.206137,58373,2953300,0.363302,8129050
3,2021-03-24,98815,4605686,56892,2330720,38997,2189978,2926,84988,56195,1295085,0.159316,42244,1717938,0.211333,59723,3013023,0.370649,8129050
3,2021-03-25,107466,4713152,59684,2390404,44807,2234785,2975,87963,60520,1312626,0.161473,46591,1764529,0.217065,64132,3077155,0.378538,8129050
3,2021-03-26,110764,4823916,59444,2449848,47970,2282755,3350,91313,56990,1320380,0.162427,53421,1817950,0.223636,61175,3138330,0.386064,8129050
3,2021-03-27,74712,4898628,37993,2487841,34164,2316919,2555,93868,36031,1321197,0.162528,38438,1856388,0.228365,39255,3177585,0.390893,8129050
3,2021-03-28,44415,4943043,27988,2515829,15613,2332532,814,94682,22326,1323013,0.162751,21964,1878352,0.231067,23780,3201365,0.393818,8129050
3,2021-03-29,80734,5023777,42144,2557973,36728,2369260,1862,96544,44093,1333408,0.16403,36370,1914722,0.235541,46765,3248130,0.399571,8129050
3,2021-03-30,100404,5124181,49319,2607292,47445,2416705,3640,100184,56248,1350004,0.166072,43892,1958614,0.24094,60488,3308618,0.407012,8129050
3,2021-03-31,105169,5229350,56725,2664017,43585,2460290,4859,105043,56171,1362613,0.167623,48742,2007356,0.246936,61351,3369969,0.414559,8129050
3,2021-04-01,123834,5353184,62584,2726601,51474,2511764,9776,114819,66773,1382807,0.170107,56638,2063994,0.253903,76832,3446801,0.42401,8129050
3,2021-04-02,118103,5471287,57613,2784214,50133,2561897,10357,125176,62275,1400388,0.17227,55515,2119509,0.260733,73096,3519897,0.433002,8129050
3,2021-04-03,76212,5547499,38990,2823204,27974,2589871,9248,134424,37897,1409669,0.173411,38157,2157666,0.265427,47438,3567335,0.438838,8129050
3,2021-04-04,32483,5579982,17379,2840583,10878,2600749,4226,138650,14176,1409863,0.173435,18226,2175892,0.267669,18420,3585755,0.441104,8129050
3,2021-04-05,89655,5669637,45519,2886102,34887,2635636,9249,147899,43551,1417609,0.174388,45861,2221753,0.27331,53607,3639362,0.447698,8129050
3,2021-04-06,113647,5783284,55281,2941383,43137,2678773,15229,163128,53290,1426746,0.175512,60065,2281818,0.280699,69202,3708564,0.456211,8129050
3,2021-04-07,116469,5899753,60230,3001613,39905,2718678,16334,179462,56148,1439430,0.177072,60042,2341860,0.288085,72726,3781290,0.465158,8129050
3,2021-04-08,121590,6021343,60513,3062126,40878,2759556,20199,199661,56249,1451610,0.178571,65015,2406875,0.296083,77195,3858485,0.474654,8129050
3,2021-04-09,118658,6140001,59134,3121260,40328,2799884,19196,218857,52056,1457402,0.179283,66334,2473209,0.304243,72126,3930611,0.483526,8129050
3,2021-04-10,84531,6224532,37907,3159167,31341,2831225,15283,234140,34328,1457804,0.179333,50005,2523214,0.310395,50407,3981018,0.489727,8129050
3,2021-04-11,45383,6269915,24314,3183481,13045,2844270,8024,242164,17220,1455804,0.179087,28065,2551279,0.313847,26065,4007083,0.492934,8129050
3,2021-04-12,84110,6354025,42479,3225960,32800,2877070,8831,250995,37976,1457807,0.179333,45889,2597168,0.319492,47892,4054975,0.498825,8129050
3,2021-04-13,105649,6459674,57210,3283170,48230,2925300,209,251204,55661,1464829,0.180197,49734,2646902,0.32561,56756,4111731,0.505807,8129050
3,2021-04-14,107810,6567484,58924,3342094,48785,2974085,101,251305,53614,1466087,0.180352,53893,2700795,0.33224,55151,4166882,0.512592,8129050
3,2021-04-15,119604,6687088,67225,3409319,52301,3026386,78,251383,63846,1475391,0.181496,55428,2756223,0.339058,64732,4231614,0.520555,8129050
3,2021-04-16,115813,6802901,64933,3474252,50786,3077172,94,251477,60400,1481464,0.182243,55089,2811312,0.345835,61162,4292776,0.528078,8129050
3,2021-04-17,79701,6882602,43405,3517657,36282,3113454,14,251491,44392,1491767,0.183511,35072,2846384,0.35015,45375,4338151,0.53366,8129050
3,2021-04-18,38828,6921430,23419,3541076,15402,3128856,7,251498,18233,1490411,0.183344,20470,2866854,0.352668,19114,4357265,0.536012,8129050
3,2021-04-19,79487,7000917,44253,3585329,35178,3164034,56,251554,35896,1483492,0.182493,43379,2910233,0.358004,36460,4393725,0.540497,8129050
3,2021-04-20,101221,7102138,53312,3638641,47891,3211925,18,251572,49165,1481908,0.182298,51791,2962024,0.364375,50207,4443932,0.546673,8129050
3,2021-04-21,106115,7208253,59597,3698238,46448,3258373,70,251642,50169,1477666,0.181776,55566,3017590,0.371211,51324,4495256,0.552987,8129050
3,2021-04-22,112219,7320472,63042,3761280,49150,3307523,27,251669,48350,1463493,0.180032,63507,3081097,0.379023,49334,4544590,0.559055,8129050
3,2021-04-23,106610,7427082,60984,3822264,45596,3353119,30,251699,46848,1451989,0.178617,59394,3140491,0.386329,47890,4592480,0.564947,8129050
3,2021-04-24,74078,7501160,45746,3868010,28261,3381380,71,251770,36120,1451501,0.178557,37672,3178163,0.390964,37184,4629664,0.569521,8129050
3,2021-04-25,37023,7538183,23635,3891645,13371,3394751,17,251787,18933,1452918,0.178732,17940,3196103,0.393171,19357,4649021,0.571902,8129050
3,2021-04-26,74204,7612387,41968,3933613,31827,3426578,409,252196,31753,1444250,0.177665,42174,3238277,0.398359,33506,4682527,0.576024,8129050
3,2021-04-27,91345,7703732,47950,3981563,41652,3468230,1743,253939,36325,1428382,0.175713,54703,3292980,0.405088,38835,4721362,0.580801,8129050
3,2021-04-28,86985,7790717,49441,4031004,35402,3503632,2142,256081,35615,1415600,0.174141,51066,3344046,0.41137,38284,4759646,0.585511,8129050
3,2021-04-29,89142,7879859,50952,4081956,35975,3539607,2215,258296,31841,1393182,0.171383,56961,3401007,0.418377,34543,4794189,0.58976,8129050
3,2021-04-30,90926,7970785,51312,4133268,37132,3576739,2482,260778,33917,1373398,0.168949,56646,3457653,0.425345,36862,4831051,0.594295,8129050
3,2021-05-01,55366,8026151,34750,4168018,19148,3595887,1468,262246,19975,1360212,0.167327,35120,3492773,0.429666,21934,4852985,0.596993,8129050
3,2021-05-02,26965,8053116,18407,4186425,7542,3603429,1016,263262,9888,1354246,0.166593,16966,3509739,0.431753,11000,4863985,0.598346,8129050
3,2021-05-03,59905,8113021,35157,4221582,22374,3625803,2374,265636,17557,1332240,0.163886,42117,3551856,0.436934,20111,4884096,0.60082,8129050
3,2021-05-04,77595,8190616,44861,4266443,30052,3655855,2682,268318,22612,1303133,0.160306,54681,3606537,0.44366,25574,4909670,0.603966,8129050
3,2021-05-05,79085,8269701,47509,4313952,28875,3684730,2701,271019,21979,1271331,0.156394,56768,3663305,0.450644,24966,4934636,0.607037,8129050
3,2021-05-06,83355,8353056,52740,4366692,28087,3712817,2528,273547,20708,1232950,0.151672,62163,3725468,0.458291,23782,4958418,0.609963,8129050
3,2021-05-07,82405,8435461,51361,4418053,28424,3741241,2620,276167,21911,1197639,0.147328,60136,3785604,0.465688,24825,4983243,0.613017,8129050
3,2021-05-08,52355,8487816,32430,4450483,18215,3759456,1710,277877,13894,1175311,0.144582,38193,3823797,0.470387,15865,4999108,0.614968,8129050
3,2021-05-09,20931,8508747,15315,4465798,4828,3764284,788,278665,5513,1166354,0.14348,15323,3839120,0.472272,6366,5005474,0.615751,8129050
3,2021-05-10,47922,8556669,25693,4491491,20329,3784613,1900,280565,11132,1143060,0.140614,36589,3875709,0.476773,13295,5018769,0.617387,8129050
3,2021-05-11,63678,8620347,35582,4527073,25880,3810493,2216,282781,16090,1114488,0.137099,47346,3923055,0.482597,18774,5037543,0.619696,8129050
3,2021-05-12,64639,8684986,37143,4564216,25099,3835592,2397,285178,16520,1085835,0.133575,47867,3970922,0.488485,19214,5056757,0.62206,8129050
3,2021-05-13,75108,8760094,47349,4611565,25852,3861444,1907,287085,27466,1068418,0.131432,47399,4018321,0.494316,29982,5086739,0.625748,8129050
3,2021-05-14,80077,8840171,50592,4662157,27353,3888797,2132,289217,31014,1053390,0.129583,48772,4067093,0.500316,33744,5120483,0.629899,8129050
3,2021-05-15,61873,8902044,42686,4704843,17982,3906779,1205,290422,25571,1044286,0.128463,36097,4103190,0.504756,26993,5147476,0.63322,8129050
3,2021-05-16,33078,8935122,24721,4729564,7666,3914445,691,291113,13347,1038798,0.127788,19613,4122803,0.507169,14125,5161601,0.634957,8129050
3,2021-05-17,56807,8991929,36199,4765763,18774,3933219,1834,292947,20944,1026189,0.126237,35590,4158393,0.511547,22981,5184582,0.637784,8129050
3,2021-05-18,64381,9056310,38021,4803784,24501,3957720,1859,294806,24218,1012772,0.124587,39889,4198282,0.516454,26472,5211054,0.641041,8129050
3,2021-05-19,63828,9120138,38805,4842589,23282,3981002,1741,296547,24732,1000672,0.123098,38844,4237126,0.521233,26744,5237798,0.644331,8129050
3,2021-05-20,61630,9181768,36085,4878674,23707,4004709,1838,298385,22144,985788,0.121267,39205,4276331,0.526055,24321,5262119,0.647323,8129050
3,2021-05-21,65752,9247520,39941,4918615,23713,4028422,2098,300483,23487,969724,0.119291,41951,4318282,0.531216,25887,5288006,0.650507,8129050
3,2021-05-22,45588,9293108,30244,4948859,13878,4042300,1466,301949,19060,964187,0.11861,26319,4344601,0.534454,20782,5308788,0.653064,8129050
3,2021-05-23,21728,9314836,15037,4963896,6041,4048341,650,302599,9194,961695,0.118303,12447,4357048,0.535985,9955,5318743,0.654288,8129050
3,2021-05-24,39469,9354305,23080,4986976,14633,4062974,1756,304355,14628,953638,0.117312,24646,4381694,0.539017,16589,5335332,0.656329,8129050
3,2021-05-25,42650,9396955,24008,5010984,16966,4079940,1676,306031,15156,943464,0.116061,27232,4408926,0.542367,17058,5352390,0.658427,8129050
3,2021-05-26,42337,9439292,24244,5035228,16374,4096314,1719,307750,15851,934979,0.115017,26191,4435117,0.545589,17706,5370096,0.660606,8129050
3,2021-05-27,39293,9478585,22052,5057280,15491,4111805,1750,309500,15427,928690,0.114243,23706,4458823,0.548505,17417,5387513,0.662748,8129050
3,2021-05-28,42675,9521260,24123,5081403,16757,4128562,1795,311295,17727,923789,0.11364,24745,4483568,0.551549,19844,5407357,0.665189,8129050
3,2021-05-29,23434,9544694,14326,5095729,8272,4136834,836,312131,10986,923420,0.113595,12316,4495884,0.553064,11947,5419304,0.666659,8129050
3,2021-05-30,10578,9555272,6853,5102582,3089,4139923,636,312767,4454,922503,0.113482,6047,4501931,0.553808,5130,5424434,0.66729,8129050
3,2021-05-31,4625,9559897,2674,5105256,1687,4141610,264,313031,1456,921119,0.113312,3133,4505064,0.554193,1749,5426183,0.667505,8129050
3,2021-06-01,37626,9597523,21671,5126927,14519,4156129,1436,314467,13179,911712,0.112155,24214,4529278,0.557172,14807,5440990,0.669327,8129050
3,2021-06-02,31425,9628948,18069,5144996,11950,4168079,1406,315873,11651,905335,0.11137,19567,4548845,0.559579,13190,5454180,0.670949,8129050
3,2021-06-03,39534,9668482,27064,5172060,11037,4179116,1433,317306,11441,890518,0.109548,27912,4576757,0.563013,13095,5467275,0.67256,8129050
3,2021-06-04,46104,9714586,32617,5204677,11942,4191058,1545,318851,13134,872863,0.107376,32734,4609491,0.567039,15079,5482354,0.674415,8129050
3,2021-06-05,34285,9748871,25857,5230534,7241,4198299,1187,320038,8746,857648,0.105504,25332,4634823,0.570156,10117,5492471,0.67566,8129050
3,2021-06-06,14615,9763486,12196,5242730,1838,4200137,581,320619,3755,851346,0.104729,10800,4645623,0.571484,4498,5496969,0.676213,8129050
3,2021-06-07,30365,9793851,22076,5264806,7008,4207145,1281,321900,8721,839972,0.10333,21496,4667119,0.574128,10122,5507091,0.677458,8129050
3,2021-06-08,34259,9828110,24611,5289417,8363,4215508,1285,323185,9967,827353,0.101777,24082,4691201,0.577091,11463,5518554,0.678868,8129050
3,2021-06-09,32946,9861056,23907,5313324,7741,4223249,1298,324483,8870,813780,0.100108,23899,4715100,0.580031,10326,5528880,0.680139,8129050
3,2021-06-10,32426,9893482,23391,5336715,7511,4230760,1524,326007,8952,801129,0.098551,23321,4738421,0.5829,10670,5539550,0.681451,8129050
3,2021-06-11,35480,9928962,25095,5361810,9022,4239782,1363,327370,10563,788508,0.096999,24722,4763143,0.585941,12101,5551651,0.68294,8129050
3,2021-06-12,25106,9954068,18925,5380735,5289,4245071,892,328262,6701,777962,0.095701,18291,4781434,0.588191,7745,5559396,0.683892,8129050
3,2021-06-13,10128,9964196,7575,5388310,2063,4247134,490,328752,2365,773179,0.095113,7709,4789143,0.589139,2926,5562322,0.684252,8129050
3,2021-06-14,25754,9989950,18453,5406763,5885,4253019,1416,330168,8073,765257,0.094139,17550,4806693,0.591298,9628,5571950,0.685437,8129050
3,2021-06-15,28665,10018615,19404,5426167,7761,4260780,1500,331668,9650,757786,0.09322,18789,4825482,0.59361,11318,5583268,0.686829,8129050
3,2021-06-16,25809,10044424,18320,5444487,6079,4266859,1410,333078,8697,751118,0.092399,16930,4842412,0.595692,10262,5593530,0.688091,8129050
3,2021-06-17,24800,10069224,17767,5462254,5748,4272607,1285,334363,8611,745112,0.09166,16038,4858450,0.597665,10032,5603562,0.689326,8129050
3,2021-06-18,27919,10097143,19717,5481971,6633,4279240,1569,335932,9791,738738,0.090876,17902,4876352,0.599867,11528,5615090,0.690744,8129050
3,2021-06-19,15969,10113112,11737,5493708,3378,4282618,854,336786,5712,735278,0.090451,10132,4886484,0.601114,6672,5621762,0.691564,8129050
3,2021-06-20,6856,10119968,5140,5498848,1417,4284035,299,337085,2601,734027,0.090297,4203,4890687,0.601631,2952,5624714,0.691928,8129050
3,2021-06-21,16192,10136160,10211,5509059,4584,4288619,1397,338482,8069,735578,0.090488,8033,4898720,0.602619,9584,5634298,0.693107,8129050
3,2021-06-22,22037,10158197,15456,5524515,5289,4293908,1292,339774,8259,731620,0.090001,13662,4912382,0.6043,9704,5644002,0.6943,8129050
3,2021-06-23,20197,10178394,14158,5538673,4712,4298620,1327,341101,8004,729008,0.089679,12081,4924463,0.605786,9469,5653471,0.695465,8129050
3,2021-06-24,19896,10198290,13854,5552527,4598,4303218,1444,342545,7774,726384,0.089357,11953,4936416,0.607256,9329,5662800,0.696613,8129050
3,2021-06-25,23238,10221528,16486,5569013,5330,4308548,1422,343967,9091,723001,0.08894,14019,4950435,0.608981,10636,5673436,0.697921,8129050
3,2021-06-26,13822,10235350,10257,5579270,2795,4311343,770,344737,5763,721698,0.08878,7990,4958425,0.609964,6687,5680123,0.698744,8129050
3,2021-06-27,6680,10242030,5164,5584434,1208,4312551,308,345045,2857,721107,0.088707,3788,4962213,0.61043,3197,5683320,0.699137,8129050
3,2021-06-28,15849,10257879,12176,5596610,2599,4315150,1074,346119,6692,719923,0.088562,9048,4971261,0.611543,7864,5691184,0.700104,8129050
3,2021-06-29,17899,10275778,12624,5609234,4286,4319436,989,347108,7332,717926,0.088316,10449,4981710,0.612828,8452,5699636,0.701144,8129050
3,2021-06-30,16921,10292699,11984,5621218,3903,4323339,1034,348142,7286,716883,0.088188,9506,4991216,0.613997,8463,5708099,0.702185,8129050
3,2021-07-01,16124,10308823,11499,5632717,3566,4326905,1059,349201,6778,715574,0.088027,9247,5000463,0.615135,7938,5716037,0.703162,8129050
3,2021-07-02,18301,10327124,13031,5645748,4174,4331079,1096,350297,7791,714162,0.087853,10401,5010864,0.616414,8989,5725026,0.704268,8129050
3,2021-07-03,9978,10337102,7225,5652973,2326,4333405,427,350724,4276,713328,0.08775,5638,5016502,0.617108,4804,5729830,0.704859,8129050
3,2021-07-04,700,10337802,404,5653377,209,4333614,87,350811,264,713266,0.087743,429,5016931,0.617161,367,5730197,0.704904,8129050
3,2021-07-05,9477,10347279,6928,5660305,2126,4335740,423,351234,4293,712923,0.087701,5120,5022051,0.617791,4777,5734974,0.705491,8129050
3,2021-07-06,18861,10366140,13683,5673988,4065,4339805,1113,352347,6826,709083,0.087228,11898,5033949,0.619254,8058,5743032,0.706483,8129050
3,2021-07-07,15549,10381689,11029,5685017,3414,4343219,1106,353453,6285,707413,0.087023,9165,5043114,0.620382,7495,5750527,0.707405,8129050
3,2021-07-08,15181,10396870,10962,5695979,3233,4346452,986,354439,6165,705728,0.086816,8923,5052037,0.621479,7238,5757765,0.708295,8129050
3,2021-07-09,17424,10414294,12157,5708136,4068,4350520,1199,355638,7191,704103,0.086616,10122,5062159,0.622725,8497,5766262,0.70934,8129050
3,2021-07-10,10730,10425024,7894,5716030,2175,4352695,661,356299,4566,703317,0.086519,6100,5068259,0.623475,5314,5771576,0.709994,8129050
3,2021-07-11,5084,10430108,3760,5719790,1048,4353743,276,356575,2305,703172,0.086501,2746,5071005,0.623813,2601,5774177,0.710314,8129050
3,2021-07-12,14265,10444373,10397,5730187,2872,4356615,996,357571,5693,701439,0.086288,8493,5079498,0.624858,6760,5780937,0.711145,8129050
3,2021-07-13,15014,10459387,10602,5740789,3507,4360122,905,358476,6572,700651,0.086191,8343,5087841,0.625884,7555,5788492,0.712075,8129050
3,2021-07-14,14280,10473667,10134,5750923,3229,4363351,917,359393,6357,700163,0.086131,7824,5095665,0.626846,7336,5795828,0.712977,8129050
3,2021-07-15,14503,10488170,10481,5761404,3194,4366545,828,360221,6656,699963,0.086106,7755,5103420,0.6278,7555,5803383,0.713907,8129050
3,2021-07-16,17482,10505652,12594,5773998,4021,4370566,867,361088,8360,700240,0.08614,9021,5112441,0.62891,9298,5812681,0.71505,8129050
3,2021-07-17,10954,10516606,7994,5781992,2434,4373000,526,361614,5198,700344,0.086153,5688,5118129,0.62961,5792,5818473,0.715763,8129050
3,2021-07-18,5437,10522043,4107,5786099,1088,4374088,242,361856,2667,700548,0.086178,2733,5120862,0.629946,2937,5821410,0.716124,8129050
3,2021-07-19,14700,10536743,10757,5796856,3091,4377179,852,362708,7210,701294,0.08627,7393,5128255,0.630855,8139,5829549,0.717125,8129050
3,2021-07-20,16138,10552881,11237,5808093,4031,4381210,870,363578,8303,702815,0.086457,7730,5135985,0.631806,9251,5838800,0.718264,8129050
3,2021-07-21,15607,10568488,11084,5819177,3706,4384916,817,364395,7888,703993,0.086602,7601,5143586,0.632741,8779,5847579,0.719343,8129050
3,2021-07-22,15855,10584343,11249,5830426,3702,4388618,904,365299,8246,705711,0.086813,7497,5151083,0.633664,9215,5856794,0.720477,8129050
3,2021-07-23,18554,10602897,13275,5843701,4326,4392944,953,366252,9983,708287,0.08713,8435,5159518,0.634701,11011,5867805,0.721832,8129050
3,2021-07-24,11265,10614162,8094,5851795,2617,4395561,554,366806,6221,710121,0.087356,4970,5164488,0.635313,6804,5874609,0.722669,8129050
3,2021-07-25,5440,10619602,4091,5855886,1156,4396717,193,366999,3943,712849,0.087692,1455,5165943,0.635492,4183,5878792,0.723183,8129050
3,2021-07-26,9657,10629259,6499,5862385,2530,4399247,628,367627,5749,715453,0.088012,3835,5169778,0.635963,6439,5885231,0.723975,8129050
4,2020-12-15,456,456,456,456,0,0,0,0,456,456,5.7e-05,0,0,0.0,456,456,5.7e-05,8037679
4,2020-12-16,3049,3505,3049,3505,0,0,0,0,3049,3505,0.000436,0,0,0.0,3049,3505,0.000436,8037679
4,2020-12-17,8966,12471,8966,12471,0,0,0,0,8966,12471,0.001552,0,0,0.0,8966,12471,0.001552,8037679
4,2020-12-18,16214,28685,16202,28673,12,12,0,0,16214,28685,0.003569,0,0,0.0,16214,28685,0.003569,8037679
4,2020-12-19,10394,39079,10385,39058,9,21,0,0,10330,39015,0.004854,0,0,0.0,10330,39015,0.004854,8037679
4,2020-12-20,7429,46508,7422,46480,7,28,0,0,7384,46399,0.005773,0,0,0.0,7384,46399,0.005773,8037679
4,2020-12-21,16411,62919,16385,62865,26,54,0,0,16344,62742,0.007806,1,1,0.0,16344,62743,0.007806,8037679
4,2020-12-22,17220,80139,16470,79335,750,804,0,0,17175,79913,0.009942,4,5,1e-06,17175,79918,0.009943,8037679
4,2020-12-23,17144,97283,14409,93744,2735,3539,0,0,17122,97032,0.012072,3,8,1e-06,17122,97040,0.012073,8037679
4,2020-12-24,8570,105853,5978,99722,2592,6131,0,0,8569,105601,0.013138,0,8,1e-06,8569,105609,0.013139,8037679
4,2020-12-25,908,106761,802,100524,106,6237,0,0,908,106509,0.013251,0,8,1e-06,908,106517,0.013252,8037679
4,2020-12-26,6182,112943,3900,104424,2282,8519,0,0,6182,112691,0.01402,0,8,1e-06,6182,112699,0.014021,8037679
4,2020-12-27,3425,116368,1990,106414,1435,9954,0,0,3425,116116,0.014446,0,8,1e-06,3425,116124,0.014447,8037679
4,2020-12-28,15169,131537,9380,115794,5789,15743,0,0,15140,131253,0.01633,3,11,1e-06,15140,131264,0.016331,8037679
4,2020-12-29,15436,146973,8539,124333,6897,22640,0,0,15403,146656,0.018246,0,11,1e-06,15403,146667,0.018247,8037679
4,2020-12-30,19007,165980,11093,135426,7914,30554,0,0,18996,165650,0.020609,2,13,2e-06,18996,165663,0.020611,8037679
4,2020-12-31,8315,174295,3366,138792,4949,35503,0,0,8302,173943,0.021641,9,22,3e-06,8302,173965,0.021644,8037679
4,2021-01-01,1635,175930,739,139531,896,36399,0,0,1631,175571,0.021843,3,25,3e-06,1631,175596,0.021847,8037679
4,2021-01-02,5741,181671,3244,142775,2497,38896,0,0,5739,181309,0.022557,1,26,3e-06,5739,181335,0.022561,8037679
4,2021-01-03,2146,183817,1269,144044,877,39773,0,0,2132,183438,0.022822,3,29,4e-06,2132,183467,0.022826,8037679
4,2021-01-04,12993,196810,7033,151077,5960,45733,0,0,12944,196353,0.024429,29,58,7e-06,12944,196411,0.024436,8037679
4,2021-01-05,16978,213788,10060,161137,6918,52651,0,0,14761,208939,0.025995,2188,2246,0.000279,14774,211185,0.026274,8037679
4,2021-01-06,21682,235470,13289,174426,8393,61044,0,0,15567,218454,0.027179,6066,8312,0.001034,15581,226766,0.028213,8037679
4,2021-01-07,28042,263512,17095,191521,10947,71991,0,0,16743,223979,0.027866,11239,19551,0.002432,16764,243530,0.030299,8037679
4,2021-01-08,32996,296508,21182,212703,11814,83805,0,0,18390,227851,0.028348,14539,34090,0.004241,18411,261941,0.032589,8037679
4,2021-01-09,16338,312846,9668,222371,6670,90475,0,0,9488,230512,0.028679,6839,40929,0.005092,9500,271441,0.033771,8037679
4,2021-01-10,8801,321647,5685,228056,3116,93591,0,0,4177,230084,0.028626,4613,45542,0.005666,4185,275626,0.034292,8037679
4,2021-01-11,33594,355241,22064,250120,11530,105121,0,0,18904,234373,0.029159,14662,60204,0.00749,18951,294577,0.03665,8037679
4,2021-01-12,38676,393917,22304,272424,16372,121493,0,0,24344,244481,0.030417,14277,74481,0.009266,24385,318962,0.039683,8037679
4,2021-01-13,39014,432931,19327,291751,19687,141180,0,0,27597,260729,0.032438,11376,85857,0.010682,27624,346586,0.04312,8037679
4,2021-01-14,39537,472468,15226,306977,24311,165491,0,0,32298,285856,0.035564,7200,93057,0.011578,32327,378913,0.047142,8037679
4,2021-01-15,45599,518067,15949,322926,29650,195141,0,0,39996,320343,0.039855,5535,98592,0.012266,40022,418935,0.052121,8037679
4,2021-01-16,28848,546915,9417,332343,19431,214572,0,0,25719,342981,0.042672,3099,101691,0.012652,25737,444672,0.055323,8037679
4,2021-01-17,19183,566098,6759,339102,12424,226996,0,0,17649,359132,0.044681,1512,103203,0.01284,17663,462335,0.057521,8037679
4,2021-01-18,29550,595648,13677,352779,15873,242869,0,0,23552,376779,0.046877,5931,109134,0.013578,23578,485913,0.060454,8037679
4,2021-01-19,46265,641913,23120,375899,23145,266014,0,0,36849,404335,0.050305,9368,118502,0.014743,36924,522837,0.065048,8037679
4,2021-01-20,52798,694711,28269,404168,24529,290543,0,0,42198,436093,0.054256,10502,129004,0.01605,42260,565097,0.070306,8037679
4,2021-01-21,58000,752711,26152,430320,31848,322391,0,0,51197,480614,0.059795,6721,135725,0.016886,51242,616339,0.076681,8037679
4,2021-01-22,55576,808287,22334,452654,33242,355633,0,0,50383,525901,0.065429,5123,140848,0.017523,50410,666749,0.082953,8037679
4,2021-01-23,39756,848043,17449,470103,22307,377940,0,0,35394,556972,0.069295,4352,145200,0.018065,35423,702172,0.08736,8037679
4,2021-01-24,24062,872105,10514,480617,13548,391488,0,0,22153,577244,0.071817,1900,147100,0.018301,22172,724344,0.090119,8037679
4,2021-01-25,48175,920280,22294,502911,25881,417369,0,0,36986,603131,0.075038,11157,158257,0.019689,37044,761388,0.094727,8037679
4,2021-01-26,57154,977434,29167,532078,27987,445356,0,0,44810,635696,0.079089,12307,170564,0.021221,44872,806260,0.10031,8037679
4,2021-01-27,56489,1033923,26893,558971,29596,474952,0,0,45357,670054,0.083364,11052,181616,0.022596,45410,851670,0.10596,8037679
4,2021-01-28,56921,1090844,25752,584723,31169,506121,0,0,46840,706956,0.087955,9984,191600,0.023838,46886,898556,0.111793,8037679
4,2021-01-29,56840,1147684,27293,612016,29547,535668,0,0,46329,743010,0.092441,10310,201910,0.02512,46364,944920,0.117561,8037679
4,2021-01-30,38241,1185925,17291,629307,20950,556618,0,0,32850,770553,0.095868,5334,207244,0.025784,32877,977797,0.121652,8037679
4,2021-01-31,24071,1209996,12690,641997,11381,567999,0,0,22362,791244,0.098442,1689,208933,0.025994,22380,1000177,0.124436,8037679
4,2021-02-01,49876,1259872,24043,666040,25833,593832,0,0,38151,817770,0.101742,11668,220601,0.027446,38194,1038371,0.129188,8037679
4,2021-02-02,55774,1315646,25651,691691,30123,623955,0,0,42806,847730,0.10547,12889,233490,0.029049,42849,1081220,0.134519,8037679
4,2021-02-03,62445,1378091,30672,722363,31773,655728,0,0,47866,881222,0.109636,14427,247917,0.030844,47919,1129139,0.140481,8037679
4,2021-02-04,67850,1445941,31471,753834,36379,692107,0,0,50940,915535,0.113905,16735,264652,0.032926,51048,1180187,0.146832,8037679
4,2021-02-05,73658,1519599,34150,787984,39508,731615,0,0,51109,944514,0.117511,22265,286917,0.035696,51244,1231431,0.153207,8037679
4,2021-02-06,48940,1568539,26329,814313,22611,754226,0,0,37278,970404,0.120732,11592,298509,0.037139,37482,1268913,0.157871,8037679
4,2021-02-07,26628,1595167,17609,831922,9019,763245,0,0,20099,984245,0.122454,6496,305005,0.037947,20337,1289250,0.160401,8037679
4,2021-02-08,58960,1654127,30419,862341,28541,791786,0,0,38312,1002314,0.124702,20507,325512,0.040498,38576,1327826,0.1652,8037679
4,2021-02-09,67658,1721785,34289,896630,33369,825155,0,0,39608,1014508,0.126219,27856,353368,0.043964,40050,1367876,0.170183,8037679
4,2021-02-10,77831,1799616,38963,935593,38868,864023,0,0,40871,1019216,0.126805,36708,390076,0.048531,41416,1409292,0.175336,8037679
4,2021-02-11,81940,1881556,42858,978451,39082,903105,0,0,41627,1021484,0.127087,40035,430111,0.053512,42303,1451595,0.180599,8037679
4,2021-02-12,85035,1966591,38153,1016604,46882,949987,0,0,43649,1024823,0.127502,41100,471211,0.058625,44439,1496034,0.186128,8037679
4,2021-02-13,59253,2025844,30028,1046632,29225,979212,0,0,30156,1026931,0.127765,28951,500162,0.062227,31059,1527093,0.189992,8037679
4,2021-02-14,37106,2062950,19301,1065933,17805,997017,0,0,18989,1028519,0.127962,18058,518220,0.064474,19646,1546739,0.192436,8037679
4,2021-02-15,46539,2109489,21829,1087762,24710,1021727,0,0,23823,1030899,0.128258,22626,540846,0.067289,25006,1571745,0.195547,8037679
4,2021-02-16,80819,2190308,37103,1124865,43716,1065443,0,0,41044,1033534,0.128586,39628,580474,0.072219,42263,1614008,0.200805,8037679
4,2021-02-17,82122,2272430,38849,1163714,43273,1108716,0,0,39027,1030809,0.128247,42878,623352,0.077554,40153,1654161,0.205801,8037679
4,2021-02-18,84004,2356434,46256,1209970,37748,1146464,0,0,38769,1026024,0.127652,45034,668386,0.083157,40249,1694410,0.210808,8037679
4,2021-02-19,83420,2439854,52592,1262562,30828,1177292,0,0,41600,1026677,0.127733,41639,710025,0.088337,42292,1736702,0.21607,8037679
4,2021-02-20,49934,2489788,33257,1295819,16677,1193969,0,0,27007,1031538,0.128338,22840,732865,0.091179,27701,1764403,0.219516,8037679
4,2021-02-21,30313,2520101,24072,1319891,6241,1200210,0,0,14623,1030846,0.128252,15601,748466,0.09312,14909,1779312,0.221371,8037679
4,2021-02-22,55495,2575596,38148,1358039,17347,1217557,0,0,26691,1029346,0.128065,28642,777108,0.096683,27142,1806454,0.224748,8037679
4,2021-02-23,76707,2652303,42478,1400517,34229,1251786,0,0,33548,1021618,0.127104,42948,820056,0.102026,35220,1841674,0.22913,8037679
4,2021-02-24,91959,2744262,48595,1449112,43364,1295150,0,0,41293,1014677,0.12624,50388,870444,0.108295,43447,1885121,0.234535,8037679
4,2021-02-25,103555,2847817,54177,1503289,49378,1344528,0,0,49334,1012580,0.125979,53984,924428,0.115012,51887,1937008,0.240991,8037679
4,2021-02-26,109818,2957635,55518,1558807,54300,1398828,0,0,56049,1017532,0.126595,53456,977884,0.121662,58408,1995416,0.248258,8037679
4,2021-02-27,79936,3037571,43554,1602361,36372,1435200,10,10,42583,1024482,0.12746,37129,1015013,0.126282,44079,2039495,0.253742,8037679
4,2021-02-28,49472,3087043,30577,1632938,18888,1454088,7,17,27236,1030571,0.128217,22040,1037053,0.129024,28129,2067624,0.257241,8037679
4,2021-03-01,80337,3167380,47079,1680017,33213,1487301,45,62,44202,1040213,0.129417,35799,1072852,0.133478,45441,2113065,0.262895,8037679
4,2021-03-02,87170,3254550,50062,1730079,37099,1524400,9,71,50954,1056945,0.131499,36019,1108871,0.137959,52751,2165816,0.269458,8037679
4,2021-03-03,101032,3355582,53796,1783875,47220,1571620,16,87,56421,1070770,0.133219,44384,1153255,0.143481,58209,2224025,0.2767,8037679
4,2021-03-04,98422,3454004,54600,1838475,43805,1615425,17,104,53830,1082047,0.134622,44346,1197601,0.148998,55623,2279648,0.28362,8037679
4,2021-03-05,95982,3549986,51928,1890403,43734,1659159,320,424,56603,1101759,0.137074,39150,1236751,0.153869,58862,2338510,0.290943,8037679
4,2021-03-06,76861,3626847,43338,1933741,30877,1690036,2646,3070,47148,1123308,0.139755,29573,1266324,0.157548,51122,2389632,0.297304,8037679
4,2021-03-07,44903,3671750,27570,1961311,15142,1705178,2191,5261,26093,1133957,0.14108,18721,1285045,0.159878,29370,2419002,0.300958,8037679
4,2021-03-08,68019,3739769,35610,1996921,29035,1734213,3374,8635,44694,1160146,0.144338,23192,1308237,0.162763,49381,2468383,0.307101,8037679
4,2021-03-09,82077,3821846,41459,2038380,35363,1769576,5255,13890,44269,1173127,0.145953,37613,1345850,0.167443,50594,2518977,0.313396,8037679
4,2021-03-10,91614,3913460,47247,2085627,36882,1806458,7485,21375,46235,1182584,0.14713,45169,1391019,0.173062,54626,2573603,0.320192,8037679
4,2021-03-11,101155,4014615,53063,2138690,39626,1846084,8466,29841,46699,1184615,0.147383,54189,1445208,0.179804,56220,2629823,0.327187,8037679
4,2021-03-12,104888,4119503,51691,2190381,42877,1888961,10320,40161,44809,1180833,0.146912,59783,1504991,0.187242,56001,2685824,0.334154,8037679
4,2021-03-13,81843,4201346,37921,2228302,35462,1924423,8460,48621,38673,1186008,0.147556,43022,1548013,0.192595,48197,2734021,0.340151,8037679
4,2021-03-14,50046,4251392,28490,2256792,17906,1942329,3650,52271,23354,1187015,0.147681,26588,1574601,0.195902,27595,2761616,0.343584,8037679
4,2021-03-15,84008,4335400,45213,2302005,34537,1976866,4258,56529,42599,1193559,0.148495,41139,1615740,0.201021,47683,2809299,0.349516,8037679
4,2021-03-16,108275,4443675,56294,2358299,48555,2025421,3426,59955,57068,1203798,0.149769,50936,1666676,0.207358,61175,2870474,0.357127,8037679
4,2021-03-17,107596,4551271,57996,2416295,46094,2071515,3506,63461,62903,1226325,0.152572,44409,1711085,0.212883,66936,2937410,0.365455,8037679
4,2021-03-18,107613,4658884,59711,2476006,44201,2115716,3701,67162,60848,1244809,0.154872,46476,1757561,0.218665,64960,3002370,0.373537,8037679
4,2021-03-19,112071,4770955,64504,2540510,42350,2158066,5217,72379,63526,1265669,0.157467,48251,1805812,0.224668,69111,3071481,0.382135,8037679
4,2021-03-20,84451,4855406,49390,2589900,32044,2190110,3017,75396,51614,1287934,0.160237,32666,1838478,0.228732,54931,3126412,0.38897,8037679
4,2021-03-21,48419,4903825,35086,2624986,11074,2201184,2259,77655,28203,1298662,0.161572,20079,1858557,0.231231,30807,3157219,0.392802,8037679
4,2021-03-22,82884,4986709,54161,2679147,25986,2227170,2737,80392,51226,1321945,0.164468,31387,1889944,0.235136,54670,3211889,0.399604,8037679
4,2021-03-23,105201,5091910,63007,2742154,40045,2267215,2149,82541,62379,1344481,0.167272,42534,1932478,0.240427,65070,3276959,0.4077,8037679
4,2021-03-24,113869,5205779,73485,2815639,37961,2305176,2423,84964,63978,1361886,0.169438,49436,1981914,0.246578,66841,3343800,0.416016,8037679
4,2021-03-25,117410,5323189,72251,2887890,42757,2347933,2402,87366,66865,1381578,0.171888,50045,2031959,0.252804,69737,3413537,0.424692,8037679
4,2021-03-26,120112,5443301,72877,2960767,44192,2392125,3043,90409,65396,1396274,0.173716,54326,2086285,0.259563,69022,3482559,0.433279,8037679
4,2021-03-27,92290,5535591,54400,3015167,36097,2428222,1793,92202,46705,1399922,0.17417,45325,2131610,0.265202,48973,3531532,0.439372,8037679
4,2021-03-28,55886,5591477,36894,3052061,18118,2446340,874,93076,29516,1404503,0.17474,26181,2157791,0.268459,30762,3562294,0.443199,8037679
4,2021-03-29,93872,5685349,56251,3108312,35539,2481879,2082,95158,50461,1414453,0.175978,43130,2200921,0.273825,53080,3615374,0.449803,8037679
4,2021-03-30,117396,5802745,64067,3172379,49166,2531045,4163,99321,69581,1441044,0.179286,47560,2248481,0.279743,74151,3689525,0.459029,8037679
4,2021-03-31,121439,5924184,71635,3244014,43493,2574538,6311,105632,67975,1462432,0.181947,53089,2301570,0.286348,74477,3764002,0.468295,8037679
4,2021-04-01,142927,6067111,81492,3325506,48138,2622676,13297,118929,84060,1501482,0.186805,58358,2359928,0.293608,97408,3861410,0.480414,8037679
4,2021-04-02,136986,6204097,73160,3398666,50214,2672890,13612,132541,79001,1536657,0.191182,57666,2417594,0.300783,92841,3954251,0.491964,8037679
4,2021-04-03,101426,6305523,54192,3452858,33779,2706669,13455,145996,52718,1554510,0.193403,48490,2466084,0.306815,66343,4020594,0.500218,8037679
4,2021-04-04,46971,6352494,24790,3477648,14647,2721316,7534,153530,20383,1555926,0.193579,26473,2492557,0.310109,27889,4048483,0.503688,8037679
4,2021-04-05,109773,6462267,61626,3539274,35279,2756595,12868,166398,56838,1573450,0.195759,52699,2545256,0.316666,70223,4118706,0.512425,8037679
4,2021-04-06,139142,6601409,78273,3617547,41049,2797644,19820,186218,72110,1599135,0.198955,66779,2612035,0.324974,92464,4211170,0.523929,8037679
4,2021-04-07,137948,6739357,78177,3695724,39003,2836647,20768,206986,71300,1625047,0.202179,66377,2678412,0.333232,92289,4303459,0.535411,8037679
4,2021-04-08,140383,6879740,78193,3773917,36667,2873314,25523,232509,69732,1650495,0.205345,70337,2748749,0.341983,95785,4399244,0.547328,8037679
4,2021-04-09,138072,7017812,75717,3849634,39240,2912554,23115,255624,65794,1668347,0.207566,72013,2820762,0.350942,89865,4489109,0.558508,8037679
4,2021-04-10,104072,7121884,51352,3900986,33813,2946367,18907,274531,46941,1678274,0.208801,56912,2877674,0.358023,66839,4555948,0.566824,8037679
4,2021-04-11,62818,7184702,38142,3939128,13487,2959854,11189,285720,27399,1682598,0.209339,35303,2912977,0.362415,39627,4595575,0.571754,8037679
4,2021-04-12,103054,7287756,62629,4001757,30209,2990063,10216,295936,51904,1695085,0.210892,50836,2963813,0.36874,63323,4658898,0.579632,8037679
4,2021-04-13,130662,7418418,81984,4083741,48509,3038572,169,296105,78170,1722105,0.214254,52179,3015992,0.375232,79199,4738097,0.589486,8037679
4,2021-04-14,135859,7554277,86549,4170290,49234,3087806,76,296181,75129,1738156,0.216251,60383,3076375,0.382744,76434,4814531,0.598995,8037679
4,2021-04-15,156457,7710734,104012,4274302,52376,3140182,69,296250,95908,1774754,0.220804,60147,3136522,0.390227,96745,4911276,0.611032,8037679
4,2021-04-16,143859,7854593,91212,4365514,52568,3192750,79,296329,83559,1799153,0.22384,59960,3196482,0.397687,84359,4995635,0.621527,8037679
4,2021-04-17,101789,7956382,63943,4429457,37822,3230572,24,296353,59678,1818191,0.226208,41813,3238295,0.402889,60851,5056486,0.629098,8037679
4,2021-04-18,56926,8013308,38465,4467922,18458,3249030,3,296356,32086,1826545,0.227248,24696,3262991,0.405962,33050,5089536,0.63321,8037679
4,2021-04-19,101743,8115051,67085,4535007,34640,3283670,18,296374,51923,1829525,0.227619,49563,3312554,0.412128,52543,5142079,0.639747,8037679
4,2021-04-20,132085,8247136,78817,4613824,53252,3336922,16,296390,68963,1836786,0.228522,62791,3375345,0.41994,70052,5212131,0.648462,8037679
4,2021-04-21,134730,8381866,87967,4701791,46709,3383631,54,296444,68056,1839737,0.228889,66270,3441615,0.428185,69221,5281352,0.657074,8037679
4,2021-04-22,141780,8523646,94139,4795930,47618,3431249,23,296467,63506,1826523,0.227245,77871,3519486,0.437873,64657,5346009,0.665119,8037679
4,2021-04-23,135282,8658928,88078,4884008,47180,3478429,24,296491,58958,1810739,0.225281,75957,3595443,0.447324,60173,5406182,0.672605,8037679
4,2021-04-24,98915,8757843,66740,4950748,32126,3510555,49,296540,45641,1804539,0.22451,52961,3648404,0.453913,46761,5452943,0.678423,8037679
4,2021-04-25,50427,8808270,35549,4986297,14851,3525406,27,296567,26374,1807489,0.224877,23903,3672307,0.456886,26853,5479796,0.681763,8037679
4,2021-04-26,92186,8900456,60460,5046757,31328,3556734,398,296965,36424,1790193,0.222725,55454,3727761,0.463786,38158,5517954,0.686511,8037679
4,2021-04-27,113992,9014448,69692,5116449,41985,3598719,2315,299280,41221,1762090,0.219229,72437,3800198,0.472798,44334,5562288,0.692027,8037679
4,2021-04-28,104492,9118940,68305,5184754,33658,3632377,2529,301809,38376,1737891,0.216218,65768,3865966,0.48098,41569,5603857,0.697198,8037679
4,2021-04-29,105707,9224647,67548,5252302,35628,3668005,2531,304340,34246,1704168,0.212022,71105,3937071,0.489827,37382,5641239,0.701849,8037679
4,2021-04-30,105498,9330145,66885,5319187,35913,3703918,2700,307040,36356,1675147,0.208412,68741,4005812,0.498379,39720,5680959,0.706791,8037679
4,2021-05-01,69401,9399546,46074,5365261,21554,3725472,1773,308813,20253,1648947,0.205152,48868,4054680,0.504459,22668,5703627,0.709611,8037679
4,2021-05-02,37594,9437140,26680,5391941,9630,3735102,1284,310097,10573,1634050,0.203299,26900,4081580,0.507806,12003,5715630,0.711105,8037679
4,2021-05-03,79272,9516412,55325,5447266,21464,3756566,2483,312580,19332,1596557,0.198634,59677,4141257,0.51523,22184,5737814,0.713865,8037679
4,2021-05-04,101275,9617687,69356,5516622,29153,3785719,2766,315346,22789,1544312,0.192134,78195,4219452,0.524959,25950,5763764,0.717093,8037679
4,2021-05-05,102184,9719871,72101,5588723,27346,3813065,2737,318083,22216,1489941,0.18537,79628,4299080,0.534866,25257,5789021,0.720235,8037679
4,2021-05-06,111909,9831780,83905,5672628,25067,3838132,2937,321020,19756,1422088,0.176928,91666,4390746,0.54627,23813,5812834,0.723198,8037679
4,2021-05-07,104750,9936530,75337,5747965,26730,3864862,2683,323703,20729,1362268,0.169485,83648,4474394,0.556677,23828,5836662,0.726163,8037679
4,2021-05-08,69441,10005971,47852,5795817,19659,3884521,1930,325633,13779,1322922,0.16459,55413,4529807,0.563572,16067,5852729,0.728162,8037679
4,2021-05-09,34196,10040167,27962,5823779,5289,3889810,945,326578,7495,1304863,0.162343,26593,4556400,0.56688,8534,5861263,0.729223,8037679
4,2021-05-10,64855,10105022,43346,5867125,19190,3909000,2319,328897,11043,1264942,0.157377,53596,4609996,0.573548,13675,5874938,0.730925,8037679
4,2021-05-11,82384,10187406,51413,5918538,28785,3937785,2186,331083,15802,1217088,0.151423,66338,4676334,0.581802,18484,5893422,0.733224,8037679
4,2021-05-12,79430,10266836,52853,5971391,24116,3961901,2461,333544,16638,1174062,0.14607,62498,4738832,0.589577,19472,5912894,0.735647,8037679
4,2021-05-13,104228,10371064,76771,6048162,25923,3987824,1534,335078,40425,1153557,0.143519,63474,4802306,0.597474,42969,5955863,0.740993,8037679
4,2021-05-14,104603,10475667,73890,6122052,28589,4016413,2124,337202,40300,1132533,0.140903,63984,4866290,0.605435,42960,5998823,0.746338,8037679
4,2021-05-15,85277,10560944,65966,6188018,17984,4034397,1327,338529,37642,1124403,0.139892,47389,4913679,0.611331,39259,6038082,0.751222,8037679
4,2021-05-16,51488,10612432,41500,6229518,9276,4043673,712,339241,21093,1116103,0.138859,30243,4943922,0.615093,21943,6060025,0.753952,8037679
4,2021-05-17,71002,10683434,51861,6281379,17299,4060972,1842,341083,28074,1103524,0.137294,42725,4986647,0.620409,30146,6090171,0.757703,8037679
4,2021-05-18,81517,10764951,53041,6334420,26722,4087694,1754,342837,29173,1082834,0.13472,51983,5038630,0.626876,31293,6121464,0.761596,8037679
4,2021-05-19,76661,10841612,51848,6386268,22870,4110564,1943,344780,30842,1070383,0.133171,45525,5084155,0.63254,33074,6154538,0.765711,8037679
4,2021-05-20,68950,10910562,44369,6430637,22585,4133149,1996,346776,25568,1055200,0.131282,43090,5127245,0.637901,27907,6182445,0.769183,8037679
4,2021-05-21,73424,10983986,48433,6479070,23131,4156280,1860,348636,25886,1035970,0.128889,47244,5174489,0.643779,28014,6210459,0.772668,8037679
4,2021-05-22,49692,11033678,34885,6513955,13533,4169813,1274,349910,21646,1031234,0.1283,27882,5202371,0.647248,23146,6233605,0.775548,8037679
4,2021-05-23,23967,11057645,17098,6531053,6146,4175959,723,350633,9758,1027739,0.127865,14086,5216457,0.649,10591,6244196,0.776866,8037679
4,2021-05-24,43047,11100692,27378,6558431,12667,4188626,3002,353635,15059,1018232,0.126682,27767,5244224,0.652455,18260,6262456,0.779137,8037679
4,2021-05-25,44778,11145470,27846,6586277,14108,4202734,2824,356459,15863,1008470,0.125468,28681,5272905,0.656023,18919,6281375,0.781491,8037679
4,2021-05-26,44520,11189990,26705,6612982,15214,4217948,2601,359060,15838,998623,0.124243,28462,5301367,0.659564,18615,6299990,0.783807,8037679
4,2021-05-27,38827,11228817,23323,6636305,12366,4230314,3138,362198,14633,992569,0.12349,23993,5325360,0.662549,17939,6317929,0.786039,8037679
4,2021-05-28,43174,11271991,27526,6663831,14045,4244359,1603,363801,18802,989087,0.123056,24110,5349470,0.665549,20628,6338557,0.788605,8037679
4,2021-05-29,23601,11295592,15360,6679191,7308,4251667,933,364734,10843,988378,0.122968,12615,5362085,0.667119,11906,6350463,0.790087,8037679
4,2021-05-30,12050,11307642,8465,6687656,3059,4254726,526,365260,5022,987033,0.122801,6962,5369047,0.667985,5617,6356080,0.790785,8037679
4,2021-05-31,3569,11311211,2267,6689923,1141,4255867,161,365421,1138,985972,0.122669,2381,5371428,0.668281,1320,6357400,0.79095,8037679
4,2021-06-01,39354,11350565,24491,6714414,12423,4268290,2440,367861,13012,975518,0.121368,26122,5397550,0.671531,15668,6373068,0.792899,8037679
4,2021-06-02,32544,11383109,20350,6734764,9399,4277689,2795,370656,10876,967852,0.120414,21487,5419037,0.674204,13821,6386889,0.794619,8037679
4,2021-06-03,47989,11431098,36845,6771609,8692,4286381,2452,373108,10359,943507,0.117386,37463,5456500,0.678865,13118,6400007,0.796251,8037679
4,2021-06-04,54688,11485786,44030,6815639,9330,4295711,1328,374436,12718,916618,0.11404,41739,5498239,0.684058,14850,6414857,0.798098,8037679
4,2021-06-05,44708,11530494,38307,6853946,5405,4301116,996,375432,8781,890900,0.11084,35774,5534013,0.688509,10056,6424913,0.799349,8037679
4,2021-06-06,21209,11551703,18925,6872871,1720,4302836,564,375996,3974,878698,0.109322,17135,5551148,0.690641,4933,6429846,0.799963,8037679
4,2021-06-07,38673,11590376,31300,6904171,5455,4308291,1918,377914,8446,859256,0.106903,30093,5581241,0.694385,10651,6440497,0.801288,8037679
4,2021-06-08,40480,11630856,31772,6935943,6164,4314455,2544,380458,9445,840732,0.104599,30847,5612088,0.698222,12323,6452820,0.802821,8037679
4,2021-06-09,38860,11669716,30817,6966760,5683,4320138,2360,382818,7935,820626,0.102097,30754,5642842,0.702049,10648,6463468,0.804146,8037679
4,2021-06-10,37073,11706789,29223,6995983,5225,4325363,2625,385443,8410,803423,0.099957,28502,5671344,0.705595,11299,6474767,0.805552,8037679
4,2021-06-11,38208,11744997,30008,7025991,6187,4331550,2013,387456,9879,787497,0.097976,28171,5699515,0.7091,12245,6487012,0.807075,8037679
4,2021-06-12,26473,11771470,22049,7048040,3713,4335263,711,388167,6041,774140,0.096314,20327,5719842,0.711629,6970,6493982,0.807942,8037679
4,2021-06-13,10822,11782292,8551,7056591,1795,4337058,476,388643,2279,768524,0.095615,8478,5728320,0.712683,2862,6496844,0.808299,8037679
4,2021-06-14,28575,11810867,21372,7077963,4394,4341452,2809,391452,7804,758724,0.094396,20631,5748951,0.71525,10831,6507675,0.809646,8037679
4,2021-06-15,29872,11840739,21119,7099082,5351,4346803,3402,394854,8282,749231,0.093215,21432,5770383,0.717917,11939,6519614,0.811131,8037679
4,2021-06-16,26525,11867264,19992,7119074,3912,4350715,2621,397475,7997,741699,0.092278,18356,5788739,0.7202,10824,6530438,0.812478,8037679
4,2021-06-17,25097,11892361,18536,7137610,3667,4354382,2894,400369,7605,735082,0.091455,17307,5806046,0.722354,10690,6541128,0.813808,8037679
4,2021-06-18,26707,11919068,21072,7158682,4402,4358784,1233,401602,8255,726575,0.090396,18247,5824293,0.724624,9740,6550868,0.81502,8037679
4,2021-06-19,15718,11934786,12711,7171393,2305,4361089,702,402304,5052,721980,0.089824,10519,5834812,0.725932,5924,6556792,0.815757,8037679
4,2021-06-20,7367,11942153,6070,7177463,990,4362079,307,402611,2622,720306,0.089616,4685,5839497,0.726515,3011,6559803,0.816131,8037679
4,2021-06-21,14555,11956708,10525,7187988,2891,4364970,1139,403750,7336,721807,0.089803,7136,5846633,0.727403,8637,6568440,0.817206,8037679
4,2021-06-22,20416,11977124,15924,7203912,3420,4368390,1072,404822,7105,716950,0.089199,13187,5859820,0.729044,8330,6576770,0.818242,8037679
4,2021-06-23,18366,11995490,14422,7218334,2958,4371348,986,405808,6713,713251,0.088738,11519,5871339,0.730477,7820,6584590,0.819215,8037679
4,2021-06-24,17545,12013035,13579,7231913,2979,4374327,987,406795,6554,710097,0.088346,10835,5882174,0.731825,7681,6592271,0.820171,8037679
4,2021-06-25,21498,12034533,16906,7248819,3549,4377876,1043,407838,7787,705519,0.087776,13575,5895749,0.733514,8997,6601268,0.82129,8037679
4,2021-06-26,12987,12047520,10572,7259391,1800,4379676,615,408453,4787,702926,0.087454,8100,5903849,0.734522,5507,6606775,0.821975,8037679
4,2021-06-27,6833,12054353,5532,7264923,958,4380634,343,408796,2881,702289,0.087375,3914,5907763,0.735009,3277,6610052,0.822383,8037679
4,2021-06-28,15013,12069366,12612,7277535,1549,4382183,852,409648,6028,700387,0.087138,8904,5916667,0.736116,7002,6617054,0.823254,8037679
4,2021-06-29,16397,12085763,12727,7290262,2870,4385053,800,410448,6355,697729,0.086807,9934,5926601,0.737352,7276,6624330,0.82416,8037679
4,2021-06-30,14505,12100268,11304,7301566,2464,4387517,737,411185,6035,696252,0.086624,8361,5934962,0.738393,6884,6631214,0.825016,8037679
4,2021-07-01,14393,12114661,11362,7312928,2289,4389806,742,411927,5892,694635,0.086422,8390,5943352,0.739436,6773,6637987,0.825859,8037679
4,2021-07-02,16704,12131365,13268,7326196,2679,4392485,757,412684,6832,692576,0.086166,9778,5953130,0.740653,7719,6645706,0.826819,8037679
4,2021-07-03,9124,12140489,7249,7333445,1467,4393952,408,413092,3961,691912,0.086084,5091,5958221,0.741286,4427,6650133,0.82737,8037679
4,2021-07-04,426,12140915,263,7333708,104,4394056,59,413151,188,691936,0.086087,234,5958455,0.741315,258,6650391,0.827402,8037679
4,2021-07-05,9174,12150089,7467,7341175,1293,4395349,414,413565,4161,691628,0.086048,4933,5963388,0.741929,4625,6655016,0.827977,8037679
4,2021-07-06,16409,12166498,12937,7354112,2675,4398024,797,414362,6050,688347,0.08564,10240,5973628,0.743203,6959,6661975,0.828843,8037679
4,2021-07-07,13646,12180144,10654,7364766,2219,4400243,773,415135,5154,685987,0.085346,8404,5982032,0.744249,6044,6668019,0.829595,8037679
4,2021-07-08,13132,12193276,10282,7375048,2026,4402269,824,415959,5135,684156,0.085119,7882,5989914,0.745229,6051,6674070,0.830348,8037679
4,2021-07-09,15303,12208579,11758,7386806,2614,4404883,931,416890,6219,682473,0.084909,8950,5998864,0.746343,7267,6681337,0.831252,8037679
4,2021-07-10,8766,12217345,6936,7393742,1432,4406315,398,417288,3686,681618,0.084803,4999,6003863,0.746965,4144,6685481,0.831768,8037679
4,2021-07-11,4966,12222311,3979,7397721,786,4407101,201,417489,2233,681387,0.084774,2694,6006557,0.7473,2463,6687944,0.832074,8037679
4,2021-07-12,12976,12235287,10291,7408012,1973,4409074,712,418201,5034,679376,0.084524,7864,6014421,0.748278,5853,6693797,0.832802,8037679
4,2021-07-13,12652,12247939,9692,7417704,2331,4411405,629,418830,5376,678309,0.084391,7171,6021592,0.749171,6104,6699901,0.833562,8037679
4,2021-07-14,11624,12259563,9159,7426863,1920,4413325,545,419375,5040,677464,0.084286,6501,6028093,0.749979,5656,6705557,0.834265,8037679
4,2021-07-15,12344,12271907,9811,7436674,1952,4415277,581,419956,5631,677162,0.084248,6589,6034682,0.750799,6287,6711844,0.835048,8037679
4,2021-07-16,14843,12286750,11581,7448255,2604,4417881,658,420614,6833,676853,0.08421,7907,6042589,0.751783,7598,6719442,0.835993,8037679
4,2021-07-17,9076,12295826,7138,7455393,1619,4419500,319,420933,4293,676822,0.084206,4684,6047273,0.752366,4653,6724095,0.836572,8037679
4,2021-07-18,5106,12300932,4126,7459519,783,4420283,197,421130,2409,676809,0.084205,2642,6049915,0.752694,2629,6726724,0.836899,8037679
4,2021-07-19,12663,12313595,10056,7469575,1971,4422254,636,421766,5997,676959,0.084223,6576,6056491,0.753512,6726,6733450,0.837736,8037679
4,2021-07-20,13545,12327140,10448,7480023,2449,4424703,648,422414,6671,677628,0.084306,6731,6063222,0.75435,7400,6740850,0.838656,8037679
4,2021-07-21,12610,12339750,9829,7489852,2182,4426885,599,423013,6296,678398,0.084402,6184,6069406,0.755119,6954,6747804,0.839521,8037679
4,2021-07-22,13156,12352906,10330,7500182,2209,4429094,617,423630,6860,679764,0.084572,6172,6075578,0.755887,7538,6755342,0.840459,8037679
4,2021-07-23,15182,12368088,11779,7511961,2761,4431855,642,424272,7988,681430,0.084779,7042,6082620,0.756763,8708,6764050,0.841543,8037679
4,2021-07-24,9446,12377534,7411,7519372,1725,4433580,310,424582,4863,682200,0.084875,4449,6087069,0.757317,5219,6769269,0.842192,8037679
4,2021-07-25,4707,12382241,3710,7523082,850,4434430,147,424729,3329,684369,0.085145,1322,6088391,0.757481,3491,6772760,0.842626,8037679
4,2021-07-26,8178,12390419,6127,7529209,1546,4435976,505,425234,4767,686364,0.085393,3331,6091722,0.757896,5326,6778086,0.843289,8037679
