vemquartile,administered_date,total_doses,cumulative_total_doses,pfizer_doses,cumulative_pfizer_doses,moderna_doses,cumulative_moderna_doses,jj_doses,cumulative_jj_doses,partially_vaccinated,total_partially_vaccinated,pct_age12pop_partially_vaccinated,fully_vaccinated,cumulative_fully_vaccinated,pct_age12pop_fully_vaccinated,at_least_one_dose,cumulative_at_least_one_dose,pct_age12pop_at_least_one_dose,age12_population
1,2020-12-15,150,150,150,150,0,0,0,0,150,150,1.7e-05,0,0,0.0,150,150,1.7e-05,8700223
1,2020-12-16,1180,1330,1180,1330,0,0,0,0,1180,1330,0.000153,0,0,0.0,1180,1330,0.000153,8700223
1,2020-12-17,4161,5491,4161,5491,0,0,0,0,4162,5492,0.000631,0,0,0.0,4162,5492,0.000631,8700223
1,2020-12-18,6328,11819,6308,11799,20,20,0,0,6330,11821,0.001359,1,1,0.0,6330,11822,0.001359,8700223
1,2020-12-19,2875,14694,2874,14673,1,21,0,0,2874,14694,0.001689,1,2,0.0,2874,14696,0.001689,8700223
1,2020-12-20,2131,16825,2124,16797,7,28,0,0,2132,16826,0.001934,0,2,0.0,2132,16828,0.001934,8700223
1,2020-12-21,7640,24465,7626,24423,14,42,0,0,7689,24515,0.002818,1,3,0.0,7690,24518,0.002818,8700223
1,2020-12-22,7278,31743,6935,31358,343,385,0,0,7280,31793,0.003654,2,5,1e-06,7280,31798,0.003655,8700223
1,2020-12-23,7835,39578,6581,37939,1254,1639,0,0,7829,39621,0.004554,2,7,1e-06,7830,39628,0.004555,8700223
1,2020-12-24,3300,42878,2365,40304,935,2574,0,0,3302,42923,0.004934,0,7,1e-06,3302,42930,0.004934,8700223
1,2020-12-25,236,43114,152,40456,84,2658,0,0,236,43159,0.004961,0,7,1e-06,236,43166,0.004961,8700223
1,2020-12-26,1358,44472,967,41423,391,3049,0,0,1357,44515,0.005117,1,8,1e-06,1357,44523,0.005117,8700223
1,2020-12-27,869,45341,533,41956,336,3385,0,0,869,45383,0.005216,1,9,1e-06,869,45392,0.005217,8700223
1,2020-12-28,7087,52428,4762,46718,2325,5710,0,0,7085,52468,0.006031,0,9,1e-06,7085,52477,0.006032,8700223
1,2020-12-29,8875,61303,4980,51698,3895,9605,0,0,8872,61338,0.00705,2,11,1e-06,8872,61349,0.007051,8700223
1,2020-12-30,11586,72889,6448,58146,5138,14743,0,0,11585,72923,0.008382,0,11,1e-06,11585,72934,0.008383,8700223
1,2020-12-31,5952,78841,1959,60105,3993,18736,0,0,5950,78871,0.009065,3,14,2e-06,5951,78885,0.009067,8700223
1,2021-01-01,568,79409,196,60301,372,19108,0,0,567,79437,0.00913,1,15,2e-06,567,79452,0.009132,8700223
1,2021-01-02,2906,82315,1761,62062,1145,20253,0,0,2908,82345,0.009465,0,15,2e-06,2908,82360,0.009466,8700223
1,2021-01-03,1021,83336,547,62609,474,20727,0,0,1019,83362,0.009582,2,17,2e-06,1019,83379,0.009584,8700223
1,2021-01-04,7341,90677,3579,66188,3762,24489,0,0,7345,90706,0.010426,1,18,2e-06,7345,90724,0.010428,8700223
1,2021-01-05,10793,101470,5198,71386,5595,30084,0,0,10038,100026,0.011497,740,758,8.7e-05,10060,100784,0.011584,8700223
1,2021-01-06,14009,115479,7037,78423,6972,37056,0,0,12114,110290,0.012677,1859,2617,0.000301,12123,112907,0.012977,8700223
1,2021-01-07,17468,132947,9110,87533,8358,45414,0,0,12985,118901,0.013666,4385,7002,0.000805,12996,125903,0.014471,8700223
1,2021-01-08,20124,153071,10422,97955,9702,55116,0,0,14223,127247,0.014626,5883,12885,0.001481,14229,140132,0.016107,8700223
1,2021-01-09,6687,159758,3371,101326,3316,58432,0,0,4835,130249,0.014971,1837,14722,0.001692,4839,144971,0.016663,8700223
1,2021-01-10,3076,162834,1754,103080,1322,59754,0,0,1883,130954,0.015052,1179,15901,0.001828,1884,146855,0.016879,8700223
1,2021-01-11,18059,180893,11830,114910,6229,65983,0,0,11514,135989,0.015631,6518,22419,0.002577,11553,158408,0.018207,8700223
1,2021-01-12,18940,199833,10749,125659,8191,74174,0,0,12965,143055,0.016443,5934,28353,0.003259,13000,171408,0.019702,8700223
1,2021-01-13,19782,219615,10680,136339,9102,83276,0,0,14627,152570,0.017536,5130,33483,0.003849,14645,186053,0.021385,8700223
1,2021-01-14,21972,241587,9445,145784,12527,95803,0,0,19216,169138,0.019441,2698,36181,0.004159,19266,205319,0.023599,8700223
1,2021-01-15,25172,266759,9236,155020,15936,111739,0,0,23228,190525,0.021899,1896,38077,0.004377,23283,228602,0.026275,8700223
1,2021-01-16,13889,280648,4555,159575,9334,121073,0,0,13022,202688,0.023297,863,38940,0.004476,13026,241628,0.027773,8700223
1,2021-01-17,5191,285839,2000,161575,3191,124264,0,0,4822,207151,0.02381,364,39304,0.004518,4827,246455,0.028327,8700223
1,2021-01-18,14295,300134,8586,170161,5709,129973,0,0,11118,215154,0.02473,3166,42470,0.004881,11169,257624,0.029611,8700223
1,2021-01-19,24737,324871,12896,183057,11841,141814,0,0,19537,229561,0.026386,5184,47654,0.005477,19591,277215,0.031863,8700223
1,2021-01-20,28789,353660,14090,197147,14699,156513,0,0,23123,247110,0.028403,5610,53264,0.006122,23159,300374,0.034525,8700223
1,2021-01-21,30939,384599,14300,211447,16639,173152,0,0,27758,271843,0.031246,3115,56379,0.00648,27848,328222,0.037726,8700223
1,2021-01-22,28278,412877,11182,222629,17096,190248,0,0,26270,296184,0.034043,1958,58337,0.006705,26299,354521,0.040748,8700223
1,2021-01-23,18733,431610,8197,230826,10536,200784,0,0,16800,311076,0.035755,1917,60254,0.006926,16809,371330,0.042681,8700223
1,2021-01-24,6659,438269,4150,234976,2509,203293,0,0,6003,316433,0.036371,651,60905,0.007,6008,377338,0.043371,8700223
1,2021-01-25,25293,463562,10428,245404,14865,218158,0,0,19585,330433,0.03798,5683,66588,0.007654,19683,397021,0.045633,8700223
1,2021-01-26,28577,492139,13333,258737,15244,233402,0,0,21954,345841,0.039751,6571,73159,0.008409,21979,419000,0.04816,8700223
1,2021-01-27,32333,524472,15318,274055,17015,250417,0,0,24334,362272,0.041639,7930,81089,0.00932,24361,443361,0.05096,8700223
1,2021-01-28,34716,559188,16237,290292,18479,268896,0,0,27848,383382,0.044066,6804,87893,0.010102,27914,471275,0.054168,8700223
1,2021-01-29,33441,592629,16331,306623,17110,286006,0,0,26930,403981,0.046433,6368,94261,0.010834,26967,498242,0.057268,8700223
1,2021-01-30,20109,612738,8702,315325,11407,297413,0,0,18020,419945,0.048268,2063,96324,0.011071,18027,516269,0.05934,8700223
1,2021-01-31,7559,620297,4893,320218,2666,300079,0,0,6858,426105,0.048976,700,97024,0.011152,6860,523129,0.060128,8700223
1,2021-02-01,28687,648984,12324,332542,16363,316442,0,0,20975,439424,0.050507,7662,104686,0.012033,20981,544110,0.06254,8700223
1,2021-02-02,32321,681305,11571,344113,20750,337192,0,0,24321,455857,0.052396,7925,112611,0.012943,24358,568468,0.065339,8700223
1,2021-02-03,39396,720701,15080,359193,24316,361508,0,0,28484,473601,0.054436,10776,123387,0.014182,28520,596988,0.068618,8700223
1,2021-02-04,43823,764524,17036,376229,26787,388295,0,0,31837,493613,0.056736,11873,135260,0.015547,31885,628873,0.072282,8700223
1,2021-02-05,46864,811388,17378,393607,29486,417781,0,0,30792,508522,0.058449,15939,151199,0.017379,30848,659721,0.075828,8700223
1,2021-02-06,26457,837845,10470,404077,15987,433768,0,0,20592,523302,0.060148,5830,157029,0.018049,20610,680331,0.078197,8700223
1,2021-02-07,6224,844069,3990,408067,2234,436002,0,0,4626,526366,0.0605,1580,158609,0.01823,4644,684975,0.078731,8700223
1,2021-02-08,31250,875319,14148,422215,17102,453104,0,0,20832,536943,0.061716,10349,168958,0.01942,20926,705901,0.081136,8700223
1,2021-02-09,38267,913586,16789,439004,21478,474582,0,0,23619,545948,0.062751,14690,183648,0.021108,23695,729596,0.083859,8700223
1,2021-02-10,46931,960517,21993,460997,24938,499520,0,0,27033,553253,0.063591,19808,203456,0.023385,27113,756709,0.086976,8700223
1,2021-02-11,51517,1012034,25187,486184,26330,525850,0,0,30948,564045,0.064831,20265,223721,0.025714,31057,787766,0.090545,8700223
1,2021-02-12,49764,1061798,21392,507576,28372,554222,0,0,28675,571884,0.065732,20978,244699,0.028126,28817,816583,0.093858,8700223
1,2021-02-13,26172,1087970,11429,519005,14743,568965,0,0,15127,576109,0.066218,10978,255677,0.029387,15203,831786,0.095605,8700223
1,2021-02-14,11696,1099666,5523,524528,6173,575138,0,0,6659,577825,0.066415,5009,260686,0.029963,6725,838511,0.096378,8700223
1,2021-02-15,23672,1123338,9316,533844,14356,589494,0,0,14421,583222,0.067035,9145,269831,0.031014,14542,853053,0.09805,8700223
1,2021-02-16,46662,1170000,22226,556070,24436,613930,0,0,27462,591675,0.068007,19129,288960,0.033213,27582,880635,0.10122,8700223
1,2021-02-17,47911,1217911,24170,580240,23741,637671,0,0,25950,595948,0.068498,21832,310792,0.035722,26105,906740,0.10422,8700223
1,2021-02-18,50686,1268597,25114,605354,25572,663243,0,0,26382,598467,0.068788,24092,334884,0.038491,26611,933351,0.107279,8700223
1,2021-02-19,45737,1314334,24641,629995,21096,684339,0,0,25833,604569,0.069489,19801,354685,0.040767,25903,959254,0.110256,8700223
1,2021-02-20,26991,1341325,16443,646438,10548,694887,0,0,15548,608797,0.069975,11402,366087,0.042078,15630,974884,0.112053,8700223
1,2021-02-21,11463,1352788,10211,656649,1252,696139,0,0,6838,611109,0.070241,4578,370665,0.042604,6890,981774,0.112845,8700223
1,2021-02-22,30087,1382875,19689,676338,10398,706537,0,0,17700,616577,0.070869,12333,382998,0.044022,17801,999575,0.114891,8700223
1,2021-02-23,43282,1426157,21068,697406,22214,728751,0,0,24275,622357,0.071533,18866,401864,0.04619,24646,1024221,0.117724,8700223
1,2021-02-24,53064,1479221,25680,723086,27384,756135,0,0,29738,629331,0.072335,23219,425083,0.048859,30193,1054414,0.121194,8700223
1,2021-02-25,65234,1544455,31654,754740,33580,789715,0,0,40882,646483,0.074306,24246,449329,0.051646,41398,1095812,0.125952,8700223
1,2021-02-26,73334,1617789,34398,789138,38936,828651,0,0,48346,670489,0.077066,24829,474158,0.0545,48835,1144647,0.131565,8700223
1,2021-02-27,50107,1667896,23160,812298,26939,855590,8,8,33360,687499,0.079021,16629,490787,0.056411,33639,1178286,0.135432,8700223
1,2021-02-28,19369,1687265,11482,823780,7885,863475,2,10,14304,696943,0.080106,5003,495790,0.056986,14447,1192733,0.137092,8700223
1,2021-03-01,44329,1731594,20320,844100,23970,887445,39,49,28651,710355,0.081648,15540,511330,0.058772,28952,1221685,0.14042,8700223
1,2021-03-02,62056,1793650,26950,871050,35098,922543,8,57,40078,729215,0.083816,21853,533183,0.061284,40713,1262398,0.145099,8700223
1,2021-03-03,69794,1863444,33263,904313,36509,959052,22,79,42685,745545,0.085693,26977,560160,0.064385,43307,1305705,0.150077,8700223
1,2021-03-04,78010,1941454,36655,940968,41320,1000372,35,114,50399,769048,0.088394,27451,587611,0.06754,50954,1356659,0.155934,8700223
1,2021-03-05,77027,2018481,34826,975794,41995,1042367,206,320,51676,796427,0.091541,25138,612749,0.070429,52517,1409176,0.16197,8700223
1,2021-03-06,57167,2075648,27290,1003084,28537,1070904,1340,1660,38942,818924,0.094127,18160,630909,0.072516,40657,1449833,0.166643,8700223
1,2021-03-07,20120,2095768,12818,1015902,6491,1077395,811,2471,15125,830148,0.095417,4975,635884,0.073088,16199,1466032,0.168505,8700223
1,2021-03-08,45554,2141322,22391,1038293,21292,1098687,1871,4342,32030,850963,0.097809,13441,649325,0.074633,34256,1500288,0.172442,8700223
1,2021-03-09,66268,2207590,32015,1070308,31776,1130463,2477,6819,40865,869372,0.099925,25290,674615,0.07754,43699,1543987,0.177465,8700223
1,2021-03-10,72955,2280545,36420,1106728,32150,1162613,4385,11204,45154,891636,0.102484,27661,702276,0.080719,49925,1593912,0.183204,8700223
1,2021-03-11,89455,2370000,40968,1147696,40561,1203174,7926,19130,52410,915631,0.105242,36809,739085,0.08495,60804,1654716,0.190192,8700223
1,2021-03-12,98365,2468365,43282,1190978,42722,1245896,12361,31491,57599,945509,0.108676,40578,779663,0.089614,70456,1725172,0.198291,8700223
1,2021-03-13,65115,2533480,29428,1220406,27925,1273821,7762,39253,41510,971628,0.111679,23493,803156,0.092314,49612,1774784,0.203993,8700223
1,2021-03-14,27582,2561062,14874,1235280,9137,1282958,3571,42824,15649,979167,0.112545,11878,815034,0.09368,19417,1794201,0.206225,8700223
1,2021-03-15,64945,2626007,28553,1263833,29704,1312662,6688,49512,38479,998403,0.114756,26285,841319,0.096701,45521,1839722,0.211457,8700223
1,2021-03-16,85381,2711388,38808,1302641,40967,1353629,5606,55118,53273,1025728,0.117897,31921,873240,0.10037,59246,1898968,0.218267,8700223
1,2021-03-17,92336,2803724,44859,1347500,40953,1394582,6524,61642,59633,1059732,0.121805,32529,905769,0.104109,66533,1965501,0.225914,8700223
1,2021-03-18,98379,2902103,50666,1398166,41986,1436568,5727,67369,60210,1088284,0.125087,37849,943618,0.108459,66401,2031902,0.233546,8700223
1,2021-03-19,103066,3005169,53401,1451567,43512,1480080,6153,73522,61092,1114283,0.128075,41718,985336,0.113254,67717,2099619,0.241329,8700223
1,2021-03-20,72091,3077260,37087,1488654,29759,1509839,5245,78767,46547,1140960,0.131141,25372,1010708,0.11617,52049,2151668,0.247312,8700223
1,2021-03-21,27007,3104267,18879,1507533,6315,1516154,1813,80580,17424,1150779,0.13227,9503,1020211,0.117263,19322,2170990,0.249533,8700223
1,2021-03-22,59032,3163299,30355,1537888,25403,1541557,3274,83854,40168,1175906,0.135158,18670,1038881,0.119409,43797,2214787,0.254567,8700223
1,2021-03-23,82798,3246097,42076,1579964,37106,1578663,3616,87470,51394,1200218,0.137953,31194,1070075,0.122994,55506,2270293,0.260947,8700223
1,2021-03-24,87487,3333584,44175,1624139,38954,1617617,4358,91828,52859,1223229,0.140597,34388,1104463,0.126947,57399,2327692,0.267544,8700223
1,2021-03-25,96231,3429815,49025,1673164,41384,1659001,5822,97650,54030,1241391,0.142685,41913,1146376,0.131764,60075,2387767,0.274449,8700223
1,2021-03-26,103993,3533808,50667,1723831,47030,1706031,6296,103946,56478,1257264,0.144509,47214,1193590,0.137191,63087,2450854,0.2817,8700223
1,2021-03-27,73788,3607596,38108,1761939,31501,1737532,4179,108125,38254,1264589,0.145351,35321,1228911,0.141251,42646,2493500,0.286602,8700223
1,2021-03-28,32485,3640081,21277,1783216,10003,1747535,1205,109330,16573,1266895,0.145616,15813,1244724,0.143068,18119,2511619,0.288684,8700223
1,2021-03-29,66649,3706730,33132,1816348,30432,1777967,3085,112415,37142,1277994,0.146892,29337,1274061,0.14644,40436,2552055,0.293332,8700223
1,2021-03-30,91496,3798226,45094,1861442,40096,1818063,6306,118721,47372,1287821,0.148022,43961,1318022,0.151493,53788,2605843,0.299515,8700223
1,2021-03-31,100113,3898339,52391,1913833,41780,1859843,5942,124663,55251,1304513,0.14994,44590,1362612,0.156618,61282,2667125,0.306558,8700223
1,2021-04-01,111151,4009490,53344,1967177,49347,1909190,8460,133123,57032,1316344,0.1513,53743,1416355,0.162795,65574,2732699,0.314095,8700223
1,2021-04-02,110626,4120116,50714,2017891,50317,1959507,9595,142718,56420,1328785,0.15273,53820,1470175,0.168981,66261,2798960,0.321711,8700223
1,2021-04-03,77869,4197985,39171,2057062,29085,1988592,9613,152331,36480,1333751,0.153301,41221,1511396,0.173719,46187,2845147,0.32702,8700223
1,2021-04-04,23678,4221663,11788,2068850,8431,1997023,3459,155790,9936,1333453,0.153267,13684,1525080,0.175292,13386,2858533,0.328559,8700223
1,2021-04-05,75906,4297569,36528,2105378,30207,2027230,9171,164961,34460,1336022,0.153562,41262,1566342,0.180035,43831,2902364,0.333597,8700223
1,2021-04-06,103198,4400767,48950,2154328,37720,2064950,16528,181489,46814,1343310,0.154399,56129,1622471,0.186486,63417,2965781,0.340886,8700223
1,2021-04-07,111098,4511865,53982,2208310,39665,2104615,17451,198940,50334,1350656,0.155244,60505,1682976,0.193441,67851,3033632,0.348684,8700223
1,2021-04-08,121760,4633625,57714,2266024,43209,2147824,20837,219777,53920,1358030,0.156091,67477,1750453,0.201196,74851,3108483,0.357288,8700223
1,2021-04-09,122614,4756239,56195,2322219,45855,2193679,20564,240341,54116,1364658,0.156853,68154,1818607,0.20903,74782,3183265,0.365883,8700223
1,2021-04-10,95288,4851527,42375,2364594,30285,2223964,22628,262969,37198,1366588,0.157075,57899,1876506,0.215685,59829,3243094,0.37276,8700223
1,2021-04-11,36239,4887766,20264,2384858,9337,2233301,6638,269607,14837,1366835,0.157103,21345,1897851,0.218138,21592,3264686,0.375242,8700223
1,2021-04-12,74084,4961850,33149,2418007,30972,2264273,9963,279570,31401,1365963,0.157003,42410,1940261,0.223013,41538,3306224,0.380016,8700223
1,2021-04-13,96996,5058846,51969,2469976,44688,2308961,339,279909,52464,1374873,0.158027,44265,1984526,0.228101,53175,3359399,0.386128,8700223
1,2021-04-14,104798,5163644,54294,2524270,50434,2359395,70,279979,53452,1377792,0.158363,51001,2035527,0.233963,53920,3413319,0.392325,8700223
1,2021-04-15,105979,5269623,57688,2581958,48200,2407595,91,280070,56807,1386293,0.15934,48617,2084144,0.239551,57118,3470437,0.398891,8700223
1,2021-04-16,110339,5379962,56762,2638720,53489,2461084,88,280158,55456,1387661,0.159497,54386,2138530,0.245802,55754,3526191,0.405299,8700223
1,2021-04-17,83204,5463166,45235,2683955,37957,2499041,12,280170,46911,1398696,0.160766,36080,2174610,0.249949,47115,3573306,0.410714,8700223
1,2021-04-18,29189,5492355,19489,2703444,9693,2508734,7,280177,14873,1399544,0.160863,14235,2188845,0.251585,15083,3588389,0.412448,8700223
1,2021-04-19,66773,5559128,33687,2737131,33073,2541807,13,280190,30538,1394348,0.160266,35902,2224747,0.255711,30706,3619095,0.415977,8700223
1,2021-04-20,86830,5645958,43180,2780311,43626,2585433,24,280214,41058,1390216,0.159791,45457,2270204,0.260936,41325,3660420,0.420727,8700223
1,2021-04-21,94007,5739965,47704,2828015,46204,2631637,99,280313,42474,1382010,0.158848,51025,2321229,0.266801,42819,3703239,0.425649,8700223
1,2021-04-22,95013,5834978,49018,2877033,45979,2677616,16,280329,43756,1375238,0.158069,50801,2372030,0.27264,44029,3747268,0.430709,8700223
1,2021-04-23,99731,5934709,50913,2927946,48793,2726409,25,280354,47752,1371748,0.157668,51513,2423543,0.278561,48023,3795291,0.436229,8700223
1,2021-04-24,75239,6009948,46667,2974613,28546,2754955,26,280380,42682,1382262,0.158877,32465,2456008,0.282293,42979,3838270,0.441169,8700223
1,2021-04-25,26913,6036861,17148,2991761,9752,2764707,13,280393,15424,1386451,0.159358,11387,2467395,0.283601,15576,3853846,0.442959,8700223
1,2021-04-26,65074,6101935,33887,3025648,30786,2795493,401,280794,31121,1384662,0.159152,33677,2501072,0.287472,31888,3885734,0.446625,8700223
1,2021-04-27,80225,6182160,42296,3067944,36635,2832128,1294,282088,35000,1376360,0.158198,44958,2546030,0.29264,36656,3922390,0.450838,8700223
1,2021-04-28,79272,6261432,41622,3109566,36167,2868295,1483,283571,34916,1368981,0.15735,44047,2590077,0.297702,36668,3959058,0.455052,8700223
1,2021-04-29,82555,6343987,44942,3154508,36009,2904304,1604,285175,33928,1356380,0.155902,48315,2638392,0.303256,35714,3994772,0.459157,8700223
1,2021-04-30,90299,6434286,48555,3203063,39897,2944201,1847,287022,37939,1344305,0.154514,52064,2690456,0.30924,39989,4034761,0.463754,8700223
1,2021-05-01,61965,6496251,40107,3243170,20484,2964685,1374,288396,26134,1336419,0.153607,35635,2726091,0.313336,27749,4062510,0.466943,8700223
1,2021-05-02,23184,6519435,16383,3259553,6232,2970917,569,288965,9403,1332756,0.153186,13678,2739769,0.314908,10015,4072525,0.468094,8700223
1,2021-05-03,55533,6574968,30662,3290215,23037,2993954,1834,290799,20549,1320452,0.151772,34766,2774535,0.318904,22462,4094987,0.470676,8700223
1,2021-05-04,73892,6648860,42253,3332468,29561,3023515,2078,292877,26929,1302871,0.149751,46694,2821229,0.324271,29113,4124100,0.474022,8700223
1,2021-05-05,76418,6725278,44164,3376632,29966,3053481,2288,295165,26149,1281423,0.147286,49966,2871195,0.330014,28518,4152618,0.4773,8700223
1,2021-05-06,76568,6801846,45754,3422386,28645,3082126,2169,297334,23866,1255256,0.144279,52361,2923556,0.336032,26194,4178812,0.480311,8700223
1,2021-05-07,81657,6883503,46197,3468583,33280,3115406,2180,299514,27382,1231009,0.141492,53878,2977434,0.342225,29631,4208443,0.483717,8700223
1,2021-05-08,54619,6938122,34055,3502638,18998,3134404,1566,301080,18286,1214925,0.139643,36037,3013471,0.346367,19953,4228396,0.48601,8700223
1,2021-05-09,17625,6955747,12550,3515188,4603,3139007,472,301552,5411,1208706,0.138928,12140,3025611,0.347762,5921,4234317,0.486691,8700223
1,2021-05-10,42450,6998197,21236,3536424,19436,3158443,1778,303330,14236,1196843,0.137565,27972,3053583,0.350978,16109,4250426,0.488542,8700223
1,2021-05-11,60117,7058314,32122,3568546,25874,3184317,2121,305451,19781,1178787,0.135489,40084,3093667,0.355585,22028,4272454,0.491074,8700223
1,2021-05-12,61380,7119694,32490,3601036,26884,3211201,2006,307457,20787,1161346,0.133485,40306,3133973,0.360218,22865,4295319,0.493702,8700223
1,2021-05-13,65850,7185544,38620,3639656,25254,3236455,1976,309433,25448,1149006,0.132066,40052,3174025,0.364821,27712,4323031,0.496887,8700223
1,2021-05-14,75477,7261021,45538,3685194,27557,3264012,2382,311815,31081,1138720,0.130884,44032,3218057,0.369882,33746,4356777,0.500766,8700223
1,2021-05-15,64832,7325853,42557,3727751,20584,3284596,1691,313506,25729,1127378,0.12958,38838,3256895,0.374346,27496,4384273,0.503927,8700223
1,2021-05-16,24101,7349954,17598,3745349,5885,3290481,618,314124,9740,1123531,0.129138,14255,3271150,0.375985,10408,4394681,0.505123,8700223
1,2021-05-17,53697,7403651,32822,3778171,19119,3309600,1756,315880,23114,1118122,0.128516,30339,3301489,0.379472,24930,4419611,0.507988,8700223
1,2021-05-18,64077,7467728,38506,3816677,23755,3333355,1816,317696,28129,1112469,0.127867,35690,3337179,0.383574,30037,4449648,0.511441,8700223
1,2021-05-19,65762,7533490,40101,3856778,23746,3357101,1915,319611,30008,1108992,0.127467,35490,3372669,0.387653,32013,4481661,0.51512,8700223
1,2021-05-20,63418,7596908,36830,3893608,24424,3381525,2164,321775,26708,1101668,0.126625,36396,3409065,0.391837,29072,4510733,0.518462,8700223
1,2021-05-21,69440,7666348,41489,3935097,26100,3407625,1851,323626,29275,1093112,0.125642,39782,3448847,0.396409,31226,4541959,0.522051,8700223
1,2021-05-22,55230,7721578,36417,3971514,17108,3424733,1705,325331,24197,1088332,0.125092,30780,3479627,0.399947,26000,4567959,0.525039,8700223
1,2021-05-23,19535,7741113,13599,3985113,5350,3430083,586,325917,9256,1088015,0.125056,10183,3489810,0.401117,9866,4577825,0.526173,8700223
1,2021-05-24,42589,7783702,23419,4008532,17359,3447442,1811,327728,17214,1081985,0.124363,25143,3514953,0.404007,19113,4596938,0.52837,8700223
1,2021-05-25,50442,7834144,29105,4037637,19682,3467124,1655,329383,21045,1075772,0.123649,29130,3544083,0.407355,22917,4619855,0.531004,8700223
1,2021-05-26,48124,7882268,27326,4064963,18918,3486042,1880,331263,20557,1071098,0.123112,27269,3571352,0.41049,22595,4642450,0.533601,8700223
1,2021-05-27,46610,7928878,26228,4091191,18507,3504549,1875,333138,20538,1067856,0.122739,25797,3597149,0.413455,22555,4665005,0.536194,8700223
1,2021-05-28,51946,7980824,28966,4120157,21197,3525746,1783,334921,23591,1065308,0.122446,28059,3625208,0.41668,25511,4690516,0.539126,8700223
1,2021-05-29,30188,8011012,18280,4138437,10978,3536724,930,335851,14724,1065715,0.122493,15312,3640520,0.41844,15719,4706235,0.540933,8700223
1,2021-05-30,11519,8022531,7435,4145872,3539,3540263,545,336396,5596,1066042,0.12253,5855,3646375,0.419113,6182,4712417,0.541643,8700223
1,2021-05-31,5651,8028182,3223,4149095,2182,3542445,246,336642,1992,1064690,0.122375,3608,3649983,0.419528,2256,4714673,0.541903,8700223
1,2021-06-01,45372,8073554,25695,4174790,18172,3560617,1505,338147,17937,1057084,0.121501,27139,3677122,0.422647,19533,4734206,0.544148,8700223
1,2021-06-02,39593,8113147,23009,4197799,15119,3575736,1465,339612,16333,1051996,0.120916,22983,3700105,0.425289,17895,4752101,0.546205,8700223
1,2021-06-03,40922,8154069,25675,4223474,13597,3589333,1650,341262,15814,1044721,0.12008,24818,3724923,0.428141,17543,4769644,0.548221,8700223
1,2021-06-04,49508,8203577,31780,4255254,15986,3605319,1742,343004,17916,1033186,0.118754,31277,3756200,0.431736,19742,4789386,0.55049,8700223
1,2021-06-05,39653,8243230,27093,4282347,10621,3615940,1939,344943,14247,1024237,0.117725,25194,3781394,0.434632,16245,4805631,0.552357,8700223
1,2021-06-06,12975,8256205,10391,4292738,2084,3618024,500,345443,4788,1021481,0.117409,8110,3789504,0.435564,5354,4810985,0.552973,8700223
1,2021-06-07,33690,8289895,23240,4315978,9108,3627132,1342,346785,12117,1013622,0.116505,21376,3810880,0.438021,13517,4824502,0.554526,8700223
1,2021-06-08,41741,8331636,28949,4344927,11211,3638343,1581,348366,14846,1003503,0.115342,26643,3837523,0.441083,16524,4841026,0.556426,8700223
1,2021-06-09,41589,8373225,28952,4373879,11040,3649383,1597,349963,13592,991029,0.113908,27726,3865249,0.44427,15252,4856278,0.558179,8700223
1,2021-06-10,38589,8411814,26107,4399986,10847,3660230,1635,351598,13348,981103,0.112768,25018,3890267,0.447146,15092,4871370,0.559913,8700223
1,2021-06-11,43179,8454993,28679,4428665,12876,3673106,1624,353222,15342,970607,0.111561,27544,3917811,0.450312,17048,4888418,0.561873,8700223
1,2021-06-12,33211,8488204,24011,4452676,8021,3681127,1179,354401,10978,960805,0.110435,22030,3939841,0.452844,12228,4900646,0.563278,8700223
1,2021-06-13,11546,8499750,8389,4461065,2682,3683809,475,354876,3509,956856,0.109981,7970,3947811,0.45376,4021,4904667,0.56374,8700223
1,2021-06-14,30471,8530221,20528,4481593,8655,3692464,1288,356164,11760,951410,0.109355,18534,3966345,0.45589,13088,4917755,0.565245,8700223
1,2021-06-15,36795,8567016,24187,4505780,10801,3703265,1807,357971,13719,944196,0.108525,22832,3989177,0.458514,15618,4933373,0.56704,8700223
1,2021-06-16,34905,8601921,23614,4529394,9502,3712767,1789,359760,13180,937747,0.107784,21483,4010660,0.460984,15034,4948407,0.568768,8700223
1,2021-06-17,32521,8634442,21581,4550975,9150,3721917,1790,361550,12826,932980,0.107236,19472,4030132,0.463222,14705,4963112,0.570458,8700223
1,2021-06-18,38164,8672606,24790,4575765,10702,3732619,2672,364222,14919,927634,0.106622,22999,4053131,0.465865,17653,4980765,0.572487,8700223
1,2021-06-19,22997,8695603,15989,4591754,5933,3738552,1075,365297,9478,924872,0.106304,13352,4066483,0.4674,10590,4991355,0.573704,8700223
1,2021-06-20,8042,8703645,5868,4597622,1903,3740455,271,365568,3191,923554,0.106153,4790,4071273,0.46795,3472,4994827,0.574103,8700223
1,2021-06-21,20181,8723826,11427,4609049,6720,3747175,2034,367602,10582,926724,0.106517,9497,4080770,0.469042,12667,5007494,0.575559,8700223
1,2021-06-22,29541,8753367,19349,4628398,8269,3755444,1923,369525,12520,924406,0.106251,16837,4097607,0.470977,14519,5022013,0.577228,8700223
1,2021-06-23,26996,8780363,18078,4646476,7307,3762751,1611,371136,11870,922975,0.106086,14946,4112553,0.472695,13515,5035528,0.578781,8700223
1,2021-06-24,14702,8795065,9935,4656411,3574,3766325,1193,372329,5694,920986,0.105858,8898,4121451,0.473718,6909,5042437,0.579576,8700223
2,2020-12-15,241,241,241,241,0,0,0,0,241,241,2.9e-05,0,0,0.0,241,241,2.9e-05,8407551
2,2020-12-16,2079,2320,2079,2320,0,0,0,0,2078,2319,0.000276,0,0,0.0,2078,2319,0.000276,8407551
2,2020-12-17,6838,9158,6838,9158,0,0,0,0,6839,9158,0.001089,0,0,0.0,6839,9158,0.001089,8407551
2,2020-12-18,11075,20233,11055,20213,20,20,0,0,11074,20232,0.002406,0,0,0.0,11074,20232,0.002406,8407551
2,2020-12-19,5625,25858,5619,25832,6,26,0,0,5626,25858,0.003076,0,0,0.0,5626,25858,0.003076,8407551
2,2020-12-20,4250,30108,4241,30073,9,35,0,0,4246,30104,0.003581,0,0,0.0,4246,30104,0.003581,8407551
2,2020-12-21,12784,42892,12759,42832,25,60,0,0,12739,42843,0.005096,0,0,0.0,12739,42843,0.005096,8407551
2,2020-12-22,12151,55043,11639,54471,512,572,0,0,12151,54994,0.006541,0,0,0.0,12151,54994,0.006541,8407551
2,2020-12-23,11691,66734,9478,63949,2213,2785,0,0,11694,66688,0.007932,1,1,0.0,11695,66689,0.007932,8407551
2,2020-12-24,5907,72641,3498,67447,2409,5194,0,0,5903,72590,0.008634,3,4,0.0,5905,72594,0.008634,8407551
2,2020-12-25,480,73121,403,67850,77,5271,0,0,482,73072,0.008691,0,4,0.0,482,73076,0.008692,8407551
2,2020-12-26,2567,75688,1674,69524,893,6164,0,0,2568,75639,0.008997,1,5,1e-06,2568,75644,0.008997,8407551
2,2020-12-27,2221,77909,1207,70731,1014,7178,0,0,2218,77855,0.00926,2,7,1e-06,2218,77862,0.009261,8407551
2,2020-12-28,10999,88908,7161,77892,3838,11016,0,0,10999,88853,0.010568,1,8,1e-06,10999,88861,0.010569,8407551
2,2020-12-29,12702,101610,7142,85034,5560,16576,0,0,12706,101559,0.012079,0,8,1e-06,12706,101567,0.01208,8407551
2,2020-12-30,15400,117010,8664,93698,6736,23312,0,0,15414,116970,0.013912,5,13,2e-06,15416,116983,0.013914,8407551
2,2020-12-31,7560,124570,2823,96521,4737,28049,0,0,7553,124518,0.01481,5,18,2e-06,7553,124536,0.014812,8407551
2,2021-01-01,1194,125764,580,97101,614,28663,0,0,1194,125709,0.014952,3,21,2e-06,1194,125730,0.014954,8407551
2,2021-01-02,4842,130606,2763,99864,2079,30742,0,0,4837,130544,0.015527,2,23,3e-06,4837,130567,0.01553,8407551
2,2021-01-03,1385,131991,790,100654,595,31337,0,0,1380,131921,0.015691,3,26,3e-06,1380,131947,0.015694,8407551
2,2021-01-04,11638,143629,5551,106205,6087,37424,0,0,11625,143542,0.017073,4,30,4e-06,11625,143572,0.017077,8407551
2,2021-01-05,13868,157497,6923,113128,6945,44369,0,0,12673,155059,0.018443,1188,1218,0.000145,12705,156277,0.018588,8407551
2,2021-01-06,18970,176467,10456,123584,8514,52883,0,0,15205,166556,0.01981,3717,4935,0.000587,15214,171491,0.020397,8407551
2,2021-01-07,23108,199575,13015,136599,10093,62976,0,0,15557,174561,0.020762,7566,12501,0.001487,15571,187062,0.022249,8407551
2,2021-01-08,26431,226006,15981,152580,10450,73426,0,0,16329,180843,0.02151,10068,22569,0.002684,16350,203412,0.024194,8407551
2,2021-01-09,9763,235769,5678,158258,4085,77511,0,0,6260,183587,0.021836,3523,26092,0.003103,6267,209679,0.024939,8407551
2,2021-01-10,5286,241055,2921,161179,2365,79876,0,0,3072,184429,0.021936,2235,28327,0.003369,3077,212756,0.025305,8407551
2,2021-01-11,25975,267030,17855,179034,8120,87996,0,0,15004,188480,0.022418,11003,39330,0.004678,15054,227810,0.027096,8407551
2,2021-01-12,26260,293290,16361,195395,9899,97895,0,0,16646,195565,0.023261,9641,48971,0.005825,16726,244536,0.029085,8407551
2,2021-01-13,28537,321827,15146,210541,13391,111286,0,0,20579,208219,0.024766,7952,56923,0.00677,20606,265142,0.031536,8407551
2,2021-01-14,30197,352024,11462,222003,18735,130021,0,0,25960,229986,0.027355,4260,61183,0.007277,26027,291169,0.034632,8407551
2,2021-01-15,35135,387159,12828,234831,22307,152328,0,0,31866,258658,0.030765,3279,64462,0.007667,31951,323120,0.038432,8407551
2,2021-01-16,17629,404788,5632,240463,11997,164325,0,0,16305,273622,0.032545,1351,65813,0.007828,16315,339435,0.040373,8407551
2,2021-01-17,10671,415459,3629,244092,7042,171367,0,0,9957,282845,0.033642,742,66555,0.007916,9965,349400,0.041558,8407551
2,2021-01-18,19691,435150,11024,255116,8667,180034,0,0,14902,292996,0.034849,4806,71361,0.008488,14957,364357,0.043337,8407551
2,2021-01-19,32466,467616,16949,272065,15517,195551,0,0,24488,309618,0.036826,7980,79341,0.009437,24602,388959,0.046263,8407551
2,2021-01-20,37247,504863,18636,290701,18611,214162,0,0,28601,329691,0.039214,8620,87961,0.010462,28693,417652,0.049676,8407551
2,2021-01-21,40697,545560,17224,307925,23473,237635,0,0,36253,361691,0.04302,4422,92383,0.010988,36422,454074,0.054008,8407551
2,2021-01-22,39453,585013,16483,324408,22970,260605,0,0,36126,394512,0.046924,3331,95714,0.011384,36152,490226,0.058308,8407551
2,2021-01-23,24080,609093,10797,335205,13283,273888,0,0,21115,412714,0.049088,2941,98655,0.011734,21143,511369,0.060823,8407551
2,2021-01-24,12405,621498,6107,341312,6298,280186,0,0,11487,423310,0.050349,903,99558,0.011841,11499,522868,0.06219,8407551
2,2021-01-25,33856,655354,15637,356949,18219,298405,0,0,25073,439792,0.052309,8727,108285,0.012879,25209,548077,0.065189,8407551
2,2021-01-26,40386,695740,19930,376879,20456,318861,0,0,31354,462219,0.054977,9011,117296,0.013951,31438,579515,0.068928,8407551
2,2021-01-27,45866,741606,22929,399808,22937,341798,0,0,35660,487849,0.058025,10086,127382,0.015151,35716,615231,0.073176,8407551
2,2021-01-28,48160,789766,22742,422550,25418,367216,0,0,39523,518866,0.061714,8577,135959,0.016171,39594,654825,0.077885,8407551
2,2021-01-29,45728,835494,22295,444845,23433,390649,0,0,37052,547409,0.065109,8571,144530,0.01719,37114,691939,0.0823,8407551
2,2021-01-30,31490,866984,13713,458558,17777,408426,0,0,28133,572257,0.068065,3320,147850,0.017585,28168,720107,0.08565,8407551
2,2021-01-31,17407,884391,10457,469015,6950,415376,0,0,16212,587310,0.069855,1179,149029,0.017726,16232,736339,0.087581,8407551
2,2021-02-01,41044,925435,19802,488817,21242,436618,0,0,30182,606710,0.072163,10821,159850,0.019013,30221,766560,0.091175,8407551
2,2021-02-02,47793,973228,19487,508304,28306,464924,0,0,36399,631878,0.075156,11328,171178,0.02036,36496,803056,0.095516,8407551
2,2021-02-03,54283,1027511,24228,532532,30055,494979,0,0,40183,658151,0.078281,14003,185181,0.022026,40276,843332,0.100306,8407551
2,2021-02-04,56145,1083656,24306,556838,31839,526818,0,0,41092,684382,0.081401,14961,200142,0.023805,41192,884524,0.105206,8407551
2,2021-02-05,59900,1143556,26394,583232,33506,560324,0,0,40582,706002,0.083972,19134,219276,0.026081,40754,925278,0.110053,8407551
2,2021-02-06,38906,1182462,18174,601406,20732,581056,0,0,31239,729737,0.086795,7594,226870,0.026984,31329,956607,0.11378,8407551
2,2021-02-07,16003,1198465,10715,612121,5288,586344,0,0,12147,738117,0.087792,3834,230704,0.02744,12214,968821,0.115232,8407551
2,2021-02-08,43428,1241893,22413,634534,21015,607359,0,0,29903,754849,0.089782,13380,244084,0.029032,30112,998933,0.118814,8407551
2,2021-02-09,49394,1291287,23535,658069,25859,633218,0,0,30729,767497,0.091287,18409,262493,0.031221,31057,1029990,0.122508,8407551
2,2021-02-10,59690,1350977,28177,686246,31513,664731,0,0,34784,778011,0.092537,24623,287116,0.03415,35137,1065127,0.126687,8407551
2,2021-02-11,64232,1415209,29769,716015,34463,699194,0,0,36119,786800,0.093583,27827,314943,0.03746,36616,1101743,0.131042,8407551
2,2021-02-12,65252,1480461,28206,744221,37046,736240,0,0,34722,791950,0.094195,30232,345175,0.041055,35382,1137125,0.13525,8407551
2,2021-02-13,37792,1518253,15877,760098,21915,758155,0,0,21874,798371,0.094959,15831,361006,0.042938,22252,1159377,0.137897,8407551
2,2021-02-14,20046,1538299,9415,769513,10631,768786,0,0,11254,801237,0.0953,8748,369754,0.043979,11614,1170991,0.139278,8407551
2,2021-02-15,33164,1571463,15023,784536,18141,786927,0,0,18368,805788,0.095841,14673,384427,0.045724,19224,1190215,0.141565,8407551
2,2021-02-16,56157,1627620,27738,812274,28419,815346,0,0,29582,809558,0.096289,26486,410913,0.048874,30256,1220471,0.145164,8407551
2,2021-02-17,61597,1689217,31832,844106,29765,845111,0,0,30567,810001,0.096342,30962,441875,0.052557,31405,1251876,0.148899,8407551
2,2021-02-18,66171,1755388,33563,877669,32608,877719,0,0,32172,809555,0.096289,33768,475643,0.056573,33322,1285198,0.152862,8407551
2,2021-02-19,59229,1814617,33014,910683,26215,903934,0,0,29366,809822,0.096321,29707,505350,0.060107,29974,1315172,0.156427,8407551
2,2021-02-20,37405,1852022,24449,935132,12956,916890,0,0,20288,813758,0.096789,17035,522385,0.062133,20971,1336143,0.158922,8407551
2,2021-02-21,20797,1872819,17317,952449,3480,920370,0,0,9986,813810,0.096795,10736,533121,0.06341,10788,1346931,0.160205,8407551
2,2021-02-22,37671,1910490,25787,978236,11884,932254,0,0,18035,812979,0.096696,19547,552668,0.065735,18716,1365647,0.162431,8407551
2,2021-02-23,51940,1962430,26641,1004877,25299,957553,0,0,22907,808954,0.096218,28838,581506,0.069165,24813,1390460,0.165382,8407551
2,2021-02-24,68551,2030981,35313,1040190,33238,990791,0,0,31563,806045,0.095872,36842,618348,0.073547,33933,1424393,0.169418,8407551
2,2021-02-25,74443,2105424,35089,1075279,39354,1030145,0,0,37951,810536,0.096406,36281,654629,0.077862,40772,1465165,0.174268,8407551
2,2021-02-26,82663,2188087,35328,1110607,47335,1077480,0,0,44708,819756,0.097502,37697,692326,0.082346,46917,1512082,0.179848,8407551
2,2021-02-27,60360,2248447,27979,1138586,32374,1109854,7,7,32963,826867,0.098348,27196,719522,0.08558,34307,1546389,0.183929,8407551
2,2021-02-28,29789,2278236,17927,1156513,11861,1121715,1,8,17511,833031,0.099081,12179,731701,0.087029,18343,1564732,0.18611,8407551
2,2021-03-01,57118,2335354,30059,1186572,27023,1148738,36,44,31056,839535,0.099855,25798,757499,0.090097,32302,1597034,0.189952,8407551
2,2021-03-02,67937,2403291,32730,1219302,35200,1183938,7,51,38491,851072,0.101227,29306,786805,0.093583,40843,1637877,0.19481,8407551
2,2021-03-03,79819,2483110,38763,1258065,41042,1224980,14,65,45132,864283,0.102798,34504,821309,0.097687,47715,1685592,0.200485,8407551
2,2021-03-04,87372,2570482,43108,1301173,44234,1269214,30,95,50442,880412,0.104717,36734,858043,0.102056,52863,1738455,0.206773,8407551
2,2021-03-05,80737,2651219,38286,1339459,42146,1311360,305,400,49592,901734,0.107253,30956,888999,0.105738,52278,1790733,0.212991,8407551
2,2021-03-06,62491,2713710,30549,1370008,30254,1341614,1688,2088,38491,919473,0.109363,23885,912884,0.108579,41624,1832357,0.217942,8407551
2,2021-03-07,27620,2741330,16184,1386192,10462,1352076,974,3062,17829,929656,0.110574,9732,922616,0.109737,19915,1852272,0.220311,8407551
2,2021-03-08,49988,2791318,23053,1409245,24467,1376543,2468,5530,31642,947175,0.112658,18242,940858,0.111906,35761,1888033,0.224564,8407551
2,2021-03-09,69927,2861245,32001,1441246,34143,1410686,3783,9313,38824,960165,0.114203,30985,971843,0.115592,43975,1932008,0.229794,8407551
2,2021-03-10,77753,2938998,36918,1478164,34287,1444973,6548,15861,41353,973219,0.115755,36207,1008050,0.119898,49261,1981269,0.235654,8407551
2,2021-03-11,92594,3031592,42765,1520929,41488,1486461,8341,24202,48455,987582,0.117464,43859,1051909,0.125115,58222,2039491,0.242578,8407551
2,2021-03-12,93636,3125228,38586,1559515,43059,1529520,11991,36193,46709,1001021,0.119062,46717,1098626,0.130671,60156,2099647,0.249733,8407551
2,2021-03-13,68625,3193853,28897,1588412,31811,1561331,7917,44110,37759,1017267,0.120994,30747,1129373,0.134328,46993,2146640,0.255323,8407551
2,2021-03-14,36572,3230425,18268,1606680,13778,1575109,4526,48636,18647,1023362,0.121719,17837,1147210,0.13645,23932,2170572,0.258169,8407551
2,2021-03-15,67191,3297616,30400,1637080,31749,1606858,5042,53678,37214,1036946,0.123335,29779,1176989,0.139992,43363,2213935,0.263327,8407551
2,2021-03-16,86050,3383666,38096,1675176,43947,1650805,4007,57685,52397,1060992,0.126195,33494,1210483,0.143976,57540,2271475,0.270171,8407551
2,2021-03-17,92323,3475989,44244,1719420,43926,1694731,4153,61838,58840,1091599,0.129836,33240,1243723,0.147929,63847,2335322,0.277765,8407551
2,2021-03-18,97701,3573690,46613,1766033,46505,1741236,4583,66421,59931,1119183,0.133116,37485,1281208,0.152388,65069,2400391,0.285504,8407551
2,2021-03-19,97117,3670807,45965,1811998,45015,1786251,6137,72558,58047,1145081,0.136197,38804,1320012,0.157003,64702,2465093,0.2932,8407551
2,2021-03-20,69502,3740309,33688,1845686,31892,1818143,3922,76480,45703,1171487,0.139337,23574,1343586,0.159807,49980,2515073,0.299145,8407551
2,2021-03-21,33103,3773412,21444,1867130,9678,1827821,1981,78461,20484,1181877,0.140573,12500,1356086,0.161294,22890,2537963,0.301867,8407551
2,2021-03-22,62437,3835849,34304,1901434,25489,1853310,2644,81105,41613,1206424,0.143493,20609,1376695,0.163745,45156,2583119,0.307238,8407551
2,2021-03-23,83531,3919380,44444,1945878,36179,1889489,2908,84013,52482,1231854,0.146518,30800,1407495,0.167408,56230,2639349,0.313926,8407551
2,2021-03-24,91329,4010709,49131,1995009,39047,1928536,3151,87164,53915,1252629,0.148989,37116,1444611,0.171823,57891,2697240,0.320812,8407551
2,2021-03-25,100939,4111648,50903,2045912,46136,1974672,3900,91064,57493,1271648,0.151251,43137,1487748,0.176954,62156,2759396,0.328204,8407551
2,2021-03-26,103017,4214665,51152,2097064,48373,2023045,3492,94556,56777,1287078,0.153086,45896,1533644,0.182413,61326,2820722,0.335499,8407551
2,2021-03-27,75214,4289879,37530,2134594,34376,2057421,3308,97864,37895,1292043,0.153676,37100,1570744,0.186825,42065,2862787,0.340502,8407551
2,2021-03-28,37493,4327372,23154,2157748,13531,2070952,808,98672,20319,1296840,0.154247,17057,1587801,0.188854,21854,2884641,0.343101,8407551
2,2021-03-29,71041,4398413,36160,2193908,32611,2103563,2270,100942,40678,1310510,0.155873,30182,1617983,0.192444,43852,2928493,0.348317,8407551
2,2021-03-30,91627,4490040,44832,2238740,42442,2146005,4353,105295,51737,1327513,0.157895,39699,1657682,0.197166,56702,2985195,0.355061,8407551
2,2021-03-31,101015,4591055,52072,2290812,43834,2189839,5109,110404,57629,1347511,0.160274,43091,1700773,0.202291,63089,3048284,0.362565,8407551
2,2021-04-01,117219,4708274,56627,2347439,51422,2241261,9170,119574,64121,1368505,0.162771,52754,1753527,0.208566,73748,3122032,0.371337,8407551
2,2021-04-02,111413,4819687,51368,2398807,49903,2291164,10142,129716,60185,1388444,0.165143,50876,1804403,0.214617,70815,3192847,0.379759,8407551
2,2021-04-03,76627,4896314,37593,2436400,29221,2320385,9813,139529,38064,1398374,0.166324,38364,1842767,0.21918,48294,3241141,0.385504,8407551
2,2021-04-04,29009,4925323,14902,2451302,10254,2330639,3853,143382,13077,1399503,0.166458,15844,1858611,0.221064,16973,3258114,0.387522,8407551
2,2021-04-05,78849,5004172,38691,2489993,31389,2362028,8769,152151,38327,1407006,0.16735,40365,1898976,0.225866,47868,3305982,0.393216,8407551
2,2021-04-06,103701,5107873,50487,2540480,38522,2400550,14692,166843,49389,1417452,0.168593,54062,1953038,0.232296,64508,3370490,0.400888,8407551
2,2021-04-07,110187,5218060,55004,2595484,38959,2439509,16224,183067,52094,1428243,0.169876,57829,2010867,0.239174,68620,3439110,0.40905,8407551
2,2021-04-08,119217,5337277,57387,2652871,43119,2482628,18711,201778,55459,1439597,0.171227,63432,2074299,0.246719,74786,3513896,0.417945,8407551
2,2021-04-09,118658,5455935,57080,2709951,43439,2526067,18139,219917,56164,1452654,0.17278,62142,2136441,0.25411,75199,3589095,0.426889,8407551
2,2021-04-10,87104,5543039,37770,2747721,31006,2557073,18328,238245,36071,1456966,0.173293,50781,2187222,0.26015,55093,3644188,0.433442,8407551
2,2021-04-11,44355,5587394,23030,2770751,12863,2569936,8462,246707,18270,1458477,0.173472,25955,2213177,0.263237,27466,3671654,0.436709,8407551
2,2021-04-12,79921,5667315,37224,2807975,33323,2603259,9374,256081,35854,1460918,0.173763,43811,2256988,0.268448,46252,3717906,0.44221,8407551
2,2021-04-13,101833,5769148,52825,2860800,48747,2652006,261,256342,55929,1472357,0.175123,45661,2302649,0.273879,57100,3775006,0.449002,8407551
2,2021-04-14,106645,5875793,55825,2916625,50769,2702775,51,256393,54719,1476937,0.175668,51638,2354287,0.280021,56218,3831224,0.455688,8407551
2,2021-04-15,113264,5989057,60194,2976819,52995,2755770,75,256468,59485,1484181,0.17653,53409,2407696,0.286373,60653,3891877,0.462903,8407551
2,2021-04-16,110625,6099682,57489,3034308,53086,2808856,50,256518,56410,1487617,0.176938,53882,2461578,0.292782,57318,3949195,0.46972,8407551
2,2021-04-17,83200,6182882,42340,3076648,40843,2849699,17,256535,46808,1499164,0.178312,36141,2497719,0.29708,47688,3996883,0.475392,8407551
2,2021-04-18,34470,6217352,20639,3097287,13825,2863524,6,256541,16506,1498822,0.178271,17828,2515547,0.299201,17486,4014369,0.477472,8407551
2,2021-04-19,74483,6291835,40101,3137388,34368,2897892,14,256555,34179,1493611,0.177651,40037,2555584,0.303963,34826,4049195,0.481614,8407551
2,2021-04-20,95896,6387731,47902,3185290,47968,2945860,26,256581,46749,1492308,0.177496,48831,2604415,0.309771,47528,4096723,0.487267,8407551
2,2021-04-21,100202,6487933,53012,3238302,47136,2992996,54,256635,47649,1488784,0.177077,52132,2656547,0.315972,48608,4145331,0.493049,8407551
2,2021-04-22,105776,6593709,54121,3292423,51634,3044630,21,256656,46399,1477110,0.175688,59004,2715551,0.32299,47330,4192661,0.498678,8407551
2,2021-04-23,105056,6698765,55291,3347714,49747,3094377,18,256674,48565,1470525,0.174905,56099,2771650,0.329662,49514,4242175,0.504567,8407551
2,2021-04-24,79554,6778319,47010,3394724,32505,3126882,39,256713,41561,1475372,0.175482,37682,2809332,0.334144,42529,4284704,0.509626,8407551
2,2021-04-25,36071,6814390,22268,3416992,13789,3140671,14,256727,19701,1479300,0.175949,16250,2825582,0.336077,20178,4304882,0.512026,8407551
2,2021-04-26,72599,6886989,39903,3456895,32402,3173073,294,257021,33470,1475654,0.175515,38878,2864460,0.340701,35232,4340114,0.516216,8407551
2,2021-04-27,86843,6973832,45424,3502319,40058,3213131,1361,258382,37286,1466329,0.174406,49212,2913672,0.346554,39887,4380001,0.52096,8407551
2,2021-04-28,86164,7059996,45563,3547882,38744,3251875,1857,260239,38005,1459258,0.173565,47855,2961527,0.352246,40784,4420785,0.525811,8407551
2,2021-04-29,88918,7148914,47917,3595799,39307,3291182,1694,261933,34465,1441905,0.171501,54116,3015643,0.358683,36763,4457548,0.530184,8407551
2,2021-04-30,92516,7241430,50717,3646516,39822,3331004,1977,263910,35746,1423929,0.169363,56368,3072011,0.365387,38392,4495940,0.53475,8407551
2,2021-05-01,61565,7302995,37632,3684148,22377,3353381,1556,265466,23939,1412940,0.168056,37342,3109353,0.369829,26353,4522293,0.537885,8407551
2,2021-05-02,29097,7332092,20186,3704334,7938,3361319,973,266439,11066,1407181,0.167371,17897,3127250,0.371957,12138,4534431,0.539328,8407551
2,2021-05-03,59776,7391868,35386,3739720,22350,3383669,2040,268479,20105,1390198,0.165351,39407,3166657,0.376644,22424,4556855,0.541996,8407551
2,2021-05-04,78226,7470094,46319,3786039,29538,3413207,2369,270848,25500,1366064,0.162481,52416,3219073,0.382879,28282,4585137,0.545359,8407551
2,2021-05-05,79063,7549157,46940,3832979,29788,3442995,2335,273183,24774,1339608,0.159334,53920,3272993,0.389292,27464,4612601,0.548626,8407551
2,2021-05-06,80845,7630002,48547,3881526,29399,3472394,2899,276082,24649,1312030,0.156054,55769,3328762,0.395925,28191,4640792,0.551979,8407551
2,2021-05-07,82277,7712279,47210,3928736,32645,3505039,2422,278504,25339,1283653,0.152679,56604,3385366,0.402658,28227,4669019,0.555336,8407551
2,2021-05-08,53754,7766033,32300,3961036,19753,3524792,1701,280205,16799,1266147,0.150596,36732,3422098,0.407027,19226,4688245,0.557623,8407551
2,2021-05-09,21309,7787342,15284,3976320,5284,3530076,741,280946,6371,1258634,0.149703,14861,3436959,0.408794,7348,4695593,0.558497,8407551
2,2021-05-10,49020,7836362,26531,4002851,20637,3550713,1852,282798,13951,1240197,0.14751,34852,3471811,0.41294,16415,4712008,0.56045,8407551
2,2021-05-11,63808,7900170,33828,4036679,27892,3578605,2088,284886,19315,1218050,0.144876,44227,3516038,0.4182,22080,4734088,0.563076,8407551
2,2021-05-12,63828,7963998,33914,4070593,27718,3606323,2196,287082,19528,1196149,0.142271,44016,3560054,0.423435,22115,4756203,0.565706,8407551
2,2021-05-13,70149,8034147,40878,4111471,27338,3633661,1933,289015,26276,1181472,0.140525,43611,3603665,0.428622,28934,4785137,0.569148,8407551
2,2021-05-14,78882,8113029,47363,4158834,29285,3662946,2234,291249,30927,1167684,0.138885,47602,3651267,0.434284,33814,4818951,0.573169,8407551
2,2021-05-15,65713,8178742,43191,4202025,20809,3683755,1713,292962,25509,1155313,0.137414,39986,3691253,0.43904,27615,4846566,0.576454,8407551
2,2021-05-16,30576,8209318,22756,4224781,6901,3690656,919,293881,12337,1150572,0.13685,18127,3709380,0.441196,13386,4859952,0.578046,8407551
2,2021-05-17,57381,8266699,36317,4261098,19128,3709784,1936,295817,22943,1141584,0.135781,34231,3743611,0.445268,25243,4885195,0.581049,8407551
2,2021-05-18,69289,8335988,40425,4301523,26908,3736692,1956,297773,27801,1130640,0.134479,41241,3784852,0.450173,30297,4915492,0.584652,8407551
2,2021-05-19,68186,8404174,40409,4341932,25796,3762488,1981,299754,27669,1120514,0.133275,40239,3825091,0.454959,30113,4945605,0.588234,8407551
2,2021-05-20,68300,8472474,39497,4381429,26632,3789120,2171,301925,26458,1108187,0.131809,41545,3866636,0.4599,29218,4974823,0.591709,8407551
2,2021-05-21,71941,8544415,42409,4423838,27402,3816522,2130,304055,28137,1095520,0.130302,43481,3910117,0.465072,30814,5005637,0.595374,8407551
2,2021-05-22,52978,8597393,33532,4457370,17686,3834208,1760,305815,22186,1089410,0.129575,30591,3940708,0.468711,24481,5030118,0.598286,8407551
2,2021-05-23,23363,8620756,15904,4473274,6737,3840945,722,306537,10043,1087106,0.129301,13202,3953910,0.470281,10898,5041016,0.599582,8407551
2,2021-05-24,43595,8664351,24468,4497742,17372,3858317,1755,308292,16715,1079241,0.128366,26675,3980585,0.473454,18810,5059826,0.601819,8407551
2,2021-05-25,50438,8714789,29567,4527309,19012,3877329,1859,310151,19282,1070185,0.127289,30875,4011460,0.477126,21819,5081645,0.604414,8407551
2,2021-05-26,48470,8763259,27206,4554515,19602,3896931,1662,311813,19072,1062270,0.126347,29083,4040543,0.480585,21168,5102813,0.606932,8407551
2,2021-05-27,46391,8809650,26276,4580791,18374,3915305,1741,313554,18892,1056149,0.125619,27272,4067815,0.483829,21151,5123964,0.609448,8407551
2,2021-05-28,49649,8859299,27430,4608221,20271,3935576,1948,315502,21104,1051328,0.125046,28301,4096116,0.487195,23480,5147444,0.612241,8407551
2,2021-05-29,28822,8888121,17256,4625477,10521,3946097,1045,316547,13522,1050911,0.124996,15156,4111272,0.488998,14739,5162183,0.613994,8407551
2,2021-05-30,12501,8900622,8044,4633521,3701,3949798,756,317303,5585,1050458,0.124942,6872,4118144,0.489815,6419,5168602,0.614757,8407551
2,2021-05-31,5859,8906481,3414,4636935,2143,3951941,302,317605,1834,1048666,0.124729,3979,4122123,0.490288,2187,5170789,0.615017,8407551
2,2021-06-01,44418,8950899,25584,4662519,17261,3969202,1573,319178,16188,1038863,0.123563,27958,4150081,0.493614,18155,5188944,0.617177,8407551
2,2021-06-02,37995,8988894,22342,4684861,14266,3983468,1387,320565,15233,1033292,0.1229,22519,4172600,0.496292,16948,5205892,0.619192,8407551
2,2021-06-03,41146,9030040,26547,4711408,13160,3996628,1439,322004,13989,1022175,0.121578,26928,4199528,0.499495,15811,5221703,0.621073,8407551
2,2021-06-04,47684,9077724,31109,4742517,15045,4011673,1530,323534,15521,1007865,0.119876,31889,4231417,0.503288,17579,5239282,0.623164,8407551
2,2021-06-05,37408,9115132,26696,4769213,9276,4020949,1436,324970,11806,996134,0.118481,25385,4256802,0.506307,13654,5252936,0.624788,8407551
2,2021-06-06,14714,9129846,12048,4781261,2086,4023035,580,325550,4989,992214,0.118015,9670,4266472,0.507457,5750,5258686,0.625472,8407551
2,2021-06-07,32995,9162841,23071,4804332,8656,4031691,1268,326818,10892,982648,0.116877,21967,4288439,0.51007,12401,5271087,0.626947,8407551
2,2021-06-08,40348,9203189,28572,4832904,10417,4042108,1359,328177,12698,969660,0.115332,27414,4315853,0.513331,14426,5285513,0.628663,8407551
2,2021-06-09,37786,9240975,26420,4859324,9875,4051983,1491,329668,11515,956903,0.113815,26085,4341938,0.516433,13328,5298841,0.630248,8407551
2,2021-06-10,37471,9278446,26082,4885406,9881,4061864,1508,331176,11784,945164,0.112418,25490,4367428,0.519465,13751,5312592,0.631883,8407551
2,2021-06-11,40933,9319379,27175,4912581,12102,4073966,1656,332832,13240,932909,0.110961,27444,4394872,0.522729,15189,5327781,0.63369,8407551
2,2021-06-12,29150,9348529,21462,4934043,6777,4080743,911,333743,8705,922419,0.109713,20315,4415187,0.525145,9825,5337606,0.634859,8407551
2,2021-06-13,12074,9360603,8809,4942852,2658,4083401,607,334350,3167,917515,0.10913,8844,4424031,0.526197,3940,5341546,0.635327,8407551
2,2021-06-14,29629,9390232,21012,4963864,7442,4090843,1175,335525,10626,910670,0.108316,18852,4442883,0.52844,12007,5353553,0.636755,8407551
2,2021-06-15,35264,9425496,23502,4987366,9736,4100579,2026,337551,12056,902143,0.107302,22981,4465864,0.531173,14454,5368007,0.638475,8407551
2,2021-06-16,32644,9458140,22533,5009899,8346,4108925,1765,339316,11343,894406,0.106381,21137,4487001,0.533687,13400,5381407,0.640068,8407551
2,2021-06-17,30129,9488269,20188,5030087,8235,4117160,1706,341022,10734,887826,0.105599,19226,4506227,0.535974,12646,5394053,0.641572,8407551
2,2021-06-18,33729,9521998,22211,5052298,9722,4126882,1796,342818,12406,881169,0.104807,21121,4527348,0.538486,14464,5408517,0.643293,8407551
2,2021-06-19,20442,9542440,14284,5066582,4967,4131849,1191,344009,7782,877823,0.104409,12498,4539846,0.539972,9152,5417669,0.644381,8407551
2,2021-06-20,8167,9550607,5822,5072404,1883,4133732,462,344471,3048,876322,0.10423,5077,4544923,0.540576,3576,5421245,0.644807,8407551
2,2021-06-21,18880,9569487,11563,5083967,6072,4139804,1245,345716,9767,878515,0.104491,8999,4553922,0.541647,11192,5432437,0.646138,8407551
2,2021-06-22,26158,9595645,17947,5101914,6935,4146739,1276,346992,10334,874723,0.10404,15662,4569584,0.54351,11870,5444307,0.64755,8407551
2,2021-06-23,24223,9619868,16766,5118680,6017,4152756,1440,348432,10023,872382,0.103762,14073,4583657,0.545183,11732,5456039,0.648945,8407551
2,2021-06-24,12699,9632567,8854,5127534,2839,4155595,1006,349438,4972,870851,0.10358,7638,4591295,0.546092,6107,5462146,0.649671,8407551
3,2020-12-15,304,304,304,304,0,0,0,0,304,304,3.7e-05,0,0,0.0,304,304,3.7e-05,8129050
3,2020-12-16,2311,2615,2311,2615,0,0,0,0,2312,2616,0.000322,0,0,0.0,2312,2616,0.000322,8129050
3,2020-12-17,7787,10402,7787,10402,0,0,0,0,7787,10403,0.00128,0,0,0.0,7787,10403,0.00128,8129050
3,2020-12-18,13389,23791,13376,23778,13,13,0,0,13389,23792,0.002927,0,0,0.0,13389,23792,0.002927,8129050
3,2020-12-19,7218,31009,7207,30985,11,24,0,0,7282,31074,0.003823,0,0,0.0,7282,31074,0.003823,8129050
3,2020-12-20,5655,36664,5648,36633,7,31,0,0,5702,36775,0.004524,1,1,0.0,5702,36776,0.004524,8129050
3,2020-12-21,14341,51005,14316,50949,25,56,0,0,14404,51178,0.006296,1,2,0.0,14404,51180,0.006296,8129050
3,2020-12-22,14780,65785,14200,65149,580,636,0,0,14818,65995,0.008118,1,3,0.0,14818,65998,0.008119,8129050
3,2020-12-23,14822,80607,12214,77363,2608,3244,0,0,14850,80845,0.009945,1,4,0.0,14851,80849,0.009946,8129050
3,2020-12-24,6780,87387,4865,82228,1915,5159,0,0,6778,87622,0.010779,1,5,1e-06,6778,87627,0.010779,8129050
3,2020-12-25,722,88109,665,82893,57,5216,0,0,720,88342,0.010867,0,5,1e-06,720,88347,0.010868,8129050
3,2020-12-26,4610,92719,2993,85886,1617,6833,0,0,4608,92950,0.011434,0,5,1e-06,4608,92955,0.011435,8129050
3,2020-12-27,2978,95697,1848,87734,1130,7963,0,0,2978,95928,0.011801,0,5,1e-06,2978,95933,0.011801,8129050
3,2020-12-28,13585,109282,8690,96424,4895,12858,0,0,13611,109538,0.013475,1,6,1e-06,13611,109544,0.013476,8129050
3,2020-12-29,15004,124286,8466,104890,6538,19396,0,0,15031,124567,0.015324,2,8,1e-06,15031,124575,0.015325,8129050
3,2020-12-30,18016,142302,10021,114911,7995,27391,0,0,18002,142568,0.017538,2,10,1e-06,18003,142578,0.017539,8129050
3,2020-12-31,8446,150748,3240,118151,5206,32597,0,0,8446,151013,0.018577,1,11,1e-06,8446,151024,0.018578,8129050
3,2021-01-01,1363,152111,633,118784,730,33327,0,0,1359,152371,0.018744,1,12,1e-06,1359,152383,0.018745,8129050
3,2021-01-02,4943,157054,2426,121210,2517,35844,0,0,4943,157314,0.019352,0,12,1e-06,4943,157326,0.019354,8129050
3,2021-01-03,1611,158665,847,122057,764,36608,0,0,1600,158910,0.019548,4,16,2e-06,1600,158926,0.01955,8129050
3,2021-01-04,11978,170643,5949,128006,6029,42637,0,0,11952,170855,0.021018,7,23,3e-06,11952,170878,0.021021,8129050
3,2021-01-05,15656,186299,8097,136103,7559,50196,0,0,14032,183303,0.022549,1610,1633,0.000201,14058,184936,0.02275,8129050
3,2021-01-06,20521,206820,10814,146917,9707,59903,0,0,16052,194935,0.02398,4428,6061,0.000746,16060,200996,0.024726,8129050
3,2021-01-07,26481,233301,15142,162059,11339,71242,0,0,17100,202702,0.024936,9350,15411,0.001896,17117,218113,0.026831,8129050
3,2021-01-08,30384,263685,18547,180606,11837,83079,0,0,18031,208424,0.025639,12331,27742,0.003413,18053,236166,0.029052,8129050
3,2021-01-09,12374,276059,6991,187597,5383,88462,0,0,7861,211786,0.026053,4507,32249,0.003967,7869,244035,0.03002,8129050
3,2021-01-10,7172,283231,4467,192064,2705,91167,0,0,4030,212681,0.026163,3140,35389,0.004353,4035,248070,0.030516,8129050
3,2021-01-11,28962,312193,18964,211028,9998,101165,0,0,16382,216532,0.026637,12574,47963,0.0059,16425,264495,0.032537,8129050
3,2021-01-12,32310,344503,19366,230394,12944,114109,0,0,19790,223907,0.027544,12501,60464,0.007438,19876,284371,0.034982,8129050
3,2021-01-13,34417,378920,17981,248375,16436,130545,0,0,24225,237960,0.029273,10192,70656,0.008692,24245,308616,0.037965,8129050
3,2021-01-14,34602,413522,14214,262589,20388,150933,0,0,28710,260840,0.032087,5865,76521,0.009413,28745,337361,0.041501,8129050
3,2021-01-15,38825,452347,14457,277046,24368,175301,0,0,34156,290404,0.035724,4657,81178,0.009986,34221,371582,0.04571,8129050
3,2021-01-16,21811,474158,7604,284650,14207,189508,0,0,19493,307614,0.037841,2305,83483,0.01027,19515,391097,0.048111,8129050
3,2021-01-17,13117,487275,4432,289082,8685,198193,0,0,12079,318676,0.039202,1036,84519,0.010397,12098,403195,0.049599,8129050
3,2021-01-18,24699,511974,12899,301981,11800,209993,0,0,19145,332296,0.040878,5569,90088,0.011082,19189,422384,0.05196,8129050
3,2021-01-19,40933,552907,20901,322882,20032,230025,0,0,31838,355150,0.043689,9069,99157,0.012198,31923,454307,0.055887,8129050
3,2021-01-20,45211,598118,22173,345055,23038,253063,0,0,35858,381779,0.046965,9310,108467,0.013343,35939,490246,0.060308,8129050
3,2021-01-21,47774,645892,20644,365699,27130,280193,0,0,42304,418758,0.051514,5395,113862,0.014007,42374,532620,0.065521,8129050
3,2021-01-22,49659,695551,19777,385476,29882,310075,0,0,45500,460171,0.056608,4160,118022,0.014519,45573,578193,0.071127,8129050
3,2021-01-23,30212,725763,12798,398274,17414,327489,0,0,26920,483859,0.059522,3283,121305,0.014922,26971,605164,0.074445,8129050
3,2021-01-24,17633,743396,8460,406734,9173,336662,0,0,16473,499206,0.06141,1157,122462,0.015065,16504,621668,0.076475,8129050
3,2021-01-25,40662,784058,18121,424855,22541,359203,0,0,30728,520110,0.063982,9910,132372,0.016284,30814,652482,0.080265,8129050
3,2021-01-26,47006,831064,22464,447319,24542,383745,0,0,36923,547067,0.067298,10072,142444,0.017523,37029,689511,0.084821,8129050
3,2021-01-27,51197,882261,24365,471684,26832,410577,0,0,40613,577247,0.07101,10513,152957,0.018816,40693,730204,0.089826,8129050
3,2021-01-28,51552,933813,23916,495600,27636,438213,0,0,42621,611078,0.075172,8845,161802,0.019904,42676,772880,0.095076,8129050
3,2021-01-29,50702,984515,24348,519948,26354,464567,0,0,41050,642712,0.079064,9465,171267,0.021069,41099,813979,0.100132,8129050
3,2021-01-30,36975,1021490,17599,537547,19376,483943,0,0,32274,670420,0.082472,4648,175915,0.02164,32356,846335,0.104112,8129050
3,2021-01-31,22093,1043583,12647,550194,9446,493389,0,0,20703,689765,0.084852,1377,177292,0.02181,20722,867057,0.106662,8129050
3,2021-02-01,45643,1089226,20816,571010,24827,518216,0,0,34860,713918,0.087823,10740,188032,0.023131,34893,901950,0.110954,8129050
3,2021-02-02,54256,1143482,22565,593575,31691,549907,0,0,41838,743475,0.091459,12329,200361,0.024648,41886,943836,0.116107,8129050
3,2021-02-03,59983,1203465,26755,620330,33228,583135,0,0,44608,772941,0.095084,15215,215576,0.026519,44681,988517,0.121603,8129050
3,2021-02-04,64243,1267708,27892,648222,36351,619486,0,0,47111,803219,0.098808,16944,232520,0.028604,47222,1035739,0.127412,8129050
3,2021-02-05,70095,1337803,29808,678030,40287,659773,0,0,48428,830386,0.10215,21435,253955,0.03124,48602,1084341,0.133391,8129050
3,2021-02-06,43519,1381322,21181,699211,22338,682111,0,0,33784,854651,0.105135,9701,263656,0.032434,33966,1118307,0.137569,8129050
3,2021-02-07,19499,1400821,12359,711570,7140,689251,0,0,15007,865308,0.106446,4478,268134,0.032985,15135,1133442,0.139431,8129050
3,2021-02-08,51011,1451832,24626,736196,26385,715636,0,0,33449,881485,0.108436,17455,285589,0.035132,33632,1167074,0.143568,8129050
3,2021-02-09,58315,1510147,28376,764572,29939,745575,0,0,34205,892101,0.109742,23937,309526,0.038077,34553,1201627,0.147819,8129050
3,2021-02-10,67797,1577944,31522,796094,36275,781850,0,0,36737,898545,0.110535,30826,340352,0.041869,37270,1238897,0.152404,8129050
3,2021-02-11,70497,1648441,34765,830859,35732,817582,0,0,37689,904316,0.111245,32455,372807,0.045861,38226,1277123,0.157106,8129050
3,2021-02-12,75315,1723756,32646,863505,42669,860251,0,0,41615,913305,0.112351,33401,406208,0.04997,42390,1319513,0.162321,8129050
3,2021-02-13,44764,1768520,20420,883925,24344,884595,0,0,25758,920744,0.113266,18902,425110,0.052295,26341,1345854,0.165561,8129050
3,2021-02-14,27225,1795745,13607,897532,13618,898213,0,0,15170,924357,0.11371,12006,437116,0.053772,15619,1361473,0.167482,8129050
3,2021-02-15,39927,1835672,17160,914692,22767,920980,0,0,22113,929676,0.114365,17729,454845,0.055953,23048,1384521,0.170318,8129050
3,2021-02-16,69744,1905416,32997,947689,36747,957727,0,0,36270,933639,0.114852,33339,488184,0.060054,37302,1421823,0.174906,8129050
3,2021-02-17,71449,1976865,36168,983857,35281,993008,0,0,34024,931525,0.114592,37214,525398,0.064632,35100,1456923,0.179224,8129050
3,2021-02-18,76574,2053439,40000,1023857,36574,1029582,0,0,35505,927456,0.114092,40917,566315,0.069666,36848,1493771,0.183757,8129050
3,2021-02-19,68391,2121830,39412,1063269,28979,1058561,0,0,34578,929027,0.114285,33703,600018,0.073812,35274,1529045,0.188096,8129050
3,2021-02-20,42102,2163932,26626,1089895,15476,1074037,0,0,22287,932095,0.114662,19718,619736,0.076237,22786,1551831,0.190899,8129050
3,2021-02-21,22784,2186716,18939,1108834,3845,1077882,0,0,10879,931532,0.114593,11826,631562,0.077692,11263,1563094,0.192285,8129050
3,2021-02-22,45326,2232042,29521,1138355,15805,1093687,0,0,21485,929742,0.114373,23757,655319,0.080614,21967,1585061,0.194987,8129050
3,2021-02-23,60951,2292993,33220,1171575,27731,1121418,0,0,26879,924688,0.113751,33927,689246,0.084788,28873,1613934,0.198539,8129050
3,2021-02-24,76719,2369712,37593,1209168,39126,1160544,0,0,34247,919144,0.113069,42307,731553,0.089992,36763,1650697,0.203061,8129050
3,2021-02-25,86135,2455847,41940,1251108,44195,1204739,0,0,43192,922237,0.11345,42701,774254,0.095245,45794,1696491,0.208695,8129050
3,2021-02-26,96965,2552812,44350,1295458,52615,1257354,0,0,51543,930905,0.114516,45078,819332,0.100791,53746,1750237,0.215306,8129050
3,2021-02-27,68449,2621261,31563,1327021,36883,1294237,3,3,36410,936780,0.115239,31853,851185,0.104709,37728,1787965,0.219948,8129050
3,2021-02-28,39248,2660509,22944,1349965,16301,1310538,3,6,20710,940056,0.115642,18387,869572,0.106971,21663,1809628,0.222612,8129050
3,2021-03-01,67514,2728023,35852,1385817,31639,1342177,23,29,37777,949640,0.116821,29565,899137,0.110608,39149,1848777,0.227428,8129050
3,2021-03-02,77982,2806005,38555,1424372,39419,1381596,8,37,45682,965231,0.118738,32168,931305,0.114565,47759,1896536,0.233304,8129050
3,2021-03-03,88965,2894970,42695,1467067,46252,1427848,18,55,49935,978615,0.120385,38838,970143,0.119343,52222,1948758,0.239728,8129050
3,2021-03-04,92909,2987879,45582,1512649,47308,1475156,19,74,52942,994090,0.122289,39763,1009906,0.124234,55238,2003996,0.246523,8129050
3,2021-03-05,89359,3077238,43934,1556583,45135,1520291,290,364,54603,1016675,0.125067,34538,1044444,0.128483,57123,2061119,0.25355,8129050
3,2021-03-06,64923,3142161,32911,1589494,29867,1550158,2145,2509,37291,1030090,0.126717,27499,1071943,0.131866,40914,2102033,0.258583,8129050
3,2021-03-07,37472,3179633,22374,1611868,13954,1564112,1144,3653,21624,1038235,0.127719,15792,1087735,0.133808,23937,2125970,0.261527,8129050
3,2021-03-08,58941,3238574,28207,1640075,27872,1591984,2862,6515,37441,1058749,0.130243,21354,1109089,0.136435,41868,2167838,0.266678,8129050
3,2021-03-09,76396,3314970,35450,1675525,36579,1628563,4367,10882,41225,1070473,0.131685,35052,1144141,0.140747,46776,2214614,0.272432,8129050
3,2021-03-10,82538,3397508,41298,1716823,35167,1663730,6073,16955,43151,1081924,0.133094,39186,1183327,0.145568,50637,2265251,0.278661,8129050
3,2021-03-11,96547,3494055,47238,1764061,40766,1704496,8543,25498,47392,1090059,0.134094,48906,1232233,0.151584,57041,2322292,0.285678,8129050
3,2021-03-12,101684,3595739,45401,1809462,44439,1748935,11844,37342,46600,1094811,0.134679,54875,1287108,0.158334,59627,2381919,0.293013,8129050
3,2021-03-13,69722,3665461,29659,1839121,32837,1781772,7226,44568,36653,1107105,0.136191,32961,1320069,0.162389,45255,2427174,0.29858,8129050
3,2021-03-14,40775,3706236,21542,1860663,15676,1797448,3557,48125,20820,1112232,0.136822,19884,1339953,0.164835,25011,2452185,0.301657,8129050
3,2021-03-15,75351,3781587,35816,1896479,35000,1832448,4535,52660,39836,1122291,0.138059,35322,1375275,0.16918,45381,2497566,0.30724,8129050
3,2021-03-16,94772,3876359,43722,1940201,46735,1879183,4315,56975,53596,1140168,0.140258,40968,1416243,0.17422,58845,2556411,0.314478,8129050
3,2021-03-17,97946,3974305,47649,1987850,45794,1924977,4503,61478,59781,1167182,0.143582,37944,1454187,0.178888,64958,2621369,0.322469,8129050
3,2021-03-18,103232,4077537,52548,2040398,46188,1971165,4496,65974,59751,1188751,0.146235,43229,1497416,0.184206,64798,2686167,0.33044,8129050
3,2021-03-19,102815,4180352,55187,2095585,43187,2014352,4441,70415,57826,1206831,0.148459,44733,1542149,0.189708,62813,2748980,0.338167,8129050
3,2021-03-20,71353,4251705,36902,2132487,30839,2045191,3612,74027,44271,1228306,0.151101,26909,1569058,0.193019,48384,2797364,0.344119,8129050
3,2021-03-21,35982,4287687,24580,2157067,9901,2055092,1501,75528,22491,1239372,0.152462,13398,1582456,0.194667,24464,2821828,0.347129,8129050
3,2021-03-22,70133,4357820,41191,2198258,26428,2081520,2514,78042,45014,1262996,0.155368,24914,1607370,0.197732,48538,2870366,0.3531,8129050
3,2021-03-23,89518,4447338,49557,2247815,37446,2118966,2515,80557,55281,1287502,0.158383,33997,1641367,0.201914,58503,2928869,0.360297,8129050
3,2021-03-24,98442,4545780,56688,2304503,38866,2157832,2888,83445,56460,1305812,0.160635,41647,1683014,0.207037,59957,2988826,0.367672,8129050
3,2021-03-25,107008,4652788,59484,2363987,44583,2202415,2941,86386,60738,1324182,0.162895,45958,1728972,0.212691,64328,3053154,0.375586,8129050
3,2021-03-26,110143,4762931,59169,2423156,47714,2250129,3260,89646,57373,1333195,0.164004,52472,1781444,0.219145,61485,3114639,0.383149,8129050
3,2021-03-27,74198,4837129,37837,2460993,33818,2283947,2543,92189,36164,1334739,0.164194,37834,1819278,0.2238,39378,3154017,0.387993,8129050
3,2021-03-28,43985,4881114,27821,2488814,15354,2299301,810,92999,22428,1337026,0.164475,21451,1840729,0.226438,23738,3177755,0.390913,8129050
3,2021-03-29,80426,4961540,42026,2530840,36559,2335860,1841,94840,44331,1348148,0.165843,35864,1876593,0.23085,46986,3224741,0.396693,8129050
3,2021-03-30,99938,5061478,49116,2579956,47206,2383066,3616,98456,56255,1365182,0.167939,43443,1920036,0.236194,60477,3285218,0.404133,8129050
3,2021-03-31,104806,5166284,56539,2636495,43439,2426505,4828,103284,56169,1378079,0.169525,48439,1968475,0.242153,61336,3346554,0.411678,8129050
3,2021-04-01,123323,5289607,62387,2698882,51236,2477741,9700,112984,66846,1398842,0.172079,56121,2024596,0.249057,76884,3423438,0.421136,8129050
3,2021-04-02,117714,5407321,57507,2756389,49920,2527661,10287,123271,62460,1417087,0.174324,55000,2079596,0.255823,73245,3496683,0.430147,8129050
3,2021-04-03,75955,5483276,38839,2795228,27898,2555559,9218,132489,37956,1426727,0.17551,37865,2117461,0.260481,47505,3544188,0.43599,8129050
3,2021-04-04,32375,5515651,17294,2812522,10872,2566431,4209,136698,14226,1427129,0.175559,18072,2135533,0.262704,18474,3562662,0.438263,8129050
3,2021-04-05,88876,5604527,45141,2857663,34634,2601065,9101,145799,43531,1435458,0.176584,45143,2180676,0.268257,53472,3616134,0.444841,8129050
3,2021-04-06,113224,5717751,55113,2912776,42970,2644035,15141,160940,53455,1445263,0.17779,59517,2240193,0.275579,69322,3685456,0.453369,8129050
3,2021-04-07,116053,5833804,60085,2972861,39691,2683726,16277,177217,56348,1458702,0.179443,59464,2299657,0.282894,72903,3758359,0.462337,8129050
3,2021-04-08,121283,5955087,60377,3033238,40792,2724518,20114,197331,56369,1471347,0.180999,64628,2364285,0.290844,77273,3835632,0.471843,8129050
3,2021-04-09,118175,6073262,58937,3092175,40141,2764659,19097,216428,52026,1477479,0.181753,65917,2430202,0.298953,72049,3907681,0.480706,8129050
3,2021-04-10,83638,6156900,37836,3130011,30576,2795235,15226,231654,34173,1478405,0.181867,49309,2479511,0.305019,50235,3957916,0.486885,8129050
3,2021-04-11,45084,6201984,24265,3154276,12860,2808095,7959,239613,17296,1476799,0.181669,27703,2507214,0.308426,26097,3984013,0.490096,8129050
3,2021-04-12,83877,6285861,42404,3196680,32713,2840808,8760,248373,38229,1479459,0.181997,45426,2552640,0.314015,48086,4032099,0.496011,8129050
3,2021-04-13,105350,6391211,57089,3253769,48046,2888854,215,248588,55812,1487054,0.182931,49322,2601962,0.320082,56917,4089016,0.503013,8129050
3,2021-04-14,107571,6498782,58801,3312570,48673,2937527,97,248685,53635,1488570,0.183117,53664,2655626,0.326683,55180,4144196,0.509801,8129050
3,2021-04-15,119308,6618090,67158,3379728,52079,2989606,71,248756,64066,1498587,0.18435,54945,2710571,0.333443,64962,4209158,0.517792,8129050
3,2021-04-16,115345,6733435,64723,3444451,50527,3040133,95,248851,60390,1505080,0.185148,54668,2765239,0.340168,61161,4270319,0.525316,8129050
3,2021-04-17,78973,6812408,43234,3487685,35727,3075860,12,248863,44064,1515424,0.186421,34703,2799942,0.344437,45047,4315366,0.530857,8129050
3,2021-04-18,37419,6849827,22221,3509906,15195,3091055,3,248866,17661,1514300,0.186283,19663,2819605,0.346855,18539,4333905,0.533138,8129050
3,2021-04-19,78894,6928721,43948,3553854,34893,3125948,53,248919,35767,1507676,0.185468,42963,2862568,0.352141,36339,4370244,0.537608,8129050
3,2021-04-20,98921,7027642,51239,3605093,47667,3173615,15,248934,48225,1506481,0.185321,50467,2913035,0.358349,49272,4419516,0.543669,8129050
3,2021-04-21,102050,7129692,55991,3661084,45992,3219607,67,249001,48429,1502682,0.184853,53295,2966330,0.364905,49496,4469012,0.549758,8129050
3,2021-04-22,109400,7239092,60799,3721883,48581,3268188,20,249021,47181,1488944,0.183163,61903,3028233,0.37252,48165,4517177,0.555683,8129050
3,2021-04-23,103517,7342609,58515,3780398,44977,3313165,25,249046,45464,1477698,0.18178,57739,3085972,0.379623,46493,4563670,0.561403,8129050
3,2021-04-24,73022,7415631,45210,3825608,27750,3340915,62,249108,35645,1477264,0.181727,37130,3123102,0.38419,36696,4600366,0.565917,8129050
3,2021-04-25,36342,7451973,23392,3849000,12933,3353848,17,249125,18743,1478946,0.181933,17467,3140569,0.386339,19149,4619515,0.568272,8129050
3,2021-04-26,72493,7524466,40554,3889554,31542,3385390,397,249522,31037,1470518,0.180897,41216,3181785,0.391409,32788,4652303,0.572306,8129050
3,2021-04-27,89781,7614247,46738,3936292,41307,3426697,1736,251258,35656,1454851,0.178969,53838,3235623,0.398032,38171,4690474,0.577001,8129050
3,2021-04-28,84942,7699189,47708,3984000,35115,3461812,2119,253377,34752,1442334,0.17743,49931,3285554,0.404174,37414,4727888,0.581604,8129050
3,2021-04-29,87027,7786216,49240,4033240,35594,3497406,2193,255570,30976,1420232,0.174711,55762,3341316,0.411034,33660,4761548,0.585745,8129050
3,2021-04-30,88817,7875033,49654,4082894,36686,3534092,2477,258047,32866,1400395,0.17227,55659,3396975,0.417881,35822,4797370,0.590151,8129050
3,2021-05-01,54727,7929760,34452,4117346,18825,3552917,1450,259497,19704,1387205,0.170648,34827,3431802,0.422165,21637,4819007,0.592813,8129050
3,2021-05-02,26787,7956547,18273,4135619,7503,3560420,1011,260508,9825,1381257,0.169916,16885,3448687,0.424242,10937,4829944,0.594158,8129050
3,2021-05-03,59120,8015667,34540,4170159,22228,3582648,2352,262860,17363,1359578,0.167249,41581,3490268,0.429357,19902,4849846,0.596607,8129050
3,2021-05-04,75919,8091586,43427,4213586,29851,3612499,2641,265501,22175,1331212,0.16376,53475,3543743,0.435936,25109,4874955,0.599696,8129050
3,2021-05-05,77919,8169505,46584,4260170,28649,3641148,2686,268187,21673,1299884,0.159906,55953,3599696,0.442819,24625,4899580,0.602725,8129050
3,2021-05-06,81585,8251090,51183,4311353,27886,3669034,2516,270703,20355,1262509,0.155308,60797,3660493,0.450298,23422,4923002,0.605606,8129050
3,2021-05-07,81241,8332331,50390,4361743,28237,3697271,2614,273317,21590,1227674,0.151023,59332,3719825,0.457597,24497,4947499,0.60862,8129050
3,2021-05-08,50751,8383082,31249,4392992,17806,3715077,1696,275013,13474,1206071,0.148366,37035,3756860,0.462152,15432,4962931,0.610518,8129050
3,2021-05-09,20372,8403454,14799,4407791,4789,3719866,784,275797,5557,1197750,0.147342,14730,3771590,0.463964,6409,4969340,0.611306,8129050
3,2021-05-10,47009,8450463,25014,4432805,20097,3739963,1898,277695,11121,1175327,0.144584,35705,3807295,0.468357,13282,4982622,0.61294,8129050
3,2021-05-11,61786,8512249,33918,4466723,25675,3765638,2193,279888,15700,1147806,0.141198,45869,3853164,0.473999,18348,5000970,0.615197,8129050
3,2021-05-12,63526,8575775,36399,4503122,24736,3790374,2391,282279,17121,1121431,0.137954,46182,3899346,0.47968,19807,5020777,0.617634,8129050
3,2021-05-13,74471,8650246,47089,4550211,25492,3815866,1890,284169,27920,1105530,0.135997,46319,3945665,0.485378,30418,5051195,0.621376,8129050
3,2021-05-14,79472,8729718,50374,4600585,26978,3842844,2120,286289,31610,1092254,0.134364,47605,3993270,0.491235,34329,5085524,0.625599,8129050
3,2021-05-15,61567,8791285,42495,4643080,17868,3860712,1204,287493,25545,1083377,0.133272,35840,4029110,0.495643,26963,5112487,0.628916,8129050
3,2021-05-16,31767,8823052,23813,4666893,7272,3867984,682,288175,12759,1077997,0.13261,18904,4048014,0.497969,13524,5126011,0.630579,8129050
3,2021-05-17,56390,8879442,35838,4702731,18724,3886708,1828,290003,21129,1066142,0.131152,35012,4083026,0.502276,23157,5149168,0.633428,8129050
3,2021-05-18,63751,8943193,37639,4740370,24273,3910981,1839,291842,24365,1053601,0.129609,39133,4122159,0.50709,26592,5175760,0.636699,8129050
3,2021-05-19,63179,9006372,38519,4778889,22933,3933914,1727,293569,25242,1043139,0.128322,37706,4159865,0.511728,27244,5203004,0.640051,8129050
3,2021-05-20,60551,9066923,35408,4814297,23329,3957243,1814,295383,22325,1029657,0.126664,37963,4197828,0.516398,24481,5227485,0.643062,8129050
3,2021-05-21,65234,9132157,39697,4853994,23458,3980701,2079,297462,24020,1015116,0.124875,40931,4238759,0.521434,26390,5253875,0.646309,8129050
3,2021-05-22,45254,9177411,29975,4883969,13821,3994522,1458,298920,18931,1009622,0.124199,26134,4264893,0.524648,20640,5274515,0.648848,8129050
3,2021-05-23,20651,9198062,14329,4898298,5675,4000197,647,299567,8995,1007799,0.123975,11575,4276468,0.526072,9752,5284267,0.650047,8129050
3,2021-05-24,38522,9236584,22272,4920570,14517,4014714,1733,301300,14291,999968,0.123012,24061,4300529,0.529032,16230,5300497,0.652044,8129050
3,2021-05-25,42431,9279015,23905,4944475,16874,4031588,1652,302952,15182,990132,0.121802,27010,4327539,0.532355,17174,5317671,0.654157,8129050
3,2021-05-26,42083,9321098,24110,4968585,16263,4047851,1710,304662,15932,982132,0.120818,25875,4353414,0.535538,17875,5335546,0.656355,8129050
3,2021-05-27,39137,9360235,21956,4990541,15439,4063290,1742,306404,15643,976425,0.120116,23346,4376760,0.53841,17639,5353185,0.658525,8129050
3,2021-05-28,42460,9402695,24016,5014557,16662,4079952,1782,308186,17854,971968,0.119567,24424,4401184,0.541414,19967,5373152,0.660982,8129050
3,2021-05-29,23274,9425969,14205,5028762,8238,4088190,831,309017,11164,972091,0.119582,11994,4413178,0.54289,12117,5385269,0.662472,8129050
3,2021-05-30,10503,9436472,6806,5035568,3064,4091254,633,309650,4532,971396,0.119497,5904,4419082,0.543616,5209,5390478,0.663113,8129050
3,2021-05-31,4602,9441074,2652,5038220,1682,4092936,268,309918,1457,970031,0.119329,3118,4422200,0.544,1753,5392231,0.663329,8129050
3,2021-06-01,37460,9478534,21589,5059809,14448,4107384,1423,311341,13795,961995,0.11834,23462,4445662,0.546886,15426,5407657,0.665226,8129050
3,2021-06-02,31353,9509887,18013,5077822,11926,4119310,1414,312755,11872,956149,0.117621,19284,4464946,0.549258,13438,5421095,0.666879,8129050
3,2021-06-03,39378,9549265,26944,5104766,11014,4130324,1420,314175,11552,941687,0.115842,27658,4492604,0.55266,13196,5434291,0.668503,8129050
3,2021-06-04,45853,9595118,32443,5137209,11880,4142204,1530,315705,13136,924271,0.1137,32491,4525095,0.556657,15075,5449366,0.670357,8129050
3,2021-06-05,34062,9629180,25690,5162899,7194,4149398,1178,316883,8744,909248,0.111852,25123,4550218,0.559748,10100,5459466,0.6716,8129050
3,2021-06-06,14412,9643592,12026,5174925,1808,4151206,578,317461,4055,903742,0.111174,10303,4560521,0.561015,4797,5464263,0.67219,8129050
3,2021-06-07,30158,9673750,21929,5196854,6965,4158171,1264,318725,8824,892752,0.109822,21202,4581723,0.563623,10212,5474475,0.673446,8129050
3,2021-06-08,34125,9707875,24532,5221386,8313,4166484,1280,320005,10148,880613,0.108329,23772,4605495,0.566548,11633,5486108,0.674877,8129050
3,2021-06-09,32617,9740492,23648,5245034,7687,4174171,1282,321287,8857,867308,0.106692,23601,4629096,0.569451,10296,5496404,0.676143,8129050
3,2021-06-10,32242,9772734,23278,5268312,7443,4181614,1521,322808,9075,855064,0.105186,23030,4652126,0.572284,10786,5507190,0.67747,8129050
3,2021-06-11,35161,9807895,24837,5293149,8970,4190584,1354,324162,10488,842593,0.103652,24488,4676614,0.575296,12017,5519207,0.678949,8129050
3,2021-06-12,24974,9832869,18834,5311983,5245,4195829,895,325057,6722,832213,0.102375,18142,4694756,0.577528,7762,5526969,0.679903,8129050
3,2021-06-13,10023,9842892,7482,5319465,2049,4197878,492,325549,2432,827661,0.101815,7544,4702300,0.578456,2992,5529961,0.680271,8129050
3,2021-06-14,25590,9868482,18316,5337781,5877,4203755,1397,326946,8349,820426,0.100925,17116,4719416,0.580562,9881,5539842,0.681487,8129050
3,2021-06-15,28474,9896956,19291,5357072,7701,4211456,1482,328428,9721,813247,0.100042,18538,4737954,0.582842,11359,5551201,0.682884,8129050
3,2021-06-16,25405,9922361,17991,5375063,6034,4217490,1380,329808,8680,806902,0.099262,16557,4754511,0.584879,10212,5561413,0.684141,8129050
3,2021-06-17,24324,9946685,17531,5392594,5653,4223143,1140,330948,8562,801122,0.098551,15617,4770128,0.5868,9837,5571250,0.685351,8129050
3,2021-06-18,27335,9974020,19405,5411999,6534,4229677,1396,332344,9691,794932,0.097789,17436,4787564,0.588945,11246,5582496,0.686734,8129050
3,2021-06-19,15612,9989632,11521,5423520,3335,4233012,756,333100,5683,791681,0.097389,9794,4797358,0.59015,6543,5589039,0.687539,8129050
3,2021-06-20,6826,9996458,5127,5428647,1401,4234413,298,333398,2606,790465,0.09724,4172,4801530,0.590663,2956,5591995,0.687903,8129050
3,2021-06-21,15831,10012289,10090,5438737,4511,4238924,1230,334628,8023,792111,0.097442,7727,4809257,0.591614,9373,5601368,0.689056,8129050
3,2021-06-22,21482,10033771,15183,5453920,5228,4244152,1071,335699,8167,788293,0.096972,13203,4822460,0.593238,9385,5610753,0.69021,8129050
3,2021-06-23,19068,10052839,13549,5467469,4481,4248633,1038,336737,7717,785933,0.096682,11253,4833713,0.594622,8893,5619646,0.691304,8129050
3,2021-06-24,9925,10062764,6911,5474380,2177,4250810,837,337574,3720,784394,0.096493,6130,4839843,0.595376,4591,5624237,0.691869,8129050
4,2020-12-15,453,453,453,453,0,0,0,0,453,453,5.6e-05,0,0,0.0,453,453,5.6e-05,8037679
4,2020-12-16,3004,3457,3004,3457,0,0,0,0,3004,3457,0.00043,0,0,0.0,3004,3457,0.00043,8037679
4,2020-12-17,8894,12351,8894,12351,0,0,0,0,8894,12351,0.001537,0,0,0.0,8894,12351,0.001537,8037679
4,2020-12-18,16117,28468,16106,28457,11,11,0,0,16117,28468,0.003542,0,0,0.0,16117,28468,0.003542,8037679
4,2020-12-19,10347,38815,10338,38795,9,20,0,0,10282,38750,0.004821,0,0,0.0,10282,38750,0.004821,8037679
4,2020-12-20,7390,46205,7383,46178,7,27,0,0,7345,46095,0.005735,0,0,0.0,7345,46095,0.005735,8037679
4,2020-12-21,16348,62553,16322,62500,26,53,0,0,16282,62376,0.00776,1,1,0.0,16282,62377,0.007761,8037679
4,2020-12-22,17162,79715,16426,78926,736,789,0,0,17114,79487,0.009889,3,4,0.0,17114,79491,0.00989,8037679
4,2020-12-23,17061,96776,14355,93281,2706,3495,0,0,17029,96514,0.012008,2,6,1e-06,17029,96520,0.012008,8037679
4,2020-12-24,8522,105298,5951,99232,2571,6066,0,0,8521,105034,0.013068,1,7,1e-06,8521,105041,0.013069,8037679
4,2020-12-25,905,106203,799,100031,106,6172,0,0,905,105939,0.01318,0,7,1e-06,905,105946,0.013181,8037679
4,2020-12-26,6162,112365,3885,103916,2277,8449,0,0,6162,112101,0.013947,0,7,1e-06,6162,112108,0.013948,8037679
4,2020-12-27,3433,115798,2000,105916,1433,9882,0,0,3433,115534,0.014374,0,7,1e-06,3433,115541,0.014375,8037679
4,2020-12-28,15056,130854,9294,115210,5762,15644,0,0,15028,130561,0.016244,1,8,1e-06,15028,130569,0.016245,8037679
4,2020-12-29,15342,146196,8499,123709,6843,22487,0,0,15309,145870,0.018148,0,8,1e-06,15309,145878,0.018149,8037679
4,2020-12-30,18912,165108,11068,134777,7844,30331,0,0,18901,164769,0.0205,2,10,1e-06,18901,164779,0.020501,8037679
4,2020-12-31,8252,173360,3340,138117,4912,35243,0,0,8240,173000,0.021524,9,19,2e-06,8240,173019,0.021526,8037679
4,2021-01-01,1472,174832,645,138762,827,36070,0,0,1470,174468,0.021706,2,21,3e-06,1470,174489,0.021709,8037679
4,2021-01-02,5710,180542,3222,141984,2488,38558,0,0,5709,180176,0.022416,1,22,3e-06,5709,180198,0.022419,8037679
4,2021-01-03,2136,182678,1265,143249,871,39429,0,0,2120,182292,0.02268,4,26,3e-06,2120,182318,0.022683,8037679
4,2021-01-04,12921,195599,6997,150246,5924,45353,0,0,12873,195136,0.024278,29,55,7e-06,12873,195191,0.024284,8037679
4,2021-01-05,16866,212465,9988,160234,6878,52231,0,0,14684,207676,0.025838,2156,2211,0.000275,14696,209887,0.026113,8037679
4,2021-01-06,21556,234021,13211,173445,8345,60576,0,0,15498,217182,0.02702,6005,8216,0.001022,15511,225398,0.028043,8037679
4,2021-01-07,27899,261920,17000,190445,10899,71475,0,0,16677,222714,0.027709,11162,19378,0.002411,16694,242092,0.03012,8037679
4,2021-01-08,32747,294667,21013,211458,11734,83209,0,0,18260,226578,0.028189,14415,33793,0.004204,18279,260371,0.032394,8037679
4,2021-01-09,16266,310933,9627,221085,6639,89848,0,0,9452,229252,0.028522,6789,40582,0.005049,9463,269834,0.033571,8037679
4,2021-01-10,8741,319674,5647,226732,3094,92942,0,0,4127,228795,0.028465,4592,45174,0.00562,4135,273969,0.034086,8037679
4,2021-01-11,33378,353052,21879,248611,11499,104441,0,0,18813,233129,0.029005,14521,59695,0.007427,18855,292824,0.036431,8037679
4,2021-01-12,38519,391571,22220,270831,16299,120740,0,0,24221,243164,0.030253,14226,73921,0.009197,24261,317085,0.03945,8037679
4,2021-01-13,38675,430246,19090,289921,19585,140325,0,0,27303,259179,0.032246,11315,85236,0.010605,27330,344415,0.04285,8037679
4,2021-01-14,39157,469403,15023,304944,24134,164459,0,0,31986,284073,0.035343,7120,92356,0.01149,32014,376429,0.046833,8037679
4,2021-01-15,45301,514704,15726,320670,29575,194034,0,0,39668,318188,0.039587,5574,97930,0.012184,39689,416118,0.051771,8037679
4,2021-01-16,28663,543367,9377,330047,19286,213320,0,0,25516,340611,0.042377,3109,101039,0.012571,25532,441650,0.054947,8037679
4,2021-01-17,19050,562417,6670,336717,12380,225700,0,0,17522,356647,0.044372,1500,102539,0.012757,17536,459186,0.057129,8037679
4,2021-01-18,29451,591868,13643,350360,15808,241508,0,0,23464,374242,0.046561,5895,108434,0.013491,23490,482676,0.060052,8037679
4,2021-01-19,46096,637964,23171,373531,22925,264433,0,0,36729,401733,0.049981,9311,117745,0.014649,36802,519478,0.06463,8037679
4,2021-01-20,51913,689877,27500,401031,24413,288846,0,0,41445,432867,0.053855,10369,128114,0.015939,41503,560981,0.069794,8037679
4,2021-01-21,56667,746544,25016,426047,31651,320497,0,0,50192,476697,0.059308,6406,134520,0.016736,50236,611217,0.076044,8037679
4,2021-01-22,55212,801756,22133,448180,33079,353576,0,0,50081,521770,0.064916,5035,139555,0.017363,50108,661325,0.082278,8037679
4,2021-01-23,39517,841273,17403,465583,22114,375690,0,0,35181,552653,0.068758,4327,143882,0.017901,35210,696535,0.086659,8037679
4,2021-01-24,23918,865191,10472,476055,13446,389136,0,0,22020,572801,0.071264,1889,145771,0.018136,22037,718572,0.0894,8037679
4,2021-01-25,47909,913100,22090,498145,25819,414955,0,0,36804,598588,0.074473,11072,156843,0.019513,36859,755431,0.093986,8037679
4,2021-01-26,56767,969867,28902,527047,27865,442820,0,0,44508,630952,0.078499,12205,169048,0.021032,44569,800000,0.099531,8037679
4,2021-01-27,56139,1026006,26694,553741,29445,472265,0,0,45145,665230,0.082764,10919,179967,0.02239,45197,845197,0.105154,8037679
4,2021-01-28,56503,1082509,25485,579226,31018,503283,0,0,46509,701876,0.087323,9907,189874,0.023623,46553,891750,0.110946,8037679
4,2021-01-29,56498,1139007,27096,606322,29402,532685,0,0,46119,737798,0.091792,10230,200104,0.024896,46152,937902,0.116688,8037679
4,2021-01-30,37734,1176741,17157,623479,20577,553262,0,0,32383,764908,0.095165,5298,205402,0.025555,32408,970310,0.12072,8037679
4,2021-01-31,23868,1200609,12513,635992,11355,564617,0,0,22241,785559,0.097735,1607,207009,0.025755,22258,992568,0.123489,8037679
4,2021-02-01,49724,1250333,24031,660023,25693,590310,0,0,38068,812055,0.101031,11611,218620,0.027199,38107,1030675,0.12823,8037679
4,2021-02-02,55471,1305804,25524,685547,29947,620257,0,0,42610,841913,0.104746,12793,231413,0.028791,42651,1073326,0.133537,8037679
4,2021-02-03,62035,1367839,30442,715989,31593,651850,0,0,47756,875555,0.108931,14168,245581,0.030554,47810,1121136,0.139485,8037679
4,2021-02-04,67590,1435429,31464,747453,36126,687976,0,0,50840,909902,0.113205,16598,262179,0.032619,50945,1172081,0.145823,8037679
4,2021-02-05,73015,1508444,33786,781239,39229,727205,0,0,50945,939174,0.116846,21811,283990,0.035332,51083,1223164,0.152179,8037679
4,2021-02-06,48211,1556655,26120,807359,22091,749296,0,0,36711,964620,0.120012,11465,295455,0.036759,36911,1260075,0.156771,8037679
4,2021-02-07,26360,1583015,17390,824749,8970,758266,0,0,19973,978470,0.121735,6359,301814,0.03755,20209,1280284,0.159285,8037679
4,2021-02-08,58452,1641467,30062,854811,28390,786656,0,0,38019,996447,0.123972,20302,322116,0.040076,38279,1318563,0.164048,8037679
4,2021-02-09,67093,1708560,34137,888948,32956,819612,0,0,39380,1008594,0.125483,27638,349754,0.043514,39785,1358348,0.168998,8037679
4,2021-02-10,77291,1785851,38644,927592,38647,858259,0,0,41013,1014110,0.12617,36040,385794,0.047998,41556,1399904,0.174168,8037679
4,2021-02-11,81137,1866988,42302,969894,38835,897094,0,0,41910,1017687,0.126615,39001,424795,0.05285,42578,1442482,0.179465,8037679
4,2021-02-12,84407,1951395,37838,1007732,46569,943663,0,0,43442,1021161,0.127047,40758,465553,0.057921,44232,1486714,0.184968,8037679
4,2021-02-13,58570,2009965,29741,1037473,28829,972492,0,0,29832,1023284,0.127311,28609,494162,0.061481,30732,1517446,0.188792,8037679
4,2021-02-14,36757,2046722,19071,1056544,17686,990178,0,0,18857,1024952,0.127518,17847,512009,0.063701,19515,1536961,0.19122,8037679
4,2021-02-15,46134,2092856,21587,1078131,24547,1014725,0,0,23733,1027530,0.127839,22333,534342,0.06648,24911,1561872,0.194319,8037679
4,2021-02-16,79864,2172720,36572,1114703,43292,1058017,0,0,40693,1030371,0.128193,39070,573412,0.07134,41911,1603783,0.199533,8037679
4,2021-02-17,81213,2253933,38330,1153033,42883,1100900,0,0,38660,1027776,0.12787,42383,615795,0.076614,39788,1643571,0.204483,8037679
4,2021-02-18,83074,2337007,45680,1198713,37394,1138294,0,0,38459,1023265,0.127309,44448,660243,0.082143,39937,1683508,0.209452,8037679
4,2021-02-19,82311,2419318,51731,1250444,30580,1168874,0,0,41210,1024210,0.127426,40958,701201,0.087239,41903,1725411,0.214665,8037679
4,2021-02-20,48880,2468198,32574,1283018,16306,1185180,0,0,26749,1029588,0.128095,22065,723266,0.089984,27443,1752854,0.21808,8037679
4,2021-02-21,29215,2497413,23460,1306478,5755,1190935,0,0,14101,1028927,0.128013,15047,738313,0.091856,14386,1767240,0.219869,8037679
4,2021-02-22,53044,2550457,36428,1342906,16616,1207551,0,0,25752,1027931,0.127889,27194,765507,0.09524,26198,1793438,0.223129,8037679
4,2021-02-23,73877,2624334,40931,1383837,32946,1240497,0,0,32548,1020962,0.127022,41192,806699,0.100365,34223,1827661,0.227387,8037679
4,2021-02-24,88597,2712931,46765,1430602,41832,1282329,0,0,40056,1014840,0.12626,48334,855033,0.106378,42212,1869873,0.232638,8037679
4,2021-02-25,99797,2812728,52088,1482690,47709,1330038,0,0,47849,1013460,0.126089,51792,906825,0.112822,50412,1920285,0.23891,8037679
4,2021-02-26,106286,2919014,53652,1536342,52634,1382672,0,0,54503,1018762,0.126748,51555,958380,0.119236,56857,1977142,0.245984,8037679
4,2021-02-27,76947,2995961,41898,1578240,35043,1417715,6,6,41330,1026099,0.127661,35477,993857,0.12365,42814,2019956,0.251311,8037679
4,2021-02-28,47338,3043299,29387,1607627,17944,1435659,7,13,26534,1032867,0.128503,20658,1014515,0.12622,27426,2047382,0.254723,8037679
4,2021-03-01,77709,3121008,45620,1653247,32053,1467712,36,49,42933,1042507,0.129702,34520,1049035,0.130515,44160,2091542,0.260217,8037679
4,2021-03-02,85059,3206067,48951,1702198,36100,1503812,8,57,50340,1060083,0.131889,34559,1083594,0.134814,52135,2143677,0.266703,8037679
4,2021-03-03,100151,3306218,53305,1755503,46833,1550645,13,70,56002,1073919,0.133611,43947,1127541,0.140282,57783,2201460,0.273893,8037679
4,2021-03-04,96961,3403179,53809,1809312,43134,1593779,18,88,53400,1085762,0.135084,43352,1170893,0.145676,55195,2256655,0.28076,8037679
4,2021-03-05,94313,3497492,50915,1860227,43083,1636862,315,403,55986,1105871,0.137586,38120,1209013,0.150418,58229,2314884,0.288004,8037679
4,2021-03-06,76124,3573616,42931,1903158,30576,1667438,2617,3020,46832,1127482,0.140275,29179,1238192,0.154048,50790,2365674,0.294323,8037679
4,2021-03-07,42657,3616273,27250,1930408,14221,1681659,1186,4206,25608,1138377,0.14163,16985,1255177,0.156162,27880,2393554,0.297792,8037679
4,2021-03-08,66476,3682749,34884,1965292,28400,1710059,3192,7398,43929,1164413,0.144869,22426,1277603,0.158952,48462,2442016,0.303821,8037679
4,2021-03-09,81154,3763903,41171,2006463,34848,1744907,5135,12533,43831,1177333,0.146477,37164,1314767,0.163575,50084,2492100,0.310052,8037679
4,2021-03-10,90950,3854853,46959,2053422,36562,1781469,7429,19962,45966,1186881,0.147665,44816,1359583,0.169151,54364,2546464,0.316816,8037679
4,2021-03-11,100447,3955300,52780,2106202,39278,1820747,8389,28351,46455,1189083,0.147939,53768,1413351,0.175841,55970,2602434,0.323779,8037679
4,2021-03-12,104514,4059814,51557,2157759,42703,1863450,10254,38605,44660,1185373,0.147477,59606,1472957,0.183257,55896,2658330,0.330734,8037679
4,2021-03-13,81079,4140893,37825,2195584,34852,1898302,8402,47007,38125,1190213,0.148079,42831,1515788,0.188585,47671,2706001,0.336664,8037679
4,2021-03-14,49558,4190451,28370,2223954,17569,1915871,3619,50626,23262,1191522,0.148242,26209,1541997,0.191846,27518,2733519,0.340088,8037679
4,2021-03-15,83605,4274056,45008,2268962,34352,1950223,4245,54871,42716,1198657,0.14913,40672,1582669,0.196906,47807,2781326,0.346036,8037679
4,2021-03-16,107527,4381583,55900,2324862,48233,1998456,3394,58265,57130,1209707,0.150505,50179,1632848,0.203149,61229,2842555,0.353654,8037679
4,2021-03-17,106637,4488220,57497,2382359,45652,2044108,3488,61753,62654,1232681,0.153363,43734,1676582,0.20859,66708,2909263,0.361953,8037679
4,2021-03-18,106848,4595068,59217,2441576,43949,2088057,3682,65435,60904,1252013,0.155768,45688,1722270,0.214275,65020,2974283,0.370043,8037679
4,2021-03-19,111241,4706309,63962,2505538,42095,2130152,5184,70619,63641,1273868,0.158487,47370,1769640,0.220168,69225,3043508,0.378655,8037679
4,2021-03-20,83411,4789720,48950,2554488,31466,2161618,2995,73614,51241,1296381,0.161288,32036,1801676,0.224154,54549,3098057,0.385442,8037679
4,2021-03-21,48003,4837723,34838,2589326,10907,2172525,2258,75872,28433,1307971,0.16273,19456,1821132,0.226574,31046,3129103,0.389304,8037679
4,2021-03-22,82084,4919807,53584,2642910,25766,2198291,2734,78606,51121,1331790,0.165693,30748,1851880,0.2304,54567,3183670,0.396093,8037679
4,2021-03-23,104693,5024500,62658,2705568,39881,2238172,2154,80760,62574,1355197,0.168606,41860,1893740,0.235608,65267,3248937,0.404213,8037679
4,2021-03-24,113375,5137875,73201,2778769,37766,2275938,2408,83168,64166,1373434,0.170874,48795,1942535,0.241679,67032,3315969,0.412553,8037679
4,2021-03-25,116925,5254800,72003,2850772,42536,2318474,2386,85554,67141,1394115,0.173447,49327,1991862,0.247816,70008,3385977,0.421263,8037679
4,2021-03-26,119571,5374371,72605,2923377,43929,2362403,3037,88591,65646,1409812,0.1754,53585,2045447,0.254482,69282,3455259,0.429883,8037679
4,2021-03-27,91526,5465897,54246,2977623,35496,2397899,1784,90375,46422,1413640,0.175877,44866,2090313,0.260064,48694,3503953,0.435941,8037679
4,2021-03-28,55562,5521459,36714,3014337,17979,2415878,869,91244,29627,1418669,0.176502,25785,2116098,0.263272,30814,3534767,0.439775,8037679
4,2021-03-29,93462,5614921,56022,3070359,35363,2451241,2077,93321,50812,1429688,0.177873,42422,2158520,0.26855,53441,3588208,0.446423,8037679
4,2021-03-30,117007,5731928,63819,3134178,49026,2500267,4162,97483,69598,1456695,0.181233,47196,2205716,0.274422,74203,3662411,0.455655,8037679
4,2021-03-31,120883,5852811,71348,3205526,43216,2543483,6319,103802,67893,1478468,0.183942,52658,2258374,0.280973,74431,3736842,0.464916,8037679
4,2021-04-01,142328,5995139,81219,3286745,47910,2591393,13199,117001,83971,1517913,0.18885,57948,2316322,0.288183,97393,3834235,0.477033,8037679
4,2021-04-02,136457,6131596,72939,3359684,49979,2641372,13539,130540,79037,1553699,0.193302,57140,2373462,0.295292,92926,3927161,0.488594,8037679
4,2021-04-03,101134,6232730,54076,3413760,33674,2675046,13384,143924,52719,1571851,0.19556,48223,2421685,0.301292,66375,3993536,0.496852,8037679
4,2021-04-04,46823,6279553,24716,3438476,14596,2689642,7511,151435,20434,1573550,0.195772,26287,2447972,0.304562,27986,4021522,0.500334,8037679
4,2021-04-05,109174,6388727,61426,3499902,34976,2724618,12772,164207,57019,1591978,0.198064,51961,2499933,0.311027,70389,4091911,0.509091,8037679
4,2021-04-06,138641,6527368,78055,3577957,40866,2765484,19720,183927,72147,1618217,0.201329,66269,2566202,0.319272,92508,4184419,0.5206,8037679
4,2021-04-07,137298,6664666,77828,3655785,38788,2804272,20682,204609,71170,1644510,0.2046,65888,2632090,0.327469,92181,4276600,0.532069,8037679
4,2021-04-08,139839,6804505,77975,3733760,36457,2840729,25407,230016,69570,1670150,0.20779,69992,2702082,0.336177,95632,4372232,0.543967,8037679
4,2021-04-09,137484,6941989,75499,3809259,39052,2879781,22933,252949,65700,1688265,0.210044,71570,2773652,0.345081,89685,4461917,0.555125,8037679
4,2021-04-10,103203,7045192,51178,3860437,33203,2912984,18822,271771,46446,1698056,0.211262,56550,2830202,0.352117,66341,4528258,0.563379,8037679
4,2021-04-11,62331,7107523,38024,3898461,13149,2926133,11158,282929,27378,1702834,0.211856,34855,2865057,0.356453,39633,4567891,0.56831,8037679
4,2021-04-12,102672,7210195,62448,3960909,30095,2956228,10129,293058,51817,1715440,0.213425,50566,2915623,0.362744,63172,4631063,0.576169,8037679
4,2021-04-13,130143,7340338,81643,4042552,48336,3004564,164,293222,78039,1742671,0.216813,51830,2967453,0.369193,79061,4710124,0.586005,8037679
4,2021-04-14,135322,7475660,86241,4128793,49004,3053568,77,293299,75027,1759026,0.218848,59975,3027428,0.376655,76330,4786454,0.595502,8037679
4,2021-04-15,156010,7631670,103874,4232667,52073,3105641,63,293362,95941,1796065,0.223456,59726,3087154,0.384085,96765,4883219,0.607541,8037679
4,2021-04-16,143378,7775048,90945,4323612,52355,3157996,78,293440,83580,1820935,0.22655,59510,3146664,0.391489,84380,4967599,0.618039,8037679
4,2021-04-17,100778,7875826,63657,4387269,37097,3195093,24,293464,59199,1839984,0.22892,41318,3187982,0.39663,60367,5027966,0.625549,8037679
4,2021-04-18,54481,7930307,36478,4423747,18000,3213093,3,293467,31002,1848578,0.229989,23364,3211346,0.399536,31958,5059924,0.629526,8037679
4,2021-04-19,100940,8031247,66539,4490286,34383,3247476,18,293485,51710,1851905,0.230403,49001,3260347,0.405633,52328,5112252,0.636036,8037679
4,2021-04-20,128126,8159373,75178,4565464,52932,3300408,16,293501,67116,1859390,0.231334,60725,3321072,0.413188,68210,5180462,0.644522,8037679
4,2021-04-21,128295,8287668,82100,4647564,46142,3346550,53,293554,64880,1862294,0.231695,63068,3384140,0.421034,65972,5246434,0.65273,8037679
4,2021-04-22,137546,8425214,90491,4738055,47033,3393583,22,293576,61626,1849475,0.230101,75585,3459725,0.430438,62766,5309200,0.660539,8037679
4,2021-04-23,130866,8556080,84371,4822426,46472,3440055,23,293599,56781,1833678,0.228135,73769,3533494,0.439616,57972,5367172,0.667751,8037679
4,2021-04-24,97376,8653456,66044,4888470,31282,3471337,50,293649,44797,1827283,0.22734,52305,3585799,0.446124,45910,5413082,0.673463,8037679
4,2021-04-25,49591,8703047,35258,4923728,14308,3485645,25,293674,26198,1830690,0.227764,23258,3609057,0.449017,26665,5439747,0.676781,8037679
4,2021-04-26,89808,8792855,58403,4982131,31008,3516653,397,294071,35378,1813642,0.225643,54153,3663210,0.455755,37105,5476852,0.681397,8037679
4,2021-04-27,111933,8904788,67897,5050028,41734,3558387,2302,296373,40297,1785698,0.222166,71342,3734552,0.464631,43398,5520250,0.686797,8037679
4,2021-04-28,101415,9006203,65639,5115667,33271,3591658,2505,298878,37062,1761844,0.219198,64073,3798625,0.472602,40219,5560469,0.6918,8037679
4,2021-04-29,102911,9109114,65079,5180746,35315,3626973,2517,301395,33082,1728535,0.215054,69516,3868141,0.481251,36207,5596676,0.696305,8037679
4,2021-04-30,102673,9211787,64494,5245240,35510,3662483,2669,304064,34977,1699483,0.21144,67350,3935491,0.48963,38298,5634974,0.70107,8037679
4,2021-05-01,68684,9280471,45715,5290955,21217,3683700,1752,305816,19938,1673292,0.208181,48522,3984013,0.495667,22331,5657305,0.703848,8037679
4,2021-05-02,37383,9317854,26528,5317483,9576,3693276,1279,307095,10489,1658421,0.206331,26788,4010801,0.499,11917,5669222,0.705331,8037679
4,2021-05-03,78148,9396002,54407,5371890,21282,3714558,2459,309554,19157,1621648,0.201756,58757,4069558,0.50631,21984,5691206,0.708066,8037679
4,2021-05-04,98638,9494640,66923,5438813,28965,3743523,2750,312304,22369,1571140,0.195472,76013,4145571,0.515767,25505,5716711,0.711239,8037679
4,2021-05-05,100442,9595082,70622,5509435,27104,3770627,2716,315020,21858,1517729,0.188827,78273,4223844,0.525505,24862,5741573,0.714332,8037679
4,2021-05-06,109347,9704429,81606,5591041,24817,3795444,2924,317944,19393,1451640,0.180604,89522,4313366,0.536643,23433,5765006,0.717248,8037679
4,2021-05-07,103022,9807451,73836,5664877,26512,3821956,2674,320618,20368,1392776,0.173281,82320,4395686,0.546885,23456,5788462,0.720166,8037679
4,2021-05-08,66459,9873910,45488,5710365,19053,3841009,1918,322536,13118,1355037,0.168586,53131,4448817,0.553495,15392,5803854,0.722081,8037679
4,2021-05-09,33406,9907316,27279,5737644,5189,3846198,938,323474,7791,1338343,0.166509,25518,4474335,0.55667,8824,5812678,0.723179,8037679
4,2021-05-10,63225,9970541,42003,5779647,18918,3865116,2304,325778,11074,1300070,0.161747,51964,4526299,0.563135,13691,5826369,0.724882,8037679
4,2021-05-11,79139,10049680,48413,5828060,28555,3893671,2171,327949,15555,1254882,0.156125,63371,4589670,0.571019,18183,5844552,0.727144,8037679
4,2021-05-12,78183,10127863,51882,5879942,23807,3917478,2494,330443,18049,1215933,0.151279,59874,4649544,0.578468,20925,5865477,0.729748,8037679
4,2021-05-13,103730,10231593,76479,5956421,25732,3943210,1519,331962,41354,1197740,0.149016,62070,4711614,0.586191,43877,5909354,0.735207,8037679
4,2021-05-14,104015,10335608,73539,6029960,28354,3971564,2122,334084,41307,1179266,0.146717,62426,4774040,0.593958,43952,5953306,0.740675,8037679
4,2021-05-15,84887,10420495,65669,6095629,17898,3989462,1320,335404,37609,1171420,0.145741,47058,4821098,0.599812,39212,5992518,0.745553,8037679
4,2021-05-16,49240,10469735,39960,6135589,8584,3998046,696,336100,20111,1163362,0.144739,28996,4850094,0.60342,20938,6013456,0.748158,8037679
4,2021-05-17,70102,10539837,51126,6186715,17136,4015182,1840,337940,28204,1151913,0.143314,41712,4891806,0.608609,30263,6043719,0.751923,8037679
4,2021-05-18,80869,10620706,52564,6239279,26564,4041746,1741,339681,29452,1132391,0.140885,51072,4942878,0.614963,31550,6075269,0.755849,8037679
4,2021-05-19,76139,10696845,51524,6290803,22676,4064422,1939,341620,31680,1122093,0.139604,44198,4987076,0.620462,33900,6109169,0.760066,8037679
4,2021-05-20,67580,10764425,43261,6334064,22335,4086757,1984,343604,25799,1108695,0.137937,41518,5028594,0.625628,28120,6137289,0.763565,8037679
4,2021-05-21,73011,10837436,48195,6382259,22957,4109714,1859,345463,26798,1091670,0.135819,45942,5074536,0.631343,28917,6166206,0.767163,8037679
4,2021-05-22,49287,10886723,34583,6416842,13426,4123140,1278,346741,21530,1087081,0.135248,27612,5102148,0.634779,23023,6189229,0.770027,8037679
4,2021-05-23,22740,10909463,16270,6433112,5753,4128893,717,347458,9528,1084337,0.134907,13095,5115243,0.636408,10351,6199580,0.771315,8037679
4,2021-05-24,41695,10951158,26209,6459321,12497,4141390,2989,350447,14611,1075247,0.133776,26889,5142132,0.639753,17799,6217379,0.773529,8037679
4,2021-05-25,44647,10995805,27760,6487081,14078,4155468,2809,353256,15933,1065894,0.132612,28499,5170631,0.643299,19146,6236525,0.775911,8037679
4,2021-05-26,44247,11040052,26585,6513666,15076,4170544,2586,355842,15844,1056396,0.13143,28210,5198841,0.646809,18712,6255237,0.778239,8037679
4,2021-05-27,38649,11078701,23247,6536913,12278,4182822,3124,358966,14819,1050862,0.130742,23652,5222493,0.649751,18118,6273355,0.780493,8037679
4,2021-05-28,43007,11121708,27449,6564362,13964,4196786,1594,360560,19000,1047908,0.130374,23778,5246271,0.65271,20824,6294179,0.783084,8037679
4,2021-05-29,23456,11145164,15270,6579632,7252,4204038,934,361494,11236,1048107,0.130399,12107,5258378,0.654216,12306,6306485,0.784615,8037679
4,2021-05-30,11918,11157082,8365,6587997,3029,4207067,524,362018,5076,1046994,0.130261,6788,5265166,0.65506,5675,6312160,0.785321,8037679
4,2021-05-31,3535,11160617,2246,6590243,1131,4208198,158,362176,1136,1045943,0.13013,2368,5267534,0.655355,1317,6313477,0.785485,8037679
4,2021-06-01,39206,11199823,24395,6614638,12373,4220571,2438,364614,13771,1037128,0.129033,25246,5292780,0.658496,16431,6329908,0.787529,8037679
4,2021-06-02,32318,11232141,20204,6634842,9335,4229906,2779,367393,11117,1030161,0.128166,21037,5313817,0.661113,14070,6343978,0.78928,8037679
4,2021-06-03,47725,11279866,36623,6671465,8652,4238558,2450,369843,10454,1006249,0.125191,37125,5350942,0.665732,13213,6357191,0.790924,8037679
4,2021-06-04,54416,11334282,43840,6715305,9260,4247818,1316,371159,12887,979935,0.121918,41313,5392255,0.670872,14999,6372190,0.79279,8037679
4,2021-06-05,44361,11378643,38002,6753307,5367,4253185,992,372151,8778,954537,0.118758,35441,5427696,0.675282,10043,6382233,0.794039,8037679
4,2021-06-06,20994,11399637,18732,6772039,1706,4254891,556,372707,4634,943847,0.117428,16263,5443959,0.677305,5573,6387806,0.794733,8037679
4,2021-06-07,38404,11438041,31084,6803123,5413,4260304,1907,374614,8823,925392,0.115132,29461,5473420,0.68097,11006,6398812,0.796102,8037679
4,2021-06-08,40267,11478308,31615,6834738,6126,4266430,2526,377140,9646,907451,0.1129,30446,5503866,0.684758,12505,6411317,0.797658,8037679
4,2021-06-09,38663,11516971,30661,6865399,5652,4272082,2350,379490,7978,887605,0.110431,30528,5534394,0.688556,10682,6421999,0.798987,8037679
4,2021-06-10,36880,11553851,29078,6894477,5200,4277282,2602,382092,8643,871022,0.108367,28091,5562485,0.692051,11508,6433507,0.800419,8037679
4,2021-06-11,37986,11591837,29835,6924312,6143,4283425,2008,384100,9901,855331,0.106415,27942,5590427,0.695528,12251,6445758,0.801943,8037679
4,2021-06-12,26333,11618170,21930,6946242,3696,4287121,707,384807,6112,842243,0.104787,20120,5610547,0.698031,7032,6452790,0.802818,8037679
4,2021-06-13,10725,11628895,8465,6954707,1785,4288906,475,385282,2406,836964,0.10413,8263,5618810,0.699059,2984,6455774,0.803189,8037679
4,2021-06-14,28371,11657266,21242,6975949,4338,4293244,2791,388073,8150,828026,0.103018,20095,5638905,0.701559,11157,6466931,0.804577,8037679
4,2021-06-15,29722,11686988,21032,6996981,5299,4298543,3391,391464,8320,818720,0.10186,21267,5660172,0.704205,11961,6478892,0.806065,8037679
4,2021-06-16,26242,11713230,19772,7016753,3877,4302420,2593,394057,8037,811508,0.100963,18046,5678218,0.70645,10834,6489726,0.807413,8037679
4,2021-06-17,24720,11737950,18306,7035059,3608,4306028,2806,396863,7552,805056,0.10016,16991,5695209,0.708564,10539,6500265,0.808724,8037679
4,2021-06-18,26206,11764156,20681,7055740,4340,4310368,1185,398048,8152,796776,0.09913,17862,5713071,0.710786,9582,6509847,0.809916,8037679
4,2021-06-19,15550,11779706,12608,7068348,2267,4312635,675,398723,5027,792263,0.098569,10380,5723451,0.712078,5867,6515714,0.810646,8037679
4,2021-06-20,7326,11787032,6037,7074385,983,4313618,306,399029,2637,790650,0.098368,4633,5728084,0.712654,3020,6518734,0.811022,8037679
4,2021-06-21,14277,11801309,10359,7084744,2820,4316438,1098,400127,7281,792259,0.098568,6923,5735007,0.713515,8532,6527266,0.812083,8037679
4,2021-06-22,20044,11821353,15656,7100400,3372,4319810,1016,401143,7017,787529,0.09798,12914,5747921,0.715122,8184,6535450,0.813102,8037679
4,2021-06-23,17765,11839118,13996,7114396,2837,4322647,932,402075,6545,784015,0.097542,11118,5759039,0.716505,7604,6543054,0.814048,8037679
4,2021-06-24,8940,11848058,6818,7121214,1385,4324032,737,402812,3193,782317,0.097331,5673,5764712,0.717211,3975,6547029,0.814542,8037679
