vemquartile,administered_date,total_doses,cumulative_total_doses,pfizer_doses,cumulative_pfizer_doses,moderna_doses,cumulative_moderna_doses,jj_doses,cumulative_jj_doses,partially_vaccinated,total_partially_vaccinated,pct_age12pop_partially_vaccinated,fully_vaccinated,cumulative_fully_vaccinated,pct_age12pop_fully_vaccinated,at_least_one_dose,cumulative_at_least_one_dose,pct_age12pop_at_least_one_dose,age12_population
1,2020-12-15,154,154,154,154,0,0,0,0,154,154,1.8e-05,0,0,0.0,154,154,1.8e-05,8700223
1,2020-12-16,1256,1410,1256,1410,0,0,0,0,1255,1409,0.000162,0,0,0.0,1255,1409,0.000162,8700223
1,2020-12-17,4164,5574,4164,5574,0,0,0,0,4165,5574,0.000641,0,0,0.0,4165,5574,0.000641,8700223
1,2020-12-18,6399,11973,6375,11949,24,24,0,0,6404,11977,0.001377,1,1,0.0,6404,11978,0.001377,8700223
1,2020-12-19,2888,14861,2885,14834,3,27,0,0,2887,14863,0.001708,1,2,0.0,2887,14865,0.001709,8700223
1,2020-12-20,2135,16996,2123,16957,12,39,0,0,2137,17000,0.001954,0,2,0.0,2137,17002,0.001954,8700223
1,2020-12-21,7695,24691,7675,24632,20,59,0,0,7744,24744,0.002844,1,3,0.0,7745,24747,0.002844,8700223
1,2020-12-22,7364,32055,7015,31647,349,408,0,0,7364,32106,0.00369,2,5,1e-06,7364,32111,0.003691,8700223
1,2020-12-23,7925,39980,6647,38294,1278,1686,0,0,7923,40028,0.004601,2,7,1e-06,7924,40035,0.004602,8700223
1,2020-12-24,3312,43292,2364,40658,948,2634,0,0,3312,43340,0.004981,0,7,1e-06,3312,43347,0.004982,8700223
1,2020-12-25,239,43531,155,40813,84,2718,0,0,239,43579,0.005009,0,7,1e-06,239,43586,0.00501,8700223
1,2020-12-26,1378,44909,980,41793,398,3116,0,0,1377,44955,0.005167,1,8,1e-06,1377,44963,0.005168,8700223
1,2020-12-27,883,45792,547,42340,336,3452,0,0,883,45837,0.005268,1,9,1e-06,883,45846,0.00527,8700223
1,2020-12-28,7133,52925,4790,47130,2343,5795,0,0,7130,52967,0.006088,0,9,1e-06,7130,52976,0.006089,8700223
1,2020-12-29,9078,62003,5055,52185,4023,9818,0,0,9074,62039,0.007131,2,11,1e-06,9074,62050,0.007132,8700223
1,2020-12-30,11777,73780,6558,58743,5219,15037,0,0,11773,73809,0.008484,3,14,2e-06,11773,73823,0.008485,8700223
1,2020-12-31,6052,79832,1970,60713,4082,19119,0,0,6049,79854,0.009178,5,19,2e-06,6050,79873,0.009181,8700223
1,2021-01-01,648,80480,264,60977,384,19503,0,0,644,80496,0.009252,2,21,2e-06,644,80517,0.009255,8700223
1,2021-01-02,2938,83418,1774,62751,1164,20667,0,0,2938,83434,0.00959,0,21,2e-06,2938,83455,0.009592,8700223
1,2021-01-03,1065,84483,558,63309,507,21174,0,0,1063,84494,0.009712,3,24,3e-06,1063,84518,0.009714,8700223
1,2021-01-04,7410,91893,3608,66917,3802,24976,0,0,7413,91905,0.010564,2,26,3e-06,7413,91931,0.010567,8700223
1,2021-01-05,10992,102885,5300,72217,5692,30668,0,0,10191,101338,0.011648,783,809,9.3e-05,10216,102147,0.011741,8700223
1,2021-01-06,14170,117055,7099,79316,7071,37739,0,0,12215,111653,0.012833,1918,2727,0.000313,12233,114380,0.013147,8700223
1,2021-01-07,17628,134683,9162,88478,8466,46205,0,0,13107,120344,0.013832,4429,7156,0.000823,13120,127500,0.014655,8700223
1,2021-01-08,20230,154913,10470,98948,9760,55965,0,0,14258,128667,0.014789,5954,13110,0.001507,14277,141777,0.016296,8700223
1,2021-01-09,6708,161621,3418,102366,3290,59255,0,0,4826,131621,0.015128,1875,14985,0.001722,4829,146606,0.016851,8700223
1,2021-01-10,3109,164730,1773,104139,1336,60591,0,0,1909,132344,0.015212,1187,16172,0.001859,1910,148516,0.01707,8700223
1,2021-01-11,18212,182942,11902,116041,6310,66901,0,0,11583,137358,0.015788,6613,22785,0.002619,11627,160143,0.018407,8700223
1,2021-01-12,19250,202192,11018,127059,8232,75133,0,0,13182,144560,0.016616,6026,28811,0.003312,13228,173371,0.019927,8700223
1,2021-01-13,19904,222096,10765,137824,9139,84272,0,0,14722,154147,0.017718,5155,33966,0.003904,14742,188113,0.021622,8700223
1,2021-01-14,22191,244287,9541,147365,12650,96922,0,0,19344,170778,0.019629,2777,36743,0.004223,19408,207521,0.023852,8700223
1,2021-01-15,25304,269591,9273,156638,16031,112953,0,0,23338,192262,0.022099,1923,38666,0.004444,23407,230928,0.026543,8700223
1,2021-01-16,13960,283551,4574,161212,9386,122339,0,0,13058,204431,0.023497,894,39560,0.004547,13063,243991,0.028044,8700223
1,2021-01-17,5215,288766,2043,163255,3172,125511,0,0,4838,208896,0.02401,376,39936,0.00459,4841,248832,0.028601,8700223
1,2021-01-18,14418,303184,8653,171908,5765,131276,0,0,11200,216951,0.024936,3204,43140,0.004958,11259,260091,0.029895,8700223
1,2021-01-19,24832,328016,12941,184849,11891,143167,0,0,19534,231272,0.026582,5271,48411,0.005564,19592,279683,0.032147,8700223
1,2021-01-20,29525,357541,14791,199640,14734,157901,0,0,23543,248962,0.028616,5897,54308,0.006242,23587,303270,0.034858,8700223
1,2021-01-21,31393,388934,14803,214443,16590,174491,0,0,27992,273731,0.031463,3329,57637,0.006625,28098,331368,0.038087,8700223
1,2021-01-22,28507,417441,11340,225783,17167,191658,0,0,26398,298116,0.034265,2043,59680,0.00686,26428,357796,0.041125,8700223
1,2021-01-23,18727,436168,8207,233990,10520,202178,0,0,16756,312940,0.035969,1943,61623,0.007083,16767,374563,0.043052,8700223
1,2021-01-24,6685,442853,4171,238161,2514,204692,0,0,6019,318306,0.036586,658,62281,0.007159,6024,380587,0.043745,8700223
1,2021-01-25,25590,468443,10567,248728,15023,219715,0,0,19729,332338,0.038199,5812,68093,0.007827,19844,400431,0.046025,8700223
1,2021-01-26,28934,497377,13568,262296,15366,235081,0,0,22112,347717,0.039966,6760,74853,0.008604,22139,422570,0.04857,8700223
1,2021-01-27,32806,530183,15626,277922,17180,252261,0,0,24563,364196,0.041861,8173,83026,0.009543,24652,447222,0.051404,8700223
1,2021-01-28,35095,565278,16528,294450,18567,270828,0,0,28015,385332,0.04429,7010,90036,0.010349,28146,475368,0.054639,8700223
1,2021-01-29,33851,599129,16549,310999,17302,288130,0,0,27112,405952,0.04666,6590,96626,0.011106,27210,502578,0.057766,8700223
1,2021-01-30,20233,619362,8758,319757,11475,299605,0,0,18000,421838,0.048486,2200,98826,0.011359,18086,520664,0.059845,8700223
1,2021-01-31,7724,627086,5020,324777,2704,302309,0,0,6998,428122,0.049208,717,99543,0.011441,7001,527665,0.06065,8700223
1,2021-02-01,29214,656300,12607,337384,16607,318916,0,0,21305,441579,0.050755,7858,107401,0.012345,21315,548980,0.0631,8700223
1,2021-02-02,32875,689175,11882,349266,20993,339909,0,0,24531,457893,0.05263,8255,115656,0.013293,24569,573549,0.065923,8700223
1,2021-02-03,39762,728937,15288,364554,24474,364383,0,0,28503,475413,0.054644,11084,126740,0.014567,28604,602153,0.069211,8700223
1,2021-02-04,44229,773166,17226,381780,27003,391386,0,0,31779,494988,0.056894,12320,139060,0.015983,31895,634048,0.072877,8700223
1,2021-02-05,47084,820250,17212,398992,29872,421258,0,0,30713,509603,0.058574,16217,155277,0.017847,30832,664880,0.076421,8700223
1,2021-02-06,26676,846926,10557,409549,16119,437377,0,0,20680,524410,0.060275,5946,161223,0.018531,20753,685633,0.078806,8700223
1,2021-02-07,6323,853249,4073,413622,2250,439627,0,0,4666,527461,0.060626,1634,162857,0.018719,4685,690318,0.079345,8700223
1,2021-02-08,31805,885054,14509,428131,17296,456923,0,0,21136,538138,0.061853,10564,173421,0.019933,21241,711559,0.081786,8700223
1,2021-02-09,38688,923742,17059,445190,21629,478552,0,0,23759,547123,0.062886,14890,188311,0.021644,23875,735434,0.08453,8700223
1,2021-02-10,47485,971227,22204,467394,25281,503833,0,0,26959,553798,0.063653,20381,208692,0.023987,27056,762490,0.08764,8700223
1,2021-02-11,52218,1023445,25535,492929,26683,530516,0,0,31039,564102,0.064838,20861,229553,0.026385,31165,793655,0.091222,8700223
1,2021-02-12,50255,1073700,21624,514553,28631,559147,0,0,28784,571730,0.065714,21301,250854,0.028833,28929,822584,0.094547,8700223
1,2021-02-13,26514,1100214,11540,526093,14974,574121,0,0,15284,575934,0.066198,11159,262013,0.030116,15363,837947,0.096313,8700223
1,2021-02-14,11818,1112032,5588,531681,6230,580351,0,0,6715,577647,0.066395,5072,267085,0.030699,6785,844732,0.097093,8700223
1,2021-02-15,24047,1136079,9452,541133,14595,594946,0,0,14605,583053,0.067016,9316,276401,0.031769,14722,859454,0.098785,8700223
1,2021-02-16,47321,1183400,22555,563688,24766,619712,0,0,27489,590928,0.067921,19739,296140,0.034038,27614,887068,0.101959,8700223
1,2021-02-17,48651,1232051,24656,588344,23995,643707,0,0,26108,594807,0.068367,22382,318522,0.036611,26261,913329,0.104978,8700223
1,2021-02-18,51308,1283359,25699,614043,25609,669316,0,0,26500,597001,0.068619,24549,343071,0.039432,26743,940072,0.108051,8700223
1,2021-02-19,46787,1330146,25368,639411,21419,690735,0,0,26123,602694,0.069273,20494,363565,0.041788,26187,966259,0.111061,8700223
1,2021-02-20,27879,1358025,16926,656337,10953,701688,0,0,15869,606710,0.069735,11939,375504,0.04316,15955,982214,0.112895,8700223
1,2021-02-21,12471,1370496,10709,667046,1762,703450,0,0,7478,609313,0.070034,4928,380432,0.043727,7531,989745,0.113761,8700223
1,2021-02-22,31718,1402214,20808,687854,10910,714360,0,0,18171,614155,0.070591,13439,393871,0.045271,18281,1008026,0.115862,8700223
1,2021-02-23,45928,1448142,22362,710216,23566,737926,0,0,25142,619184,0.071169,20485,414356,0.047626,25514,1033540,0.118795,8700223
1,2021-02-24,55952,1504094,27004,737220,28948,766874,0,0,30717,625376,0.07188,24983,439339,0.050497,31175,1064715,0.122378,8700223
1,2021-02-25,68635,1572729,33363,770583,35272,802146,0,0,42413,642311,0.073827,25982,465321,0.053484,42917,1107632,0.127311,8700223
1,2021-02-26,76704,1649433,35970,806553,40734,842880,0,0,50015,666443,0.076601,26369,491690,0.056515,50501,1158133,0.133115,8700223
1,2021-02-27,52859,1702292,24291,830844,28558,871438,10,10,34640,683364,0.078546,18001,509691,0.058584,34922,1193055,0.137129,8700223
1,2021-02-28,20324,1722616,12076,842920,8246,879684,2,12,14849,692981,0.079651,5378,515069,0.059202,14995,1208050,0.138853,8700223
1,2021-03-01,46439,1769055,21485,864405,24890,904574,64,76,29792,706647,0.081222,16441,531510,0.061092,30107,1238157,0.142313,8700223
1,2021-03-02,64943,1833998,28074,892479,36858,941432,11,87,41279,725114,0.083344,23472,554982,0.063789,41939,1280096,0.147134,8700223
1,2021-03-03,72212,1906210,34356,926835,37825,979257,31,118,43845,741474,0.085225,28130,583112,0.067023,44490,1324586,0.152247,8700223
1,2021-03-04,80132,1986342,37540,964375,42555,1021812,37,155,51295,764740,0.087899,28584,611696,0.070308,51850,1376436,0.158207,8700223
1,2021-03-05,79277,2065619,35762,1000137,43308,1065120,207,362,52799,792232,0.091059,26166,637862,0.073316,53658,1430094,0.164374,8700223
1,2021-03-06,57976,2123595,27486,1027623,29145,1094265,1345,1707,39156,814424,0.09361,18673,656535,0.075462,40865,1470959,0.169071,8700223
1,2021-03-07,21025,2144620,13065,1040688,6762,1101027,1198,2905,15538,825949,0.094934,5461,661996,0.07609,16986,1487945,0.171024,8700223
1,2021-03-08,46199,2190819,22538,1063226,21703,1122730,1958,4863,32310,846773,0.097328,13775,675771,0.077673,34599,1522544,0.175001,8700223
1,2021-03-09,67088,2257907,32510,1095736,32063,1154793,2515,7378,41262,865236,0.09945,25640,701411,0.08062,44103,1566647,0.18007,8700223
1,2021-03-10,74088,2331995,36834,1132570,32747,1187540,4507,11885,45495,887134,0.101967,28445,729856,0.083889,50343,1616990,0.185856,8700223
1,2021-03-11,90333,2422328,41453,1174023,40846,1228386,8034,19919,52433,910392,0.10464,37644,767500,0.088216,60902,1677892,0.192856,8700223
1,2021-03-12,99198,2521526,43763,1217786,43118,1271504,12317,32236,57870,939909,0.108033,41085,808585,0.092938,70602,1748494,0.200971,8700223
1,2021-03-13,65352,2586878,29406,1247192,28228,1299732,7718,39954,41499,965707,0.110998,23705,832290,0.095663,49503,1797997,0.206661,8700223
1,2021-03-14,27989,2614867,14983,1262175,9437,1309169,3569,43523,15663,972873,0.111822,12242,844532,0.09707,19408,1817405,0.208892,8700223
1,2021-03-15,65321,2680188,28786,1290961,29783,1338952,6752,50275,38412,991696,0.113985,26676,871208,0.100136,45499,1862904,0.214121,8700223
1,2021-03-16,85844,2766032,39090,1330051,41092,1380044,5662,55937,53080,1018241,0.117036,32533,903741,0.103876,59078,1921982,0.220912,8700223
1,2021-03-17,93303,2859335,45507,1375558,41250,1421294,6546,62483,59941,1051970,0.120913,33102,936843,0.10768,66831,1988813,0.228593,8700223
1,2021-03-18,98919,2958254,50992,1426550,42209,1463503,5718,68201,59687,1078997,0.124019,38853,975696,0.112146,65880,2054693,0.236166,8700223
1,2021-03-19,103868,3062122,53842,1480392,43810,1507313,6216,74417,60571,1103318,0.126815,42974,1018670,0.117086,67295,2121988,0.2439,8700223
1,2021-03-20,72801,3134923,37184,1517576,30396,1537709,5221,79638,46651,1129509,0.129825,25949,1044619,0.120068,52140,2174128,0.249893,8700223
1,2021-03-21,27416,3162339,19060,1536636,6547,1544256,1809,81447,17043,1138179,0.130822,10268,1054887,0.121248,18938,2193066,0.25207,8700223
1,2021-03-22,59344,3221683,30684,1567320,25385,1569641,3275,84722,39847,1162398,0.133606,19266,1074153,0.123463,43485,2236551,0.257068,8700223
1,2021-03-23,83636,3305319,42594,1609914,37390,1607031,3652,88374,51178,1185492,0.13626,32184,1106337,0.127162,55278,2291829,0.263422,8700223
1,2021-03-24,88553,3393872,44724,1654638,39442,1646473,4387,92761,52648,1207099,0.138743,35578,1141915,0.131251,57185,2349014,0.269995,8700223
1,2021-03-25,97538,3491410,49844,1704482,41821,1688294,5873,98634,53931,1223853,0.140669,43247,1185162,0.136222,60001,2409015,0.276891,8700223
1,2021-03-26,105920,3597330,51494,1755976,48082,1736376,6344,104978,56697,1238356,0.142336,48830,1233992,0.141835,63333,2472348,0.284171,8700223
1,2021-03-27,74573,3671903,38461,1794437,31884,1768260,4228,109206,38335,1245116,0.143113,35993,1269985,0.145972,42753,2515101,0.289085,8700223
1,2021-03-28,32908,3704811,21519,1815956,10167,1778427,1222,110428,16449,1246895,0.143318,16339,1286324,0.14785,18118,2533219,0.291167,8700223
1,2021-03-29,68765,3773576,33855,1849811,31746,1810173,3164,113592,37832,1257411,0.144526,30688,1317012,0.151377,41204,2574423,0.295903,8700223
1,2021-03-30,93703,3867279,45800,1895611,41475,1851648,6428,120020,48029,1266504,0.145571,45424,1362436,0.156598,54517,2628940,0.302169,8700223
1,2021-03-31,102106,3969385,53051,1948662,42798,1894446,6257,126277,55928,1282906,0.147457,45820,1408256,0.161864,62222,2691162,0.309321,8700223
1,2021-04-01,113735,4083120,54192,2002854,50687,1945133,8856,135133,57681,1293933,0.148724,55529,1463785,0.168247,66556,2757718,0.316971,8700223
1,2021-04-02,112984,4196104,51479,2054333,51734,1996867,9771,144904,57278,1305925,0.150102,55258,1519043,0.174598,67250,2824968,0.324701,8700223
1,2021-04-03,78573,4274677,39365,2093698,29483,2026350,9725,154629,36837,1311004,0.150686,41527,1560570,0.179371,46606,2871574,0.330058,8700223
1,2021-04-04,23819,4298496,11867,2105565,8464,2034814,3488,158117,9909,1310559,0.150635,13828,1574398,0.180961,13383,2884957,0.331596,8700223
1,2021-04-05,77771,4376267,36926,2142491,31413,2066227,9432,167549,34895,1312382,0.150845,42638,1617036,0.185861,44461,2929418,0.336706,8700223
1,2021-04-06,104810,4481077,49476,2191967,38584,2104811,16750,184299,47356,1319357,0.151646,57120,1674156,0.192427,64095,2993513,0.344073,8700223
1,2021-04-07,112936,4594013,54631,2246598,40588,2145399,17717,202016,50873,1326212,0.152434,61713,1735869,0.19952,68568,3062081,0.351954,8700223
1,2021-04-08,123347,4717360,58280,2304878,43911,2189310,21156,223172,54469,1333414,0.153262,68428,1804297,0.207385,75630,3137711,0.360647,8700223
1,2021-04-09,124424,4841784,56650,2361528,46830,2236140,20944,244116,54547,1339421,0.153952,69479,1873776,0.215371,75486,3213197,0.369324,8700223
1,2021-04-10,97057,4938841,43181,2404709,30969,2267109,22907,267023,38466,1342347,0.154289,58355,1932131,0.222078,61281,3274478,0.376367,8700223
1,2021-04-11,36759,4975600,20422,2425131,9448,2276557,6889,273912,14875,1342396,0.154294,21805,1953936,0.224585,21854,3296332,0.378879,8700223
1,2021-04-12,75292,5050892,33601,2458732,31606,2308163,10085,283997,31973,1341578,0.1542,42999,1996935,0.229527,42181,3338513,0.383727,8700223
1,2021-04-13,98379,5149271,52531,2511263,45510,2353673,338,284335,53034,1350290,0.155202,45017,2041952,0.234701,53729,3392242,0.389903,8700223
1,2021-04-14,105268,5254539,54444,2565707,50744,2404417,80,284415,53426,1352740,0.155483,51427,2093379,0.240612,53877,3446119,0.396095,8700223
1,2021-04-15,105963,5360502,57543,2623250,48328,2452745,92,284507,56079,1359828,0.156298,49264,2142643,0.246274,56352,3502471,0.402573,8700223
1,2021-04-16,111209,5471711,56992,2680242,54126,2506871,91,284598,55452,1360382,0.156362,55183,2197826,0.252617,55737,3558208,0.408979,8700223
1,2021-04-17,83454,5555165,45263,2725505,38179,2545050,12,284610,46477,1370331,0.157505,36706,2234532,0.256836,46655,3604863,0.414341,8700223
1,2021-04-18,30580,5585745,20693,2746198,9880,2554930,7,284617,15290,1370643,0.157541,15194,2249726,0.258583,15506,3620369,0.416124,8700223
1,2021-04-19,67062,5652807,33894,2780092,33154,2588084,14,284631,30148,1364415,0.156825,36519,2286245,0.26278,30291,3650660,0.419605,8700223
1,2021-04-20,88278,5741085,44349,2824441,43904,2631988,25,284656,41033,1358822,0.156182,46851,2333096,0.268165,41258,3691918,0.424348,8700223
1,2021-04-21,97844,5838929,50975,2875416,46766,2678754,103,284759,43563,1349073,0.155062,53664,2386760,0.274333,43915,3735833,0.429395,8700223
1,2021-04-22,97666,5936595,50987,2926403,46660,2725414,19,284778,44611,1341413,0.154181,52511,2439271,0.280369,44851,3780684,0.43455,8700223
1,2021-04-23,102887,6039482,53114,2979517,49744,2775158,29,284807,48774,1336906,0.153663,53550,2492821,0.286524,49043,3829727,0.440187,8700223
1,2021-04-24,76735,6116217,47507,3027024,29200,2804358,28,284835,43157,1346955,0.154818,33400,2526221,0.290363,43449,3873176,0.445181,8700223
1,2021-04-25,27441,6143658,17466,3044490,9959,2814317,16,284851,15614,1351034,0.155287,11693,2537914,0.291707,15772,3888948,0.446994,8700223
1,2021-04-26,66450,6210108,34796,3079286,31246,2845563,408,285259,31379,1348427,0.154988,34732,2572646,0.295699,32125,3921073,0.450686,8700223
1,2021-04-27,81793,6291901,43410,3122696,37077,2882640,1306,286565,35321,1339247,0.153932,46151,2618797,0.301003,36971,3958044,0.454936,8700223
1,2021-04-28,81578,6373479,43319,3166015,36749,2919389,1510,288075,35607,1331002,0.152985,45586,2664383,0.306243,37341,3995385,0.459228,8700223
1,2021-04-29,85119,6458598,46786,3212801,36702,2956091,1631,289706,34524,1317143,0.151392,50184,2714567,0.312011,36325,4031710,0.463403,8700223
1,2021-04-30,92713,6551311,50131,3262932,40681,2996772,1901,291607,38488,1303844,0.149863,53844,2768411,0.3182,40545,4072255,0.468063,8700223
1,2021-05-01,63895,6615206,41122,3304054,21338,3018110,1435,293042,26894,1295677,0.148925,36710,2805121,0.322419,28543,4100798,0.471344,8700223
1,2021-05-02,23512,6638718,16657,3320711,6272,3024382,583,293625,9431,1291758,0.148474,13962,2819083,0.324024,10043,4110841,0.472498,8700223
1,2021-05-03,56486,6695204,31252,3351963,23376,3047758,1858,295483,20430,1278318,0.146929,35778,2854861,0.328137,22338,4133179,0.475066,8700223
1,2021-05-04,75924,6771128,43674,3395637,30150,3077908,2100,297583,27124,1259155,0.144727,48466,2903327,0.333707,29303,4162482,0.478434,8700223
1,2021-05-05,78543,6849671,45502,3441139,30734,3108642,2307,299890,26515,1236412,0.142113,51644,2954971,0.339643,28901,4191383,0.481756,8700223
1,2021-05-06,80131,6929802,48666,3489805,29282,3137924,2183,302073,24871,1208786,0.138937,54834,3009805,0.345946,27208,4218591,0.484883,8700223
1,2021-05-07,83683,7013485,47624,3537429,33863,3171787,2196,304269,27768,1183390,0.136018,55427,3065232,0.352316,30031,4248622,0.488335,8700223
1,2021-05-08,57642,7071127,36187,3573616,19799,3191586,1656,305925,19542,1166931,0.134127,37741,3102973,0.356654,21282,4269904,0.490781,8700223
1,2021-05-09,18377,7089504,13188,3586804,4709,3196295,480,306405,5557,1160274,0.133361,12731,3115704,0.358118,6074,4275978,0.491479,8700223
1,2021-05-10,44433,7133937,22474,3609278,20127,3216422,1832,308237,14802,1147675,0.131913,29324,3145028,0.361488,16725,4292703,0.493401,8700223
1,2021-05-11,63021,7196958,34267,3643545,26593,3243015,2161,310398,20670,1128586,0.129719,42037,3187065,0.36632,22948,4315651,0.496039,8700223
1,2021-05-12,63166,7260124,33561,3677106,27530,3270545,2075,312473,20718,1109354,0.127509,42086,3229151,0.371157,22854,4338505,0.498666,8700223
1,2021-05-13,67439,7327563,39581,3716687,25868,3296413,1990,314463,25646,1095891,0.125961,41384,3270535,0.375914,27921,4366426,0.501875,8700223
1,2021-05-14,77095,7404658,46458,3763145,28224,3324637,2413,316876,31089,1084105,0.124607,45569,3316104,0.381152,33783,4400209,0.505758,8700223
1,2021-05-15,67013,7471671,44001,3807146,21240,3345877,1772,318648,26672,1072620,0.123286,39998,3356102,0.385749,28513,4428722,0.509035,8700223
1,2021-05-16,25157,7496828,18545,3825691,5992,3351869,620,319268,10252,1068764,0.122843,14775,3370877,0.387447,10919,4439641,0.51029,8700223
1,2021-05-17,54608,7551436,33343,3859034,19480,3371349,1785,321053,23095,1062479,0.122121,31221,3402098,0.391036,24936,4464577,0.513157,8700223
1,2021-05-18,65474,7616910,39433,3898467,24198,3395547,1843,322896,28349,1055948,0.12137,36814,3438912,0.395267,30283,4494860,0.516637,8700223
1,2021-05-19,66883,7683793,40738,3939205,24196,3419743,1949,324845,29909,1051228,0.120828,36652,3475564,0.39948,31932,4526792,0.520308,8700223
1,2021-05-20,65131,7748924,37812,3977017,25081,3444824,2238,327083,26771,1042454,0.119819,37985,3513549,0.403846,29211,4556003,0.523665,8700223
1,2021-05-21,70841,7819765,42366,4019383,26592,3471416,1883,328966,29193,1032407,0.118664,41216,3554765,0.408583,31169,4587172,0.527248,8700223
1,2021-05-22,56633,7876398,37263,4056646,17638,3489054,1732,330698,24599,1027097,0.118054,31734,3586499,0.412231,26424,4613596,0.530285,8700223
1,2021-05-23,20582,7896980,14392,4071038,5603,3494657,587,331285,9531,1026302,0.117963,10939,3597438,0.413488,10144,4623740,0.531451,8700223
1,2021-05-24,44357,7941337,24756,4095794,17747,3512404,1854,333139,17950,1020062,0.117246,26127,3623565,0.416491,19887,4643627,0.533737,8700223
1,2021-05-25,51714,7993051,29834,4125628,20153,3532557,1727,334866,21515,1013533,0.116495,29863,3653428,0.419923,23334,4666961,0.536419,8700223
1,2021-05-26,49003,8042054,27772,4153400,19299,3551856,1932,336798,20774,1008380,0.115903,27900,3681328,0.42313,22747,4689708,0.539033,8700223
1,2021-05-27,47563,8089617,26718,4180118,18915,3570771,1930,338728,20371,1003917,0.11539,26878,3708206,0.42622,22415,4712123,0.541609,8700223
1,2021-05-28,53363,8142980,29814,4209932,21685,3592456,1864,340592,23919,1000750,0.115026,29075,3737281,0.429562,25908,4738031,0.544587,8700223
1,2021-05-29,30953,8173933,18754,4228686,11220,3603676,979,341571,14686,1000375,0.114983,16094,3753375,0.431411,15719,4753750,0.546394,8700223
1,2021-05-30,11742,8185675,7592,4236278,3588,3607264,562,342133,5528,1000354,0.11498,6137,3759512,0.432117,6116,4759866,0.547097,8700223
1,2021-05-31,5831,8191506,3318,4239596,2252,3609516,261,342394,2039,998946,0.114818,3720,3763232,0.432544,2312,4762178,0.547363,8700223
1,2021-06-01,46525,8238031,26361,4265957,18576,3628092,1588,343982,17627,989715,0.113757,28509,3791741,0.435821,19278,4781456,0.549579,8700223
1,2021-06-02,40626,8278657,23615,4289572,15493,3643585,1518,345500,16409,983834,0.113081,23891,3815632,0.438567,18010,4799466,0.551649,8700223
1,2021-06-03,42183,8320840,26457,4316029,13983,3657568,1743,347243,16114,976019,0.112183,25749,3841381,0.441527,17934,4817400,0.55371,8700223
1,2021-06-04,51031,8371871,32675,4348704,16526,3674094,1830,349073,18350,963996,0.110801,32280,3873661,0.445237,20257,4837657,0.556038,8700223
1,2021-06-05,40856,8412727,27903,4376607,10932,3685026,2021,351094,14311,954070,0.10966,26312,3899973,0.448261,16386,4854043,0.557922,8700223
1,2021-06-06,13269,8425996,10619,4387226,2131,3687157,519,351613,4562,950594,0.109261,8618,3908591,0.449252,5142,4859185,0.558513,8700223
1,2021-06-07,34390,8460386,23741,4410967,9273,3696430,1376,352989,12300,942471,0.108327,21854,3930445,0.451764,13731,4872916,0.560091,8700223
1,2021-06-08,42513,8502899,29406,4440373,11440,3707870,1667,354656,14792,931590,0.107077,27427,3957872,0.454916,16546,4889462,0.561993,8700223
1,2021-06-09,42486,8545385,29473,4469846,11355,3719225,1658,356314,13835,918816,0.105608,28324,3986196,0.458172,15550,4905012,0.56378,8700223
1,2021-06-10,39469,8584854,26591,4496437,11160,3730385,1718,358032,13478,908390,0.10441,25721,4011917,0.461128,15295,4920307,0.565538,8700223
1,2021-06-11,44868,8629722,29771,4526208,13384,3743769,1713,359745,16053,897751,0.103187,28483,4040400,0.464402,17844,4938151,0.567589,8700223
1,2021-06-12,34333,8664055,24852,4551060,8252,3752021,1229,360974,11280,887500,0.102009,22827,4063227,0.467026,12576,4950727,0.569034,8700223
1,2021-06-13,11720,8675775,8525,4559585,2712,3754733,483,361457,3417,883207,0.101515,8226,4071453,0.467971,3933,4954660,0.569487,8700223
1,2021-06-14,31440,8707215,21197,4580782,8906,3763639,1337,362794,11739,876831,0.100783,19482,4090935,0.47021,13106,4967766,0.570993,8700223
1,2021-06-15,37941,8745156,24887,4605669,11177,3774816,1877,364671,14089,869343,0.099922,23542,4114477,0.472916,16054,4983820,0.572838,8700223
1,2021-06-16,36127,8781283,24448,4630117,9821,3784637,1858,366529,13637,862707,0.099159,22188,4136665,0.475467,15552,4999372,0.574626,8700223
1,2021-06-17,34037,8815320,22514,4652631,9549,3794186,1974,368503,13285,857569,0.098569,20482,4157147,0.477821,15344,5014716,0.576389,8700223
1,2021-06-18,39976,8855296,25970,4678601,11136,3805322,2870,371373,15453,851717,0.097896,24226,4181373,0.480605,18374,5033090,0.578501,8700223
1,2021-06-19,24136,8879432,16755,4695356,6179,3811501,1202,372575,9812,848625,0.097541,14146,4195519,0.482231,11054,5044144,0.579772,8700223
1,2021-06-20,8173,8887605,5984,4701340,1912,3813413,277,372852,3226,847264,0.097384,4875,4200394,0.482792,3514,5047658,0.580176,8700223
1,2021-06-21,21112,8908717,11944,4713284,6968,3820381,2200,375052,10987,850497,0.097756,10003,4210397,0.483941,13236,5060894,0.581697,8700223
1,2021-06-22,31042,8939759,20248,4733532,8618,3828999,2176,377228,12933,847790,0.097445,17879,4228276,0.485996,15172,5076066,0.583441,8700223
1,2021-06-23,29576,8969335,19857,4753389,7883,3836882,1836,379064,12862,846024,0.097242,16489,4244765,0.487892,14723,5090789,0.585133,8700223
1,2021-06-24,28645,8997980,19093,4772482,7871,3844753,1681,380745,12104,843548,0.096957,16327,4261092,0.489768,13851,5104640,0.586725,8700223
1,2021-06-25,32073,9030053,21714,4794196,8934,3853687,1425,382170,14032,841275,0.096696,17785,4278877,0.491812,15512,5120152,0.588508,8700223
1,2021-06-26,22686,9052739,16848,4811044,4988,3858675,850,383020,9885,839393,0.096479,12664,4291541,0.493268,10782,5130934,0.589747,8700223
1,2021-06-27,9291,9062030,6929,4817973,1924,3860599,438,383458,4114,838860,0.096418,5103,4296644,0.493854,4570,5135504,0.590273,8700223
1,2021-06-28,21496,9083526,15977,4833950,4255,3864854,1264,384722,9957,838799,0.096411,11328,4307972,0.495157,11267,5146771,0.591568,8700223
1,2021-06-29,27300,9110826,18703,4852653,7196,3872050,1401,386123,12116,837390,0.096249,14987,4322959,0.496879,13578,5160349,0.593128,8700223
1,2021-06-30,26699,9137525,18503,4871156,7122,3879172,1074,387197,12763,837596,0.096273,13706,4336665,0.498454,13912,5174261,0.594727,8700223
1,2021-07-01,24397,9161922,16959,4888115,6124,3885296,1314,388511,11326,837417,0.096252,12894,4349559,0.499936,12715,5186976,0.596189,8700223
1,2021-07-02,27288,9189210,18778,4906893,7450,3892746,1060,389571,12763,837011,0.096206,14309,4363868,0.501581,13903,5200879,0.597787,8700223
1,2021-07-03,15098,9204308,10558,4917451,4080,3896826,460,390031,7197,836942,0.096198,7758,4371626,0.502473,7689,5208568,0.598671,8700223
1,2021-07-04,1304,9205612,736,4918187,500,3897326,68,390099,636,836994,0.096204,657,4372283,0.502548,709,5209277,0.598752,8700223
1,2021-07-05,11309,9216921,7828,4926015,3114,3900440,367,390466,5393,836961,0.0962,5840,4378123,0.50322,5807,5215084,0.59942,8700223
1,2021-07-06,27969,9244890,19777,4945792,7033,3907473,1159,391625,11189,832839,0.095726,16571,4394694,0.505124,12449,5227533,0.60085,8700223
1,2021-07-07,24369,9269259,17083,4962875,6108,3913581,1178,392803,10493,830916,0.095505,13679,4408373,0.506697,11756,5239289,0.602202,8700223
1,2021-07-08,23298,9292557,16156,4979031,6037,3919618,1105,393908,10018,829050,0.095291,13074,4421447,0.508199,11208,5250497,0.60349,8700223
1,2021-07-09,27576,9320133,19514,4998545,6882,3926500,1180,395088,12472,827841,0.095152,14918,4436365,0.509914,13709,5264206,0.605066,8700223
1,2021-07-10,18234,9338367,13167,5011712,4290,3930790,777,395865,8147,826860,0.095039,9953,4446318,0.511058,8972,5273178,0.606097,8700223
1,2021-07-11,6840,9345207,4999,5016711,1633,3932423,208,396073,3311,826921,0.095046,3476,4449794,0.511457,3537,5276715,0.606503,8700223
1,2021-07-12,20498,9365705,14734,5031445,4860,3937283,904,396977,9098,825767,0.094913,11251,4461045,0.512751,10097,5286812,0.607664,8700223
1,2021-07-13,22789,9388494,15910,5047355,6054,3943337,825,397802,10683,825417,0.094873,11945,4472990,0.514124,11595,5298407,0.608997,8700223
1,2021-07-14,22706,9411200,15611,5062966,6100,3949437,995,398797,10247,824472,0.094764,12297,4485287,0.515537,11352,5309759,0.610301,8700223
1,2021-07-15,22117,9433317,15672,5078638,5708,3955145,737,399534,10720,824791,0.094801,11244,4496531,0.516829,11563,5321322,0.611631,8700223
1,2021-07-16,27209,9460526,19009,5097647,7189,3962334,1011,400545,13496,825847,0.094923,13536,4510067,0.518385,14592,5335914,0.613308,8700223
1,2021-07-17,18923,9479449,13682,5111329,4533,3966867,708,401253,9338,826482,0.094995,9447,4519514,0.519471,10082,5345996,0.614467,8700223
1,2021-07-18,7538,9486987,5561,5116890,1691,3968558,286,401539,3857,827021,0.095057,3621,4523135,0.519887,4160,5350156,0.614945,8700223
1,2021-07-19,21134,9508121,15305,5132195,4987,3973545,842,402381,10594,828154,0.095188,10399,4533534,0.521083,11532,5361688,0.61627,8700223
1,2021-07-20,25318,9533439,17507,5149702,6911,3980456,900,403281,13049,830116,0.095413,12079,4545613,0.522471,14041,5375729,0.617884,8700223
1,2021-07-21,25620,9559059,17996,5167698,6405,3986861,1219,404500,13111,832223,0.095655,12339,4557952,0.523889,14446,5390175,0.619544,8700223
1,2021-07-22,24742,9583801,17521,5185219,6374,3993235,847,405347,13492,835601,0.096044,11053,4569005,0.52516,14431,5404606,0.621203,8700223
1,2021-07-23,29507,9613308,20881,5206100,7599,4000834,1027,406374,16450,840298,0.096584,12852,4581857,0.526637,17549,5422155,0.62322,8700223
1,2021-07-24,18402,9631710,13004,5219104,4819,4005653,579,406953,10816,844254,0.097038,7464,4589321,0.527495,11420,5433575,0.624533,8700223
1,2021-07-25,7601,9639311,5466,5224570,2018,4007671,117,407070,5667,848171,0.097488,1887,4591208,0.527712,5804,5439379,0.6252,8700223
1,2021-07-26,21806,9661117,15094,5239664,5946,4013617,766,407836,14108,855562,0.098338,7554,4598762,0.52858,14945,5454324,0.626918,8700223
1,2021-07-27,27466,9688583,19642,5259306,6875,4020492,949,408785,16190,861660,0.099039,11094,4609856,0.529855,17192,5471516,0.628894,8700223
1,2021-07-28,28382,9716965,20140,5279446,7362,4027854,880,409665,17411,869245,0.099911,10778,4620634,0.531094,18363,5489879,0.631004,8700223
1,2021-07-29,27004,9743969,19169,5298615,7040,4034894,795,410460,16900,877077,0.100811,9927,4630561,0.532235,17759,5507638,0.633046,8700223
1,2021-07-30,31472,9775441,22523,5321138,8036,4042930,913,411373,19235,885249,0.10175,12013,4642574,0.533616,20185,5527823,0.635366,8700223
1,2021-07-31,20011,9795452,14524,5335662,4946,4047876,541,411914,12426,890821,0.102391,7420,4649994,0.534468,12992,5540815,0.636859,8700223
1,2021-08-01,8896,9804348,6706,5342368,2064,4049940,126,412040,6092,894313,0.102792,2754,4652748,0.534785,6246,5547061,0.637577,8700223
1,2021-08-02,25041,9829389,18634,5361002,5693,4055633,714,412754,16290,902779,0.103765,8586,4661334,0.535772,17052,5564113,0.639537,8700223
1,2021-08-03,28941,9858330,20972,5381974,7024,4062657,945,413699,18169,911347,0.10475,10580,4671914,0.536988,19148,5583261,0.641738,8700223
1,2021-08-04,27799,9886129,20222,5402196,6698,4069355,879,414578,17666,920015,0.105746,9925,4681839,0.538129,18593,5601854,0.643875,8700223
1,2021-08-05,27572,9913701,20223,5422419,6434,4075789,915,415493,17378,928349,0.106704,9981,4691820,0.539276,18315,5620169,0.64598,8700223
1,2021-08-06,34018,9947719,25067,5447486,7975,4083764,976,416469,21228,938051,0.107819,12546,4704366,0.540718,22248,5642417,0.648537,8700223
1,2021-08-07,21811,9969530,16377,5463863,4865,4088629,569,417038,13586,944122,0.108517,8098,4712464,0.541649,14169,5656586,0.650166,8700223
1,2021-08-08,10535,9980065,7695,5471558,2638,4091267,202,417240,6853,947573,0.108914,3614,4716078,0.542064,7065,5663651,0.650978,8700223
1,2021-08-09,27974,10008039,20971,5492529,6190,4097457,813,418053,17295,955231,0.109794,10487,4726565,0.543269,18145,5681796,0.653063,8700223
1,2021-08-10,29440,10037479,21668,5514197,6902,4104359,870,418923,17555,962034,0.110576,11676,4738241,0.544611,18479,5700275,0.655187,8700223
1,2021-08-11,27344,10064823,20199,5534396,6225,4110584,920,419843,16185,968219,0.111287,10946,4749187,0.54587,17131,5717406,0.657156,8700223
1,2021-08-12,28909,10093732,20818,5555214,7042,4117626,1049,420892,17243,975163,0.112085,11375,4760562,0.547177,18319,5735725,0.659262,8700223
1,2021-08-13,36232,10129964,26349,5581563,8826,4126452,1057,421949,21100,982546,0.112933,14819,4775381,0.54888,22202,5757927,0.661814,8700223
1,2021-08-14,23935,10153899,18173,5599736,5204,4131656,558,422507,13666,986974,0.113442,9814,4785195,0.550008,14242,5772169,0.663451,8700223
1,2021-08-15,10580,10164479,7809,5607545,2609,4134265,162,422669,6110,989104,0.113687,4165,4789360,0.550487,6295,5778464,0.664174,8700223
1,2021-08-16,29104,10193583,20654,5628199,7656,4141921,794,423463,16034,993786,0.114225,12177,4801537,0.551887,16859,5795323,0.666112,8700223
1,2021-08-17,31700,10225283,22455,5650654,8302,4150223,943,424406,16652,997323,0.114632,14098,4815635,0.553507,17635,5812958,0.668139,8700223
1,2021-08-18,31790,10257073,22797,5673451,8100,4158323,893,425299,16174,1000034,0.114943,14404,4830039,0.555163,17115,5830073,0.670106,8700223
1,2021-08-19,31040,10288113,22147,5695598,7882,4166205,1011,426310,15885,1003063,0.115292,13907,4843946,0.556761,16936,5847009,0.672053,8700223
1,2021-08-20,38197,10326310,27733,5723331,9511,4175716,953,427263,19370,1006155,0.115647,17264,4861210,0.558745,20356,5867365,0.674392,8700223
1,2021-08-21,23117,10349427,17298,5740629,5255,4180971,564,427827,11335,1007030,0.115748,11039,4872249,0.560014,11914,5879279,0.675762,8700223
1,2021-08-22,11882,10361309,8702,5749331,2978,4183949,202,428029,5978,1007709,0.115826,5515,4877764,0.560648,6194,5885473,0.676474,8700223
1,2021-08-23,31132,10392441,23101,5772432,7282,4191231,749,428778,15002,1008562,0.115924,14966,4892730,0.562368,15819,5901292,0.678292,8700223
1,2021-08-24,31842,10424283,24135,5796567,6871,4198102,836,429614,15089,1009013,0.115976,15537,4908267,0.564154,15988,5917280,0.68013,8700223
1,2021-08-25,31458,10455741,23865,5820432,6853,4204955,740,430354,14727,1009029,0.115977,15508,4923775,0.565937,15524,5932804,0.681914,8700223
1,2021-08-26,31423,10487164,23418,5843850,7117,4212072,888,431242,14861,1009696,0.116054,15128,4938903,0.567675,15795,5948599,0.683729,8700223
1,2021-08-27,38710,10525874,29711,5873561,8192,4220264,807,432049,17638,1008846,0.115956,19372,4958275,0.569902,18522,5967121,0.685858,8700223
1,2021-08-28,24708,10550582,19322,5892883,4954,4225218,432,432481,10740,1006864,0.115729,13201,4971476,0.571419,11219,5978340,0.687148,8700223
1,2021-08-29,12061,10562643,9063,5901946,2852,4228070,146,432627,5589,1006590,0.115697,6041,4977517,0.572114,5767,5984107,0.687811,8700223
1,2021-08-30,28758,10591401,21109,5923055,6730,4234800,919,433546,12405,1004867,0.115499,15104,4992621,0.57385,13381,5997488,0.689349,8700223
1,2021-08-31,29069,10620470,21727,5944782,6591,4241391,751,434297,12363,1002653,0.115245,15370,5007991,0.575616,13156,6010644,0.690861,8700223
1,2021-09-01,28405,10648875,21117,5965899,6623,4248014,665,434962,12904,1002289,0.115203,14003,5021994,0.577226,13639,6024283,0.692429,8700223
1,2021-09-02,27233,10676108,20181,5986080,6366,4254380,686,435648,11838,1000947,0.115048,13915,5035909,0.578825,12573,6036856,0.693874,8700223
1,2021-09-03,33556,10709664,25200,6011280,7721,4262101,635,436283,13946,997619,0.114666,17980,5053889,0.580892,14652,6051508,0.695558,8700223
1,2021-09-04,19363,10729027,14974,6026254,4143,4266244,246,436529,8089,995373,0.114408,10632,5064521,0.582114,8386,6059894,0.696522,8700223
1,2021-09-05,3908,10732935,2739,6028993,1104,4267348,65,436594,1788,995286,0.114398,1957,5066478,0.582339,1870,6061764,0.696737,8700223
2,2020-12-15,264,264,264,264,0,0,0,0,264,264,3.1e-05,0,0,0.0,264,264,3.1e-05,8407551
2,2020-12-16,2335,2599,2335,2599,0,0,0,0,2336,2600,0.000309,0,0,0.0,2336,2600,0.000309,8407551
2,2020-12-17,7256,9855,7256,9855,0,0,0,0,7256,9856,0.001172,0,0,0.0,7256,9856,0.001172,8407551
2,2020-12-18,11190,21045,11169,21024,21,21,0,0,11192,21048,0.002503,0,0,0.0,11192,21048,0.002503,8407551
2,2020-12-19,5651,26696,5643,26667,8,29,0,0,5655,26703,0.003176,0,0,0.0,5655,26703,0.003176,8407551
2,2020-12-20,4276,30972,4259,30926,17,46,0,0,4268,30970,0.003684,1,1,0.0,4268,30971,0.003684,8407551
2,2020-12-21,12908,43880,12877,43803,31,77,0,0,12863,43832,0.005213,1,2,0.0,12863,43834,0.005214,8407551
2,2020-12-22,12301,56181,11764,55567,537,614,0,0,12299,56131,0.006676,0,2,0.0,12299,56133,0.006676,8407551
2,2020-12-23,11881,68062,9588,65155,2293,2907,0,0,11881,68011,0.008089,2,4,0.0,11882,68015,0.00809,8407551
2,2020-12-24,5927,73989,3506,68661,2421,5328,0,0,5924,73933,0.008794,4,8,1e-06,5926,73941,0.008795,8407551
2,2020-12-25,506,74495,422,69083,84,5412,0,0,509,74442,0.008854,0,8,1e-06,509,74450,0.008855,8407551
2,2020-12-26,2604,77099,1675,70758,929,6341,0,0,2604,77044,0.009164,2,10,1e-06,2604,77054,0.009165,8407551
2,2020-12-27,2238,79337,1216,71974,1022,7363,0,0,2236,79278,0.009429,2,12,1e-06,2236,79290,0.009431,8407551
2,2020-12-28,11215,90552,7276,79250,3939,11302,0,0,11213,90486,0.010762,5,17,2e-06,11213,90503,0.010764,8407551
2,2020-12-29,13057,103609,7350,86600,5707,17009,0,0,13061,103546,0.012316,1,18,2e-06,13061,103564,0.012318,8407551
2,2020-12-30,15763,119372,8834,95434,6929,23938,0,0,15757,119300,0.01419,5,23,3e-06,15759,119323,0.014192,8407551
2,2020-12-31,7634,127006,2831,98265,4803,28741,0,0,7626,126921,0.015096,5,28,3e-06,7626,126949,0.015099,8407551
2,2021-01-01,1458,128464,704,98969,754,29495,0,0,1453,128370,0.015268,4,32,4e-06,1453,128402,0.015272,8407551
2,2021-01-02,4892,133356,2785,101754,2107,31602,0,0,4887,133255,0.015849,2,34,4e-06,4887,133289,0.015853,8407551
2,2021-01-03,1443,134799,814,102568,629,32231,0,0,1436,134688,0.01602,3,37,4e-06,1436,134725,0.016024,8407551
2,2021-01-04,11861,146660,5666,108234,6195,38426,0,0,11847,146530,0.017428,5,42,5e-06,11847,146572,0.017433,8407551
2,2021-01-05,14076,160736,7068,115302,7008,45434,0,0,12821,158134,0.018809,1251,1293,0.000154,12855,159427,0.018962,8407551
2,2021-01-06,19321,180057,10679,125981,8642,54076,0,0,15281,169450,0.020155,3980,5273,0.000627,15296,174723,0.020782,8407551
2,2021-01-07,23537,203594,13269,139250,10268,64344,0,0,15743,177408,0.021101,7806,13079,0.001556,15764,190487,0.022657,8407551
2,2021-01-08,27224,230818,16445,155695,10779,75123,0,0,16636,183543,0.021831,10535,23614,0.002809,16670,207157,0.024639,8407551
2,2021-01-09,9915,240733,5807,161502,4108,79231,0,0,6309,186264,0.022154,3599,27213,0.003237,6320,213477,0.025391,8407551
2,2021-01-10,5364,246097,2995,164497,2369,81600,0,0,3096,187087,0.022252,2278,29491,0.003508,3101,216578,0.02576,8407551
2,2021-01-11,26251,272348,18148,182645,8103,89703,0,0,15053,190981,0.022715,11210,40701,0.004841,15104,231682,0.027556,8407551
2,2021-01-12,26647,298995,16568,199213,10079,99782,0,0,16911,198224,0.023577,9762,50463,0.006002,17005,248687,0.029579,8407551
2,2021-01-13,28851,327846,15310,214523,13541,113323,0,0,20761,210949,0.02509,8078,58541,0.006963,20803,269490,0.032053,8407551
2,2021-01-14,30809,358655,11804,226327,19005,132328,0,0,26470,233165,0.027733,4338,62879,0.007479,26554,296044,0.035212,8407551
2,2021-01-15,35428,394083,12887,239214,22541,154869,0,0,32093,262021,0.031165,3332,66211,0.007875,32188,328232,0.03904,8407551
2,2021-01-16,18406,412489,6149,245363,12257,167126,0,0,16980,277566,0.033014,1443,67654,0.008047,16988,345220,0.041061,8407551
2,2021-01-17,10615,423104,3595,248958,7020,174146,0,0,9849,286646,0.034094,780,68434,0.00814,9860,355080,0.042233,8407551
2,2021-01-18,19914,443018,11139,260097,8775,182921,0,0,15003,296788,0.0353,4927,73361,0.008726,15069,370149,0.044026,8407551
2,2021-01-19,33010,476028,17248,277345,15762,198683,0,0,24765,313426,0.037279,8246,81607,0.009706,24884,395033,0.046986,8407551
2,2021-01-20,37909,513937,19100,296445,18809,217492,0,0,29140,333921,0.039717,8743,90350,0.010746,29238,424271,0.050463,8407551
2,2021-01-21,41370,555307,17602,314047,23768,241260,0,0,36716,366206,0.043557,4624,94974,0.011296,36909,461180,0.054853,8407551
2,2021-01-22,39804,595111,16642,330689,23162,264422,0,0,36384,399183,0.047479,3438,98412,0.011705,36415,497595,0.059184,8407551
2,2021-01-23,24392,619503,10845,341534,13547,277969,0,0,21391,417629,0.049673,2977,101389,0.012059,21423,519018,0.061732,8407551
2,2021-01-24,12519,632022,6139,347673,6380,284349,0,0,11576,428297,0.050942,928,102317,0.01217,11596,530614,0.063112,8407551
2,2021-01-25,34240,666262,15739,363412,18501,302850,0,0,25237,444738,0.052897,8950,111267,0.013234,25391,556005,0.066132,8407551
2,2021-01-26,40685,706947,19878,383290,20807,323657,0,0,31288,466751,0.055516,9369,120636,0.014349,31382,587387,0.069864,8407551
2,2021-01-27,45995,752942,22749,406039,23246,346903,0,0,35460,491867,0.058503,10415,131051,0.015587,35531,622918,0.07409,8407551
2,2021-01-28,48407,801349,22558,428597,25849,372752,0,0,39495,522605,0.062159,8843,139894,0.016639,39581,662499,0.078798,8407551
2,2021-01-29,46058,847407,22144,450741,23914,396666,0,0,37109,550982,0.065534,8818,148712,0.017688,37195,699694,0.083222,8407551
2,2021-01-30,31533,878940,13348,464089,18185,414851,0,0,28069,575678,0.068472,3422,152134,0.018095,28118,727812,0.086566,8407551
2,2021-01-31,17303,896243,10222,474311,7081,421932,0,0,16064,590548,0.07024,1217,153351,0.01824,16087,743899,0.08848,8407551
2,2021-02-01,41668,937911,19938,494249,21730,443662,0,0,30372,609736,0.072522,11234,164585,0.019576,30422,774321,0.092098,8407551
2,2021-02-02,48304,986215,19629,513878,28675,472337,0,0,36583,634797,0.075503,11625,176210,0.020959,36686,811007,0.096462,8407551
2,2021-02-03,54411,1040626,23896,537774,30515,502852,0,0,39964,660523,0.078563,14342,190552,0.022664,40068,851075,0.101227,8407551
2,2021-02-04,56674,1097300,24266,562040,32408,535260,0,0,41130,686331,0.081633,15432,205984,0.0245,41240,892315,0.106133,8407551
2,2021-02-05,60690,1157990,26320,588360,34370,569630,0,0,40900,707872,0.084195,19563,225547,0.026827,41104,933419,0.111022,8407551
2,2021-02-06,39611,1197601,18371,606731,21240,590870,0,0,31482,731417,0.086995,8049,233596,0.027784,31594,965013,0.114779,8407551
2,2021-02-07,15803,1213404,10436,617167,5367,596237,0,0,11953,739627,0.087972,3817,237413,0.028238,12027,977040,0.11621,8407551
2,2021-02-08,43337,1256741,21922,639089,21415,617652,0,0,29584,755828,0.089899,13602,251015,0.029856,29803,1006843,0.119755,8407551
2,2021-02-09,49917,1306658,23623,662712,26294,643946,0,0,30716,767945,0.09134,18967,269982,0.032112,31084,1037927,0.123452,8407551
2,2021-02-10,59930,1366588,28011,690723,31919,675865,0,0,34494,777680,0.092498,25140,295122,0.035102,34875,1072802,0.1276,8407551
2,2021-02-11,64716,1431304,29703,720426,35013,710878,0,0,35936,785741,0.093457,28397,323519,0.03848,36458,1109260,0.131936,8407551
2,2021-02-12,66359,1497663,28607,749033,37752,748630,0,0,35385,791129,0.094097,30676,354195,0.042128,36064,1145324,0.136226,8407551
2,2021-02-13,38360,1536023,15957,764990,22403,771033,0,0,22047,797359,0.094838,16202,370397,0.044055,22432,1167756,0.138894,8407551
2,2021-02-14,20233,1556256,9417,774407,10816,781849,0,0,11211,799982,0.09515,8964,379361,0.045121,11587,1179343,0.140272,8407551
2,2021-02-15,33503,1589759,15051,789458,18452,800301,0,0,18519,804541,0.095693,14834,394195,0.046886,19393,1198736,0.142578,8407551
2,2021-02-16,56753,1646512,27770,817228,28983,829284,0,0,29793,808194,0.096127,26834,421029,0.050077,30487,1229223,0.146205,8407551
2,2021-02-17,62086,1708598,31876,849104,30210,859494,0,0,30739,808529,0.096167,31232,452261,0.053792,31567,1260790,0.149959,8407551
2,2021-02-18,66812,1775410,33650,882754,33162,892656,0,0,32435,808030,0.096108,34094,486355,0.057847,33595,1294385,0.153955,8407551
2,2021-02-19,60143,1835553,33214,915968,26929,919585,0,0,29784,808264,0.096135,30144,516499,0.061433,30378,1324763,0.157568,8407551
2,2021-02-20,38039,1873592,24648,940616,13391,932976,0,0,20605,812257,0.09661,17316,533815,0.063492,21309,1346072,0.160103,8407551
2,2021-02-21,21942,1895534,17707,958323,4235,937211,0,0,10823,812914,0.096689,11006,544821,0.064801,11663,1357735,0.16149,8407551
2,2021-02-22,39777,1935311,27137,985460,12640,949851,0,0,18809,811637,0.096537,20800,565621,0.067275,19523,1377258,0.163812,8407551
2,2021-02-23,54228,1989539,27669,1013129,26559,976410,0,0,23727,807072,0.095994,30210,595831,0.070869,25645,1402903,0.166862,8407551
2,2021-02-24,71572,2061111,36730,1049859,34842,1011252,0,0,32676,803514,0.095571,38648,634479,0.075465,35090,1437993,0.171036,8407551
2,2021-02-25,77692,2138803,36713,1086572,40979,1052231,0,0,39341,807672,0.096065,38057,672536,0.079992,42215,1480208,0.176057,8407551
2,2021-02-26,86297,2225100,36998,1123570,49299,1101530,0,0,46284,816500,0.097115,39674,712210,0.084711,48502,1528710,0.181826,8407551
2,2021-02-27,63156,2288256,29310,1152880,33837,1135367,9,9,34162,823284,0.097922,28737,740947,0.088129,35521,1564231,0.186051,8407551
2,2021-02-28,31138,2319394,18658,1171538,12479,1147846,1,10,18033,829209,0.098627,12967,753914,0.089671,18892,1583123,0.188298,8407551
2,2021-03-01,59405,2378799,30932,1202470,28390,1176236,83,93,32411,836300,0.09947,26647,780561,0.09284,33738,1616861,0.192311,8407551
2,2021-03-02,71140,2449939,34138,1236608,36986,1213222,16,109,39767,847302,0.100779,31163,811724,0.096547,42165,1659026,0.197326,8407551
2,2021-03-03,82115,2532054,39543,1276151,42551,1255773,21,130,46281,860666,0.102368,35591,847315,0.10078,48955,1707981,0.203148,8407551
2,2021-03-04,89962,2622016,44068,1320219,45861,1301634,33,163,51377,876187,0.104214,38306,885621,0.105336,53827,1761808,0.209551,8407551
2,2021-03-05,83672,2705688,39273,1359492,44074,1345708,325,488,50656,896825,0.106669,32749,918370,0.109232,53387,1815195,0.215901,8407551
2,2021-03-06,63701,2769389,31008,1390500,30964,1376672,1729,2217,38916,914265,0.108743,24632,943002,0.112161,42072,1857267,0.220905,8407551
2,2021-03-07,28919,2798308,16406,1406906,10965,1387637,1548,3765,18287,924670,0.109981,10560,953562,0.113417,20965,1878232,0.223398,8407551
2,2021-03-08,51332,2849640,23526,1430432,25217,1412854,2589,6354,32191,942072,0.112051,19015,972577,0.115679,36417,1914649,0.22773,8407551
2,2021-03-09,71281,2920921,32461,1462893,34933,1447787,3887,10241,39400,954980,0.113586,31722,1004299,0.119452,44630,1959279,0.233038,8407551
2,2021-03-10,79005,2999926,37299,1500192,35106,1482893,6600,16841,41726,967566,0.115083,37039,1041338,0.123857,49625,2008904,0.23894,8407551
2,2021-03-11,93764,3093690,43178,1543370,42161,1525054,8425,25266,48709,981339,0.116721,44719,1086057,0.129176,58492,2067396,0.245898,8407551
2,2021-03-12,94697,3188387,39046,1582416,43705,1568759,11946,37212,46886,993982,0.118225,47531,1133588,0.13483,60174,2127570,0.253055,8407551
2,2021-03-13,69546,3257933,29021,1611437,32481,1601240,8044,45256,38022,1009926,0.120121,31367,1164955,0.138561,47311,2174881,0.258682,8407551
2,2021-03-14,37190,3295123,18405,1629842,14263,1615503,4522,49778,18664,1015428,0.120776,18409,1183364,0.14075,23911,2198792,0.261526,8407551
2,2021-03-15,67848,3362971,30612,1660454,32201,1647704,5035,54813,37302,1028556,0.122337,30296,1213660,0.144354,43424,2242216,0.266691,8407551
2,2021-03-16,86774,3449745,38431,1698885,44293,1691997,4050,58863,52224,1051620,0.12508,34322,1247982,0.148436,57386,2299602,0.273516,8407551
2,2021-03-17,93444,3543189,44724,1743609,44508,1736505,4212,63075,59119,1081726,0.128661,34020,1282002,0.152482,64126,2363728,0.281143,8407551
2,2021-03-18,98830,3642019,47123,1790732,47022,1783527,4685,67760,59785,1108041,0.131791,38695,1320697,0.157085,65010,2428738,0.288876,8407551
2,2021-03-19,97923,3739942,46467,1837199,45344,1828871,6112,73872,57642,1132342,0.134682,39943,1360640,0.161835,64244,2492982,0.296517,8407551
2,2021-03-20,70302,3810244,33967,1871166,32318,1861189,4017,77889,45707,1158063,0.137741,24343,1384983,0.164731,50064,2543046,0.302472,8407551
2,2021-03-21,33901,3844145,21798,1892964,10086,1871275,2017,79906,20232,1167245,0.138833,13498,1398481,0.166336,22680,2565726,0.305169,8407551
2,2021-03-22,63324,3907469,34877,1927841,25820,1897095,2627,82533,41820,1191350,0.1417,21238,1419719,0.168862,45343,2611069,0.310562,8407551
2,2021-03-23,84414,3991883,44865,1972706,36614,1933709,2935,85468,52201,1215427,0.144564,31896,1451615,0.172656,55973,2667042,0.31722,8407551
2,2021-03-24,92568,4084451,49659,2022365,39707,1973416,3202,88670,53856,1234959,0.146887,38343,1489958,0.177217,57875,2724917,0.324104,8407551
2,2021-03-25,102251,4186702,51580,2073945,46727,2020143,3944,92614,57365,1252548,0.148979,44489,1534447,0.182508,62078,2786995,0.331487,8407551
2,2021-03-26,104346,4291048,51816,2125761,49016,2069159,3514,96128,56571,1266314,0.150616,47354,1581801,0.188141,61120,2848115,0.338757,8407551
2,2021-03-27,76198,4367246,37991,2163752,34870,2104029,3337,99465,37935,1270478,0.151112,37968,1619769,0.192656,42132,2890247,0.343768,8407551
2,2021-03-28,38107,4405353,23561,2187313,13731,2117760,815,100280,20245,1274691,0.151613,17703,1637472,0.194762,21916,2912163,0.346375,8407551
2,2021-03-29,72301,4477654,36725,2224038,33297,2151057,2279,102559,40723,1287357,0.153119,31334,1668806,0.198489,44000,2956163,0.351608,8407551
2,2021-03-30,92907,4570561,45520,2269558,42982,2194039,4405,106964,51791,1303299,0.155015,40879,1709685,0.203351,56821,3012984,0.358366,8407551
2,2021-03-31,102075,4672636,52602,2322160,44321,2238360,5152,112116,57666,1322439,0.157292,44057,1753742,0.208591,63197,3076181,0.365883,8407551
2,2021-04-01,118602,4791238,57184,2379344,52044,2290404,9374,121490,64207,1342494,0.159677,53911,1807653,0.215004,73966,3150147,0.374681,8407551
2,2021-04-02,112323,4903561,51839,2431183,50193,2340597,10291,131781,59854,1361055,0.161885,52021,1859674,0.221191,70582,3220729,0.383076,8407551
2,2021-04-03,77014,4980575,37740,2468923,29382,2369979,9892,141673,38013,1370554,0.163015,38765,1898439,0.225802,48264,3268993,0.388816,8407551
2,2021-04-04,29139,5009714,15007,2483930,10250,2380229,3882,145555,13039,1371512,0.163129,15976,1914415,0.227702,16934,3285927,0.39083,8407551
2,2021-04-05,79762,5089476,39021,2522951,31814,2412043,8927,154482,38263,1378143,0.163917,41292,1955707,0.232613,47923,3333850,0.39653,8407551
2,2021-04-06,104446,5193922,50770,2573721,38862,2450905,14814,169296,49229,1387668,0.16505,54908,2010615,0.239144,64433,3398283,0.404194,8407551
2,2021-04-07,111207,5305129,55426,2629147,39404,2490309,16377,185673,52090,1397548,0.166225,58797,2069412,0.246137,68677,3466960,0.412363,8407551
2,2021-04-08,120051,5425180,57682,2686829,43440,2533749,18929,204602,55541,1408396,0.167516,64110,2133522,0.253763,74958,3541918,0.421278,8407551
2,2021-04-09,119413,5544593,57428,2744257,43716,2577465,18269,222871,56281,1421023,0.169017,62723,2196245,0.261223,75350,3617268,0.43024,8407551
2,2021-04-10,87826,5632419,37818,2782075,31538,2609003,18470,241341,36191,1424950,0.169485,51349,2247594,0.26733,55276,3672544,0.436815,8407551
2,2021-04-11,44712,5677131,23185,2805260,13001,2622004,8526,249867,18300,1426225,0.169636,26249,2273843,0.270452,27524,3700068,0.440089,8407551
2,2021-04-12,80583,5757714,37498,2842758,33601,2655605,9484,259351,35811,1428016,0.169849,44481,2318324,0.275743,46272,3746340,0.445592,8407551
2,2021-04-13,102189,5859903,53011,2895769,48916,2704521,262,259613,55761,1438819,0.171134,46125,2364449,0.281229,56928,3803268,0.452363,8407551
2,2021-04-14,107275,5967178,56187,2951956,51025,2755546,63,259676,54557,1442510,0.171573,52373,2416822,0.287459,56064,3859332,0.459032,8407551
2,2021-04-15,113712,6080890,60349,3012305,53265,2808811,98,259774,59125,1448663,0.172305,54154,2470976,0.2939,60307,3919639,0.466205,8407551
2,2021-04-16,111239,6192129,57825,3070130,53353,2862164,61,259835,56354,1451436,0.172635,54497,2525473,0.300382,57270,3976909,0.473016,8407551
2,2021-04-17,83845,6275974,42656,3112786,41173,2903337,16,259851,46711,1462187,0.173914,36852,2562325,0.304765,47603,4024512,0.478678,8407551
2,2021-04-18,36093,6312067,21947,3134733,14134,2917471,12,259863,17012,1461273,0.173805,18932,2581257,0.307017,18018,4042530,0.480821,8407551
2,2021-04-19,74997,6387064,40298,3175031,34679,2952150,20,259883,33911,1455035,0.173063,40788,2622045,0.311868,34550,4077080,0.484931,8407551
2,2021-04-20,97657,6484721,49350,3224381,48275,3000425,32,259915,46968,1452473,0.172758,50313,2672358,0.317852,47751,4124831,0.49061,8407551
2,2021-04-21,104214,6588935,56383,3280764,47760,3048185,71,259986,48915,1447663,0.172186,54778,2727136,0.324367,49968,4174799,0.496554,8407551
2,2021-04-22,108707,6697642,56177,3336941,52501,3100686,29,260015,47416,1435189,0.170702,60801,2787937,0.331599,48327,4223126,0.502302,8407551
2,2021-04-23,108352,6805994,57751,3394692,50580,3151266,21,260036,49872,1427979,0.169845,58035,2845972,0.338502,50825,4273951,0.508347,8407551
2,2021-04-24,81226,6887220,47772,3442464,33410,3184676,44,260080,42208,1432536,0.170387,38640,2884612,0.343098,43197,4317148,0.513485,8407551
2,2021-04-25,36742,6923962,22632,3465096,14093,3198769,17,260097,19932,1436317,0.170837,16643,2901255,0.345077,20424,4337572,0.515914,8407551
2,2021-04-26,74560,6998522,41292,3506388,32950,3231719,318,260415,34177,1432193,0.170346,40082,2941337,0.349845,35958,4373530,0.520191,8407551
2,2021-04-27,88571,7087093,46689,3553077,40504,3272223,1378,261793,37893,1422462,0.169189,50256,2991593,0.355822,40525,4414055,0.525011,8407551
2,2021-04-28,88527,7175620,47268,3600345,39376,3311599,1883,263676,38892,1414904,0.16829,49257,3040850,0.361681,41699,4455754,0.52997,8407551
2,2021-04-29,91678,7267298,49862,3650207,40094,3351693,1722,265398,35513,1397014,0.166162,55738,3096588,0.36831,37848,4493602,0.534472,8407551
2,2021-04-30,95126,7362424,52546,3702753,40562,3392255,2018,267416,36831,1378730,0.163987,57791,3154379,0.375184,39507,4533109,0.539171,8407551
2,2021-05-01,62993,7425417,38353,3741106,23025,3415280,1615,269031,24535,1367649,0.162669,38096,3192475,0.379715,27015,4560124,0.542384,8407551
2,2021-05-02,29396,7454813,20470,3761576,7947,3423227,979,270010,11148,1361764,0.161969,18101,3210576,0.381868,12216,4572340,0.543837,8407551
2,2021-05-03,60878,7515691,36139,3797715,22662,3445889,2077,272087,20364,1344252,0.159886,40216,3250792,0.386651,22704,4595044,0.546538,8407551
2,2021-05-04,80198,7595889,47854,3845569,29934,3475823,2410,274497,25942,1319112,0.156896,53882,3304674,0.39306,28742,4623786,0.549956,8407551
2,2021-05-05,80961,7676850,48185,3893754,30415,3506238,2361,276858,25204,1291707,0.153637,55336,3360010,0.399642,27931,4651717,0.553278,8407551
2,2021-05-06,83429,7760279,50679,3944433,29819,3536057,2931,279789,25210,1262775,0.150195,57711,3417721,0.406506,28779,4680496,0.556701,8407551
2,2021-05-07,84230,7844509,48639,3993072,33158,3569215,2433,282222,25720,1233298,0.146689,58082,3475803,0.413414,28605,4709101,0.560104,8407551
2,2021-05-08,55943,7900452,33934,4027006,20279,3589494,1730,283952,17433,1214934,0.144505,38260,3514063,0.417965,19896,4728997,0.56247,8407551
2,2021-05-09,21966,7922418,15818,4042824,5397,3594891,751,284703,6325,1206700,0.143526,15542,3529605,0.419814,7308,4736305,0.563339,8407551
2,2021-05-10,50511,7972929,27537,4070361,21084,3615975,1890,286593,14171,1187305,0.141219,36057,3565662,0.424102,16662,4752967,0.565321,8407551
2,2021-05-11,66673,8039602,36137,4106498,28390,3644365,2146,288739,20002,1163805,0.138424,46339,3612001,0.429614,22839,4775806,0.568038,8407551
2,2021-05-12,65573,8105175,34930,4141428,28401,3672766,2242,290981,19244,1139709,0.135558,45996,3657997,0.435085,21900,4797706,0.570643,8407551
2,2021-05-13,71385,8176560,41438,4182866,27993,3700759,1954,292935,26032,1123400,0.133618,45038,3703035,0.440442,28729,4826435,0.57406,8407551
2,2021-05-14,80403,8256963,48179,4231045,29948,3730707,2276,295211,30795,1107892,0.131773,49226,3752261,0.446297,33718,4860153,0.57807,8407551
2,2021-05-15,66924,8323887,43954,4274999,21249,3751956,1721,296932,25896,1095169,0.13026,40751,3793012,0.451144,28028,4888181,0.581404,8407551
2,2021-05-16,31862,8355749,23844,4298843,7087,3759043,931,297863,12952,1090423,0.129696,18765,3811777,0.453375,14019,4902200,0.583071,8407551
2,2021-05-17,58328,8414077,36952,4335795,19411,3778454,1965,299828,22909,1080507,0.128516,35161,3846938,0.457557,25245,4927445,0.586074,8407551
2,2021-05-18,70569,8484646,41270,4377065,27330,3805784,1969,301797,27933,1068616,0.127102,42337,3889275,0.462593,30446,4957891,0.589695,8407551
2,2021-05-19,69395,8554041,41053,4418118,26274,3832058,2068,303865,27391,1056878,0.125706,41667,3930942,0.467549,29929,4987820,0.593255,8407551
2,2021-05-20,70118,8624159,40711,4458829,27210,3859268,2197,306062,26644,1043211,0.12408,43114,3974056,0.472677,29447,5017267,0.596757,8407551
2,2021-05-21,73682,8697841,43533,4502362,27969,3887237,2180,308242,27964,1028589,0.122341,45331,4019387,0.478069,30709,5047976,0.60041,8407551
2,2021-05-22,54006,8751847,34290,4536652,17938,3905175,1778,310020,22514,1022176,0.121578,31248,4050635,0.481785,24835,5072811,0.603364,8407551
2,2021-05-23,24532,8776379,16744,4553396,7064,3912239,724,310744,10284,1019217,0.121226,14111,4064746,0.483464,11152,5083963,0.60469,8407551
2,2021-05-24,45262,8821641,25739,4579135,17735,3929974,1788,312532,17344,1011020,0.120251,27673,4092419,0.486755,19476,5103439,0.607007,8407551
2,2021-05-25,51356,8872997,30094,4609229,19379,3949353,1883,314415,19527,1001466,0.119115,31503,4123922,0.490502,21949,5125388,0.609617,8407551
2,2021-05-26,49141,8922138,27547,4636776,19889,3969242,1705,316120,19203,993135,0.118124,29580,4153502,0.49402,21249,5146637,0.612145,8407551
2,2021-05-27,47105,8969243,26718,4663494,18642,3987884,1745,317865,18764,986072,0.117284,28075,4181577,0.49736,21012,5167649,0.614644,8407551
2,2021-05-28,50698,9019941,28042,4691536,20663,4008547,1993,319858,21245,980573,0.11663,29175,4210752,0.50083,23676,5191325,0.61746,8407551
2,2021-05-29,29287,9049228,17543,4709079,10674,4019221,1070,320928,13321,979356,0.116485,15793,4226545,0.502708,14576,5205901,0.619194,8407551
2,2021-05-30,12723,9061951,8196,4717275,3758,4022979,769,321697,5538,978614,0.116397,7115,4233660,0.503554,6373,5212274,0.619952,8407551
2,2021-05-31,5960,9067911,3498,4720773,2156,4025135,306,322003,1858,976791,0.11618,4036,4237696,0.504035,2213,5214487,0.620215,8407551
2,2021-06-01,45286,9113197,26018,4746791,17593,4042728,1675,323678,15731,965364,0.114821,29204,4266900,0.507508,17777,5232264,0.622329,8407551
2,2021-06-02,38642,9151839,22753,4769544,14465,4057193,1424,325102,15119,958969,0.11406,23240,4290140,0.510272,16845,5249109,0.624333,8407551
2,2021-06-03,41910,9193749,27011,4796555,13413,4070606,1486,326588,14139,947464,0.112692,27517,4317657,0.513545,16012,5265121,0.626237,8407551
2,2021-06-04,48749,9242498,31857,4828412,15323,4085929,1569,328157,15754,932644,0.110929,32669,4350326,0.517431,17849,5282970,0.62836,8407551
2,2021-06-05,38247,9280745,27313,4855725,9461,4095390,1473,329630,11893,920333,0.109465,26103,4376429,0.520536,13792,5296762,0.630001,8407551
2,2021-06-06,14977,9295722,12286,4868011,2110,4097500,581,330211,4656,915511,0.108892,10254,4386683,0.521755,5432,5302194,0.630647,8407551
2,2021-06-07,33576,9329298,23503,4891514,8784,4106284,1289,331500,10995,905622,0.107715,22409,4409092,0.52442,12520,5314714,0.632136,8407551
2,2021-06-08,40751,9370049,28824,4920338,10553,4116837,1374,332874,12480,891847,0.106077,28015,4437107,0.527753,14240,5328954,0.63383,8407551
2,2021-06-09,38280,9408329,26725,4947063,10052,4126889,1503,334377,11560,878718,0.104515,26515,4463622,0.530906,13386,5342340,0.635422,8407551
2,2021-06-10,37995,9446324,26422,4973485,10036,4136925,1537,335914,11628,866198,0.103026,26165,4489787,0.534018,13645,5355985,0.637045,8407551
2,2021-06-11,41717,9488041,27721,5001206,12317,4149242,1679,337593,13356,853452,0.10151,28086,4517873,0.537359,15340,5371325,0.638869,8407551
2,2021-06-12,29802,9517843,21962,5023168,6920,4156162,920,338513,8730,842415,0.100197,20923,4538796,0.539848,9886,5381211,0.640045,8407551
2,2021-06-13,12278,9530121,8971,5032139,2684,4158846,623,339136,3121,837239,0.099582,9089,4547885,0.540929,3913,5385124,0.64051,8407551
2,2021-06-14,30235,9560356,21466,5053605,7552,4166398,1217,340353,10440,829486,0.09866,19613,4567498,0.543261,11860,5396984,0.641921,8407551
2,2021-06-15,36040,9596396,24033,5077638,9941,4176339,2066,342419,12117,820406,0.09758,23639,4591137,0.546073,14559,5411543,0.643653,8407551
2,2021-06-16,33414,9629810,23090,5100728,8511,4184850,1813,344232,11550,812408,0.096628,21677,4612814,0.548651,13679,5425222,0.64528,8407551
2,2021-06-17,31080,9660890,20765,5121493,8507,4193357,1808,346040,10993,805518,0.095809,19899,4632713,0.551018,13009,5438231,0.646827,8407551
2,2021-06-18,34835,9695725,22959,5144452,9994,4203351,1882,347922,12610,798265,0.094946,21997,4654710,0.553634,14744,5452975,0.648581,8407551
2,2021-06-19,21013,9716738,14636,5159088,5114,4208465,1263,349185,7918,794715,0.094524,12929,4667639,0.555172,9379,5462354,0.649696,8407551
2,2021-06-20,8311,9725049,5942,5165030,1903,4210368,466,349651,3069,793125,0.094335,5195,4672834,0.55579,3605,5465959,0.650125,8407551
2,2021-06-21,19381,9744430,11870,5176900,6184,4216552,1327,350978,9884,795145,0.094575,9371,4682205,0.556905,11391,5477350,0.65148,8407551
2,2021-06-22,26923,9771353,18438,5195338,7101,4223653,1384,352362,10512,791080,0.094092,16236,4698441,0.558836,12171,5489521,0.652927,8407551
2,2021-06-23,25981,9797334,17930,5213268,6420,4230073,1631,353993,10527,788229,0.093753,15303,4713744,0.560656,12452,5501973,0.654409,8407551
2,2021-06-24,25454,9822788,17333,5230601,6589,4236662,1532,355525,10450,785595,0.093439,14847,4728591,0.562422,12213,5514186,0.655861,8407551
2,2021-06-25,28909,9851697,19586,5250187,7821,4244483,1502,357027,12008,782611,0.093084,16735,4745326,0.564412,13751,5527937,0.657497,8407551
2,2021-06-26,18762,9870459,13817,5264004,4008,4248491,937,357964,7638,780410,0.092823,11031,4756357,0.565724,8830,5536767,0.658547,8407551
2,2021-06-27,8888,9879347,6787,5270791,1650,4250141,451,358415,3573,779301,0.092691,5257,4761614,0.56635,4148,5540915,0.65904,8407551
2,2021-06-28,19987,9899334,15182,5285973,3555,4253696,1250,359665,8821,778540,0.0926,11027,4772641,0.567661,10266,5551181,0.660261,8407551
2,2021-06-29,22952,9922286,15989,5301962,5882,4259578,1081,360746,9847,776740,0.092386,12963,4785604,0.569203,11163,5562344,0.661589,8407551
2,2021-06-30,22234,9944520,15779,5317741,5424,4265002,1031,361777,9947,775814,0.092276,12134,4797738,0.570646,11208,5573552,0.662922,8407551
2,2021-07-01,20153,9964673,14246,5331987,5008,4270010,899,362676,8979,774861,0.092163,11034,4808772,0.571959,10081,5583633,0.664121,8407551
2,2021-07-02,23188,9987861,16003,5347990,6154,4276164,1031,363707,10284,773651,0.092019,12730,4821502,0.573473,11520,5595153,0.665491,8407551
2,2021-07-03,12681,10000542,9141,5357131,3062,4279226,478,364185,5812,773294,0.091976,6770,4828272,0.574278,6413,5601566,0.666254,8407551
2,2021-07-04,1019,10001561,598,5357729,354,4279580,67,364252,437,773251,0.091971,570,4828842,0.574346,527,5602093,0.666317,8407551
2,2021-07-05,11171,10012732,8176,5365905,2585,4282165,410,364662,5136,772965,0.091937,5960,4834802,0.575055,5674,5607767,0.666992,8407551
2,2021-07-06,24026,10036758,17444,5383349,5567,4287732,1015,365677,9292,768977,0.091463,14567,4849369,0.576787,10579,5618346,0.66825,8407551
2,2021-07-07,20727,10057485,14779,5398128,4837,4292569,1111,366788,8780,767330,0.091267,11800,4861169,0.578191,10153,5628499,0.669458,8407551
2,2021-07-08,19283,10076768,13426,5411554,4801,4297370,1056,367844,8086,765590,0.09106,11085,4872254,0.579509,9345,5637844,0.670569,8407551
2,2021-07-09,22737,10099505,15762,5427316,5706,4303076,1269,369113,9661,763784,0.090845,12936,4885190,0.581048,11130,5648974,0.671893,8407551
2,2021-07-10,14414,10113919,10636,5437952,3089,4306165,689,369802,6367,763046,0.090757,7951,4893141,0.581994,7213,5656187,0.672751,8407551
2,2021-07-11,6581,10120500,4842,5442794,1389,4307554,350,370152,3101,763132,0.090767,3435,4896576,0.582402,3521,5659708,0.67317,8407551
2,2021-07-12,18280,10138780,13439,5456233,3967,4311521,874,371026,7871,761793,0.090608,10286,4906862,0.583626,8947,5668655,0.674234,8407551
2,2021-07-13,19636,10158416,13872,5470105,4878,4316399,886,371912,8810,761009,0.090515,10675,4917537,0.584895,9891,5678546,0.67541,8407551
2,2021-07-14,18782,10177198,13415,5483520,4581,4320980,786,372698,8406,760169,0.090415,10244,4927781,0.586114,9404,5687950,0.676529,8407551
2,2021-07-15,18909,10196107,13705,5497225,4499,4325479,705,373403,8602,759505,0.090336,10187,4937968,0.587325,9523,5697473,0.677661,8407551
2,2021-07-16,22962,10219069,16520,5513745,5607,4331086,835,374238,11020,759759,0.090366,11807,4949775,0.58873,12061,5709534,0.679096,8407551
2,2021-07-17,14437,10233506,10518,5524263,3385,4334471,534,374772,6979,760042,0.0904,7365,4957140,0.589606,7648,5717182,0.680006,8407551
2,2021-07-18,7013,10240519,5239,5529502,1445,4335916,329,375101,3543,760559,0.090461,3426,4960566,0.590013,3943,5721125,0.680475,8407551
2,2021-07-19,18476,10258995,13767,5543269,3963,4339879,746,375847,9170,761467,0.090569,9189,4969755,0.591106,10097,5731222,0.681676,8407551
2,2021-07-20,21023,10280018,14972,5558241,5202,4345081,849,376696,10675,763000,0.090752,10210,4979965,0.592321,11743,5742965,0.683072,8407551
2,2021-07-21,20520,10300538,14944,5573185,4802,4349883,774,377470,10650,764881,0.090975,9740,4989705,0.593479,11621,5754586,0.684454,8407551
2,2021-07-22,20431,10320969,14586,5587771,4977,4354860,868,378338,10912,767464,0.091283,9370,4999075,0.594593,11953,5766539,0.685876,8407551
2,2021-07-23,24595,10345564,17233,5605004,6301,4361161,1061,379399,13388,771062,0.091711,11048,5010123,0.595908,14646,5781185,0.687618,8407551
2,2021-07-24,14915,10360479,10753,5615757,3659,4364820,503,379902,8335,773545,0.092006,6469,5016592,0.596677,8952,5790137,0.688683,8407551
2,2021-07-25,6734,10367213,4963,5620720,1628,4366448,143,380045,4978,776997,0.092417,1708,5018300,0.59688,5160,5795297,0.689297,8407551
2,2021-07-26,19193,10386406,13553,5634273,4856,4371304,784,380829,12155,783160,0.09315,6900,5025200,0.597701,13063,5808360,0.69085,8407551
2,2021-07-27,23023,10409429,16674,5650947,5483,4376787,866,381695,13480,788283,0.093759,9374,5034574,0.598816,14497,5822857,0.692575,8407551
2,2021-07-28,22740,10432169,16272,5667219,5564,4382351,904,382599,13459,793720,0.094406,9112,5043686,0.5999,14549,5837406,0.694305,8407551
2,2021-07-29,21530,10453699,15443,5682662,5173,4387524,914,383513,13015,799434,0.095085,8369,5052055,0.600895,14083,5851489,0.69598,8407551
2,2021-07-30,26338,10480037,18758,5701420,6614,4394138,966,384479,15773,806007,0.095867,10366,5062421,0.602128,16939,5868428,0.697995,8407551
2,2021-07-31,15769,10495806,11616,5713036,3645,4397783,508,384987,9548,810105,0.096354,6095,5068516,0.602853,10193,5878621,0.699207,8407551
2,2021-08-01,8065,10503871,6205,5719241,1688,4399471,172,385159,5286,812913,0.096688,2714,5071230,0.603176,5522,5884143,0.699864,8407551
2,2021-08-02,21303,10525174,16017,5735258,4521,4403992,765,385924,13502,819637,0.097488,7658,5078888,0.604086,14382,5898525,0.701575,8407551
2,2021-08-03,24166,10549340,17622,5752880,5525,4409517,1019,386943,15025,826826,0.098343,8987,5087875,0.605155,16176,5914701,0.703499,8407551
2,2021-08-04,22808,10572148,16892,5769772,5033,4414550,883,387826,14208,833560,0.099144,8454,5096329,0.606161,15188,5929889,0.705305,8407551
2,2021-08-05,23182,10595330,16988,5786760,5245,4419795,949,388775,14339,840290,0.099945,8671,5105000,0.607192,15401,5945290,0.707137,8407551
2,2021-08-06,27734,10623064,20308,5807068,6436,4426231,990,389765,16894,847648,0.10082,10654,5115654,0.608459,18012,5963302,0.709279,8407551
2,2021-08-07,16910,10639974,12573,5819641,3740,4429971,597,390362,10384,852297,0.101373,6414,5122068,0.609222,11063,5974365,0.710595,8407551
2,2021-08-08,9375,10649349,7099,5826740,2047,4432018,229,390591,5855,854989,0.101693,3434,5125502,0.609631,6126,5980491,0.711324,8407551
2,2021-08-09,23306,10672655,17884,5844624,4657,4436675,765,391356,14091,860926,0.102399,9050,5134552,0.610707,14987,5995478,0.713106,8407551
2,2021-08-10,24382,10697037,17961,5862585,5567,4442242,854,392210,14317,866349,0.103044,9887,5144439,0.611883,15310,6010788,0.714927,8407551
2,2021-08-11,22060,10719097,16468,5879053,4678,4446920,914,393124,12803,871086,0.103608,9078,5153517,0.612963,13815,6024603,0.71657,8407551
2,2021-08-12,23900,10742997,17088,5896141,5728,4452648,1084,394208,13923,876430,0.104243,9765,5163282,0.614124,15109,6039712,0.718368,8407551
2,2021-08-13,29927,10772924,21653,5917794,7229,4459877,1045,395253,17310,882662,0.104984,12257,5175539,0.615582,18489,6058201,0.720567,8407551
2,2021-08-14,18706,10791630,13783,5931577,4418,4464295,505,395758,10469,886133,0.105397,7643,5183182,0.616491,11114,6069315,0.721889,8407551
2,2021-08-15,9774,10801404,7339,5938916,2245,4466540,190,395948,5355,887761,0.105591,3988,5187170,0.616966,5616,6074931,0.722557,8407551
2,2021-08-16,24753,10826157,17507,5956423,6400,4472940,846,396794,12903,891049,0.105982,10606,5197776,0.618227,13894,6088825,0.724209,8407551
2,2021-08-17,25989,10852146,18381,5974804,6666,4479606,942,397736,12888,893363,0.106257,11646,5209422,0.619612,13960,6102785,0.72587,8407551
2,2021-08-18,26249,10878395,18635,5993439,6713,4486319,901,398637,12845,895585,0.106522,11673,5221095,0.621001,13895,6116680,0.727522,8407551
2,2021-08-19,26036,10904431,17979,6011418,7034,4493353,1023,399660,12912,898364,0.106852,11287,5232382,0.622343,14066,6130746,0.729195,8407551
2,2021-08-20,32478,10936909,22815,6034233,8618,4501971,1045,400705,15264,900026,0.10705,14797,5247179,0.624103,16459,6147205,0.731153,8407551
2,2021-08-21,19030,10955939,14045,6048278,4436,4506407,549,401254,9062,900894,0.107153,8878,5256057,0.625159,9746,6156951,0.732312,8407551
2,2021-08-22,10707,10966646,7922,6056200,2571,4508978,214,401468,5279,901614,0.107239,4851,5260908,0.625736,5571,6162522,0.732975,8407551
2,2021-08-23,26702,10993348,19529,6075729,6449,4515427,724,402192,12483,902645,0.107361,12423,5273331,0.627214,13454,6175976,0.734575,8407551
2,2021-08-24,27402,11020750,20397,6096126,6134,4521561,871,403063,12115,902429,0.107336,13419,5286750,0.62881,13203,6189179,0.736145,8407551
2,2021-08-25,26262,11047012,19912,6116038,5612,4527173,738,403801,11947,902764,0.107375,12563,5299313,0.630304,12898,6202077,0.737679,8407551
2,2021-08-26,26440,11073452,19719,6135757,5902,4533075,819,404620,11824,902902,0.107392,12696,5312009,0.631814,12834,6214911,0.739206,8407551
2,2021-08-27,32467,11105919,24139,6159896,7423,4540498,905,405525,13504,901199,0.107189,16395,5328404,0.633764,14692,6229603,0.740953,8407551
2,2021-08-28,19142,11125061,14620,6174516,4153,4544651,369,405894,8121,900055,0.107053,9819,5338223,0.634932,8675,6238278,0.741985,8407551
2,2021-08-29,11158,11136219,8535,6183051,2472,4547123,151,406045,4819,899444,0.10698,5706,5343929,0.635611,5095,6243373,0.742591,8407551
2,2021-08-30,25764,11161983,19211,6202262,5879,4553002,674,406719,10543,897710,0.106774,13207,5357136,0.637182,11473,6254846,0.743956,8407551
2,2021-08-31,25400,11187383,18521,6220783,6180,4559182,699,407418,10283,895984,0.106569,12946,5370082,0.638721,11220,6266066,0.74529,8407551
2,2021-09-01,24632,11212015,17976,6238759,5958,4565140,698,408116,10659,895814,0.106549,11753,5381835,0.640119,11583,6277649,0.746668,8407551
2,2021-09-02,23671,11235686,17017,6255776,6012,4571152,642,408758,9663,894603,0.106405,11695,5393530,0.64151,10484,6288133,0.747915,8407551
2,2021-09-03,29547,11265233,21529,6277305,7348,4578500,670,409428,11328,891351,0.106018,15472,5409002,0.64335,12220,6300353,0.749368,8407551
2,2021-09-04,16230,11281463,12338,6289643,3659,4582159,233,409661,6566,889667,0.105818,8642,5417644,0.644378,6958,6307311,0.750196,8407551
2,2021-09-05,3739,11285202,2693,6292336,985,4583144,61,409722,1723,889735,0.105826,1764,5419408,0.644588,1832,6309143,0.750414,8407551
3,2020-12-15,342,342,342,342,0,0,0,0,342,342,4.2e-05,0,0,0.0,342,342,4.2e-05,8129050
3,2020-12-16,2542,2884,2542,2884,0,0,0,0,2542,2884,0.000355,0,0,0.0,2542,2884,0.000355,8129050
3,2020-12-17,7967,10851,7967,10851,0,0,0,0,7968,10852,0.001335,0,0,0.0,7968,10852,0.001335,8129050
3,2020-12-18,13582,24433,13561,24412,21,21,0,0,13577,24429,0.003005,0,0,0.0,13577,24429,0.003005,8129050
3,2020-12-19,7292,31725,7280,31692,12,33,0,0,7347,31774,0.003909,2,2,0.0,7347,31776,0.003909,8129050
3,2020-12-20,5707,37432,5693,37385,14,47,0,0,5755,37528,0.004617,1,3,0.0,5755,37531,0.004617,8129050
3,2020-12-21,14512,51944,14483,51868,29,76,0,0,14575,52102,0.006409,1,4,0.0,14575,52106,0.00641,8129050
3,2020-12-22,15012,66956,14398,66266,614,690,0,0,15047,67144,0.00826,5,9,1e-06,15047,67153,0.008261,8129050
3,2020-12-23,15042,81998,12379,78645,2663,3353,0,0,15063,82206,0.010113,2,11,1e-06,15064,82217,0.010114,8129050
3,2020-12-24,6880,88878,4922,83567,1958,5311,0,0,6876,89079,0.010958,3,14,2e-06,6876,89093,0.01096,8129050
3,2020-12-25,748,89626,686,84253,62,5373,0,0,743,89820,0.011049,2,16,2e-06,743,89836,0.011051,8129050
3,2020-12-26,4638,94264,3012,87265,1626,6999,0,0,4636,94456,0.01162,0,16,2e-06,4636,94472,0.011622,8129050
3,2020-12-27,3034,97298,1875,89140,1159,8158,0,0,3033,97489,0.011993,0,16,2e-06,3033,97505,0.011995,8129050
3,2020-12-28,13855,111153,8865,98005,4990,13148,0,0,13870,111350,0.013698,9,25,3e-06,13870,111375,0.013701,8129050
3,2020-12-29,15501,126654,8783,106788,6718,19866,0,0,15527,126874,0.015607,3,28,3e-06,15527,126902,0.015611,8129050
3,2020-12-30,18427,145081,10342,117130,8085,27951,0,0,18432,145304,0.017875,3,31,4e-06,18433,145335,0.017878,8129050
3,2020-12-31,8549,153630,3261,120391,5288,33239,0,0,8549,153851,0.018926,2,33,4e-06,8549,153884,0.01893,8129050
3,2021-01-01,1926,155556,929,121320,997,34236,0,0,1920,155769,0.019162,2,35,4e-06,1920,155804,0.019166,8129050
3,2021-01-02,5007,160563,2467,123787,2540,36776,0,0,5004,160772,0.019777,1,36,4e-06,5004,160808,0.019782,8129050
3,2021-01-03,1641,162204,863,124650,778,37554,0,0,1632,162402,0.019978,2,38,5e-06,1632,162440,0.019983,8129050
3,2021-01-04,12207,174411,6063,130713,6144,43698,0,0,12176,174569,0.021475,9,47,6e-06,12176,174616,0.02148,8129050
3,2021-01-05,15966,190377,8296,139009,7670,51368,0,0,14248,187153,0.023023,1698,1745,0.000215,14282,188898,0.023237,8129050
3,2021-01-06,20808,211185,11031,150040,9777,61145,0,0,16144,198691,0.024442,4617,6362,0.000783,16155,205053,0.025225,8129050
3,2021-01-07,26894,238079,15374,165414,11520,72665,0,0,17297,206449,0.025396,9558,15920,0.001958,17316,222369,0.027355,8129050
3,2021-01-08,30903,268982,18849,184263,12054,84719,0,0,18269,212139,0.026096,12609,28529,0.00351,18299,240668,0.029606,8129050
3,2021-01-09,12615,281597,7122,191385,5493,90212,0,0,8031,215604,0.026523,4576,33105,0.004072,8041,248709,0.030595,8129050
3,2021-01-10,7286,288883,4513,195898,2773,92985,0,0,4098,216525,0.026636,3185,36290,0.004464,4106,252815,0.0311,8129050
3,2021-01-11,29493,318376,19281,215179,10212,103197,0,0,16686,220469,0.027121,12792,49082,0.006038,16736,269551,0.033159,8129050
3,2021-01-12,33074,351450,19655,234834,13419,116616,0,0,20265,228101,0.02806,12786,61868,0.007611,20418,289969,0.035671,8129050
3,2021-01-13,35051,386501,18279,253113,16772,133388,0,0,24670,242422,0.029822,10375,72243,0.008887,24696,314665,0.038709,8129050
3,2021-01-14,35089,421590,14346,267459,20743,154131,0,0,29102,265655,0.03268,5911,78154,0.009614,29144,343809,0.042294,8129050
3,2021-01-15,39409,460999,14657,282116,24752,178883,0,0,34655,295659,0.036371,4731,82885,0.010196,34735,378544,0.046567,8129050
3,2021-01-16,22054,483053,7528,289644,14526,193409,0,0,19662,312965,0.0385,2380,85265,0.010489,19686,398230,0.048989,8129050
3,2021-01-17,13229,496282,4503,294147,8726,202135,0,0,12132,324018,0.039859,1097,86362,0.010624,12150,410380,0.050483,8129050
3,2021-01-18,24989,521271,13054,307201,11935,214070,0,0,19292,337650,0.041536,5711,92073,0.011326,19343,429723,0.052863,8129050
3,2021-01-19,41602,562873,21219,328420,20383,234453,0,0,32163,360494,0.044346,9411,101484,0.012484,32255,461978,0.056831,8129050
3,2021-01-20,46600,609473,23202,351622,23398,257851,0,0,36842,387713,0.047695,9714,111198,0.013679,36933,498911,0.061374,8129050
3,2021-01-21,48651,658124,21154,372776,27497,285348,0,0,42969,425172,0.052303,5598,116796,0.014368,43057,541968,0.066671,8129050
3,2021-01-22,50258,708382,20038,392814,30220,315568,0,0,45922,466838,0.057428,4330,121126,0.0149,45996,587964,0.072329,8129050
3,2021-01-23,30687,739069,12904,405718,17783,333351,0,0,27355,490934,0.060393,3321,124447,0.015309,27417,615381,0.075701,8129050
3,2021-01-24,18103,757172,8559,414277,9544,342895,0,0,16901,506670,0.062328,1198,125645,0.015456,16934,632315,0.077785,8129050
3,2021-01-25,41347,798519,18426,432703,22921,365816,0,0,31164,527771,0.064924,10159,135804,0.016706,31260,663575,0.08163,8129050
3,2021-01-26,47804,846323,22837,455540,24967,390783,0,0,37418,554933,0.068265,10370,146174,0.017982,37532,701107,0.086247,8129050
3,2021-01-27,52106,898429,24801,480341,27305,418088,0,0,41229,585444,0.072019,10806,156980,0.019311,41317,742424,0.09133,8129050
3,2021-01-28,52721,951150,24425,504766,28296,446384,0,0,43571,620022,0.076272,9057,166037,0.020425,43635,786059,0.096698,8129050
3,2021-01-29,51690,1002840,24723,529489,26967,473351,0,0,41749,652081,0.080216,9746,175783,0.021624,41805,827864,0.10184,8129050
3,2021-01-30,37839,1040679,17815,547304,20024,493375,0,0,33056,680507,0.083713,4728,180511,0.022206,33154,861018,0.105919,8129050
3,2021-01-31,22955,1063634,12927,560231,10028,503403,0,0,21500,700598,0.086184,1436,181947,0.022382,21527,882545,0.108567,8129050
3,2021-02-01,46701,1110335,21373,581604,25328,528731,0,0,35542,725096,0.089198,11089,193036,0.023746,35587,918132,0.112945,8129050
3,2021-02-02,55100,1165435,22979,604583,32121,560852,0,0,42440,755032,0.092881,12559,205595,0.025291,42495,960627,0.118172,8129050
3,2021-02-03,60613,1226048,26936,631519,33677,594529,0,0,44984,784626,0.096521,15468,221063,0.027194,45062,1005689,0.123715,8129050
3,2021-02-04,65064,1291112,28151,659670,36913,631442,0,0,47539,814984,0.100256,17312,238375,0.029324,47670,1053359,0.12958,8129050
3,2021-02-05,71332,1362444,30041,689711,41291,672733,0,0,49139,842407,0.103629,21931,260306,0.032022,49354,1102713,0.135651,8129050
3,2021-02-06,44098,1406542,21087,710798,23011,695744,0,0,34285,867126,0.10667,9764,270070,0.033223,34483,1137196,0.139893,8129050
3,2021-02-07,19936,1426478,12696,723494,7240,702984,0,0,15300,877939,0.108,4617,274687,0.033791,15430,1152626,0.141791,8129050
3,2021-02-08,52008,1478486,25107,748601,26901,729885,0,0,33977,894221,0.110003,17892,292579,0.035992,34174,1186800,0.145995,8129050
3,2021-02-09,59348,1537834,28786,777387,30562,760447,0,0,34619,904682,0.11129,24519,317098,0.039008,34980,1221780,0.150298,8129050
3,2021-02-10,69014,1606848,32102,809489,36912,797359,0,0,36839,910177,0.111966,31869,348967,0.042928,37364,1259144,0.154894,8129050
3,2021-02-11,71549,1678397,35168,844657,36381,833740,0,0,37860,915310,0.112597,33285,382252,0.047023,38418,1297562,0.15962,8129050
3,2021-02-12,76471,1754868,32933,877590,43538,877278,0,0,42051,924070,0.113675,34067,416319,0.051214,42827,1340389,0.164889,8129050
3,2021-02-13,45568,1800436,20637,898227,24931,902209,0,0,26061,931342,0.11457,19384,435703,0.053598,26656,1367045,0.168168,8129050
3,2021-02-14,27648,1828084,13801,912028,13847,916056,0,0,15307,934851,0.115001,12269,447972,0.055108,15778,1382823,0.170109,8129050
3,2021-02-15,40623,1868707,17506,929534,23117,939173,0,0,22383,940071,0.115643,18122,466094,0.057337,23342,1406165,0.17298,8129050
3,2021-02-16,71007,1939714,33619,963153,37388,976561,0,0,36703,943695,0.116089,34135,500229,0.061536,37759,1443924,0.177625,8129050
3,2021-02-17,72813,2012527,36772,999925,36041,1012602,0,0,34351,940931,0.115749,38192,538421,0.066234,35428,1479352,0.181983,8129050
3,2021-02-18,77931,2090458,40688,1040613,37243,1049845,0,0,35885,936347,0.115185,41828,580249,0.07138,37244,1516596,0.186565,8129050
3,2021-02-19,70054,2160512,40342,1080955,29712,1079557,0,0,35264,937692,0.115351,34604,614853,0.075637,35949,1552545,0.190987,8129050
3,2021-02-20,43590,2204102,27485,1108440,16105,1095662,0,0,22656,940086,0.115645,20802,635655,0.078195,23196,1575741,0.193841,8129050
3,2021-02-21,24587,2228689,19737,1128177,4850,1100512,0,0,11794,939626,0.115589,12681,648336,0.079755,12221,1587962,0.195344,8129050
3,2021-02-22,48033,2276722,31252,1159429,16781,1117293,0,0,22423,937106,0.115279,25452,673788,0.082886,22932,1610894,0.198165,8129050
3,2021-02-23,64269,2340991,34876,1194305,29393,1146686,0,0,27926,930969,0.114524,36086,709874,0.087326,29949,1640843,0.201849,8129050
3,2021-02-24,80453,2421444,39546,1233851,40907,1187593,0,0,35325,924003,0.113667,44845,754719,0.092842,37879,1678722,0.206509,8129050
3,2021-02-25,90179,2511623,43909,1277760,46270,1233863,0,0,44712,926212,0.113939,45136,799855,0.098395,47345,1726067,0.212333,8129050
3,2021-02-26,101173,2612796,46258,1324018,54915,1288778,0,0,53142,934009,0.114898,47586,847441,0.104248,55383,1781450,0.219146,8129050
3,2021-02-27,71727,2684523,32953,1356971,38770,1327548,4,4,37611,939099,0.115524,33862,881303,0.108414,38952,1820402,0.223938,8129050
3,2021-02-28,41893,2726416,24210,1381181,17678,1345226,5,9,21167,940734,0.115725,20516,901819,0.110938,22151,1842553,0.226663,8129050
3,2021-03-01,70986,2797402,37598,1418779,33327,1378553,61,70,39411,950300,0.116902,31291,933110,0.114787,40857,1883410,0.231689,8129050
3,2021-03-02,82407,2879809,40618,1459397,41773,1420326,16,86,47424,965088,0.118721,34796,967906,0.119068,49584,1932994,0.237788,8129050
3,2021-03-03,92398,2972207,44210,1503607,48149,1468475,39,125,51507,978331,0.12035,40622,1008528,0.124065,53865,1986859,0.244415,8129050
3,2021-03-04,96787,3068994,47343,1550950,49418,1517893,26,151,54651,993468,0.122212,41862,1050390,0.129214,56999,2043858,0.251426,8129050
3,2021-03-05,93255,3162249,45536,1596486,47413,1565306,306,457,56204,1015508,0.124923,36738,1087128,0.133734,58778,2102636,0.258657,8129050
3,2021-03-06,66621,3228870,33760,1630246,30687,1595993,2174,2631,37893,1028477,0.126519,28555,1115683,0.137246,41524,2144160,0.263765,8129050
3,2021-03-07,39622,3268492,22830,1653076,14862,1610855,1930,4561,22259,1036544,0.127511,17277,1132960,0.139372,25344,2169504,0.266883,8129050
3,2021-03-08,60877,3329369,28962,1682038,28873,1639728,3042,7603,38428,1057264,0.13006,22269,1155229,0.142111,42989,2212493,0.272171,8129050
3,2021-03-09,78149,3407518,36046,1718084,37595,1677323,4508,12111,41921,1068765,0.131475,36048,1191277,0.146546,47549,2260042,0.27802,8129050
3,2021-03-10,84272,3491790,41896,1759980,36195,1713518,6181,18292,43926,1080131,0.132873,40091,1231368,0.151477,51457,2311499,0.28435,8129050
3,2021-03-11,98499,3590289,48193,1808173,41603,1755121,8703,26995,48125,1087913,0.13383,50067,1281435,0.157637,57849,2369348,0.291467,8129050
3,2021-03-12,103260,3693549,46117,1854290,45205,1800326,11938,38933,47030,1091969,0.134329,55940,1337375,0.164518,59996,2429344,0.298847,8129050
3,2021-03-13,71183,3764732,29965,1884255,33903,1834229,7315,46248,37488,1104527,0.135874,33533,1370908,0.168643,46091,2475435,0.304517,8129050
3,2021-03-14,41659,3806391,21755,1906010,16320,1850549,3584,49832,20976,1109110,0.136438,20583,1391491,0.171175,25166,2500601,0.307613,8129050
3,2021-03-15,76503,3882894,36283,1942293,35627,1886176,4593,54425,40248,1118925,0.137645,35987,1427478,0.175602,45802,2546403,0.313247,8129050
3,2021-03-16,95965,3978859,44250,1986543,47337,1933513,4378,58803,53827,1136150,0.139764,41855,1469333,0.180751,59080,2605483,0.320515,8129050
3,2021-03-17,99358,4078217,48238,2034781,46522,1980035,4598,63401,60190,1162656,0.143025,38900,1508233,0.185536,65406,2670889,0.328561,8129050
3,2021-03-18,104652,4182869,53181,2087962,46873,2026908,4598,67999,59812,1183063,0.145535,44516,1552749,0.191012,64923,2735812,0.336548,8129050
3,2021-03-19,104281,4287150,55964,2143926,43816,2070724,4501,72500,57892,1199891,0.147605,46074,1598823,0.19668,62902,2798714,0.344285,8129050
3,2021-03-20,72653,4359803,37434,2181360,31480,2102204,3739,76239,44574,1220819,0.15018,27843,1626666,0.200105,48771,2847485,0.350285,8129050
3,2021-03-21,36688,4396491,24895,2206255,10260,2112464,1533,77772,22006,1230282,0.151344,14549,1641215,0.201895,24012,2871497,0.353239,8129050
3,2021-03-22,71227,4467718,41844,2248099,26829,2139293,2554,80326,45156,1253200,0.154163,25791,1667006,0.205068,48709,2920206,0.359231,8129050
3,2021-03-23,90812,4558530,50245,2298344,37979,2177272,2588,82914,55177,1276332,0.157009,35328,1702334,0.209414,58460,2978666,0.366422,8129050
3,2021-03-24,99912,4658442,57491,2355835,39448,2216720,2973,85887,56349,1293099,0.159071,43151,1745485,0.214722,59918,3038584,0.373793,8129050
3,2021-03-25,108617,4767059,60328,2416163,45226,2261946,3063,88950,60624,1309819,0.161128,47593,1793078,0.220577,64313,3102897,0.381705,8129050
3,2021-03-26,111968,4879027,60071,2476234,48496,2310442,3401,92351,57146,1316775,0.161984,54423,1847501,0.227271,61379,3164276,0.389255,8129050
3,2021-03-27,75415,4954442,38361,2514595,34478,2344920,2576,94927,36226,1317314,0.16205,38922,1886423,0.232059,39461,3203737,0.39411,8129050
3,2021-03-28,44866,4999308,28286,2542881,15756,2360676,824,95751,22472,1319005,0.162258,22255,1908678,0.234797,23946,3227683,0.397055,8129050
3,2021-03-29,81804,5081112,42733,2585614,37202,2397878,1869,97620,44327,1328867,0.163471,37188,1945866,0.239372,47050,3274733,0.402843,8129050
3,2021-03-30,101496,5182608,49882,2635496,47888,2445766,3726,101346,56356,1344695,0.165418,44839,1990705,0.244888,60667,3335400,0.410306,8129050
3,2021-03-31,106164,5288772,57251,2692747,44008,2489774,4905,106251,56325,1356700,0.166895,49543,2040248,0.250982,61548,3396948,0.417878,8129050
3,2021-04-01,125186,5413958,63276,2756023,52021,2541795,9889,116140,67022,1376157,0.169289,57663,2097911,0.258076,77120,3474068,0.427365,8129050
3,2021-04-02,118982,5532940,58018,2814041,50482,2592277,10482,126622,62252,1392883,0.171346,56386,2154297,0.265012,73112,3547180,0.436358,8129050
3,2021-04-03,76638,5609578,39206,2853247,28125,2620402,9307,135929,38039,1402076,0.172477,38414,2192711,0.269738,47607,3594787,0.442215,8129050
3,2021-04-04,32658,5642236,17470,2870717,10932,2631334,4256,140185,14213,1402176,0.17249,18348,2211059,0.271995,18448,3613235,0.444484,8129050
3,2021-04-05,90559,5732795,45953,2916670,35241,2666575,9365,149550,43782,1409570,0.173399,46513,2257572,0.277717,53907,3667142,0.451116,8129050
3,2021-04-06,114451,5847246,55668,2972338,43441,2710016,15342,164892,53532,1418469,0.174494,60605,2318177,0.285172,69504,3736646,0.459666,8129050
3,2021-04-07,117269,5964515,60678,3033016,40173,2750189,16418,181310,56367,1430887,0.176021,60591,2378768,0.292626,73009,3809655,0.468647,8129050
3,2021-04-08,122340,6086855,60905,3093921,41098,2791287,20337,201647,56565,1443032,0.177515,65429,2444197,0.300674,77574,3887229,0.47819,8129050
3,2021-04-09,119498,6206353,59497,3153418,40672,2831959,19329,220976,52268,1448481,0.178186,66936,2511133,0.308909,72385,3959614,0.487094,8129050
3,2021-04-10,85118,6291471,38223,3191641,31466,2863425,15429,236405,34602,1448960,0.178245,50290,2561423,0.315095,50769,4010383,0.49334,8129050
3,2021-04-11,45625,6337096,24409,3216050,13107,2876532,8109,244514,17306,1446954,0.177998,28206,2589629,0.318565,26200,4036583,0.496563,8129050
3,2021-04-12,84751,6421847,42771,3258821,33056,2909588,8924,253438,38159,1448778,0.178222,46309,2635938,0.324262,48133,4084716,0.502484,8129050
3,2021-04-13,106298,6528145,57560,3316381,48524,2958112,214,253652,55745,1455361,0.179032,50267,2686205,0.330445,56850,4141566,0.509477,8129050
3,2021-04-14,108479,6636624,59333,3375714,49033,3007145,113,253765,53718,1456219,0.179138,54418,2740623,0.337139,55276,4196842,0.516277,8129050
3,2021-04-15,120122,6756746,67578,3443292,52457,3059602,87,253852,63796,1464977,0.180215,55949,2796572,0.344022,64707,4261549,0.524237,8129050
3,2021-04-16,116297,6873043,65208,3508500,50989,3110591,100,253952,60420,1470637,0.180911,55530,2852102,0.350853,61190,4322739,0.531764,8129050
3,2021-04-17,80061,6953104,43691,3552191,36355,3146946,15,253967,44451,1480728,0.182153,35360,2887462,0.355203,45451,4368190,0.537356,8129050
3,2021-04-18,39137,6992241,23676,3575867,15451,3162397,10,253977,18276,1479188,0.181963,20715,2908177,0.357751,19175,4387365,0.539714,8129050
3,2021-04-19,79625,7071866,44296,3620163,35268,3197665,61,254038,35632,1471651,0.181036,43750,2951927,0.363133,36213,4423578,0.544169,8129050
3,2021-04-20,101326,7173192,53319,3673482,47983,3245648,24,254062,48675,1469059,0.180717,52336,3004263,0.369571,49744,4473322,0.550288,8129050
3,2021-04-21,106641,7279833,59889,3733371,46670,3292318,82,254144,50079,1464187,0.180118,56131,3060394,0.376476,51259,4524581,0.556594,8129050
3,2021-04-22,112715,7392548,63330,3796701,49356,3341674,29,254173,48208,1449290,0.178285,64101,3124495,0.384362,49204,4573785,0.562647,8129050
3,2021-04-23,107040,7499588,61227,3857928,45780,3387454,33,254206,46677,1437060,0.176781,59968,3184463,0.391739,47738,4621523,0.568519,8129050
3,2021-04-24,74501,7574089,45972,3903900,28455,3415909,74,254280,36178,1436308,0.176688,38018,3222481,0.396415,37266,4658789,0.573104,8129050
3,2021-04-25,37214,7611303,23742,3927642,13454,3429363,18,254298,18940,1437571,0.176844,18098,3240579,0.398642,19361,4678150,0.575485,8129050
3,2021-04-26,74611,7685914,42195,3969837,31994,3461357,422,254720,31728,1428504,0.175728,42577,3283156,0.403879,33510,4711660,0.579608,8129050
3,2021-04-27,91757,7777671,48192,4018029,41802,3503159,1763,256483,36243,1412111,0.173712,55177,3338333,0.410667,38784,4750444,0.584379,8129050
3,2021-04-28,87610,7865281,49754,4067783,35698,3538857,2158,258641,35609,1398753,0.172068,51672,3390005,0.417024,38314,4788758,0.589092,8129050
3,2021-04-29,89943,7955224,51373,4119156,36323,3575180,2247,260888,31951,1375830,0.169249,57614,3447619,0.424111,34691,4823449,0.593359,8129050
3,2021-04-30,91470,8046694,51596,4170752,37381,3612561,2493,263381,33956,1355643,0.166765,57102,3504721,0.431135,36915,4860364,0.597901,8129050
3,2021-05-01,56095,8102789,35122,4205874,19478,3632039,1495,264876,20188,1342240,0.165116,35581,3540302,0.435512,22178,4882542,0.600629,8129050
3,2021-05-02,27163,8129952,18547,4224421,7591,3639630,1025,265901,9947,1336216,0.164375,17097,3557399,0.437616,11073,4893615,0.601991,8129050
3,2021-05-03,60344,8190296,35466,4259887,22491,3662121,2387,268288,17502,1313706,0.161606,42580,3599979,0.442854,20070,4913685,0.60446,8129050
3,2021-05-04,78111,8268407,45151,4305038,30262,3692383,2698,270986,22600,1284085,0.157962,55189,3655168,0.449643,25568,4939253,0.607605,8129050
3,2021-05-05,79657,8348064,47821,4352859,29107,3721490,2729,273715,21949,1251734,0.153983,57330,3712498,0.456695,24979,4964232,0.610678,8129050
3,2021-05-06,83928,8431992,53100,4405959,28279,3749769,2549,276264,20587,1212592,0.149168,62822,3775320,0.464423,23680,4987912,0.613591,8129050
3,2021-05-07,83004,8514996,51722,4457681,28627,3778396,2655,278919,21873,1176683,0.14475,60737,3836057,0.471895,24828,5012740,0.616645,8129050
3,2021-05-08,53031,8568027,32882,4490563,18417,3796813,1732,280651,14001,1153943,0.141953,38743,3874800,0.476661,16003,5028743,0.618614,8129050
3,2021-05-09,21121,8589148,15442,4506005,4885,3801698,794,281445,5489,1144768,0.140824,15528,3890328,0.478571,6353,5035096,0.619395,8129050
3,2021-05-10,48474,8637622,26089,4532094,20463,3822161,1922,283367,11194,1121085,0.137911,37054,3927382,0.483129,13371,5048467,0.62104,8129050
3,2021-05-11,64589,8702211,36242,4568336,26113,3848274,2234,285601,16179,1091832,0.134312,48137,3975519,0.489051,18884,5067351,0.623363,8129050
3,2021-05-12,65328,8767539,37538,4605874,25374,3873648,2416,288017,16639,1062817,0.130743,48388,4023907,0.495003,19373,5086724,0.625746,8129050
3,2021-05-13,75975,8843514,47883,4653757,26160,3899808,1932,289949,27681,1045033,0.128555,48021,4071928,0.500911,30237,5116961,0.629466,8129050
3,2021-05-14,80980,8924494,51106,4704863,27710,3927518,2164,292113,31308,1029763,0.126677,49344,4121272,0.506981,34074,5151035,0.633658,8129050
3,2021-05-15,62603,8987097,43141,4748004,18230,3945748,1232,293345,25854,1020567,0.125546,36518,4157790,0.511473,27322,5178357,0.637019,8129050
3,2021-05-16,33372,9020469,24966,4772970,7714,3953462,692,294037,13469,1015048,0.124867,19774,4177564,0.513906,14255,5192612,0.638772,8129050
3,2021-05-17,57332,9077801,36503,4809473,18963,3972425,1866,295903,21084,1002254,0.123293,35954,4213518,0.518328,23160,5215772,0.641621,8129050
3,2021-05-18,64934,9142735,38335,4847808,24718,3997143,1881,297784,24345,988578,0.121611,40297,4253815,0.523286,26621,5242393,0.644896,8129050
3,2021-05-19,64442,9207177,39170,4886978,23501,4020644,1771,299555,24907,976277,0.120097,39260,4293075,0.528115,26959,5269352,0.648213,8129050
3,2021-05-20,62235,9269412,36423,4923401,23947,4044591,1865,301420,22279,961113,0.118232,39650,4332725,0.532993,24486,5293838,0.651225,8129050
3,2021-05-21,66619,9336031,40494,4963895,24006,4068597,2119,303539,23766,944806,0.116226,42501,4375226,0.538221,26194,5320032,0.654447,8129050
3,2021-05-22,46089,9382120,30548,4994443,14063,4082660,1478,305017,19146,938984,0.11551,26702,4401928,0.541506,20880,5340912,0.657016,8129050
3,2021-05-23,21866,9403986,15131,5009574,6079,4088739,656,305673,9242,936467,0.1152,12528,4414456,0.543047,10011,5350923,0.658247,8129050
3,2021-05-24,39942,9443928,23389,5032963,14777,4103516,1776,307449,14737,928190,0.114182,24989,4439445,0.546121,16712,5367635,0.660303,8129050
3,2021-05-25,43172,9487100,24292,5057255,17184,4120700,1696,309145,15305,917855,0.11291,27569,4467014,0.549512,17234,5384869,0.662423,8129050
3,2021-05-26,42766,9529866,24467,5081722,16548,4137248,1751,310896,16014,909316,0.11186,26444,4493458,0.552765,17905,5402774,0.664626,8129050
3,2021-05-27,39697,9569563,22257,5103979,15678,4152926,1762,312658,15501,902825,0.111062,24005,4517463,0.555718,17514,5420288,0.66678,8129050
3,2021-05-28,43300,9612863,24485,5128464,17001,4169927,1814,314472,17984,897855,0.11045,25091,4542554,0.558805,20121,5440409,0.669255,8129050
3,2021-05-29,23649,9636512,14455,5142919,8353,4178280,841,315313,10999,897331,0.110386,12499,4555053,0.560343,11975,5452384,0.670728,8129050
3,2021-05-30,10683,9647195,6927,5149846,3119,4181399,637,315950,4483,896376,0.110268,6118,4561171,0.561095,5163,5457547,0.671363,8129050
3,2021-05-31,4711,9651906,2729,5152575,1715,4183114,267,316217,1474,894967,0.110095,3179,4564350,0.561486,1770,5459317,0.671581,8129050
3,2021-06-01,38082,9689988,21920,5174495,14703,4197817,1459,317676,13319,885447,0.108924,24491,4588841,0.564499,14971,5474288,0.673423,8129050
3,2021-06-02,31796,9721784,18316,5192811,12056,4209873,1424,319100,11750,878936,0.108123,19825,4608666,0.566938,13314,5487602,0.675061,8129050
3,2021-06-03,40028,9761812,27396,5220207,11183,4221056,1449,320549,11556,863895,0.106273,28285,4636951,0.570417,13244,5500846,0.67669,8129050
3,2021-06-04,46718,9808530,33064,5253271,12100,4233156,1554,322103,13306,846029,0.104075,33147,4670098,0.574495,15281,5516127,0.67857,8129050
3,2021-06-05,34628,9843158,26115,5279386,7321,4240477,1192,323295,8771,830554,0.102171,25637,4695735,0.577649,10162,5526289,0.67982,8129050
3,2021-06-06,14723,9857881,12288,5291674,1849,4242326,586,323881,3700,824058,0.101372,10953,4706688,0.578996,4457,5530746,0.680368,8129050
3,2021-06-07,30683,9888564,22299,5313973,7092,4249418,1292,325173,8874,812698,0.099975,21643,4728331,0.581658,10283,5541029,0.681633,8129050
3,2021-06-08,34455,9923019,24719,5338692,8434,4257852,1302,326475,9947,799887,0.098399,24288,4752619,0.584646,11477,5552506,0.683045,8129050
3,2021-06-09,33139,9956158,24036,5362728,7795,4265647,1308,327783,8892,786196,0.096714,24059,4776678,0.587606,10368,5562874,0.68432,8129050
3,2021-06-10,32662,9988820,23553,5386281,7569,4273216,1540,329323,8986,773416,0.095142,23508,4800186,0.590498,10728,5573602,0.68564,8129050
3,2021-06-11,35896,10024716,25394,5411675,9118,4282334,1384,330707,10669,760629,0.093569,25018,4825204,0.593575,12231,5585833,0.687145,8129050
3,2021-06-12,25503,10050219,19235,5430910,5368,4287702,900,331607,6749,749819,0.092239,18627,4843831,0.595867,7817,5593650,0.688106,8129050
3,2021-06-13,10226,10060445,7665,5438575,2069,4289771,492,332099,2383,744978,0.091644,7791,4851622,0.596825,2950,5596600,0.688469,8129050
3,2021-06-14,26085,10086530,18708,5457283,5927,4295698,1450,333549,8151,736928,0.090654,17794,4869416,0.599014,9744,5606344,0.689668,8129050
3,2021-06-15,29064,10115594,19678,5476961,7860,4303558,1526,335075,9763,729335,0.08972,19052,4888468,0.601358,11459,5617803,0.691077,8129050
3,2021-06-16,26208,10141802,18643,5495604,6132,4309690,1433,336508,8869,722635,0.088895,17151,4905619,0.603468,10451,5628254,0.692363,8129050
3,2021-06-17,25012,10166814,17905,5513509,5804,4315494,1303,337811,8681,716595,0.088152,16163,4921782,0.605456,10123,5638377,0.693608,8129050
3,2021-06-18,28082,10194896,19819,5533328,6689,4322183,1574,339385,9786,710062,0.087349,18061,4939843,0.607678,11528,5649905,0.695026,8129050
3,2021-06-19,16066,10210962,11802,5545130,3401,4325584,863,340248,5744,706585,0.086921,10193,4950036,0.608932,6716,5656621,0.695853,8129050
3,2021-06-20,6906,10217868,5183,5550313,1421,4327005,302,340550,2618,705328,0.086766,4230,4954266,0.609452,2973,5659594,0.696218,8129050
3,2021-06-21,16276,10234144,10270,5560583,4599,4331604,1407,341957,8090,706856,0.086954,8089,4962355,0.610447,9617,5669211,0.697401,8129050
3,2021-06-22,22142,10256286,15509,5576092,5323,4336927,1310,343267,8244,702802,0.086456,13762,4976117,0.61214,9708,5678919,0.698596,8129050
3,2021-06-23,20320,10276606,14222,5590314,4754,4341681,1344,344611,8029,700142,0.086128,12173,4988290,0.613638,9513,5688432,0.699766,8129050
3,2021-06-24,20030,10296636,13938,5604252,4633,4346314,1459,346070,7809,697485,0.085802,12036,5000326,0.615118,9379,5697811,0.70092,8129050
3,2021-06-25,23427,10320063,16622,5620874,5378,4351692,1427,347497,9132,694017,0.085375,14154,5014480,0.616859,10686,5708497,0.702234,8129050
3,2021-06-26,14061,10334124,10445,5631319,2842,4354534,774,348271,5867,692733,0.085217,8083,5022563,0.617854,6799,5715296,0.703071,8129050
3,2021-06-27,6762,10340886,5238,5636557,1217,4355751,307,348578,2888,692136,0.085144,3827,5026390,0.618324,3230,5718526,0.703468,8129050
3,2021-06-28,16140,10357026,12408,5648965,2644,4358395,1088,349666,6786,690914,0.084993,9202,5035592,0.619456,7980,5726506,0.70445,8129050
3,2021-06-29,18210,10375236,12827,5661792,4369,4362764,1014,350680,7478,688958,0.084753,10581,5046173,0.620758,8625,5735131,0.705511,8129050
3,2021-06-30,17264,10392500,12246,5674038,3968,4366732,1050,351730,7455,687978,0.084632,9632,5055805,0.621943,8652,5743783,0.706575,8129050
3,2021-07-01,16522,10409022,11774,5685812,3669,4370401,1079,352809,6975,686729,0.084478,9404,5065209,0.6231,8155,5751938,0.707578,8129050
3,2021-07-02,18670,10427692,13279,5699091,4283,4374684,1108,353917,7981,685349,0.084309,10564,5075773,0.624399,9184,5761122,0.708708,8129050
3,2021-07-03,10194,10437886,7372,5706463,2381,4377065,441,354358,4370,684518,0.084206,5744,5081517,0.625106,4913,5766035,0.709312,8129050
3,2021-07-04,734,10438620,432,5706895,215,4377280,87,354445,285,684466,0.0842,440,5081957,0.62516,388,5766423,0.70936,8129050
3,2021-07-05,9606,10448226,7022,5713917,2158,4379438,426,354871,4354,684133,0.084159,5178,5087135,0.625797,4845,5771268,0.709956,8129050
3,2021-07-06,19262,10467488,13954,5727871,4177,4383615,1131,356002,6973,680256,0.083682,12103,5099238,0.627286,8226,5779494,0.710968,8129050
3,2021-07-07,15860,10483348,11250,5739121,3484,4387099,1126,357128,6375,678519,0.083468,9346,5108584,0.628436,7609,5787103,0.711904,8129050
3,2021-07-08,15432,10498780,11155,5750276,3275,4390374,1002,358130,6220,676774,0.083254,9056,5117640,0.62955,7311,5794414,0.712803,8129050
3,2021-07-09,17753,10516533,12396,5762672,4133,4394507,1224,359354,7361,675218,0.083062,10251,5127891,0.630811,8695,5803109,0.713873,8129050
3,2021-07-10,10978,10527511,8090,5770762,2218,4396725,670,360024,4672,674422,0.082964,6228,5134119,0.631577,5432,5808541,0.714541,8129050
3,2021-07-11,5164,10532675,3825,5774587,1062,4397787,277,360301,2336,674278,0.082947,2777,5136896,0.631918,2633,5811174,0.714865,8129050
3,2021-07-12,14388,10547063,10504,5785091,2882,4400669,1002,361303,5754,672551,0.082734,8552,5145448,0.63297,6825,5817999,0.715705,8129050
3,2021-07-13,15222,10562285,10749,5795840,3556,4404225,917,362220,6690,671811,0.082643,8427,5153875,0.634007,7687,5825686,0.71665,8129050
3,2021-07-14,14492,10576777,10291,5806131,3275,4407500,926,363146,6478,671362,0.082588,7913,5161788,0.63498,7464,5833150,0.717568,8129050
3,2021-07-15,14802,10591579,10704,5816835,3255,4410755,843,363989,6785,671147,0.082562,7918,5169706,0.635955,7703,5840853,0.718516,8129050
3,2021-07-16,17830,10609409,12813,5829648,4122,4414877,895,364884,8516,671430,0.082596,9203,5178909,0.637087,9486,5850339,0.719683,8129050
3,2021-07-17,11331,10620740,8305,5837953,2490,4417367,536,365420,5394,671564,0.082613,5862,5184771,0.637808,5996,5856335,0.720421,8129050
3,2021-07-18,5767,10626507,4359,5842312,1157,4418524,251,365671,2840,671798,0.082642,2883,5187654,0.638162,3117,5859452,0.720804,8129050
3,2021-07-19,14946,10641453,10936,5853248,3127,4421651,883,366554,7324,672557,0.082735,7522,5195176,0.639088,8281,5867733,0.721823,8129050
3,2021-07-20,16663,10658116,11606,5864854,4151,4425802,906,367460,8566,674142,0.08293,7969,5203145,0.640068,9554,5877287,0.722998,8129050
3,2021-07-21,16049,10674165,11367,5876221,3813,4429615,869,368329,8078,675331,0.083076,7838,5210983,0.641032,9027,5886314,0.724108,8129050
3,2021-07-22,16456,10690621,11625,5887846,3864,4433479,967,369296,8533,677099,0.083294,7796,5218779,0.641991,9564,5895878,0.725285,8129050
3,2021-07-23,19349,10709970,13797,5901643,4538,4438017,1014,370310,10384,679771,0.083622,8815,5227594,0.643076,11487,5907365,0.726698,8129050
3,2021-07-24,11668,10721638,8411,5910054,2675,4440692,582,370892,6453,681709,0.083861,5136,5232730,0.643707,7074,5914439,0.727568,8129050
3,2021-07-25,5694,10727332,4268,5914322,1215,4441907,211,371103,4111,684548,0.08421,1533,5234263,0.643896,4372,5918811,0.728106,8129050
3,2021-07-26,15594,10742926,10861,5925183,3758,4445665,975,372078,9427,688967,0.084754,6044,5240307,0.64464,10463,5929274,0.729393,8129050
3,2021-07-27,17601,10760527,12448,5937631,4171,4449836,982,373060,10082,692722,0.085216,7380,5247687,0.645547,11135,5940409,0.730763,8129050
3,2021-07-28,17151,10777678,12279,5949910,3833,4453669,1039,374099,9909,696624,0.085696,7095,5254782,0.64642,10997,5951406,0.732116,8129050
3,2021-07-29,16954,10794632,12208,5962118,3711,4457380,1035,375134,10011,700983,0.086232,6758,5261540,0.647252,11117,5962523,0.733483,8129050
3,2021-07-30,19700,10814332,13911,5976029,4699,4462079,1090,376224,11430,705537,0.086792,8055,5269595,0.648242,12609,5975132,0.735034,8129050
3,2021-07-31,12239,10826571,8864,5984893,2719,4464798,656,376880,7129,708420,0.087147,4965,5274560,0.648853,7848,5982980,0.736,8129050
3,2021-08-01,6514,10833085,4961,5989854,1292,4466090,261,377141,4210,710687,0.087426,2239,5276799,0.649129,4506,5987486,0.736554,8129050
3,2021-08-02,16610,10849695,12046,6001900,3633,4469723,931,378072,10324,715848,0.08806,6159,5282958,0.649886,11320,5998806,0.737947,8129050
3,2021-08-03,18485,10868180,13334,6015234,4035,4473758,1116,379188,11011,720733,0.088661,7295,5290253,0.650784,12180,6010986,0.739445,8129050
3,2021-08-04,17591,10885771,12646,6027880,3930,4477688,1015,380203,10466,725298,0.089223,6965,5297218,0.65164,11530,6022516,0.740863,8129050
3,2021-08-05,17998,10903769,12999,6040879,3839,4481527,1160,381363,10864,730422,0.089853,6969,5304187,0.652498,12093,6034609,0.742351,8129050
3,2021-08-06,21815,10925584,15802,6056681,4853,4486380,1160,382523,12898,735834,0.090519,8713,5312900,0.65357,14125,6048734,0.744089,8129050
3,2021-08-07,12826,10938410,9518,6066199,2676,4489056,632,383155,7497,738827,0.090887,5187,5318087,0.654208,8180,6056914,0.745095,8129050
3,2021-08-08,7592,10946002,5809,6072008,1540,4490596,243,383398,4679,740957,0.091149,2829,5320916,0.654556,4959,6061873,0.745705,8129050
3,2021-08-09,18396,10964398,13767,6085775,3533,4494129,1096,384494,10384,744662,0.091605,7851,5328767,0.655521,11556,6073429,0.747127,8129050
3,2021-08-10,18614,10983012,13622,6099397,3969,4498098,1023,385517,10483,748248,0.092046,7957,5336724,0.6565,11543,6084972,0.748547,8129050
3,2021-08-11,16633,10999645,12042,6111439,3549,4501647,1042,386559,9261,751436,0.092438,7170,5343894,0.657382,10358,6095330,0.749821,8129050
3,2021-08-12,18203,11017848,12847,6124286,4259,4505906,1097,387656,10002,754593,0.092827,7989,5351883,0.658365,11146,6106476,0.751192,8129050
3,2021-08-13,22690,11040538,16079,6140365,5431,4511337,1180,388836,12357,758312,0.093284,9887,5361770,0.659581,13606,6120082,0.752866,8129050
3,2021-08-14,14729,11055267,10349,6150714,3735,4515072,645,389481,7645,760494,0.093553,6162,5367932,0.660339,8344,6128426,0.753892,8129050
3,2021-08-15,8398,11063665,6092,6156806,2016,4517088,290,389771,4219,761639,0.093693,3392,5371324,0.660757,4537,6132963,0.75445,8129050
3,2021-08-16,20718,11084383,14288,6171094,5435,4522523,995,390766,9807,763568,0.093931,8961,5380285,0.661859,10890,6143853,0.75579,8129050
3,2021-08-17,21363,11105746,14511,6185605,5794,4528317,1058,391824,9798,765202,0.094132,9332,5389617,0.663007,10966,6154819,0.757139,8129050
3,2021-08-18,21188,11126934,14113,6199718,6061,4534378,1014,392838,9517,766775,0.094325,9049,5398666,0.66412,10622,6165441,0.758445,8129050
3,2021-08-19,21278,11148212,14043,6213761,6143,4540521,1092,393930,9241,768099,0.094488,9076,5407742,0.665237,10400,6175841,0.759725,8129050
3,2021-08-20,26804,11175016,18054,6231815,7601,4548122,1149,395079,11281,768752,0.094568,11882,5419624,0.666698,12535,6188376,0.761267,8129050
3,2021-08-21,15560,11190576,11223,6243038,3748,4551870,589,395668,6524,768763,0.09457,7174,5426798,0.667581,7185,6195561,0.762151,8129050
3,2021-08-22,8859,11199435,6312,6249350,2320,4554190,227,395895,3960,769217,0.094626,3782,5430580,0.668046,4236,6199797,0.762672,8129050
3,2021-08-23,22723,11222158,15888,6265238,5895,4560085,940,396835,9737,770158,0.094741,9921,5440501,0.669267,10862,6210659,0.764008,8129050
3,2021-08-24,22651,11244809,16313,6281551,5436,4565521,902,397737,9360,770314,0.094761,10241,5450742,0.670526,10397,6221056,0.765287,8129050
3,2021-08-25,21652,11266461,15433,6296984,5304,4570825,915,398652,8996,770658,0.094803,9692,5460434,0.671719,10036,6231092,0.766522,8129050
3,2021-08-26,22219,11288680,15646,6312630,5584,4576409,989,399641,8894,770802,0.094821,9859,5470293,0.672931,10003,6241095,0.767752,8129050
3,2021-08-27,27170,11315850,19592,6332222,6565,4582974,1013,400654,10487,769648,0.094679,12862,5483155,0.674514,11708,6252803,0.769192,8129050
3,2021-08-28,15709,11331559,11513,6343735,3732,4586706,464,401118,6259,768901,0.094587,7589,5490744,0.675447,6842,6259645,0.770034,8129050
3,2021-08-29,9106,11340665,6764,6350499,2186,4588892,156,401274,3621,768402,0.094525,4352,5495096,0.675983,3853,6263498,0.770508,8129050
3,2021-08-30,21791,11362456,15325,6365824,5635,4594527,831,402105,8181,767245,0.094383,10332,5505428,0.677254,9175,6272673,0.771637,8129050
3,2021-08-31,20858,11383314,14414,6380238,5668,4600195,776,402881,7318,765526,0.094172,9962,5515390,0.678479,8243,6280916,0.772651,8129050
3,2021-09-01,20186,11403500,13895,6394133,5472,4605667,819,403700,7734,765245,0.094137,9000,5524390,0.679586,8719,6289635,0.773723,8129050
3,2021-09-02,19612,11423112,13275,6407408,5538,4611205,799,404499,6887,764071,0.093993,8990,5533380,0.680692,7816,6297451,0.774685,8129050
3,2021-09-03,24471,11447583,17290,6424698,6408,4617613,773,405272,8499,761430,0.093668,12110,5545490,0.682182,9469,6306920,0.77585,8129050
3,2021-09-04,12586,11460169,9268,6433966,2956,4620569,362,405634,4548,759926,0.093483,6498,5551988,0.682981,4994,6311914,0.776464,8129050
3,2021-09-05,3244,11463413,2235,6436201,923,4621492,86,405720,1294,759801,0.093467,1533,5553521,0.68317,1408,6313322,0.776637,8129050
4,2020-12-15,476,476,476,476,0,0,0,0,476,476,5.9e-05,0,0,0.0,476,476,5.9e-05,8037679
4,2020-12-16,3119,3595,3119,3595,0,0,0,0,3119,3595,0.000447,0,0,0.0,3119,3595,0.000447,8037679
4,2020-12-17,9133,12728,9133,12728,0,0,0,0,9133,12728,0.001584,0,0,0.0,9133,12728,0.001584,8037679
4,2020-12-18,16445,29173,16431,29159,14,14,0,0,16444,29172,0.003629,0,0,0.0,16444,29172,0.003629,8037679
4,2020-12-19,10487,39660,10476,39635,11,25,0,0,10426,39598,0.004927,0,0,0.0,10426,39598,0.004927,8037679
4,2020-12-20,7515,47175,7499,47134,16,41,0,0,7471,47069,0.005856,0,0,0.0,7471,47069,0.005856,8037679
4,2020-12-21,16583,63758,16548,63682,35,76,0,0,16515,63582,0.00791,2,2,0.0,16515,63584,0.007911,8037679
4,2020-12-22,17378,81136,16601,80283,777,853,0,0,17334,80912,0.010067,4,6,1e-06,17334,80918,0.010067,8037679
4,2020-12-23,17336,98472,14506,94789,2830,3683,0,0,17309,98219,0.01222,2,8,1e-06,17309,98227,0.012221,8037679
4,2020-12-24,8687,107159,6011,100800,2676,6359,0,0,8685,106903,0.0133,1,9,1e-06,8685,106912,0.013301,8037679
4,2020-12-25,918,108077,812,101612,106,6465,0,0,917,107819,0.013414,1,10,1e-06,917,107829,0.013415,8037679
4,2020-12-26,6293,114370,3947,105559,2346,8811,0,0,6291,114108,0.014197,2,12,1e-06,6291,114120,0.014198,8037679
4,2020-12-27,3496,117866,2015,107574,1481,10292,0,0,3496,117604,0.014632,0,12,1e-06,3496,117616,0.014633,8037679
4,2020-12-28,15396,133262,9492,117066,5904,16196,0,0,15366,132964,0.016543,6,18,2e-06,15366,132982,0.016545,8037679
4,2020-12-29,16029,149291,8990,126056,7039,23235,0,0,15995,148958,0.018532,1,19,2e-06,15995,148977,0.018535,8037679
4,2020-12-30,19542,168833,11418,137474,8124,31359,0,0,19532,168488,0.020962,2,21,3e-06,19532,168509,0.020965,8037679
4,2020-12-31,8427,177260,3397,140871,5030,36389,0,0,8413,176892,0.022008,9,30,4e-06,8413,176922,0.022012,8037679
4,2021-01-01,1900,179160,872,141743,1028,37417,0,0,1893,178782,0.022243,3,33,4e-06,1893,178815,0.022247,8037679
4,2021-01-02,5818,184978,3281,145024,2537,39954,0,0,5816,184597,0.022966,1,34,4e-06,5816,184631,0.022971,8037679
4,2021-01-03,2180,187158,1283,146307,897,40851,0,0,2165,186758,0.023235,4,38,5e-06,2165,186796,0.02324,8037679
4,2021-01-04,13189,200347,7105,153412,6084,46935,0,0,13140,199871,0.024867,27,65,8e-06,13140,199936,0.024875,8037679
4,2021-01-05,17187,217534,10175,163587,7012,53947,0,0,14910,212550,0.026444,2249,2314,0.000288,14928,214864,0.026732,8037679
4,2021-01-06,21919,239453,13431,177018,8488,62435,0,0,15693,222081,0.02763,6180,8494,0.001057,15711,230575,0.028687,8037679
4,2021-01-07,28356,267809,17332,194350,11024,73459,0,0,16838,227491,0.028303,11455,19949,0.002482,16865,247440,0.030785,8037679
4,2021-01-08,33360,301169,21429,215779,11931,85390,0,0,18509,231245,0.02877,14784,34733,0.004321,18538,265978,0.033091,8037679
4,2021-01-09,16470,317639,9739,225518,6731,92121,0,0,9564,233927,0.029104,6896,41629,0.005179,9578,275556,0.034283,8037679
4,2021-01-10,8873,326512,5737,231255,3136,95257,0,0,4205,233491,0.02905,4649,46278,0.005758,4213,279769,0.034807,8037679
4,2021-01-11,33983,360495,22316,253571,11667,106924,0,0,19117,237832,0.02959,14828,61106,0.007602,19169,298938,0.037192,8037679
4,2021-01-12,39002,399497,22515,276086,16487,123411,0,0,24498,247950,0.030848,14431,75537,0.009398,24549,323487,0.040246,8037679
4,2021-01-13,39371,438868,19525,295611,19846,143257,0,0,27830,264321,0.032885,11482,87019,0.010826,27853,351340,0.043712,8037679
4,2021-01-14,39920,478788,15405,311016,24515,167772,0,0,32581,289684,0.036041,7252,94271,0.011729,32615,383955,0.047769,8037679
4,2021-01-15,46018,524806,16121,327137,29897,197669,0,0,40281,324334,0.040352,5657,99928,0.012432,40307,424262,0.052784,8037679
4,2021-01-16,29086,553892,9466,336603,19620,217289,0,0,25889,347079,0.043181,3162,103090,0.012826,25907,450169,0.056007,8037679
4,2021-01-17,19133,573025,6625,343228,12508,229797,0,0,17452,362886,0.045148,1658,104748,0.013032,17465,467634,0.05818,8037679
4,2021-01-18,29790,602815,13826,357054,15964,245761,0,0,23680,380588,0.04735,6016,110764,0.013781,23718,491352,0.061131,8037679
4,2021-01-19,46841,649656,23517,380571,23324,269085,0,0,36949,407780,0.050734,9832,120596,0.015004,37024,528376,0.065737,8037679
4,2021-01-20,53281,702937,28436,409007,24845,293930,0,0,42500,439667,0.054701,10678,131274,0.016332,42565,570941,0.071033,8037679
4,2021-01-21,58581,761518,26301,435308,32280,326210,0,0,51632,484474,0.060275,6878,138152,0.017188,51685,622626,0.077463,8037679
4,2021-01-22,56051,817569,22488,457796,33563,359773,0,0,50694,529946,0.065933,5256,143408,0.017842,50728,673354,0.083775,8037679
4,2021-01-23,40070,857639,17460,475256,22610,382383,0,0,35663,561245,0.069827,4399,147807,0.018389,35698,709052,0.088216,8037679
4,2021-01-24,24302,881941,10571,485827,13731,396114,0,0,22385,581749,0.072378,1904,149711,0.018626,22408,731460,0.091004,8037679
4,2021-01-25,48680,930621,22457,508284,26223,422337,0,0,37273,607713,0.075608,11366,161077,0.02004,37330,768790,0.095648,8037679
4,2021-01-26,57658,988279,29371,537655,28287,450624,0,0,45109,640393,0.079674,12497,173574,0.021595,45177,813967,0.101269,8037679
4,2021-01-27,57072,1045351,27094,564749,29978,480602,0,0,45737,674927,0.08397,11261,184835,0.022996,45795,859762,0.106966,8037679
4,2021-01-28,57778,1103129,26071,590820,31707,512309,0,0,47410,712112,0.088597,10276,195111,0.024275,47461,907223,0.112871,8037679
4,2021-01-29,57560,1160689,27495,618315,30065,542374,0,0,46885,748535,0.093128,10501,205612,0.025581,46924,954147,0.118709,8037679
4,2021-01-30,38815,1199504,17423,635738,21392,563766,0,0,33336,776485,0.096606,5422,211034,0.026256,33372,987519,0.122861,8037679
4,2021-01-31,24571,1224075,12813,648551,11758,575524,0,0,22827,797612,0.099234,1720,212754,0.02647,22847,1010366,0.125704,8037679
4,2021-02-01,50577,1274652,24340,672891,26237,601761,0,0,38626,824403,0.102567,11882,224636,0.027948,38673,1049039,0.130515,8037679
4,2021-02-02,56421,1331073,25917,698808,30504,632265,0,0,43225,854572,0.106321,13112,237748,0.029579,43281,1092320,0.1359,8037679
4,2021-02-03,62917,1393990,30820,729628,32097,664362,0,0,48157,888146,0.110498,14643,252391,0.031401,48217,1140537,0.141899,8037679
4,2021-02-04,68482,1462472,31830,761458,36652,701014,0,0,51405,922753,0.114803,16922,269313,0.033506,51529,1192066,0.14831,8037679
4,2021-02-05,74083,1536555,34251,795709,39832,740846,0,0,51338,951736,0.118409,22498,291811,0.036305,51481,1243547,0.154715,8037679
4,2021-02-06,49261,1585816,26398,822107,22863,763709,0,0,37557,977863,0.12166,11634,303445,0.037753,37761,1281308,0.159413,8037679
4,2021-02-07,26772,1612588,17686,839793,9086,772795,0,0,20168,991710,0.123383,6570,310015,0.03857,20417,1301725,0.161953,8037679
4,2021-02-08,59441,1672029,30504,870297,28937,801732,0,0,38496,1009671,0.125617,20800,330815,0.041158,38761,1340486,0.166775,8037679
4,2021-02-09,68073,1740102,34586,904883,33487,835219,0,0,39763,1021670,0.12711,28212,359027,0.044668,40211,1380697,0.171778,8037679
4,2021-02-10,78423,1818525,39234,944117,39189,874408,0,0,41078,1026211,0.127675,37099,396126,0.049284,41640,1422337,0.176959,8037679
4,2021-02-11,82512,1901037,43009,987126,39503,913911,0,0,41855,1028308,0.127936,40443,436569,0.054315,42540,1464877,0.182251,8037679
4,2021-02-12,85408,1986445,38211,1025337,47197,961108,0,0,43792,1031493,0.128332,41408,477977,0.059467,44593,1509470,0.187799,8037679
4,2021-02-13,59408,2045853,30022,1055359,29386,990494,0,0,30109,1033372,0.128566,29147,507124,0.063093,31026,1540496,0.191659,8037679
4,2021-02-14,37256,2083109,19350,1074709,17906,1008400,0,0,18969,1034800,0.128744,18222,525346,0.06536,19650,1560146,0.194104,8037679
4,2021-02-15,46846,2129955,21971,1096680,24875,1033275,0,0,23903,1037051,0.129024,22849,548195,0.068203,25100,1585246,0.197227,8037679
4,2021-02-16,81302,2211257,37311,1133991,43991,1077266,0,0,41111,1039343,0.129309,40054,588249,0.073186,42346,1627592,0.202495,8037679
4,2021-02-17,82669,2293926,39091,1173082,43578,1120844,0,0,39132,1036295,0.12893,43332,631581,0.078578,40284,1667876,0.207507,8037679
4,2021-02-18,84604,2378530,46512,1219594,38092,1158936,0,0,38853,1031095,0.128283,45532,677113,0.084242,40332,1708208,0.212525,8037679
4,2021-02-19,83897,2462427,52780,1272374,31117,1190053,0,0,41686,1031450,0.128327,42019,719132,0.08947,42374,1750582,0.217797,8037679
4,2021-02-20,50330,2512757,33489,1305863,16841,1206894,0,0,27028,1035996,0.128892,23205,742337,0.092357,27751,1778333,0.22125,8037679
4,2021-02-21,30699,2543456,24333,1330196,6366,1213260,0,0,14660,1035035,0.128773,15942,758279,0.094341,14981,1793314,0.223113,8037679
4,2021-02-22,56135,2599591,38507,1368703,17628,1230888,0,0,26931,1033430,0.128573,29018,787297,0.097951,27413,1820727,0.226524,8037679
4,2021-02-23,77850,2677441,43147,1411850,34703,1265591,0,0,34040,1025587,0.127597,43578,830875,0.103373,35735,1856462,0.23097,8037679
4,2021-02-24,92960,2770401,49114,1460964,43846,1309437,0,0,41656,1018410,0.126704,51017,881892,0.10972,43840,1900302,0.236424,8037679
4,2021-02-25,104797,2875198,54859,1515823,49938,1359375,0,0,49678,1015889,0.126391,54872,936764,0.116547,52351,1952653,0.242937,8037679
4,2021-02-26,110790,2985988,55960,1571783,54830,1414205,0,0,56232,1020253,0.126934,54228,990992,0.123293,58592,2011245,0.250227,8037679
4,2021-02-27,80853,3066841,43971,1615754,36868,1451073,14,14,42665,1026490,0.12771,37954,1028946,0.128015,44191,2055436,0.255725,8037679
4,2021-02-28,50019,3116860,30856,1646610,19156,1470229,7,21,27161,1031939,0.128388,22631,1051577,0.130831,28080,2083516,0.259219,8037679
4,2021-03-01,81850,3198710,47875,1694485,33913,1504142,62,83,45040,1041867,0.129623,36429,1088006,0.135363,46357,2129873,0.264986,8037679
4,2021-03-02,90880,3289590,52040,1746525,38828,1542970,12,95,52975,1059007,0.131755,37688,1125694,0.140052,54828,2184701,0.271807,8037679
4,2021-03-03,104779,3394369,55638,1802163,49119,1592089,22,117,58193,1072682,0.133457,46342,1172036,0.145818,60017,2244718,0.279274,8037679
4,2021-03-04,103051,3497420,57368,1859531,45665,1637754,18,135,56006,1083730,0.134831,46777,1218813,0.151637,57825,2302543,0.286469,8037679
4,2021-03-05,99274,3596694,53541,1913072,45402,1683156,331,466,58005,1103026,0.137232,41011,1259824,0.15674,60307,2362850,0.293972,8037679
4,2021-03-06,77971,3674665,43889,1956961,31426,1714582,2656,3122,47615,1124383,0.139889,30207,1290031,0.160498,51564,2414414,0.300387,8037679
4,2021-03-07,45535,3720200,27829,1984790,15455,1730037,2251,5373,26565,1135365,0.141255,18873,1308904,0.162846,29855,2444269,0.304101,8037679
4,2021-03-08,69109,3789309,36043,2020833,29638,1759675,3428,8801,45285,1161658,0.144527,23675,1332579,0.165792,49968,2494237,0.310318,8037679
4,2021-03-09,83136,3872445,41981,2062814,35839,1795514,5316,14117,44750,1174530,0.146128,38176,1370755,0.170541,51048,2545285,0.316669,8037679
4,2021-03-10,93106,3965551,47985,2110799,37531,1833045,7590,21707,46766,1183587,0.147255,46113,1416868,0.176278,55170,2600455,0.323533,8037679
4,2021-03-11,102070,4067621,53485,2164284,40014,1873059,8571,30278,47040,1185351,0.147474,54736,1471604,0.183088,56500,2656955,0.330562,8037679
4,2021-03-12,105977,4173598,52122,2216406,43405,1916464,10450,40728,45304,1181399,0.146983,60358,1531962,0.190598,56406,2713361,0.33758,8037679
4,2021-03-13,82474,4256072,38171,2254577,35734,1952198,8569,49297,38978,1186516,0.147619,43340,1575302,0.19599,48457,2761818,0.343609,8037679
4,2021-03-14,50272,4306344,28636,2283213,17975,1970173,3661,52958,23480,1187507,0.147743,26683,1601985,0.199309,27674,2789492,0.347052,8037679
4,2021-03-15,84622,4390966,45507,2328720,34785,2004958,4330,57288,42895,1194047,0.148556,41414,1643399,0.204462,47954,2837446,0.353018,8037679
4,2021-03-16,108954,4499920,56726,2385446,48782,2053740,3446,60734,57212,1203857,0.149777,51455,1694854,0.210864,61265,2898711,0.36064,8037679
4,2021-03-17,108561,4608481,58411,2443857,46610,2100350,3540,64274,63340,1226266,0.152565,44922,1739776,0.216453,67331,2966042,0.369017,8037679
4,2021-03-18,108338,4716819,60084,2503941,44501,2144851,3753,68027,61082,1244481,0.154831,46960,1786736,0.222295,65175,3031217,0.377126,8037679
4,2021-03-19,112744,4829563,64861,2568802,42623,2187474,5260,73287,63767,1265138,0.157401,48666,1835402,0.22835,69323,3100540,0.385751,8037679
4,2021-03-20,85154,4914717,49858,2618660,32236,2219710,3060,76347,51860,1287214,0.160147,33089,1868491,0.232466,55165,3155705,0.392614,8037679
4,2021-03-21,48694,4963411,35298,2653958,11138,2230848,2258,78605,28366,1297973,0.161486,20177,1888668,0.234977,30936,3186641,0.396463,8037679
4,2021-03-22,83491,5046902,54469,2708427,26261,2257109,2761,81366,51455,1321100,0.164363,31753,1920421,0.238927,54880,3241521,0.403291,8037679
4,2021-03-23,106272,5153174,63640,2772067,40441,2297550,2191,83557,62138,1342115,0.166978,43830,1964251,0.24438,64845,3306366,0.411358,8037679
4,2021-03-24,115051,5268225,74199,2846266,38382,2335932,2470,86027,63902,1358211,0.16898,50669,2014920,0.250684,66765,3373131,0.419665,8037679
4,2021-03-25,118780,5387005,73069,2919335,43237,2379169,2474,88501,66457,1375788,0.171167,51808,2066728,0.25713,69385,3442516,0.428297,8037679
4,2021-03-26,121477,5508482,73647,2992982,44744,2423913,3086,91587,65307,1388978,0.172808,55752,2122480,0.264066,68942,3511458,0.436875,8037679
4,2021-03-27,93206,5601688,54925,3047907,36452,2460365,1829,93416,46925,1392172,0.173206,46009,2168489,0.26979,49203,3560661,0.442996,8037679
4,2021-03-28,56481,5658169,37324,3085231,18270,2478635,887,94303,29669,1396479,0.173742,26612,2195101,0.273101,30919,3591580,0.446843,8037679
4,2021-03-29,95122,5753291,56949,3142180,36057,2514692,2116,96419,50767,1405846,0.174907,44057,2239158,0.278583,53424,3645004,0.45349,8037679
4,2021-03-30,118785,5872076,64841,3207021,49719,2564411,4225,100644,69682,1431304,0.178074,48811,2287969,0.284655,74269,3719273,0.46273,8037679
4,2021-03-31,122530,5994606,72311,3279332,43863,2608274,6356,107000,68170,1452014,0.180651,53965,2341934,0.291369,74675,3793948,0.47202,8037679
4,2021-04-01,144269,6138875,82151,3361483,48662,2656936,13456,120456,84482,1490441,0.185432,59214,2401148,0.298736,97641,3891589,0.484168,8037679
4,2021-04-02,138038,6276913,73762,3435245,50579,2707515,13697,134153,79224,1524833,0.189711,58472,2459620,0.306011,92864,3984453,0.495722,8037679
4,2021-04-03,102002,6378915,54509,3489754,33944,2741459,13549,147702,53132,1542772,0.191942,48638,2508258,0.312062,66577,4051030,0.504005,8037679
4,2021-04-04,47220,6426135,24944,3514698,14716,2756175,7560,155262,20530,1544062,0.192103,26558,2534816,0.315367,27848,4078878,0.50747,8037679
4,2021-04-05,110916,6537051,62221,3576919,35696,2791871,12999,168261,57364,1561446,0.194266,53286,2588102,0.321996,70670,4149548,0.516262,8037679
4,2021-04-06,140228,6677279,78900,3655819,41356,2833227,19972,188233,72543,1586872,0.197429,67413,2655515,0.330383,92839,4242387,0.527812,8037679
4,2021-04-07,138996,6816275,78778,3734597,39310,2872537,20908,209141,71765,1612619,0.200632,66939,2722454,0.338711,92686,4335073,0.539344,8037679
4,2021-04-08,141437,6957712,78783,3813380,36970,2909507,25684,234825,70477,1638327,0.203831,70610,2793064,0.347496,96318,4431391,0.551327,8037679
4,2021-04-09,139001,7096713,76150,3889530,39592,2949099,23259,258084,66299,1656154,0.206049,72404,2865468,0.356504,90231,4521622,0.562553,8037679
4,2021-04-10,104704,7201417,51613,3941143,34019,2983118,19072,277156,47261,1666068,0.207282,57202,2922670,0.363621,67116,4588738,0.570903,8037679
4,2021-04-11,63157,7264574,38342,3979485,13529,2996647,11286,288442,27637,1670506,0.207834,35385,2958055,0.368024,39823,4628561,0.575858,8037679
4,2021-04-12,103820,7368394,63040,4042525,30447,3027094,10333,298775,52205,1682911,0.209378,51267,3009322,0.374402,63672,4692233,0.58378,8037679
4,2021-04-13,131470,7499864,82471,4124996,48833,3075927,166,298941,78380,1709580,0.212696,52752,3062074,0.380965,79421,4771654,0.593661,8037679
4,2021-04-14,137029,7636893,87422,4212418,49526,3125453,81,299022,75618,1725489,0.214675,61033,3123107,0.388558,76942,4848596,0.603233,8037679
4,2021-04-15,157244,7794137,104496,4316914,52666,3178119,82,299104,95982,1761529,0.219159,60831,3183938,0.396127,96871,4945467,0.615285,8037679
4,2021-04-16,144490,7938627,91569,4408483,52837,3230956,84,299188,83597,1785408,0.22213,60533,3244471,0.403658,84412,5029879,0.625787,8037679
4,2021-04-17,102103,8040730,64134,4472617,37941,3268897,28,299216,59612,1804047,0.224449,42178,3286649,0.408905,60817,5090696,0.633354,8037679
4,2021-04-18,57504,8098234,38956,4511573,18543,3287440,5,299221,32231,1812138,0.225455,25112,3311761,0.41203,33203,5123899,0.637485,8037679
4,2021-04-19,101750,8199984,66987,4578560,34741,3322181,22,299243,51363,1814022,0.22569,50107,3361868,0.418264,51991,5175890,0.643953,8037679
4,2021-04-20,132077,8332061,78630,4657190,53422,3375603,25,299268,68234,1819908,0.226422,63472,3425340,0.42616,69358,5245248,0.652582,8037679
4,2021-04-21,135381,8467442,88355,4745545,46959,3422562,67,299335,67872,1821924,0.226673,67053,3492393,0.434503,69069,5314317,0.661176,8037679
4,2021-04-22,142476,8609918,94551,4840096,47900,3470462,25,299360,63403,1807869,0.224924,78629,3571022,0.444285,64574,5378891,0.669209,8037679
4,2021-04-23,135860,8745778,88418,4928514,47416,3517878,26,299386,58691,1791031,0.222829,76771,3647793,0.453837,59933,5438824,0.676666,8037679
4,2021-04-24,99455,8845233,67129,4995643,32272,3550150,54,299440,45627,1784303,0.221992,53502,3701295,0.460493,46774,5485598,0.682485,8037679
4,2021-04-25,50660,8895893,35723,5031366,14910,3565060,27,299467,26377,1787056,0.222335,24122,3725417,0.463494,26875,5512473,0.685829,8037679
4,2021-04-26,92706,8988599,60823,5092189,31473,3596533,410,299877,36290,1769033,0.220093,56074,3781491,0.470471,38051,5550524,0.690563,8037679
4,2021-04-27,114541,9103140,70039,5162228,42171,3638704,2331,302208,41078,1740140,0.216498,73119,3854610,0.479568,44226,5594750,0.696065,8037679
4,2021-04-28,105251,9208391,68739,5230967,33959,3672663,2553,304761,38327,1715160,0.21339,66548,3921158,0.487847,41568,5636318,0.701237,8037679
4,2021-04-29,106719,9315110,68152,5299119,36020,3708683,2547,307308,34280,1680538,0.209082,72057,3993215,0.496812,37435,5673753,0.705894,8037679
4,2021-04-30,106412,9421522,67360,5366479,36324,3745007,2728,310036,36428,1650822,0.205385,69545,4062760,0.505464,39829,5713582,0.71085,8037679
4,2021-05-01,70283,9491805,46605,5413084,21885,3766892,1793,311829,20463,1624227,0.202077,49487,4112247,0.511621,22892,5736474,0.713698,8037679
4,2021-05-02,37894,9529699,26892,5439976,9697,3776589,1305,313134,10560,1609035,0.200187,27197,4139444,0.515005,12005,5748479,0.715191,8037679
4,2021-05-03,79742,9609441,55607,5495583,21629,3798218,2506,315640,19218,1570882,0.19544,60233,4199677,0.522499,22080,5770559,0.717938,8037679
4,2021-05-04,101956,9711397,69773,5565356,29388,3827606,2795,318435,22659,1517774,0.188832,78957,4278634,0.532322,25849,5796408,0.721154,8037679
4,2021-05-05,102790,9814187,72453,5637809,27573,3855179,2764,321199,21802,1462025,0.181896,80618,4359252,0.542352,24869,5821277,0.724249,8037679
4,2021-05-06,112630,9926817,84383,5722192,25284,3880463,2963,324162,19573,1393155,0.173328,92532,4451784,0.553864,23662,5844939,0.727192,8037679
4,2021-05-07,105522,10032339,75845,5798037,26984,3907447,2693,326855,20638,1332430,0.165773,84473,4536257,0.564374,23748,5868687,0.730147,8037679
4,2021-05-08,70248,10102587,48447,5846484,19861,3927308,1940,328795,13795,1292314,0.160782,56199,4592456,0.571366,16083,5884770,0.732148,8037679
4,2021-05-09,34554,10137141,28259,5874743,5343,3932651,952,329747,7363,1273647,0.15846,27074,4619530,0.574734,8407,5893177,0.733194,8037679
4,2021-05-10,65512,10202653,43846,5918589,19321,3951972,2345,332092,11047,1233113,0.153417,54222,4673752,0.58148,13688,5906865,0.734897,8037679
4,2021-05-11,83750,10286403,52425,5971014,29119,3981091,2206,334298,15814,1184011,0.147308,67666,4741418,0.589899,18564,5925429,0.737206,8037679
4,2021-05-12,80242,10366645,53349,6024363,24409,4005500,2484,336782,16620,1140269,0.141865,63296,4804714,0.597774,19554,5944983,0.739639,8037679
4,2021-05-13,105290,10471935,77448,6101811,26296,4031796,1546,338328,40674,1119293,0.139256,64256,4868970,0.605768,43280,5988263,0.745024,8037679
4,2021-05-14,105575,10577510,74477,6176288,28958,4060754,2140,340468,40558,1097861,0.136589,64664,4933634,0.613813,43232,6031495,0.750403,8037679
4,2021-05-15,86210,10663720,66618,6242906,18251,4079005,1341,341809,37960,1089489,0.135548,47981,4981615,0.619783,39609,6071104,0.75533,8037679
4,2021-05-16,51914,10715634,41806,6284712,9388,4088393,720,342529,21264,1081134,0.134508,30482,5012097,0.623575,22127,6093231,0.758083,8037679
4,2021-05-17,71532,10787166,52266,6336978,17417,4105810,1849,344378,28197,1068313,0.132913,43108,5055205,0.628938,30287,6123518,0.761852,8037679
4,2021-05-18,82262,10869428,53492,6390470,27009,4132819,1761,346139,29344,1047262,0.130294,52533,5107738,0.635474,31482,6155000,0.765768,8037679
4,2021-05-19,77400,10946828,52328,6442798,23113,4155932,1959,348098,31059,1034551,0.128713,46010,5153748,0.641199,33299,6188299,0.769911,8037679
4,2021-05-20,69522,11016350,44702,6487500,22809,4178741,2011,350109,25727,1019155,0.126797,43484,5197232,0.646609,28088,6216387,0.773406,8037679
4,2021-05-21,74243,11090593,48933,6536433,23417,4202158,1893,352002,26126,999656,0.124371,47782,5245014,0.652553,28283,6244670,0.776925,8037679
4,2021-05-22,50249,11140842,35245,6571678,13727,4215885,1277,353279,21780,994668,0.123751,28285,5273299,0.656072,23297,6267967,0.779823,8037679
4,2021-05-23,24028,11164870,17135,6588813,6166,4222051,727,354006,9737,991083,0.123305,14160,5287459,0.657834,10575,6278542,0.781139,8037679
4,2021-05-24,43354,11208224,27554,6616367,12782,4234833,3018,357024,15145,981477,0.12211,27970,5315429,0.661314,18364,6296906,0.783423,8037679
4,2021-05-25,45276,11253500,28163,6644530,14269,4249102,2844,359868,16013,971564,0.120876,28993,5344422,0.664921,19080,6315986,0.785797,8037679
4,2021-05-26,44985,11298485,26964,6671494,15403,4264505,2618,362486,15964,961538,0.119629,28780,5373202,0.668502,18754,6334740,0.788131,8037679
4,2021-05-27,39203,11337688,23511,6695005,12543,4277048,3149,365635,14731,955332,0.118857,24251,5397453,0.671519,18045,6352785,0.790376,8037679
4,2021-05-28,43724,11381412,27814,6722819,14290,4291338,1620,367255,18989,951716,0.118407,24443,5421896,0.67456,20827,6373612,0.792967,8037679
4,2021-05-29,23846,11405258,15474,6738293,7438,4298776,934,368189,10876,950854,0.1183,12809,5434705,0.676154,11947,6385559,0.794453,8037679
4,2021-05-30,12120,11417378,8512,6746805,3078,4301854,530,368719,5011,949436,0.118123,7028,5441733,0.677028,5610,6391169,0.795151,8037679
4,2021-05-31,3654,11421032,2327,6749132,1163,4303017,164,368883,1165,948363,0.11799,2423,5444156,0.677329,1350,6392519,0.795319,8037679
4,2021-06-01,39744,11460776,24701,6773833,12583,4315600,2460,371343,13076,937701,0.116663,26413,5470569,0.680616,15751,6408270,0.797279,8037679
4,2021-06-02,32924,11493700,20553,6794386,9548,4325148,2823,374166,10982,929908,0.115694,21743,5492312,0.683321,13950,6422220,0.799014,8037679
4,2021-06-03,48581,11542281,37281,6831667,8824,4333972,2476,376642,10475,905258,0.112627,37914,5530226,0.688038,13264,6435484,0.800664,8037679
4,2021-06-04,55387,11597668,44596,6876263,9454,4343426,1337,377979,12899,878078,0.109245,42232,5572458,0.693292,15052,6450536,0.802537,8037679
4,2021-06-05,45151,11642819,38672,6914935,5480,4348906,999,378978,8793,851979,0.105998,36193,5608651,0.697795,10094,6460630,0.803793,8037679
4,2021-06-06,21301,11664120,19001,6933936,1732,4350638,568,379546,3913,839584,0.104456,17275,5625926,0.699944,4880,6465510,0.8044,8037679
4,2021-06-07,38975,11703095,31532,6965468,5500,4356138,1943,381489,8516,820024,0.102022,30311,5656237,0.703715,10751,6476261,0.805738,8037679
4,2021-06-08,40751,11743846,31967,6997435,6233,4362371,2551,384040,9446,801254,0.099687,31105,5687342,0.707585,12335,6488596,0.807272,8037679
4,2021-06-09,39100,11782946,30993,7028428,5733,4368104,2374,386414,7927,780921,0.097158,30989,5718331,0.711441,10656,6499252,0.808598,8037679
4,2021-06-10,37317,11820263,29389,7057817,5300,4373404,2628,389042,8423,763513,0.094992,28721,5747052,0.715014,11313,6510565,0.810006,8037679
4,2021-06-11,38582,11858845,30268,7088085,6294,4379698,2020,391062,9962,747408,0.092988,28439,5775491,0.718552,12334,6522899,0.81154,8037679
4,2021-06-12,26813,11885658,22311,7110396,3783,4383481,719,391781,6104,733859,0.091302,20592,5796083,0.721114,7043,6529942,0.812416,8037679
4,2021-06-13,10894,11896552,8610,7119006,1803,4385284,481,392262,2282,728189,0.090597,8542,5804625,0.722177,2872,6532814,0.812774,8037679
4,2021-06-14,28795,11925347,21542,7140548,4442,4389726,2811,395073,7849,718272,0.089363,20795,5825420,0.724764,10878,6543692,0.814127,8037679
4,2021-06-15,30229,11955576,21397,7161945,5420,4395146,3412,398485,8363,708619,0.088162,21681,5847101,0.727461,12028,6555720,0.815624,8037679
4,2021-06-16,26842,11982418,20247,7182192,3968,4399114,2627,401112,8111,701030,0.087218,18537,5865638,0.729768,10948,6566668,0.816986,8037679
4,2021-06-17,25276,12007694,18670,7200862,3705,4402819,2901,404013,7665,694377,0.08639,17410,5883048,0.731934,10757,6577425,0.818324,8037679
4,2021-06-18,26803,12034497,21123,7221985,4443,4407262,1237,405250,8228,685727,0.085314,18363,5901411,0.734218,9713,6587138,0.819532,8037679
4,2021-06-19,15795,12050292,12772,7234757,2314,4409576,709,405959,5061,681079,0.084736,10585,5911996,0.735535,5937,6593075,0.820271,8037679
4,2021-06-20,7382,12057674,6075,7240832,1001,4410577,306,406265,2619,679389,0.084526,4700,5916696,0.73612,3010,6596085,0.820645,8037679
4,2021-06-21,14624,12072298,10568,7251400,2908,4413485,1148,407413,7337,680839,0.084706,7194,5923890,0.737015,8644,6604729,0.821721,8037679
4,2021-06-22,20544,12092842,16003,7267403,3459,4416944,1082,408495,7095,675857,0.084086,13311,5937201,0.738671,8329,6613058,0.822757,8037679
4,2021-06-23,18474,12111316,14492,7281895,2980,4419924,1002,409497,6707,672072,0.083615,11621,5948822,0.740117,7836,6620894,0.823732,8037679
4,2021-06-24,17668,12128984,13665,7295560,3012,4422936,991,410488,6565,668826,0.083211,10939,5959761,0.741478,7693,6628587,0.824689,8037679
4,2021-06-25,21707,12150691,17056,7312616,3598,4426534,1053,411541,7834,664156,0.08263,13726,5973487,0.743186,9056,6637643,0.825816,8037679
4,2021-06-26,13144,12163835,10702,7323318,1824,4428358,618,412159,4839,661545,0.082305,8180,5981667,0.744203,5569,6643212,0.826509,8037679
4,2021-06-27,6899,12170734,5592,7328910,965,4429323,342,412501,2903,660889,0.082224,3956,5985623,0.744695,3300,6646512,0.826919,8037679
4,2021-06-28,15209,12185943,12765,7341675,1583,4430906,861,413362,6099,658970,0.081985,9007,5994630,0.745816,7088,6653600,0.827801,8037679
4,2021-06-29,16594,12202537,12880,7354555,2899,4433805,815,414177,6421,656283,0.081651,10044,6004674,0.747066,7357,6660957,0.828716,8037679
4,2021-06-30,14727,12217264,11484,7366039,2504,4436309,739,414916,6125,654804,0.081467,8463,6013137,0.748119,6984,6667941,0.829585,8037679
4,2021-07-01,14675,12231939,11561,7377600,2362,4438671,752,415668,6038,653230,0.081271,8501,6021638,0.749176,6927,6674868,0.830447,8037679
4,2021-07-02,17017,12248956,13486,7391086,2753,4441424,778,416446,6977,651182,0.081016,9931,6031569,0.750412,7883,6682751,0.831428,8037679
4,2021-07-03,9284,12258240,7373,7398459,1497,4442921,414,416860,4010,650474,0.080928,5190,6036759,0.751057,4482,6687233,0.831986,8037679
4,2021-07-04,449,12258689,280,7398739,108,4443029,61,416921,199,650502,0.080932,243,6037002,0.751088,271,6687504,0.832019,8037679
4,2021-07-05,9274,12267963,7541,7406280,1317,4444346,416,417337,4216,650208,0.080895,4975,6041977,0.751707,4681,6692185,0.832602,8037679
4,2021-07-06,16652,12284615,13128,7419408,2715,4447061,809,418146,6144,646900,0.080483,10370,6052347,0.752997,7062,6699247,0.83348,8037679
4,2021-07-07,13823,12298438,10785,7430193,2254,4449315,784,418930,5202,644505,0.080185,8503,6060850,0.754055,6108,6705355,0.83424,8037679
4,2021-07-08,13315,12311753,10392,7440585,2084,4451399,839,419769,5231,642712,0.079962,7954,6068804,0.755044,6161,6711516,0.835007,8037679
4,2021-07-09,15550,12327303,11918,7452503,2693,4454092,939,420708,6324,641023,0.079752,9070,6077874,0.756173,7381,6718897,0.835925,8037679
4,2021-07-10,8925,12336228,7065,7459568,1456,4455548,404,421112,3767,640182,0.079648,5071,6082945,0.756804,4230,6723127,0.836451,8037679
4,2021-07-11,4994,12341222,3996,7463564,798,4456346,200,421312,2238,639938,0.079617,2712,6085657,0.757141,2468,6725595,0.836758,8037679
4,2021-07-12,13117,12354339,10387,7473951,2001,4458347,729,422041,5095,637924,0.079367,7939,6093596,0.758129,5925,6731520,0.837496,8037679
4,2021-07-13,12894,12367233,9871,7483822,2384,4460731,639,422680,5492,636854,0.079234,7297,6100893,0.759037,6227,6737747,0.83827,8037679
4,2021-07-14,11808,12379041,9283,7493105,1966,4462697,559,423239,5118,636004,0.079128,6595,6107488,0.759857,5745,6743492,0.838985,8037679
4,2021-07-15,12497,12391538,9922,7503027,1982,4464679,593,423832,5690,635684,0.079088,6678,6114166,0.760688,6358,6749850,0.839776,8037679
4,2021-07-16,15074,12406612,11756,7514783,2648,4467327,670,424502,6953,635400,0.079053,8015,6122181,0.761685,7731,6757581,0.840738,8037679
4,2021-07-17,9401,12416013,7435,7522218,1640,4468967,326,424828,4446,635361,0.079048,4856,6127037,0.762289,4817,6762398,0.841337,8037679
4,2021-07-18,5389,12421402,4340,7526558,849,4469816,200,425028,2546,635343,0.079046,2785,6129822,0.762636,2767,6765165,0.841681,8037679
4,2021-07-19,12876,12434278,10202,7536760,2015,4471831,659,425687,6119,635537,0.07907,6661,6136483,0.763465,6855,6772020,0.842534,8037679
4,2021-07-20,13920,12448198,10723,7547483,2528,4474359,669,426356,6884,636284,0.079163,6887,6143370,0.764321,7634,6779654,0.843484,8037679
4,2021-07-21,12905,12461103,10006,7557489,2245,4476604,654,427010,6428,637082,0.079262,6338,6149708,0.76511,7136,6786790,0.844372,8037679
4,2021-07-22,13605,12474708,10617,7568106,2322,4478926,666,427676,7075,638499,0.079438,6387,6156095,0.765905,7804,6794594,0.845343,8037679
4,2021-07-23,15833,12490541,12203,7580309,2924,4481850,706,428382,8288,640208,0.079651,7371,6163466,0.766822,9080,6803674,0.846472,8037679
4,2021-07-24,9653,12500194,7554,7587863,1766,4483616,333,428715,4964,641005,0.07975,4550,6168016,0.767388,5347,6809021,0.847138,8037679
4,2021-07-25,4811,12505005,3781,7591644,871,4484487,159,428874,3390,643207,0.080024,1362,6169378,0.767557,3564,6812585,0.847581,8037679
4,2021-07-26,13080,12518085,10239,7601883,2153,4486640,688,429562,7604,646236,0.080401,5316,6174694,0.768219,8345,6820930,0.848619,8037679
4,2021-07-27,14488,12532573,11110,7612993,2613,4489253,765,430327,7823,648364,0.080666,6500,6181194,0.769027,8628,6829558,0.849693,8037679
4,2021-07-28,13306,12545879,10143,7623136,2459,4491712,704,431031,7383,650765,0.080964,5742,6186936,0.769742,8143,6837701,0.850706,8037679
4,2021-07-29,13605,12559484,10568,7633704,2316,4494028,721,431752,7638,653470,0.081301,5732,6192668,0.770455,8437,6846138,0.851756,8037679
4,2021-07-30,15887,12575371,12143,7645847,2934,4496962,810,432562,8620,656114,0.08163,6889,6199557,0.771312,9533,6855671,0.852942,8037679
4,2021-07-31,9767,12585138,7617,7653464,1723,4498685,427,432989,5508,658034,0.081869,4056,6203613,0.771816,5976,6861647,0.853685,8037679
4,2021-08-01,5454,12590592,4497,7657961,787,4499472,170,433159,3219,659339,0.082031,2118,6205731,0.77208,3423,6865070,0.854111,8037679
4,2021-08-02,14117,12604709,11264,7669225,2105,4501577,748,433907,8236,662715,0.082451,5673,6211404,0.772786,9049,6874119,0.855237,8037679
4,2021-08-03,14723,12619432,11302,7680527,2652,4504229,769,434676,8462,665981,0.082857,6039,6217443,0.773537,9305,6883424,0.856394,8037679
4,2021-08-04,13399,12632831,10435,7690962,2267,4506496,697,435373,7564,668663,0.083191,5620,6223063,0.774236,8302,6891726,0.857427,8037679
4,2021-08-05,14368,12647199,11338,7702300,2262,4508758,768,436141,8070,671504,0.083545,6047,6229110,0.774989,8888,6900614,0.858533,8037679
4,2021-08-06,17288,12664487,13260,7715560,3151,4511909,877,437018,9620,674731,0.083946,7336,6236446,0.775901,10563,6911177,0.859847,8037679
4,2021-08-07,10209,12674696,8122,7723682,1644,4513553,443,437461,5566,676317,0.084143,4464,6240910,0.776457,6050,6917227,0.8606,8037679
4,2021-08-08,6254,12680950,4976,7728658,1074,4514627,204,437665,3600,677634,0.084307,2516,6243426,0.77677,3833,6921060,0.861077,8037679
4,2021-08-09,14717,12695667,11923,7740581,2045,4516672,749,438414,7879,679734,0.084568,6603,6250029,0.777591,8703,6929763,0.86216,8037679
4,2021-08-10,14887,12710554,11454,7752035,2663,4519335,770,439184,7853,681640,0.084806,6783,6256812,0.778435,8689,6938452,0.863241,8037679
4,2021-08-11,12686,12723240,9725,7761760,2185,4521520,776,439960,6620,683262,0.085007,5804,6262616,0.779157,7426,6945878,0.864165,8037679
4,2021-08-12,14207,12737447,10814,7772574,2629,4524149,764,440724,7304,684832,0.085203,6543,6269159,0.779971,8113,6953991,0.865174,8037679
4,2021-08-13,17886,12755333,13240,7785814,3738,4527887,908,441632,8811,686228,0.085376,8396,6277555,0.781016,9792,6963783,0.866392,8037679
4,2021-08-14,12275,12767608,8753,7794567,3000,4530887,522,442154,5567,687374,0.085519,5004,6282559,0.781638,6150,6969933,0.867157,8037679
4,2021-08-15,7495,12775103,5480,7800047,1791,4532678,224,442378,3312,688036,0.085601,2919,6285478,0.782002,3581,6973514,0.867603,8037679
4,2021-08-16,18187,12793290,12597,7812644,4710,4537388,880,443258,7507,688993,0.08572,7508,6292986,0.782936,8465,6981979,0.868656,8037679
4,2021-08-17,18492,12811782,12567,7825211,5063,4542451,862,444120,7321,689739,0.085813,7517,6300503,0.783871,8263,6990242,0.869684,8037679
4,2021-08-18,18088,12829870,12172,7837383,5122,4547573,794,444914,6869,690471,0.085904,7011,6307514,0.784743,7743,6997985,0.870647,8037679
4,2021-08-19,18479,12848349,12311,7849694,5376,4552949,792,445706,6822,691287,0.086006,6879,6314393,0.785599,7695,7005680,0.871605,8037679
4,2021-08-20,23315,12871664,15739,7865433,6726,4559675,850,446556,8303,691356,0.086014,9199,6323592,0.786744,9268,7014948,0.872758,8037679
4,2021-08-21,14686,12886350,10257,7875690,4026,4563701,403,446959,4949,690972,0.085967,5801,6329393,0.787465,5417,7020365,0.873432,8037679
4,2021-08-22,8685,12895035,6147,7881837,2377,4566078,161,447120,3418,691411,0.086021,3189,6332582,0.787862,3628,7023993,0.873883,8037679
4,2021-08-23,20408,12915443,14359,7896196,5341,4571419,708,447828,7425,691748,0.086063,7988,6340570,0.788856,8325,7032318,0.874919,8037679
4,2021-08-24,19794,12935237,13989,7910185,5134,4576553,671,448499,6970,691691,0.086056,7854,6348424,0.789833,7797,7040115,0.875889,8037679
4,2021-08-25,18214,12953451,12846,7923031,4739,4581292,629,449128,6550,692052,0.086101,6985,6355409,0.790702,7346,7047461,0.876803,8037679
4,2021-08-26,18736,12972187,13203,7936234,4904,4586196,629,449757,6411,691835,0.086074,7386,6362795,0.791621,7169,7054630,0.877695,8037679
4,2021-08-27,23059,12995246,16462,7952696,5925,4592121,672,450429,7662,690677,0.08593,9700,6372495,0.792828,8542,7063172,0.878758,8037679
4,2021-08-28,14240,13009486,10176,7962872,3703,4595824,361,450790,4763,689997,0.085845,5917,6378412,0.793564,5237,7068409,0.879409,8037679
4,2021-08-29,8415,13017901,6006,7968878,2303,4598127,106,450896,2920,689628,0.085799,3469,6381881,0.793996,3100,7071509,0.879795,8037679
4,2021-08-30,18901,13036802,13207,7982085,5064,4603191,630,451526,6069,688718,0.085686,7768,6389649,0.794962,6858,7078367,0.880648,8037679
4,2021-08-31,18909,13055711,12919,7995004,5444,4608635,546,452072,5615,687498,0.085534,7516,6397165,0.795897,6296,7084663,0.881431,8037679
4,2021-09-01,17120,13072831,11778,8006782,4840,4613475,502,452574,5544,687392,0.085521,6277,6403442,0.796678,6171,7090834,0.882199,8037679
4,2021-09-02,17111,13089942,11723,8018505,4888,4618363,500,453074,5232,686842,0.085453,6395,6409837,0.797474,5845,7096679,0.882926,8037679
4,2021-09-03,20922,13110864,14542,8033047,5770,4624133,610,453684,6349,685076,0.085233,8941,6418778,0.798586,7175,7103854,0.883819,8037679
4,2021-09-04,11406,13122270,8265,8041312,2881,4627014,260,453944,3590,683876,0.085084,5145,6423923,0.799226,3945,7107799,0.88431,8037679
4,2021-09-05,3313,13125583,2188,8043500,1037,4628051,88,454032,1096,683831,0.085078,1254,6425177,0.799382,1209,7109008,0.88446,8037679
