vemquartile,administered_date,total_doses,cumulative_total_doses,pfizer_doses,cumulative_pfizer_doses,moderna_doses,cumulative_moderna_doses,jj_doses,cumulative_jj_doses,partially_vaccinated,total_partially_vaccinated,pct_age12pop_partially_vaccinated,fully_vaccinated,cumulative_fully_vaccinated,pct_age12pop_fully_vaccinated,at_least_one_dose,cumulative_at_least_one_dose,pct_age12pop_at_least_one_dose,age12_population
1,2020-12-15,150,150,150,150,0,0,0,0,150,150,1.7e-05,0,0,0.0,150,150,1.7e-05,8700223
1,2020-12-16,1176,1326,1176,1326,0,0,0,0,1176,1326,0.000152,0,0,0.0,1176,1326,0.000152,8700223
1,2020-12-17,4145,5471,4145,5471,0,0,0,0,4146,5472,0.000629,0,0,0.0,4146,5472,0.000629,8700223
1,2020-12-18,6326,11797,6306,11777,20,20,0,0,6328,11799,0.001356,1,1,0.0,6328,11800,0.001356,8700223
1,2020-12-19,2871,14668,2870,14647,1,21,0,0,2870,14668,0.001686,1,2,0.0,2870,14670,0.001686,8700223
1,2020-12-20,2125,16793,2118,16765,7,28,0,0,2126,16794,0.00193,0,2,0.0,2126,16796,0.001931,8700223
1,2020-12-21,7629,24422,7615,24380,14,42,0,0,7678,24472,0.002813,1,3,0.0,7679,24475,0.002813,8700223
1,2020-12-22,7281,31703,6941,31321,340,382,0,0,7283,31753,0.00365,2,5,1e-06,7283,31758,0.00365,8700223
1,2020-12-23,7841,39544,6587,37908,1254,1636,0,0,7835,39587,0.00455,2,7,1e-06,7836,39594,0.004551,8700223
1,2020-12-24,3294,42838,2360,40268,934,2570,0,0,3296,42883,0.004929,0,7,1e-06,3296,42890,0.00493,8700223
1,2020-12-25,236,43074,151,40419,85,2655,0,0,236,43119,0.004956,0,7,1e-06,236,43126,0.004957,8700223
1,2020-12-26,1351,44425,963,41382,388,3043,0,0,1350,44468,0.005111,1,8,1e-06,1350,44476,0.005112,8700223
1,2020-12-27,866,45291,534,41916,332,3375,0,0,866,45333,0.005211,1,9,1e-06,866,45342,0.005212,8700223
1,2020-12-28,7076,52367,4753,46669,2323,5698,0,0,7074,52407,0.006024,0,9,1e-06,7074,52416,0.006025,8700223
1,2020-12-29,8882,61249,4978,51647,3904,9602,0,0,8879,61284,0.007044,2,11,1e-06,8879,61295,0.007045,8700223
1,2020-12-30,11575,72824,6446,58093,5129,14731,0,0,11574,72858,0.008374,0,11,1e-06,11574,72869,0.008376,8700223
1,2020-12-31,5957,78781,1961,60054,3996,18727,0,0,5955,78811,0.009059,3,14,2e-06,5956,78825,0.00906,8700223
1,2021-01-01,563,79344,196,60250,367,19094,0,0,562,79372,0.009123,1,15,2e-06,562,79387,0.009125,8700223
1,2021-01-02,2899,82243,1760,62010,1139,20233,0,0,2901,82273,0.009456,0,15,2e-06,2901,82288,0.009458,8700223
1,2021-01-03,1023,83266,548,62558,475,20708,0,0,1021,83292,0.009574,2,17,2e-06,1021,83309,0.009576,8700223
1,2021-01-04,7354,90620,3580,66138,3774,24482,0,0,7358,90649,0.010419,1,18,2e-06,7358,90667,0.010421,8700223
1,2021-01-05,10790,101410,5196,71334,5594,30076,0,0,10036,99969,0.01149,738,756,8.7e-05,10058,100725,0.011577,8700223
1,2021-01-06,14020,115430,7037,78371,6983,37059,0,0,12129,110250,0.012672,1857,2613,0.0003,12138,112863,0.012972,8700223
1,2021-01-07,17432,132862,9097,87468,8335,45394,0,0,12968,118860,0.013662,4368,6981,0.000802,12978,125841,0.014464,8700223
1,2021-01-08,20108,152970,10411,97879,9697,55091,0,0,14219,127211,0.014622,5873,12854,0.001477,14224,140065,0.016099,8700223
1,2021-01-09,6688,159658,3380,101259,3308,58399,0,0,4833,130203,0.014965,1844,14698,0.001689,4836,144901,0.016655,8700223
1,2021-01-10,3076,162734,1750,103009,1326,59725,0,0,1891,130920,0.015048,1175,15873,0.001824,1892,146793,0.016872,8700223
1,2021-01-11,18042,180776,11815,114824,6227,65952,0,0,11508,135955,0.015627,6511,22384,0.002573,11546,158339,0.018199,8700223
1,2021-01-12,18855,199631,10728,125552,8127,74079,0,0,12911,142991,0.016435,5910,28294,0.003252,12946,171285,0.019687,8700223
1,2021-01-13,19723,219354,10668,136220,9055,83134,0,0,14572,152452,0.017523,5128,33422,0.003842,14589,185874,0.021364,8700223
1,2021-01-14,21851,241205,9373,145593,12478,95612,0,0,19110,168924,0.019416,2687,36109,0.00415,19159,205033,0.023566,8700223
1,2021-01-15,25105,266310,9234,154827,15871,111483,0,0,23162,190244,0.021867,1896,38005,0.004368,23216,228249,0.026235,8700223
1,2021-01-16,13863,280173,4536,159363,9327,120810,0,0,12998,202384,0.023262,861,38866,0.004467,13001,241250,0.027729,8700223
1,2021-01-17,5209,285382,2027,161390,3182,123992,0,0,4842,206867,0.023777,363,39229,0.004509,4846,246096,0.028286,8700223
1,2021-01-18,14290,299672,8596,169986,5694,129686,0,0,11123,214883,0.024699,3156,42385,0.004872,11172,257268,0.02957,8700223
1,2021-01-19,24659,324331,12865,182851,11794,141480,0,0,19465,229223,0.026347,5179,47564,0.005467,19519,276787,0.031814,8700223
1,2021-01-20,28695,353026,14038,196889,14657,156137,0,0,23035,246686,0.028354,5606,53170,0.006111,23069,299856,0.034465,8700223
1,2021-01-21,30899,383925,14376,211265,16523,172660,0,0,27723,271389,0.031193,3109,56279,0.006469,27812,327668,0.037662,8700223
1,2021-01-22,28251,412176,11213,222478,17038,189698,0,0,26248,295710,0.033989,1957,58236,0.006694,26278,353946,0.040682,8700223
1,2021-01-23,18746,430922,8218,230696,10528,200226,0,0,16811,310611,0.035701,1919,60155,0.006914,16820,370766,0.042616,8700223
1,2021-01-24,6670,437592,4165,234861,2505,202731,0,0,6013,315977,0.036318,652,60807,0.006989,6018,376784,0.043307,8700223
1,2021-01-25,25213,462805,10420,245281,14793,217524,0,0,19508,329901,0.037919,5682,66489,0.007642,19606,396390,0.045561,8700223
1,2021-01-26,28635,491440,13442,258723,15193,232717,0,0,22014,345361,0.039696,6572,73061,0.008398,22032,418422,0.048093,8700223
1,2021-01-27,32398,523838,15446,274169,16952,249669,0,0,24416,361884,0.041595,7918,80979,0.009308,24441,442863,0.050902,8700223
1,2021-01-28,34774,558612,16336,290505,18438,268107,0,0,27915,383060,0.044029,6797,87776,0.010089,27973,470836,0.054118,8700223
1,2021-01-29,33482,592094,16461,306966,17021,285128,0,0,26980,403709,0.046402,6364,94140,0.01082,27013,497849,0.057223,8700223
1,2021-01-30,20222,612316,8818,315784,11404,296532,0,0,18126,419774,0.048249,2069,96209,0.011058,18134,515983,0.059307,8700223
1,2021-01-31,7653,619969,4994,320778,2659,299191,0,0,6954,426034,0.048968,698,96907,0.011138,6958,522941,0.060107,8700223
1,2021-02-01,28664,648633,12411,333189,16253,315444,0,0,20983,439405,0.050505,7631,104538,0.012016,21002,543943,0.062521,8700223
1,2021-02-02,32264,680897,11598,344787,20666,336110,0,0,24279,455821,0.052392,7909,112447,0.012925,24325,568268,0.065316,8700223
1,2021-02-03,39275,720172,15092,359879,24183,360293,0,0,28391,473503,0.054424,10753,123200,0.014161,28435,596703,0.068585,8700223
1,2021-02-04,43654,763826,17054,376933,26600,386893,0,0,31720,493457,0.056718,11829,135029,0.01552,31783,628486,0.072238,8700223
1,2021-02-05,46691,810517,17298,394231,29393,416286,0,0,30738,508438,0.05844,15821,150850,0.017339,30802,659288,0.075778,8700223
1,2021-02-06,26560,837077,10581,404812,15979,432265,0,0,20710,523357,0.060154,5810,156660,0.018006,20729,680017,0.078161,8700223
1,2021-02-07,6296,843373,4065,408877,2231,434496,0,0,4674,526443,0.060509,1606,158266,0.018191,4692,684709,0.0787,8700223
1,2021-02-08,31421,874794,14403,423280,17018,451514,0,0,21004,537210,0.061747,10336,168602,0.019379,21103,705812,0.081126,8700223
1,2021-02-09,38159,912953,16859,440139,21300,472814,0,0,23568,546288,0.06279,14572,183174,0.021054,23650,729462,0.083844,8700223
1,2021-02-10,46809,959762,22017,462156,24792,497606,0,0,27030,553738,0.063646,19677,202851,0.023316,27127,756589,0.086962,8700223
1,2021-02-11,51432,1011194,25343,487499,26089,523695,0,0,30974,564657,0.064901,20181,223032,0.025635,31100,787689,0.090537,8700223
1,2021-02-12,49469,1060663,21398,508897,28071,551766,0,0,28525,572522,0.065805,20822,243854,0.028028,28687,816376,0.093834,8700223
1,2021-02-13,26032,1086695,11370,520267,14662,566428,0,0,15067,576785,0.066295,10894,254748,0.029281,15157,831533,0.095576,8700223
1,2021-02-14,11678,1098373,5516,525783,6162,572590,0,0,6665,578545,0.066498,4985,259733,0.029854,6745,838278,0.096351,8700223
1,2021-02-15,23587,1121960,9283,535066,14304,586894,0,0,14370,583918,0.067115,9116,268849,0.030901,14489,852767,0.098017,8700223
1,2021-02-16,46441,1168401,22290,557356,24151,611045,0,0,27327,592326,0.068082,19044,287893,0.03309,27452,880219,0.101172,8700223
1,2021-02-17,47843,1216244,24233,581589,23610,634655,0,0,25910,596570,0.06857,21812,309705,0.035597,26056,906275,0.104167,8700223
1,2021-02-18,50354,1266598,25162,606751,25192,659847,0,0,26196,599029,0.068852,23960,333665,0.038351,26419,932694,0.107203,8700223
1,2021-02-19,45700,1312298,24763,631514,20937,680784,0,0,25773,605041,0.069543,19824,353489,0.04063,25836,958530,0.110173,8700223
1,2021-02-20,27005,1339303,16484,647998,10521,691305,0,0,15510,609175,0.070018,11452,364941,0.041946,15586,974116,0.111964,8700223
1,2021-02-21,11527,1350830,10277,658275,1250,692555,0,0,6833,611411,0.070275,4646,369587,0.04248,6882,980998,0.112756,8700223
1,2021-02-22,29935,1380765,19691,677966,10244,702799,0,0,17608,616848,0.0709,12271,381858,0.043891,17708,998706,0.114791,8700223
1,2021-02-23,42993,1423758,20941,698907,22052,724851,0,0,24117,622588,0.07156,18739,400597,0.046044,24479,1023185,0.117604,8700223
1,2021-02-24,52986,1476744,25701,724608,27285,752136,0,0,29686,629526,0.072357,23196,423793,0.048711,30134,1053319,0.121068,8700223
1,2021-02-25,65154,1541898,31712,756320,33442,785578,0,0,40827,646635,0.074324,24220,448013,0.051494,41329,1094648,0.125818,8700223
1,2021-02-26,73125,1615023,34363,790683,38762,824340,0,0,48260,670668,0.077086,24702,472715,0.054334,48735,1143383,0.13142,8700223
1,2021-02-27,50192,1665215,23231,813914,26953,851293,8,8,33374,687613,0.079034,16702,489417,0.056253,33647,1177030,0.135287,8700223
1,2021-02-28,19398,1684613,11507,825421,7889,859182,2,10,14296,697011,0.080114,5039,494456,0.056833,14437,1191467,0.136947,8700223
1,2021-03-01,44157,1728770,20446,845867,23672,882854,39,49,28530,710323,0.081644,15492,509948,0.058613,28804,1220271,0.140257,8700223
1,2021-03-02,61867,1790637,26914,872781,34946,917800,7,56,39935,729071,0.083799,21810,531758,0.06112,40558,1260829,0.144919,8700223
1,2021-03-03,69603,1860240,33190,905971,36392,954192,21,77,42542,745292,0.085664,26933,558691,0.064216,43154,1303983,0.149879,8700223
1,2021-03-04,77540,1937780,36414,942385,41091,995283,35,112,49925,768302,0.088308,27457,586148,0.067372,50467,1354450,0.15568,8700223
1,2021-03-05,76854,2014634,34769,977154,41879,1037162,206,318,51542,795580,0.091444,25099,611247,0.070256,52377,1406827,0.1617,8700223
1,2021-03-06,57100,2071734,27277,1004431,28484,1065646,1339,1657,38898,818046,0.094026,18137,629384,0.072341,40603,1447430,0.166367,8700223
1,2021-03-07,20152,2091886,12837,1017268,6501,1072147,814,2471,15162,829315,0.095321,4970,634354,0.072912,16239,1463669,0.168234,8700223
1,2021-03-08,45173,2137059,22001,1039269,21298,1093445,1874,4345,31716,849869,0.097684,13375,647729,0.07445,33929,1497598,0.172133,8700223
1,2021-03-09,65557,2202616,31698,1070967,31383,1124828,2476,6821,40497,868237,0.099795,24948,672677,0.077317,43316,1540914,0.177112,8700223
1,2021-03-10,72450,2275066,36151,1107118,31907,1156735,4392,11213,44986,890657,0.102372,27328,700005,0.080458,49748,1590662,0.18283,8700223
1,2021-03-11,88739,2363805,40581,1147699,40225,1196960,7933,19146,51992,914529,0.105116,36515,736520,0.084655,60387,1651049,0.189771,8700223
1,2021-03-12,97295,2461100,42625,1190324,42330,1239290,12340,31486,56966,944174,0.108523,40146,776666,0.08927,69791,1720840,0.197793,8700223
1,2021-03-13,64778,2525878,29349,1219673,27772,1267062,7657,39143,41454,970411,0.111539,23214,799880,0.091938,49451,1770291,0.203477,8700223
1,2021-03-14,27588,2553466,14860,1234533,9161,1276223,3567,42710,15679,978003,0.112411,11853,811733,0.0933,19445,1789736,0.205712,8700223
1,2021-03-15,64469,2617935,28271,1262804,29484,1305707,6714,49424,38169,997127,0.114609,26119,837852,0.096302,45243,1834979,0.210912,8700223
1,2021-03-16,84770,2702705,38425,1301229,40760,1346467,5585,55009,52806,1024100,0.11771,31782,869634,0.099955,58755,1893734,0.217665,8700223
1,2021-03-17,91593,2794298,44305,1345534,40800,1387267,6488,61497,59057,1057656,0.121567,32361,901995,0.103675,65917,1959651,0.225241,8700223
1,2021-03-18,97744,2892042,50283,1395817,41761,1429028,5700,67197,59715,1085853,0.124807,37712,939707,0.10801,65909,2025560,0.232817,8700223
1,2021-03-19,102566,2994608,53079,1448896,43346,1472374,6141,73338,60707,1111628,0.12777,41606,981313,0.112792,67381,2092941,0.240562,8700223
1,2021-03-20,71985,3066593,37065,1485961,29728,1502102,5192,78530,46491,1138274,0.130833,25323,1006636,0.115702,51969,2144910,0.246535,8700223
1,2021-03-21,27016,3093609,18889,1504850,6324,1508426,1803,80333,17442,1148120,0.131964,9494,1016130,0.116794,19340,2164250,0.248758,8700223
1,2021-03-22,58543,3152152,30138,1534988,25124,1533550,3281,83614,39719,1172852,0.134807,18636,1034766,0.118936,43368,2207618,0.253743,8700223
1,2021-03-23,82475,3234627,41925,1576913,36941,1570491,3609,87223,51285,1197218,0.137608,30985,1065751,0.122497,55351,2262969,0.260105,8700223
1,2021-03-24,87087,3321714,43914,1620827,38838,1609329,4335,91558,52656,1220182,0.140247,34200,1099951,0.126428,57164,2320133,0.266675,8700223
1,2021-03-25,95609,3417323,48614,1669441,41189,1650518,5806,97364,53777,1238427,0.142344,41553,1141504,0.131204,59798,2379931,0.273548,8700223
1,2021-03-26,103631,3520954,50460,1719901,46913,1697431,6258,103622,56278,1254208,0.144158,47058,1188562,0.136613,62839,2442770,0.280771,8700223
1,2021-03-27,73593,3594547,38047,1757948,31353,1728784,4193,107815,38095,1261410,0.144986,35289,1223851,0.140669,42491,2485261,0.285655,8700223
1,2021-03-28,32508,3627055,21291,1779239,10009,1738793,1208,109023,16496,1263635,0.145242,15913,1239764,0.142498,18138,2503399,0.28774,8700223
1,2021-03-29,66369,3693424,32936,1812175,30351,1769144,3082,112105,36984,1274692,0.146513,29215,1268979,0.145856,40272,2543671,0.292368,8700223
1,2021-03-30,91022,3784446,44735,1856910,39996,1809140,6291,118396,47161,1284540,0.147644,43700,1312679,0.150879,53548,2597219,0.298523,8700223
1,2021-03-31,99919,3884365,52252,1909162,41698,1850838,5969,124365,55168,1301279,0.149568,44475,1357154,0.155991,61214,2658433,0.305559,8700223
1,2021-04-01,110644,3995009,52959,1962121,49245,1900083,8440,132805,56814,1313145,0.150932,53460,1410614,0.162135,65326,2723759,0.313068,8700223
1,2021-04-02,109978,4104987,50194,2012315,50184,1950267,9600,142405,56307,1325999,0.15241,53284,1463898,0.16826,66138,2789897,0.32067,8700223
1,2021-04-03,77745,4182732,39094,2051409,29049,1979316,9602,152007,36457,1331017,0.152987,41121,1505019,0.172986,46139,2836036,0.325973,8700223
1,2021-04-04,23670,4206402,11779,2063188,8435,1987751,3456,155463,9930,1330714,0.152952,13682,1518701,0.174559,13379,2849415,0.327511,8700223
1,2021-04-05,75471,4281873,36168,2099356,30121,2017872,9182,164645,34188,1333161,0.153233,41100,1559801,0.179283,43547,2892962,0.332516,8700223
1,2021-04-06,102783,4384656,48744,2148100,37540,2055412,16499,181144,46679,1340540,0.154081,55851,1615652,0.185702,63230,2956192,0.339783,8700223
1,2021-04-07,110545,4495201,53459,2201559,39639,2095051,17447,198591,50289,1348312,0.154974,60005,1675657,0.192599,67777,3023969,0.347574,8700223
1,2021-04-08,121368,4616569,57367,2258926,43141,2138192,20860,219451,53805,1355856,0.155842,67200,1742857,0.200323,74744,3098713,0.356165,8700223
1,2021-04-09,122039,4738608,55770,2314696,45681,2183873,20588,240039,53899,1362625,0.15662,67799,1810656,0.208116,74568,3173281,0.364736,8700223
1,2021-04-10,95287,4833895,42391,2357087,30272,2214145,22624,262663,37259,1364662,0.156854,57845,1868501,0.214765,59882,3233163,0.371618,8700223
1,2021-04-11,36236,4870131,20262,2377349,9359,2223504,6615,269278,14839,1364886,0.156879,21343,1889844,0.217218,21567,3254730,0.374097,8700223
1,2021-04-12,73774,4943905,32894,2410243,30932,2254436,9948,279226,31347,1364178,0.156798,42164,1932008,0.222064,41456,3296186,0.378862,8700223
1,2021-04-13,96698,5040603,51673,2461916,44685,2299121,340,279566,52246,1372917,0.157803,44195,1976203,0.227144,52934,3349120,0.384946,8700223
1,2021-04-14,104347,5144950,53940,2515856,50337,2349458,70,279636,53167,1375698,0.158122,50835,2027038,0.232987,53616,3402736,0.391109,8700223
1,2021-04-15,105392,5250342,57220,2573076,48083,2397541,89,279725,56534,1384176,0.159097,48321,2075359,0.238541,56799,3459535,0.397638,8700223
1,2021-04-16,109913,5360255,56491,2629567,53335,2450876,87,279812,55187,1385393,0.159236,54244,2129603,0.244776,55461,3514996,0.404012,8700223
1,2021-04-17,82972,5443227,45103,2674670,37857,2488733,12,279824,46769,1396346,0.160495,35994,2165597,0.248913,46947,3561943,0.409408,8700223
1,2021-04-18,29200,5472427,19504,2694174,9689,2498422,7,279831,14878,1397188,0.160592,14242,2179839,0.25055,15084,3577027,0.411142,8700223
1,2021-04-19,66301,5538728,33483,2727657,32804,2531226,14,279845,30349,1392059,0.160003,35634,2215473,0.254646,30505,3607532,0.414648,8700223
1,2021-04-20,86445,5625173,43001,2770658,43423,2574649,21,279866,40944,1388062,0.159543,45209,2260682,0.259842,41212,3648744,0.419385,8700223
1,2021-04-21,93665,5718838,47557,2818215,46009,2620658,99,279965,42304,1379853,0.1586,50873,2311555,0.265689,42664,3691408,0.424289,8700223
1,2021-04-22,94464,5813302,48726,2866941,45722,2666380,16,279981,43503,1373127,0.157827,50515,2362070,0.271495,43789,3735197,0.429322,8700223
1,2021-04-23,99354,5912656,50754,2917695,48575,2714955,25,280006,47516,1369510,0.157411,51383,2413453,0.277401,47766,3782963,0.434812,8700223
1,2021-04-24,74919,5987575,46562,2964257,28331,2743286,26,280032,42529,1380019,0.158619,32299,2445752,0.281114,42808,3825771,0.439733,8700223
1,2021-04-25,26930,6014505,17154,2981411,9763,2753049,13,280045,15441,1384218,0.159101,11388,2457140,0.282423,15587,3841358,0.441524,8700223
1,2021-04-26,64668,6079173,33651,3015062,30618,2783667,399,280444,31033,1382621,0.158918,33366,2490506,0.286258,31769,3873127,0.445176,8700223
1,2021-04-27,79896,6159069,42187,3057249,36418,2820085,1291,281735,34883,1374380,0.157971,44756,2535262,0.291402,36515,3909642,0.449373,8700223
1,2021-04-28,79108,6238177,41592,3098841,36028,2856113,1488,283223,34883,1367057,0.157129,43922,2579184,0.29645,36599,3946241,0.453579,8700223
1,2021-04-29,82282,6320459,44781,3143622,35895,2892008,1606,284829,33825,1354493,0.155685,48155,2627339,0.301985,35591,3981832,0.45767,8700223
1,2021-04-30,89676,6410135,48200,3191822,39633,2931641,1843,286672,37688,1342494,0.154306,51700,2679039,0.307928,39701,4021533,0.462233,8700223
1,2021-05-01,61927,6472062,40064,3231886,20489,2952130,1374,288046,26084,1334526,0.15339,35655,2714694,0.312026,27687,4049220,0.465416,8700223
1,2021-05-02,23208,6495270,16403,3248289,6234,2958364,571,288617,9435,1330890,0.152972,13674,2728368,0.313597,10038,4059258,0.466569,8700223
1,2021-05-03,55179,6550449,30442,3278731,22911,2981275,1826,290443,20342,1318492,0.151547,34621,2762989,0.317577,22223,4081481,0.469124,8700223
1,2021-05-04,73418,6623867,41868,3320599,29476,3010751,2074,292517,26769,1301037,0.149541,46387,2809376,0.322909,28932,4110413,0.472449,8700223
1,2021-05-05,75354,6699221,43191,3363790,29883,3040634,2280,294797,25802,1279938,0.147116,49257,2858633,0.32857,28158,4138571,0.475686,8700223
1,2021-05-06,76288,6775509,45541,3409331,28587,3069221,2160,296957,23848,1253995,0.144134,52106,2910739,0.334559,26163,4164734,0.478693,8700223
1,2021-05-07,81140,6856649,45885,3455216,33082,3102303,2173,299130,27176,1229837,0.141357,53570,2964309,0.340716,29412,4194146,0.482073,8700223
1,2021-05-08,54612,6911261,34032,3489248,19012,3121315,1568,300698,18256,1213697,0.139502,36060,3000369,0.344861,19920,4214066,0.484363,8700223
1,2021-05-09,17643,6928904,12552,3501800,4617,3125932,474,301172,5424,1207485,0.138788,12146,3012515,0.346257,5934,4220000,0.485045,8700223
1,2021-05-10,42311,6971215,21142,3522942,19393,3145325,1776,302948,14198,1195676,0.137431,27878,3040393,0.349462,16069,4236069,0.486892,8700223
1,2021-05-11,60079,7031294,32098,3555040,25851,3171176,2130,305078,19799,1177695,0.135364,40029,3080422,0.354062,22048,4258117,0.489426,8700223
1,2021-05-12,61310,7092604,32449,3587489,26814,3197990,2047,307125,20787,1160358,0.133371,40241,3120663,0.358688,22904,4281021,0.492059,8700223
1,2021-05-13,64813,7157417,37614,3625103,25222,3223212,1977,309102,24782,1147711,0.131917,39687,3160350,0.363249,27040,4308061,0.495167,8700223
1,2021-05-14,73638,7231055,44208,3669311,27083,3250295,2347,311449,29903,1136863,0.130671,43377,3203727,0.368235,32529,4340590,0.498906,8700223
1,2021-05-15,64435,7295490,42200,3711511,20536,3270831,1699,313148,25465,1125382,0.129351,38714,3242441,0.372685,27233,4367823,0.502036,8700223
1,2021-05-16,24064,7319554,17564,3729075,5884,3276715,616,313764,9696,1121475,0.128902,14262,3256703,0.374324,10355,4378178,0.503226,8700223
1,2021-05-17,53651,7373205,32776,3761851,19115,3295830,1760,315524,23090,1116065,0.12828,30320,3287023,0.377809,24910,4403088,0.506089,8700223
1,2021-05-18,63994,7437199,38475,3800326,23701,3319531,1818,317342,28087,1110405,0.127629,35651,3322674,0.381907,29991,4433079,0.509536,8700223
1,2021-05-19,65645,7502844,39975,3840301,23755,3343286,1915,319257,30000,1107026,0.127241,35380,3358054,0.385973,32001,4465080,0.513214,8700223
1,2021-05-20,63244,7566088,36676,3876977,24405,3367691,2163,321420,26675,1099800,0.126411,36266,3394320,0.390142,29040,4494120,0.516552,8700223
1,2021-05-21,69222,7635310,41357,3918334,26021,3393712,1844,323264,29236,1091364,0.125441,39613,3433933,0.394695,31177,4525297,0.520136,8700223
1,2021-05-22,55112,7690422,36359,3954693,17048,3410760,1705,324969,24121,1086546,0.124887,30740,3464673,0.398228,25922,4551219,0.523115,8700223
1,2021-05-23,19478,7709900,13552,3968245,5342,3416102,584,325553,9228,1086227,0.12485,10155,3474828,0.399395,9836,4561055,0.524246,8700223
1,2021-05-24,42428,7752328,23274,3991519,17342,3433444,1812,327365,17192,1080304,0.12417,25010,3499838,0.40227,19087,4580142,0.52644,8700223
1,2021-05-25,50315,7802643,29051,4020570,19611,3453055,1653,329018,21170,1074341,0.123484,28884,3528722,0.40559,22921,4603063,0.529074,8700223
1,2021-05-26,48002,7850645,27237,4047807,18894,3471949,1871,330889,20753,1070069,0.122993,26952,3555674,0.408688,22680,4625743,0.531681,8700223
1,2021-05-27,46596,7897241,26229,4074036,18492,3490441,1875,332764,20600,1066946,0.122634,25716,3581390,0.411643,22593,4648336,0.534278,8700223
1,2021-05-28,51757,7948998,28862,4102898,21102,3511543,1793,334557,23509,1064419,0.122344,27954,3609344,0.414856,25427,4673763,0.5372,8700223
1,2021-05-29,30190,7979188,18274,4121172,10988,3522531,928,335485,14711,1064798,0.122387,15320,3624664,0.416617,15699,4689462,0.539005,8700223
1,2021-05-30,11536,7990724,7446,4128618,3541,3526072,549,336034,5622,1065148,0.122428,5846,3630510,0.417289,6196,4695658,0.539717,8700223
1,2021-05-31,5679,7996403,3228,4131846,2199,3528271,252,336286,2007,1063797,0.122272,3622,3634132,0.417706,2271,4697929,0.539978,8700223
1,2021-06-01,45227,8041630,25632,4157478,18097,3546368,1498,337784,17918,1056280,0.121408,27012,3661144,0.42081,19495,4717424,0.542219,8700223
1,2021-06-02,39578,8081208,22987,4180465,15131,3561499,1460,339244,16371,1051245,0.12083,22936,3684080,0.423447,17901,4735325,0.544276,8700223
1,2021-06-03,40863,8122071,25643,4206108,13584,3575083,1636,340880,16186,1044744,0.120082,24397,3708477,0.426251,17896,4753221,0.546333,8700223
1,2021-06-04,49382,8171453,31694,4237802,15946,3591029,1742,342622,18443,1034383,0.118892,30631,3739108,0.429772,20270,4773491,0.548663,8700223
1,2021-06-05,39635,8211088,27065,4264867,10633,3601662,1937,344559,14475,1025902,0.117917,24947,3764055,0.432639,16466,4789957,0.550556,8700223
1,2021-06-06,12930,8224018,10356,4275223,2075,3603737,499,345058,4770,1023155,0.117601,8084,3772139,0.433568,5337,4795294,0.551169,8700223
1,2021-06-07,33590,8257608,23183,4298406,9073,3612810,1334,346392,12133,1015421,0.116712,21260,3793399,0.436012,13526,4808820,0.552724,8700223
1,2021-06-08,41677,8299285,28895,4327301,11206,3624016,1576,347968,14881,1005429,0.115564,26545,3819944,0.439063,16553,4825373,0.554626,8700223
1,2021-06-09,41565,8340850,28953,4356254,11018,3635034,1594,349562,13604,993004,0.114135,27689,3847633,0.442245,15264,4840637,0.556381,8700223
1,2021-06-10,38516,8379366,26054,4382308,10840,3645874,1622,351184,13362,983161,0.113004,24933,3872566,0.445111,15090,4855727,0.558115,8700223
1,2021-06-11,43193,8422559,28663,4410971,12887,3658761,1643,352827,15431,972841,0.111818,27476,3900042,0.448269,17156,4872883,0.560087,8700223
1,2021-06-12,33108,8455667,23943,4434914,7999,3666760,1166,353993,10946,963058,0.110693,21960,3922002,0.450793,12177,4885060,0.561487,8700223
1,2021-06-13,11427,8467094,8285,4443199,2676,3669436,466,354459,3432,959067,0.110235,7929,3929931,0.451705,3938,4888998,0.561939,8700223
1,2021-06-14,30404,8497498,20507,4463706,8626,3678062,1271,355730,11807,953765,0.109625,18420,3948351,0.453822,13118,4902116,0.563447,8700223
1,2021-06-15,36768,8534266,24181,4487887,10787,3688849,1800,357530,13717,946564,0.108798,22810,3971161,0.456444,15609,4917725,0.565241,8700223
1,2021-06-16,34639,8568905,23435,4511322,9440,3698289,1764,359294,13095,940183,0.108064,21308,3992469,0.458893,14927,4932652,0.566957,8700223
1,2021-06-17,32402,8601307,21516,4532838,9117,3707406,1769,361063,12807,935472,0.107523,19376,4011845,0.46112,14665,4947317,0.568643,8700223
1,2021-06-18,37857,8639164,24546,4557384,10662,3718068,2649,363712,14801,930170,0.106913,22810,4034655,0.463742,17508,4964825,0.570655,8700223
1,2021-06-19,22923,8662087,15956,4573340,5899,3723967,1068,364780,9443,927405,0.106596,13312,4047967,0.465272,10547,4975372,0.571867,8700223
1,2021-06-20,8048,8670135,5877,4579217,1899,3725866,272,365052,3201,926102,0.106446,4786,4052753,0.465822,3483,4978855,0.572268,8700223
1,2021-06-21,19897,8690032,11284,4590501,6598,3732464,2015,367067,10457,929278,0.106811,9341,4062094,0.466895,12517,4991372,0.573706,8700223
1,2021-06-22,16088,8706120,10602,4601103,3860,3736324,1626,368693,6355,927661,0.106625,9636,4071730,0.468003,8019,4999391,0.574628,8700223
2,2020-12-15,241,241,241,241,0,0,0,0,241,241,2.9e-05,0,0,0.0,241,241,2.9e-05,8407551
2,2020-12-16,2077,2318,2077,2318,0,0,0,0,2076,2317,0.000276,0,0,0.0,2076,2317,0.000276,8407551
2,2020-12-17,6832,9150,6832,9150,0,0,0,0,6833,9150,0.001088,0,0,0.0,6833,9150,0.001088,8407551
2,2020-12-18,11071,20221,11052,20202,19,19,0,0,11070,20220,0.002405,0,0,0.0,11070,20220,0.002405,8407551
2,2020-12-19,5626,25847,5620,25822,6,25,0,0,5627,25847,0.003074,0,0,0.0,5627,25847,0.003074,8407551
2,2020-12-20,4245,30092,4236,30058,9,34,0,0,4241,30088,0.003579,0,0,0.0,4241,30088,0.003579,8407551
2,2020-12-21,12773,42865,12748,42806,25,59,0,0,12728,42816,0.005093,0,0,0.0,12728,42816,0.005093,8407551
2,2020-12-22,12135,55000,11621,54427,514,573,0,0,12134,54950,0.006536,0,0,0.0,12134,54950,0.006536,8407551
2,2020-12-23,11692,66692,9479,63906,2213,2786,0,0,11695,66645,0.007927,1,1,0.0,11696,66646,0.007927,8407551
2,2020-12-24,5915,72607,3495,67401,2420,5206,0,0,5911,72555,0.00863,3,4,0.0,5913,72559,0.00863,8407551
2,2020-12-25,483,73090,405,67806,78,5284,0,0,484,73039,0.008687,0,4,0.0,484,73043,0.008688,8407551
2,2020-12-26,2559,75649,1664,69470,895,6179,0,0,2560,75598,0.008992,1,5,1e-06,2560,75603,0.008992,8407551
2,2020-12-27,2229,77878,1210,70680,1019,7198,0,0,2226,77822,0.009256,2,7,1e-06,2226,77829,0.009257,8407551
2,2020-12-28,10985,88863,7145,77825,3840,11038,0,0,10985,88806,0.010563,1,8,1e-06,10985,88814,0.010564,8407551
2,2020-12-29,12694,101557,7146,84971,5548,16586,0,0,12698,101504,0.012073,0,8,1e-06,12698,101512,0.012074,8407551
2,2020-12-30,15399,116956,8662,93633,6737,23323,0,0,15412,116913,0.013906,5,13,2e-06,15414,116926,0.013907,8407551
2,2020-12-31,7553,124509,2825,96458,4728,28051,0,0,7547,124456,0.014803,4,17,2e-06,7547,124473,0.014805,8407551
2,2021-01-01,1186,125695,575,97033,611,28662,0,0,1185,125638,0.014943,3,20,2e-06,1185,125658,0.014946,8407551
2,2021-01-02,4835,130530,2756,99789,2079,30741,0,0,4833,130471,0.015518,0,20,2e-06,4833,130491,0.015521,8407551
2,2021-01-03,1380,131910,785,100574,595,31336,0,0,1374,131841,0.015681,4,24,3e-06,1374,131865,0.015684,8407551
2,2021-01-04,11626,143536,5555,106129,6071,37407,0,0,11614,143452,0.017062,3,27,3e-06,11614,143479,0.017065,8407551
2,2021-01-05,13858,157394,6909,113038,6949,44356,0,0,12666,154965,0.018432,1186,1213,0.000144,12699,156178,0.018576,8407551
2,2021-01-06,18965,176359,10455,123493,8510,52866,0,0,15204,166468,0.0198,3710,4923,0.000586,15213,171391,0.020385,8407551
2,2021-01-07,23075,199434,12985,136478,10090,62956,0,0,15552,174498,0.020755,7536,12459,0.001482,15566,186957,0.022237,8407551
2,2021-01-08,26410,225844,15963,152441,10447,73403,0,0,16309,180763,0.0215,10063,22522,0.002679,16328,203285,0.024179,8407551
2,2021-01-09,9729,235573,5659,158100,4070,77473,0,0,6231,183494,0.021825,3506,26028,0.003096,6237,209522,0.024921,8407551
2,2021-01-10,5253,240826,2920,161020,2333,79806,0,0,3031,184295,0.02192,2235,28263,0.003362,3036,212558,0.025282,8407551
2,2021-01-11,25939,266765,17818,178838,8121,87927,0,0,14979,188343,0.022402,10981,39244,0.004668,15029,227587,0.027069,8407551
2,2021-01-12,26246,293011,16317,195155,9929,97856,0,0,16670,195501,0.023253,9590,48834,0.005808,16748,244335,0.029061,8407551
2,2021-01-13,28466,321477,15090,210245,13376,111232,0,0,20507,208082,0.024749,7950,56784,0.006754,20531,264866,0.031503,8407551
2,2021-01-14,30341,351818,11584,221829,18757,129989,0,0,26105,229998,0.027356,4252,61036,0.00726,26168,291034,0.034616,8407551
2,2021-01-15,34976,386794,12660,234489,22316,152305,0,0,31713,258526,0.030749,3264,64300,0.007648,31792,322826,0.038397,8407551
2,2021-01-16,17994,404788,5978,240467,12016,164321,0,0,16672,273863,0.032573,1346,65646,0.007808,16683,339509,0.040381,8407551
2,2021-01-17,10530,415318,3548,244015,6982,171303,0,0,9814,282945,0.033654,740,66386,0.007896,9822,349331,0.04155,8407551
2,2021-01-18,19678,434996,11018,255033,8660,179963,0,0,14895,293094,0.034861,4801,71187,0.008467,14950,364281,0.043328,8407551
2,2021-01-19,32521,467517,17001,272034,15520,195483,0,0,24527,309741,0.036841,7996,79183,0.009418,24643,388924,0.046259,8407551
2,2021-01-20,37177,504694,18606,290640,18571,214054,0,0,28547,329772,0.039223,8605,87788,0.010442,28636,417560,0.049665,8407551
2,2021-01-21,40657,545351,17173,307813,23484,237538,0,0,36214,361727,0.043024,4422,92210,0.010968,36377,453937,0.053992,8407551
2,2021-01-22,39384,584735,16455,324268,22929,260467,0,0,36062,394493,0.046921,3322,95532,0.011363,36088,490025,0.058284,8407551
2,2021-01-23,24098,608833,10833,335101,13265,273732,0,0,21139,412724,0.04909,2936,98468,0.011712,21167,511192,0.060802,8407551
2,2021-01-24,12429,621262,6143,341244,6286,280018,0,0,11516,423350,0.050354,901,99369,0.011819,11527,522719,0.062173,8407551
2,2021-01-25,33786,655048,15554,356798,18232,298250,0,0,24999,439749,0.052304,8729,108098,0.012857,25128,547847,0.065161,8407551
2,2021-01-26,40051,695099,19634,376432,20417,318667,0,0,31041,461884,0.054937,8985,117083,0.013926,31120,578967,0.068863,8407551
2,2021-01-27,45430,740529,22640,399072,22790,341457,0,0,35326,487289,0.057958,9980,127063,0.015113,35385,614352,0.073071,8407551
2,2021-01-28,47774,788303,22418,421490,25356,366813,0,0,39147,517934,0.061603,8568,135631,0.016132,39213,653565,0.077735,8407551
2,2021-01-29,45453,833756,22044,443534,23409,390222,0,0,36827,546303,0.064978,8518,144149,0.017145,36887,690452,0.082123,8407551
2,2021-01-30,31136,864892,13422,456956,17714,407936,0,0,27819,570874,0.0679,3279,147428,0.017535,27850,718302,0.085435,8407551
2,2021-01-31,17097,881989,10164,467120,6933,414869,0,0,15906,585623,0.069654,1177,148605,0.017675,15926,734228,0.08733,8407551
2,2021-02-01,40860,922849,19686,486806,21174,436043,0,0,30034,604925,0.07195,10785,159390,0.018958,30087,764315,0.090908,8407551
2,2021-02-02,47602,970451,19347,506153,28255,464298,0,0,36241,629983,0.074931,11294,170684,0.020301,36352,800667,0.095232,8407551
2,2021-02-03,53985,1024436,23941,530094,30044,494342,0,0,39938,656072,0.078034,13946,184630,0.02196,40035,840702,0.099994,8407551
2,2021-02-04,55935,1080371,24144,554238,31791,526133,0,0,40894,682129,0.081133,14944,199574,0.023737,41001,881703,0.10487,8407551
2,2021-02-05,59661,1140032,26175,580413,33486,559619,0,0,40368,703582,0.083685,19108,218682,0.02601,40561,922264,0.109695,8407551
2,2021-02-06,38893,1178925,18169,598582,20724,580343,0,0,30977,726804,0.086447,7848,226530,0.026944,31070,953334,0.11339,8407551
2,2021-02-07,15509,1194434,10249,608831,5260,585603,0,0,11761,734907,0.08741,3725,230255,0.027387,11828,965162,0.114797,8407551
2,2021-02-08,42699,1237133,21699,630530,21000,606603,0,0,29219,750986,0.089323,13352,243607,0.028975,29431,994593,0.118298,8407551
2,2021-02-09,49134,1286267,23233,653763,25901,632504,0,0,30531,763433,0.090803,18411,262018,0.031165,30858,1025451,0.121968,8407551
2,2021-02-10,59180,1345447,27760,681523,31420,663924,0,0,34428,773737,0.092029,24493,286511,0.034078,34797,1060248,0.126107,8407551
2,2021-02-11,63770,1409217,29364,710887,34406,698330,0,0,35829,782445,0.093065,27642,314153,0.037366,36350,1096598,0.13043,8407551
2,2021-02-12,64960,1474177,28024,738911,36936,735266,0,0,34669,787750,0.093696,30039,344192,0.040938,35344,1131942,0.134634,8407551
2,2021-02-13,37584,1511761,15723,754634,21861,757127,0,0,21721,794091,0.09445,15783,359975,0.042816,22124,1154066,0.137265,8407551
2,2021-02-14,19896,1531657,9292,763926,10604,767731,0,0,11129,796902,0.094784,8726,368701,0.043854,11537,1165603,0.138638,8407551
2,2021-02-15,32845,1564502,14800,778726,18045,785776,0,0,18247,801534,0.095335,14479,383180,0.045576,19111,1184714,0.140911,8407551
2,2021-02-16,55740,1620242,27309,806035,28431,814207,0,0,29493,805545,0.095812,26159,409339,0.048687,30170,1214884,0.144499,8407551
2,2021-02-17,61021,1681263,31328,837363,29693,843900,0,0,30470,806353,0.095908,30488,439827,0.052313,31296,1246180,0.148222,8407551
2,2021-02-18,65709,1746972,33113,870476,32596,876496,0,0,32149,806314,0.095904,33334,473161,0.056278,33295,1279475,0.152182,8407551
2,2021-02-19,58810,1805782,32623,903099,26187,902683,0,0,29309,806880,0.095971,29347,502508,0.059769,29913,1309388,0.15574,8407551
2,2021-02-20,36957,1842739,24027,927126,12930,915613,0,0,20273,811235,0.096489,16600,519108,0.061743,20955,1330343,0.158232,8407551
2,2021-02-21,20460,1863199,16995,944121,3465,919078,0,0,9968,811582,0.09653,10419,529527,0.062982,10766,1341109,0.159512,8407551
2,2021-02-22,37541,1900740,25608,969729,11933,931011,0,0,18054,810913,0.096451,19395,548922,0.065289,18726,1359835,0.16174,8407551
2,2021-02-23,51625,1952365,26382,996111,25243,956254,0,0,22877,807123,0.096,28562,577484,0.068686,24772,1384607,0.164686,8407551
2,2021-02-24,68297,2020662,35101,1031212,33196,989450,0,0,31605,804535,0.095692,36552,614036,0.073034,33964,1418571,0.168726,8407551
2,2021-02-25,74239,2094901,34951,1066163,39288,1028738,0,0,37971,809254,0.096253,36061,650097,0.077323,40780,1459351,0.173576,8407551
2,2021-02-26,82498,2177399,35138,1101301,47360,1076098,0,0,44773,818747,0.097382,37473,687570,0.08178,46966,1506317,0.179162,8407551
2,2021-02-27,60020,2237419,27715,1129016,32298,1108396,7,7,32909,826080,0.098255,26916,714486,0.084981,34249,1540566,0.183236,8407551
2,2021-02-28,29441,2266860,17614,1146630,11826,1120222,1,8,17494,832557,0.099025,11848,726334,0.086391,18325,1558891,0.185416,8407551
2,2021-03-01,56356,2323216,29492,1176122,26829,1147051,35,43,31082,839854,0.099893,25014,751348,0.089366,32311,1591202,0.189259,8407551
2,2021-03-02,67633,2390849,32489,1208611,35137,1182188,7,50,38463,851629,0.101293,29035,780383,0.092819,40810,1632012,0.194113,8407551
2,2021-03-03,79547,2470396,38502,1247113,41031,1223219,14,64,45157,865158,0.102902,34206,814589,0.096888,47735,1679747,0.19979,8407551
2,2021-03-04,87153,2557549,42822,1289935,44302,1267521,29,93,50542,881689,0.104869,36420,851009,0.10122,52951,1732698,0.206088,8407551
2,2021-03-05,80672,2638221,38216,1328151,42152,1309673,304,397,49634,903155,0.107422,30847,881856,0.104889,52313,1785011,0.21231,8407551
2,2021-03-06,62495,2700716,30536,1358687,30271,1339944,1688,2085,38565,921033,0.109548,23817,905673,0.107721,41695,1826706,0.21727,8407551
2,2021-03-07,27451,2728167,16057,1374744,10423,1350367,971,3056,17769,931259,0.110765,9624,915297,0.108866,19850,1846556,0.219631,8407551
2,2021-03-08,49925,2778092,23061,1397805,24411,1374778,2453,5509,31649,948828,0.112854,18174,933471,0.111028,35743,1882299,0.223882,8407551
2,2021-03-09,69604,2847696,31915,1429720,33923,1408701,3766,9275,38869,962198,0.114445,30619,964090,0.11467,43989,1926288,0.229114,8407551
2,2021-03-10,77425,2925121,36792,1466512,34105,1442806,6528,15803,41393,975620,0.116041,35844,999934,0.118933,49266,1975554,0.234974,8407551
2,2021-03-11,92256,3017377,42606,1509118,41324,1484130,8326,24129,48494,990370,0.117795,43485,1043419,0.124105,58235,2033789,0.2419,8407551
2,2021-03-12,93318,3110695,38509,1547627,42839,1526969,11970,36099,46756,1004179,0.119438,46352,1089771,0.129618,60161,2093950,0.249056,8407551
2,2021-03-13,68419,3179114,28824,1576451,31612,1558581,7983,44082,37659,1020485,0.121377,30645,1120416,0.133263,46951,2140901,0.25464,8407551
2,2021-03-14,36539,3215653,18270,1594721,13748,1572329,4521,48603,18636,1026583,0.122103,17817,1138233,0.135382,23915,2164816,0.257485,8407551
2,2021-03-15,67047,3282700,30333,1625054,31718,1604047,4996,53599,37225,1040282,0.123732,29629,1167862,0.138906,43328,2208144,0.262638,8407551
2,2021-03-16,85942,3368642,38071,1663125,43864,1647911,4007,57606,52330,1064301,0.126589,33449,1201311,0.142885,57468,2265612,0.269473,8407551
2,2021-03-17,92255,3460897,44251,1707376,43831,1691742,4173,61779,58828,1094972,0.130237,33183,1234494,0.146832,63854,2329466,0.277068,8407551
2,2021-03-18,97631,3558528,46568,1753944,46487,1738229,4576,66355,59845,1122464,0.133507,37501,1271995,0.151292,64993,2394459,0.284799,8407551
2,2021-03-19,97067,3655595,45946,1799890,45005,1783234,6116,72471,57958,1148236,0.136572,38837,1310832,0.155911,64609,2459068,0.292483,8407551
2,2021-03-20,69550,3725145,33702,1833592,31895,1815129,3953,76424,45727,1174688,0.139718,23595,1334427,0.158718,50047,2509115,0.298436,8407551
2,2021-03-21,33089,3758234,21451,1855043,9650,1824779,1988,78412,20458,1185055,0.140951,12513,1346940,0.160206,22880,2531995,0.301157,8407551
2,2021-03-22,62394,3820628,34291,1889334,25463,1850242,2640,81052,41576,1209570,0.143867,20605,1367545,0.162657,45120,2577115,0.306524,8407551
2,2021-03-23,83409,3904037,44333,1933667,36167,1886409,2909,83961,52361,1234874,0.146877,30803,1398348,0.16632,56107,2633222,0.313197,8407551
2,2021-03-24,91259,3995296,49072,1982739,39030,1925439,3157,87118,53861,1255606,0.149343,37108,1435456,0.170734,57840,2691062,0.320077,8407551
2,2021-03-25,100860,4096156,50880,2033619,46078,1971517,3902,91020,57416,1274555,0.151596,43134,1478590,0.175865,62083,2753145,0.327461,8407551
2,2021-03-26,102913,4199069,51120,2084739,48302,2019819,3491,94511,56685,1289899,0.153421,45888,1524478,0.181322,61232,2814377,0.334744,8407551
2,2021-03-27,75275,4274344,37577,2122316,34397,2054216,3301,97812,37997,1295000,0.154028,37059,1561537,0.18573,42160,2856537,0.339759,8407551
2,2021-03-28,37495,4311839,23160,2145476,13526,2067742,809,98621,20240,1299712,0.154589,17139,1578676,0.187769,21851,2878388,0.342357,8407551
2,2021-03-29,70875,4382714,36119,2181595,32482,2100224,2274,100895,40585,1313357,0.156212,30110,1608786,0.19135,43755,2922143,0.347562,8407551
2,2021-03-30,91488,4474202,44830,2226425,42291,2142515,4367,105262,51631,1330292,0.158226,39668,1648454,0.196068,56603,2978746,0.354294,8407551
2,2021-03-31,100847,4575049,52051,2278476,43710,2186225,5086,110348,57509,1350183,0.160592,43054,1691508,0.201189,62945,3041691,0.361781,8407551
2,2021-04-01,117103,4692152,56646,2335122,51284,2237509,9173,119521,64059,1371156,0.163086,52701,1744209,0.207457,73674,3115365,0.370544,8407551
2,2021-04-02,111216,4803368,51366,2386488,49728,2287237,10122,129643,60079,1391047,0.165452,50791,1795000,0.213499,70682,3186047,0.378951,8407551
2,2021-04-03,76613,4879981,37544,2424032,29248,2316485,9821,139464,38132,1401121,0.16665,38286,1833286,0.218052,48360,3234407,0.384703,8407551
2,2021-04-04,29002,4908983,14914,2438946,10237,2326722,3851,143315,13088,1402278,0.166788,15825,1849111,0.219935,16982,3251389,0.386722,8407551
2,2021-04-05,78713,4987696,38659,2477605,31308,2358030,8746,152061,38252,1409736,0.167675,40308,1889419,0.224729,47766,3299155,0.392404,8407551
2,2021-04-06,103469,5091165,50427,2528032,38362,2396392,14680,166741,49250,1420112,0.168909,53975,1943394,0.231149,64351,3363506,0.400058,8407551
2,2021-04-07,110074,5201239,54972,2583004,38904,2435296,16198,182939,52050,1430891,0.170191,57761,2001155,0.238019,68540,3432046,0.40821,8407551
2,2021-04-08,119021,5320260,57298,2640302,43048,2478344,18675,201614,55355,1442180,0.171534,63347,2064502,0.245553,74636,3506682,0.417087,8407551
2,2021-04-09,118458,5438718,57097,2697399,43310,2521654,18051,219665,56139,1455289,0.173093,61972,2126474,0.252924,75081,3581763,0.426017,8407551
2,2021-04-10,87142,5525860,37775,2735174,31003,2552657,18364,238029,36061,1459568,0.173602,50833,2177307,0.25897,55112,3636875,0.432572,8407551
2,2021-04-11,44316,5570176,23051,2758225,12802,2565459,8463,246492,18242,1461059,0.173779,25945,2203252,0.262056,27436,3664311,0.435836,8407551
2,2021-04-12,79741,5649917,37170,2795395,33214,2598673,9357,255849,35744,1463417,0.17406,43751,2247003,0.26726,46109,3710420,0.44132,8407551
2,2021-04-13,101564,5751481,52710,2848105,48595,2647268,259,256108,55810,1474861,0.175421,45517,2292520,0.272674,56961,3767381,0.448095,8407551
2,2021-04-14,106562,5858043,55799,2903904,50712,2697980,51,256159,54702,1479461,0.175968,51585,2344105,0.278809,56185,3823566,0.454778,8407551
2,2021-04-15,113062,5971105,60138,2964042,52846,2750826,78,256237,59425,1486740,0.176834,53283,2397388,0.285147,60562,3884128,0.461981,8407551
2,2021-04-16,110438,6081543,57369,3021411,53018,2803844,51,256288,56366,1490238,0.17725,53772,2451160,0.291543,57270,3941398,0.468793,8407551
2,2021-04-17,83229,6164772,42379,3063790,40833,2844677,17,256305,46849,1501827,0.178628,36141,2487301,0.295841,47730,3989128,0.47447,8407551
2,2021-04-18,34401,6199173,20614,3084404,13781,2858458,6,256311,16484,1501508,0.17859,17794,2505095,0.297958,17475,4006603,0.476548,8407551
2,2021-04-19,74283,6273456,39988,3124392,34281,2892739,14,256325,34122,1496365,0.177979,39923,2545018,0.302706,34780,4041383,0.480685,8407551
2,2021-04-20,95733,6369189,47857,3172249,47850,2940589,26,256351,46700,1495132,0.177832,48733,2593751,0.308503,47500,4088883,0.486335,8407551
2,2021-04-21,99738,6468927,52799,3225048,46884,2987473,55,256406,47408,1491566,0.177408,51957,2645708,0.314682,48391,4137274,0.49209,8407551
2,2021-04-22,105672,6574599,54091,3279139,51560,3039033,21,256427,46347,1479860,0.176016,58961,2704669,0.321695,47255,4184529,0.497711,8407551
2,2021-04-23,104951,6679550,55269,3334408,49664,3088697,18,256445,48598,1473391,0.175246,56002,2760671,0.328356,49533,4234062,0.503602,8407551
2,2021-04-24,79641,6759191,47025,3381433,32577,3121274,39,256484,41617,1478260,0.175825,37716,2798387,0.332842,42585,4276647,0.508667,8407551
2,2021-04-25,36089,6795280,22293,3403726,13782,3135056,14,256498,19715,1482197,0.176294,16254,2814641,0.334775,20191,4296838,0.511069,8407551
2,2021-04-26,72509,6867789,39892,3443618,32320,3167376,297,256795,33511,1478678,0.175875,38764,2853405,0.339386,35245,4332083,0.515261,8407551
2,2021-04-27,86805,6954594,45458,3489076,39990,3207366,1357,258152,37342,1469471,0.17478,49128,2902533,0.345229,39921,4372004,0.520009,8407551
2,2021-04-28,85998,7040592,45504,3534580,38647,3246013,1847,259999,37966,1462448,0.173945,47739,2950272,0.350907,40716,4412720,0.524852,8407551
2,2021-04-29,88793,7129385,47910,3582490,39189,3285202,1694,261693,34467,1445202,0.171893,53999,3004271,0.35733,36753,4449473,0.529223,8407551
2,2021-04-30,92453,7221838,50771,3633261,39704,3324906,1978,263671,35752,1427256,0.169759,56321,3060592,0.364029,38375,4487848,0.533788,8407551
2,2021-05-01,61555,7283393,37635,3670896,22367,3347273,1553,265224,23963,1416297,0.168455,37320,3097912,0.368468,26361,4514209,0.536923,8407551
2,2021-05-02,29074,7312467,20162,3691058,7940,3355213,972,266196,11065,1410535,0.16777,17888,3115800,0.370595,12126,4526335,0.538365,8407551
2,2021-05-03,59650,7372117,35320,3726378,22290,3377503,2040,268236,20087,1393605,0.165756,39319,3155119,0.375272,22389,4548724,0.541028,8407551
2,2021-05-04,77913,7450030,46136,3772514,29412,3406915,2365,270601,25436,1369630,0.162905,52172,3207291,0.381477,28197,4576921,0.544382,8407551
2,2021-05-05,78240,7528270,46187,3818701,29711,3436626,2342,272943,24465,1343362,0.15978,53420,3260711,0.387831,27152,4604073,0.547612,8407551
2,2021-05-06,80724,7608994,48510,3867211,29307,3465933,2907,275850,24643,1315886,0.156512,55660,3316371,0.394451,28184,4632257,0.550964,8407551
2,2021-05-07,82049,7691043,47127,3914338,32497,3498430,2425,278275,25239,1287525,0.153139,56479,3372850,0.401169,28118,4660375,0.554308,8407551
2,2021-05-08,53707,7744750,32287,3946625,19726,3518156,1694,279969,16838,1270132,0.15107,36649,3409499,0.405528,19256,4679631,0.556599,8407551
2,2021-05-09,21277,7766027,15286,3961911,5252,3523408,739,280708,6382,1262662,0.150182,14820,3424319,0.407291,7350,4686981,0.557473,8407551
2,2021-05-10,48877,7814904,26498,3988409,20524,3543932,1855,282563,13960,1244384,0.148008,34698,3459017,0.411418,16420,4703401,0.559426,8407551
2,2021-05-11,63727,7878631,33857,4022266,27784,3571716,2086,284649,19333,1222344,0.145386,44133,3503150,0.416667,22093,4725494,0.562054,8407551
2,2021-05-12,63711,7942342,33875,4056141,27640,3599356,2196,286845,19541,1200571,0.142797,43895,3547045,0.421888,22122,4747616,0.564685,8407551
2,2021-05-13,69144,8011486,40073,4096214,27143,3626499,1928,288773,25671,1185676,0.141025,43214,3590259,0.427028,28319,4775935,0.568053,8407551
2,2021-05-14,77932,8089418,46572,4142786,29125,3655624,2235,291008,30248,1171471,0.139336,47337,3637596,0.432658,33132,4809067,0.571994,8407551
2,2021-05-15,65206,8154624,42792,4185578,20709,3676333,1705,292713,25237,1159030,0.137856,39750,3677346,0.437386,27309,4836376,0.575242,8407551
2,2021-05-16,30581,8185205,22767,4208345,6896,3683229,918,293631,12339,1154285,0.137291,18128,3695474,0.439542,13383,4849759,0.576834,8407551
2,2021-05-17,57317,8242522,36300,4244645,19084,3702313,1933,295564,22914,1145293,0.136222,34199,3729673,0.44361,25207,4874966,0.579832,8407551
2,2021-05-18,69256,8311778,40406,4285051,26899,3729212,1951,297515,27812,1134402,0.134927,41193,3770866,0.448509,30302,4905268,0.583436,8407551
2,2021-05-19,67965,8379743,40250,4325301,25736,3754948,1979,299494,27596,1124344,0.13373,40095,3810961,0.453278,30037,4935305,0.587009,8407551
2,2021-05-20,68244,8447987,39496,4364797,26587,3781535,2161,301655,26450,1112052,0.132268,41495,3852456,0.458214,29203,4964508,0.590482,8407551
2,2021-05-21,71699,8519686,42308,4407105,27258,3808793,2133,303788,28116,1099589,0.130786,43258,3895714,0.463359,30795,4995303,0.594145,8407551
2,2021-05-22,52882,8572568,33472,4440577,17620,3826413,1790,305578,22114,1093449,0.130056,30564,3926278,0.466994,24424,5019727,0.59705,8407551
2,2021-05-23,23308,8595876,15847,4456424,6735,3833148,726,306304,10015,1091151,0.129782,13175,3939453,0.468561,10877,5030604,0.598344,8407551
2,2021-05-24,43438,8639314,24391,4480815,17304,3850452,1743,308047,16649,1083295,0.128848,26583,3966036,0.471723,18727,5049331,0.600571,8407551
2,2021-05-25,50387,8689701,29522,4510337,19010,3869462,1855,309902,19438,1074466,0.127798,30660,3996696,0.47537,21831,5071162,0.603168,8407551
2,2021-05-26,48248,8737949,27092,4537429,19494,3888956,1662,311564,19241,1067012,0.126911,28698,4025394,0.478783,21244,5092406,0.605694,8407551
2,2021-05-27,46354,8784303,26268,4563697,18354,3907310,1732,313296,18917,1060949,0.12619,27213,4052607,0.48202,21150,5113556,0.60821,8407551
2,2021-05-28,49462,8833765,27351,4591048,20164,3927474,1947,315243,21032,1056161,0.125621,28191,4080798,0.485373,23403,5136959,0.610993,8407551
2,2021-05-29,28796,8862561,17238,4608286,10511,3937985,1047,316290,13510,1055742,0.125571,15142,4095940,0.487174,14723,5151682,0.612745,8407551
2,2021-05-30,12498,8875059,8042,4616328,3700,3941685,756,317046,5593,1055298,0.125518,6861,4102801,0.48799,6417,5158099,0.613508,8407551
2,2021-05-31,5842,8880901,3413,4619741,2128,3943813,301,317347,1831,1053514,0.125306,3966,4106767,0.488462,2182,5160281,0.613767,8407551
2,2021-06-01,44302,8925203,25530,4645271,17194,3961007,1578,318925,16172,1043783,0.124148,27859,4134626,0.491775,18128,5178409,0.615924,8407551
2,2021-06-02,37853,8963056,22250,4667521,14210,3975217,1393,320318,15213,1038281,0.123494,22399,4157025,0.494439,16897,5195306,0.617933,8407551
2,2021-06-03,41075,9004131,26494,4694015,13142,3988359,1439,321757,14282,1027815,0.122249,26567,4183592,0.497599,16101,5211407,0.619848,8407551
2,2021-06-04,47497,9051628,30998,4725013,14973,4003332,1526,323283,15841,1014316,0.120643,31386,4214978,0.501332,17887,5229294,0.621976,8407551
2,2021-06-05,37378,9089006,26663,4751676,9276,4012608,1439,324722,12029,1003059,0.119305,25134,4240112,0.504322,13877,5243171,0.623626,8407551
2,2021-06-06,14650,9103656,12024,4763700,2049,4014657,577,325299,4988,999198,0.118845,9605,4249717,0.505464,5744,5248915,0.62431,8407551
2,2021-06-07,32872,9136528,23002,4786702,8605,4023262,1265,326564,10893,989747,0.117721,21845,4271562,0.508063,12394,5261309,0.625784,8407551
2,2021-06-08,40239,9176767,28549,4815251,10337,4033599,1353,327917,12697,976859,0.116188,27306,4298868,0.51131,14418,5275727,0.627499,8407551
2,2021-06-09,37735,9214502,26371,4841622,9879,4043478,1485,329402,11522,964160,0.114678,26027,4324895,0.514406,13328,5289055,0.629084,8407551
2,2021-06-10,37345,9251847,26019,4867641,9839,4053317,1487,330889,11751,952460,0.113286,25397,4350292,0.517427,13697,5302752,0.630713,8407551
2,2021-06-11,40771,9292618,27052,4894693,12073,4065390,1646,332535,13226,940320,0.111842,27297,4377589,0.520673,15157,5317909,0.632516,8407551
2,2021-06-12,29101,9321719,21417,4916110,6775,4072165,909,333444,8700,929859,0.110598,20278,4397867,0.523085,9817,5327726,0.633683,8407551
2,2021-06-13,12017,9333736,8751,4924861,2656,4074821,610,334054,3138,924957,0.110015,8818,4406685,0.524134,3916,5331642,0.634149,8407551
2,2021-06-14,29451,9363187,20925,4945786,7353,4082174,1173,335227,10585,918201,0.109211,18718,4425403,0.526361,11962,5343604,0.635572,8407551
2,2021-06-15,35263,9398450,23493,4969279,9750,4091924,2020,337247,12047,909648,0.108194,22992,4448395,0.529095,14439,5358043,0.637289,8407551
2,2021-06-16,32501,9430951,22435,4991714,8309,4100233,1757,339004,11309,901976,0.107282,21031,4469426,0.531597,13359,5371402,0.638878,8407551
2,2021-06-17,29983,9460934,20094,5011808,8192,4108425,1697,340701,10690,895436,0.106504,19125,4488551,0.533871,12585,5383987,0.640375,8407551
2,2021-06-18,33623,9494557,22161,5033969,9675,4118100,1787,342488,12357,888775,0.105712,21067,4509618,0.536377,14406,5398393,0.642089,8407551
2,2021-06-19,20352,9514909,14254,5048223,4919,4123019,1179,343667,7763,885461,0.105317,12433,4522051,0.537856,9119,5407512,0.643173,8407551
2,2021-06-20,8173,9523082,5825,5054048,1890,4124909,458,344125,3057,883970,0.10514,5072,4527123,0.538459,3581,5411093,0.643599,8407551
2,2021-06-21,18524,9541606,11351,5065399,5953,4130862,1220,345345,9548,886050,0.105387,8863,4535986,0.539513,10943,5422036,0.644901,8407551
2,2021-06-22,13245,9554851,9196,5074595,3145,4134007,904,346249,4990,883926,0.105135,8177,4544163,0.540486,6053,5428089,0.645621,8407551
3,2020-12-15,301,301,301,301,0,0,0,0,301,301,3.7e-05,0,0,0.0,301,301,3.7e-05,8129050
3,2020-12-16,2311,2612,2311,2612,0,0,0,0,2312,2613,0.000321,0,0,0.0,2312,2613,0.000321,8129050
3,2020-12-17,7802,10414,7802,10414,0,0,0,0,7802,10415,0.001281,0,0,0.0,7802,10415,0.001281,8129050
3,2020-12-18,13384,23798,13371,23785,13,13,0,0,13384,23799,0.002928,0,0,0.0,13384,23799,0.002928,8129050
3,2020-12-19,7213,31011,7202,30987,11,24,0,0,7277,31076,0.003823,0,0,0.0,7277,31076,0.003823,8129050
3,2020-12-20,5655,36666,5648,36635,7,31,0,0,5702,36777,0.004524,1,1,0.0,5702,36778,0.004524,8129050
3,2020-12-21,14343,51009,14318,50953,25,56,0,0,14406,51182,0.006296,1,2,0.0,14406,51184,0.006296,8129050
3,2020-12-22,14776,65785,14200,65153,576,632,0,0,14815,65996,0.008119,1,3,0.0,14815,65999,0.008119,8129050
3,2020-12-23,14804,80589,12198,77351,2606,3238,0,0,14832,80828,0.009943,1,4,0.0,14833,80832,0.009944,8129050
3,2020-12-24,6773,87362,4859,82210,1914,5152,0,0,6771,87598,0.010776,1,5,1e-06,6771,87603,0.010777,8129050
3,2020-12-25,720,88082,663,82873,57,5209,0,0,719,88317,0.010864,0,5,1e-06,719,88322,0.010865,8129050
3,2020-12-26,4607,92689,2993,85866,1614,6823,0,0,4605,92922,0.011431,0,5,1e-06,4605,92927,0.011431,8129050
3,2020-12-27,2982,95671,1854,87720,1128,7951,0,0,2982,95904,0.011798,0,5,1e-06,2982,95909,0.011798,8129050
3,2020-12-28,13590,109261,8692,96412,4898,12849,0,0,13616,109519,0.013473,1,6,1e-06,13616,109525,0.013473,8129050
3,2020-12-29,15004,124265,8460,104872,6544,19393,0,0,15031,124548,0.015321,2,8,1e-06,15031,124556,0.015322,8129050
3,2020-12-30,18013,142278,10027,114899,7986,27379,0,0,18000,142547,0.017536,2,10,1e-06,18001,142557,0.017537,8129050
3,2020-12-31,8425,150703,3235,118134,5190,32569,0,0,8425,150971,0.018572,1,11,1e-06,8425,150982,0.018573,8129050
3,2021-01-01,1347,152050,624,118758,723,33292,0,0,1344,152314,0.018737,1,12,1e-06,1344,152326,0.018738,8129050
3,2021-01-02,4933,156983,2419,121177,2514,35806,0,0,4933,157247,0.019344,0,12,1e-06,4933,157259,0.019345,8129050
3,2021-01-03,1612,158595,847,122024,765,36571,0,0,1602,158846,0.019541,3,15,2e-06,1602,158861,0.019542,8129050
3,2021-01-04,11997,170592,5958,127982,6039,42610,0,0,11971,170810,0.021012,7,22,3e-06,11971,170832,0.021015,8129050
3,2021-01-05,15652,186244,8096,136078,7556,50166,0,0,14026,183249,0.022542,1614,1636,0.000201,14053,184885,0.022744,8129050
3,2021-01-06,20506,206750,10821,146899,9685,59851,0,0,16036,194864,0.023971,4429,6065,0.000746,16044,200929,0.024717,8129050
3,2021-01-07,26478,233228,15122,162021,11356,71207,0,0,17113,202657,0.02493,9336,15401,0.001895,17129,218058,0.026825,8129050
3,2021-01-08,30379,263607,18535,180556,11844,83051,0,0,18044,208409,0.025638,12314,27715,0.003409,18066,236124,0.029047,8129050
3,2021-01-09,12380,275987,6994,187550,5386,88437,0,0,7875,211794,0.026054,4499,32214,0.003963,7884,244008,0.030017,8129050
3,2021-01-10,7183,283170,4456,192006,2727,91164,0,0,4048,212714,0.026167,3133,35347,0.004348,4053,248061,0.030515,8129050
3,2021-01-11,29008,312178,18988,210994,10020,101184,0,0,16410,216576,0.026642,12591,47938,0.005897,16453,264514,0.032539,8129050
3,2021-01-12,32245,344423,19281,230275,12964,114148,0,0,19791,224017,0.027558,12435,60373,0.007427,19876,284390,0.034984,8129050
3,2021-01-13,34437,378860,17971,248246,16466,130614,0,0,24250,238098,0.02929,10188,70561,0.00868,24269,308659,0.03797,8129050
3,2021-01-14,34555,413415,14175,262421,20380,150994,0,0,28663,260934,0.032099,5862,76423,0.009401,28698,337357,0.0415,8129050
3,2021-01-15,38840,452255,14442,276863,24398,175392,0,0,34175,290519,0.035738,4655,81078,0.009974,34240,371597,0.045712,8129050
3,2021-01-16,21599,473854,7410,284273,14189,189581,0,0,19285,307524,0.03783,2301,83379,0.010257,19306,390903,0.048087,8129050
3,2021-01-17,13118,486972,4447,288720,8671,198252,0,0,12081,318589,0.039191,1035,84414,0.010384,12100,403003,0.049576,8129050
3,2021-01-18,24780,511752,12954,301674,11826,210078,0,0,19232,332298,0.040878,5565,89979,0.011069,19274,422277,0.051947,8129050
3,2021-01-19,40928,552680,20920,322594,20008,230086,0,0,31846,355172,0.043692,9058,99037,0.012183,31932,454209,0.055875,8129050
3,2021-01-20,45338,598018,22333,344927,23005,253091,0,0,35981,381922,0.046982,9314,108351,0.013329,36064,490273,0.060311,8129050
3,2021-01-21,47750,645768,20625,365552,27125,280216,0,0,42289,418893,0.05153,5386,113737,0.013991,42357,532630,0.065522,8129050
3,2021-01-22,49724,695492,19810,385362,29914,310130,0,0,45578,460393,0.056636,4148,117885,0.014502,45648,578278,0.071137,8129050
3,2021-01-23,30247,725739,12822,398184,17425,327555,0,0,26969,484145,0.059557,3269,121154,0.014904,27021,605299,0.074461,8129050
3,2021-01-24,17681,743420,8505,406689,9176,336731,0,0,16520,499538,0.061451,1158,122312,0.015046,16551,621850,0.076497,8129050
3,2021-01-25,40718,784138,18157,424846,22561,359292,0,0,30784,520496,0.064029,9912,132224,0.016266,30870,652720,0.080295,8129050
3,2021-01-26,47184,831322,22571,447417,24613,383905,0,0,37101,547629,0.067367,10073,142297,0.017505,37206,689926,0.084872,8129050
3,2021-01-27,51387,882709,24521,471938,26866,410771,0,0,40812,578016,0.071105,10505,152802,0.018797,40892,730818,0.089902,8129050
3,2021-01-28,51739,934448,24078,496016,27661,438432,0,0,42836,612091,0.075297,8817,161619,0.019882,42892,773710,0.095178,8129050
3,2021-01-29,50873,985321,24508,520524,26365,464797,0,0,41221,643897,0.079209,9464,171083,0.021046,41270,814980,0.100255,8129050
3,2021-01-30,37213,1022534,17864,538388,19349,484146,0,0,32522,671862,0.08265,4638,175721,0.021616,32603,847583,0.104266,8129050
3,2021-01-31,22295,1044829,12825,551213,9470,493616,0,0,20908,691415,0.085055,1374,177095,0.021785,20927,868510,0.10684,8129050
3,2021-02-01,45781,1090610,20937,572150,24844,518460,0,0,35007,715733,0.088046,10732,187827,0.023106,35050,903560,0.111152,8129050
3,2021-02-02,54292,1144902,22622,594772,31670,550130,0,0,41908,745400,0.091696,12297,200124,0.024618,41964,945524,0.116314,8129050
3,2021-02-03,59959,1204861,26752,621524,33207,583337,0,0,44674,775030,0.095341,15126,215250,0.026479,44756,990280,0.12182,8129050
3,2021-02-04,64254,1269115,27940,649464,36314,619651,0,0,47136,805360,0.099072,16928,232178,0.028562,47258,1037538,0.127633,8129050
3,2021-02-05,70083,1339198,29795,679259,40288,659939,0,0,48537,832772,0.102444,21320,253498,0.031184,48732,1086270,0.133628,8129050
3,2021-02-06,43380,1382578,21041,700300,22339,682278,0,0,33801,857208,0.10545,9547,263045,0.032359,33983,1120253,0.137809,8129050
3,2021-02-07,19744,1402322,12587,712887,7157,689435,0,0,15198,867999,0.106777,4531,267576,0.032916,15322,1135575,0.139693,8129050
3,2021-02-08,51429,1453751,24998,737885,26431,715866,0,0,33814,884493,0.108806,17508,285084,0.03507,34002,1169577,0.143876,8129050
3,2021-02-09,58433,1512184,28518,766403,29915,745781,0,0,34303,895199,0.110123,23954,309038,0.038016,34660,1204237,0.14814,8129050
3,2021-02-10,68019,1580203,31752,798155,36267,782048,0,0,36856,901673,0.11092,30935,339973,0.041822,37409,1241646,0.152742,8129050
3,2021-02-11,70549,1650752,34844,832999,35705,817753,0,0,37860,907758,0.111668,32347,372320,0.045801,38432,1280078,0.15747,8129050
3,2021-02-12,75319,1726071,32675,865674,42644,860397,0,0,41662,916860,0.112788,33361,405681,0.049905,42463,1322541,0.162693,8129050
3,2021-02-13,44603,1770674,20341,886015,24262,884659,0,0,25732,924416,0.113718,18771,424452,0.052214,26327,1348868,0.165932,8129050
3,2021-02-14,27200,1797874,13598,899613,13602,898261,0,0,15194,928130,0.114174,11957,436409,0.053685,15671,1364539,0.16786,8129050
3,2021-02-15,39909,1837783,17172,916785,22737,920998,0,0,22113,933469,0.114831,17710,454119,0.055864,23049,1387588,0.170695,8129050
3,2021-02-16,69818,1907601,33078,949863,36740,957738,0,0,36302,937429,0.115318,33383,487502,0.05997,37343,1424931,0.175289,8129050
3,2021-02-17,71517,1979118,36218,986081,35299,993037,0,0,34031,935260,0.115052,37273,524775,0.064556,35104,1460035,0.179607,8129050
3,2021-02-18,76651,2055769,40077,1026158,36574,1029611,0,0,35554,931208,0.114553,40949,565724,0.069593,36897,1496932,0.184146,8129050
3,2021-02-19,68510,2124279,39520,1065678,28990,1058601,0,0,34618,932733,0.114741,33786,599510,0.073749,35311,1532243,0.18849,8129050
3,2021-02-20,42223,2166502,26770,1092448,15453,1074054,0,0,22243,935584,0.115091,19889,619399,0.076196,22740,1554983,0.191287,8129050
3,2021-02-21,22933,2189435,19098,1111546,3835,1077889,0,0,10890,934890,0.115006,11966,631365,0.077668,11272,1566255,0.192674,8129050
3,2021-02-22,45500,2234935,29646,1141192,15854,1093743,0,0,21548,933048,0.114779,23873,655238,0.080604,22031,1588286,0.195384,8129050
3,2021-02-23,60973,2295908,33270,1174462,27703,1121446,0,0,26917,928040,0.114163,33912,689150,0.084776,28904,1617190,0.19894,8129050
3,2021-02-24,76856,2372764,37671,1212133,39185,1160631,0,0,34246,922352,0.113464,42446,731596,0.089998,36758,1653948,0.203461,8129050
3,2021-02-25,86241,2459005,41955,1254088,44286,1204917,0,0,43209,925354,0.113833,42799,774395,0.095263,45801,1699749,0.209096,8129050
3,2021-02-26,97168,2556173,44475,1298563,52693,1257610,0,0,51614,933957,0.114891,45212,819607,0.100824,53815,1753564,0.215716,8129050
3,2021-02-27,68466,2624639,31552,1330115,36911,1294521,3,3,36442,939874,0.115619,31837,851444,0.104741,37754,1791318,0.22036,8129050
3,2021-02-28,39447,2664086,23129,1353244,16316,1310837,2,5,20736,943000,0.116004,18560,870004,0.107024,21686,1813004,0.223028,8129050
3,2021-03-01,67777,2731863,36131,1389375,31624,1342461,22,27,37831,952419,0.117162,29774,899778,0.110687,39193,1852197,0.227849,8129050
3,2021-03-02,78140,2810003,38678,1428053,39454,1381915,8,35,45746,967974,0.119076,32265,932043,0.114656,47820,1900017,0.233732,8129050
3,2021-03-03,89065,2899068,42815,1470868,46233,1428148,17,52,49938,981261,0.12071,38934,970977,0.119445,52221,1952238,0.240156,8129050
3,2021-03-04,93099,2992167,45719,1516587,47362,1475510,18,70,53023,996704,0.12261,39872,1010849,0.12435,55315,2007553,0.24696,8129050
3,2021-03-05,89479,3081646,44000,1560587,45189,1520699,290,360,54701,1019359,0.125397,34557,1045406,0.128601,57212,2064765,0.253998,8129050
3,2021-03-06,64993,3146639,32965,1593552,29883,1550582,2145,2505,37333,1032785,0.127049,27528,1072934,0.131988,40954,2105719,0.259036,8129050
3,2021-03-07,37559,3184198,22451,1616003,13969,1564551,1139,3644,21670,1040928,0.12805,15833,1088767,0.133935,23976,2129695,0.261986,8129050
3,2021-03-08,59078,3243276,28309,1644312,27904,1592455,2865,6509,37545,1061499,0.130581,21388,1110155,0.136566,41959,2171654,0.267147,8129050
3,2021-03-09,76415,3319691,35480,1679792,36560,1629015,4375,10884,41311,1073374,0.132042,34983,1145138,0.14087,46858,2218512,0.272912,8129050
3,2021-03-10,82384,3402075,41231,1721023,35093,1664108,6060,16944,43184,1085025,0.133475,38999,1184137,0.145667,50650,2269162,0.279142,8129050
3,2021-03-11,96537,3498612,47187,1768210,40789,1704897,8561,25505,47512,1093417,0.134507,48778,1232915,0.151668,57170,2326332,0.286175,8129050
3,2021-03-12,101623,3600235,45425,1813635,44334,1749231,11864,37369,46725,1098492,0.135132,54691,1287606,0.158396,59766,2386098,0.293527,8129050
3,2021-03-13,69625,3669860,29604,1843239,32770,1782001,7251,44620,36617,1110834,0.13665,32900,1320506,0.162443,45242,2431340,0.299093,8129050
3,2021-03-14,40779,3710639,21546,1864785,15678,1797679,3555,48175,20817,1115949,0.137279,19891,1340397,0.16489,25006,2456346,0.302169,8129050
3,2021-03-15,75471,3786110,35879,1900664,35049,1832728,4543,52718,39934,1126089,0.138527,35344,1375741,0.169238,45484,2501830,0.307764,8129050
3,2021-03-16,94818,3880928,43720,1944384,46769,1879497,4329,57047,53624,1143984,0.140728,40988,1416729,0.17428,58883,2560713,0.315008,8129050
3,2021-03-17,97904,3978832,47617,1992001,45767,1925264,4520,61567,59773,1171036,0.144056,37918,1454647,0.178944,64970,2625683,0.323,8129050
3,2021-03-18,103273,4082105,52567,2044568,46209,1971473,4497,66064,59764,1192603,0.146709,43262,1497909,0.184266,64829,2690512,0.330975,8129050
3,2021-03-19,102793,4184898,55173,2099741,43180,2014653,4440,70504,57794,1210647,0.148928,44750,1542659,0.189771,62794,2753306,0.3387,8129050
3,2021-03-20,71359,4256257,36866,2136607,30862,2045515,3631,74135,44258,1232117,0.15157,26928,1569587,0.193084,48398,2801704,0.344653,8129050
3,2021-03-21,35978,4292235,24570,2161177,9902,2055417,1506,75641,22473,1243160,0.152928,13415,1583002,0.194734,24458,2826162,0.347662,8129050
3,2021-03-22,70095,4362330,41209,2202386,26366,2081783,2520,78161,44940,1266686,0.155822,24953,1607955,0.197804,48479,2874641,0.353626,8129050
3,2021-03-23,89588,4451918,49568,2251954,37486,2119269,2534,80695,55310,1291200,0.158838,34041,1641996,0.201991,58555,2933196,0.360829,8129050
3,2021-03-24,98400,4550318,56675,2308629,38817,2158086,2908,83603,56375,1309401,0.161077,41689,1683685,0.20712,59890,2993086,0.368196,8129050
3,2021-03-25,107023,4657341,59466,2368095,44606,2202692,2951,86554,60755,1327790,0.163339,45963,1729648,0.212774,64352,3057438,0.376113,8129050
3,2021-03-26,110186,4767527,59202,2427297,47697,2250389,3287,89841,57356,1336745,0.16444,52537,1782185,0.219237,61492,3118930,0.383677,8129050
3,2021-03-27,74267,4841794,37821,2465118,33900,2284289,2546,92387,36183,1338260,0.164627,37886,1820071,0.223897,39401,3158331,0.388524,8129050
3,2021-03-28,44000,4885794,27858,2492976,15335,2299624,807,93194,22374,1340477,0.1649,21521,1841592,0.226545,23738,3182069,0.391444,8129050
3,2021-03-29,80329,4966123,42018,2534994,36475,2336099,1836,95030,44277,1351578,0.166265,35827,1877419,0.230952,46928,3228997,0.397217,8129050
3,2021-03-30,99934,5066057,49139,2584133,47164,2383263,3631,98661,56215,1368548,0.168353,43477,1920896,0.2363,60447,3289444,0.404653,8129050
3,2021-03-31,104686,5170743,56522,2640655,43336,2426599,4828,103489,56123,1381465,0.169942,48368,1969264,0.24225,61285,3350729,0.412192,8129050
3,2021-04-01,123258,5294001,62384,2703039,51191,2477790,9683,113172,66826,1402225,0.172496,56086,2025350,0.24915,76846,3427575,0.421645,8129050
3,2021-04-02,117659,5411660,57492,2760531,49868,2527658,10299,123471,62415,1420438,0.174736,54993,2080343,0.255915,73206,3500781,0.430651,8129050
3,2021-04-03,75933,5487593,38819,2799350,27888,2555546,9226,132697,37949,1430093,0.175924,37853,2118196,0.260571,47508,3548289,0.436495,8129050
3,2021-04-04,32353,5519946,17278,2816628,10867,2566413,4208,136905,14223,1430510,0.175975,18053,2136249,0.262792,18470,3566759,0.438767,8129050
3,2021-04-05,89100,5609046,45348,2861976,34637,2601050,9115,146020,43724,1439010,0.177021,45176,2181425,0.268349,53676,3620435,0.44537,8129050
3,2021-04-06,113187,5722233,55125,2917101,42901,2643951,15161,161181,53427,1448809,0.178226,59511,2240936,0.27567,69310,3689745,0.453896,8129050
3,2021-04-07,115976,5838209,60064,2977165,39640,2683591,16272,177453,56306,1462227,0.179877,59431,2300367,0.282981,72849,3762594,0.462858,8129050
3,2021-04-08,121241,5959450,60396,3037561,40740,2724331,20105,197558,56352,1474869,0.181432,64608,2364975,0.290929,77250,3839844,0.472361,8129050
3,2021-04-09,118181,6077631,58932,3096493,40139,2764470,19110,216668,52039,1481020,0.182189,65918,2430893,0.299038,72069,3911913,0.481226,8129050
3,2021-04-10,83630,6161261,37818,3134311,30595,2795065,15217,231885,34185,1481964,0.182305,49289,2480182,0.305101,50233,3962146,0.487406,8129050
3,2021-04-11,45131,6206392,24268,3158579,12884,2807949,7979,239864,17335,1480406,0.182113,27711,2507893,0.30851,26153,3988299,0.490623,8129050
3,2021-04-12,83800,6290192,42367,3200946,32671,2840620,8762,248626,38191,1483055,0.182439,45390,2553283,0.314094,48039,4036338,0.496533,8129050
3,2021-04-13,105248,6395440,57032,3257978,48003,2888623,213,248839,55764,1490643,0.183372,49272,2602555,0.320155,56860,4093198,0.503527,8129050
3,2021-04-14,107370,6502810,58729,3316707,48544,2937167,97,248936,53599,1492265,0.183572,53502,2656057,0.326736,55124,4148322,0.510308,8129050
3,2021-04-15,119255,6622065,67180,3383887,52006,2989173,69,249005,64124,1502409,0.18482,54848,2710905,0.333484,64992,4213314,0.518303,8129050
3,2021-04-16,115213,6737278,64721,3448608,50397,3039570,95,249100,60354,1508952,0.185625,54577,2765482,0.340197,61120,4274434,0.525822,8129050
3,2021-04-17,79003,6816281,43257,3491865,35734,3075304,12,249112,44138,1519413,0.186912,34660,2800142,0.344461,45121,4319555,0.531373,8129050
3,2021-04-18,37388,6853669,22206,3514071,15179,3090483,3,249115,17631,1518262,0.18677,19660,2819802,0.34688,18509,4338064,0.53365,8129050
3,2021-04-19,78701,6932370,43890,3557961,34758,3125241,53,249168,35655,1511631,0.185954,42866,2862668,0.352153,36235,4374299,0.538107,8129050
3,2021-04-20,98773,7031143,51214,3609175,47543,3172784,16,249184,48156,1510457,0.18581,50398,2913066,0.358353,49224,4423523,0.544162,8129050
3,2021-04-21,101759,7132902,55907,3665082,45785,3218569,67,249251,48292,1506680,0.185345,53162,2966228,0.364892,49385,4472908,0.550237,8129050
3,2021-04-22,109149,7242051,60769,3725851,48361,3266930,19,249270,47062,1492930,0.183654,61790,3028018,0.372493,48040,4520948,0.556147,8129050
3,2021-04-23,103405,7345456,58520,3784371,44862,3311792,23,249293,45400,1481674,0.182269,57676,3085694,0.379589,46420,4567368,0.561858,8129050
3,2021-04-24,73015,7418471,45238,3829609,27713,3339505,64,249357,35637,1481226,0.182214,37132,3122826,0.384156,36684,4604052,0.56637,8129050
3,2021-04-25,36319,7454790,23381,3852990,12921,3352426,17,249374,18725,1482892,0.182419,17465,3140291,0.386305,19131,4623183,0.568724,8129050
3,2021-04-26,72525,7527315,40710,3893700,31418,3383844,397,249771,30993,1474323,0.181365,41296,3181587,0.391385,32727,4655910,0.57275,8129050
3,2021-04-27,89712,7617027,46749,3940449,41232,3425076,1731,251502,35644,1458678,0.17944,53786,3235373,0.398001,38141,4694051,0.577442,8129050
3,2021-04-28,84874,7701901,47724,3988173,35031,3460107,2119,253621,34745,1446205,0.177906,49864,3285237,0.404135,37391,4731442,0.582041,8129050
3,2021-04-29,87010,7788911,49287,4037460,35532,3495639,2191,255812,31004,1424156,0.175193,55724,3340961,0.41099,33675,4765117,0.586184,8129050
3,2021-04-30,88746,7877657,49710,4087170,36561,3532200,2475,258287,32895,1404431,0.172767,55552,3396513,0.417824,35827,4800944,0.590591,8129050
3,2021-05-01,54667,7932324,34453,4121623,18771,3550971,1443,259730,19679,1391246,0.171145,34792,3431305,0.422104,21607,4822551,0.593249,8129050
3,2021-05-02,26805,7959129,18290,4139913,7504,3558475,1011,260741,9835,1385314,0.170415,16878,3448183,0.42418,10946,4833497,0.594596,8129050
3,2021-05-03,59031,8018160,34529,4174442,22148,3580623,2354,263095,17318,1363640,0.167749,41526,3489709,0.429289,19852,4853349,0.597038,8129050
3,2021-05-04,75672,8093832,43286,4217728,29736,3610359,2650,265745,22104,1335372,0.164272,53303,3543012,0.435846,25035,4878384,0.600117,8129050
3,2021-05-05,77080,8170912,45831,4263559,28560,3638919,2689,268434,21472,1304473,0.160471,55315,3598327,0.44265,24416,4902800,0.603121,8129050
3,2021-05-06,81559,8252471,51223,4314782,27819,3666738,2517,270951,20331,1267079,0.15587,60790,3659117,0.450128,23396,4926196,0.605999,8129050
3,2021-05-07,81205,8333676,50414,4365196,28179,3694917,2612,273563,21589,1232273,0.151589,59296,3718413,0.457423,24490,4950686,0.609012,8129050
3,2021-05-08,50783,8384459,31274,4396470,17818,3712735,1691,275254,13487,1210654,0.148929,37056,3755469,0.461981,15437,4966123,0.610911,8129050
3,2021-05-09,20364,8404823,14798,4411268,4789,3717524,777,276031,5543,1202306,0.147902,14735,3770204,0.463794,6387,4972510,0.611696,8129050
3,2021-05-10,46897,8451720,25014,4436282,19988,3737512,1895,277926,11108,1179965,0.145154,35605,3805809,0.468174,13264,4985774,0.613328,8129050
3,2021-05-11,61726,8513446,33899,4470181,25635,3763147,2192,280118,15698,1152496,0.141775,45810,3851619,0.473809,18341,5004115,0.615584,8129050
3,2021-05-12,63493,8576939,36428,4506609,24676,3787823,2389,282507,17152,1126213,0.138542,46120,3897739,0.479483,19837,5023952,0.618024,8129050
3,2021-05-13,73663,8650602,46439,4553048,25341,3813164,1883,284390,27336,1109939,0.13654,46101,3943840,0.485154,29827,5053779,0.621694,8129050
3,2021-05-14,78357,8728959,49484,4602532,26763,3839927,2110,286500,30829,1096195,0.134849,47278,3991118,0.49097,33534,5087313,0.625819,8129050
3,2021-05-15,61043,8790002,42010,4644542,17833,3857760,1200,287700,25194,1087132,0.133734,35666,4026784,0.495357,26603,5113916,0.629091,8129050
3,2021-05-16,31725,8821727,23769,4668311,7273,3865033,683,288383,12726,1081724,0.133069,18898,4045682,0.497682,13490,5127406,0.630751,8129050
3,2021-05-17,56290,8878017,35829,4704140,18636,3883669,1825,290208,21098,1069901,0.131615,34945,4080627,0.501981,23122,5150528,0.633595,8129050
3,2021-05-18,63668,8941685,37601,4741741,24225,3907894,1842,292050,24345,1057401,0.130077,39073,4119700,0.506787,26573,5177101,0.636864,8129050
3,2021-05-19,62948,9004633,38425,4780166,22792,3930686,1731,293781,25207,1047099,0.12881,37511,4157211,0.511402,27209,5204310,0.640211,8129050
3,2021-05-20,60452,9065085,35387,4815553,23248,3953934,1817,295598,22304,1033671,0.127158,37885,4195096,0.516062,24457,5228767,0.64322,8129050
3,2021-05-21,65055,9130140,39634,4855187,23332,3977266,2089,297687,23969,1019204,0.125378,40807,4235903,0.521082,26340,5255107,0.64646,8129050
3,2021-05-22,45111,9175251,29891,4885078,13743,3991009,1477,299164,18816,1013633,0.124693,26109,4262012,0.524294,20538,5275645,0.648987,8129050
3,2021-05-23,20578,9195829,14274,4899352,5660,3996669,644,299808,8934,1011758,0.124462,11566,4273578,0.525717,9691,5285336,0.650179,8129050
3,2021-05-24,38384,9234213,22231,4921583,14416,4011085,1737,301545,14243,1003963,0.123503,23972,4297550,0.528666,16177,5301513,0.652169,8129050
3,2021-05-25,42342,9276555,23887,4945470,16803,4027888,1652,303197,15303,994337,0.122319,26800,4324350,0.531963,17174,5318687,0.654281,8129050
3,2021-05-26,42007,9318562,24079,4969549,16213,4044101,1715,304912,16082,986617,0.121369,25649,4349999,0.535118,17929,5336616,0.656487,8129050
3,2021-05-27,38904,9357466,21756,4991305,15403,4059504,1745,306657,15448,980725,0.120644,23315,4373314,0.537986,17423,5354039,0.65863,8129050
3,2021-05-28,42370,9399836,24004,5015309,16597,4076101,1769,308426,17851,976317,0.120102,24341,4397655,0.54098,19933,5373972,0.661082,8129050
3,2021-05-29,23229,9423065,14185,5029494,8212,4084313,832,309258,11165,976482,0.120123,11951,4409606,0.54245,12116,5386088,0.662573,8129050
3,2021-05-30,10484,9433549,6792,5036286,3057,4087370,635,309893,4528,975794,0.120038,5892,4415498,0.543175,5204,5391292,0.663213,8129050
3,2021-05-31,4582,9438131,2647,5038933,1669,4089039,266,310159,1457,974445,0.119872,3098,4418596,0.543556,1749,5393041,0.663428,8129050
3,2021-06-01,37374,9475505,21548,5060481,14405,4103444,1421,311580,13787,966457,0.118889,23389,4441985,0.546433,15401,5408442,0.665323,8129050
3,2021-06-02,31315,9506820,18024,5078505,11888,4115332,1403,312983,11944,960754,0.118188,19175,4461160,0.548792,13472,5421914,0.66698,8129050
3,2021-06-03,39364,9546184,26958,5105463,10982,4126314,1424,314407,11919,947044,0.116501,27275,4488435,0.552148,13565,5435479,0.668649,8129050
3,2021-06-04,45802,9591986,32426,5137889,11847,4138161,1529,315936,13604,930607,0.114479,31975,4520410,0.556081,15538,5451017,0.67056,8129050
3,2021-06-05,34038,9626024,25671,5163560,7186,4145347,1181,317117,9008,916132,0.112699,24833,4545243,0.559136,10358,5461375,0.671834,8129050
3,2021-06-06,14351,9640375,11976,5175536,1799,4147146,576,317693,4057,910685,0.112028,10241,4555484,0.560396,4794,5466169,0.672424,8129050
3,2021-06-07,30111,9670486,21899,5197435,6949,4154095,1263,318956,8856,899799,0.110689,21125,4576609,0.562994,10239,5476408,0.673684,8129050
3,2021-06-08,34045,9704531,24482,5221917,8299,4162394,1264,320220,10152,887725,0.109204,23691,4600300,0.565909,11617,5488025,0.675113,8129050
3,2021-06-09,32499,9737030,23560,5245477,7654,4170048,1285,321505,8850,874525,0.10758,23491,4623791,0.568798,10291,5498316,0.676379,8129050
3,2021-06-10,32184,9769214,23248,5268725,7439,4177487,1497,323002,9114,862393,0.106088,22932,4646723,0.571619,10800,5509116,0.677707,8129050
3,2021-06-11,35024,9804238,24747,5293472,8932,4186419,1345,324347,10518,850106,0.104576,24319,4671042,0.574611,12032,5521148,0.679187,8129050
3,2021-06-12,24916,9829154,18802,5312274,5226,4191645,888,325235,6712,839754,0.103303,18094,4689136,0.576837,7742,5528890,0.68014,8129050
3,2021-06-13,9931,9839085,7412,5319686,2037,4193682,482,325717,2401,835222,0.102745,7483,4696619,0.577757,2951,5531841,0.680503,8129050
3,2021-06-14,25490,9864575,18273,5337959,5824,4199506,1393,327110,8344,828070,0.101866,17019,4713638,0.579851,9867,5541708,0.681717,8129050
3,2021-06-15,28502,9893077,19321,5357280,7692,4207198,1489,328599,9746,820922,0.100986,18540,4732178,0.582132,11392,5553100,0.683118,8129050
3,2021-06-16,25367,9918444,17970,5375250,6009,4213207,1388,329987,8674,814610,0.10021,16526,4748704,0.584165,10214,5563314,0.684374,8129050
3,2021-06-17,24053,9942497,17307,5392557,5624,4218831,1122,331109,8533,809021,0.099522,15376,4764080,0.586056,9787,5573101,0.685578,8129050
3,2021-06-18,27160,9969657,19291,5411848,6483,4225314,1386,332495,9615,802840,0.098762,17338,4781418,0.588189,11157,5584258,0.686951,8129050
3,2021-06-19,15511,9985168,11463,5423311,3309,4228623,739,333234,5644,799596,0.098363,9732,4791150,0.589386,6488,5590746,0.687749,8129050
3,2021-06-20,6780,9991948,5094,5428405,1387,4230010,299,333533,2596,798405,0.098216,4137,4795287,0.589895,2946,5593692,0.688111,8129050
3,2021-06-21,15513,10007461,9901,5438306,4418,4234428,1194,334727,7876,800030,0.098416,7560,4802847,0.590825,9185,5602877,0.689241,8129050
3,2021-06-22,10421,10017882,7397,5445703,2255,4236683,769,335496,3710,797918,0.098156,6644,4809491,0.591642,4532,5607409,0.689799,8129050
4,2020-12-15,454,454,454,454,0,0,0,0,454,454,5.6e-05,0,0,0.0,454,454,5.6e-05,8037679
4,2020-12-16,3014,3468,3014,3468,0,0,0,0,3014,3468,0.000431,0,0,0.0,3014,3468,0.000431,8037679
4,2020-12-17,8919,12387,8919,12387,0,0,0,0,8919,12387,0.001541,0,0,0.0,8919,12387,0.001541,8037679
4,2020-12-18,16167,28554,16156,28543,11,11,0,0,16167,28554,0.003553,0,0,0.0,16167,28554,0.003553,8037679
4,2020-12-19,10360,38914,10351,38894,9,20,0,0,10295,38849,0.004833,0,0,0.0,10295,38849,0.004833,8037679
4,2020-12-20,7411,46325,7404,46298,7,27,0,0,7366,46215,0.00575,0,0,0.0,7366,46215,0.00575,8037679
4,2020-12-21,16382,62707,16357,62655,25,52,0,0,16316,62530,0.00778,1,1,0.0,16316,62531,0.00778,8037679
4,2020-12-22,17198,79905,16462,79117,736,788,0,0,17152,79681,0.009913,1,2,0.0,17152,79683,0.009914,8037679
4,2020-12-23,17108,97013,14398,93515,2710,3498,0,0,17077,96757,0.012038,1,3,0.0,17077,96760,0.012038,8037679
4,2020-12-24,8540,105553,5971,99486,2569,6067,0,0,8539,105295,0.0131,1,4,0.0,8539,105299,0.013101,8037679
4,2020-12-25,904,106457,799,100285,105,6172,0,0,904,106199,0.013213,0,4,0.0,904,106203,0.013213,8037679
4,2020-12-26,6179,112636,3897,104182,2282,8454,0,0,6179,112378,0.013981,0,4,0.0,6179,112382,0.013982,8037679
4,2020-12-27,3427,116063,1994,106176,1433,9887,0,0,3427,115805,0.014408,0,4,0.0,3427,115809,0.014408,8037679
4,2020-12-28,15087,131150,9326,115502,5761,15648,0,0,15059,130863,0.016281,1,5,1e-06,15059,130868,0.016282,8037679
4,2020-12-29,15382,146532,8522,124024,6860,22508,0,0,15349,146212,0.018191,0,5,1e-06,15349,146217,0.018191,8037679
4,2020-12-30,18947,165479,11082,135106,7865,30373,0,0,18936,165146,0.020546,2,7,1e-06,18936,165153,0.020547,8037679
4,2020-12-31,8275,173754,3349,138455,4926,35299,0,0,8263,173400,0.021573,9,16,2e-06,8263,173416,0.021575,8037679
4,2021-01-01,1464,175218,641,139096,823,36122,0,0,1462,174860,0.021755,2,18,2e-06,1462,174878,0.021757,8037679
4,2021-01-02,5724,180942,3234,142330,2490,38612,0,0,5723,180582,0.022467,1,19,2e-06,5723,180601,0.022469,8037679
4,2021-01-03,2140,183082,1271,143601,869,39481,0,0,2124,182702,0.022731,4,23,3e-06,2124,182725,0.022734,8037679
4,2021-01-04,12920,196002,6993,150594,5927,45408,0,0,12872,195545,0.024329,29,52,6e-06,12872,195597,0.024335,8037679
4,2021-01-05,16909,212911,10003,160597,6906,52314,0,0,14720,208115,0.025892,2162,2214,0.000275,14732,210329,0.026168,8037679
4,2021-01-06,21580,234491,13231,173828,8349,60663,0,0,15498,217597,0.027072,6029,8243,0.001026,15511,225840,0.028098,8037679
4,2021-01-07,27955,262446,17031,190859,10924,71587,0,0,16703,223127,0.02776,11191,19434,0.002418,16721,242561,0.030178,8037679
4,2021-01-08,32819,295265,21064,211923,11755,83342,0,0,18299,226995,0.028241,14450,33884,0.004216,18318,260879,0.032457,8037679
4,2021-01-09,16288,311553,9633,221556,6655,89997,0,0,9462,229660,0.028573,6809,40693,0.005063,9474,270353,0.033636,8037679
4,2021-01-10,8763,320316,5667,227223,3096,93093,0,0,4140,229202,0.028516,4606,45299,0.005636,4148,274501,0.034152,8037679
4,2021-01-11,33392,353708,21909,249132,11483,104576,0,0,18804,233496,0.02905,14552,59851,0.007446,18846,293347,0.036496,8037679
4,2021-01-12,38566,392274,22232,271364,16334,120910,0,0,24270,243573,0.030304,14232,74083,0.009217,24309,317656,0.039521,8037679
4,2021-01-13,38810,431084,19182,290546,19628,140538,0,0,27416,259680,0.032308,11337,85420,0.010627,27444,345100,0.042935,8037679
4,2021-01-14,39244,470328,15046,305592,24198,164736,0,0,32067,284647,0.035414,7129,92549,0.011514,32096,377196,0.046928,8037679
4,2021-01-15,45568,515896,15956,321548,29612,194348,0,0,39928,319012,0.03969,5585,98134,0.012209,39950,417146,0.051899,8037679
4,2021-01-16,28773,544669,9463,331011,19310,213658,0,0,25620,341533,0.042491,3118,101252,0.012597,25639,442785,0.055089,8037679
4,2021-01-17,19157,563826,6759,337770,12398,226056,0,0,17629,357674,0.0445,1502,102754,0.012784,17643,460428,0.057284,8037679
4,2021-01-18,29507,593333,13680,351450,15827,241883,0,0,23504,375297,0.046692,5907,108661,0.013519,23530,483958,0.060211,8037679
4,2021-01-19,46186,639519,23194,374644,22992,264875,0,0,36796,402835,0.050118,9332,117993,0.01468,36870,520828,0.064798,8037679
4,2021-01-20,51985,691504,27536,402180,24449,289324,0,0,41506,434021,0.053998,10379,128372,0.015971,41565,562393,0.06997,8037679
4,2021-01-21,57019,748523,25271,427451,31748,321072,0,0,50540,478191,0.059494,6413,134785,0.016769,50583,612976,0.076263,8037679
4,2021-01-22,55348,803871,22201,449652,33147,354219,0,0,50213,523392,0.065117,5040,139825,0.017396,50241,663217,0.082513,8037679
4,2021-01-23,39602,843473,17465,467117,22137,376356,0,0,35257,554342,0.068968,4336,144161,0.017936,35286,698503,0.086904,8037679
4,2021-01-24,23969,867442,10519,477636,13450,389806,0,0,22072,574542,0.071481,1889,146050,0.018171,22089,720592,0.089652,8037679
4,2021-01-25,48074,915516,22210,499846,25864,415670,0,0,36963,600482,0.074708,11079,157129,0.019549,37019,757611,0.094257,8037679
4,2021-01-26,57030,972546,29116,528962,27914,443584,0,0,44764,633094,0.078766,12212,169341,0.021068,44824,802435,0.099834,8037679
4,2021-01-27,56391,1028937,26875,555837,29516,473100,0,0,45383,667594,0.083058,10936,180277,0.022429,45436,847871,0.105487,8037679
4,2021-01-28,56791,1085728,25703,581540,31088,504188,0,0,46776,704484,0.087648,9931,190208,0.023665,46821,894692,0.111312,8037679
4,2021-01-29,56686,1142414,27222,608762,29464,533652,0,0,46297,740579,0.092138,10239,200447,0.024938,46334,941026,0.117077,8037679
4,2021-01-30,37943,1180357,17340,626102,20603,554255,0,0,32590,767891,0.095536,5303,205750,0.025598,32615,973641,0.121135,8037679
4,2021-01-31,24019,1204376,12667,638769,11352,565607,0,0,22390,788686,0.098124,1612,207362,0.025799,22407,996048,0.123922,8037679
4,2021-02-01,49887,1254263,24141,662910,25746,591353,0,0,38253,815397,0.101447,11592,218954,0.027241,38303,1034351,0.128688,8037679
4,2021-02-02,55605,1309868,25629,688539,29976,621329,0,0,42730,845365,0.105175,12809,231763,0.028835,42777,1077128,0.13401,8037679
4,2021-02-03,62362,1372230,30749,719288,31613,652942,0,0,47970,879117,0.109374,14281,246044,0.030611,48033,1125161,0.139986,8037679
4,2021-02-04,67654,1439884,31511,750799,36143,689085,0,0,50951,913635,0.113669,16549,262593,0.03267,51067,1176228,0.146339,8037679
4,2021-02-05,73460,1513344,34177,784976,39283,728368,0,0,51167,942922,0.117313,22033,284626,0.035411,51320,1227548,0.152724,8037679
4,2021-02-06,48540,1561884,26438,811414,22102,750470,0,0,36972,968566,0.120503,11531,296157,0.036846,37175,1264723,0.157349,8037679
4,2021-02-07,26635,1588519,17662,829076,8973,759443,0,0,20163,982524,0.12224,6446,302603,0.037648,20404,1285127,0.159888,8037679
4,2021-02-08,58753,1647272,30320,859396,28433,787876,0,0,38311,1000795,0.124513,20312,322915,0.040175,38583,1323710,0.164688,8037679
4,2021-02-09,67274,1714546,34289,893685,32985,820861,0,0,39557,1013116,0.126046,27644,350559,0.043614,39965,1363675,0.16966,8037679
4,2021-02-10,77388,1791934,38780,932465,38608,859469,0,0,41146,1018826,0.126756,36008,386567,0.048094,41718,1405393,0.174851,8037679
4,2021-02-11,81536,1873470,42648,975113,38888,898357,0,0,42111,1022445,0.127206,39200,425767,0.052971,42819,1448212,0.180178,8037679
4,2021-02-12,84411,1957881,37848,1012961,46563,944920,0,0,43541,1026150,0.127667,40666,466433,0.058031,44371,1492583,0.185698,8037679
4,2021-02-13,58589,2016470,29768,1042729,28821,973741,0,0,29857,1028333,0.127939,28601,495034,0.061589,30784,1523367,0.189528,8037679
4,2021-02-14,36805,2053275,19107,1061836,17698,991439,0,0,18922,1030116,0.128161,17830,512864,0.063807,19613,1542980,0.191968,8037679
4,2021-02-15,46135,2099410,21635,1083471,24500,1015939,0,0,23692,1032616,0.128472,22377,535241,0.066591,24877,1567857,0.195063,8037679
4,2021-02-16,80124,2179534,36755,1120226,43369,1059308,0,0,40766,1035346,0.128812,39259,574500,0.071476,41989,1609846,0.200287,8037679
4,2021-02-17,81464,2260998,38486,1158712,42978,1102286,0,0,38800,1032776,0.128492,42496,616996,0.076763,39926,1649772,0.205255,8037679
4,2021-02-18,83260,2344258,45830,1204542,37430,1139716,0,0,38472,1028105,0.127911,44622,661618,0.082315,39951,1689723,0.210225,8037679
4,2021-02-19,82540,2426798,51878,1256420,30662,1170378,0,0,41318,1029033,0.128026,41080,702698,0.087425,42008,1731731,0.215452,8037679
4,2021-02-20,49041,2475839,32730,1289150,16311,1186689,0,0,26769,1034284,0.128679,22210,724908,0.090189,27461,1759192,0.218868,8037679
4,2021-02-21,29310,2505149,23562,1312712,5748,1192437,0,0,14097,1033521,0.128585,15145,740053,0.092073,14382,1773574,0.220657,8037679
4,2021-02-22,53224,2558373,36538,1349250,16686,1209123,0,0,25837,1032511,0.128459,27291,767344,0.095468,26281,1799855,0.223927,8037679
4,2021-02-23,73991,2632364,41063,1390313,32928,1242051,0,0,32593,1025514,0.127588,41262,808606,0.100602,34265,1834120,0.22819,8037679
4,2021-02-24,88862,2721226,46947,1437260,41915,1283966,0,0,40124,1019262,0.12681,48530,857136,0.10664,42278,1876398,0.23345,8037679
4,2021-02-25,100050,2821276,52251,1489511,47799,1331765,0,0,47982,1017892,0.12664,51911,909047,0.113098,50541,1926939,0.239738,8037679
4,2021-02-26,106595,2927871,53861,1543372,52734,1384499,0,0,54605,1023088,0.127286,51761,960808,0.119538,56957,1983896,0.246824,8037679
4,2021-02-27,77235,3005106,42149,1585521,35080,1419579,6,6,41403,1030285,0.128182,35691,996499,0.123978,42888,2026784,0.25216,8037679
4,2021-02-28,47507,3052613,29550,1615071,17951,1437530,6,12,26573,1036959,0.129012,20790,1017289,0.126565,27464,2054248,0.255577,8037679
4,2021-03-01,78010,3130623,45826,1660897,32149,1469679,35,47,43028,1046484,0.130197,34729,1052018,0.130886,44254,2098502,0.261083,8037679
4,2021-03-02,85293,3215916,49085,1709982,36200,1505879,8,55,50418,1063984,0.132375,34713,1086731,0.135205,52213,2150715,0.267579,8037679
4,2021-03-03,100450,3316366,53499,1763481,46937,1552816,14,69,56127,1077770,0.13409,44123,1130854,0.140694,57909,2208624,0.274784,8037679
4,2021-03-04,97295,3413661,54020,1817501,43258,1596074,17,86,53561,1089599,0.135561,43527,1174381,0.146109,55356,2263980,0.281671,8037679
4,2021-03-05,94518,3508179,51051,1868552,43153,1639227,314,400,56105,1109738,0.138067,38210,1212591,0.150863,58349,2322329,0.28893,8037679
4,2021-03-06,76225,3584404,43020,1911572,30589,1669816,2616,3016,46874,1131336,0.140754,29238,1241829,0.154501,50836,2373165,0.295255,8037679
4,2021-03-07,42740,3627144,27317,1938889,14234,1684050,1189,4205,25624,1142184,0.142104,17052,1258881,0.156622,27900,2401065,0.298726,8037679
4,2021-03-08,66598,3693742,34983,1973872,28416,1712466,3199,7404,44038,1168318,0.145355,22443,1281324,0.159415,48577,2449642,0.30477,8037679
4,2021-03-09,81250,3774992,41185,2015057,34928,1747394,5137,12541,43933,1181345,0.146976,37158,1318482,0.164038,50185,2499827,0.311014,8037679
4,2021-03-10,91019,3866011,47041,2062098,36521,1783915,7457,19998,46022,1190968,0.148173,44831,1363313,0.169615,54454,2554281,0.317788,8037679
4,2021-03-11,100582,3966593,52814,2114912,39355,1823270,8413,28411,46609,1193360,0.148471,53754,1417067,0.176303,56146,2610427,0.324774,8037679
4,2021-03-12,104550,4071143,51599,2166511,42668,1865938,10283,38694,44768,1189853,0.148034,59539,1476606,0.18371,56032,2666459,0.331745,8037679
4,2021-03-13,81116,4152259,37754,2204265,34938,1900876,8424,47118,38142,1194718,0.14864,42849,1519455,0.189042,47714,2714173,0.337681,8037679
4,2021-03-14,49637,4201896,28413,2232678,17585,1918461,3639,50757,23323,1196089,0.14881,26226,1545681,0.192304,27597,2741770,0.341115,8037679
4,2021-03-15,83709,4285605,45060,2277738,34392,1952853,4257,55014,42787,1203280,0.149705,40702,1586383,0.197368,47893,2789663,0.347073,8037679
4,2021-03-16,107634,4393239,55938,2333676,48287,2001140,3409,58423,57121,1214217,0.151066,50296,1636679,0.203626,61233,2850896,0.354691,8037679
4,2021-03-17,106656,4499895,57477,2391153,45680,2046820,3499,61922,62631,1237139,0.153917,43777,1680456,0.209072,66699,2917595,0.36299,8037679
4,2021-03-18,106877,4606772,59264,2450417,43932,2090752,3681,65603,60824,1256292,0.1563,45797,1726253,0.21477,64950,2982545,0.37107,8037679
4,2021-03-19,111161,4717933,63977,2514394,41988,2132740,5196,70799,63443,1277848,0.158982,47488,1773741,0.220678,69044,3051589,0.37966,8037679
4,2021-03-20,83525,4801458,49030,2563424,31490,2164230,3005,73804,51298,1300372,0.161785,32095,1805836,0.224671,54619,3106208,0.386456,8037679
4,2021-03-21,48067,4849525,34876,2598300,10934,2175164,2257,76061,28487,1312006,0.163232,19469,1825305,0.227094,31103,3137311,0.390325,8037679
4,2021-03-22,81948,4931473,53540,2651840,25677,2200841,2731,78792,50924,1335572,0.166164,30808,1856113,0.230926,54374,3191685,0.39709,8037679
4,2021-03-23,104568,5036041,62651,2714491,39769,2240610,2148,80940,62428,1358811,0.169055,41880,1897993,0.236137,65119,3256804,0.405192,8037679
4,2021-03-24,113232,5149273,73203,2787694,37615,2278225,2414,83354,63976,1376814,0.171295,48847,1946840,0.242214,66850,3323654,0.413509,8037679
4,2021-03-25,116834,5266107,71995,2859689,42448,2320673,2391,85745,66963,1397239,0.173836,49413,1996253,0.248362,69838,3393492,0.422198,8037679
4,2021-03-26,119501,5385608,72631,2932320,43828,2364501,3042,88787,65490,1412697,0.175759,53675,2049928,0.25504,69133,3462625,0.430799,8037679
4,2021-03-27,91619,5477227,54284,2986604,35552,2400053,1783,90570,46514,1416607,0.176246,44875,2094803,0.260623,48785,3511410,0.436869,8037679
4,2021-03-28,55602,5532829,36742,3023346,17989,2418042,871,91441,29633,1421623,0.17687,25821,2120624,0.263835,30837,3542247,0.440705,8037679
4,2021-03-29,93384,5626213,56102,3079448,35206,2453248,2076,93517,50662,1432421,0.178213,42497,2163121,0.269123,53295,3595542,0.447336,8037679
4,2021-03-30,116903,5743116,63889,3143337,48862,2502110,4152,97669,69505,1459330,0.181561,47187,2210308,0.274993,74096,3669638,0.456554,8037679
4,2021-03-31,120809,5863925,71435,3214772,43048,2545158,6326,103995,67757,1480909,0.184246,52723,2263031,0.281553,74302,3743940,0.465799,8037679
4,2021-04-01,142318,6006243,81330,3296102,47776,2592934,13212,117207,83897,1520229,0.189138,58016,2321047,0.288771,97336,3841276,0.477909,8037679
4,2021-04-02,136377,6142620,73011,3369113,49817,2642751,13549,130756,78914,1555863,0.193571,57183,2378230,0.295885,92817,3934093,0.489456,8037679
4,2021-04-03,101097,6243717,54004,3423117,33690,2676441,13403,144159,52736,1574104,0.195841,48169,2426399,0.301878,66410,4000503,0.497719,8037679
4,2021-04-04,46886,6290603,24740,3447857,14622,2691063,7524,151683,20445,1575778,0.196049,26341,2452740,0.305155,28015,4028518,0.501204,8037679
4,2021-04-05,109169,6399772,61470,3509327,34927,2725990,12772,164455,56998,1594171,0.198337,51977,2504717,0.311622,70370,4098888,0.509959,8037679
4,2021-04-06,138668,6538440,78051,3587378,40849,2766839,19768,184223,72100,1620341,0.201593,66346,2571063,0.319876,92516,4191404,0.521469,8037679
4,2021-04-07,137315,6675755,77846,3665224,38756,2805595,20713,204936,71192,1646689,0.204871,65881,2636944,0.328073,92229,4283633,0.532944,8037679
4,2021-04-08,139887,6815642,77948,3743172,36487,2842082,25452,230388,69558,1672300,0.208058,70054,2706998,0.336789,95665,4379298,0.544846,8037679
4,2021-04-09,137556,6953198,75498,3818670,39055,2881137,23003,253391,65742,1690493,0.210321,71602,2778600,0.345697,89795,4469093,0.556018,8037679
4,2021-04-10,103305,7056503,51230,3869900,33238,2914375,18837,272228,46486,1700275,0.211538,56613,2835213,0.35274,66395,4535488,0.564278,8037679
4,2021-04-11,62414,7118917,38064,3907964,13174,2927549,11176,283404,27414,1705056,0.212133,34904,2870117,0.357083,39685,4575173,0.569216,8037679
4,2021-04-12,102663,7221580,62459,3970423,30070,2957619,10134,293538,51895,1717833,0.213723,50478,2920595,0.363363,63255,4638428,0.577085,8037679
4,2021-04-13,130239,7351819,81730,4052153,48344,3005963,165,293703,78196,1745272,0.217136,51774,2972369,0.369804,79213,4717641,0.586941,8037679
4,2021-04-14,135430,7487249,86297,4138450,49056,3055019,77,293780,75150,1761760,0.219188,59963,3032332,0.377265,76451,4794092,0.596452,8037679
4,2021-04-15,156074,7643323,103922,4242372,52089,3107108,63,293843,96127,1799101,0.223833,59603,3091935,0.38468,96944,4891036,0.608513,8037679
4,2021-04-16,143198,7786521,90938,4333310,52182,3159290,78,293921,83596,1824190,0.226955,59301,3151236,0.392058,84390,4975426,0.619013,8037679
4,2021-04-17,100907,7887428,63715,4397025,37168,3196458,24,293945,59240,1843206,0.229321,41398,3192634,0.397208,60414,5035840,0.626529,8037679
4,2021-04-18,54556,7941984,36527,4433552,18026,3214484,3,293948,31054,1851837,0.230394,23380,3216014,0.400117,32011,5067851,0.630512,8037679
4,2021-04-19,100819,8042803,66568,4500120,34233,3248717,18,293966,51693,1855244,0.230818,48900,3264914,0.406201,52307,5120158,0.637019,8037679
4,2021-04-20,127997,8170800,75175,4575295,52804,3301521,18,293984,67102,1862830,0.231762,60615,3325529,0.413742,68201,5188359,0.645505,8037679
4,2021-04-21,128030,8298830,82041,4657336,45938,3347459,51,294035,64818,1865858,0.232139,62889,3388418,0.421567,65917,5254276,0.653706,8037679
4,2021-04-22,137477,8436307,90584,4747920,46871,3394330,22,294057,61592,1853028,0.230543,75555,3463973,0.430967,62725,5317001,0.661509,8037679
4,2021-04-23,130808,8567115,84458,4832378,46327,3440657,23,294080,56786,1837291,0.228585,73707,3537680,0.440137,57970,5374971,0.668722,8037679
4,2021-04-24,97481,8664596,66098,4898476,31334,3471991,49,294129,44844,1830874,0.227786,52367,3590047,0.446652,45950,5420921,0.674439,8037679
4,2021-04-25,49599,8714195,35271,4933747,14303,3486294,25,294154,26216,1834301,0.228213,23250,3613297,0.449545,26677,5447598,0.677758,8037679
4,2021-04-26,89619,8803814,58427,4992174,30796,3517090,396,294550,35346,1817362,0.226105,53997,3667294,0.456263,37058,5484656,0.682368,8037679
4,2021-04-27,111783,8915597,67988,5060162,41485,3558575,2310,296860,40254,1789469,0.222635,71235,3738529,0.465125,43342,5527998,0.68776,8037679
4,2021-04-28,101323,9016920,65751,5125913,33067,3591642,2505,299365,37095,1765754,0.219685,63954,3802483,0.473082,40239,5568237,0.692767,8037679
4,2021-04-29,102616,9119536,65017,5190930,35084,3626726,2515,301880,33027,1732591,0.215559,69282,3871765,0.481702,36119,5604356,0.69726,8037679
4,2021-04-30,102488,9222024,64590,5255520,35221,3661947,2677,304557,34977,1703708,0.211965,67168,3938933,0.490059,38285,5642641,0.702024,8037679
4,2021-05-01,68616,9290640,45719,5301239,21141,3683088,1756,306313,19896,1677496,0.208704,48496,3987429,0.496092,22284,5664925,0.704796,8037679
4,2021-05-02,37408,9328048,26556,5327795,9572,3692660,1280,307593,10500,1662618,0.206853,26803,4014232,0.499427,11925,5676850,0.70628,8037679
4,2021-05-03,78108,9406156,54441,5382236,21202,3713862,2465,310058,19144,1625840,0.202277,58736,4072968,0.506734,21958,5698808,0.709012,8037679
4,2021-05-04,98514,9504670,66869,5449105,28896,3742758,2749,312807,22297,1575291,0.195988,75965,4148933,0.516185,25416,5724224,0.712174,8037679
4,2021-05-05,99281,9603951,69549,5518654,27015,3769773,2717,315524,21616,1522544,0.189426,77363,4226296,0.52581,24616,5748840,0.715236,8037679
4,2021-05-06,109383,9713334,81676,5600330,24780,3794553,2927,318451,19374,1456379,0.181194,89582,4315878,0.536956,23417,5772257,0.71815,8037679
4,2021-05-07,103147,9816481,73963,5674293,26505,3821058,2679,321130,20409,1397466,0.173864,82403,4398281,0.547208,23490,5795747,0.721072,8037679
4,2021-05-08,66504,9882985,45518,5719811,19064,3840122,1922,323052,13138,1359721,0.169168,53158,4451439,0.553821,15413,5811160,0.72299,8037679
4,2021-05-09,33462,9916447,27315,5747126,5205,3845327,942,323994,7807,1343006,0.167089,25558,4476997,0.557001,8843,5820003,0.72409,8037679
4,2021-05-10,63267,9979714,42073,5789199,18889,3864216,2305,326299,11098,1304737,0.162328,51983,4528980,0.563469,13714,5833717,0.725796,8037679
4,2021-05-11,79186,10058900,48461,5837660,28551,3892767,2174,328473,15588,1259563,0.156707,63387,4592367,0.571355,18213,5851930,0.728062,8037679
4,2021-05-12,78182,10137082,51950,5889610,23779,3916546,2453,330926,18056,1220581,0.151857,59867,4652234,0.578803,20885,5872815,0.730661,8037679
4,2021-05-13,102406,10239488,75261,5964871,25624,3942170,1521,332447,40382,1201762,0.149516,61721,4713955,0.586482,42902,5915717,0.735998,8037679
4,2021-05-14,102582,10342070,72301,6037172,28175,3970345,2106,334553,40325,1182738,0.147149,61980,4775935,0.594193,42956,5958673,0.741342,8037679
4,2021-05-15,84231,10426301,65064,6102236,17846,3988191,1321,335874,37130,1174583,0.146135,46889,4822824,0.600027,38734,5997407,0.746162,8037679
4,2021-05-16,49279,10475580,40001,6142237,8581,3996772,697,336571,20123,1166511,0.14513,29024,4851848,0.603638,20952,6018359,0.748768,8037679
4,2021-05-17,70099,10545679,51146,6193383,17116,4013888,1837,338408,28228,1155114,0.143712,41683,4893531,0.608824,30286,6048645,0.752536,8037679
4,2021-05-18,80941,10626620,52638,6246021,26559,4040447,1744,340152,29483,1135582,0.141282,51114,4944645,0.615183,31582,6080227,0.756466,8037679
4,2021-05-19,76055,10702675,51518,6297539,22602,4063049,1935,342087,31676,1125348,0.140009,44120,4988765,0.620672,33886,6114113,0.760681,8037679
4,2021-05-20,67564,10770239,43313,6340852,22265,4085314,1986,344073,25847,1112047,0.138354,41466,5030231,0.625831,28165,6142278,0.764186,8037679
4,2021-05-21,72923,10843162,48217,6389069,22853,4108167,1853,345926,26752,1094992,0.136232,45914,5076145,0.631544,28859,6171137,0.767776,8037679
4,2021-05-22,49259,10892421,34564,6423633,13423,4121590,1272,347198,21504,1090373,0.135658,27607,5103752,0.634978,22988,6194125,0.770636,8037679
4,2021-05-23,22714,10915135,16262,6439895,5734,4127324,718,347916,9521,1087643,0.135318,13079,5116831,0.636606,10349,6204474,0.771924,8037679
4,2021-05-24,41652,10956787,26223,6466118,12441,4139765,2988,350904,14654,1078674,0.134202,26805,5143636,0.63994,17836,6222310,0.774143,8037679
4,2021-05-25,44560,11001347,27763,6493881,13989,4153754,2808,353712,16121,1069608,0.133074,28225,5171861,0.643452,19159,6241469,0.776526,8037679
4,2021-05-26,44163,11045510,26551,6520432,15031,4168785,2581,356293,16062,1060514,0.131943,27910,5199771,0.646924,18816,6260285,0.778867,8037679
4,2021-05-27,38609,11084119,23244,6543676,12234,4181019,3131,359424,14866,1055110,0.13127,23565,5223336,0.649856,18161,6278446,0.781127,8037679
4,2021-05-28,42943,11127062,27462,6571138,13893,4194912,1588,361012,19031,1052239,0.130913,23702,5247038,0.652805,20831,6299277,0.783718,8037679
4,2021-05-29,23408,11150470,15270,6586408,7208,4202120,930,361942,11245,1052488,0.130944,12052,5259090,0.654305,12301,6311578,0.785249,8037679
4,2021-05-30,11922,11162392,8378,6594786,3019,4205139,525,362467,5094,1051401,0.130809,6774,5265864,0.655147,5687,6317265,0.785956,8037679
4,2021-05-31,3531,11165923,2245,6597031,1127,4206266,159,362626,1144,1050371,0.130681,2356,5268220,0.65544,1326,6318591,0.786121,8037679
4,2021-06-01,39143,11205066,24411,6621442,12294,4218560,2438,365064,13773,1041609,0.129591,25183,5293403,0.658574,16421,6335012,0.788164,8037679
4,2021-06-02,32297,11237363,20189,6641631,9321,4227881,2787,367851,11156,1034721,0.128734,20975,5314378,0.661183,14087,6349099,0.789917,8037679
4,2021-06-03,47722,11285085,36637,6678268,8633,4236514,2452,370303,11106,1012108,0.12592,36470,5350848,0.665721,13857,6362956,0.791641,8037679
4,2021-06-04,54376,11339461,43838,6722106,9220,4245734,1318,371621,13559,987168,0.122818,40607,5391455,0.670773,15667,6378623,0.79359,8037679
4,2021-06-05,44347,11383808,38011,6760117,5347,4251081,989,372610,9177,962576,0.119758,35027,5426482,0.67513,10435,6389058,0.794888,8037679
4,2021-06-06,20975,11404783,18713,6778830,1705,4252786,557,373167,4662,951960,0.118437,16217,5442699,0.677148,5601,6394659,0.795585,8037679
4,2021-06-07,38434,11443217,31124,6809954,5399,4258185,1911,375078,8893,933608,0.116154,29419,5472118,0.680808,11067,6405726,0.796962,8037679
4,2021-06-08,40320,11483537,31679,6841633,6118,4264303,2523,377601,9695,915705,0.113927,30453,5502571,0.684597,12550,6418276,0.798524,8037679
4,2021-06-09,38666,11522203,30661,6872294,5652,4269955,2353,379954,8014,895930,0.111466,30494,5533065,0.688391,10719,6428995,0.799857,8037679
4,2021-06-10,36873,11559076,29101,6901395,5171,4275126,2601,382555,8689,879437,0.109414,28043,5561108,0.69188,11550,6440545,0.801294,8037679
4,2021-06-11,37937,11597013,29839,6931234,6094,4281220,2004,384559,9929,863842,0.107474,27870,5588978,0.695347,12275,6452820,0.802821,8037679
4,2021-06-12,26301,11623314,21912,6953146,3682,4284902,707,385266,6122,850799,0.105851,20086,5609064,0.697846,7043,6459863,0.803698,8037679
4,2021-06-13,10719,11634033,8456,6961602,1787,4286689,476,385742,2403,845521,0.105195,8262,5617326,0.698874,2984,6462847,0.804069,8037679
4,2021-06-14,28351,11662384,21233,6982835,4327,4291016,2791,388533,8177,836653,0.104091,20049,5637375,0.701369,11181,6474028,0.80546,8037679
4,2021-06-15,29700,11692084,21016,7003851,5293,4296309,3391,391924,8319,827367,0.102936,21244,5658619,0.704012,11958,6485986,0.806948,8037679
4,2021-06-16,26214,11718298,19770,7023621,3861,4300170,2583,394507,8071,820241,0.102049,17983,5676602,0.706249,10857,6496843,0.808298,8037679
4,2021-06-17,24678,11742976,18293,7041914,3601,4303771,2784,397291,7550,813802,0.101248,16951,5693553,0.708358,10512,6507355,0.809606,8037679
4,2021-06-18,26145,11769121,20664,7062578,4321,4308092,1160,398451,8146,805544,0.100221,17810,5711363,0.710574,9552,6516907,0.810795,8037679
4,2021-06-19,15522,11784643,12595,7075173,2251,4310343,676,399127,5013,801030,0.099659,10367,5721730,0.711863,5853,6522760,0.811523,8037679
4,2021-06-20,7320,11791963,6036,7081209,980,4311323,304,399431,2640,799424,0.09946,4624,5726354,0.712439,3018,6525778,0.811898,8037679
4,2021-06-21,14074,11806037,10248,7091457,2795,4314118,1031,400462,7217,801032,0.09966,6790,5733144,0.713284,8398,6534176,0.812943,8037679
4,2021-06-22,9810,11815847,7578,7099035,1502,4315620,730,401192,3371,798789,0.099381,6394,5739538,0.714079,4151,6538327,0.81346,8037679
