vemquartile,administered_date,total_doses,cumulative_total_doses,pfizer_doses,cumulative_pfizer_doses,moderna_doses,cumulative_moderna_doses,jj_doses,cumulative_jj_doses,partially_vaccinated,total_partially_vaccinated,pct_age12pop_partially_vaccinated,fully_vaccinated,cumulative_fully_vaccinated,pct_age12pop_fully_vaccinated,at_least_one_dose,cumulative_at_least_one_dose,pct_age12pop_at_least_one_dose,age12_population
1,2020-12-15,154,154,154,154,0,0,0,0,154,154,1.8e-05,0,0,0.0,154,154,1.8e-05,8700223
1,2020-12-16,1242,1396,1242,1396,0,0,0,0,1241,1395,0.00016,0,0,0.0,1241,1395,0.00016,8700223
1,2020-12-17,4190,5586,4190,5586,0,0,0,0,4192,5587,0.000642,0,0,0.0,4192,5587,0.000642,8700223
1,2020-12-18,6400,11986,6376,11962,24,24,0,0,6404,11990,0.001378,1,1,0.0,6404,11991,0.001378,8700223
1,2020-12-19,2890,14876,2887,14849,3,27,0,0,2889,14878,0.00171,1,2,0.0,2889,14880,0.00171,8700223
1,2020-12-20,2144,17020,2134,16983,10,37,0,0,2145,17023,0.001957,0,2,0.0,2145,17025,0.001957,8700223
1,2020-12-21,7705,24725,7684,24667,21,58,0,0,7754,24777,0.002848,1,3,0.0,7755,24780,0.002848,8700223
1,2020-12-22,7363,32088,7017,31684,346,404,0,0,7363,32138,0.003694,2,5,1e-06,7363,32143,0.003695,8700223
1,2020-12-23,7913,40001,6645,38329,1268,1672,0,0,7910,40047,0.004603,2,7,1e-06,7911,40054,0.004604,8700223
1,2020-12-24,3312,43313,2369,40698,943,2615,0,0,3314,43361,0.004984,0,7,1e-06,3314,43368,0.004985,8700223
1,2020-12-25,241,43554,158,40856,83,2698,0,0,241,43602,0.005012,0,7,1e-06,241,43609,0.005012,8700223
1,2020-12-26,1375,44929,980,41836,395,3093,0,0,1374,44975,0.005169,1,8,1e-06,1374,44983,0.00517,8700223
1,2020-12-27,881,45810,546,42382,335,3428,0,0,881,45855,0.005271,1,9,1e-06,881,45864,0.005272,8700223
1,2020-12-28,7141,52951,4794,47176,2347,5775,0,0,7138,52993,0.006091,0,9,1e-06,7138,53002,0.006092,8700223
1,2020-12-29,9078,62029,5069,52245,4009,9784,0,0,9074,62065,0.007134,2,11,1e-06,9074,62076,0.007135,8700223
1,2020-12-30,11784,73813,6560,58805,5224,15008,0,0,11782,73846,0.008488,1,12,1e-06,11782,73858,0.008489,8700223
1,2020-12-31,6048,79861,1973,60778,4075,19083,0,0,6046,79889,0.009182,4,16,2e-06,6047,79905,0.009184,8700223
1,2021-01-01,621,80482,250,61028,371,19454,0,0,617,80504,0.009253,2,18,2e-06,617,80522,0.009255,8700223
1,2021-01-02,2931,83413,1772,62800,1159,20613,0,0,2931,83435,0.00959,0,18,2e-06,2931,83453,0.009592,8700223
1,2021-01-03,1057,84470,552,63352,505,21118,0,0,1055,84487,0.009711,3,21,2e-06,1055,84508,0.009713,8700223
1,2021-01-04,7428,91898,3620,66972,3808,24926,0,0,7430,91915,0.010565,2,23,3e-06,7430,91938,0.010567,8700223
1,2021-01-05,10976,102874,5286,72258,5690,30616,0,0,10173,101327,0.011646,785,808,9.3e-05,10197,102135,0.011739,8700223
1,2021-01-06,14164,117038,7101,79359,7063,37679,0,0,12218,111652,0.012833,1910,2718,0.000312,12235,114370,0.013146,8700223
1,2021-01-07,17658,134696,9191,88550,8467,46146,0,0,13118,120334,0.013831,4447,7165,0.000824,13129,127499,0.014655,8700223
1,2021-01-08,20267,154963,10516,99066,9751,55897,0,0,14291,128681,0.014791,5960,13125,0.001509,14307,141806,0.016299,8700223
1,2021-01-09,6710,161673,3412,102478,3298,59195,0,0,4835,131652,0.015132,1868,14993,0.001723,4839,146645,0.016855,8700223
1,2021-01-10,3117,164790,1776,104254,1341,60536,0,0,1922,132384,0.015216,1191,16184,0.00186,1923,148568,0.017076,8700223
1,2021-01-11,18226,183016,11907,116161,6319,66855,0,0,11606,137427,0.015796,6609,22793,0.00262,11652,160220,0.018416,8700223
1,2021-01-12,19219,202235,11005,127166,8214,75069,0,0,13186,144654,0.016626,6002,28795,0.00331,13229,173449,0.019936,8700223
1,2021-01-13,19924,222159,10784,137950,9140,84209,0,0,14748,154268,0.017731,5153,33948,0.003902,14767,188216,0.021633,8700223
1,2021-01-14,22239,244398,9563,147513,12676,96885,0,0,19395,170942,0.019648,2782,36730,0.004222,19456,207672,0.02387,8700223
1,2021-01-15,25305,269703,9269,156782,16036,112921,0,0,23347,192437,0.022119,1920,38650,0.004442,23415,231087,0.026561,8700223
1,2021-01-16,13964,283667,4573,161355,9391,122312,0,0,13063,204608,0.023518,896,39546,0.004545,13067,244154,0.028063,8700223
1,2021-01-17,5229,288896,2042,163397,3187,125499,0,0,4852,209087,0.024032,376,39922,0.004589,4855,249009,0.028621,8700223
1,2021-01-18,14411,303307,8644,172041,5767,131266,0,0,11195,217138,0.024958,3202,43124,0.004957,11253,260262,0.029914,8700223
1,2021-01-19,24894,328201,12900,184941,11994,143260,0,0,19601,231525,0.026611,5270,48394,0.005562,19657,279919,0.032174,8700223
1,2021-01-20,29518,357719,14779,199720,14739,157999,0,0,23551,249236,0.028647,5884,54278,0.006239,23595,303514,0.034886,8700223
1,2021-01-21,31414,389133,14798,214518,16616,174615,0,0,28040,274073,0.031502,3307,57585,0.006619,28144,331658,0.038121,8700223
1,2021-01-22,28491,417624,11319,225837,17172,191787,0,0,26395,298471,0.034306,2027,59612,0.006852,26425,358083,0.041158,8700223
1,2021-01-23,18750,436374,8209,234046,10541,202328,0,0,16788,313335,0.036015,1934,61546,0.007074,16798,374881,0.043089,8700223
1,2021-01-24,6713,443087,4175,238221,2538,204866,0,0,6049,318732,0.036635,658,62204,0.00715,6055,380936,0.043785,8700223
1,2021-01-25,25638,468725,10563,248784,15075,219941,0,0,19778,332812,0.038253,5810,68014,0.007818,19890,400826,0.046071,8700223
1,2021-01-26,28966,497691,13565,262349,15401,235342,0,0,22175,348287,0.040032,6728,74742,0.008591,22203,423029,0.048623,8700223
1,2021-01-27,32798,530489,15609,277958,17189,252531,0,0,24570,364784,0.041928,8162,82904,0.009529,24659,447688,0.051457,8700223
1,2021-01-28,35125,565614,16504,294462,18621,271152,0,0,28043,385942,0.04436,7012,89916,0.010335,28170,475858,0.054695,8700223
1,2021-01-29,33873,599487,16530,310992,17343,288495,0,0,27153,406619,0.046737,6574,96490,0.011091,27251,503109,0.057827,8700223
1,2021-01-30,20220,619707,8746,319738,11474,299969,0,0,17990,422497,0.048562,2198,98688,0.011343,18076,521185,0.059905,8700223
1,2021-01-31,7727,627434,5025,324763,2702,302671,0,0,7003,428787,0.049285,716,99404,0.011425,7006,528191,0.06071,8700223
1,2021-02-01,29179,656613,12581,337344,16598,319269,0,0,21301,442273,0.050835,7824,107228,0.012325,21310,549501,0.063159,8700223
1,2021-02-02,32881,689494,11872,349216,21009,340278,0,0,24553,458626,0.052714,8239,115467,0.013272,24592,574093,0.065986,8700223
1,2021-02-03,39800,729294,15309,364525,24491,364769,0,0,28557,476213,0.054736,11070,126537,0.014544,28657,602750,0.06928,8700223
1,2021-02-04,44216,773510,17217,381742,26999,391768,0,0,31779,495793,0.056986,12313,138850,0.015959,31893,634643,0.072946,8700223
1,2021-02-05,47072,820582,17207,398949,29865,421633,0,0,30720,510434,0.058669,16196,155046,0.017821,30837,665480,0.07649,8700223
1,2021-02-06,26674,847256,10551,409500,16123,437756,0,0,20688,525254,0.060372,5940,160986,0.018504,20760,686240,0.078876,8700223
1,2021-02-07,6304,853560,4052,413552,2252,440008,0,0,4647,528284,0.060721,1636,162622,0.018692,4666,690906,0.079412,8700223
1,2021-02-08,31771,885331,14491,428043,17280,457288,0,0,21147,539008,0.061953,10525,173147,0.019901,21249,712155,0.081855,8700223
1,2021-02-09,38691,924022,17012,445055,21679,478967,0,0,23805,548122,0.063001,14804,187951,0.021603,23918,736073,0.084604,8700223
1,2021-02-10,47541,971563,22242,467297,25299,504266,0,0,27010,554833,0.063772,20396,208347,0.023947,27107,763180,0.08772,8700223
1,2021-02-11,52184,1023747,25522,492819,26662,530928,0,0,31025,565141,0.064957,20842,229189,0.026343,31150,794330,0.0913,8700223
1,2021-02-12,50266,1074013,21631,514450,28635,559563,0,0,28830,572851,0.065843,21265,250454,0.028787,28975,823305,0.09463,8700223
1,2021-02-13,26540,1100553,11556,526006,14984,574547,0,0,15329,577121,0.066334,11138,261592,0.030067,15408,838713,0.096401,8700223
1,2021-02-14,11821,1112374,5583,531589,6238,580785,0,0,6714,578828,0.06653,5076,266668,0.030651,6783,845496,0.097181,8700223
1,2021-02-15,24028,1136402,9438,541027,14590,595375,0,0,14603,584248,0.067153,9299,275967,0.03172,14719,860215,0.098873,8700223
1,2021-02-16,47292,1183694,22548,563575,24744,620119,0,0,27491,592149,0.068061,19711,295678,0.033985,27612,887827,0.102046,8700223
1,2021-02-17,48626,1232320,24636,588211,23990,644109,0,0,26131,596097,0.068515,22335,318013,0.036552,26283,914110,0.105067,8700223
1,2021-02-18,51315,1283635,25670,613881,25645,669754,0,0,26515,598311,0.06877,24546,342559,0.039374,26760,940870,0.108143,8700223
1,2021-02-19,46782,1330417,25350,639231,21432,691186,0,0,26155,604071,0.069432,20459,363018,0.041725,26219,967089,0.111157,8700223
1,2021-02-20,27840,1358257,16907,656138,10933,702119,0,0,15863,608111,0.069896,11908,374926,0.043094,15948,983037,0.11299,8700223
1,2021-02-21,12455,1370712,10705,666843,1750,703869,0,0,7472,610716,0.070195,4919,379845,0.043659,7524,990561,0.113855,8700223
1,2021-02-22,31781,1402493,20878,687721,10903,714772,0,0,18254,615652,0.070763,13426,393271,0.045202,18362,1008923,0.115965,8700223
1,2021-02-23,46022,1448515,22359,710080,23663,738435,0,0,25234,620770,0.071351,20484,413755,0.047557,25602,1034525,0.118908,8700223
1,2021-02-24,56063,1504578,27094,737174,28969,767404,0,0,30811,627044,0.072072,24995,438750,0.05043,31269,1065794,0.122502,8700223
1,2021-02-25,68692,1573270,33350,770524,35342,802746,0,0,42448,643985,0.074019,26009,464759,0.053419,42950,1108744,0.127439,8700223
1,2021-02-26,76750,1650020,35938,806462,40812,843558,0,0,50097,668223,0.076805,26344,491103,0.056447,50582,1159326,0.133252,8700223
1,2021-02-27,52838,1702858,24256,830718,28571,872129,11,11,34645,685173,0.078753,17977,509080,0.058513,34927,1194253,0.137267,8700223
1,2021-02-28,20291,1723149,12046,842764,8243,880372,2,13,14850,694820,0.079862,5349,514429,0.059128,14996,1209249,0.138991,8700223
1,2021-03-01,46360,1769509,21437,864201,24862,905234,61,74,29763,708491,0.081434,16401,530830,0.061013,30072,1239321,0.142447,8700223
1,2021-03-02,64971,1834480,28098,892299,36861,942095,12,86,41306,726984,0.083559,23473,554303,0.063711,41966,1281287,0.147271,8700223
1,2021-03-03,72250,1906730,34366,926665,37853,979948,31,117,43911,743431,0.08545,28109,582412,0.066942,44556,1325843,0.152392,8700223
1,2021-03-04,80240,1986970,37642,964307,42561,1022509,37,154,51412,766826,0.088139,28571,610983,0.070226,51966,1377809,0.158365,8700223
1,2021-03-05,79272,2066242,35731,1000038,43333,1065842,208,362,52830,794383,0.091306,26130,637113,0.07323,53687,1431496,0.164536,8700223
1,2021-03-06,58111,2124353,27626,1027664,29134,1094976,1351,1713,39316,816764,0.093879,18648,655761,0.075373,41029,1472525,0.169251,8700223
1,2021-03-07,21015,2145368,13059,1040723,6760,1101736,1196,2909,15539,828295,0.095204,5449,661210,0.075999,16980,1489505,0.171203,8700223
1,2021-03-08,46167,2191535,22544,1063267,21663,1123399,1960,4869,32325,849181,0.097605,13731,674941,0.077577,34617,1524122,0.175182,8700223
1,2021-03-09,66938,2258473,32383,1095650,32040,1155439,2515,7384,41178,867623,0.099724,25580,700521,0.080518,44022,1568144,0.180242,8700223
1,2021-03-10,74297,2332770,37017,1132667,32776,1188215,4504,11888,45742,889804,0.102274,28418,728939,0.083784,50599,1618743,0.186058,8700223
1,2021-03-11,90490,2423260,41631,1174298,40840,1229055,8019,19907,52659,913347,0.10498,37576,766515,0.088103,61119,1679862,0.193083,8700223
1,2021-03-12,99366,2522626,43794,1218092,43120,1272175,12452,32359,57967,943028,0.108391,41158,807673,0.092834,70839,1750701,0.201225,8700223
1,2021-03-13,65484,2588110,29577,1247669,28201,1300376,7706,40065,41695,969072,0.111385,23647,831320,0.095552,49691,1800392,0.206936,8700223
1,2021-03-14,27958,2616068,14955,1262624,9437,1309813,3566,43631,15655,976247,0.112209,12224,843544,0.096957,19399,1819791,0.209166,8700223
1,2021-03-15,65393,2681461,28845,1291469,29797,1339610,6751,50382,38437,995047,0.11437,26724,870268,0.100028,45524,1865315,0.214399,8700223
1,2021-03-16,85964,2767425,39179,1330648,41121,1380731,5664,56046,53236,1021788,0.117444,32495,902763,0.103763,59236,1924551,0.221207,8700223
1,2021-03-17,93396,2860821,45596,1376244,41255,1421986,6545,62591,60058,1055650,0.121336,33082,935845,0.107566,66944,1991495,0.228902,8700223
1,2021-03-18,99073,2959894,51105,1427349,42244,1464230,5724,68315,59872,1082901,0.124468,38825,974670,0.112028,66076,2057571,0.236496,8700223
1,2021-03-19,103985,3063879,53832,1481181,43847,1508077,6306,74621,60670,1107385,0.127282,43000,1017670,0.116971,67484,2125055,0.244253,8700223
1,2021-03-20,72961,3136840,37369,1518550,30372,1538449,5220,79841,46863,1133837,0.130323,25900,1043570,0.119948,52352,2177407,0.25027,8700223
1,2021-03-21,27398,3164238,19089,1537639,6499,1544948,1810,81651,17044,1142523,0.131321,10254,1053824,0.121126,18940,2196347,0.252447,8700223
1,2021-03-22,59409,3223647,30680,1568319,25419,1570367,3310,84961,39927,1166877,0.13412,19250,1073074,0.123339,43604,2239951,0.257459,8700223
1,2021-03-23,83645,3307292,42604,1610923,37404,1607771,3637,88598,51270,1190127,0.136793,32106,1105180,0.127029,55356,2295307,0.263822,8700223
1,2021-03-24,88589,3395881,44821,1655744,39393,1647164,4375,92973,52761,1211897,0.139295,35519,1140699,0.131111,57289,2352596,0.270406,8700223
1,2021-03-25,97478,3493359,49882,1705626,41744,1688908,5852,98825,53947,1228713,0.141228,43186,1183885,0.136075,60002,2412598,0.277303,8700223
1,2021-03-26,105671,3599030,51273,1756899,48068,1736976,6330,105155,56592,1243234,0.142897,48692,1232577,0.141672,63213,2475811,0.284569,8700223
1,2021-03-27,74500,3673530,38549,1795448,31738,1768714,4213,109368,38228,1249834,0.143655,36034,1268611,0.145814,42634,2518445,0.289469,8700223
1,2021-03-28,32872,3706402,21509,1816957,10134,1778848,1229,110597,16444,1251644,0.143863,16312,1284923,0.147689,18122,2536567,0.291552,8700223
1,2021-03-29,68784,3775186,33885,1850842,31729,1810577,3170,113767,37903,1262287,0.145087,30639,1315562,0.15121,41282,2577849,0.296297,8700223
1,2021-03-30,93607,3868793,45756,1896598,41436,1852013,6415,120182,48104,1271611,0.146158,45263,1360825,0.156413,54587,2632436,0.302571,8700223
1,2021-03-31,102179,3970972,53161,1949759,42765,1894778,6253,126435,55934,1287945,0.148036,45896,1406721,0.161688,62230,2694666,0.309724,8700223
1,2021-04-01,113822,4084794,54364,2004123,50626,1945404,8832,135267,57774,1299021,0.149309,55557,1462278,0.168074,66633,2761299,0.317383,8700223
1,2021-04-02,112997,4197791,51454,2055577,51787,1997191,9756,145023,57345,1311117,0.150699,55199,1517477,0.174418,67295,2828594,0.325117,8700223
1,2021-04-03,78848,4276639,39645,2095222,29489,2026680,9714,154737,37018,1316264,0.151291,41629,1559106,0.179203,46776,2875370,0.330494,8700223
1,2021-04-04,23830,4300469,11854,2107076,8496,2035176,3480,158217,9940,1315857,0.151244,13814,1572920,0.180791,13407,2888777,0.332035,8700223
1,2021-04-05,77804,4378273,37066,2144142,31332,2066508,9406,167623,35035,1317896,0.151478,42540,1615460,0.18568,44579,2933356,0.337159,8700223
1,2021-04-06,105007,4483280,49752,2193894,38542,2105050,16713,184336,47533,1324987,0.152293,57148,1672608,0.192249,64239,2997595,0.344542,8700223
1,2021-04-07,113084,4596364,54832,2248726,40560,2145610,17692,202028,50995,1331902,0.153088,61758,1734366,0.199347,68673,3066268,0.352436,8700223
1,2021-04-08,123427,4719791,58415,2307141,43875,2189485,21137,223165,54592,1339259,0.153934,68389,1802755,0.207208,75746,3142014,0.361142,8700223
1,2021-04-09,124558,4844349,56791,2363932,46836,2236321,20931,244096,54697,1345412,0.154641,69481,1872236,0.215194,75634,3217648,0.369835,8700223
1,2021-04-10,97474,4941823,43459,2407391,30951,2267272,23064,267160,38580,1348311,0.154974,58660,1930896,0.221936,61559,3279207,0.376911,8700223
1,2021-04-11,36777,4978600,20420,2427811,9458,2276730,6899,274059,14869,1348334,0.154977,21835,1952731,0.224446,21858,3301065,0.379423,8700223
1,2021-04-12,75111,5053711,33521,2461332,31520,2308250,10070,284129,31882,1347491,0.15488,42923,1995654,0.22938,42080,3343145,0.38426,8700223
1,2021-04-13,98423,5152134,52590,2513922,45489,2353739,344,284473,53152,1356381,0.155902,44953,2040607,0.234547,53843,3396988,0.390448,8700223
1,2021-04-14,105338,5257472,54536,2568458,50723,2404462,79,284552,53483,1358860,0.156187,51454,2092061,0.240461,53933,3450921,0.396647,8700223
1,2021-04-15,106094,5363566,57586,2626044,48415,2452877,93,284645,56183,1366010,0.157009,49302,2141363,0.246127,56452,3507373,0.403136,8700223
1,2021-04-16,111174,5474740,56878,2682922,54206,2507083,90,284735,55476,1366629,0.15708,55137,2196500,0.252465,55756,3563129,0.409545,8700223
1,2021-04-17,83584,5558324,45378,2728300,38194,2545277,12,284747,46578,1376639,0.15823,36744,2233244,0.256688,46754,3609883,0.414918,8700223
1,2021-04-18,30596,5588920,20712,2749012,9877,2555154,7,284754,15325,1377004,0.158272,15175,2248419,0.258432,15540,3625423,0.416705,8700223
1,2021-04-19,67322,5656242,34066,2783078,33243,2588397,13,284767,30324,1370856,0.157566,36615,2285034,0.262641,30467,3655890,0.420206,8700223
1,2021-04-20,88599,5744841,44579,2827657,43996,2632393,24,284791,41297,1365460,0.156945,46918,2331952,0.268034,41522,3697412,0.424979,8700223
1,2021-04-21,98089,5842930,51165,2878822,46820,2679213,104,284895,43767,1355849,0.155841,53724,2385676,0.274209,44113,3741525,0.430049,8700223
1,2021-04-22,97941,5940871,51211,2930033,46711,2725924,19,284914,44805,1348297,0.154973,52596,2438272,0.280254,45044,3786569,0.435227,8700223
1,2021-04-23,102933,6043804,53166,2983199,49738,2775662,29,284943,48847,1343878,0.154465,53533,2491805,0.286407,49114,3835683,0.440872,8700223
1,2021-04-24,76606,6120410,47513,3030712,29066,2804728,27,284970,43102,1353928,0.15562,33340,2525145,0.290239,43390,3879073,0.445859,8700223
1,2021-04-25,27421,6147831,17457,3048169,9950,2814678,14,284984,15626,1358045,0.156093,11666,2536811,0.29158,15783,3894856,0.447673,8700223
1,2021-04-26,66634,6214465,34973,3083142,31254,2845932,407,285391,31424,1355329,0.155781,34883,2571694,0.295589,32167,3927023,0.45137,8700223
1,2021-04-27,81979,6296444,43585,3126727,37088,2883020,1306,286697,35361,1346031,0.154712,46304,2617998,0.300912,37006,3964029,0.455624,8700223
1,2021-04-28,81792,6378236,43516,3170243,36758,2919778,1518,288215,35716,1337786,0.153765,45702,2663700,0.306165,37457,4001486,0.459929,8700223
1,2021-04-29,85252,6463488,46899,3217142,36721,2956499,1632,289847,34673,1324072,0.152188,50184,2713884,0.311933,36470,4037956,0.464121,8700223
1,2021-04-30,92883,6556371,50289,3267431,40701,2997200,1893,291740,38582,1310770,0.150659,53936,2767820,0.318132,40634,4078590,0.468791,8700223
1,2021-05-01,64056,6620427,41291,3308722,21329,3018529,1436,293176,26964,1302571,0.149717,36812,2804632,0.322363,28613,4107203,0.47208,8700223
1,2021-05-02,23557,6643984,16687,3325409,6287,3024816,583,293759,9473,1298685,0.14927,13969,2818601,0.323969,10083,4117286,0.473239,8700223
1,2021-05-03,56527,6700511,31339,3356748,23334,3048150,1854,295613,20462,1285261,0.147727,35791,2854392,0.328083,22367,4139653,0.47581,8700223
1,2021-05-04,76113,6776624,43853,3400601,30156,3078306,2104,297717,27227,1266105,0.145526,48563,2902955,0.333664,29407,4169060,0.47919,8700223
1,2021-05-05,78534,6855158,45523,3446124,30704,3109010,2307,300024,26580,1243495,0.142927,51577,2954532,0.339593,28967,4198027,0.482519,8700223
1,2021-05-06,80042,6935200,48599,3494723,29257,3138267,2186,302210,24950,1216111,0.139779,54673,3009205,0.345877,27289,4225316,0.485656,8700223
1,2021-05-07,83622,7018822,47578,3542301,33846,3172113,2198,304408,27902,1191036,0.136897,55238,3064443,0.352226,30163,4255479,0.489123,8700223
1,2021-05-08,57525,7076347,36097,3578398,19774,3191887,1654,306062,19536,1174673,0.135016,37637,3102080,0.356552,21274,4276753,0.491568,8700223
1,2021-05-09,18371,7094718,13182,3591580,4711,3196598,478,306540,5570,1168038,0.134254,12717,3114797,0.358013,6082,4282835,0.492267,8700223
1,2021-05-10,44375,7139093,22444,3614024,20098,3216696,1833,308373,14822,1155530,0.132816,29252,3144049,0.361376,16744,4299579,0.494192,8700223
1,2021-05-11,62948,7202041,34233,3648257,26549,3243245,2166,310539,20676,1136514,0.13063,41966,3186015,0.366199,22950,4322529,0.49683,8700223
1,2021-05-12,63091,7265132,33530,3681787,27493,3270738,2068,312607,20716,1117332,0.128426,42029,3228044,0.37103,22847,4345376,0.499456,8700223
1,2021-05-13,67332,7332464,39505,3721292,25835,3296573,1992,314599,25626,1103931,0.126885,41301,3269345,0.375777,27900,4373276,0.502663,8700223
1,2021-05-14,76930,7409394,46387,3767679,28136,3324709,2407,317006,31045,1092200,0.125537,45459,3314804,0.381002,33728,4407004,0.506539,8700223
1,2021-05-15,66883,7476277,43918,3811597,21195,3345904,1770,318776,26619,1080730,0.124219,39927,3354731,0.385591,28457,4435461,0.50981,8700223
1,2021-05-16,25132,7501409,18529,3830126,5982,3351886,621,319397,10244,1076880,0.123776,14761,3369492,0.387288,10911,4446372,0.511064,8700223
1,2021-05-17,54475,7555884,33295,3863421,19397,3371283,1783,321180,23082,1070689,0.123065,31112,3400604,0.390864,24921,4471293,0.513929,8700223
1,2021-05-18,65320,7621204,39363,3902784,24114,3395397,1843,323023,28322,1064241,0.122323,36701,3437305,0.395082,30253,4501546,0.517406,8700223
1,2021-05-19,66690,7687894,40617,3943401,24132,3419529,1941,324964,29831,1059534,0.121782,36554,3473859,0.399284,31847,4533393,0.521066,8700223
1,2021-05-20,65017,7752911,37735,3981136,25048,3444577,2234,327198,26734,1050781,0.120776,37919,3511778,0.403642,29166,4562559,0.524419,8700223
1,2021-05-21,70674,7823585,42268,4023404,26527,3471104,1879,329077,29123,1040747,0.119623,41128,3552906,0.40837,31094,4593653,0.527993,8700223
1,2021-05-22,56549,7880134,37212,4060616,17605,3488709,1732,330809,24582,1035475,0.119017,31678,3584584,0.412011,26406,4620059,0.531028,8700223
1,2021-05-23,20543,7900677,14368,4074984,5588,3494297,587,331396,9516,1034687,0.118926,10916,3595500,0.413265,10128,4630187,0.532192,8700223
1,2021-05-24,44298,7944975,24725,4099709,17724,3512021,1849,333245,17935,1028456,0.11821,26094,3621594,0.416265,19863,4650050,0.534475,8700223
1,2021-05-25,51419,7996394,29620,4129329,20082,3532103,1717,334962,21337,1021824,0.117448,29779,3651373,0.419687,23147,4673197,0.537135,8700223
1,2021-05-26,48854,8045248,27694,4157023,19251,3551354,1909,336871,20712,1016667,0.116855,27817,3679190,0.422885,22660,4695857,0.53974,8700223
1,2021-05-27,47328,8092576,26558,4183581,18849,3570203,1921,338792,20291,1012260,0.116349,26730,3705920,0.425957,22323,4718180,0.542306,8700223
1,2021-05-28,53039,8145615,29633,4213214,21561,3591764,1845,340637,23757,1009058,0.115981,28927,3734847,0.429282,25725,4743905,0.545262,8700223
1,2021-05-29,30820,8176435,18667,4231881,11185,3602949,968,341605,14639,1008702,0.11594,16018,3750865,0.431123,15662,4759567,0.547063,8700223
1,2021-05-30,11735,8188170,7586,4239467,3589,3606538,560,342165,5533,1008694,0.115939,6126,3756991,0.431827,6118,4765685,0.547766,8700223
1,2021-05-31,5816,8193986,3310,4242777,2245,3608783,261,342426,2033,1007282,0.115777,3717,3760708,0.432254,2305,4767990,0.548031,8700223
1,2021-06-01,46349,8240335,26248,4269025,18514,3627297,1587,344013,17557,998070,0.114718,28419,3789127,0.435521,19207,4787197,0.550238,8700223
1,2021-06-02,40284,8280619,23390,4292415,15380,3642677,1514,345527,16249,992192,0.114042,23721,3812848,0.438247,17843,4805040,0.552289,8700223
1,2021-06-03,41841,8322460,26228,4318643,13887,3656564,1726,347253,15984,984437,0.113151,25539,3838387,0.441183,17784,4822824,0.554333,8700223
1,2021-06-04,50497,8372957,32315,4350958,16363,3672927,1819,349072,18067,972348,0.111761,32052,3870439,0.444867,19963,4842787,0.556628,8700223
1,2021-06-05,40619,8413576,27715,4378673,10889,3683816,2015,351087,14241,962502,0.11063,26154,3896593,0.447873,16308,4859095,0.558502,8700223
1,2021-06-06,13263,8426839,10619,4389292,2129,3685945,515,351602,4575,959052,0.110233,8602,3905195,0.448861,5152,4864247,0.559095,8700223
1,2021-06-07,34131,8460970,23521,4412813,9239,3695184,1371,352973,12108,950785,0.109283,21798,3926993,0.451367,13531,4877778,0.56065,8700223
1,2021-06-08,42393,8503363,29335,4442148,11395,3706579,1663,354636,14746,939924,0.108034,27360,3954353,0.454512,16499,4894277,0.562546,8700223
1,2021-06-09,42332,8545695,29355,4471503,11329,3717908,1648,356284,13786,927187,0.10657,28225,3982578,0.457756,15488,4909765,0.564326,8700223
1,2021-06-10,39307,8585002,26466,4497969,11127,3729035,1714,357998,13405,916769,0.105373,25637,4008215,0.460703,15219,4924984,0.566076,8700223
1,2021-06-11,44425,8629427,29478,4527447,13245,3742280,1702,359700,15797,906040,0.10414,28307,4036522,0.463956,17578,4942562,0.568096,8700223
1,2021-06-12,34028,8663455,24610,4552057,8196,3750476,1222,360922,11158,895841,0.102968,22645,4059167,0.466559,12446,4955008,0.569527,8700223
1,2021-06-13,11674,8675129,8489,4560546,2703,3753179,482,361404,3402,891562,0.102476,8196,4067363,0.467501,3917,4958925,0.569977,8700223
1,2021-06-14,31124,8706253,20956,4581502,8840,3762019,1328,362732,11596,885196,0.101744,19318,4086681,0.469721,12952,4971877,0.571465,8700223
1,2021-06-15,37748,8744001,24759,4606261,11120,3773139,1869,364601,14044,877798,0.100894,23399,4110080,0.472411,16001,4987878,0.573305,8700223
1,2021-06-16,35804,8779805,24205,4630466,9754,3782893,1845,366446,13489,871155,0.10013,22033,4132113,0.474943,15390,5003268,0.575074,8700223
1,2021-06-17,33956,8813761,22459,4652925,9530,3792423,1967,368413,13288,866086,0.099548,20408,4152521,0.477289,15339,5018607,0.576837,8700223
1,2021-06-18,39891,8853652,25916,4678841,11107,3803530,2868,371281,15455,860321,0.098885,24140,4176661,0.480064,18375,5036982,0.578949,8700223
1,2021-06-19,24112,8877764,16734,4695575,6176,3809706,1202,372483,9806,857238,0.098531,14129,4190790,0.481688,11046,5048028,0.580218,8700223
1,2021-06-20,8173,8885937,5988,4701563,1908,3811614,277,372760,3239,855904,0.098377,4861,4195651,0.482246,3527,5051555,0.580624,8700223
1,2021-06-21,21067,8907004,11921,4713484,6948,3818562,2198,374958,10965,859132,0.098748,9983,4205634,0.483394,13211,5064766,0.582142,8700223
1,2021-06-22,30975,8937979,20225,4733709,8593,3827155,2157,377115,12951,856501,0.098446,17801,4223435,0.48544,15170,5079936,0.583886,8700223
1,2021-06-23,29540,8967519,19838,4753547,7874,3835029,1828,378943,12870,854780,0.098248,16443,4239878,0.48733,14722,5094658,0.585578,8700223
1,2021-06-24,28538,8996057,19002,4772549,7855,3842884,1681,380624,12091,852381,0.097972,16239,4256117,0.489196,13840,5108498,0.587169,8700223
1,2021-06-25,31926,9027983,21600,4794149,8909,3851793,1417,382041,14019,850212,0.097723,17660,4273777,0.491226,15491,5123989,0.588949,8700223
1,2021-06-26,22600,9050583,16790,4810939,4969,3856762,841,382882,9873,848377,0.097512,12598,4286375,0.492674,10763,5134752,0.590186,8700223
1,2021-06-27,9228,9059811,6876,4817815,1917,3858679,435,383317,4084,847839,0.09745,5072,4291447,0.493257,4534,5139286,0.590707,8700223
1,2021-06-28,21347,9081158,15865,4833680,4224,3862903,1258,384575,9891,847782,0.097444,11253,4302700,0.494551,11196,5150482,0.591994,8700223
1,2021-06-29,27053,9108211,18515,4852195,7142,3870045,1396,385971,11922,846218,0.097264,14939,4317639,0.496268,13375,5163857,0.593532,8700223
1,2021-06-30,26298,9134509,18199,4870394,7035,3877080,1064,387035,12496,846273,0.09727,13577,4331216,0.497828,13632,5177489,0.595098,8700223
1,2021-07-01,24142,9158651,16770,4887164,6065,3883145,1307,388342,11174,846029,0.097242,12800,4344016,0.499299,12556,5190045,0.596542,8700223
1,2021-07-02,26853,9185504,18447,4905611,7355,3890500,1051,389393,12547,845606,0.097194,14102,4358118,0.50092,13679,5203724,0.598114,8700223
1,2021-07-03,14895,9200399,10397,4916008,4044,3894544,454,389847,7090,845518,0.097183,7666,4365784,0.501801,7578,5211302,0.598985,8700223
1,2021-07-04,1291,9201690,727,4916735,497,3895041,67,389914,624,845558,0.097188,656,4366440,0.501877,696,5211998,0.599065,8700223
1,2021-07-05,11164,9212854,7730,4924465,3070,3898111,364,390278,5297,845472,0.097178,5796,4372236,0.502543,5710,5217708,0.599721,8700223
1,2021-07-06,27551,9240405,19470,4943935,6931,3905042,1150,391428,10995,841348,0.096704,16370,4388606,0.504425,12246,5229954,0.601129,8700223
1,2021-07-07,24071,9264476,16836,4960771,6067,3911109,1168,392596,10353,839424,0.096483,13529,4402135,0.50598,11605,5241559,0.602463,8700223
1,2021-07-08,23031,9287507,15919,4976690,6014,3917123,1098,393694,9942,837600,0.096273,12951,4415086,0.507468,11127,5252686,0.603742,8700223
1,2021-07-09,27238,9314745,19264,4995954,6802,3923925,1172,394866,12263,836295,0.096123,14795,4429881,0.509169,13490,5266176,0.605292,8700223
1,2021-07-10,18006,9332751,12997,5008951,4237,3928162,772,395638,8011,835257,0.096004,9868,4439749,0.510303,8830,5275006,0.606307,8700223
1,2021-07-11,6803,9339554,4978,5013929,1620,3929782,205,395843,3282,835294,0.096008,3468,4443217,0.510702,3505,5278511,0.60671,8700223
1,2021-07-12,20346,9359900,14617,5028546,4832,3934614,897,396740,9011,834103,0.095871,11191,4454408,0.511988,10000,5288511,0.607859,8700223
1,2021-07-13,22512,9382412,15713,5044259,5981,3940595,818,397558,10516,833678,0.095823,11846,4466254,0.513349,11421,5299932,0.609172,8700223
1,2021-07-14,22535,9404947,15477,5059736,6068,3946663,990,398548,10132,832664,0.095706,12246,4478500,0.514757,11232,5311164,0.610463,8700223
1,2021-07-15,21945,9426892,15552,5075288,5659,3952322,734,399282,10601,832908,0.095734,11196,4489696,0.516044,11440,5322604,0.611778,8700223
1,2021-07-16,27019,9453911,18890,5094178,7124,3959446,1005,400287,13374,833897,0.095848,13475,4503171,0.517593,14464,5337068,0.61344,8700223
1,2021-07-17,18761,9472672,13553,5107731,4503,3963949,705,400992,9222,834454,0.095912,9406,4512577,0.518674,9963,5347031,0.614586,8700223
1,2021-07-18,7498,9480170,5534,5113265,1678,3965627,286,401278,3837,834992,0.095974,3601,4516178,0.519088,4139,5351170,0.615061,8700223
1,2021-07-19,20938,9501108,15166,5128431,4939,3970566,833,402111,10489,836096,0.096101,10313,4526491,0.520273,11417,5362587,0.616374,8700223
1,2021-07-20,25002,9526110,17292,5145723,6822,3977388,888,402999,12840,837938,0.096312,11977,4538468,0.52165,13819,5376406,0.617962,8700223
1,2021-07-21,25377,9551487,17828,5163551,6338,3983726,1211,404210,12971,839993,0.096548,12244,4550712,0.523057,14299,5390705,0.619605,8700223
1,2021-07-22,24470,9575957,17299,5180850,6326,3990052,845,405055,13342,843325,0.096931,10946,4561658,0.524315,14278,5404983,0.621246,8700223
1,2021-07-23,29137,9605094,20587,5201437,7526,3997578,1024,406079,16241,847962,0.097464,12693,4574351,0.525774,17330,5422313,0.623238,8700223
1,2021-07-24,18191,9623285,12835,5214272,4788,4002366,568,406647,10707,851898,0.097917,7365,4581716,0.526621,11301,5433614,0.624537,8700223
1,2021-07-25,7501,9630786,5394,5219666,1990,4004356,117,406764,5598,855768,0.098362,1865,4583581,0.526835,5735,5439349,0.625197,8700223
1,2021-07-26,21462,9652248,14843,5234509,5857,4010213,762,407526,13882,863022,0.099195,7461,4591042,0.527692,14715,5454064,0.626888,8700223
1,2021-07-27,27112,9679360,19354,5253863,6816,4017029,942,408468,15980,869035,0.099887,10964,4602006,0.528953,16977,5471041,0.628839,8700223
1,2021-07-28,28126,9707486,19956,5273819,7296,4024325,874,409342,17268,876576,0.100753,10671,4612677,0.530179,18212,5489253,0.630932,8700223
1,2021-07-29,26761,9734247,18993,5292812,6972,4031297,796,410138,16747,884342,0.101646,9839,4622516,0.53131,17605,5506858,0.632956,8700223
1,2021-07-30,31270,9765517,22376,5315188,7989,4039286,905,411043,19143,892514,0.102585,11913,4634429,0.532679,20085,5526943,0.635265,8700223
1,2021-07-31,20023,9785540,14536,5329724,4945,4044231,542,411585,12472,898161,0.103234,7391,4641820,0.533529,13038,5539981,0.636763,8700223
1,2021-08-01,8878,9794418,6690,5336414,2061,4046292,127,411712,6089,901664,0.103637,2741,4644561,0.533844,6244,5546225,0.637481,8700223
1,2021-08-02,24925,9819343,18558,5354972,5661,4051953,706,412418,16235,910120,0.104609,8534,4653095,0.534825,16990,5563215,0.639434,8700223
1,2021-08-03,28596,9847939,20680,5375652,7002,4058955,914,413332,17917,918492,0.105571,10496,4663591,0.536031,18868,5582083,0.641602,8700223
1,2021-08-04,27644,9875583,20082,5395734,6682,4065637,880,414212,17568,927115,0.106562,9871,4673462,0.537166,18494,5600577,0.643728,8700223
1,2021-08-05,27327,9902910,20022,5415756,6405,4072042,900,415112,17231,935373,0.107511,9895,4683357,0.538303,18153,5618730,0.645814,8700223
1,2021-08-06,33771,9936681,24862,5440618,7933,4079975,976,416088,21056,944972,0.108615,12479,4695836,0.539737,22078,5640808,0.648352,8700223
1,2021-08-07,21726,9958407,16286,5456904,4871,4084846,569,416657,13548,951057,0.109314,8045,4703881,0.540662,14130,5654938,0.649976,8700223
1,2021-08-08,10514,9968921,7678,5464582,2636,4087482,200,416857,6840,954504,0.10971,3602,4707483,0.541076,7049,5661987,0.650786,8700223
1,2021-08-09,27844,9996765,20854,5485436,6178,4093660,812,417669,17219,962138,0.110588,10431,4717914,0.542275,18065,5680052,0.652863,8700223
1,2021-08-10,29238,10026003,21490,5506926,6880,4100540,868,418537,17431,968891,0.111364,11599,4729513,0.543608,18352,5698404,0.654972,8700223
1,2021-08-11,26935,10052938,19842,5526768,6181,4106721,912,419449,15892,974887,0.112053,10835,4740348,0.544854,16831,5715235,0.656907,8700223
1,2021-08-12,28547,10081485,20523,5547291,6989,4113710,1035,420484,17061,981806,0.112848,11198,4751546,0.546141,18117,5733352,0.658989,8700223
1,2021-08-13,35806,10117291,26040,5573331,8724,4122434,1042,421526,20861,989111,0.113688,14644,4766190,0.547824,21949,5755301,0.661512,8700223
1,2021-08-14,23767,10141058,18049,5591380,5169,4127603,549,422075,13642,993645,0.114209,9675,4775865,0.548936,14209,5769510,0.663145,8700223
1,2021-08-15,10531,10151589,7758,5599138,2617,4130220,156,422231,6092,995776,0.114454,4138,4780003,0.549412,6269,5775779,0.663866,8700223
1,2021-08-16,28736,10180325,20380,5619518,7571,4137791,785,423016,15898,1000508,0.114998,11981,4791984,0.550789,16713,5792492,0.665787,8700223
1,2021-08-17,31289,10211614,22200,5641718,8188,4145979,901,423917,16485,1004051,0.115405,13883,4805867,0.552384,17426,5809918,0.66779,8700223
1,2021-08-18,31154,10242768,22351,5664069,7938,4153917,865,424782,15855,1006700,0.11571,14117,4819984,0.554007,16766,5826684,0.669717,8700223
1,2021-08-19,30154,10272922,21543,5685612,7649,4161566,962,425744,15371,1009500,0.116032,13570,4833554,0.555567,16370,5843054,0.671598,8700223
1,2021-08-20,37017,10309939,26978,5712590,9127,4170693,912,426656,18769,1012464,0.116372,16746,4850300,0.557491,19710,5862764,0.673864,8700223
1,2021-08-21,22564,10332503,16866,5729456,5143,4175836,555,427211,10980,1013162,0.116452,10852,4861152,0.558739,11550,5874314,0.675191,8700223
1,2021-08-22,11677,10344180,8546,5738002,2939,4178775,192,427403,5850,1013775,0.116523,5442,4866594,0.559364,6055,5880369,0.675887,8700223
1,2021-08-23,13604,10357784,10144,5748146,2868,4181643,592,427995,6143,1013654,0.116509,6886,4873480,0.560156,6765,5887134,0.676665,8700223
2,2020-12-15,262,262,262,262,0,0,0,0,262,262,3.1e-05,0,0,0.0,262,262,3.1e-05,8407551
2,2020-12-16,2269,2531,2269,2531,0,0,0,0,2269,2531,0.000301,0,0,0.0,2269,2531,0.000301,8407551
2,2020-12-17,6996,9527,6996,9527,0,0,0,0,6995,9526,0.001133,0,0,0.0,6995,9526,0.001133,8407551
2,2020-12-18,11175,20702,11154,20681,21,21,0,0,11179,20705,0.002463,0,0,0.0,11179,20705,0.002463,8407551
2,2020-12-19,5639,26341,5632,26313,7,28,0,0,5641,26346,0.003134,0,0,0.0,5641,26346,0.003134,8407551
2,2020-12-20,4262,30603,4247,30560,15,43,0,0,4258,30603,0.00364,1,1,0.0,4258,30604,0.00364,8407551
2,2020-12-21,12887,43490,12857,43417,30,73,0,0,12843,43446,0.005167,0,1,0.0,12843,43447,0.005168,8407551
2,2020-12-22,12259,55749,11733,55150,526,599,0,0,12258,55704,0.006625,0,1,0.0,12258,55705,0.006626,8407551
2,2020-12-23,11830,67579,9575,64725,2255,2854,0,0,11832,67535,0.008033,2,3,0.0,11833,67538,0.008033,8407551
2,2020-12-24,5933,73512,3509,68234,2424,5278,0,0,5929,73463,0.008738,3,6,1e-06,5931,73469,0.008738,8407551
2,2020-12-25,502,74014,418,68652,84,5362,0,0,505,73968,0.008798,0,6,1e-06,505,73974,0.008799,8407551
2,2020-12-26,2589,76603,1674,70326,915,6277,0,0,2590,76557,0.009106,1,7,1e-06,2590,76564,0.009107,8407551
2,2020-12-27,2246,78849,1221,71547,1025,7302,0,0,2243,78798,0.009372,2,9,1e-06,2243,78807,0.009373,8407551
2,2020-12-28,11161,90010,7245,78792,3916,11218,0,0,11161,89956,0.010699,3,12,1e-06,11161,89968,0.010701,8407551
2,2020-12-29,12991,103001,7309,86101,5682,16900,0,0,12997,102953,0.012245,0,12,1e-06,12997,102965,0.012247,8407551
2,2020-12-30,15755,118756,8847,94948,6908,23808,0,0,15750,118700,0.014118,5,17,2e-06,15752,118717,0.01412,8407551
2,2020-12-31,7634,126390,2844,97792,4790,28598,0,0,7625,126319,0.015024,6,23,3e-06,7625,126342,0.015027,8407551
2,2021-01-01,1434,127824,693,98485,741,29339,0,0,1430,127745,0.015194,4,27,3e-06,1430,127772,0.015197,8407551
2,2021-01-02,4894,132718,2789,101274,2105,31444,0,0,4889,132632,0.015775,2,29,3e-06,4889,132661,0.015779,8407551
2,2021-01-03,1432,134150,810,102084,622,32066,0,0,1424,134052,0.015944,4,33,4e-06,1424,134085,0.015948,8407551
2,2021-01-04,11819,145969,5630,107714,6189,38255,0,0,11806,145854,0.017348,4,37,4e-06,11806,145891,0.017352,8407551
2,2021-01-05,14039,160008,7035,114749,7004,45259,0,0,12792,157439,0.018726,1241,1278,0.000152,12826,158717,0.018878,8407551
2,2021-01-06,19267,179275,10657,125406,8610,53869,0,0,15305,168856,0.020084,3901,5179,0.000616,15318,174035,0.0207,8407551
2,2021-01-07,23474,202749,13236,138642,10238,64107,0,0,15732,176859,0.021036,7747,12926,0.001537,15750,189785,0.022573,8407551
2,2021-01-08,27121,229870,16356,154998,10765,74872,0,0,16683,183194,0.021789,10379,23305,0.002772,16714,206499,0.024561,8407551
2,2021-01-09,9910,239780,5799,160797,4111,78983,0,0,6318,185935,0.022115,3588,26893,0.003199,6329,212828,0.025314,8407551
2,2021-01-10,5372,245152,2992,163789,2380,81363,0,0,3097,186765,0.022214,2273,29166,0.003469,3103,215931,0.025683,8407551
2,2021-01-11,26222,271374,18134,181923,8088,89451,0,0,15033,190665,0.022678,11187,40353,0.0048,15087,231018,0.027477,8407551
2,2021-01-12,26589,297963,16521,198444,10068,99519,0,0,16868,197903,0.023539,9724,50077,0.005956,16962,247980,0.029495,8407551
2,2021-01-13,28785,326748,15273,213717,13512,113031,0,0,20717,210610,0.02505,8050,58127,0.006914,20757,268737,0.031964,8407551
2,2021-01-14,30760,357508,11777,225494,18983,132014,0,0,26424,232776,0.027687,4341,62468,0.00743,26507,295244,0.035117,8407551
2,2021-01-15,35293,392801,12784,238278,22509,154523,0,0,31954,261494,0.031102,3330,65798,0.007826,32048,327292,0.038928,8407551
2,2021-01-16,18408,411209,6153,244431,12255,166778,0,0,16982,277046,0.032952,1440,67238,0.007997,16992,344284,0.040949,8407551
2,2021-01-17,10616,421825,3585,248016,7031,173809,0,0,9861,286149,0.034035,770,68008,0.008089,9873,354157,0.042124,8407551
2,2021-01-18,19894,441719,11126,259142,8768,182577,0,0,15000,296304,0.035243,4911,72919,0.008673,15066,369223,0.043916,8407551
2,2021-01-19,32917,474636,17121,276263,15796,198373,0,0,24700,312905,0.037217,8215,81134,0.00965,24816,394039,0.046867,8407551
2,2021-01-20,37832,512468,19063,295326,18769,217142,0,0,29108,333411,0.039656,8697,89831,0.010685,29203,423242,0.050341,8407551
2,2021-01-21,41335,553803,17593,312919,23742,240884,0,0,36722,365744,0.043502,4580,94411,0.011229,36913,460155,0.054731,8407551
2,2021-01-22,39844,593647,16651,329570,23193,264077,0,0,36435,398778,0.047431,3429,97840,0.011637,36463,496618,0.059068,8407551
2,2021-01-23,24340,617987,10831,340401,13509,277586,0,0,21338,417169,0.049618,2979,100819,0.011991,21370,517988,0.06161,8407551
2,2021-01-24,12518,630505,6133,346534,6385,283971,0,0,11583,427853,0.050889,919,101738,0.012101,11603,529591,0.06299,8407551
2,2021-01-25,34191,664696,15726,362260,18465,302436,0,0,25235,444336,0.05285,8902,110640,0.01316,25385,554976,0.066009,8407551
2,2021-01-26,40654,705350,19888,382148,20766,323202,0,0,31292,466386,0.055472,9333,119973,0.01427,31383,586359,0.069742,8407551
2,2021-01-27,45967,751317,22780,404928,23187,346389,0,0,35468,491547,0.058465,10375,130348,0.015504,35536,621895,0.073969,8407551
2,2021-01-28,48392,799709,22578,427506,25814,372203,0,0,39518,522342,0.062128,8804,139152,0.016551,39599,661494,0.078679,8407551
2,2021-01-29,46004,845713,22131,449637,23873,396076,0,0,37097,550740,0.065505,8779,147931,0.017595,37177,698671,0.0831,8407551
2,2021-01-30,31545,877258,13365,463002,18180,414256,0,0,28090,575462,0.068446,3412,151343,0.018001,28134,726805,0.086447,8407551
2,2021-01-31,17321,894579,10231,473233,7090,421346,0,0,16088,590363,0.070218,1211,152554,0.018145,16112,742917,0.088363,8407551
2,2021-02-01,41629,936208,19935,493168,21694,443040,0,0,30356,609556,0.072501,11210,163764,0.019478,30403,773320,0.091979,8407551
2,2021-02-02,48264,984472,19623,512791,28641,471681,0,0,36585,634662,0.075487,11580,175344,0.020856,36686,810006,0.096343,8407551
2,2021-02-03,54363,1038835,23903,536694,30460,502141,0,0,39982,660468,0.078557,14278,189622,0.022554,40084,850090,0.10111,8407551
2,2021-02-04,56575,1095410,24271,560965,32304,534445,0,0,41118,686346,0.081634,15345,204967,0.024379,41223,891313,0.106013,8407551
2,2021-02-05,60646,1156056,26340,587305,34306,568751,0,0,40911,707942,0.084203,19515,224482,0.0267,41111,932424,0.110903,8407551
2,2021-02-06,39628,1195684,18428,605733,21200,589951,0,0,31505,731514,0.087007,8043,232525,0.027657,31615,964039,0.114663,8407551
2,2021-02-07,15788,1211472,10450,616183,5338,595289,0,0,11952,739737,0.087985,3802,236327,0.028109,12025,976064,0.116094,8407551
2,2021-02-08,43311,1254783,21943,638126,21368,616657,0,0,29610,756015,0.089921,13549,249876,0.02972,29827,1005891,0.119641,8407551
2,2021-02-09,49847,1304630,23528,661654,26319,642976,0,0,30737,768314,0.091384,18803,268679,0.031957,31102,1036993,0.123341,8407551
2,2021-02-10,59875,1364505,27997,689651,31878,674854,0,0,34504,778121,0.09255,25075,293754,0.034939,34882,1071875,0.12749,8407551
2,2021-02-11,64623,1429128,29691,719342,34932,709786,0,0,35920,786244,0.093516,28320,322074,0.038308,36443,1108318,0.131824,8407551
2,2021-02-12,66329,1495457,28606,747948,37723,747509,0,0,35402,791715,0.094167,30607,352681,0.041948,36078,1144396,0.136115,8407551
2,2021-02-13,38316,1533773,15948,763896,22368,769877,0,0,22060,798010,0.094916,16148,368829,0.043869,22443,1166839,0.138785,8407551
2,2021-02-14,20226,1553999,9416,773312,10810,780687,0,0,11221,800657,0.095231,8948,377777,0.044933,11595,1178434,0.140164,8407551
2,2021-02-15,33483,1587482,15056,788368,18427,799114,0,0,18514,805219,0.095773,14822,392599,0.046696,19384,1197818,0.142469,8407551
2,2021-02-16,56702,1644184,27771,816139,28931,828045,0,0,29775,808884,0.096209,26801,419400,0.049884,30466,1228284,0.146093,8407551
2,2021-02-17,62098,1706282,31922,848061,30176,858221,0,0,30749,809211,0.096248,31245,450645,0.0536,31572,1259856,0.149848,8407551
2,2021-02-18,66741,1773023,33638,881699,33103,891324,0,0,32427,808759,0.096194,34035,484680,0.057648,33583,1293439,0.153843,8407551
2,2021-02-19,60127,1833150,33223,914922,26904,918228,0,0,29788,809012,0.096224,30128,514808,0.061232,30381,1323820,0.157456,8407551
2,2021-02-20,38037,1871187,24650,939572,13387,931615,0,0,20609,813010,0.0967,17313,532121,0.063291,21311,1345131,0.159991,8407551
2,2021-02-21,21921,1893108,17709,957281,4212,935827,0,0,10807,813651,0.096776,11004,543125,0.0646,11645,1356776,0.161376,8407551
2,2021-02-22,39846,1932954,27220,984501,12626,948453,0,0,18872,812425,0.09663,20809,563934,0.067075,19583,1376359,0.163705,8407551
2,2021-02-23,54226,1987180,27663,1012164,26563,975016,0,0,23763,807922,0.096095,30182,594116,0.070665,25679,1402038,0.166759,8407551
2,2021-02-24,71617,2058797,36841,1049005,34776,1009792,0,0,32773,804497,0.095687,38610,632726,0.075257,35185,1437223,0.170944,8407551
2,2021-02-25,77661,2136458,36728,1085733,40933,1050725,0,0,39354,808695,0.096187,38019,670745,0.079779,42217,1479440,0.175966,8407551
2,2021-02-26,86264,2222722,36981,1122714,49283,1100008,0,0,46316,817605,0.097247,39617,710362,0.084491,48527,1527967,0.181737,8407551
2,2021-02-27,63165,2285887,29332,1152046,33825,1133833,8,8,34135,824321,0.098045,28774,739136,0.087913,35490,1563457,0.185959,8407551
2,2021-02-28,31149,2317036,18639,1170685,12509,1146342,1,9,18022,830210,0.098746,12989,752125,0.089458,18878,1582335,0.188204,8407551
2,2021-03-01,59324,2376360,30907,1201592,28340,1174682,77,86,32319,837181,0.099575,26666,778791,0.09263,33637,1615972,0.192205,8407551
2,2021-03-02,70986,2447346,34076,1235668,36894,1211576,16,102,39714,848217,0.100888,31070,809861,0.096325,42106,1658078,0.197213,8407551
2,2021-03-03,82034,2529380,39539,1275207,42475,1254051,20,122,46261,861618,0.102481,35532,845393,0.100552,48933,1707011,0.203033,8407551
2,2021-03-04,89864,2619244,44036,1319243,45795,1299846,33,155,51409,877285,0.104345,38188,883581,0.105094,53855,1760866,0.209439,8407551
2,2021-03-05,83528,2702772,39148,1358391,44059,1343905,321,476,50654,898042,0.106814,32619,916200,0.108973,53376,1814242,0.215787,8407551
2,2021-03-06,63635,2766407,31053,1389444,30865,1374770,1717,2193,38978,915651,0.108908,24514,940714,0.111889,42123,1856365,0.220797,8407551
2,2021-03-07,28863,2795270,16384,1405828,10928,1385698,1551,3744,18254,926048,0.110145,10529,951243,0.113142,20926,1877291,0.223286,8407551
2,2021-03-08,51216,2846486,23469,1429297,25168,1410866,2579,6323,32151,943472,0.112217,18940,970183,0.115394,36364,1913655,0.227611,8407551
2,2021-03-09,71138,2917624,32380,1461677,34881,1445747,3877,10200,39348,956401,0.113755,31636,1001819,0.119157,44565,1958220,0.232912,8407551
2,2021-03-10,79073,2996697,37378,1499055,35098,1480845,6597,16797,41887,969249,0.115283,36950,1038769,0.123552,49798,2008018,0.238835,8407551
2,2021-03-11,93775,3090472,43282,1542337,42083,1522928,8410,25207,48850,983283,0.116952,44594,1083363,0.128856,58628,2066646,0.245808,8407551
2,2021-03-12,94748,3185220,39024,1581361,43719,1566647,12005,37212,46983,996131,0.118481,47493,1130856,0.134505,60341,2126987,0.252985,8407551
2,2021-03-13,69569,3254789,29096,1610457,32444,1599091,8029,45241,38137,1012275,0.120401,31280,1162136,0.138225,47424,2174411,0.258626,8407551
2,2021-03-14,37143,3291932,18364,1628821,14257,1613348,4522,49763,18647,1017788,0.121056,18385,1180521,0.140412,23898,2198309,0.261468,8407551
2,2021-03-15,67859,3359791,30649,1659470,32187,1645535,5023,54786,37332,1030955,0.122623,30285,1210806,0.144014,43452,2241761,0.266637,8407551
2,2021-03-16,86800,3446591,38448,1697918,44312,1689847,4040,58826,52325,1054180,0.125385,34256,1245062,0.148089,57481,2299242,0.273473,8407551
2,2021-03-17,93458,3540049,44788,1742706,44461,1734308,4209,63035,59170,1084360,0.128975,33994,1279056,0.152132,64174,2363416,0.281106,8407551
2,2021-03-18,98762,3638811,47135,1789841,46994,1781302,4633,67668,59847,1110810,0.132121,38569,1317625,0.156719,65019,2428435,0.28884,8407551
2,2021-03-19,98052,3736863,46449,1836290,45434,1826736,6169,73837,57824,1135398,0.135045,39898,1357523,0.161465,64486,2492921,0.29651,8407551
2,2021-03-20,70409,3807272,34102,1870392,32299,1859035,4008,77845,45848,1161284,0.138124,24310,1381833,0.164356,50196,2543117,0.30248,8407551
2,2021-03-21,33790,3841062,21759,1892151,10023,1869058,2008,79853,20182,1170465,0.139216,13441,1395274,0.165955,22622,2565739,0.305171,8407551
2,2021-03-22,63272,3904334,34830,1926981,25795,1894853,2647,82500,41808,1194609,0.142088,21206,1416480,0.168477,45350,2611089,0.310565,8407551
2,2021-03-23,84363,3988697,44833,1971814,36596,1931449,2934,85434,52284,1218892,0.144976,31773,1448253,0.172256,56056,2667145,0.317232,8407551
2,2021-03-24,92401,4081098,49653,2021467,39568,1971017,3180,88614,53849,1238546,0.147314,38190,1486443,0.176799,57844,2724989,0.324112,8407551
2,2021-03-25,102071,4183169,51488,2072955,46651,2017668,3932,92546,57292,1256149,0.149407,44389,1530832,0.182078,61992,2786981,0.331485,8407551
2,2021-03-26,104114,4287283,51600,2124555,49014,2066682,3500,96046,56531,1270049,0.151061,47167,1577999,0.187688,61067,2848048,0.338749,8407551
2,2021-03-27,76150,4363433,38011,2162566,34821,2101503,3318,99364,37910,1274184,0.151552,37958,1615957,0.192203,42093,2890141,0.343755,8407551
2,2021-03-28,38026,4401459,23497,2186063,13716,2115219,813,100177,20221,1278414,0.152055,17658,1633615,0.194303,21888,2912029,0.346359,8407551
2,2021-03-29,72190,4473649,36671,2222734,33235,2148454,2284,102461,40738,1291209,0.153577,31215,1664830,0.198016,44010,2956039,0.351593,8407551
2,2021-03-30,92717,4566366,45414,2268148,42911,2191365,4392,106853,51762,1307267,0.155487,40722,1705552,0.20286,56780,3012819,0.358347,8407551
2,2021-03-31,101842,4668208,52496,2320644,44210,2235575,5136,111989,57513,1326299,0.157751,43993,1749545,0.208092,63025,3075844,0.365843,8407551
2,2021-04-01,118594,4786802,57278,2377922,51978,2287553,9338,121327,64287,1346469,0.16015,53845,1803390,0.214496,74015,3149859,0.374646,8407551
2,2021-04-02,112370,4899172,51763,2429685,50342,2337895,10265,131592,59974,1365189,0.162377,51967,1855357,0.220677,70687,3220546,0.383054,8407551
2,2021-04-03,77215,4976387,37951,2467636,29378,2367273,9886,141478,38185,1374818,0.163522,38803,1894160,0.225293,48432,3268978,0.388815,8407551
2,2021-04-04,29142,5005529,14999,2482635,10260,2377533,3883,145361,13061,1375817,0.163641,15965,1910125,0.227192,16964,3285942,0.390832,8407551
2,2021-04-05,79719,5085248,39044,2521679,31772,2409305,8903,154264,38357,1382653,0.164454,41165,1951290,0.232088,48001,3333943,0.396542,8407551
2,2021-04-06,104546,5189794,50916,2572595,38848,2448153,14782,169046,49413,1392412,0.165614,54833,2006123,0.23861,64592,3398535,0.404224,8407551
2,2021-04-07,111272,5301066,55528,2628123,39391,2487544,16353,185399,52167,1402360,0.166798,58789,2064912,0.245602,68737,3467272,0.4124,8407551
2,2021-04-08,119937,5421003,57719,2685842,43375,2530919,18843,204242,55607,1413375,0.168108,63946,2128858,0.253208,74961,3542233,0.421316,8407551
2,2021-04-09,119501,5540504,57463,2743305,43787,2574706,18251,222493,56397,1426124,0.169624,62705,2191563,0.260666,75454,3617687,0.43029,8407551
2,2021-04-10,87958,5628462,37928,2781233,31518,2606224,18512,241005,36202,1429996,0.170085,51481,2243044,0.266789,55353,3673040,0.436874,8407551
2,2021-04-11,44645,5673107,23153,2804386,12986,2619210,8506,249511,18257,1431232,0.170232,26231,2269275,0.269909,27467,3700507,0.440141,8407551
2,2021-04-12,80512,5753619,37486,2841872,33541,2652751,9485,258996,35812,1433093,0.170453,44409,2313684,0.275191,46270,3746777,0.445644,8407551
2,2021-04-13,102354,5855973,53142,2895014,48945,2701696,267,259263,55908,1444018,0.171753,46147,2359831,0.28068,57072,3803849,0.452432,8407551
2,2021-04-14,107268,5963241,56198,2951212,51009,2752705,61,259324,54623,1447828,0.172206,52312,2412143,0.286902,56122,3859971,0.459108,8407551
2,2021-04-15,113630,6076871,60310,3011522,53222,2805927,98,259422,59151,1454094,0.172951,54059,2466202,0.293332,60325,3920296,0.466283,8407551
2,2021-04-16,111238,6188109,57672,3069194,53507,2859434,59,259481,56370,1456885,0.173283,54493,2520695,0.299813,57284,3977580,0.473096,8407551
2,2021-04-17,83840,6271949,42657,3111851,41167,2900601,16,259497,46751,1467705,0.17457,36817,2557512,0.304192,47637,4025217,0.478762,8407551
2,2021-04-18,36058,6308007,21912,3133763,14135,2914736,11,259508,17053,1466904,0.174475,18859,2576371,0.306435,18058,4043275,0.48091,8407551
2,2021-04-19,75120,6383127,40442,3174205,34659,2949395,19,259527,34058,1460821,0.173751,40775,2617146,0.311285,34692,4077967,0.485036,8407551
2,2021-04-20,97838,6480965,49490,3223695,48320,2997715,28,259555,47160,1458447,0.173469,50309,2667455,0.317269,47935,4125902,0.490738,8407551
2,2021-04-21,104304,6585269,56488,3280183,47746,3045461,70,259625,49153,1454011,0.172941,54640,2722095,0.323768,50204,4176106,0.496709,8407551
2,2021-04-22,108826,6694095,56304,3336487,52494,3097955,28,259653,47551,1441663,0.171472,60807,2782902,0.331,48459,4224565,0.502473,8407551
2,2021-04-23,108428,6802523,57730,3394217,50679,3148634,19,259672,50006,1434635,0.170636,57982,2840884,0.337897,50954,4275519,0.508533,8407551
2,2021-04-24,81262,6883785,47834,3442051,33385,3182019,43,259715,42230,1439191,0.171178,38662,2879546,0.342495,43218,4318737,0.513674,8407551
2,2021-04-25,36730,6920515,22613,3464664,14100,3196119,17,259732,19941,1442990,0.17163,16631,2896177,0.344473,20430,4339167,0.516104,8407551
2,2021-04-26,74604,6995119,41348,3506012,32938,3229057,318,260050,34172,1438801,0.171132,40134,2936311,0.349247,35945,4375112,0.520379,8407551
2,2021-04-27,88686,7083805,46822,3552834,40491,3269548,1373,261423,37942,1429029,0.16997,50336,2986647,0.355234,40564,4415676,0.525204,8407551
2,2021-04-28,88656,7172461,47410,3600244,39366,3308914,1880,263303,39007,1421549,0.16908,49288,3035935,0.361096,41808,4457484,0.530176,8407551
2,2021-04-29,91650,7264111,49942,3650186,39987,3348901,1721,265024,35523,1403685,0.166955,55710,3091645,0.367722,37846,4495330,0.534678,8407551
2,2021-04-30,95284,7359395,52647,3702833,40625,3389526,2012,267036,36936,1385435,0.164785,57857,3149502,0.374604,39607,4534937,0.539389,8407551
2,2021-05-01,63002,7422397,38430,3741263,22968,3412494,1604,268640,24551,1374343,0.163465,38101,3187603,0.379136,27009,4561946,0.542601,8407551
2,2021-05-02,29407,7451804,20476,3761739,7953,3420447,978,269618,11165,1368479,0.162768,18096,3205699,0.381288,12232,4574178,0.544056,8407551
2,2021-05-03,60900,7512704,36171,3797910,22662,3443109,2067,271685,20416,1351034,0.160693,40190,3245889,0.386068,22745,4596923,0.546761,8407551
2,2021-05-04,80339,7593043,47969,3845879,29961,3473070,2409,274094,26027,1325918,0.157706,53940,3299829,0.392484,28824,4625747,0.55019,8407551
2,2021-05-05,80952,7673995,48235,3894114,30353,3503423,2364,276458,25287,1298684,0.154466,55253,3355082,0.399056,28019,4653766,0.553522,8407551
2,2021-05-06,83381,7757376,50642,3944756,29804,3533227,2935,279393,25347,1270068,0.151063,57529,3412611,0.405898,28913,4682679,0.556961,8407551
2,2021-05-07,84155,7841531,48591,3993347,33129,3566356,2435,281828,25848,1240908,0.147594,57893,3470504,0.412784,28733,4711412,0.560379,8407551
2,2021-05-08,55929,7897460,33923,4027270,20278,3586634,1728,283556,17471,1222623,0.14542,38214,3508718,0.417329,19929,4731341,0.562749,8407551
2,2021-05-09,21928,7919388,15789,4043059,5391,3592025,748,284304,6328,1214425,0.144445,15504,3524222,0.419173,7306,4738647,0.563618,8407551
2,2021-05-10,50512,7969900,27543,4070602,21077,3613102,1892,286196,14223,1195131,0.14215,36012,3560234,0.423457,16718,4755365,0.565606,8407551
2,2021-05-11,66625,8036525,36119,4106721,28367,3641469,2139,288335,20042,1171744,0.139368,46258,3606492,0.428959,22871,4778236,0.568327,8407551
2,2021-05-12,65536,8102061,34934,4141655,28363,3669832,2239,290574,19257,1147700,0.136508,45952,3652444,0.434424,21908,4800144,0.570932,8407551
2,2021-05-13,71354,8173415,41452,4183107,27949,3697781,1953,292527,26070,1131490,0.13458,44972,3697416,0.439773,28762,4828906,0.574353,8407551
2,2021-05-14,80341,8253756,48161,4231268,29905,3727686,2275,294802,30831,1116107,0.132751,49129,3746545,0.445617,33746,4862652,0.578367,8407551
2,2021-05-15,66836,8320592,43904,4275172,21211,3748897,1721,296523,25893,1103447,0.131245,40677,3787222,0.450455,28017,4890669,0.5817,8407551
2,2021-05-16,31811,8352403,23808,4298980,7077,3755974,926,297449,12939,1098714,0.130682,18730,3805952,0.452683,13997,4904666,0.583364,8407551
2,2021-05-17,58262,8410665,36921,4335901,19379,3775353,1962,299411,22931,1088902,0.129515,35071,3841023,0.456854,25259,4929925,0.586369,8407551
2,2021-05-18,70444,8481109,41216,4377117,27258,3802611,1970,301381,27914,1077086,0.128109,42241,3883264,0.461878,30425,4960350,0.589988,8407551
2,2021-05-19,69211,8550320,40962,4418079,26228,3828839,2021,303402,27360,1065416,0.126721,41522,3924786,0.466817,29852,4990202,0.593538,8407551
2,2021-05-20,69945,8620265,40598,4458677,27149,3855988,2198,305600,26581,1051785,0.1251,43014,3967800,0.471933,29383,5019585,0.597033,8407551
2,2021-05-21,73516,8693781,43422,4502099,27921,3883909,2173,307773,27928,1037235,0.123369,45212,4013012,0.47731,30662,5050247,0.60068,8407551
2,2021-05-22,53927,8747708,34248,4536347,17906,3901815,1773,309546,22499,1030865,0.122612,31183,4044195,0.481019,24813,5075060,0.603631,8407551
2,2021-05-23,24484,8772192,16708,4553055,7050,3908865,726,310272,10265,1027909,0.12226,14088,4058283,0.482695,11132,5086192,0.604955,8407551
2,2021-05-24,45220,8817412,25721,4578776,17712,3926577,1787,312059,17372,1019807,0.121297,27604,4085887,0.485978,19502,5105694,0.607275,8407551
2,2021-05-25,51177,8868589,29993,4608769,19310,3945887,1874,313933,19451,1010260,0.120161,31410,4117297,0.489714,21863,5127557,0.609875,8407551
2,2021-05-26,49049,8917638,27499,4636268,19857,3965744,1693,315626,19176,1001941,0.119172,29528,4146825,0.493226,21209,5148766,0.612398,8407551
2,2021-05-27,46875,8964513,26595,4662863,18543,3984287,1737,317363,18702,994965,0.118342,27919,4174744,0.496547,20943,5169709,0.614889,8407551
2,2021-05-28,50471,9014984,27914,4690777,20575,4004862,1982,319345,21161,989502,0.117692,29041,4203785,0.500001,23578,5193287,0.617693,8407551
2,2021-05-29,29160,9044144,17475,4708252,10621,4015483,1064,320409,13286,988324,0.117552,15707,4219492,0.501869,14529,5207816,0.619421,8407551
2,2021-05-30,12707,9056851,8188,4716440,3751,4019234,768,321177,5538,987595,0.117465,7101,4226593,0.502714,6372,5214188,0.620179,8407551
2,2021-05-31,5951,9062802,3490,4719930,2156,4021390,305,321482,1857,985774,0.117249,4031,4230624,0.503193,2210,5216398,0.620442,8407551
2,2021-06-01,45148,9107950,25945,4745875,17533,4038923,1670,323152,15697,974397,0.115895,29112,4259736,0.506656,17735,5234133,0.622551,8407551
2,2021-06-02,38403,9146353,22588,4768463,14391,4053314,1424,324576,15010,968014,0.115136,23118,4282854,0.509406,16735,5250868,0.624542,8407551
2,2021-06-03,41633,9187986,26819,4795282,13336,4066650,1478,326054,14026,956547,0.113772,27358,4310212,0.51266,15891,5266759,0.626432,8407551
2,2021-06-04,48293,9236279,31548,4826830,15198,4081848,1547,327601,15558,941760,0.112014,32417,4342629,0.516515,17630,5284389,0.628529,8407551
2,2021-06-05,38075,9274354,27183,4854013,9422,4091270,1470,329071,11844,929510,0.110557,25989,4368618,0.519606,13739,5298128,0.630163,8407551
2,2021-06-06,14955,9289309,12272,4866285,2104,4093374,579,329650,4654,924703,0.109985,10235,4378853,0.520824,5428,5303556,0.630809,8407551
2,2021-06-07,33407,9322716,23384,4889669,8742,4102116,1281,330931,10879,914734,0.108799,22369,4401222,0.523484,12400,5315956,0.632284,8407551
2,2021-06-08,40685,9363401,28788,4918457,10526,4112642,1371,332302,12464,900985,0.107164,27968,4429190,0.526811,14219,5330175,0.633975,8407551
2,2021-06-09,38206,9401607,26673,4945130,10032,4122674,1501,333803,11540,887885,0.105606,26468,4455658,0.529959,13368,5343543,0.635565,8407551
2,2021-06-10,37852,9439459,26327,4971457,9994,4132668,1531,335334,11592,875424,0.104124,26059,4481717,0.533059,13598,5357141,0.637182,8407551
2,2021-06-11,41463,9480922,27552,4999009,12234,4144902,1677,337011,13245,862703,0.10261,27946,4509663,0.536382,15225,5372366,0.638993,8407551
2,2021-06-12,29595,9510517,21800,5020809,6879,4151781,916,337927,8682,851765,0.10131,20769,4530432,0.538853,9831,5382197,0.640162,8407551
2,2021-06-13,12245,9522762,8945,5029754,2679,4154460,621,338548,3105,846582,0.100693,9076,4539508,0.539932,3893,5386090,0.640625,8407551
2,2021-06-14,29981,9552743,21275,5051029,7500,4161960,1206,339754,10348,838882,0.099777,19457,4558965,0.542246,11757,5397847,0.642024,8407551
2,2021-06-15,35830,9588573,23866,5074895,9906,4171866,2058,341812,12042,829838,0.098702,23522,4582487,0.545044,14478,5412325,0.643746,8407551
2,2021-06-16,33171,9621744,22915,5097810,8449,4180315,1807,343619,11448,821862,0.097753,21545,4604032,0.547607,13569,5425894,0.64536,8407551
2,2021-06-17,30976,9652720,20698,5118508,8473,4188788,1805,345424,10960,815001,0.096937,19833,4623865,0.549966,12972,5438866,0.646903,8407551
2,2021-06-18,34804,9687524,22935,5141443,9987,4198775,1882,347306,12628,807810,0.096081,21952,4645817,0.552577,14761,5453627,0.648658,8407551
2,2021-06-19,20987,9708511,14623,5156066,5104,4203879,1260,348566,7915,804275,0.095661,12908,4658725,0.554112,9373,5463000,0.649773,8407551
2,2021-06-20,8298,9716809,5934,5162000,1899,4205778,465,349031,3066,802687,0.095472,5189,4663914,0.554729,3601,5466601,0.650201,8407551
2,2021-06-21,19351,9736160,11844,5173844,6185,4211963,1322,350353,9868,804698,0.095711,9360,4673274,0.555842,11371,5477972,0.651554,8407551
2,2021-06-22,26915,9763075,18432,5192276,7098,4219061,1385,351738,10527,800668,0.095232,16215,4689489,0.557771,12185,5490157,0.653003,8407551
2,2021-06-23,25947,9789022,17909,5210185,6409,4225470,1629,353367,10549,797887,0.094901,15252,4704741,0.559585,12471,5502628,0.654486,8407551
2,2021-06-24,25382,9814404,17279,5227464,6579,4232049,1524,354891,10452,795318,0.094596,14777,4719518,0.561343,12208,5514836,0.655938,8407551
2,2021-06-25,28796,9843200,19515,5246979,7787,4239836,1494,356385,12001,792420,0.094251,16632,4736150,0.563321,13734,5528570,0.657572,8407551
2,2021-06-26,18683,9861883,13752,5260731,3998,4243834,933,357318,7608,790233,0.093991,10984,4747134,0.564627,8797,5537367,0.658618,8407551
2,2021-06-27,8819,9870702,6731,5267462,1639,4245473,449,357767,3533,789107,0.093857,5232,4752366,0.56525,4106,5541473,0.659107,8407551
2,2021-06-28,19857,9890559,15082,5282544,3531,4249004,1244,359011,8758,788330,0.093765,10969,4763335,0.566554,10192,5551665,0.660319,8407551
2,2021-06-29,22785,9913344,15857,5298401,5854,4254858,1074,360085,9735,786461,0.093542,12911,4776246,0.56809,11042,5562707,0.661632,8407551
2,2021-06-30,22017,9935361,15605,5314006,5387,4260245,1025,361110,9795,785434,0.09342,12076,4788322,0.569526,11049,5573756,0.662946,8407551
2,2021-07-01,19937,9955298,14077,5328083,4970,4265215,890,362000,8850,784420,0.093299,10957,4799279,0.57083,9943,5583699,0.664129,8407551
2,2021-07-02,22922,9978220,15794,5343877,6102,4271317,1026,363026,10150,783190,0.093153,12608,4811887,0.572329,11378,5595077,0.665482,8407551
2,2021-07-03,12547,9990767,9029,5352906,3044,4274361,474,363500,5731,782797,0.093106,6719,4818606,0.573128,6326,5601403,0.666235,8407551
2,2021-07-04,1014,9991781,596,5353502,351,4274712,67,363567,434,782753,0.093101,568,4819174,0.573196,524,5601927,0.666297,8407551
2,2021-07-05,11059,10002840,8095,5361597,2555,4277267,409,363976,5060,782418,0.093061,5932,4825106,0.573901,5597,5607524,0.666963,8407551
2,2021-07-06,23741,10026581,17230,5378827,5507,4282774,1004,364980,9160,778423,0.092586,14430,4839536,0.575618,10435,5617959,0.668204,8407551
2,2021-07-07,20577,10047158,14669,5393496,4805,4287579,1103,366083,8730,776813,0.092395,11705,4851241,0.57701,10095,5628054,0.669405,8407551
2,2021-07-08,19159,10066317,13342,5406838,4776,4292355,1041,367124,8057,775112,0.092192,11001,4862242,0.578318,9300,5637354,0.670511,8407551
2,2021-07-09,22493,10088810,15566,5422404,5673,4298028,1254,368378,9499,773209,0.091966,12855,4875097,0.579847,10952,5648306,0.671813,8407551
2,2021-07-10,14265,10103075,10516,5432920,3065,4301093,684,369062,6257,772394,0.091869,7915,4883012,0.580789,7100,5655406,0.672658,8407551
2,2021-07-11,6549,10109624,4814,5437734,1386,4302479,349,369411,3078,772465,0.091878,3427,4886439,0.581196,3498,5658904,0.673074,8407551
2,2021-07-12,18165,10127789,13354,5451088,3941,4306420,870,370281,7806,771096,0.091715,10244,4896683,0.582415,8875,5667779,0.67413,8407551
2,2021-07-13,19483,10147272,13749,5464837,4853,4311273,881,371162,8711,770256,0.091615,10626,4907309,0.583679,9786,5677565,0.675294,8407551
2,2021-07-14,18650,10165922,13304,5478141,4559,4315832,787,371949,8315,769364,0.091509,10205,4917514,0.584893,9313,5686878,0.676401,8407551
2,2021-07-15,18798,10184720,13625,5491766,4474,4320306,699,372648,8532,768663,0.091425,10147,4927661,0.586099,9446,5696324,0.677525,8407551
2,2021-07-16,22835,10207555,16426,5508192,5580,4325886,829,373477,10942,768878,0.091451,11762,4939423,0.587498,11977,5708301,0.678949,8407551
2,2021-07-17,14348,10221903,10446,5518638,3368,4329254,534,374011,6924,769137,0.091482,7334,4946757,0.588371,7593,5715894,0.679852,8407551
2,2021-07-18,6978,10228881,5209,5523847,1441,4330695,328,374339,3531,769660,0.091544,3404,4950161,0.588776,3927,5719821,0.68032,8407551
2,2021-07-19,18382,10247263,13689,5537536,3952,4334647,741,375080,9127,770573,0.091652,9138,4959299,0.589862,10051,5729872,0.681515,8407551
2,2021-07-20,20825,10268088,14818,5552354,5171,4339818,836,375916,10552,772040,0.091827,10139,4969438,0.591068,11606,5741478,0.682895,8407551
2,2021-07-21,20340,10288428,14787,5567141,4785,4344603,768,376684,10544,773876,0.092045,9672,4979110,0.592219,11508,5752986,0.684264,8407551
2,2021-07-22,20246,10308674,14462,5581603,4934,4349537,850,377534,10822,776442,0.092351,9280,4988390,0.593323,11846,5764832,0.685673,8407551
2,2021-07-23,24320,10332994,17022,5598625,6253,4355790,1045,378579,13233,779990,0.092773,10929,4999319,0.594623,14477,5779309,0.687395,8407551
2,2021-07-24,14751,10347745,10628,5609253,3629,4359419,494,379073,8240,782434,0.093063,6403,5005722,0.595384,8847,5788156,0.688447,8407551
2,2021-07-25,6676,10354421,4916,5614169,1620,4361039,140,379213,4942,785863,0.093471,1692,5007414,0.595585,5121,5793277,0.689056,8407551
2,2021-07-26,18936,10373357,13354,5627523,4809,4365848,773,379986,11992,791929,0.094193,6826,5014240,0.596397,12892,5806169,0.69059,8407551
2,2021-07-27,22752,10396109,16460,5643983,5436,4371284,856,380842,13336,797012,0.094797,9260,5023500,0.597499,14343,5820512,0.692296,8407551
2,2021-07-28,22578,10418687,16141,5660124,5536,4376820,901,381743,13358,802398,0.095438,9055,5032555,0.598576,14441,5834953,0.694013,8407551
2,2021-07-29,21359,10440046,15303,5675427,5139,4381959,917,382660,12902,808046,0.09611,8317,5040872,0.599565,13965,5848918,0.695674,8407551
2,2021-07-30,26189,10466235,18662,5694089,6572,4388531,955,383615,15687,814583,0.096887,10307,5051179,0.600791,16844,5865762,0.697678,8407551
2,2021-07-31,15726,10481961,11591,5705680,3626,4392157,509,384124,9521,818666,0.097373,6081,5057260,0.601514,10164,5875926,0.698887,8407551
2,2021-08-01,8045,10490006,6197,5711877,1678,4393835,170,384294,5282,821478,0.097707,2704,5059964,0.601836,5516,5881442,0.699543,8407551
2,2021-08-02,21233,10511239,15971,5727848,4504,4398339,758,385052,13475,828209,0.098508,7616,5067580,0.602742,14347,5895789,0.701249,8407551
2,2021-08-03,24013,10535252,17493,5745341,5508,4403847,1012,386064,14936,835358,0.099358,8928,5076508,0.603803,16077,5911866,0.703161,8407551
2,2021-08-04,22672,10557924,16789,5762130,5017,4408864,866,386930,14135,842062,0.100155,8394,5084902,0.604802,15098,5926964,0.704957,8407551
2,2021-08-05,23016,10580940,16900,5779030,5220,4414084,896,387826,14248,848723,0.100948,8596,5093498,0.605824,15257,5942221,0.706772,8407551
2,2021-08-06,27587,10608527,20199,5799229,6404,4420488,984,388810,16807,856048,0.101819,10591,5104089,0.607084,17916,5960137,0.708903,8407551
2,2021-08-07,16853,10625380,12523,5811752,3740,4424228,590,389400,10356,860688,0.102371,6388,5110477,0.607844,11028,5971165,0.710215,8407551
2,2021-08-08,9358,10634738,7085,5818837,2045,4426273,228,389628,5854,863395,0.102693,3417,5113894,0.60825,6124,5977289,0.710943,8407551
2,2021-08-09,23219,10657957,17802,5836639,4653,4430926,764,390392,14071,869366,0.103403,8990,5122884,0.609319,14961,5992250,0.712722,8407551
2,2021-08-10,24261,10682218,17872,5854511,5542,4436468,847,391239,14266,874797,0.104049,9821,5132705,0.610488,15252,6007502,0.714536,8407551
2,2021-08-11,21884,10704102,16333,5870844,4652,4441120,899,392138,12720,879521,0.104611,8991,5141696,0.611557,13715,6021217,0.716168,8407551
2,2021-08-12,23749,10727851,17015,5887859,5692,4446812,1042,393180,13867,884857,0.105246,9672,5151368,0.612707,15008,6036225,0.717953,8407551
2,2021-08-13,29649,10757500,21437,5909296,7187,4453999,1025,394205,17151,891021,0.105979,12144,5163512,0.614152,18308,6054533,0.72013,8407551
2,2021-08-14,18669,10776169,13757,5923053,4410,4458409,502,394707,10482,894540,0.106397,7600,5171112,0.615056,11119,6065652,0.721453,8407551
2,2021-08-15,9692,10785861,7264,5930317,2244,4460653,184,394891,5315,896155,0.106589,3955,5175067,0.615526,5570,6071222,0.722115,8407551
2,2021-08-16,24594,10810455,17418,5947735,6339,4466992,837,395728,12836,899447,0.106981,10525,5185592,0.616778,13817,6085039,0.723759,8407551
2,2021-08-17,25722,10836177,18240,5965975,6565,4473557,917,396645,12779,901759,0.107256,11509,5197101,0.618147,13821,6098860,0.725403,8407551
2,2021-08-18,25955,10862132,18448,5984423,6651,4480208,856,397501,12731,903970,0.107519,11518,5208619,0.619517,13729,6112589,0.727036,8407551
2,2021-08-19,25650,10887782,17755,6002178,6895,4487103,1000,398501,12724,906681,0.107841,11128,5219747,0.62084,13839,6126428,0.728682,8407551
2,2021-08-20,31752,10919534,22397,6024575,8380,4495483,975,399476,14940,908276,0.108031,14456,5234203,0.62256,16051,6142479,0.730591,8407551
2,2021-08-21,18760,10938294,13870,6038445,4363,4499846,527,400003,8931,909095,0.108128,8770,5242973,0.623603,9589,6152068,0.731731,8407551
2,2021-08-22,10437,10948731,7720,6046165,2521,4502367,196,400199,5141,909752,0.108207,4752,5247725,0.624168,5409,6157477,0.732375,8407551
2,2021-08-23,11047,10959778,7992,6054157,2477,4504844,578,400777,4943,910079,0.108245,5303,5253028,0.624799,5630,6163107,0.733044,8407551
3,2020-12-15,341,341,341,341,0,0,0,0,341,341,4.2e-05,0,0,0.0,341,341,4.2e-05,8129050
3,2020-12-16,2521,2862,2521,2862,0,0,0,0,2522,2863,0.000352,0,0,0.0,2522,2863,0.000352,8129050
3,2020-12-17,7934,10796,7934,10796,0,0,0,0,7934,10797,0.001328,0,0,0.0,7934,10797,0.001328,8129050
3,2020-12-18,13560,24356,13539,24335,21,21,0,0,13554,24351,0.002996,0,0,0.0,13554,24351,0.002996,8129050
3,2020-12-19,7278,31634,7265,31600,13,34,0,0,7336,31685,0.003898,2,2,0.0,7336,31687,0.003898,8129050
3,2020-12-20,5683,37317,5670,37270,13,47,0,0,5729,37413,0.004602,1,3,0.0,5729,37416,0.004603,8129050
3,2020-12-21,14467,51784,14439,51709,28,75,0,0,14531,51943,0.00639,1,4,0.0,14531,51947,0.00639,8129050
3,2020-12-22,14947,66731,14347,66056,600,675,0,0,14984,66924,0.008233,3,7,1e-06,14984,66931,0.008234,8129050
3,2020-12-23,14989,81720,12344,78400,2645,3320,0,0,15003,81926,0.010078,2,9,1e-06,15004,81935,0.010079,8129050
3,2020-12-24,6831,88551,4886,83286,1945,5265,0,0,6828,88752,0.010918,2,11,1e-06,6828,88763,0.010919,8129050
3,2020-12-25,739,89290,677,83963,62,5327,0,0,736,89488,0.011008,0,11,1e-06,736,89499,0.01101,8129050
3,2020-12-26,4649,93939,3014,86977,1635,6962,0,0,4647,94135,0.01158,0,11,1e-06,4647,94146,0.011581,8129050
3,2020-12-27,3023,96962,1871,88848,1152,8114,0,0,3023,97158,0.011952,0,11,1e-06,3023,97169,0.011953,8129050
3,2020-12-28,13790,110752,8821,97669,4969,13083,0,0,13812,110968,0.013651,2,13,2e-06,13812,110981,0.013652,8129050
3,2020-12-29,15435,126187,8744,106413,6691,19774,0,0,15461,126427,0.015552,2,15,2e-06,15461,126442,0.015554,8129050
3,2020-12-30,18416,144603,10327,116740,8089,27863,0,0,18422,144848,0.017819,2,17,2e-06,18423,144865,0.017821,8129050
3,2020-12-31,8524,153127,3260,120000,5264,33127,0,0,8524,153370,0.018867,2,19,2e-06,8524,153389,0.018869,8129050
3,2021-01-01,1842,154969,883,120883,959,34086,0,0,1837,155206,0.019093,1,20,2e-06,1837,155226,0.019095,8129050
3,2021-01-02,4986,159955,2450,123333,2536,36622,0,0,4985,160191,0.019706,0,20,2e-06,4985,160211,0.019708,8129050
3,2021-01-03,1639,161594,863,124196,776,37398,0,0,1630,161819,0.019906,2,22,3e-06,1630,161841,0.019909,8129050
3,2021-01-04,12173,173767,6047,130243,6126,43524,0,0,12143,173953,0.021399,9,31,4e-06,12143,173984,0.021403,8129050
3,2021-01-05,15916,189683,8266,138509,7650,51174,0,0,14208,186503,0.022943,1691,1722,0.000212,14241,188225,0.023155,8129050
3,2021-01-06,20763,210446,11017,149526,9746,60920,0,0,16136,198072,0.024366,4578,6300,0.000775,16147,204372,0.025141,8129050
3,2021-01-07,26847,237293,15365,164891,11482,72402,0,0,17285,205854,0.025323,9523,15823,0.001946,17305,221677,0.02727,8129050
3,2021-01-08,30901,268194,18889,183780,12012,84414,0,0,18297,211599,0.02603,12579,28402,0.003494,18324,240001,0.029524,8129050
3,2021-01-09,12553,280747,7086,190866,5467,89881,0,0,8007,215077,0.026458,4538,32940,0.004052,8016,248017,0.03051,8129050
3,2021-01-10,7273,288020,4507,195373,2766,92647,0,0,4101,216016,0.026573,3170,36110,0.004442,4109,252126,0.031015,8129050
3,2021-01-11,29368,317388,19240,214613,10128,102775,0,0,16614,219938,0.027056,12742,48852,0.00601,16664,268790,0.033065,8129050
3,2021-01-12,32867,350255,19608,234221,13259,116034,0,0,20131,227509,0.027987,12713,61565,0.007573,20284,289074,0.035561,8129050
3,2021-01-13,34841,385096,18205,252426,16636,132670,0,0,24523,241765,0.029741,10298,71863,0.00884,24554,313628,0.038581,8129050
3,2021-01-14,34986,420082,14300,266726,20686,153356,0,0,29023,264907,0.032588,5923,77786,0.009569,29065,342693,0.042157,8129050
3,2021-01-15,39316,459398,14577,281303,24739,178095,0,0,34574,294842,0.03627,4717,82503,0.010149,34652,377345,0.046419,8129050
3,2021-01-16,22037,481435,7515,288818,14522,192617,0,0,19649,312137,0.038398,2377,84880,0.010442,19672,397017,0.048839,8129050
3,2021-01-17,13211,494646,4490,293308,8721,201338,0,0,12116,323177,0.039756,1094,85974,0.010576,12134,409151,0.050332,8129050
3,2021-01-18,24991,519637,13062,306370,11929,213267,0,0,19279,336806,0.041432,5700,91674,0.011277,19329,428480,0.05271,8129050
3,2021-01-19,41548,561185,21117,327487,20431,233698,0,0,32129,359646,0.044242,9380,101054,0.012431,32220,460700,0.056673,8129050
3,2021-01-20,46539,607724,23178,350665,23361,257059,0,0,36818,386881,0.047592,9670,110724,0.013621,36905,497605,0.061213,8129050
3,2021-01-21,48509,656233,21049,371714,27460,284519,0,0,42870,424269,0.052192,5570,116294,0.014306,42958,540563,0.066498,8129050
3,2021-01-22,50147,706380,19974,391688,30173,314692,0,0,45822,465875,0.05731,4292,120586,0.014834,45898,586461,0.072144,8129050
3,2021-01-23,30648,737028,12880,404568,17768,332460,0,0,27318,489936,0.06027,3319,123905,0.015242,27380,613841,0.075512,8129050
3,2021-01-24,18072,755100,8531,413099,9541,342001,0,0,16873,505647,0.062202,1195,125100,0.015389,16906,630747,0.077592,8129050
3,2021-01-25,41244,796344,18382,431481,22862,364863,0,0,31105,526738,0.064797,10109,135209,0.016633,31200,661947,0.08143,8129050
3,2021-01-26,47698,844042,22782,454263,24916,389779,0,0,37334,553852,0.068132,10331,145540,0.017904,37445,699392,0.086036,8129050
3,2021-01-27,51971,896013,24722,478985,27249,417028,0,0,41137,584313,0.07188,10762,156302,0.019228,41223,740615,0.091107,8129050
3,2021-01-28,52614,948627,24389,503374,28225,445253,0,0,43527,618901,0.076134,9001,165303,0.020335,43589,784204,0.096469,8129050
3,2021-01-29,51623,1000250,24682,528056,26941,472194,0,0,41720,650950,0.080077,9722,175025,0.021531,41771,825975,0.101608,8129050
3,2021-01-30,37831,1038081,17817,545873,20014,492208,0,0,33072,679413,0.083578,4703,179728,0.022109,33166,859141,0.105688,8129050
3,2021-01-31,22896,1060977,12865,558738,10031,502239,0,0,21449,699458,0.086044,1429,181157,0.022285,21474,880615,0.108329,8129050
3,2021-02-01,46590,1107567,21320,580058,25270,527509,0,0,35491,723957,0.089058,11035,192192,0.023643,35534,916149,0.112701,8129050
3,2021-02-02,54991,1162558,22945,603003,32046,559555,0,0,42382,753886,0.09274,12507,204699,0.025181,42436,958585,0.117921,8129050
3,2021-02-03,60504,1223062,26872,629875,33632,593187,0,0,44955,783505,0.096383,15413,220112,0.027077,45032,1003617,0.123461,8129050
3,2021-02-04,64915,1287977,28111,657986,36804,629991,0,0,47514,813944,0.100128,17203,237315,0.029193,47642,1051259,0.129321,8129050
3,2021-02-05,71187,1359164,29983,687969,41204,671195,0,0,49166,841554,0.103524,21778,259093,0.031872,49388,1100647,0.135397,8129050
3,2021-02-06,44031,1403195,21071,709040,22960,694155,0,0,34283,866334,0.106573,9699,268792,0.033066,34479,1135126,0.139638,8129050
3,2021-02-07,19911,1423106,12670,721710,7241,701396,0,0,15282,877135,0.107901,4610,273402,0.033633,15411,1150537,0.141534,8129050
3,2021-02-08,51938,1475044,25066,746776,26872,728268,0,0,34017,893573,0.109923,17780,291182,0.03582,34218,1184755,0.145743,8129050
3,2021-02-09,59230,1534274,28675,775451,30555,758823,0,0,34593,904167,0.111227,24358,315540,0.038816,34952,1219707,0.150043,8129050
3,2021-02-10,68880,1603154,32068,807519,36812,795635,0,0,36873,909861,0.111927,31706,347246,0.042717,37400,1257107,0.154644,8129050
3,2021-02-11,71315,1674469,35023,842542,36292,831927,0,0,37833,915125,0.112575,33127,380373,0.046792,38391,1295498,0.159366,8129050
3,2021-02-12,76298,1750767,32791,875333,43507,875434,0,0,42084,924088,0.113677,33902,414275,0.050962,42865,1338363,0.16464,8129050
3,2021-02-13,45544,1796311,20614,895947,24930,900364,0,0,26087,931431,0.114581,19338,433613,0.053341,26681,1365044,0.167922,8129050
3,2021-02-14,27590,1823901,13757,909704,13833,914197,0,0,15293,934965,0.115015,12229,445842,0.054846,15763,1380807,0.169861,8129050
3,2021-02-15,40558,1864459,17474,927178,23084,937281,0,0,22353,940191,0.115658,18086,463928,0.05707,23312,1404119,0.172729,8129050
3,2021-02-16,70881,1935340,33524,960702,37357,974638,0,0,36701,943916,0.116116,34030,497958,0.061257,37755,1441874,0.177373,8129050
3,2021-02-17,72674,2008014,36693,997395,35981,1010619,0,0,34358,941281,0.115792,38067,536025,0.065939,35432,1477306,0.181732,8129050
3,2021-02-18,77837,2085851,40650,1038045,37187,1047806,0,0,35881,936780,0.115239,41740,577765,0.071074,37239,1514545,0.186313,8129050
3,2021-02-19,69902,2155753,40270,1078315,29632,1077438,0,0,35220,938173,0.11541,34507,612272,0.075319,35900,1550445,0.190729,8129050
3,2021-02-20,43508,2199261,27440,1105755,16068,1093506,0,0,22611,940554,0.115703,20771,633043,0.077874,23152,1573597,0.193577,8129050
3,2021-02-21,24492,2223753,19665,1125420,4827,1098333,0,0,11784,940159,0.115654,12599,645642,0.079424,12204,1585801,0.195078,8129050
3,2021-02-22,47959,2271712,31221,1156641,16738,1115071,0,0,22420,937707,0.115353,25376,671018,0.082546,22924,1608725,0.197898,8129050
3,2021-02-23,64105,2335817,34813,1191454,29292,1144363,0,0,27872,931616,0.114603,35983,707001,0.086972,29892,1638617,0.201575,8129050
3,2021-02-24,80319,2416136,39472,1230926,40847,1185210,0,0,35307,924739,0.113757,44738,751739,0.092476,37861,1676478,0.206233,8129050
3,2021-02-25,90043,2506179,43879,1274805,46164,1231374,0,0,44676,926999,0.114035,45043,796782,0.098017,47303,1723781,0.212052,8129050
3,2021-02-26,101088,2607267,46218,1321023,54870,1286244,0,0,53138,934866,0.115003,47507,844289,0.103861,55374,1779155,0.218864,8129050
3,2021-02-27,71680,2678947,32910,1353933,38766,1325010,4,4,37569,939909,0.115623,33862,878151,0.108026,38905,1818060,0.22365,8129050
3,2021-02-28,41810,2720757,24149,1378082,17656,1342666,5,9,21144,941580,0.115829,20452,898603,0.110542,22123,1840183,0.226371,8129050
3,2021-03-01,70759,2791516,37499,1415581,33205,1375871,55,64,39273,951072,0.116997,31218,929821,0.114382,40710,1880893,0.231379,8129050
3,2021-03-02,82172,2873688,40521,1456102,41637,1417508,14,78,47317,965871,0.118817,34673,964494,0.118648,49472,1930365,0.237465,8129050
3,2021-03-03,92117,2965805,44094,1500196,47986,1465494,37,115,51363,979090,0.120443,40494,1004988,0.123629,53713,1984078,0.244073,8129050
3,2021-03-04,96603,3062408,47251,1547447,49327,1514821,25,140,54592,994289,0.122313,41742,1046730,0.128764,56941,2041019,0.251077,8129050
3,2021-03-05,92921,3155329,45381,1592828,47239,1562060,301,441,56049,1016338,0.125025,36568,1083298,0.133263,58617,2099636,0.258288,8129050
3,2021-03-06,66473,3221802,33694,1626522,30608,1592668,2171,2612,37863,1029390,0.126631,28441,1111739,0.136761,41493,2141129,0.263392,8129050
3,2021-03-07,39496,3261298,22788,1649310,14790,1607458,1918,4530,22189,1037431,0.12762,17224,1128963,0.13888,25265,2166394,0.2665,8129050
3,2021-03-08,60650,3321948,28876,1678186,28748,1636206,3026,7556,38313,1058139,0.130168,22157,1151120,0.141606,42865,2209259,0.271773,8129050
3,2021-03-09,77967,3399915,35999,1714185,37471,1673677,4497,12053,41848,1069664,0.131585,35945,1187065,0.146028,47470,2256729,0.277613,8129050
3,2021-03-10,84099,3484014,41843,1756028,36090,1709767,6166,18219,43864,1081068,0.132988,39988,1227053,0.150947,51392,2308121,0.283935,8129050
3,2021-03-11,98323,3582337,48116,1804144,41521,1751288,8686,26905,48053,1088869,0.133948,49968,1277021,0.157094,57769,2365890,0.291041,8129050
3,2021-03-12,103064,3685401,46041,1850185,45089,1796377,11934,38839,47019,1093087,0.134467,55773,1332794,0.163954,59991,2425881,0.298421,8129050
3,2021-03-13,71040,3756441,29916,1880101,33814,1830191,7310,46149,37491,1105785,0.136029,33392,1366186,0.168062,46090,2471971,0.304091,8129050
3,2021-03-14,41588,3798029,21719,1901820,16292,1846483,3577,49726,20947,1110380,0.136594,20539,1386725,0.170589,25134,2497105,0.307183,8129050
3,2021-03-15,76394,3874423,36232,1938052,35570,1882053,4592,54318,40220,1120241,0.137807,35914,1422639,0.175007,45775,2542880,0.312814,8129050
3,2021-03-16,95869,3970292,44217,1982269,47273,1929326,4379,58697,53784,1137478,0.139928,41805,1464444,0.180149,59042,2601922,0.320077,8129050
3,2021-03-17,99212,4069504,48175,2030444,46453,1975779,4584,63281,60128,1164003,0.143191,38815,1503259,0.184924,65340,2667262,0.328115,8129050
3,2021-03-18,104563,4174067,53114,2083558,46849,2022628,4600,67881,59787,1184455,0.145706,44453,1547712,0.190393,64905,2732167,0.336099,8129050
3,2021-03-19,104151,4278218,55902,2139460,43749,2066377,4500,72381,57866,1201366,0.147787,45973,1593685,0.196048,62884,2795051,0.343835,8129050
3,2021-03-20,72545,4350763,37387,2176847,31439,2097816,3719,76100,44551,1222333,0.150366,27762,1621447,0.199463,48729,2843780,0.349829,8129050
3,2021-03-21,36610,4387373,24860,2201707,10227,2108043,1523,77623,21973,1231798,0.15153,14508,1635955,0.201248,23973,2867753,0.352778,8129050
3,2021-03-22,71149,4458522,41810,2243517,26799,2134842,2540,80163,45158,1254781,0.154358,25718,1661673,0.204412,48701,2916454,0.358769,8129050
3,2021-03-23,90636,4549158,50135,2293652,37913,2172755,2588,82751,55148,1278022,0.157217,35187,1696860,0.20874,58428,2974882,0.365957,8129050
3,2021-03-24,99573,4648731,57301,2350953,39310,2212065,2962,85713,56211,1294821,0.159283,42965,1739825,0.214026,59764,3034646,0.373309,8129050
3,2021-03-25,108335,4757066,60161,2411114,45133,2257198,3041,88754,60547,1311631,0.161351,47406,1787231,0.219857,64216,3098862,0.381208,8129050
3,2021-03-26,111723,4868789,59918,2471032,48429,2305627,3376,92130,57119,1318727,0.162224,54226,1841457,0.226528,61322,3160184,0.388752,8129050
3,2021-03-27,75241,4944030,38255,2509287,34425,2340052,2561,94691,36165,1319297,0.162294,38816,1880273,0.231303,39386,3199570,0.393597,8129050
3,2021-03-28,44754,4988784,28205,2537492,15727,2355779,822,95513,22434,1321014,0.162505,22185,1902458,0.234032,23902,3223472,0.396537,8129050
3,2021-03-29,81585,5070369,42613,2580105,37105,2392884,1867,97380,44300,1331032,0.163738,36997,1939455,0.238583,47015,3270487,0.402321,8129050
3,2021-03-30,101205,5171574,49749,2629854,47747,2440631,3709,101089,56264,1346948,0.165696,44649,1984104,0.244076,60565,3331052,0.409771,8129050
3,2021-03-31,105860,5277434,57091,2686945,43876,2484507,4893,105982,56231,1359033,0.167182,49349,2033453,0.250146,61434,3392486,0.417329,8129050
3,2021-04-01,124916,5402350,63126,2750071,51926,2536433,9864,115846,66927,1378532,0.169581,57512,2090965,0.257221,77011,3469497,0.426802,8129050
3,2021-04-02,118809,5521159,57952,2808023,50405,2586838,10452,126298,62267,1395432,0.17166,56211,2147176,0.264136,73111,3542608,0.435796,8129050
3,2021-04-03,76598,5597757,39179,2847202,28121,2614959,9298,135596,38037,1404654,0.172794,38380,2185556,0.268857,47602,3590210,0.441652,8129050
3,2021-04-04,32636,5630393,17450,2864652,10936,2625895,4250,139846,14250,1404842,0.172817,18295,2203851,0.271108,18483,3608693,0.443926,8129050
3,2021-04-05,90330,5720723,45835,2910487,35154,2661049,9341,149187,43737,1412350,0.173741,46340,2250191,0.276809,53848,3662541,0.45055,8129050
3,2021-04-06,114283,5835006,55619,2966106,43354,2704403,15310,164497,53495,1421316,0.174844,60479,2310670,0.284248,69445,3731986,0.459093,8129050
3,2021-04-07,117104,5952110,60591,3026697,40122,2744525,16391,180888,56327,1433779,0.176377,60484,2371154,0.291689,72947,3804933,0.468066,8129050
3,2021-04-08,122184,6074294,60814,3087511,41060,2785585,20310,201198,56501,1445939,0.177873,65341,2436495,0.299727,77501,3882434,0.4776,8129050
3,2021-04-09,119328,6193622,59402,3146913,40614,2826199,19312,220510,52234,1451485,0.178555,66806,2503301,0.307945,72352,3954786,0.4865,8129050
3,2021-04-10,84899,6278521,38099,3185012,31420,2857619,15380,235890,34492,1451907,0.178607,50198,2553499,0.31412,50620,4005406,0.492727,8129050
3,2021-04-11,45536,6324057,24370,3209382,13076,2870695,8090,243980,17278,1449918,0.178363,28150,2581649,0.317583,26161,4031567,0.495946,8129050
3,2021-04-12,84564,6408621,42699,3252081,32972,2903667,8893,252873,38097,1451769,0.17859,46196,2627845,0.323266,48047,4079614,0.501856,8129050
3,2021-04-13,106092,6514713,57437,3309518,48442,2952109,213,253086,55712,1458479,0.179416,50103,2677948,0.329429,56813,4136427,0.508845,8129050
3,2021-04-14,108291,6623004,59212,3368730,48970,3001079,109,253195,53710,1459487,0.17954,54250,2732198,0.336103,55258,4191685,0.515643,8129050
3,2021-04-15,119973,6742977,67451,3436181,52437,3053516,85,253280,63779,1468343,0.180629,55826,2788024,0.34297,64682,4256367,0.5236,8129050
3,2021-04-16,116175,6859152,65107,3501288,50970,3104486,98,253378,60395,1474063,0.181333,55441,2843465,0.349791,61161,4317528,0.531123,8129050
3,2021-04-17,79927,6939079,43571,3544859,36341,3140827,15,253393,44368,1484112,0.182569,35310,2878775,0.354134,45359,4362887,0.536703,8129050
3,2021-04-18,39072,6978151,23616,3568475,15447,3156274,9,253402,18277,1482622,0.182386,20658,2899433,0.356676,19168,4382055,0.539061,8129050
3,2021-04-19,79629,7057780,44302,3612777,35267,3191541,60,253462,35674,1475150,0.181466,43721,2943154,0.362054,36249,4418304,0.54352,8129050
3,2021-04-20,101316,7159096,53326,3666103,47968,3239509,22,253484,48787,1472775,0.181174,52227,2995381,0.368479,49852,4468156,0.549653,8129050
3,2021-04-21,106540,7265636,59821,3725924,46638,3286147,81,253565,50136,1468099,0.180599,55986,3051367,0.375366,51310,4519466,0.555965,8129050
3,2021-04-22,112673,7378309,63323,3789247,49321,3335468,29,253594,48257,1453324,0.178782,64020,3115387,0.383241,49245,4568711,0.562023,8129050
3,2021-04-23,106985,7485294,61209,3850456,45744,3381212,32,253626,46720,1441226,0.177293,59871,3175258,0.390606,47773,4616484,0.5679,8129050
3,2021-04-24,74405,7559699,45900,3896356,28432,3409644,73,253699,36159,1440521,0.177207,37949,3213207,0.395275,37244,4653728,0.572481,8129050
3,2021-04-25,37172,7596871,23725,3920081,13429,3423073,18,253717,18921,1441786,0.177362,18080,3231287,0.397499,19345,4673073,0.574861,8129050
3,2021-04-26,74471,7671342,42090,3962171,31962,3455035,419,254136,31672,1432732,0.176248,42500,3273787,0.402727,33446,4706519,0.578975,8129050
3,2021-04-27,91684,7763026,48129,4010300,41794,3496829,1761,255897,36240,1416402,0.17424,55108,3328895,0.409506,38778,4745297,0.583746,8129050
3,2021-04-28,87466,7850492,49713,4060013,35599,3532428,2154,258051,35599,1403160,0.172611,51541,3380436,0.415846,38299,4783596,0.588457,8129050
3,2021-04-29,89788,7940280,51309,4111322,36243,3568671,2236,260287,31964,1380398,0.16981,57448,3437884,0.422913,34686,4818282,0.592724,8129050
3,2021-04-30,91371,8031651,51571,4162893,37302,3605973,2498,262785,33934,1360259,0.167333,57036,3494920,0.42993,36897,4855179,0.597263,8129050
3,2021-05-01,55969,8087620,35085,4197978,19393,3625366,1491,264276,20147,1346876,0.165687,35512,3530432,0.434298,22129,4877308,0.599985,8129050
3,2021-05-02,27133,8114753,18522,4216500,7588,3632954,1023,265299,9930,1340844,0.164945,17085,3547517,0.4364,11053,4888361,0.601345,8129050
3,2021-05-03,60189,8174942,35346,4251846,22458,3655412,2385,267684,17510,1318491,0.162195,42427,3589944,0.441619,20074,4908435,0.603814,8129050
3,2021-05-04,78056,8252998,45122,4296968,30240,3685652,2694,270378,22625,1288973,0.158564,55110,3645054,0.448399,25592,4934027,0.606962,8129050
3,2021-05-05,79607,8332605,47785,4344753,29098,3714750,2724,273102,21991,1256742,0.154599,57244,3702298,0.45544,25013,4959040,0.610039,8129050
3,2021-05-06,83905,8416510,53095,4397848,28262,3743012,2548,275650,20694,1217821,0.149811,62703,3765001,0.463154,23782,4982822,0.612965,8129050
3,2021-05-07,82913,8499423,51655,4449503,28607,3771619,2651,278301,21962,1182160,0.145424,60572,3825573,0.470605,24911,5007733,0.616029,8129050
3,2021-05-08,52975,8552398,32842,4482345,18404,3790023,1729,280030,14006,1159474,0.142633,38686,3864259,0.475364,16000,5023733,0.617998,8129050
3,2021-05-09,21088,8573486,15419,4497764,4875,3794898,794,280824,5496,1150340,0.14151,15492,3879751,0.47727,6358,5030091,0.61878,8129050
3,2021-05-10,48439,8621925,26072,4523836,20450,3815348,1917,282741,11215,1126724,0.138605,37001,3916752,0.481822,13385,5043476,0.620426,8129050
3,2021-05-11,64519,8686444,36199,4560035,26088,3841436,2232,284973,16208,1097590,0.135021,48039,3964791,0.487731,18905,5062381,0.622752,8129050
3,2021-05-12,65244,8751688,37493,4597528,25335,3866771,2416,287389,16639,1068650,0.131461,48315,4013106,0.493675,19375,5081756,0.625135,8129050
3,2021-05-13,75893,8827581,47827,4645355,26137,3892908,1929,289318,27671,1050922,0.12928,47957,4061063,0.499574,30229,5111985,0.628854,8129050
3,2021-05-14,80845,8908426,51033,4696388,27652,3920560,2160,291478,31273,1035704,0.127408,49253,4110316,0.505633,34035,5146020,0.633041,8129050
3,2021-05-15,62525,8970951,43119,4739507,18181,3938741,1225,292703,25826,1026517,0.126278,36472,4146788,0.51012,27285,5173305,0.636397,8129050
3,2021-05-16,33336,9004287,24928,4764435,7716,3946457,692,293395,13449,1020994,0.125598,19758,4166546,0.51255,14235,5187540,0.638148,8129050
3,2021-05-17,57249,9061536,36449,4800884,18939,3965396,1861,295256,21076,1008257,0.124031,35883,4202429,0.516964,23146,5210686,0.640996,8129050
3,2021-05-18,64791,9126327,38249,4839133,24665,3990061,1877,297133,24324,994676,0.122361,40180,4242609,0.521907,26599,5237285,0.644268,8129050
3,2021-05-19,64255,9190582,39046,4878179,23446,4013507,1763,298896,24835,982400,0.120851,39155,4281764,0.526724,26879,5264164,0.647574,8129050
3,2021-05-20,62116,9252698,36353,4914532,23902,4037409,1861,300757,22283,967357,0.119,39528,4321292,0.531586,24485,5288649,0.650586,8129050
3,2021-05-21,66450,9319148,40387,4954919,23947,4061356,2116,302873,23739,951150,0.117006,42370,4363662,0.536799,26163,5314812,0.653805,8129050
3,2021-05-22,45979,9365127,30473,4985392,14030,4075386,1476,304349,19125,945388,0.116297,26620,4390282,0.540073,20858,5335670,0.656371,8129050
3,2021-05-23,21780,9386907,15074,5000466,6052,4081438,654,305003,9200,942868,0.115987,12487,4402769,0.541609,9967,5345637,0.657597,8129050
3,2021-05-24,39873,9426780,23334,5023800,14767,4096205,1772,306775,14788,934752,0.114989,24875,4427644,0.544669,16759,5362396,0.659658,8129050
3,2021-05-25,43054,9469834,24215,5048015,17147,4113352,1692,308467,15256,924429,0.113719,27505,4455149,0.548053,17182,5379578,0.661772,8129050
3,2021-05-26,42687,9512521,24434,5072449,16508,4129860,1745,310212,15994,915922,0.112673,26381,4481530,0.551298,17874,5397452,0.663971,8129050
3,2021-05-27,39577,9552098,22195,5094644,15622,4145482,1760,311972,15481,909499,0.111883,23916,4505446,0.55424,17493,5414945,0.666123,8129050
3,2021-05-28,43134,9595232,24381,5119025,16944,4162426,1809,313781,17920,904555,0.111274,24996,4530442,0.557315,20052,5434997,0.668589,8129050
3,2021-05-29,23553,9618785,14393,5133418,8319,4170745,841,314622,10988,904098,0.111218,12420,4542862,0.558843,11963,5446960,0.670061,8129050
3,2021-05-30,10658,9629443,6909,5140327,3112,4173857,637,315259,4476,903155,0.111102,6100,4548962,0.559593,5157,5452117,0.670695,8129050
3,2021-05-31,4702,9634145,2724,5143051,1712,4175569,266,315525,1472,901748,0.110929,3175,4552137,0.559984,1768,5453885,0.670913,8129050
3,2021-06-01,37988,9672133,21865,5164916,14668,4190237,1455,316980,13283,892233,0.109759,24447,4576584,0.562991,14932,5468817,0.67275,8129050
3,2021-06-02,31634,9703767,18191,5183107,12022,4202259,1421,318401,11711,885794,0.108966,19712,4596296,0.565416,13273,5482090,0.674383,8129050
3,2021-06-03,39817,9743584,27236,5210343,11138,4213397,1443,319844,11489,870823,0.107125,28142,4624438,0.568878,13171,5495261,0.676003,8129050
3,2021-06-04,46356,9789940,32789,5243132,12017,4225414,1550,321394,13172,853034,0.104936,32932,4657370,0.572929,15143,5510404,0.677866,8129050
3,2021-06-05,34482,9824422,25993,5269125,7302,4232716,1187,322581,8745,837641,0.103043,25523,4682893,0.576069,10130,5520534,0.679112,8129050
3,2021-06-06,14688,9839110,12255,5281380,1847,4234563,586,323167,3703,831179,0.102248,10919,4693812,0.577412,4457,5524991,0.67966,8129050
3,2021-06-07,30541,9869651,22200,5303580,7053,4241616,1288,324455,8799,819799,0.100848,21586,4715398,0.580068,10206,5535197,0.680916,8129050
3,2021-06-08,34401,9904052,24689,5328269,8416,4250032,1296,325751,9940,807017,0.099276,24245,4739643,0.58305,11463,5546660,0.682326,8129050
3,2021-06-09,33056,9937108,23973,5352242,7776,4257808,1307,327058,8874,793369,0.097597,23995,4763638,0.586002,10347,5557007,0.683599,8129050
3,2021-06-10,32595,9969703,23505,5375747,7553,4265361,1537,328595,8963,780599,0.096026,23470,4787108,0.588889,10700,5567707,0.684915,8129050
3,2021-06-11,35731,10005434,25271,5401018,9084,4274445,1376,329971,10612,767850,0.094458,24914,4812022,0.591954,12165,5579872,0.686411,8129050
3,2021-06-12,25311,10030745,19082,5420100,5334,4279779,895,330866,6704,757122,0.093138,18490,4830512,0.594228,7762,5587634,0.687366,8129050
3,2021-06-13,10175,10040920,7616,5427716,2067,4281846,492,331358,2375,752318,0.092547,7746,4838258,0.595181,2942,5590576,0.687728,8129050
3,2021-06-14,25895,10066815,18559,5446275,5907,4287753,1429,332787,8099,744331,0.091564,17658,4855916,0.597353,9671,5600247,0.688918,8129050
3,2021-06-15,28921,10095736,19571,5465846,7829,4295582,1521,334308,9733,736802,0.090638,18952,4874868,0.599685,11423,5611670,0.690323,8129050
3,2021-06-16,26044,10121780,18511,5484357,6110,4301692,1423,335731,8796,730109,0.089815,17064,4891932,0.601784,10371,5622041,0.691599,8129050
3,2021-06-17,24966,10146746,17872,5502229,5795,4307487,1299,337030,8666,724076,0.089073,16136,4908068,0.603769,10103,5632144,0.692842,8129050
3,2021-06-18,28064,10174810,19816,5522045,6675,4314162,1573,338603,9807,717600,0.088276,18022,4926090,0.605986,11546,5643690,0.694262,8129050
3,2021-06-19,16047,10190857,11783,5533828,3401,4317563,863,339466,5747,714150,0.087852,10169,4936259,0.607237,6719,5650409,0.695088,8129050
3,2021-06-20,6895,10197752,5171,5538999,1422,4318985,302,339768,2609,712887,0.087696,4227,4940486,0.607757,2964,5653373,0.695453,8129050
3,2021-06-21,16267,10214019,10267,5549266,4598,4323583,1402,341170,8096,714431,0.087886,8076,4948562,0.60875,9620,5662993,0.696637,8129050
3,2021-06-22,22118,10236137,15506,5564772,5313,4328896,1299,342469,8260,710420,0.087393,13726,4962288,0.610439,9715,5672708,0.697832,8129050
3,2021-06-23,20306,10256443,14217,5578989,4747,4333643,1342,343811,8032,707777,0.087068,12155,4974443,0.611934,9512,5682220,0.699002,8129050
3,2021-06-24,19987,10276430,13909,5592898,4624,4338267,1454,345265,7796,705124,0.086741,12010,4986453,0.613412,9357,5691577,0.700153,8129050
3,2021-06-25,23339,10299769,16560,5609458,5356,4343623,1423,346688,9121,701715,0.086322,14079,5000532,0.615143,10670,5702247,0.701465,8129050
3,2021-06-26,14030,10313799,10421,5619879,2834,4346457,775,347463,5857,700439,0.086165,8067,5008599,0.616136,6791,5709038,0.702301,8129050
3,2021-06-27,6721,10320520,5205,5625084,1208,4347665,308,347771,2871,699850,0.086092,3803,5012402,0.616604,3214,5712252,0.702696,8129050
3,2021-06-28,16028,10336548,12328,5637412,2616,4350281,1084,348855,6748,698653,0.085945,9136,5021538,0.617728,7939,5720191,0.703673,8129050
3,2021-06-29,18105,10354653,12754,5650166,4342,4354623,1009,349864,7407,696649,0.085699,10551,5032089,0.619025,8547,5728738,0.704724,8129050
3,2021-06-30,17081,10371734,12103,5662269,3937,4358560,1041,350905,7351,695620,0.085572,9570,5041659,0.620203,8541,5737279,0.705775,8129050
3,2021-07-01,16373,10388107,11667,5673936,3634,4362194,1072,351977,6895,694346,0.085415,9340,5050999,0.621352,8066,5745345,0.706767,8129050
3,2021-07-02,18488,10406595,13145,5687081,4239,4366433,1104,353081,7894,692965,0.085246,10475,5061474,0.62264,9094,5754439,0.707886,8129050
3,2021-07-03,10120,10416715,7313,5694394,2367,4368800,440,353521,4338,692141,0.085144,5705,5067179,0.623342,4881,5759320,0.708486,8129050
3,2021-07-04,731,10417446,431,5694825,213,4369013,87,353608,282,692085,0.085137,441,5067620,0.623396,385,5759705,0.708534,8129050
3,2021-07-05,9542,10426988,6979,5701804,2139,4371152,424,354032,4307,691717,0.085092,5162,5072782,0.624031,4794,5764499,0.709123,8129050
3,2021-07-06,19080,10446068,13835,5715639,4127,4375279,1118,355150,6898,687851,0.084616,12006,5084788,0.625508,8140,5772639,0.710125,8129050
3,2021-07-07,15747,10461815,11178,5726817,3455,4378734,1114,356264,6345,686157,0.084408,9261,5094049,0.626648,7567,5780206,0.711056,8129050
3,2021-07-08,15324,10477139,11065,5737882,3263,4381997,996,357260,6207,684460,0.084199,8990,5103039,0.627753,7293,5787499,0.711953,8129050
3,2021-07-09,17620,10494759,12283,5750165,4117,4386114,1220,358480,7281,682868,0.084003,10204,5113243,0.629009,8612,5796111,0.713012,8129050
3,2021-07-10,10866,10505625,8000,5758165,2201,4388315,665,359145,4609,682044,0.083902,6187,5119430,0.62977,5363,5801474,0.713672,8129050
3,2021-07-11,5128,10510753,3797,5761962,1056,4389371,275,359420,2313,681886,0.083883,2766,5122196,0.63011,2608,5804082,0.713993,8129050
3,2021-07-12,14330,10525083,10452,5772414,2875,4392246,1003,360423,5714,680133,0.083667,8538,5130734,0.63116,6785,5810867,0.714827,8129050
3,2021-07-13,15122,10540205,10678,5783092,3531,4395777,913,361336,6637,679375,0.083574,8389,5139123,0.632192,7631,5818498,0.715766,8129050
3,2021-07-14,14406,10554611,10223,5793315,3268,4399045,915,362251,6422,678890,0.083514,7883,5147006,0.633162,7398,5825896,0.716676,8129050
3,2021-07-15,14725,10569336,10643,5803958,3242,4402287,840,363091,6734,678646,0.083484,7891,5154897,0.634133,7647,5833543,0.717617,8129050
3,2021-07-16,17746,10587082,12754,5816712,4100,4406387,892,363983,8469,678910,0.083517,9168,5164065,0.635261,9432,5842975,0.718777,8129050
3,2021-07-17,11267,10598349,8252,5824964,2483,4408870,532,364515,5358,679029,0.083531,5838,5169903,0.635979,5957,5848932,0.71951,8129050
3,2021-07-18,5744,10604093,4338,5829302,1155,4410025,251,364766,2824,679254,0.083559,2876,5172779,0.636333,3101,5852033,0.719891,8129050
3,2021-07-19,14870,10618963,10881,5840183,3110,4413135,879,365645,7290,680016,0.083653,7480,5180259,0.637253,8242,5860275,0.720905,8129050
3,2021-07-20,16511,10635474,11493,5851676,4115,4417250,903,366548,8486,681578,0.083845,7908,5188167,0.638225,9470,5869745,0.72207,8129050
3,2021-07-21,15949,10651423,11290,5862966,3791,4421041,868,367416,8021,682744,0.083988,7800,5195967,0.639185,8966,5878711,0.723173,8129050
3,2021-07-22,16321,10667744,11528,5874494,3830,4424871,963,368379,8479,684531,0.084208,7716,5203683,0.640134,9503,5888214,0.724342,8129050
3,2021-07-23,19230,10686974,13708,5888202,4510,4429381,1012,369391,10333,687211,0.084538,8753,5212436,0.641211,11433,5899647,0.725749,8129050
3,2021-07-24,11561,10698535,8327,5896529,2656,4432037,578,369969,6379,689104,0.084771,5101,5217537,0.641838,6994,5906641,0.726609,8129050
3,2021-07-25,5637,10704172,4223,5900752,1204,4433241,210,370179,4073,691920,0.085117,1517,5219054,0.642025,4333,5910974,0.727142,8129050
3,2021-07-26,15427,10719599,10726,5911478,3735,4436976,966,371145,9319,696268,0.085652,5998,5225052,0.642763,10346,5921320,0.728415,8129050
3,2021-07-27,17448,10737047,12342,5923820,4131,4441107,975,372120,9994,699989,0.08611,7322,5232374,0.643664,11043,5932363,0.729773,8129050
3,2021-07-28,17047,10754094,12210,5936030,3799,4444906,1038,373158,9843,703860,0.086586,7059,5239433,0.644532,10930,5943293,0.731118,8129050
3,2021-07-29,16857,10770951,12137,5948167,3689,4448595,1031,374189,9945,708173,0.087116,6736,5246169,0.645361,11049,5954342,0.732477,8129050
3,2021-07-30,19604,10790555,13848,5962015,4674,4453269,1082,375271,11381,712708,0.087674,8017,5254186,0.646347,12552,5966894,0.734021,8129050
3,2021-07-31,12217,10802772,8856,5970871,2706,4455975,655,375926,7120,715595,0.088029,4953,5259139,0.646956,7840,5974734,0.734986,8129050
3,2021-08-01,6503,10809275,4957,5975828,1287,4457262,259,376185,4210,717869,0.088309,2230,5261369,0.64723,4504,5979238,0.73554,8129050
3,2021-08-02,16607,10825882,12061,5987889,3616,4460878,930,377115,10333,723049,0.088946,6147,5267516,0.647987,11327,5990565,0.736933,8129050
3,2021-08-03,18408,10844290,13281,6001170,4021,4464899,1106,378221,10982,727941,0.089548,7250,5274766,0.648879,12142,6002707,0.738427,8129050
3,2021-08-04,17575,10861865,12624,6013794,3936,4468835,1015,379236,10475,732544,0.090114,6937,5281703,0.649732,11540,6014247,0.739846,8129050
3,2021-08-05,17934,10879799,12959,6026753,3826,4472661,1149,380385,10828,737649,0.090742,6942,5288645,0.650586,12047,6026294,0.741328,8129050
3,2021-08-06,21730,10901529,15749,6042502,4825,4477486,1156,381541,12843,743024,0.091404,8691,5297336,0.651655,14066,6040360,0.743059,8129050
3,2021-08-07,12780,10914309,9502,6052004,2652,4480138,626,382167,7487,746034,0.091774,5154,5302490,0.652289,8164,6048524,0.744063,8129050
3,2021-08-08,7574,10921883,5796,6057800,1536,4481674,242,382409,4680,748182,0.092038,2810,5305300,0.652635,4958,6053482,0.744673,8129050
3,2021-08-09,18315,10940198,13708,6071508,3538,4485212,1069,383478,10366,751904,0.092496,7786,5313086,0.653592,11508,6064990,0.746088,8129050
3,2021-08-10,18534,10958732,13572,6085080,3957,4489169,1005,384483,10450,755482,0.092936,7917,5321003,0.654566,11495,6076485,0.747502,8129050
3,2021-08-11,16546,10975278,11974,6097054,3542,4492711,1030,385513,9212,758644,0.093325,7136,5328139,0.655444,10298,6086783,0.748769,8129050
3,2021-08-12,18096,10993374,12768,6109822,4247,4496958,1081,386594,9938,761763,0.093709,7948,5336087,0.656422,11067,6097850,0.750131,8129050
3,2021-08-13,22561,11015935,16007,6125829,5394,4502352,1160,387754,12304,765480,0.094166,9817,5345904,0.65763,13534,6111384,0.751796,8129050
3,2021-08-14,14669,11030604,10326,6136155,3726,4506078,617,388371,7639,767674,0.094436,6114,5352018,0.658382,8308,6119692,0.752818,8129050
3,2021-08-15,8346,11038950,6054,6142209,2007,4508085,285,388656,4185,768796,0.094574,3375,5355393,0.658797,4497,6124189,0.753371,8129050
3,2021-08-16,20657,11059607,14235,6156444,5432,4513517,990,389646,9799,770754,0.094815,8917,5364310,0.659894,10875,6135064,0.754709,8129050
3,2021-08-17,21110,11080717,14318,6170762,5753,4519270,1039,390685,9699,772393,0.095016,9208,5373518,0.661027,10847,6145911,0.756043,8129050
3,2021-08-18,21075,11101792,14064,6184826,6008,4525278,1003,391688,9490,773979,0.095211,8997,5382515,0.662133,10583,6156494,0.757345,8129050
3,2021-08-19,20927,11122719,13837,6198663,6031,4531309,1059,392747,9125,775298,0.095374,8924,5391439,0.663231,10243,6166737,0.758605,8129050
3,2021-08-20,26280,11148999,17763,6216426,7438,4538747,1079,393826,11063,775882,0.095446,11650,5403089,0.664664,12234,6178971,0.76011,8129050
3,2021-08-21,15349,11164348,11098,6227524,3694,4542441,557,394383,6446,775871,0.095444,7085,5410174,0.665536,7074,6186045,0.76098,8129050
3,2021-08-22,8680,11173028,6219,6233743,2265,4544706,196,394579,3897,776295,0.095496,3719,5413893,0.665993,4143,6190188,0.76149,8129050
3,2021-08-23,9334,11182362,6328,6240071,2269,4546975,737,395316,3653,776456,0.095516,4293,5418186,0.666521,4454,6194642,0.762038,8129050
4,2020-12-15,471,471,471,471,0,0,0,0,471,471,5.9e-05,0,0,0.0,471,471,5.9e-05,8037679
4,2020-12-16,3096,3567,3096,3567,0,0,0,0,3096,3567,0.000444,0,0,0.0,3096,3567,0.000444,8037679
4,2020-12-17,9096,12663,9096,12663,0,0,0,0,9097,12664,0.001576,0,0,0.0,9097,12664,0.001576,8037679
4,2020-12-18,16364,29027,16351,29014,13,13,0,0,16363,29027,0.003611,0,0,0.0,16363,29027,0.003611,8037679
4,2020-12-19,10453,39480,10443,39457,10,23,0,0,10391,39418,0.004904,0,0,0.0,10391,39418,0.004904,8037679
4,2020-12-20,7496,46976,7482,46939,14,37,0,0,7451,46869,0.005831,0,0,0.0,7451,46869,0.005831,8037679
4,2020-12-21,16523,63499,16490,63429,33,70,0,0,16455,63323,0.007878,1,1,0.0,16455,63324,0.007878,8037679
4,2020-12-22,17318,80817,16551,79980,767,837,0,0,17272,80590,0.010027,5,6,1e-06,17272,80596,0.010027,8037679
4,2020-12-23,17284,98101,14482,94462,2802,3639,0,0,17263,97851,0.012174,2,8,1e-06,17263,97859,0.012175,8037679
4,2020-12-24,8656,106757,6014,100476,2642,6281,0,0,8654,106504,0.013251,1,9,1e-06,8654,106513,0.013252,8037679
4,2020-12-25,916,107673,811,101287,105,6386,0,0,916,107420,0.013365,0,9,1e-06,916,107429,0.013366,8037679
4,2020-12-26,6257,113930,3923,105210,2334,8720,0,0,6257,113677,0.014143,0,9,1e-06,6257,113686,0.014144,8037679
4,2020-12-27,3483,117413,2011,107221,1472,10192,0,0,3483,117160,0.014576,0,9,1e-06,3483,117169,0.014577,8037679
4,2020-12-28,15327,132740,9460,116681,5867,16059,0,0,15300,132457,0.01648,3,12,1e-06,15300,132469,0.016481,8037679
4,2020-12-29,15954,148694,8952,125633,7002,23061,0,0,15920,148376,0.01846,1,13,2e-06,15920,148389,0.018462,8037679
4,2020-12-30,19492,168186,11421,137054,8071,31132,0,0,19481,167855,0.020884,2,15,2e-06,19481,167870,0.020885,8037679
4,2020-12-31,8395,176581,3391,140445,5004,36136,0,0,8382,176228,0.021925,9,24,3e-06,8382,176252,0.021928,8037679
4,2021-01-01,1839,178420,841,141286,998,37134,0,0,1832,178056,0.022153,4,28,3e-06,1832,178084,0.022156,8037679
4,2021-01-02,5796,184216,3270,144556,2526,39660,0,0,5794,183849,0.022873,1,29,4e-06,5794,183878,0.022877,8037679
4,2021-01-03,2173,186389,1279,145835,894,40554,0,0,2159,186005,0.023142,3,32,4e-06,2159,186037,0.023146,8037679
4,2021-01-04,13131,199520,7093,152928,6038,46592,0,0,13082,199060,0.024766,27,59,7e-06,13082,199119,0.024773,8037679
4,2021-01-05,17118,216638,10136,163064,6982,53574,0,0,14861,211711,0.02634,2228,2287,0.000285,14879,213998,0.026624,8037679
4,2021-01-06,21875,238513,13405,176469,8470,62044,0,0,15673,221249,0.027526,6154,8441,0.00105,15692,229690,0.028577,8037679
4,2021-01-07,28274,266787,17263,193732,11011,73055,0,0,16825,226708,0.028206,11388,19829,0.002467,16847,246537,0.030673,8037679
4,2021-01-08,33220,300007,21334,215066,11886,84941,0,0,18477,230537,0.028682,14677,34506,0.004293,18506,265043,0.032975,8037679
4,2021-01-09,16441,316448,9726,224792,6715,91656,0,0,9543,233206,0.029014,6887,41393,0.00515,9556,274599,0.034164,8037679
4,2021-01-10,8855,325303,5717,230509,3138,94794,0,0,4210,232792,0.028963,4634,46027,0.005726,4220,278819,0.034689,8037679
4,2021-01-11,33888,359191,22256,252765,11632,106426,0,0,19087,237157,0.029506,14771,60798,0.007564,19136,297955,0.03707,8037679
4,2021-01-12,38926,398117,22462,275227,16464,122890,0,0,24482,247302,0.030768,14388,75186,0.009354,24533,322488,0.040122,8037679
4,2021-01-13,39255,437372,19456,294683,19799,142689,0,0,27795,263710,0.032809,11416,86602,0.010775,27824,350312,0.043584,8037679
4,2021-01-14,39820,477192,15355,310038,24465,167154,0,0,32531,289026,0.035959,7249,93851,0.011676,32565,382877,0.047635,8037679
4,2021-01-15,45926,523118,16083,326121,29843,196997,0,0,40225,323647,0.040266,5630,99481,0.012377,40251,423128,0.052643,8037679
4,2021-01-16,29056,552174,9447,335568,19609,216606,0,0,25877,346394,0.043096,3147,102628,0.012768,25894,449022,0.055865,8037679
4,2021-01-17,19110,571284,6618,342186,12492,229098,0,0,17438,362194,0.045062,1650,104278,0.012974,17450,466472,0.058036,8037679
4,2021-01-18,29735,601019,13783,355969,15952,245050,0,0,23674,379907,0.047266,5994,110272,0.013719,23707,490179,0.060985,8037679
4,2021-01-19,46712,647731,23347,379316,23365,268415,0,0,36904,407124,0.050652,9761,120033,0.014934,36978,527157,0.065586,8037679
4,2021-01-20,53133,700864,28367,407683,24766,293181,0,0,42387,438931,0.054609,10646,130679,0.016258,42453,569610,0.070867,8037679
4,2021-01-21,58497,759361,26315,433998,32182,325363,0,0,51555,483681,0.060177,6856,137535,0.017111,51606,621216,0.077288,8037679
4,2021-01-22,55942,815303,22443,456441,33499,358862,0,0,50648,529139,0.065832,5222,142757,0.017761,50680,671896,0.083593,8037679
4,2021-01-23,40008,855311,17435,473876,22573,381435,0,0,35619,560411,0.069723,4379,147136,0.018306,35651,707547,0.088029,8037679
4,2021-01-24,24289,879600,10569,484445,13720,395155,0,0,22369,580894,0.072271,1909,149045,0.018543,22392,729939,0.090815,8037679
4,2021-01-25,48543,928143,22409,506854,26134,421289,0,0,37199,606840,0.075499,11312,160357,0.019951,37258,767197,0.09545,8037679
4,2021-01-26,57483,985626,29292,536146,28191,449480,0,0,45018,639494,0.079562,12428,172785,0.021497,45082,812279,0.101059,8037679
4,2021-01-27,56954,1042580,27044,563190,29910,479390,0,0,45690,674051,0.083861,11189,183974,0.022889,45746,858025,0.10675,8037679
4,2021-01-28,57640,1100220,26030,589220,31610,511000,0,0,47331,711225,0.088486,10206,194180,0.024159,47380,905405,0.112645,8037679
4,2021-01-29,57443,1157663,27463,616683,29980,540980,0,0,46820,747655,0.093019,10426,204606,0.025456,46856,952261,0.118475,8037679
4,2021-01-30,38723,1196386,17364,634047,21359,562339,0,0,33270,775561,0.096491,5397,210003,0.026127,33303,985564,0.122618,8037679
4,2021-01-31,24514,1220900,12781,646828,11733,574072,0,0,22781,796649,0.099114,1710,211713,0.02634,22798,1008362,0.125454,8037679
4,2021-02-01,50435,1271335,24261,671089,26174,600246,0,0,38554,823433,0.102447,11817,223530,0.02781,38601,1046963,0.130257,8037679
4,2021-02-02,56303,1327638,25859,696948,30444,630690,0,0,43178,853627,0.106203,13038,236568,0.029432,43232,1090195,0.135636,8037679
4,2021-02-03,62871,1390509,30841,727789,32030,662720,0,0,48130,887227,0.110383,14590,251158,0.031248,48190,1138385,0.141631,8037679
4,2021-02-04,68399,1458908,31800,759589,36599,699319,0,0,51362,921845,0.11469,16862,268020,0.033345,51480,1189865,0.148036,8037679
4,2021-02-05,73983,1532891,34236,793825,39747,739066,0,0,51298,950878,0.118303,22405,290425,0.036133,51438,1241303,0.154436,8037679
4,2021-02-06,49194,1582085,26390,820215,22804,761870,0,0,37521,976999,0.121552,11603,302028,0.037577,37724,1279027,0.159129,8037679
4,2021-02-07,26738,1608823,17665,837880,9073,770943,0,0,20148,990843,0.123275,6554,308582,0.038392,20398,1299425,0.161667,8037679
4,2021-02-08,59329,1668152,30472,868352,28857,799800,0,0,38454,1008830,0.125513,20731,329313,0.040971,38718,1338143,0.166484,8037679
4,2021-02-09,67984,1736136,34432,902784,33552,833352,0,0,39733,1020958,0.127021,28053,357366,0.044461,40181,1378324,0.171483,8037679
4,2021-02-10,78233,1814369,39151,941935,39082,872434,0,0,41035,1025609,0.1276,36944,394310,0.049058,41595,1419919,0.176658,8037679
4,2021-02-11,82453,1896822,43037,984972,39416,911850,0,0,41847,1027815,0.127875,40322,434632,0.054074,42528,1462447,0.181949,8037679
4,2021-02-12,85404,1982226,38281,1023253,47123,958973,0,0,43814,1031108,0.128284,41315,475947,0.059214,44608,1507055,0.187499,8037679
4,2021-02-13,59416,2041642,30025,1053278,29391,988364,0,0,30135,1033027,0.128523,29129,505076,0.062839,31048,1538103,0.191362,8037679
4,2021-02-14,37208,2078850,19330,1072608,17878,1006242,0,0,18977,1034507,0.128707,18168,523244,0.065099,19648,1557751,0.193806,8037679
4,2021-02-15,46789,2125639,21955,1094563,24834,1031076,0,0,23914,1036837,0.128997,22781,546025,0.067933,25111,1582862,0.19693,8037679
4,2021-02-16,81194,2206833,37268,1131831,43926,1075002,0,0,41111,1039247,0.129297,39929,585954,0.072901,42339,1625201,0.202198,8037679
4,2021-02-17,82547,2289380,39040,1170871,43507,1118509,0,0,39117,1036308,0.128931,43203,629157,0.078276,40264,1665465,0.207207,8037679
4,2021-02-18,84538,2373918,46542,1217413,37996,1156505,0,0,38911,1031280,0.128306,45412,674569,0.083926,40384,1705849,0.212232,8037679
4,2021-02-19,83823,2457741,52804,1270217,31019,1187524,0,0,41728,1031792,0.128369,41901,716470,0.089139,42413,1748262,0.217508,8037679
4,2021-02-20,50218,2507959,33418,1303635,16800,1204324,0,0,27016,1036414,0.128944,23108,739578,0.092014,27730,1775992,0.220958,8037679
4,2021-02-21,30597,2538556,24262,1327897,6335,1210659,0,0,14637,1035501,0.128831,15867,755445,0.093988,14954,1790946,0.222819,8037679
4,2021-02-22,56008,2594564,38451,1366348,17557,1228216,0,0,26918,1033988,0.128643,28909,784354,0.097585,27396,1818342,0.226227,8037679
4,2021-02-23,77677,2672241,43077,1409425,34600,1262816,0,0,33996,1026220,0.127676,43454,827808,0.102991,35686,1854028,0.230667,8037679
4,2021-02-24,92862,2765103,49087,1458512,43775,1306591,0,0,41634,1019095,0.12679,50942,878750,0.109329,43817,1897845,0.236119,8037679
4,2021-02-25,104610,2869713,54786,1513298,49824,1356415,0,0,49624,1016638,0.126484,54746,933496,0.11614,52289,1950134,0.242624,8037679
4,2021-02-26,110636,2980349,55887,1569185,54749,1411164,0,0,56209,1021104,0.12704,54106,987602,0.122872,58572,2008706,0.249911,8037679
4,2021-02-27,80719,3061068,43893,1613078,36813,1447977,13,13,42633,1027412,0.127824,37850,1025452,0.127581,44158,2052864,0.255405,8037679
4,2021-02-28,49879,3110947,30764,1643842,19108,1467085,7,20,27140,1032950,0.128513,22521,1047973,0.130383,28059,2080923,0.258896,8037679
4,2021-03-01,81624,3192571,47762,1691604,33806,1500891,56,76,44878,1042763,0.129734,36373,1084346,0.134908,46186,2127109,0.264642,8037679
4,2021-03-02,90511,3283082,51864,1743468,38636,1539527,11,87,52817,1059955,0.131873,37477,1121823,0.139571,54669,2181778,0.271444,8037679
4,2021-03-03,104411,3387493,55460,1798928,48931,1588458,20,107,58041,1073687,0.133582,46127,1167950,0.145309,59859,2241637,0.278891,8037679
4,2021-03-04,102677,3490170,57173,1856101,45485,1633943,19,126,55814,1084719,0.134954,46599,1214549,0.151107,57631,2299268,0.286061,8037679
4,2021-03-05,98794,3588964,53286,1909387,45180,1679123,328,454,57756,1103979,0.13735,40785,1255334,0.156181,60045,2359313,0.293532,8037679
4,2021-03-06,77734,3666698,43776,1953163,31307,1710430,2651,3105,47486,1125315,0.140005,30104,1285438,0.159927,51440,2410753,0.299931,8037679
4,2021-03-07,45271,3711969,27724,1980887,15322,1725752,2225,5330,26372,1136153,0.141353,18807,1304245,0.162266,29645,2440398,0.30362,8037679
4,2021-03-08,68785,3780754,35916,2016803,29455,1755207,3414,8744,45079,1162363,0.144614,23559,1327804,0.165197,49769,2490167,0.309812,8037679
4,2021-03-09,82875,3863629,41830,2058633,35737,1790944,5308,14052,44642,1175278,0.146221,38031,1365835,0.169929,50946,2541113,0.31615,8037679
4,2021-03-10,92859,3956488,47886,2106519,37397,1828341,7576,21628,46664,1184373,0.147353,45968,1411803,0.175648,55063,2596176,0.323001,8037679
4,2021-03-11,101856,4058344,53387,2159906,39909,1868250,8560,30188,46953,1186187,0.147578,54616,1466419,0.182443,56430,2652606,0.330021,8037679
4,2021-03-12,105678,4164022,52015,2211921,43266,1911516,10397,40585,45195,1182295,0.147094,60174,1526593,0.18993,56282,2708888,0.337024,8037679
4,2021-03-13,82292,4246314,38099,2250020,35638,1947154,8555,49140,38913,1187476,0.147739,43228,1569821,0.195308,48409,2757297,0.343046,8037679
4,2021-03-14,50226,4296540,28605,2278625,17963,1965117,3658,52798,23469,1188495,0.147865,26652,1596473,0.198624,27671,2784968,0.346489,8037679
4,2021-03-15,84430,4380970,45416,2324041,34701,1999818,4313,57111,42792,1195015,0.148677,41332,1637805,0.203766,47852,2832820,0.352443,8037679
4,2021-03-16,108763,4489733,56586,2380627,48725,2048543,3452,60563,57098,1204795,0.149893,51385,1689190,0.210159,61165,2893985,0.360052,8037679
4,2021-03-17,108298,4598031,58302,2438929,46471,2095014,3525,64088,63169,1227122,0.152671,44830,1734020,0.215736,67157,2961142,0.368408,8037679
4,2021-03-18,108140,4706171,60000,2498929,44406,2139420,3734,67822,60989,1245345,0.154938,46852,1780872,0.221565,65075,3026217,0.376504,8037679
4,2021-03-19,112602,4818773,64786,2563715,42566,2181986,5250,73072,63723,1266061,0.157516,48568,1829440,0.227608,69284,3095501,0.385124,8037679
4,2021-03-20,85018,4903791,49771,2613486,32196,2214182,3051,76123,51806,1288156,0.160265,33016,1862456,0.231716,55111,3150612,0.39198,8037679
4,2021-03-21,48660,4952451,35266,2648752,11132,2225314,2262,78385,28344,1298911,0.161603,20168,1882624,0.234225,30923,3181535,0.395828,8037679
4,2021-03-22,83370,5035821,54395,2703147,26219,2251533,2756,81141,51386,1322021,0.164478,31702,1914326,0.238169,54812,3236347,0.402647,8037679
4,2021-03-23,106014,5141835,63484,2766631,40358,2291891,2172,83313,62080,1343161,0.167108,43633,1957959,0.243598,64773,3301120,0.410706,8037679
4,2021-03-24,114684,5256519,73946,2840577,38287,2330178,2451,85764,63734,1359268,0.169112,50477,2008436,0.249878,66584,3367704,0.41899,8037679
4,2021-03-25,118369,5374888,72815,2913392,43099,2373277,2455,88219,66326,1376977,0.171315,51532,2059968,0.256289,69241,3436945,0.427604,8037679
4,2021-03-26,121087,5495975,73404,2986796,44624,2417901,3059,91278,65188,1390284,0.172971,55489,2115457,0.263193,68796,3505741,0.436163,8037679
4,2021-03-27,92972,5588947,54779,3041575,36374,2454275,1819,93097,46814,1393487,0.173369,45881,2161338,0.268901,49084,3554825,0.44227,8037679
4,2021-03-28,56362,5645309,37246,3078821,18236,2472511,880,93977,29649,1397861,0.173914,26519,2187857,0.2722,30893,3585718,0.446114,8037679
4,2021-03-29,94828,5740137,56776,3135597,35941,2508452,2111,96088,50685,1407356,0.175095,43843,2231700,0.277655,53338,3639056,0.45275,8037679
4,2021-03-30,118421,5858558,64635,3200232,49581,2558033,4205,100293,69616,1433026,0.178289,48523,2280223,0.283692,74193,3713249,0.46198,8037679
4,2021-03-31,122166,5980724,72079,3272311,43747,2601780,6340,106633,68034,1453817,0.180875,53736,2333959,0.290377,74527,3787776,0.471252,8037679
4,2021-04-01,143905,6124629,81989,3354300,48506,2650286,13410,120043,84356,1492334,0.185667,58988,2392947,0.297716,97505,3885281,0.483383,8037679
4,2021-04-02,137787,6262416,73612,3427912,50503,2700789,13672,133715,79190,1526905,0.189968,58267,2451214,0.304965,92838,3978119,0.494934,8037679
4,2021-04-03,101850,6364266,54430,3482342,33898,2734687,13522,147237,53080,1544899,0.192207,48543,2499757,0.311005,66537,4044656,0.503212,8037679
4,2021-04-04,47151,6411417,24901,3507243,14697,2749384,7553,154790,20534,1546296,0.192381,26495,2526252,0.314301,27892,4072548,0.506682,8037679
4,2021-04-05,110590,6522007,62047,3569290,35589,2784973,12954,167744,57295,1563850,0.194565,53036,2579288,0.3209,70590,4143138,0.515464,8037679
4,2021-04-06,139933,6661940,78738,3648028,41275,2826248,19920,187664,72455,1589360,0.197739,67212,2646500,0.329262,92722,4235860,0.527,8037679
4,2021-04-07,138613,6800553,78555,3726583,39202,2865450,20856,208520,71602,1615144,0.200947,66723,2713223,0.337563,92507,4328367,0.53851,8037679
4,2021-04-08,141106,6941659,78625,3805208,36870,2902320,25611,234131,70304,1640820,0.204141,70467,2783690,0.34633,96143,4424510,0.550471,8037679
4,2021-04-09,138696,7080355,75998,3881206,39495,2941815,23203,257334,66206,1658735,0.20637,72203,2855893,0.355313,90118,4514628,0.561683,8037679
4,2021-04-10,104479,7184834,51494,3932700,33954,2975769,19031,276365,47158,1668660,0.207605,57085,2912978,0.362415,67010,4581638,0.57002,8037679
4,2021-04-11,63025,7247859,38250,3970950,13514,2989283,11261,287626,27573,1673081,0.208155,35325,2948303,0.36681,39746,4621384,0.574965,8037679
4,2021-04-12,103580,7351439,62920,4033870,30353,3019636,10307,297933,52130,1685541,0.209705,51117,2999420,0.37317,63577,4684961,0.582875,8037679
4,2021-04-13,131260,7482699,82379,4116249,48711,3068347,170,298103,78364,1712369,0.213043,52572,3051992,0.379711,79400,4764361,0.592753,8037679
4,2021-04-14,136795,7619494,87287,4203536,49427,3117774,81,298184,75595,1728432,0.215041,60846,3112838,0.387281,76909,4841270,0.602322,8037679
4,2021-04-15,156941,7776435,104327,4307863,52536,3170310,78,298262,95895,1764580,0.219539,60620,3173458,0.394823,96768,4938038,0.614361,8037679
4,2021-04-16,144306,7920741,91444,4399307,52781,3223091,81,298343,83558,1788557,0.222522,60389,3233847,0.402336,84366,5022404,0.624857,8037679
4,2021-04-17,101966,8022707,64006,4463313,37932,3261023,28,298371,59569,1807230,0.224845,42092,3275939,0.407573,60765,5083169,0.632418,8037679
4,2021-04-18,57337,8080044,38814,4502127,18518,3279541,5,298376,32163,1815344,0.225854,25019,3300958,0.410685,33133,5116302,0.63654,8037679
4,2021-04-19,101684,8181728,66963,4569090,34699,3314240,22,298398,51381,1817317,0.2261,50033,3350991,0.41691,52006,5168308,0.64301,8037679
4,2021-04-20,132011,8313739,78586,4647676,53404,3367644,21,298419,68272,1823331,0.226848,63374,3414365,0.424795,69388,5237696,0.651643,8037679
4,2021-04-21,135215,8448954,88246,4735922,46906,3414550,63,298482,67904,1825562,0.227126,66862,3481227,0.433113,69093,5306789,0.660239,8037679
4,2021-04-22,142326,8591280,94441,4830363,47860,3462410,25,298507,63425,1811695,0.2254,78461,3559688,0.442875,64594,5371383,0.668275,8037679
4,2021-04-23,135744,8727024,88325,4918688,47393,3509803,26,298533,58722,1795024,0.223326,76626,3636314,0.452408,59955,5431338,0.675735,8037679
4,2021-04-24,99347,8826371,67062,4985750,32233,3542036,52,298585,45647,1788427,0.222505,53381,3689695,0.45905,46784,5478122,0.681555,8037679
4,2021-04-25,50599,8876970,35669,5021419,14904,3556940,26,298611,26376,1791230,0.222854,24062,3713757,0.462043,26865,5504987,0.684898,8037679
4,2021-04-26,92567,8969537,60730,5082149,31434,3588374,403,299014,36275,1773297,0.220623,55959,3769716,0.469006,38026,5543013,0.689629,8037679
4,2021-04-27,114418,9083955,69951,5152100,42137,3630511,2330,301344,41095,1744551,0.217047,72981,3842697,0.478085,44235,5587248,0.695132,8037679
4,2021-04-28,105044,9188999,68603,5220703,33891,3664402,2550,303894,38321,1719747,0.213961,66351,3909048,0.48634,41547,5628795,0.700301,8037679
4,2021-04-29,106465,9295464,67993,5288696,35928,3700330,2544,306438,34286,1685381,0.209685,71802,3980850,0.495274,37436,5666231,0.704959,8037679
4,2021-04-30,106171,9401635,67241,5355937,36210,3736540,2720,309158,36408,1655840,0.20601,69336,4050186,0.5039,39795,5706026,0.70991,8037679
4,2021-05-01,70093,9471728,46503,5402440,21800,3758340,1790,310948,20433,1629350,0.202714,49344,4099530,0.510039,22854,5728880,0.712753,8037679
4,2021-05-02,37848,9509576,26863,5429303,9686,3768026,1299,312247,10593,1614257,0.200836,27124,4126654,0.513414,12031,5740911,0.71425,8037679
4,2021-05-03,79660,9589236,55550,5484853,21606,3789632,2504,314751,19269,1576276,0.196111,60111,4186765,0.520892,22130,5763041,0.717003,8037679
4,2021-05-04,101862,9691098,69720,5554573,29354,3818986,2788,317539,22704,1523326,0.189523,78826,4265591,0.530699,25876,5788917,0.720222,8037679
4,2021-05-05,102720,9793818,72405,5626978,27556,3846542,2759,320298,21859,1467749,0.182609,80499,4346090,0.540715,24922,5813839,0.723323,8037679
4,2021-05-06,112518,9906336,84306,5711284,25257,3871799,2955,323253,19646,1399113,0.174069,92359,4438449,0.552205,23723,5837562,0.726275,8037679
4,2021-05-07,105430,10011766,75786,5787070,26953,3898752,2691,325944,20713,1338613,0.166542,84315,4522764,0.562695,23815,5861377,0.729238,8037679
4,2021-05-08,70190,10081956,48411,5835481,19844,3918596,1935,327879,13825,1298602,0.161564,56116,4578880,0.569677,16105,5877482,0.731241,8037679
4,2021-05-09,34498,10116454,28220,5863701,5327,3923923,951,328830,7415,1280094,0.159262,26967,4605847,0.573032,8459,5885941,0.732294,8037679
4,2021-05-10,65430,10181884,43808,5907509,19287,3943210,2335,331165,11051,1239635,0.154228,54141,4659988,0.579768,13682,5899623,0.733996,8037679
4,2021-05-11,83654,10265538,52363,5959872,29091,3972301,2200,333365,15864,1190719,0.148142,67523,4727511,0.588169,18607,5918230,0.736311,8037679
4,2021-05-12,80131,10345669,53284,6013156,24366,3996667,2481,335846,16630,1147098,0.142715,63182,4790693,0.596029,19561,5937791,0.738744,8037679
4,2021-05-13,105146,10450815,77378,6090534,26228,4022895,1540,337386,40662,1126226,0.140118,64130,4854823,0.604008,43258,5981049,0.744126,8037679
4,2021-05-14,105494,10556309,74454,6164988,28904,4051799,2136,339522,40549,1104856,0.13746,64595,4919418,0.612045,43225,6024274,0.749504,8037679
4,2021-05-15,86072,10642381,66533,6231521,18200,4069999,1339,340861,37932,1096551,0.136426,47877,4967295,0.618001,39572,6063846,0.754427,8037679
4,2021-05-16,51848,10694229,41769,6273290,9360,4079359,719,341580,21254,1088235,0.135392,30433,4997728,0.621787,22117,6085963,0.757179,8037679
4,2021-05-17,71432,10765661,52195,6325485,17391,4096750,1846,343426,28186,1075482,0.133805,43023,5040751,0.62714,30270,6116233,0.760945,8037679
4,2021-05-18,82121,10847782,53383,6378868,26983,4123733,1755,345181,29311,1054489,0.131193,52433,5093184,0.633664,31440,6147673,0.764857,8037679
4,2021-05-19,77184,10924966,52158,6431026,23072,4146805,1954,347135,30966,1041799,0.129614,45894,5139078,0.639373,33204,6180877,0.768988,8037679
4,2021-05-20,69418,10994384,44630,6475656,22784,4169589,2004,349139,25716,1026471,0.127707,43397,5182475,0.644773,28069,6208946,0.77248,8037679
4,2021-05-21,74144,11068528,48869,6524525,23388,4192977,1887,351026,26100,1007006,0.125286,47718,5230193,0.650709,28253,6237199,0.775995,8037679
4,2021-05-22,50188,11118716,35204,6559729,13707,4206684,1277,352303,21771,1002051,0.124669,28243,5258436,0.654223,23288,6260487,0.778892,8037679
4,2021-05-23,24004,11142720,17120,6576849,6159,4212843,725,353028,9732,998476,0.124224,14144,5272580,0.655983,10569,6271056,0.780207,8037679
4,2021-05-24,43297,11186017,27526,6604375,12754,4225597,3017,356045,15141,988913,0.123035,27922,5300502,0.659457,18359,6289415,0.782491,8037679
4,2021-05-25,45165,11231182,28091,6632466,14237,4239834,2837,358882,15961,978991,0.1218,28946,5329448,0.663058,19024,6308439,0.784858,8037679
4,2021-05-26,44916,11276098,26931,6659397,15372,4255206,2613,361495,15950,968998,0.120557,28728,5358176,0.666632,18735,6327174,0.787189,8037679
4,2021-05-27,39105,11315203,23455,6682852,12504,4267710,3146,364641,14724,962867,0.119794,24166,5382342,0.669639,18035,6345209,0.789433,8037679
4,2021-05-28,43592,11358795,27735,6710587,14244,4281954,1613,366254,18955,959301,0.11935,24352,5406694,0.672669,20786,6365995,0.792019,8037679
4,2021-05-29,23772,11382567,15416,6726003,7421,4289375,935,367189,10876,958506,0.119252,12739,5419433,0.674253,11944,6377939,0.793505,8037679
4,2021-05-30,12107,11394674,8501,6734504,3076,4292451,530,367719,5015,957103,0.119077,7015,5426448,0.675126,5612,6383551,0.794203,8037679
4,2021-05-31,3636,11398310,2312,6736816,1160,4293611,164,367883,1161,956034,0.118944,2415,5428863,0.675427,1346,6384897,0.794371,8037679
4,2021-06-01,39644,11437954,24635,6761451,12553,4306164,2456,370339,13054,945409,0.117622,26350,5455213,0.678705,15725,6400622,0.796327,8037679
4,2021-06-02,32767,11470721,20453,6781904,9499,4315663,2815,373154,10921,937636,0.116655,21653,5476866,0.681399,13880,6414502,0.798054,8037679
4,2021-06-03,48329,11519050,37072,6818976,8791,4324454,2466,375620,10410,913092,0.113601,37734,5514600,0.686094,13190,6427692,0.799695,8037679
4,2021-06-04,55008,11574058,44282,6863258,9396,4333850,1330,376950,12743,885966,0.110227,42012,5556612,0.69132,14886,6442578,0.801547,8037679
4,2021-06-05,44992,11619050,38524,6901782,5471,4339321,997,377947,8766,859965,0.106992,36066,5592678,0.695808,10065,6452643,0.802799,8037679
4,2021-06-06,21270,11640320,18973,6920755,1732,4341053,565,378512,3916,847602,0.105454,17243,5609921,0.697953,4880,6457523,0.803406,8037679
4,2021-06-07,38884,11679204,31464,6952219,5484,4346537,1936,380448,8489,828066,0.103023,30253,5640174,0.701717,10717,6468240,0.80474,8037679
4,2021-06-08,40678,11719882,31908,6984127,6221,4352758,2549,382997,9417,809311,0.10069,31062,5671236,0.705581,12307,6480547,0.806271,8037679
4,2021-06-09,39004,11758886,30915,7015042,5720,4358478,2369,385366,7923,789055,0.09817,30902,5702138,0.709426,10646,6491193,0.807595,8037679
4,2021-06-10,37228,11796114,29331,7044373,5272,4363750,2625,387991,8403,771689,0.096009,28657,5730795,0.712991,11291,6502484,0.809,8037679
4,2021-06-11,38420,11834534,30152,7074525,6252,4370002,2016,390007,9888,755585,0.094005,28359,5759154,0.71652,12255,6514739,0.810525,8037679
4,2021-06-12,26635,11861169,22148,7096673,3771,4373773,716,390723,6031,742060,0.092323,20492,5779646,0.719069,6967,6521706,0.811392,8037679
4,2021-06-13,10854,11872023,8576,7105249,1800,4375573,478,391201,2272,736406,0.091619,8513,5788159,0.720128,2859,6524565,0.811747,8037679
4,2021-06-14,28658,11900681,21439,7126688,4412,4379985,2807,394008,7802,726521,0.090389,20711,5808870,0.722705,10826,6535391,0.813094,8037679
4,2021-06-15,30084,11930765,21266,7147954,5406,4385391,3412,397420,8319,716920,0.089195,21584,5830454,0.72539,11983,6547374,0.814585,8037679
4,2021-06-16,26715,11957480,20136,7168090,3952,4389343,2627,400047,8052,709333,0.088251,18475,5848929,0.727689,10888,6558262,0.81594,8037679
4,2021-06-17,25213,11982693,18615,7186705,3701,4393044,2897,402944,7632,702669,0.087422,17386,5866315,0.729852,10722,6568984,0.817274,8037679
4,2021-06-18,26772,12009465,21105,7207810,4431,4397475,1236,404180,8237,694066,0.086352,18324,5884639,0.732132,9721,6578705,0.818483,8037679
4,2021-06-19,15789,12025254,12772,7220582,2310,4399785,707,404887,5066,689436,0.085776,10574,5895213,0.733447,5944,6584649,0.819223,8037679
4,2021-06-20,7371,12032625,6068,7226650,996,4400781,307,405194,2619,687754,0.085566,4692,5899905,0.734031,3010,6587659,0.819597,8037679
4,2021-06-21,14613,12047238,10558,7237208,2911,4403692,1144,406338,7333,689205,0.085747,7187,5907092,0.734925,8638,6596297,0.820672,8037679
4,2021-06-22,20526,12067764,15985,7253193,3462,4407154,1079,407417,7107,684259,0.085131,13283,5920375,0.736578,8337,6604634,0.821709,8037679
4,2021-06-23,18443,12086207,14468,7267661,2977,4410131,998,408415,6716,680513,0.084665,11585,5931960,0.738019,7839,6612473,0.822684,8037679
4,2021-06-24,17624,12103831,13629,7281290,3005,4413136,990,409405,6569,677310,0.084267,10898,5942858,0.739375,7695,6620168,0.823642,8037679
4,2021-06-25,21622,12125453,16981,7298271,3591,4416727,1050,410455,7815,672683,0.083691,13662,5956520,0.741075,9035,6629203,0.824766,8037679
4,2021-06-26,13107,12138560,10668,7308939,1820,4418547,619,411074,4821,670073,0.083366,8160,5964680,0.74209,5550,6634753,0.825456,8037679
4,2021-06-27,6867,12145427,5560,7314499,965,4419512,342,411416,2886,669417,0.083285,3939,5968619,0.74258,3283,6638036,0.825865,8037679
4,2021-06-28,15105,12160532,12678,7327177,1569,4421081,858,412274,6052,667501,0.083046,8953,5977572,0.743694,7037,6645073,0.82674,8037679
4,2021-06-29,16500,12177032,12800,7339977,2888,4423969,812,413086,6353,664765,0.082706,10023,5987595,0.744941,7287,6652360,0.827647,8037679
4,2021-06-30,14621,12191653,11398,7351375,2485,4426454,738,413824,6065,663265,0.082519,8421,5996016,0.745988,6921,6659281,0.828508,8037679
4,2021-07-01,14531,12206184,11447,7362822,2335,4428789,749,414573,5961,661668,0.082321,8444,6004460,0.747039,6847,6666128,0.82936,8037679
4,2021-07-02,16830,12223014,13340,7376162,2721,4431510,769,415342,6886,659612,0.082065,9838,6014298,0.748263,7782,6673910,0.830328,8037679
4,2021-07-03,9189,12232203,7293,7383455,1486,4432996,410,415752,3976,658922,0.081979,5133,6019431,0.748902,4443,6678353,0.830881,8037679
4,2021-07-04,445,12232648,279,7383734,106,4433102,60,415812,197,658948,0.081982,242,6019673,0.748932,268,6678621,0.830914,8037679
4,2021-07-05,9187,12241835,7470,7391204,1301,4434403,416,416228,4162,658628,0.081943,4947,6024620,0.749547,4627,6683248,0.83149,8037679
4,2021-07-06,16478,12258313,12977,7404181,2700,4437103,801,417029,6065,655318,0.081531,10286,6034906,0.750827,6976,6690224,0.832358,8037679
4,2021-07-07,13755,12272068,10730,7414911,2245,4439348,780,417809,5183,652943,0.081235,8460,6043366,0.751879,6085,6696309,0.833115,8037679
4,2021-07-08,13216,12285284,10317,7425228,2069,4441417,830,418639,5178,651128,0.081009,7913,6051279,0.752864,6098,6702407,0.833873,8037679
4,2021-07-09,15428,12300712,11830,7437058,2662,4444079,936,419575,6265,649433,0.080799,9013,6060292,0.753985,7318,6709725,0.834784,8037679
4,2021-07-10,8848,12309560,7001,7444059,1446,4445525,401,419976,3720,648572,0.080691,5042,6065334,0.754613,4181,6713906,0.835304,8037679
4,2021-07-11,4977,12314537,3982,7448041,794,4446319,201,420177,2227,648325,0.080661,2705,6068039,0.754949,2458,6716364,0.83561,8037679
4,2021-07-12,13032,12327569,10322,7458363,1990,4448309,720,420897,5053,646299,0.080409,7900,6075939,0.755932,5874,6722238,0.836341,8037679
4,2021-07-13,12839,12340408,9824,7468187,2377,4450686,638,421535,5460,645218,0.080274,7274,6083213,0.756837,6193,6728431,0.837111,8037679
4,2021-07-14,11736,12352144,9232,7477419,1948,4452634,556,422091,5075,644350,0.080166,6567,6089780,0.757654,5699,6734130,0.83782,8037679
4,2021-07-15,12420,12364564,9862,7487281,1969,4454603,589,422680,5638,643995,0.080122,6657,6096437,0.758482,6302,6740432,0.838604,8037679
4,2021-07-16,15008,12379572,11711,7498992,2630,4457233,667,423347,6924,643713,0.080087,7981,6104418,0.759475,7699,6748131,0.839562,8037679
4,2021-07-17,9357,12388929,7400,7506392,1632,4458865,325,423672,4427,643677,0.080082,4831,6109249,0.760076,4795,6752926,0.840159,8037679
4,2021-07-18,5359,12394288,4316,7510708,842,4459707,201,423873,2533,643665,0.080081,2767,6112016,0.760421,2755,6755681,0.840501,8037679
4,2021-07-19,12816,12407104,10153,7520861,2007,4461714,656,424529,6083,643843,0.080103,6639,6118655,0.761246,6817,6762498,0.84135,8037679
4,2021-07-20,13774,12420878,10615,7531476,2495,4464209,664,425193,6796,644553,0.080191,6832,6125487,0.762096,7542,6770040,0.842288,8037679
4,2021-07-21,12830,12433708,9950,7541426,2231,4466440,649,425842,6385,645336,0.080289,6308,6131795,0.762881,7091,6777131,0.84317,8037679
4,2021-07-22,13493,12447201,10528,7551954,2307,4468747,658,426500,7028,646755,0.080465,6330,6138125,0.763669,7749,6784880,0.844134,8037679
4,2021-07-23,15726,12462927,12129,7564083,2904,4471651,693,427193,8256,648492,0.080682,7300,6145425,0.764577,9037,6793917,0.845259,8037679
4,2021-07-24,9583,12472510,7504,7571587,1752,4473403,327,427520,4942,649306,0.080783,4505,6149930,0.765138,5319,6799236,0.84592,8037679
4,2021-07-25,4765,12477275,3747,7575334,860,4474263,158,427678,3357,651486,0.081054,1350,6151280,0.765306,3530,6802766,0.84636,8037679
4,2021-07-26,12984,12490259,10165,7585499,2138,4476401,681,428359,7564,654509,0.08143,5277,6156557,0.765962,8300,6811066,0.847392,8037679
4,2021-07-27,14334,12504593,10990,7596489,2585,4478986,759,429118,7743,656616,0.081692,6435,6162992,0.766763,8542,6819608,0.848455,8037679
4,2021-07-28,13217,12517810,10086,7606575,2428,4481414,703,429821,7336,658999,0.081989,5712,6168704,0.767473,8095,6827703,0.849462,8037679
4,2021-07-29,13484,12531294,10486,7617061,2284,4483698,714,430535,7569,661671,0.082321,5689,6174393,0.768181,8361,6836064,0.850502,8037679
4,2021-07-30,15799,12547093,12104,7629165,2892,4486590,803,431338,8581,664301,0.082648,6856,6181249,0.769034,9486,6845550,0.851682,8037679
4,2021-07-31,9754,12556847,7610,7636775,1720,4488310,424,431762,5517,666244,0.08289,4038,6185287,0.769536,5981,6851531,0.852427,8037679
4,2021-08-01,5429,12562276,4483,7641258,777,4489087,169,431931,3207,667537,0.083051,2117,6187404,0.7698,3410,6854941,0.852851,8037679
4,2021-08-02,14068,12576344,11234,7652492,2094,4491181,740,432671,8216,670920,0.083472,5642,6193046,0.770502,9025,6863966,0.853974,8037679
4,2021-08-03,14678,12591022,11281,7663773,2634,4493815,763,433434,8444,674193,0.083879,6009,6199055,0.771249,9282,6873248,0.855128,8037679
4,2021-08-04,13381,12604403,10426,7674199,2266,4496081,689,434123,7572,676898,0.084216,5597,6204652,0.771946,8302,6881550,0.856161,8037679
4,2021-08-05,14346,12618749,11325,7685524,2255,4498336,766,434889,8068,679758,0.084571,6025,6210677,0.772695,8885,6890435,0.857267,8037679
4,2021-08-06,17223,12635972,13221,7698745,3133,4501469,869,435758,9600,682993,0.084974,7303,6217980,0.773604,10538,6900973,0.858578,8037679
4,2021-08-07,10185,12646157,8097,7706842,1648,4503117,440,436198,5559,684587,0.085172,4446,6222426,0.774157,6040,6907013,0.859329,8037679
4,2021-08-08,6244,12652401,4966,7711808,1076,4504193,202,436400,3605,685921,0.085338,2503,6224929,0.774468,3837,6910850,0.859807,8037679
4,2021-08-09,14617,12667018,11843,7723651,2032,4506225,742,437142,7826,688003,0.085597,6564,6231493,0.775285,8646,6919496,0.860882,8037679
4,2021-08-10,14839,12681857,11425,7735076,2650,4508875,764,437906,7835,689912,0.085835,6755,6238248,0.776126,8664,6928160,0.86196,8037679
4,2021-08-11,12586,12694443,9648,7744724,2174,4511049,764,438670,6562,691506,0.086033,5763,6244011,0.776843,7357,6935517,0.862876,8037679
4,2021-08-12,14132,12708575,10769,7755493,2606,4513655,757,439427,7283,693082,0.086229,6510,6250521,0.777652,8086,6943603,0.863882,8037679
4,2021-08-13,17750,12726325,13151,7768644,3700,4517355,899,440326,8748,694462,0.086401,8338,6258859,0.77869,9718,6953321,0.865091,8037679
4,2021-08-14,12253,12738578,8749,7777393,2998,4520353,506,440832,5581,695637,0.086547,4976,6263835,0.779309,6151,6959472,0.865856,8037679
4,2021-08-15,7473,12746051,5461,7782854,1790,4522143,222,441054,3307,696297,0.086629,2913,6266748,0.779671,3573,6963045,0.8663,8037679
4,2021-08-16,18114,12764165,12548,7795402,4703,4526846,863,441917,7506,697280,0.086751,7467,6274215,0.7806,8450,6971495,0.867352,8037679
4,2021-08-17,18388,12782553,12515,7807917,5025,4531871,848,442765,7300,698033,0.086845,7475,6281690,0.78153,8228,6979723,0.868375,8037679
4,2021-08-18,17992,12800545,12123,7820040,5092,4536963,777,443542,6863,698782,0.086938,6967,6288657,0.782397,7716,6987439,0.869335,8037679
4,2021-08-19,18260,12818805,12173,7832213,5316,4542279,771,444313,6781,699621,0.087043,6794,6295451,0.783242,7633,6995072,0.870285,8037679
4,2021-08-20,22895,12841700,15532,7847745,6566,4548845,797,445110,8187,699667,0.087048,9051,6304502,0.784368,9097,7004169,0.871417,8037679
4,2021-08-21,14467,12856167,10107,7857852,3972,4552817,388,445498,4877,699263,0.086998,5735,6310237,0.785082,5331,7009500,0.87208,8037679
4,2021-08-22,8457,12864624,6016,7863868,2294,4555111,147,445645,3354,699695,0.087052,3117,6313354,0.78547,3549,7013049,0.872522,8037679
4,2021-08-23,8085,12872709,5386,7869254,2095,4557206,604,446249,2579,699591,0.087039,3356,6316710,0.785887,3252,7016301,0.872926,8037679
