vemquartile,administered_date,total_doses,cumulative_total_doses,pfizer_doses,cumulative_pfizer_doses,moderna_doses,cumulative_moderna_doses,jj_doses,cumulative_jj_doses,partially_vaccinated,total_partially_vaccinated,pct_age12pop_partially_vaccinated,fully_vaccinated,cumulative_fully_vaccinated,pct_age12pop_fully_vaccinated,at_least_one_dose,cumulative_at_least_one_dose,pct_age12pop_at_least_one_dose,age12_population
1,2020-12-15,156,156,156,156,0,0,0,0,156,156,1.8e-05,0,0,0.0,156,156,1.8e-05,8700223
1,2020-12-16,1241,1397,1241,1397,0,0,0,0,1241,1397,0.000161,0,0,0.0,1241,1397,0.000161,8700223
1,2020-12-17,4194,5591,4194,5591,0,0,0,0,4197,5594,0.000643,0,0,0.0,4197,5594,0.000643,8700223
1,2020-12-18,6403,11994,6379,11970,24,24,0,0,6407,12000,0.001379,1,1,0.0,6407,12001,0.001379,8700223
1,2020-12-19,2891,14885,2888,14858,3,27,0,0,2890,14889,0.001711,1,2,0.0,2890,14891,0.001712,8700223
1,2020-12-20,2143,17028,2133,16991,10,37,0,0,2144,17033,0.001958,0,2,0.0,2144,17035,0.001958,8700223
1,2020-12-21,7704,24732,7683,24674,21,58,0,0,7753,24786,0.002849,1,3,0.0,7754,24789,0.002849,8700223
1,2020-12-22,7368,32100,7023,31697,345,403,0,0,7368,32152,0.003696,2,5,1e-06,7368,32157,0.003696,8700223
1,2020-12-23,7911,40011,6643,38340,1268,1671,0,0,7908,40059,0.004604,2,7,1e-06,7909,40066,0.004605,8700223
1,2020-12-24,3318,43329,2373,40713,945,2616,0,0,3320,43379,0.004986,0,7,1e-06,3320,43386,0.004987,8700223
1,2020-12-25,242,43571,158,40871,84,2700,0,0,242,43621,0.005014,0,7,1e-06,242,43628,0.005015,8700223
1,2020-12-26,1375,44946,980,41851,395,3095,0,0,1374,44994,0.005172,1,8,1e-06,1374,45002,0.005173,8700223
1,2020-12-27,879,45825,545,42396,334,3429,0,0,879,45872,0.005273,1,9,1e-06,879,45881,0.005274,8700223
1,2020-12-28,7147,52972,4799,47195,2348,5777,0,0,7144,53016,0.006094,0,9,1e-06,7144,53025,0.006095,8700223
1,2020-12-29,9076,62048,5069,52264,4007,9784,0,0,9072,62086,0.007136,2,11,1e-06,9072,62097,0.007137,8700223
1,2020-12-30,11781,73829,6558,58822,5223,15007,0,0,11779,73864,0.00849,1,12,1e-06,11779,73876,0.008491,8700223
1,2020-12-31,6045,79874,1974,60796,4071,19078,0,0,6043,79904,0.009184,4,16,2e-06,6044,79920,0.009186,8700223
1,2021-01-01,620,80494,249,61045,371,19449,0,0,616,80518,0.009255,2,18,2e-06,616,80536,0.009257,8700223
1,2021-01-02,2932,83426,1773,62818,1159,20608,0,0,2932,83450,0.009592,0,18,2e-06,2932,83468,0.009594,8700223
1,2021-01-03,1057,84483,552,63370,505,21113,0,0,1055,84502,0.009713,3,21,2e-06,1055,84523,0.009715,8700223
1,2021-01-04,7429,91912,3623,66993,3806,24919,0,0,7431,91931,0.010567,2,23,3e-06,7431,91954,0.010569,8700223
1,2021-01-05,10977,102889,5286,72279,5691,30610,0,0,10174,101343,0.011648,785,808,9.3e-05,10197,102151,0.011741,8700223
1,2021-01-06,14168,117057,7104,79383,7064,37674,0,0,12222,111673,0.012836,1909,2717,0.000312,12239,114390,0.013148,8700223
1,2021-01-07,17665,134722,9201,88584,8464,46138,0,0,13117,120346,0.013833,4455,7172,0.000824,13128,127518,0.014657,8700223
1,2021-01-08,20268,154990,10518,99102,9750,55888,0,0,14291,128692,0.014792,5961,13133,0.00151,14307,141825,0.016301,8700223
1,2021-01-09,6712,161702,3411,102513,3301,59189,0,0,4838,131667,0.015134,1867,15000,0.001724,4842,146667,0.016858,8700223
1,2021-01-10,3114,164816,1772,104285,1342,60531,0,0,1923,132404,0.015218,1187,16187,0.001861,1924,148591,0.017079,8700223
1,2021-01-11,18227,183043,11907,116192,6320,66851,0,0,11608,137449,0.015798,6608,22795,0.00262,11653,160244,0.018418,8700223
1,2021-01-12,19214,202257,11001,127193,8213,75064,0,0,13186,144679,0.016629,5999,28794,0.00331,13229,173473,0.019939,8700223
1,2021-01-13,19930,222187,10785,137978,9145,84209,0,0,14752,154295,0.017735,5155,33949,0.003902,14771,188244,0.021637,8700223
1,2021-01-14,22244,244431,9565,147543,12679,96888,0,0,19398,170970,0.019651,2784,36733,0.004222,19459,207703,0.023873,8700223
1,2021-01-15,25306,269737,9271,156814,16035,112923,0,0,23347,192463,0.022122,1921,38654,0.004443,23414,231117,0.026564,8700223
1,2021-01-16,13962,283699,4574,161388,9388,122311,0,0,13062,204633,0.02352,896,39550,0.004546,13066,244183,0.028066,8700223
1,2021-01-17,5232,288931,2042,163430,3190,125501,0,0,4855,209115,0.024036,376,39926,0.004589,4858,249041,0.028625,8700223
1,2021-01-18,14405,303336,8642,172072,5763,131264,0,0,11188,217157,0.02496,3203,43129,0.004957,11245,260286,0.029917,8700223
1,2021-01-19,24891,328227,12895,184967,11996,143260,0,0,19597,231539,0.026613,5271,48400,0.005563,19653,279939,0.032176,8700223
1,2021-01-20,29524,357751,14779,199746,14745,158005,0,0,23556,249253,0.028649,5886,54286,0.00624,23600,303539,0.034889,8700223
1,2021-01-21,31413,389164,14793,214539,16620,174625,0,0,28044,274096,0.031504,3304,57590,0.006619,28147,331686,0.038124,8700223
1,2021-01-22,28495,417659,11319,225858,17176,191801,0,0,26397,298494,0.034309,2029,59619,0.006853,26427,358113,0.041161,8700223
1,2021-01-23,18759,436418,8209,234067,10550,202351,0,0,16795,313364,0.036018,1935,61554,0.007075,16805,374918,0.043093,8700223
1,2021-01-24,6711,443129,4174,238241,2537,204888,0,0,6047,318759,0.036638,658,62212,0.007151,6053,380971,0.043789,8700223
1,2021-01-25,25642,468771,10565,248806,15077,219965,0,0,19780,332840,0.038256,5811,68023,0.007819,19892,400863,0.046075,8700223
1,2021-01-26,28966,497737,13561,262367,15405,235370,0,0,22175,348315,0.040035,6728,74751,0.008592,22203,423066,0.048627,8700223
1,2021-01-27,32797,530534,15609,277976,17188,252558,0,0,24569,364812,0.041931,8162,82913,0.00953,24659,447725,0.051461,8700223
1,2021-01-28,35125,565659,16503,294479,18622,271180,0,0,28048,385978,0.044364,7008,89921,0.010335,28174,475899,0.0547,8700223
1,2021-01-29,33874,599533,16529,311008,17345,288525,0,0,27157,406660,0.046741,6572,96493,0.011091,27254,503153,0.057832,8700223
1,2021-01-30,20212,619745,8745,319753,11467,299992,0,0,17982,422530,0.048565,2198,98691,0.011344,18068,521221,0.059909,8700223
1,2021-01-31,7729,627474,5024,324777,2705,302697,0,0,7005,428822,0.049289,716,99407,0.011426,7008,528229,0.060714,8700223
1,2021-02-01,29173,656647,12577,337354,16596,319293,0,0,21298,442308,0.050839,7821,107228,0.012325,21307,549536,0.063163,8700223
1,2021-02-02,32874,689521,11869,349223,21005,340298,0,0,24549,458659,0.052718,8237,115465,0.013271,24588,574124,0.06599,8700223
1,2021-02-03,39797,729318,15309,364532,24488,364786,0,0,28562,476256,0.054741,11065,126530,0.014543,28662,602786,0.069284,8700223
1,2021-02-04,44208,773526,17214,381746,26994,391780,0,0,31773,495831,0.056991,12312,138842,0.015958,31887,634673,0.072949,8700223
1,2021-02-05,47064,820590,17205,398951,29859,421639,0,0,30716,510472,0.058673,16192,155034,0.01782,30833,665506,0.076493,8700223
1,2021-02-06,26666,847256,10544,409495,16122,437761,0,0,20679,525283,0.060376,5940,160974,0.018502,20751,686257,0.078878,8700223
1,2021-02-07,6307,853563,4054,413549,2253,440014,0,0,4649,528314,0.060724,1637,162611,0.01869,4668,690925,0.079415,8700223
1,2021-02-08,31766,885329,14484,428033,17282,457296,0,0,21140,539027,0.061956,10529,173140,0.019901,21242,712167,0.081856,8700223
1,2021-02-09,38684,924013,17001,445034,21683,478979,0,0,23800,548139,0.063003,14802,187942,0.021602,23914,736081,0.084605,8700223
1,2021-02-10,47525,971538,22241,467275,25284,504263,0,0,27003,554850,0.063774,20389,208331,0.023945,27100,763181,0.08772,8700223
1,2021-02-11,52174,1023712,25516,492791,26658,530921,0,0,31020,565158,0.064959,20836,229167,0.02634,31144,794325,0.091299,8700223
1,2021-02-12,50257,1073969,21623,514414,28634,559555,0,0,28829,572872,0.065846,21260,250427,0.028784,28974,823299,0.09463,8700223
1,2021-02-13,26544,1100513,11557,525971,14987,574542,0,0,15331,577143,0.066337,11139,261566,0.030064,15410,838709,0.096401,8700223
1,2021-02-14,11815,1112328,5579,531550,6236,580778,0,0,6713,578853,0.066533,5071,266637,0.030647,6781,845490,0.09718,8700223
1,2021-02-15,24025,1136353,9440,540990,14585,595363,0,0,14600,584270,0.067156,9299,275936,0.031716,14716,860206,0.098872,8700223
1,2021-02-16,47294,1183647,22549,563539,24745,620108,0,0,27498,592183,0.068065,19705,295641,0.033981,27618,887824,0.102046,8700223
1,2021-02-17,48627,1232274,24628,588167,23999,644107,0,0,26126,596121,0.068518,22340,317981,0.036549,26278,914102,0.105067,8700223
1,2021-02-18,51318,1283592,25672,613839,25646,669753,0,0,26512,598327,0.068771,24551,342532,0.03937,26757,940859,0.108142,8700223
1,2021-02-19,46751,1330343,25343,639182,21408,691161,0,0,26145,604092,0.069434,20441,362973,0.04172,26206,967065,0.111154,8700223
1,2021-02-20,27837,1358180,16904,656086,10933,702094,0,0,15863,608135,0.069899,11905,374878,0.043088,15948,983013,0.112987,8700223
1,2021-02-21,12444,1370624,10700,666786,1744,703838,0,0,7464,610736,0.070198,4915,379793,0.043653,7516,990529,0.113851,8700223
1,2021-02-22,31776,1402400,20876,687662,10900,714738,0,0,18254,615678,0.070766,13420,393213,0.045196,18362,1008891,0.115962,8700223
1,2021-02-23,46011,1448411,22352,710014,23659,738397,0,0,25235,620809,0.071356,20471,413684,0.047549,25602,1034493,0.118904,8700223
1,2021-02-24,56067,1504478,27091,737105,28976,767373,0,0,30806,627072,0.072075,25003,438687,0.050423,31266,1065759,0.122498,8700223
1,2021-02-25,68703,1573181,33353,770458,35350,802723,0,0,42455,644015,0.074023,26014,464701,0.053413,42957,1108716,0.127435,8700223
1,2021-02-26,76742,1649923,35930,806388,40812,843535,0,0,50095,668254,0.076809,26341,491042,0.05644,50580,1159296,0.133249,8700223
1,2021-02-27,52831,1702754,24248,830636,28572,872107,11,11,34646,685214,0.078758,17968,509010,0.058505,34928,1194224,0.137264,8700223
1,2021-02-28,20291,1723045,12044,842680,8245,880352,2,13,14849,694858,0.079867,5351,514361,0.05912,14995,1209219,0.138987,8700223
1,2021-03-01,46343,1769388,21426,864106,24856,905208,61,74,29751,708520,0.081437,16398,530759,0.061005,30060,1239279,0.142442,8700223
1,2021-03-02,64952,1834340,28085,892191,36855,942063,12,86,41299,727017,0.083563,23462,554221,0.063702,41959,1281238,0.147265,8700223
1,2021-03-03,72241,1906581,34366,926557,37844,979907,31,117,43909,743468,0.085454,28103,582324,0.066932,44554,1325792,0.152386,8700223
1,2021-03-04,80226,1986807,37633,964190,42556,1022463,37,154,51408,766867,0.088143,28563,610887,0.070215,51962,1377754,0.158358,8700223
1,2021-03-05,79268,2066075,35730,999920,43330,1065793,208,362,52830,794426,0.091311,26129,637016,0.073218,53688,1431442,0.164529,8700223
1,2021-03-06,58101,2124176,27623,1027543,29128,1094921,1350,1712,39319,816821,0.093885,18636,655652,0.07536,41031,1472473,0.169245,8700223
1,2021-03-07,21013,2145189,13059,1040602,6758,1101679,1196,2908,15537,828351,0.09521,5449,661101,0.075987,16979,1489452,0.171197,8700223
1,2021-03-08,46162,2191351,22539,1063141,21662,1123341,1961,4869,32328,849248,0.097612,13724,674825,0.077564,34621,1524073,0.175176,8700223
1,2021-03-09,66933,2258284,32379,1095520,32038,1155379,2516,7385,41174,867689,0.099732,25579,700404,0.080504,44020,1568093,0.180236,8700223
1,2021-03-10,74270,2332554,37005,1132525,32764,1188143,4501,11886,45730,889872,0.102282,28402,728806,0.083769,50585,1618678,0.18605,8700223
1,2021-03-11,90474,2423028,41623,1174148,40836,1228979,8015,19901,52655,913421,0.104988,37564,766370,0.088086,61113,1679791,0.193074,8700223
1,2021-03-12,99361,2522389,43790,1217938,43119,1272098,12452,32353,57964,943101,0.1084,41158,807528,0.092817,70838,1750629,0.201217,8700223
1,2021-03-13,65475,2587864,29575,1247513,28195,1300293,7705,40058,41688,969142,0.111393,23645,831173,0.095535,49686,1800315,0.206927,8700223
1,2021-03-14,27952,2615816,14948,1262461,9436,1309729,3568,43626,15656,976326,0.112219,12218,843391,0.096939,19402,1819717,0.209158,8700223
1,2021-03-15,65388,2681204,28842,1291303,29793,1339522,6753,50379,38437,995135,0.11438,26718,870109,0.10001,45527,1865244,0.21439,8700223
1,2021-03-16,85953,2767157,39175,1330478,41115,1380637,5663,56042,53224,1021863,0.117453,32496,902605,0.103745,59224,1924468,0.221198,8700223
1,2021-03-17,93389,2860546,45584,1376062,41259,1421896,6546,62588,60061,1055742,0.121347,33071,935676,0.107546,66950,1991418,0.228893,8700223
1,2021-03-18,99068,2959614,51106,1427168,42236,1464132,5726,68314,59872,1082998,0.124479,38822,974498,0.112008,66078,2057496,0.236488,8700223
1,2021-03-19,103975,3063589,53822,1480990,43847,1507979,6306,74620,60670,1107490,0.127294,42990,1017488,0.11695,67482,2124978,0.244244,8700223
1,2021-03-20,72965,3136554,37366,1518356,30377,1538356,5222,79842,46871,1133954,0.130336,25896,1043384,0.119926,52360,2177338,0.250262,8700223
1,2021-03-21,27394,3163948,19086,1537442,6498,1544854,1810,81652,17044,1142644,0.131335,10250,1053634,0.121104,18940,2196278,0.252439,8700223
1,2021-03-22,59397,3223345,30673,1568115,25417,1570271,3307,84959,39926,1167007,0.134135,19236,1072870,0.123315,43599,2239877,0.257451,8700223
1,2021-03-23,83630,3306975,42591,1610706,37404,1607675,3635,88594,51259,1190248,0.136807,32104,1104974,0.127005,55345,2295222,0.263812,8700223
1,2021-03-24,88580,3395555,44819,1655525,39388,1647063,4373,92967,52753,1212010,0.139308,35519,1140493,0.131088,57281,2352503,0.270396,8700223
1,2021-03-25,97467,3493022,49881,1705406,41736,1688799,5850,98817,53944,1228830,0.141241,43178,1183671,0.136051,59998,2412501,0.277292,8700223
1,2021-03-26,105660,3598682,51267,1756673,48063,1736862,6330,105147,56596,1243363,0.142912,48681,1232352,0.141646,63214,2475715,0.284558,8700223
1,2021-03-27,74464,3673146,38522,1795195,31729,1768591,4213,109360,38199,1249943,0.143668,36026,1268378,0.145787,42606,2518321,0.289455,8700223
1,2021-03-28,32868,3706014,21507,1816702,10133,1778724,1228,110588,16442,1251751,0.143876,16312,1284690,0.147662,18120,2536441,0.291537,8700223
1,2021-03-29,68773,3774787,33877,1850579,31727,1810451,3169,113757,37905,1262404,0.1451,30629,1315319,0.151182,41282,2577723,0.296282,8700223
1,2021-03-30,93572,3868359,45726,1896305,41432,1851883,6414,120171,48075,1271704,0.146169,45258,1360577,0.156384,54558,2632281,0.302553,8700223
1,2021-03-31,102161,3970520,53156,1949461,42753,1894636,6252,126423,55930,1288049,0.148048,45883,1406460,0.161658,62228,2694509,0.309706,8700223
1,2021-04-01,113814,4084334,54365,2003826,50616,1945252,8833,135256,57777,1299141,0.149323,55548,1462008,0.168043,66640,2761149,0.317365,8700223
1,2021-04-02,112981,4197315,51444,2055270,51784,1997036,9753,145009,57342,1311249,0.150714,55185,1517193,0.174386,67293,2828442,0.3251,8700223
1,2021-04-03,78834,4276149,39639,2094909,29487,2026523,9708,154717,37012,1316393,0.151306,41621,1558814,0.179169,46765,2875207,0.330475,8700223
1,2021-04-04,23824,4299973,11849,2106758,8496,2035019,3479,158196,9939,1315988,0.151259,13810,1572624,0.180757,13405,2888612,0.332016,8700223
1,2021-04-05,77781,4377754,37055,2143813,31321,2066340,9405,167601,35034,1318047,0.151496,42519,1615143,0.185644,44578,2933190,0.33714,8700223
1,2021-04-06,104999,4482753,49748,2193561,38543,2104883,16708,184309,47532,1325140,0.152311,57142,1672285,0.192212,64235,2997425,0.344523,8700223
1,2021-04-07,113071,4595824,54825,2248386,40554,2145437,17692,202001,51003,1332083,0.153109,61739,1734024,0.199308,68682,3066107,0.352417,8700223
1,2021-04-08,123403,4719227,58403,2306789,43864,2189301,21136,223137,54583,1339445,0.153955,68375,1802399,0.207167,75737,3141844,0.361122,8700223
1,2021-04-09,124549,4843776,56781,2363570,46838,2236139,20930,244067,54697,1345608,0.154664,69473,1871872,0.215152,75636,3217480,0.369816,8700223
1,2021-04-10,97462,4941238,43455,2407025,30946,2267085,23061,267128,38580,1348517,0.154998,58649,1930521,0.221893,61558,3279038,0.376891,8700223
1,2021-04-11,36779,4978017,20421,2427446,9459,2276544,6899,274027,14867,1348535,0.155,21839,1952360,0.224403,21857,3300895,0.379403,8700223
1,2021-04-12,75101,5053118,33519,2460965,31519,2308063,10063,284090,31886,1347703,0.154904,42909,1995269,0.229335,42077,3342972,0.38424,8700223
1,2021-04-13,98411,5151529,52585,2513550,45483,2353546,343,284433,53153,1356606,0.155928,44940,2040209,0.234501,53843,3396815,0.390428,8700223
1,2021-04-14,105339,5256868,54535,2568085,50725,2404271,79,284512,53484,1359086,0.156213,51454,2091663,0.240415,53934,3450749,0.396628,8700223
1,2021-04-15,106089,5362957,57585,2625670,48411,2452682,93,284605,56185,1366245,0.157036,49295,2140958,0.246081,56454,3507203,0.403116,8700223
1,2021-04-16,111146,5474103,56860,2682530,54196,2506878,90,284695,55466,1366868,0.157107,55123,2196081,0.252417,55746,3562949,0.409524,8700223
1,2021-04-17,83585,5557688,45378,2727908,38195,2545073,12,284707,46571,1376860,0.158256,36755,2232836,0.256641,46747,3609696,0.414897,8700223
1,2021-04-18,30592,5588280,20706,2748614,9879,2554952,7,284714,15323,1377225,0.158298,15173,2248009,0.258385,15538,3625234,0.416683,8700223
1,2021-04-19,67312,5655592,34061,2782675,33238,2588190,13,284727,30324,1371087,0.157592,36605,2284614,0.262593,30467,3655701,0.420185,8700223
1,2021-04-20,88589,5744181,44575,2827250,43990,2632180,24,284751,41302,1365705,0.156974,46909,2331523,0.267984,41527,3697228,0.424958,8700223
1,2021-04-21,98061,5842242,51148,2878398,46809,2678989,104,284855,43762,1356112,0.155871,53701,2385224,0.274157,44108,3741336,0.430028,8700223
1,2021-04-22,97937,5940179,51204,2929602,46714,2725703,19,284874,44805,1348564,0.155003,52592,2437816,0.280202,45044,3786380,0.435205,8700223
1,2021-04-23,102903,6043082,53151,2982753,49724,2775427,28,284902,48837,1344150,0.154496,53518,2491334,0.286353,49104,3835484,0.440849,8700223
1,2021-04-24,76590,6119672,47503,3030256,29060,2804487,27,284929,43095,1354202,0.155651,33331,2524665,0.290184,43383,3878867,0.445835,8700223
1,2021-04-25,27419,6147091,17455,3047711,9950,2814437,14,284943,15628,1358322,0.156125,11664,2536329,0.291525,15784,3894651,0.44765,8700223
1,2021-04-26,66621,6213712,34964,3082675,31250,2845687,407,285350,31420,1355610,0.155813,34875,2571204,0.295533,32163,3926814,0.451346,8700223
1,2021-04-27,81963,6295675,43573,3126248,37084,2882771,1306,286656,35347,1346300,0.154743,46302,2617506,0.300855,36992,3963806,0.455598,8700223
1,2021-04-28,81778,6377453,43509,3169757,36751,2919522,1518,288174,35712,1338062,0.153796,45691,2663197,0.306107,37453,4001259,0.459903,8700223
1,2021-04-29,85221,6462674,46891,3216648,36698,2956220,1632,289806,34662,1324355,0.152221,50166,2713363,0.311873,36459,4037718,0.464094,8700223
1,2021-04-30,92863,6555537,50275,3266923,40697,2996917,1891,291697,38580,1311066,0.150693,53919,2767282,0.31807,40630,4078348,0.468764,8700223
1,2021-05-01,64045,6619582,41291,3308214,21319,3018236,1435,293132,26956,1302861,0.14975,36811,2804093,0.322301,28606,4106954,0.472052,8700223
1,2021-05-02,23550,6643132,16680,3324894,6289,3024525,581,293713,9475,1298982,0.149304,13962,2818055,0.323906,10083,4117037,0.473211,8700223
1,2021-05-03,56517,6699649,31340,3356234,23323,3047848,1854,295567,20457,1285556,0.147761,35788,2853843,0.32802,22362,4139399,0.475781,8700223
1,2021-05-04,76105,6775754,43851,3400085,30151,3077999,2103,297670,27222,1266398,0.145559,48560,2902403,0.333601,29402,4168801,0.47916,8700223
1,2021-05-05,78523,6854277,45518,3445603,30698,3108697,2307,299977,26574,1243784,0.14296,51574,2953977,0.339529,28960,4197761,0.482489,8700223
1,2021-05-06,80034,6934311,48597,3494200,29250,3137947,2187,302164,24955,1216415,0.139814,54663,3008640,0.345812,27294,4225055,0.485626,8700223
1,2021-05-07,83614,7017925,47575,3541775,33841,3171788,2198,304362,27898,1191337,0.136932,55236,3063876,0.352161,30158,4255213,0.489092,8700223
1,2021-05-08,57513,7075438,36086,3577861,19774,3191562,1653,306015,19532,1174977,0.135051,37629,3101505,0.356486,21269,4276482,0.491537,8700223
1,2021-05-09,18367,7093805,13178,3591039,4710,3196272,479,306494,5568,1168343,0.134289,12715,3114220,0.357947,6081,4282563,0.492236,8700223
1,2021-05-10,44366,7138171,22442,3613481,20091,3216363,1833,308327,14822,1155842,0.132852,29245,3143465,0.361309,16744,4299307,0.494161,8700223
1,2021-05-11,62945,7201116,34230,3647711,26551,3242914,2164,310491,20674,1136823,0.130666,41965,3185430,0.366132,22946,4322253,0.496798,8700223
1,2021-05-12,63073,7264189,33522,3681233,27483,3270397,2068,312559,20714,1117653,0.128463,42015,3227445,0.370961,22845,4345098,0.499424,8700223
1,2021-05-13,67323,7331512,39498,3720731,25833,3296230,1992,314551,25623,1104255,0.126923,41295,3268740,0.375708,27897,4372995,0.50263,8700223
1,2021-05-14,76916,7408428,46377,3767108,28132,3324362,2407,316958,31049,1092547,0.125577,45440,3314180,0.38093,33732,4406727,0.506507,8700223
1,2021-05-15,66880,7475308,43922,3811030,21189,3345551,1769,318727,26622,1081089,0.12426,39917,3354097,0.385519,28459,4435186,0.509778,8700223
1,2021-05-16,25132,7500440,18530,3829560,5981,3351532,621,319348,10242,1077233,0.123817,14765,3368862,0.387216,10909,4446095,0.511032,8700223
1,2021-05-17,54476,7554916,33296,3862856,19397,3370929,1783,321131,23087,1071050,0.123106,31109,3399971,0.390791,24926,4471021,0.513897,8700223
1,2021-05-18,65299,7620215,39350,3902206,24107,3395036,1842,322973,28316,1064605,0.122365,36691,3436662,0.395008,30246,4501267,0.517374,8700223
1,2021-05-19,66686,7686901,40615,3942821,24130,3419166,1941,324914,29830,1059900,0.121824,36551,3473213,0.39921,31846,4533113,0.521034,8700223
1,2021-05-20,64994,7751895,37717,3980538,25043,3444209,2234,327148,26729,1051158,0.12082,37903,3511116,0.403566,29161,4562274,0.524386,8700223
1,2021-05-21,70649,7822544,42258,4022796,26513,3470722,1878,329026,29127,1041156,0.11967,41099,3552215,0.40829,31097,4593371,0.52796,8700223
1,2021-05-22,56545,7879089,37203,4059999,17611,3488333,1731,330757,24583,1035889,0.119065,31674,3583889,0.411931,26407,4619778,0.530995,8700223
1,2021-05-23,20539,7899628,14366,4074365,5586,3493919,587,331344,9514,1035100,0.118974,10915,3594804,0.413185,10126,4629904,0.532159,8700223
1,2021-05-24,44294,7943922,24720,4099085,17725,3511644,1849,333193,17932,1028865,0.118257,26095,3620899,0.416185,19860,4649764,0.534442,8700223
1,2021-05-25,51380,7995302,29600,4128685,20068,3531712,1712,334905,21323,1022240,0.117496,29755,3650654,0.419605,23130,4672894,0.5371,8700223
1,2021-05-26,48817,8044119,27677,4156362,19231,3550943,1909,336814,20698,1017092,0.116904,27794,3678448,0.422799,22646,4695540,0.539703,8700223
1,2021-05-27,47268,8091387,26523,4182885,18826,3569769,1919,338733,20262,1012683,0.116397,26703,3705151,0.425869,22294,4717834,0.542266,8700223
1,2021-05-28,52995,8144382,29608,4212493,21543,3591312,1844,340577,23730,1009470,0.116028,28910,3734061,0.429191,25697,4743531,0.545219,8700223
1,2021-05-29,30783,8175165,18639,4231132,11176,3602488,968,341545,14627,1009125,0.115988,15995,3750056,0.43103,15650,4759181,0.547018,8700223
1,2021-05-30,11734,8186899,7585,4238717,3589,3606077,560,342105,5533,1009118,0.115988,6125,3756181,0.431734,6118,4765299,0.547721,8700223
1,2021-05-31,5811,8192710,3307,4242024,2244,3608321,260,342365,2032,1007707,0.115825,3714,3759895,0.432161,2303,4767602,0.547986,8700223
1,2021-06-01,46236,8238946,26160,4268184,18489,3626810,1587,343952,17497,998487,0.114766,28367,3788262,0.435421,19147,4786749,0.550187,8700223
1,2021-06-02,40206,8279152,23336,4291520,15353,3642163,1517,345469,16199,992587,0.114088,23696,3811958,0.438145,17796,4804545,0.552232,8700223
1,2021-06-03,41730,8320882,26143,4317663,13861,3656024,1726,347195,15921,984814,0.113194,25495,3837453,0.441075,17722,4822267,0.554269,8700223
1,2021-06-04,50417,8371299,32258,4349921,16340,3672364,1819,349014,18026,972723,0.111804,32013,3869466,0.444755,19922,4842189,0.556559,8700223
1,2021-06-05,40541,8411840,27661,4377582,10868,3683232,2012,351026,14214,962896,0.110675,26104,3895570,0.447755,16277,4858466,0.55843,8700223
1,2021-06-06,13262,8425102,10619,4388201,2128,3685360,515,351541,4574,959445,0.110278,8602,3904172,0.448744,5151,4863617,0.559022,8700223
1,2021-06-07,34093,8459195,23495,4411696,9229,3694589,1369,352910,12087,951168,0.109327,21785,3925957,0.451248,13508,4877125,0.560575,8700223
1,2021-06-08,42362,8501557,29309,4441005,11391,3705980,1662,354572,14730,940303,0.108078,27347,3953304,0.454391,16482,4893607,0.562469,8700223
1,2021-06-09,42306,8543863,29335,4470340,11323,3717303,1648,356220,13768,927555,0.106613,28218,3981522,0.457634,15470,4909077,0.564247,8700223
1,2021-06-10,39275,8583138,26444,4496784,11121,3728424,1710,357930,13389,917131,0.105415,25624,4007146,0.46058,15200,4924277,0.565994,8700223
1,2021-06-11,44329,8627467,29407,4526191,13224,3741648,1698,359628,15754,906407,0.104182,28254,4035400,0.463827,17530,4941807,0.568009,8700223
1,2021-06-12,33967,8661434,24567,4550758,8180,3749828,1220,360848,11134,896214,0.10301,22613,4058013,0.466426,12420,4954227,0.569437,8700223
1,2021-06-13,11661,8673095,8479,4559237,2700,3752528,482,361330,3396,891934,0.102519,8191,4066204,0.467368,3911,4958138,0.569886,8700223
1,2021-06-14,31082,8704177,20925,4580162,8833,3761361,1324,362654,11569,885553,0.101785,19302,4085506,0.469586,12921,4971059,0.571371,8700223
1,2021-06-15,37648,8741825,24687,4604849,11094,3772455,1867,364521,13977,878113,0.10093,23372,4108878,0.472273,15932,4986991,0.573203,8700223
1,2021-06-16,35709,8777534,24131,4628980,9733,3782188,1845,366366,13422,871426,0.100161,22009,4130887,0.474802,15322,5002313,0.574964,8700223
1,2021-06-17,33848,8811382,22378,4651358,9507,3791695,1963,368329,13215,866310,0.099573,20380,4151267,0.477145,15264,5017577,0.576718,8700223
1,2021-06-18,39874,8851256,25907,4677265,11099,3802794,2868,371197,15456,860563,0.098913,24123,4175390,0.479918,18376,5035953,0.57883,8700223
1,2021-06-19,24110,8875366,16730,4693995,6178,3808972,1202,372399,9803,857476,0.098558,14131,4189521,0.481542,11044,5046997,0.5801,8700223
1,2021-06-20,8171,8883537,5986,4699981,1908,3810880,277,372676,3241,856148,0.098405,4857,4194378,0.4821,3529,5050526,0.580505,8700223
1,2021-06-21,21061,8904598,11916,4711897,6947,3817827,2198,374874,10963,859377,0.098776,9980,4204358,0.483247,13209,5063735,0.582024,8700223
1,2021-06-22,30965,8935563,20213,4732110,8594,3826421,2158,377032,12964,856781,0.098478,17780,4222138,0.485291,15184,5078919,0.583769,8700223
1,2021-06-23,29526,8965089,19831,4751941,7870,3834291,1825,378857,12871,855070,0.098281,16431,4238569,0.487179,14720,5093639,0.585461,8700223
1,2021-06-24,28526,8993615,18991,4770932,7853,3842144,1682,380539,12088,852680,0.098007,16228,4254797,0.489045,13838,5107477,0.587051,8700223
1,2021-06-25,31911,9025526,21593,4792525,8903,3851047,1415,381954,14016,850520,0.097758,17648,4272445,0.491073,15488,5122965,0.588831,8700223
1,2021-06-26,22570,9048096,16766,4809291,4963,3856010,841,382795,9857,848682,0.097547,12585,4285030,0.49252,10747,5133712,0.590067,8700223
1,2021-06-27,9211,9057307,6861,4816152,1915,3857925,435,383230,4076,848144,0.097485,5064,4290094,0.493102,4526,5138238,0.590587,8700223
1,2021-06-28,21321,9078628,15843,4831995,4221,3862146,1257,384487,9876,848080,0.097478,11244,4301338,0.494394,11180,5149418,0.591872,8700223
1,2021-06-29,27034,9105662,18497,4850492,7142,3869288,1395,385882,11914,846518,0.097298,14928,4316266,0.49611,13366,5162784,0.593408,8700223
1,2021-06-30,26274,9131936,18180,4868672,7033,3876321,1061,386943,12482,846567,0.097304,13567,4329833,0.497669,13616,5176400,0.594973,8700223
1,2021-07-01,24122,9156058,16759,4885431,6057,3882378,1306,388249,11163,846318,0.097275,12793,4342626,0.49914,12544,5188944,0.596415,8700223
1,2021-07-02,26806,9182864,18411,4903842,7345,3889723,1050,389299,12524,845893,0.097227,14080,4356706,0.500758,13655,5202599,0.597985,8700223
1,2021-07-03,14885,9197749,10393,4914235,4038,3893761,454,389753,7085,845803,0.097216,7663,4364369,0.501639,7573,5210172,0.598855,8700223
1,2021-07-04,1291,9199040,728,4914963,496,3894257,67,389820,623,845841,0.097221,657,4365026,0.501714,695,5210867,0.598935,8700223
1,2021-07-05,11158,9210198,7726,4922689,3068,3897325,364,390184,5294,845753,0.09721,5795,4370821,0.50238,5707,5216574,0.599591,8700223
1,2021-07-06,27546,9237744,19466,4942155,6930,3904255,1150,391334,10996,841636,0.096737,16364,4387185,0.504261,12247,5228821,0.600999,8700223
1,2021-07-07,24063,9261807,16833,4958988,6063,3910318,1167,392501,10356,839726,0.096518,13517,4400702,0.505815,11607,5240428,0.602333,8700223
1,2021-07-08,23026,9284833,15916,4974904,6013,3916331,1097,393598,9944,837911,0.096309,12944,4413646,0.507303,11129,5251557,0.603612,8700223
1,2021-07-09,27230,9312063,19255,4994159,6803,3923134,1172,394770,12259,836605,0.096159,14792,4428438,0.509003,13486,5265043,0.605162,8700223
1,2021-07-10,17982,9330045,12978,5007137,4232,3927366,772,395542,7996,835561,0.096039,9859,4438297,0.510136,8815,5273858,0.606175,8700223
1,2021-07-11,6803,9336848,4979,5012116,1619,3928985,205,395747,3282,835598,0.096043,3468,4441765,0.510535,3505,5277363,0.606578,8700223
1,2021-07-12,20333,9357181,14607,5026723,4829,3933814,897,396644,9005,834408,0.095907,11185,4452950,0.51182,9995,5287358,0.607727,8700223
1,2021-07-13,22503,9379684,15707,5042430,5978,3939792,818,397462,10518,833996,0.095859,11835,4464785,0.513181,11423,5298781,0.60904,8700223
1,2021-07-14,22520,9402204,15468,5057898,6063,3945855,989,398451,10121,832975,0.095742,12242,4477027,0.514588,11221,5310002,0.610329,8700223
1,2021-07-15,21943,9424147,15553,5073451,5656,3951511,734,399185,10604,833227,0.095771,11191,4488218,0.515874,11443,5321445,0.611645,8700223
1,2021-07-16,27001,9451148,18879,5092330,7117,3958628,1005,400190,13362,834208,0.095884,13471,4501689,0.517422,14452,5335897,0.613306,8700223
1,2021-07-17,18745,9469893,13539,5105869,4501,3963129,705,400895,9210,834757,0.095947,9402,4511091,0.518503,9951,5345848,0.61445,8700223
1,2021-07-18,7495,9477388,5532,5111401,1677,3964806,286,401181,3839,835301,0.096009,3597,4514688,0.518916,4141,5349989,0.614926,8700223
1,2021-07-19,20933,9498321,15166,5126567,4934,3969740,833,402014,10493,836418,0.096138,10304,4524992,0.520101,11421,5361410,0.616238,8700223
1,2021-07-20,24996,9523317,17288,5143855,6820,3976560,888,402902,12840,838266,0.09635,11971,4536963,0.521477,13819,5375229,0.617827,8700223
1,2021-07-21,25371,9548688,17822,5161677,6338,3982898,1211,404113,12973,840331,0.096587,12236,4549199,0.522883,14301,5389530,0.61947,8700223
1,2021-07-22,24460,9573148,17292,5178969,6324,3989222,844,404957,13336,843660,0.09697,10942,4560141,0.524141,14271,5403801,0.621111,8700223
1,2021-07-23,29128,9602276,20584,5199553,7521,3996743,1023,405980,16243,848307,0.097504,12684,4572825,0.525599,17331,5421132,0.623103,8700223
1,2021-07-24,18192,9620468,12836,5212389,4789,4001532,567,406547,10710,852247,0.097957,7363,4580188,0.526445,11303,5432435,0.624402,8700223
1,2021-07-25,7501,9627969,5392,5217781,1992,4003524,117,406664,5598,856117,0.098402,1866,4582054,0.526659,5736,5438171,0.625061,8700223
1,2021-07-26,21448,9649417,14836,5232617,5849,4009373,763,407427,13868,863359,0.099234,7460,4589514,0.527517,14702,5452873,0.626751,8700223
1,2021-07-27,27101,9676518,19345,5251962,6815,4016188,941,408368,15976,869374,0.099925,10957,4600471,0.528776,16972,5469845,0.628702,8700223
1,2021-07-28,28121,9704639,19953,5271915,7295,4023483,873,409241,17264,876914,0.100792,10667,4611138,0.530002,18207,5488052,0.630794,8700223
1,2021-07-29,26748,9731387,18982,5290897,6972,4030455,794,410035,16737,884670,0.101684,9837,4620975,0.531133,17593,5505645,0.632817,8700223
1,2021-07-30,31242,9762629,22348,5313245,7989,4038444,905,410940,19119,892822,0.102621,11909,4632884,0.532502,20061,5525706,0.635122,8700223
1,2021-07-31,19989,9782618,14505,5327750,4943,4043387,541,411481,12448,898451,0.103268,7384,4640268,0.53335,13013,5538719,0.636618,8700223
1,2021-08-01,8885,9791503,6696,5334446,2062,4045449,127,411608,6096,901961,0.103671,2742,4643010,0.533666,6252,5544971,0.637337,8700223
1,2021-08-02,24897,9816400,18534,5352980,5657,4051106,706,412314,16211,910396,0.104641,8531,4651541,0.534646,16966,5561937,0.639287,8700223
1,2021-08-03,28588,9844988,20676,5373656,6999,4058105,913,413227,17913,918773,0.105603,10485,4662026,0.535851,18862,5580799,0.641455,8700223
1,2021-08-04,27631,9872619,20072,5393728,6679,4064784,880,414107,17560,927393,0.106594,9865,4671891,0.536985,18485,5599284,0.643579,8700223
1,2021-08-05,27310,9899929,20009,5413737,6403,4071187,898,415005,17222,935648,0.107543,9888,4681779,0.538122,18143,5617427,0.645665,8700223
1,2021-08-06,33746,9933675,24844,5438581,7928,4079115,974,415979,21047,945247,0.108646,12468,4694247,0.539555,22067,5639494,0.648201,8700223
1,2021-08-07,21724,9955399,16286,5454867,4869,4083984,569,416548,13549,951336,0.109346,8042,4702289,0.540479,14131,5653625,0.649825,8700223
1,2021-08-08,10519,9965918,7682,5462549,2637,4086621,200,416748,6845,954788,0.109743,3602,4705891,0.540893,7054,5660679,0.650636,8700223
1,2021-08-09,27821,9993739,20848,5483397,6170,4092791,803,417551,17211,962421,0.11062,10415,4716306,0.54209,18048,5678727,0.652711,8700223
1,2021-08-10,29229,10022968,21493,5504890,6872,4099663,864,418415,17427,969171,0.111396,11594,4727900,0.543423,18344,5697071,0.654819,8700223
1,2021-08-11,26853,10049821,19780,5524670,6164,4105827,909,419324,15833,975129,0.112081,10811,4738711,0.544665,16769,5713840,0.656746,8700223
1,2021-08-12,28483,10078304,20479,5545149,6973,4112800,1031,420355,17015,982015,0.112872,11181,4749892,0.545951,18067,5731907,0.658823,8700223
1,2021-08-13,35668,10113972,25939,5571088,8695,4121495,1034,421389,20781,989291,0.113709,14585,4764477,0.547627,21861,5753768,0.661336,8700223
1,2021-08-14,23628,10137600,17951,5589039,5133,4126628,544,421933,13541,993756,0.114222,9638,4774115,0.548735,14103,5767871,0.662957,8700223
1,2021-08-15,10459,10148059,7707,5596746,2607,4129235,145,422078,6042,995850,0.114463,4114,4778229,0.549208,6208,5774079,0.66367,8700223
1,2021-08-16,28624,10176683,20291,5617037,7553,4136788,780,422858,15851,1000586,0.115007,11923,4790152,0.550578,16659,5790738,0.665585,8700223
1,2021-08-17,31149,10207832,22108,5639145,8155,4144943,886,423744,16416,1004108,0.115412,13819,4803971,0.552166,17341,5808079,0.667578,8700223
1,2021-08-18,30902,10238734,22196,5661341,7849,4152792,857,424601,15714,1006704,0.11571,14021,4817992,0.553778,16617,5824696,0.669488,8700223
1,2021-08-19,29631,10268365,21183,5682524,7500,4160292,948,425549,15098,1009455,0.116026,13335,4831327,0.555311,16086,5840782,0.671337,8700223
1,2021-08-20,18744,10287109,14049,5696573,3893,4164185,802,426351,9216,1010750,0.116175,8742,4840069,0.556316,10037,5850819,0.672491,8700223
2,2020-12-15,262,262,262,262,0,0,0,0,262,262,3.1e-05,0,0,0.0,262,262,3.1e-05,8407551
2,2020-12-16,2266,2528,2266,2528,0,0,0,0,2265,2527,0.000301,0,0,0.0,2265,2527,0.000301,8407551
2,2020-12-17,6990,9518,6990,9518,0,0,0,0,6988,9515,0.001132,0,0,0.0,6988,9515,0.001132,8407551
2,2020-12-18,11175,20693,11154,20672,21,21,0,0,11178,20693,0.002461,0,0,0.0,11178,20693,0.002461,8407551
2,2020-12-19,5640,26333,5633,26305,7,28,0,0,5641,26334,0.003132,0,0,0.0,5641,26334,0.003132,8407551
2,2020-12-20,4262,30595,4248,30553,14,42,0,0,4257,30590,0.003638,1,1,0.0,4257,30591,0.003639,8407551
2,2020-12-21,12887,43482,12857,43410,30,72,0,0,12843,43433,0.005166,0,1,0.0,12843,43434,0.005166,8407551
2,2020-12-22,12258,55740,11731,55141,527,599,0,0,12257,55690,0.006624,0,1,0.0,12257,55691,0.006624,8407551
2,2020-12-23,11822,67562,9573,64714,2249,2848,0,0,11823,67512,0.00803,2,3,0.0,11824,67515,0.00803,8407551
2,2020-12-24,5932,73494,3508,68222,2424,5272,0,0,5928,73439,0.008735,3,6,1e-06,5930,73445,0.008736,8407551
2,2020-12-25,502,73996,418,68640,84,5356,0,0,505,73944,0.008795,0,6,1e-06,505,73950,0.008796,8407551
2,2020-12-26,2587,76583,1672,70312,915,6271,0,0,2588,76531,0.009103,1,7,1e-06,2588,76538,0.009103,8407551
2,2020-12-27,2247,78830,1221,71533,1026,7297,0,0,2244,78773,0.009369,2,9,1e-06,2244,78782,0.00937,8407551
2,2020-12-28,11155,89985,7240,78773,3915,11212,0,0,11155,89925,0.010696,3,12,1e-06,11155,89937,0.010697,8407551
2,2020-12-29,12991,102976,7311,86084,5680,16892,0,0,12997,102922,0.012242,0,12,1e-06,12997,102934,0.012243,8407551
2,2020-12-30,15752,118728,8846,94930,6906,23798,0,0,15747,118666,0.014114,5,17,2e-06,15749,118683,0.014116,8407551
2,2020-12-31,7635,126363,2846,97776,4789,28587,0,0,7627,126288,0.015021,5,22,3e-06,7627,126310,0.015023,8407551
2,2021-01-01,1421,127784,685,98461,736,29323,0,0,1417,127701,0.015189,4,26,3e-06,1417,127727,0.015192,8407551
2,2021-01-02,4890,132674,2788,101249,2102,31425,0,0,4886,132585,0.01577,2,28,3e-06,4886,132613,0.015773,8407551
2,2021-01-03,1430,134104,808,102057,622,32047,0,0,1422,134003,0.015938,4,32,4e-06,1422,134035,0.015942,8407551
2,2021-01-04,11814,145918,5627,107684,6187,38234,0,0,11802,145801,0.017342,4,36,4e-06,11802,145837,0.017346,8407551
2,2021-01-05,14032,159950,7038,114722,6994,45228,0,0,12785,157380,0.018719,1241,1277,0.000152,12820,158657,0.018871,8407551
2,2021-01-06,19254,179204,10651,125373,8603,53831,0,0,15298,168796,0.020077,3895,5172,0.000615,15311,173968,0.020692,8407551
2,2021-01-07,23469,202673,13228,138601,10241,64072,0,0,15734,176808,0.02103,7739,12911,0.001536,15751,189719,0.022565,8407551
2,2021-01-08,27122,229795,16359,154960,10763,74835,0,0,16683,183142,0.021783,10380,23291,0.00277,16714,206433,0.024553,8407551
2,2021-01-09,9907,239702,5795,160755,4112,78947,0,0,6318,185885,0.022109,3585,26876,0.003197,6328,212761,0.025306,8407551
2,2021-01-10,5365,245067,2990,163745,2375,81322,0,0,3091,186710,0.022207,2272,29148,0.003467,3097,215858,0.025674,8407551
2,2021-01-11,26213,271280,18129,181874,8084,89406,0,0,15027,190608,0.022671,11183,40331,0.004797,15081,230939,0.027468,8407551
2,2021-01-12,26581,297861,16514,198388,10067,99473,0,0,16863,197845,0.023532,9720,50051,0.005953,16957,247896,0.029485,8407551
2,2021-01-13,28779,326640,15277,213665,13502,112975,0,0,20708,210542,0.025042,8052,58103,0.006911,20749,268645,0.031953,8407551
2,2021-01-14,30758,357398,11776,225441,18982,131957,0,0,26424,232710,0.027679,4338,62441,0.007427,26506,295151,0.035105,8407551
2,2021-01-15,35282,392680,12778,238219,22504,154461,0,0,31948,261427,0.031094,3325,65766,0.007822,32042,327193,0.038917,8407551
2,2021-01-16,18402,411082,6152,244371,12250,166711,0,0,16977,276974,0.032943,1440,67206,0.007994,16987,344180,0.040937,8407551
2,2021-01-17,10612,421694,3583,247954,7029,173740,0,0,9858,286074,0.034026,769,67975,0.008085,9869,354049,0.042111,8407551
2,2021-01-18,19891,441585,11125,259079,8766,182506,0,0,14999,296230,0.035234,4909,72884,0.008669,15065,369114,0.043903,8407551
2,2021-01-19,32913,474498,17120,276199,15793,198299,0,0,24696,312826,0.037208,8215,81099,0.009646,24811,393925,0.046854,8407551
2,2021-01-20,37819,512317,19058,295257,18761,217060,0,0,29101,333331,0.039647,8690,89789,0.01068,29195,423120,0.050326,8407551
2,2021-01-21,41332,553649,17589,312846,23743,240803,0,0,36720,365665,0.043492,4577,94366,0.011224,36911,460031,0.054716,8407551
2,2021-01-22,39836,593485,16646,329492,23190,263993,0,0,36423,398684,0.04742,3432,97798,0.011632,36451,496482,0.059052,8407551
2,2021-01-23,24327,617812,10824,340316,13503,277496,0,0,21325,417062,0.049606,2979,100777,0.011986,21357,517839,0.061592,8407551
2,2021-01-24,12517,630329,6131,346447,6386,283882,0,0,11583,427746,0.050876,918,101695,0.012096,11602,529441,0.062972,8407551
2,2021-01-25,34180,664509,15716,362163,18464,302346,0,0,25229,444227,0.052837,8898,110593,0.013154,25379,554820,0.065991,8407551
2,2021-01-26,40644,705153,19880,382043,20764,323110,0,0,31284,466270,0.055458,9331,119924,0.014264,31374,586194,0.069722,8407551
2,2021-01-27,45963,751116,22779,404822,23184,346294,0,0,35472,491443,0.058453,10367,130291,0.015497,35540,621734,0.073949,8407551
2,2021-01-28,48377,799493,22580,427402,25797,372091,0,0,39510,522237,0.062115,8797,139088,0.016543,39591,661325,0.078658,8407551
2,2021-01-29,45999,845492,22131,449533,23868,395959,0,0,37095,550636,0.065493,8776,147864,0.017587,37175,698500,0.08308,8407551
2,2021-01-30,31532,877024,13360,462893,18172,414131,0,0,28086,575361,0.068434,3405,151269,0.017992,28130,726630,0.086426,8407551
2,2021-01-31,17320,894344,10234,473127,7086,421217,0,0,16088,590263,0.070206,1210,152479,0.018136,16112,742742,0.088342,8407551
2,2021-02-01,41620,935964,19933,493060,21687,442904,0,0,30349,609452,0.072489,11207,163686,0.019469,30396,773138,0.091958,8407551
2,2021-02-02,48257,984221,19627,512687,28630,471534,0,0,36580,634554,0.075474,11578,175264,0.020846,36680,809818,0.09632,8407551
2,2021-02-03,54358,1038579,23907,536594,30451,501985,0,0,39977,660356,0.078543,14277,189541,0.022544,40079,849897,0.101087,8407551
2,2021-02-04,56567,1095146,24272,560866,32295,534280,0,0,41116,686237,0.081622,15340,204881,0.024369,41221,891118,0.10599,8407551
2,2021-02-05,60636,1155782,26339,587205,34297,568577,0,0,40907,707832,0.08419,19510,224391,0.026689,41105,932223,0.110879,8407551
2,2021-02-06,39628,1195410,18437,605642,21191,589768,0,0,31508,731410,0.086994,8040,232431,0.027646,31618,963841,0.11464,8407551
2,2021-02-07,15785,1211195,10449,616091,5336,595104,0,0,11951,739634,0.087973,3800,236231,0.028097,12024,975865,0.11607,8407551
2,2021-02-08,43312,1254507,21947,638038,21365,616469,0,0,29614,755919,0.08991,13546,249777,0.029709,29831,1005696,0.119618,8407551
2,2021-02-09,49843,1304350,23528,661566,26315,642784,0,0,30743,768234,0.091374,18793,268570,0.031944,31108,1036804,0.123318,8407551
2,2021-02-10,59867,1364217,27997,689563,31870,674654,0,0,34500,778040,0.092541,25069,293639,0.034926,34875,1071679,0.127466,8407551
2,2021-02-11,64609,1428826,29687,719250,34922,709576,0,0,35921,786176,0.093508,28309,321948,0.038293,36445,1108124,0.131801,8407551
2,2021-02-12,66312,1495138,28599,747849,37713,747289,0,0,35397,791654,0.09416,30595,352543,0.041932,36073,1144197,0.136092,8407551
2,2021-02-13,38298,1533436,15943,763792,22355,769644,0,0,22050,797948,0.094908,16139,368682,0.043851,22433,1166630,0.13876,8407551
2,2021-02-14,20215,1553651,9411,773203,10804,780448,0,0,11212,800589,0.095223,8945,377627,0.044915,11586,1178216,0.140138,8407551
2,2021-02-15,33474,1587125,15052,788255,18422,798870,0,0,18518,805167,0.095767,14810,392437,0.046677,19388,1197604,0.142444,8407551
2,2021-02-16,56688,1643813,27764,816019,28924,827794,0,0,29778,808850,0.096205,26785,419222,0.049863,30468,1228072,0.146068,8407551
2,2021-02-17,62085,1705898,31919,847938,30166,857960,0,0,30754,809201,0.096247,31226,450448,0.053577,31577,1259649,0.149824,8407551
2,2021-02-18,66728,1772626,33631,881569,33097,891057,0,0,32418,808742,0.096192,34033,484481,0.057625,33574,1293223,0.153817,8407551
2,2021-02-19,60089,1832715,33223,914792,26866,917923,0,0,29763,808982,0.096221,30116,514597,0.061207,30356,1323579,0.157427,8407551
2,2021-02-20,38032,1870747,24647,939439,13385,931308,0,0,20608,812982,0.096697,17310,531907,0.063265,21310,1344889,0.159962,8407551
2,2021-02-21,21924,1892671,17712,957151,4212,935520,0,0,10806,813618,0.096772,11008,542915,0.064575,11644,1356533,0.161347,8407551
2,2021-02-22,39838,1932509,27214,984365,12624,948144,0,0,18859,812375,0.096624,20813,563728,0.06705,19570,1376103,0.163675,8407551
2,2021-02-23,54225,1986734,27669,1012034,26556,974700,0,0,23762,807870,0.096089,30183,593911,0.07064,25678,1401781,0.166729,8407551
2,2021-02-24,71617,2058351,36839,1048873,34778,1009478,0,0,32770,804438,0.09568,38613,632524,0.075233,35181,1436962,0.170913,8407551
2,2021-02-25,77641,2135992,36719,1085592,40922,1050400,0,0,39342,808632,0.096179,38011,670535,0.079754,42205,1479167,0.175933,8407551
2,2021-02-26,86254,2222246,36968,1122560,49286,1099686,0,0,46312,817542,0.097239,39612,710147,0.084465,48522,1527689,0.181704,8407551
2,2021-02-27,63171,2285417,29335,1151895,33828,1133514,8,8,34136,824254,0.098037,28779,738926,0.087888,35491,1563180,0.185926,8407551
2,2021-02-28,31127,2316544,18627,1170522,12499,1146013,1,9,18013,830145,0.098738,12977,751903,0.089432,18868,1582048,0.18817,8407551
2,2021-03-01,59300,2375844,30899,1201421,28325,1174338,76,85,32303,837105,0.099566,26659,778562,0.092603,33619,1615667,0.192169,8407551
2,2021-03-02,70949,2446793,34063,1235484,36871,1211209,15,100,39692,848132,0.100877,31055,809617,0.096296,42082,1657749,0.197174,8407551
2,2021-03-03,82021,2528814,39528,1275012,42474,1253683,19,119,46255,861534,0.102471,35525,845142,0.100522,48927,1706676,0.202993,8407551
2,2021-03-04,89841,2618655,44026,1319038,45782,1299465,33,152,51400,877205,0.104335,38175,883317,0.105062,53846,1760522,0.209398,8407551
2,2021-03-05,83500,2702155,39141,1358179,44038,1343503,321,473,50642,897969,0.106805,32601,915918,0.10894,53365,1813887,0.215745,8407551
2,2021-03-06,63619,2765774,31049,1389228,30855,1374358,1715,2188,38969,915575,0.108899,24507,940425,0.111855,42113,1856000,0.220754,8407551
2,2021-03-07,28848,2794622,16373,1405601,10923,1385281,1552,3740,18246,925972,0.110136,10522,950947,0.113106,20919,1876919,0.223242,8407551
2,2021-03-08,51192,2845814,23462,1429063,25154,1410435,2576,6316,32136,943385,0.112207,18933,969880,0.115358,36346,1913265,0.227565,8407551
2,2021-03-09,71125,2916939,32377,1461440,34873,1445308,3875,10191,39341,956311,0.113744,31630,1001510,0.11912,44556,1957821,0.232865,8407551
2,2021-03-10,79074,2996013,37385,1498825,35091,1480399,6598,16789,41893,969171,0.115274,36945,1038455,0.123515,49805,2007626,0.238788,8407551
2,2021-03-11,93762,3089775,43273,1542098,42082,1522481,8407,25196,48848,983213,0.116944,44583,1083038,0.128817,58625,2066251,0.245761,8407551
2,2021-03-12,94734,3184509,39014,1581112,43716,1566197,12004,37200,46982,996074,0.118474,47481,1130519,0.134465,60342,2126593,0.252938,8407551
2,2021-03-13,69562,3254071,29096,1610208,32438,1598635,8028,45228,38138,1012226,0.120395,31272,1161791,0.138184,47424,2174017,0.258579,8407551
2,2021-03-14,37141,3291212,18364,1628572,14255,1612890,4522,49750,18649,1017745,0.121051,18381,1180172,0.14037,23900,2197917,0.261422,8407551
2,2021-03-15,67828,3359040,30633,1659205,32172,1645062,5023,54773,37329,1030935,0.12262,30258,1210430,0.143969,43448,2241365,0.26659,8407551
2,2021-03-16,86798,3445838,38449,1697654,44310,1689372,4039,58812,52326,1054166,0.125383,34252,1244682,0.148043,57483,2298848,0.273427,8407551
2,2021-03-17,93421,3539259,44769,1742423,44442,1733814,4210,63022,59137,1084321,0.12897,33990,1278672,0.152086,64145,2362993,0.281056,8407551
2,2021-03-18,98737,3637996,47115,1789538,46991,1780805,4631,67653,59842,1110786,0.132118,38550,1317222,0.156671,65015,2428008,0.288789,8407551
2,2021-03-19,98015,3736011,46424,1835962,45423,1826228,6168,73821,57806,1135373,0.135042,39880,1357102,0.161415,64467,2492475,0.296457,8407551
2,2021-03-20,70399,3806410,34088,1870050,32305,1858533,4006,77827,45847,1161267,0.138122,24301,1381403,0.164305,50195,2542670,0.302427,8407551
2,2021-03-21,33784,3840194,21751,1891801,10025,1868558,2008,79835,20181,1170454,0.139215,13436,1394839,0.165903,22623,2565293,0.305118,8407551
2,2021-03-22,63251,3903445,34822,1926623,25783,1894341,2646,82481,41796,1194596,0.142086,21197,1416036,0.168424,45339,2610632,0.31051,8407551
2,2021-03-23,84355,3987800,44831,1971454,36590,1930931,2934,85415,52287,1218890,0.144976,31764,1447800,0.172202,56058,2666690,0.317178,8407551
2,2021-03-24,92368,4080168,49629,2021083,39557,1970488,3182,88597,53820,1238519,0.14731,38188,1485988,0.176744,57817,2724507,0.324055,8407551
2,2021-03-25,102046,4182214,51470,2072553,46642,2017130,3934,92531,57286,1256136,0.149406,44370,1530358,0.182022,61987,2786494,0.331428,8407551
2,2021-03-26,104101,4286315,51592,2124145,49009,2066139,3500,96031,56522,1270030,0.151058,47164,1577522,0.187632,61058,2847552,0.33869,8407551
2,2021-03-27,76134,4362449,37997,2162142,34821,2100960,3316,99347,37909,1274174,0.151551,37945,1615467,0.192145,42089,2889641,0.343696,8407551
2,2021-03-28,38017,4400466,23490,2185632,13714,2114674,813,100160,20223,1278413,0.152055,17651,1633118,0.194244,21890,2911531,0.3463,8407551
2,2021-03-29,72181,4472647,36668,2222300,33228,2147902,2285,102445,40740,1291221,0.153579,31203,1664321,0.197956,44011,2955542,0.351534,8407551
2,2021-03-30,92698,4565345,45407,2267707,42902,2190804,4389,106834,51764,1307300,0.155491,40701,1705022,0.202797,56780,3012322,0.358288,8407551
2,2021-03-31,101827,4667172,52488,2320195,44204,2235008,5135,111969,57500,1326322,0.157754,43992,1749014,0.208029,63014,3075336,0.365783,8407551
2,2021-04-01,118566,4785738,57267,2377462,51969,2286977,9330,121299,64285,1346512,0.160155,53820,1802834,0.21443,74010,3149346,0.374585,8407551
2,2021-04-02,112368,4898106,51762,2429224,50343,2337320,10263,131562,59987,1365260,0.162385,51955,1854789,0.22061,70703,3220049,0.382995,8407551
2,2021-04-03,77210,4975316,37948,2467172,29377,2366697,9885,141447,38189,1374903,0.163532,38796,1893585,0.225224,48439,3268488,0.388756,8407551
2,2021-04-04,29135,5004451,14994,2482166,10260,2376957,3881,145328,13054,1375897,0.16365,15964,1909549,0.227123,16958,3285446,0.390773,8407551
2,2021-04-05,79703,5084154,39040,2521206,31760,2408717,8903,154231,38360,1382752,0.164465,41147,1950696,0.232017,48002,3333448,0.396483,8407551
2,2021-04-06,104510,5188664,50907,2572113,38831,2447548,14772,169003,49408,1392527,0.165628,54804,2005500,0.238536,64579,3398027,0.404164,8407551
2,2021-04-07,111252,5299916,55515,2627628,39387,2486935,16350,185353,52166,1402489,0.166813,58772,2064272,0.245526,68734,3466761,0.412339,8407551
2,2021-04-08,119919,5419835,57716,2685344,43360,2530295,18843,204196,55599,1413509,0.168124,63934,2128206,0.25313,74954,3541715,0.421254,8407551
2,2021-04-09,119480,5539315,57452,2742796,43787,2574082,18241,222437,56399,1426273,0.169642,62684,2190890,0.260586,75448,3617163,0.430228,8407551
2,2021-04-10,87940,5627255,37921,2780717,31515,2605597,18504,240941,36196,1430146,0.170103,51470,2242360,0.266708,55343,3672506,0.43681,8407551
2,2021-04-11,44637,5671892,23149,2803866,12984,2618581,8504,249445,18254,1431384,0.17025,26225,2268585,0.269827,27463,3699969,0.440077,8407551
2,2021-04-12,80504,5752396,37478,2841344,33545,2652126,9481,258926,35811,1433246,0.170471,44403,2312988,0.275108,46265,3746234,0.44558,8407551
2,2021-04-13,102331,5854727,53125,2894469,48939,2701065,267,259193,55897,1444170,0.171771,46136,2359124,0.280596,57060,3803294,0.452366,8407551
2,2021-04-14,107245,5961972,56189,2950658,50996,2752061,60,259253,54637,1448026,0.172229,52279,2411403,0.286814,56135,3859429,0.459043,8407551
2,2021-04-15,113611,6075583,60300,3010958,53213,2805274,98,259351,59149,1454304,0.172976,54045,2465448,0.293242,60323,3919752,0.466218,8407551
2,2021-04-16,111224,6186807,57660,3068618,53505,2858779,59,259410,56369,1457108,0.173309,54480,2519928,0.299722,57284,3977036,0.473031,8407551
2,2021-04-17,83832,6270639,42648,3111266,41168,2899947,16,259426,46756,1467945,0.174598,36805,2556733,0.3041,47642,4024678,0.478698,8407551
2,2021-04-18,36059,6306698,21914,3133180,14134,2914081,11,259437,17056,1467147,0.174503,18858,2575591,0.306343,18060,4042738,0.480846,8407551
2,2021-04-19,75125,6381823,40451,3173631,34655,2948736,19,259456,34070,1461084,0.173782,40767,2616358,0.311191,34704,4077442,0.484974,8407551
2,2021-04-20,97840,6479663,49495,3223126,48317,2997053,28,259484,47168,1458726,0.173502,50301,2666659,0.317174,47943,4125385,0.490676,8407551
2,2021-04-21,104298,6583961,56486,3279612,47742,3044795,70,259554,49157,1454300,0.172975,54634,2721293,0.323672,50208,4175593,0.496648,8407551
2,2021-04-22,108816,6692777,56301,3335913,52487,3097282,28,259582,47555,1441962,0.171508,60801,2782094,0.330904,48463,4224056,0.502412,8407551
2,2021-04-23,108415,6801192,57727,3393640,50669,3147951,19,259601,49999,1434933,0.170672,57976,2840070,0.3378,50947,4275003,0.508472,8407551
2,2021-04-24,81256,6882448,47836,3441476,33377,3181328,43,259644,42229,1439495,0.171215,38655,2878725,0.342398,43217,4318220,0.513612,8407551
2,2021-04-25,36724,6919172,22611,3464087,14096,3195424,17,259661,19939,1443297,0.171667,16626,2895351,0.344375,20428,4338648,0.516042,8407551
2,2021-04-26,74599,6993771,41347,3505434,32935,3228359,317,259978,34170,1439105,0.171168,40134,2935485,0.349149,35942,4374590,0.520317,8407551
2,2021-04-27,88669,7082440,46812,3552246,40483,3268842,1374,261352,37939,1429340,0.170007,50326,2985811,0.355134,40561,4415151,0.525141,8407551
2,2021-04-28,88635,7171075,47397,3599643,39358,3308200,1880,263232,39000,1421864,0.169117,49277,3035088,0.360995,41801,4456952,0.530113,8407551
2,2021-04-29,91633,7262708,49935,3649578,39978,3348178,1720,264952,35516,1404001,0.166993,55703,3090791,0.367621,37840,4494792,0.534614,8407551
2,2021-04-30,95274,7357982,52640,3702218,40621,3388799,2013,266965,36931,1385750,0.164822,57853,3148644,0.374502,39602,4534394,0.539324,8407551
2,2021-05-01,62994,7420976,38422,3740640,22968,3411767,1604,268569,24542,1374649,0.163502,38101,3186745,0.379034,27000,4561394,0.542535,8407551
2,2021-05-02,29392,7450368,20464,3761104,7951,3419718,977,269546,11156,1368782,0.162804,18089,3204834,0.381185,12222,4573616,0.543989,8407551
2,2021-05-03,60879,7511247,36158,3797262,22654,3442372,2067,271613,20407,1351337,0.160729,40180,3245014,0.385964,22735,4596351,0.546693,8407551
2,2021-05-04,80322,7591569,47954,3845216,29959,3472331,2409,274022,26023,1326229,0.157743,53929,3298943,0.392379,28821,4625172,0.550121,8407551
2,2021-05-05,80964,7672533,48241,3893457,30359,3502690,2364,276386,25297,1299003,0.154504,55255,3354198,0.398951,28029,4653201,0.553455,8407551
2,2021-05-06,83363,7755896,50631,3944088,29797,3532487,2935,279321,25343,1270398,0.151102,57514,3411712,0.405791,28909,4682110,0.556893,8407551
2,2021-05-07,84144,7840040,48581,3992669,33127,3565614,2436,281757,25847,1241248,0.147635,57883,3469595,0.412676,28733,4710843,0.560311,8407551
2,2021-05-08,55921,7895961,33920,4026589,20272,3585886,1729,283486,17472,1222976,0.145462,38202,3507797,0.41722,19930,4730773,0.562681,8407551
2,2021-05-09,21929,7917890,15790,4042379,5390,3591276,749,284235,6329,1214780,0.144487,15504,3523301,0.419064,7308,4738081,0.563551,8407551
2,2021-05-10,50506,7968396,27532,4069911,21082,3612358,1892,286127,14224,1195494,0.142193,36005,3559306,0.423346,16719,4754800,0.565539,8407551
2,2021-05-11,66621,8035017,36118,4106029,28364,3640722,2139,288266,20043,1172113,0.139412,46253,3605559,0.428848,22872,4777672,0.56826,8407551
2,2021-05-12,65530,8100547,34930,4140959,28362,3669084,2238,290504,19254,1148068,0.136552,45949,3651508,0.434313,21904,4799576,0.570865,8407551
2,2021-05-13,71354,8171901,41455,4182414,27946,3697030,1953,292457,26074,1131865,0.134625,44969,3696477,0.439662,28766,4828342,0.574286,8407551
2,2021-05-14,80321,8252222,48154,4230568,29891,3726921,2276,294733,30826,1116492,0.132796,49116,3745593,0.445503,33743,4862085,0.5783,8407551
2,2021-05-15,66830,8319052,43899,4274467,21208,3748129,1723,296456,25897,1103848,0.131292,40667,3786260,0.45034,28023,4890108,0.581633,8407551
2,2021-05-16,31811,8350863,23808,4298275,7077,3755206,926,297382,12942,1099122,0.13073,18726,3804986,0.452568,14000,4904108,0.583298,8407551
2,2021-05-17,58270,8409133,36924,4335199,19383,3774589,1963,299345,22935,1089311,0.129563,35075,3840061,0.45674,25264,4929372,0.586303,8407551
2,2021-05-18,70441,8479574,41213,4376412,27257,3801846,1971,301316,27918,1077505,0.128159,42235,3882296,0.461763,30429,4959801,0.589922,8407551
2,2021-05-19,69202,8548776,40952,4417364,26229,3828075,2021,303337,27358,1065839,0.126772,41516,3923812,0.466701,29850,4989651,0.593473,8407551
2,2021-05-20,69943,8618719,40597,4457961,27150,3855225,2196,305533,26593,1052229,0.125153,43002,3966814,0.471816,29392,5019043,0.596968,8407551
2,2021-05-21,73509,8692228,43415,4501376,27922,3883147,2172,307705,27931,1037689,0.123423,45204,4012018,0.477192,30664,5049707,0.600616,8407551
2,2021-05-22,53914,8746142,34235,4535611,17905,3901052,1774,309479,22495,1031323,0.122666,31176,4043194,0.4809,24810,5074517,0.603567,8407551
2,2021-05-23,24470,8770612,16697,4552308,7047,3908099,726,310205,10260,1028370,0.122315,14080,4057274,0.482575,11127,5085644,0.60489,8407551
2,2021-05-24,45218,8815830,25718,4578026,17711,3925810,1789,311994,17376,1020277,0.121352,27602,4084876,0.485858,19509,5105153,0.60721,8407551
2,2021-05-25,51157,8866987,29978,4608004,19304,3945114,1875,313869,19440,1010729,0.120217,31401,4116277,0.489593,21853,5127006,0.60981,8407551
2,2021-05-26,49017,8916004,27483,4635487,19842,3964956,1692,315561,19161,1002410,0.119227,29512,4145789,0.493103,21193,5148199,0.61233,8407551
2,2021-05-27,46810,8962814,26551,4662038,18522,3983478,1737,317298,18672,995438,0.118398,27885,4173674,0.49642,20913,5169112,0.614818,8407551
2,2021-05-28,50445,9013259,27899,4689937,20566,4004044,1980,319278,21149,989976,0.117748,29026,4202700,0.499872,23564,5192676,0.617621,8407551
2,2021-05-29,29126,9042385,17453,4707390,10610,4014654,1063,320341,13269,988795,0.117608,15692,4218392,0.501738,14511,5207187,0.619346,8407551
2,2021-05-30,12701,9055086,8184,4715574,3749,4018403,768,321109,5534,988062,0.117521,7101,4225493,0.502583,6368,5213555,0.620104,8407551
2,2021-05-31,5948,9061034,3488,4719062,2155,4020558,305,321414,1855,986240,0.117304,4030,4229523,0.503062,2208,5215763,0.620367,8407551
2,2021-06-01,45073,9106107,25897,4744959,17508,4038066,1668,323082,15664,974865,0.115951,29076,4258599,0.506521,17701,5233464,0.622472,8407551
2,2021-06-02,38355,9144462,22551,4767510,14382,4052448,1422,324504,14987,968481,0.115192,23095,4281694,0.509268,16711,5250175,0.624459,8407551
2,2021-06-03,41546,9186008,26754,4794264,13315,4065763,1477,325981,13974,956995,0.113826,27324,4309018,0.512518,15838,5266013,0.626343,8407551
2,2021-06-04,48211,9234219,31493,4825757,15173,4080936,1545,327526,15523,942215,0.112068,32372,4341390,0.516368,17592,5283605,0.628436,8407551
2,2021-06-05,38012,9272231,27134,4852891,9408,4090344,1470,328996,11820,929976,0.110612,25953,4367343,0.519455,13714,5297319,0.630067,8407551
2,2021-06-06,14951,9287182,12268,4865159,2104,4092448,579,329575,4654,925172,0.110041,10231,4377574,0.520672,5427,5302746,0.630712,8407551
2,2021-06-07,33368,9320550,23348,4888507,8739,4101187,1281,330856,10849,915181,0.108852,22361,4399935,0.523331,12370,5315116,0.632184,8407551
2,2021-06-08,40669,9361219,28775,4917282,10523,4111710,1371,332227,12453,901423,0.107216,27966,4427901,0.526658,14208,5329324,0.633874,8407551
2,2021-06-09,38181,9399400,26658,4943940,10023,4121733,1500,333727,11529,888324,0.105658,26454,4454355,0.529804,13355,5342679,0.635462,8407551
2,2021-06-10,37827,9437227,26309,4970249,9987,4131720,1531,335258,11581,875864,0.104176,26047,4480402,0.532902,13587,5356266,0.637078,8407551
2,2021-06-11,41401,9478628,27500,4997749,12226,4143946,1675,336933,13222,863152,0.102664,27912,4508314,0.536222,15200,5371466,0.638886,8407551
2,2021-06-12,29561,9508189,21771,5019520,6874,4150820,916,337849,8666,852215,0.101363,20751,4529065,0.53869,9814,5381280,0.640053,8407551
2,2021-06-13,12237,9520426,8938,5028458,2680,4153500,619,338468,3102,847033,0.100747,9071,4538136,0.539769,3889,5385169,0.640516,8407551
2,2021-06-14,29947,9550373,21251,5049709,7494,4160994,1202,339670,10324,839312,0.099828,19450,4557586,0.542082,11729,5396898,0.641911,8407551
2,2021-06-15,35778,9586151,23830,5073539,9893,4170887,2055,341725,12014,830258,0.098751,23503,4581089,0.544878,14449,5411347,0.643629,8407551
2,2021-06-16,33104,9619255,22856,5096395,8442,4179329,1806,343531,11405,822260,0.0978,21523,4602612,0.547438,13525,5424872,0.645238,8407551
2,2021-06-17,30925,9650180,20661,5117056,8460,4187789,1804,345335,10926,815375,0.096981,19823,4622435,0.549796,12938,5437810,0.646777,8407551
2,2021-06-18,34799,9684979,22933,5139989,9986,4197775,1880,347215,12630,808193,0.096127,21945,4644380,0.552406,14763,5452573,0.648533,8407551
2,2021-06-19,20981,9705960,14618,5154607,5103,4202878,1260,348475,7917,804668,0.095708,12900,4657280,0.55394,9375,5461948,0.649648,8407551
2,2021-06-20,8298,9714258,5934,5160541,1899,4204777,465,348940,3066,803080,0.095519,5189,4662469,0.554557,3601,5465549,0.650076,8407551
2,2021-06-21,19351,9733609,11842,5172383,6186,4210963,1323,350263,9872,805100,0.095759,9356,4671825,0.55567,11376,5476925,0.651429,8407551
2,2021-06-22,26913,9760522,18438,5190821,7094,4218057,1381,351644,10534,801082,0.095281,16206,4688031,0.557598,12188,5489113,0.652879,8407551
2,2021-06-23,25941,9786463,17906,5208727,6407,4224464,1628,353272,10553,798312,0.094952,15245,4703276,0.559411,12475,5501588,0.654363,8407551
2,2021-06-24,25367,9811830,17266,5225993,6579,4231043,1522,354794,10441,795734,0.094645,14774,4718050,0.561168,12196,5513784,0.655813,8407551
2,2021-06-25,28785,9840615,19505,5245498,7786,4238829,1494,356288,12001,792846,0.094302,16622,4734672,0.563145,13734,5527518,0.657447,8407551
2,2021-06-26,18665,9859280,13739,5259237,3994,4242823,932,357220,7605,790670,0.094043,10970,4745642,0.56445,8794,5536312,0.658493,8407551
2,2021-06-27,8806,9868086,6723,5265960,1634,4244457,449,357669,3525,789541,0.093909,5227,4750869,0.565072,4098,5540410,0.65898,8407551
2,2021-06-28,19824,9887910,15055,5281015,3524,4247981,1245,358914,8736,788754,0.093815,10958,4761827,0.566375,10171,5550581,0.66019,8407551
2,2021-06-29,22778,9910688,15852,5296867,5851,4253832,1075,359989,9730,786882,0.093592,12910,4774737,0.567911,11038,5561619,0.661503,8407551
2,2021-06-30,22004,9932692,15594,5312461,5387,4259219,1023,361012,9788,785852,0.09347,12071,4786808,0.569346,11041,5572660,0.662816,8407551
2,2021-07-01,19918,9952610,14060,5326521,4969,4264188,889,361901,8841,784838,0.093349,10947,4797755,0.570648,9933,5582593,0.663998,8407551
2,2021-07-02,22885,9975495,15768,5342289,6091,4270279,1026,362927,10121,783585,0.0932,12601,4810356,0.572147,11348,5593941,0.665347,8407551
2,2021-07-03,12537,9988032,9023,5351312,3040,4273319,474,363401,5725,783190,0.093153,6715,4817071,0.572946,6320,5600261,0.666099,8407551
2,2021-07-04,1012,9989044,595,5351907,350,4273669,67,363468,434,783147,0.093148,567,4817638,0.573013,524,5600785,0.666161,8407551
2,2021-07-05,11058,10000102,8094,5360001,2555,4276224,409,363877,5060,782812,0.093108,5932,4823570,0.573719,5597,5606382,0.666827,8407551
2,2021-07-06,23731,10023833,17223,5377224,5506,4281730,1002,364879,9160,778825,0.092634,14420,4837990,0.575434,10433,5616815,0.668068,8407551
2,2021-07-07,20569,10044402,14663,5391887,4803,4286533,1103,365982,8735,777233,0.092445,11692,4849682,0.576825,10100,5626915,0.669269,8407551
2,2021-07-08,19159,10063561,13340,5405227,4779,4291312,1040,367022,8061,775540,0.092243,10997,4860679,0.578133,9304,5636219,0.670376,8407551
2,2021-07-09,22478,10086039,15559,5420786,5666,4296978,1253,368275,9492,773637,0.092017,12847,4873526,0.579661,10944,5647163,0.671678,8407551
2,2021-07-10,14257,10100296,10508,5431294,3065,4300043,684,368959,6253,772822,0.09192,7911,4881437,0.580602,7096,5654259,0.672522,8407551
2,2021-07-11,6545,10106841,4811,5436105,1385,4301428,349,369308,3075,772891,0.091928,3426,4884863,0.581009,3495,5657754,0.672937,8407551
2,2021-07-12,18157,10124998,13345,5449450,3942,4305370,870,370178,7801,771519,0.091765,10242,4895105,0.582227,8870,5666624,0.673992,8407551
2,2021-07-13,19483,10144481,13748,5463198,4854,4310224,881,371059,8708,770672,0.091664,10630,4905735,0.583492,9783,5676407,0.675156,8407551
2,2021-07-14,18649,10163130,13301,5476499,4561,4314785,787,371846,8315,769781,0.091558,10204,4915939,0.584705,9313,5685720,0.676264,8407551
2,2021-07-15,18789,10181919,13621,5490120,4469,4319254,699,372545,8530,769085,0.091476,10139,4926078,0.585911,9443,5695163,0.677387,8407551
2,2021-07-16,22822,10204741,16417,5506537,5576,4324830,829,373374,10931,769290,0.0915,11760,4937838,0.58731,11965,5707128,0.67881,8407551
2,2021-07-17,14341,10219082,10441,5516978,3367,4328197,533,373907,6919,769544,0.09153,7332,4945170,0.588182,7586,5714714,0.679712,8407551
2,2021-07-18,6972,10226054,5205,5522183,1439,4329636,328,374235,3526,770063,0.091592,3403,4948573,0.588587,3922,5718636,0.680179,8407551
2,2021-07-19,18379,10244433,13690,5535873,3948,4333584,741,374976,9131,770987,0.091702,9131,4957704,0.589673,10055,5728691,0.681375,8407551
2,2021-07-20,20823,10265256,14816,5550689,5171,4338755,836,375812,10550,772452,0.091876,10139,4967843,0.590879,11604,5740295,0.682755,8407551
2,2021-07-21,20337,10285593,14786,5565475,4783,4343538,768,376580,10543,774288,0.092094,9671,4977514,0.592029,11507,5751802,0.684123,8407551
2,2021-07-22,20245,10305838,14457,5579932,4938,4348476,850,377430,10826,776863,0.092401,9275,4986789,0.593132,11850,5763652,0.685533,8407551
2,2021-07-23,24315,10330153,17017,5596949,6253,4354729,1045,378475,13232,780414,0.092823,10925,4997714,0.594432,14476,5778128,0.687255,8407551
2,2021-07-24,14756,10344909,10629,5607578,3633,4358362,494,378969,8245,782863,0.093114,6403,5004117,0.595193,8852,5786980,0.688307,8407551
2,2021-07-25,6677,10351586,4914,5612492,1623,4359985,140,379109,4942,786291,0.093522,1693,5005810,0.595395,5121,5792101,0.688917,8407551
2,2021-07-26,18927,10370513,13356,5625848,4801,4364786,770,379879,11995,792367,0.094245,6816,5012626,0.596205,12892,5804993,0.69045,8407551
2,2021-07-27,22745,10393258,16458,5642306,5431,4370217,856,380735,13334,797452,0.094849,9256,5021882,0.597306,14341,5819334,0.692156,8407551
2,2021-07-28,22572,10415830,16138,5658444,5532,4375749,902,381637,13354,802835,0.09549,9055,5030937,0.598383,14438,5833772,0.693873,8407551
2,2021-07-29,21362,10437192,15309,5673753,5137,4380886,916,382553,12912,808499,0.096163,8310,5039247,0.599372,13974,5847746,0.695535,8407551
2,2021-07-30,26170,10463362,18641,5692394,6574,4387460,955,383508,15674,815027,0.09694,10303,5049550,0.600597,16831,5864577,0.697537,8407551
2,2021-07-31,15730,10479092,11596,5703990,3625,4391085,509,384017,9526,819118,0.097426,6079,5055629,0.60132,10170,5874747,0.698747,8407551
2,2021-08-01,8027,10487119,6179,5710169,1678,4392763,170,384187,5265,821916,0.097759,2701,5058330,0.601641,5499,5880246,0.699401,8407551
2,2021-08-02,21208,10508327,15951,5726120,4502,4397265,755,384942,13457,828634,0.098558,7609,5065939,0.602546,14327,5894573,0.701105,8407551
2,2021-08-03,24014,10532341,17493,5743613,5509,4402774,1012,385954,14940,835789,0.099409,8926,5074865,0.603608,16081,5910654,0.703017,8407551
2,2021-08-04,22639,10554980,16758,5760371,5015,4407789,866,386820,14108,842471,0.100204,8389,5083254,0.604606,15071,5925725,0.70481,8407551
2,2021-08-05,23004,10577984,16892,5777263,5215,4413004,897,387717,14238,849125,0.100996,8594,5091848,0.605628,15248,5940973,0.706623,8407551
2,2021-08-06,27586,10605570,20197,5797460,6406,4419410,983,388700,16814,856462,0.101868,10584,5102432,0.606887,17921,5958894,0.708755,8407551
2,2021-08-07,16850,10622420,12521,5809981,3742,4423152,587,389287,10360,861110,0.102421,6381,5108813,0.607646,11029,5969923,0.710067,8407551
2,2021-08-08,9360,10631780,7088,5817069,2044,4425196,228,389515,5858,863823,0.102744,3415,5112228,0.608052,6128,5976051,0.710796,8407551
2,2021-08-09,23202,10654982,17797,5834866,4647,4429843,758,390273,14062,869787,0.103453,8983,5121211,0.60912,14947,5990998,0.712573,8407551
2,2021-08-10,24251,10679233,17872,5852738,5539,4435382,840,391113,14265,875220,0.104099,9811,5131022,0.610287,15244,6006242,0.714387,8407551
2,2021-08-11,21883,10701116,16335,5869073,4652,4440034,896,392009,12720,879945,0.104661,8986,5140008,0.611356,13711,6019953,0.716017,8407551
2,2021-08-12,23731,10724847,17001,5886074,5692,4445726,1038,393047,13853,885268,0.105294,9668,5149676,0.612506,14991,6034944,0.7178,8407551
2,2021-08-13,29601,10754448,21404,5907478,7173,4452899,1024,394071,17119,891414,0.106025,12129,5161805,0.613949,18275,6053219,0.719974,8407551
2,2021-08-14,18642,10773090,13738,5921216,4405,4457304,499,394570,10467,894927,0.106443,7588,5169393,0.614851,11101,6064320,0.721294,8407551
2,2021-08-15,9684,10782774,7256,5928472,2244,4459548,184,394754,5317,896552,0.106637,3946,5173339,0.615321,5571,6069891,0.721957,8407551
2,2021-08-16,24539,10807313,17378,5945850,6329,4465877,832,395586,12812,899846,0.107028,10494,5183833,0.616569,13788,6083679,0.723597,8407551
2,2021-08-17,25645,10832958,18189,5964039,6551,4472428,905,396491,12753,902156,0.107303,11470,5195303,0.617933,13780,6097459,0.725236,8407551
2,2021-08-18,25597,10858555,18195,5982234,6562,4478990,840,397331,12505,904232,0.10755,11415,5206718,0.619291,13491,6110950,0.726841,8407551
2,2021-08-19,25167,10883722,17446,5999680,6743,4485733,978,398309,12435,906795,0.107855,10971,5217689,0.620596,13534,6124484,0.72845,8407551
2,2021-08-20,15100,10898822,10767,6010447,3483,4489216,850,399159,6931,907663,0.107958,7056,5224745,0.621435,7924,6132408,0.729393,8407551
3,2020-12-15,339,339,339,339,0,0,0,0,339,339,4.2e-05,0,0,0.0,339,339,4.2e-05,8129050
3,2020-12-16,2517,2856,2517,2856,0,0,0,0,2518,2857,0.000351,0,0,0.0,2518,2857,0.000351,8129050
3,2020-12-17,7940,10796,7940,10796,0,0,0,0,7940,10797,0.001328,0,0,0.0,7940,10797,0.001328,8129050
3,2020-12-18,13559,24355,13538,24334,21,21,0,0,13554,24351,0.002996,0,0,0.0,13554,24351,0.002996,8129050
3,2020-12-19,7275,31630,7262,31596,13,34,0,0,7336,31686,0.003898,1,1,0.0,7336,31687,0.003898,8129050
3,2020-12-20,5685,37315,5672,37268,13,47,0,0,5732,37417,0.004603,1,2,0.0,5732,37419,0.004603,8129050
3,2020-12-21,14457,51772,14429,51697,28,75,0,0,14521,51937,0.006389,1,3,0.0,14521,51940,0.006389,8129050
3,2020-12-22,14937,66709,14337,66034,600,675,0,0,14974,66908,0.008231,3,6,1e-06,14974,66914,0.008231,8129050
3,2020-12-23,14973,81682,12331,78365,2642,3317,0,0,14989,81896,0.010074,2,8,1e-06,14990,81904,0.010075,8129050
3,2020-12-24,6831,88513,4886,83251,1945,5262,0,0,6828,88722,0.010914,2,10,1e-06,6828,88732,0.010915,8129050
3,2020-12-25,737,89250,676,83927,61,5323,0,0,734,89456,0.011004,0,10,1e-06,734,89466,0.011006,8129050
3,2020-12-26,4648,93898,3013,86940,1635,6958,0,0,4646,94102,0.011576,0,10,1e-06,4646,94112,0.011577,8129050
3,2020-12-27,3022,96920,1869,88809,1153,8111,0,0,3022,97124,0.011948,0,10,1e-06,3022,97134,0.011949,8129050
3,2020-12-28,13777,110697,8813,97622,4964,13075,0,0,13799,110921,0.013645,2,12,1e-06,13799,110933,0.013646,8129050
3,2020-12-29,15434,126131,8743,106365,6691,19766,0,0,15460,126379,0.015547,2,14,2e-06,15460,126393,0.015548,8129050
3,2020-12-30,18412,144543,10327,116692,8085,27851,0,0,18418,144796,0.017812,2,16,2e-06,18419,144812,0.017814,8129050
3,2020-12-31,8523,153066,3260,119952,5263,33114,0,0,8523,153317,0.01886,2,18,2e-06,8523,153335,0.018863,8129050
3,2021-01-01,1834,154900,880,120832,954,34068,0,0,1829,155145,0.019085,1,19,2e-06,1829,155164,0.019088,8129050
3,2021-01-02,4985,159885,2449,123281,2536,36604,0,0,4984,160129,0.019698,0,19,2e-06,4984,160148,0.019701,8129050
3,2021-01-03,1636,161521,862,124143,774,37378,0,0,1627,161754,0.019898,2,21,3e-06,1627,161775,0.019901,8129050
3,2021-01-04,12165,173686,6047,130190,6118,43496,0,0,12134,173879,0.02139,9,30,4e-06,12134,173909,0.021394,8129050
3,2021-01-05,15895,189581,8252,138442,7643,51139,0,0,14189,186412,0.022932,1689,1719,0.000211,14222,188131,0.023143,8129050
3,2021-01-06,20759,210340,11013,149455,9746,60885,0,0,16135,197983,0.024355,4575,6294,0.000774,16146,204277,0.025129,8129050
3,2021-01-07,26842,237182,15368,164823,11474,72359,0,0,17273,205746,0.02531,9530,15824,0.001947,17293,221570,0.027257,8129050
3,2021-01-08,30893,268075,18887,183710,12006,84365,0,0,18296,211497,0.026017,12572,28396,0.003493,18323,239893,0.029511,8129050
3,2021-01-09,12550,280625,7090,190800,5460,89825,0,0,8002,214967,0.026444,4541,32937,0.004052,8011,247904,0.030496,8129050
3,2021-01-10,7277,287902,4512,195312,2765,92590,0,0,4102,215904,0.02656,3173,36110,0.004442,4110,252014,0.031002,8129050
3,2021-01-11,29362,317264,19233,214545,10129,102719,0,0,16614,219832,0.027043,12737,48847,0.006009,16665,268679,0.033052,8129050
3,2021-01-12,32847,350111,19600,234145,13247,115966,0,0,20120,227400,0.027974,12704,61551,0.007572,20272,288951,0.035545,8129050
3,2021-01-13,34817,384928,18186,252331,16631,132597,0,0,24512,241658,0.029728,10285,71836,0.008837,24543,313494,0.038565,8129050
3,2021-01-14,34979,419907,14297,266628,20682,153279,0,0,29019,264798,0.032574,5920,77756,0.009565,29060,342554,0.042139,8129050
3,2021-01-15,39317,459224,14577,281205,24740,178019,0,0,34575,294734,0.036257,4716,82472,0.010145,34652,377206,0.046402,8129050
3,2021-01-16,22030,481254,7509,288714,14521,192540,0,0,19646,312031,0.038385,2372,84844,0.010437,19669,396875,0.048822,8129050
3,2021-01-17,13211,494465,4491,293205,8720,201260,0,0,12117,323072,0.039743,1093,85937,0.010572,12134,409009,0.050314,8129050
3,2021-01-18,24988,519453,13059,306264,11929,213189,0,0,19281,336708,0.04142,5695,91632,0.011272,19331,428340,0.052693,8129050
3,2021-01-19,41537,560990,21105,327369,20432,233621,0,0,32124,359550,0.04423,9373,101005,0.012425,32215,460555,0.056655,8129050
3,2021-01-20,46521,607511,23164,350533,23357,256978,0,0,36806,386777,0.04758,9666,110671,0.013614,36893,497448,0.061194,8129050
3,2021-01-21,48504,656015,21043,371576,27461,284439,0,0,42869,424165,0.052179,5566,116237,0.014299,42954,540402,0.066478,8129050
3,2021-01-22,50139,706154,19973,391549,30166,314605,0,0,45821,465775,0.057298,4286,120523,0.014826,45896,586298,0.072124,8129050
3,2021-01-23,30633,736787,12873,404422,17760,332365,0,0,27308,489827,0.060256,3315,123838,0.015234,27367,613665,0.07549,8129050
3,2021-01-24,18073,754860,8532,412954,9541,341906,0,0,16875,505539,0.062189,1194,125032,0.015381,16906,630571,0.07757,8129050
3,2021-01-25,41234,796094,18379,431333,22855,364761,0,0,31102,526635,0.064784,10102,135134,0.016624,31198,661769,0.081408,8129050
3,2021-01-26,47690,843784,22783,454116,24907,389668,0,0,37333,553754,0.06812,10324,145458,0.017894,37443,699212,0.086014,8129050
3,2021-01-27,51947,895731,24708,478824,27239,416907,0,0,41120,584199,0.071866,10758,156216,0.019217,41203,740415,0.091083,8129050
3,2021-01-28,52592,948323,24370,503194,28222,445129,0,0,43512,618780,0.07612,8992,165208,0.020323,43573,783988,0.096443,8129050
3,2021-01-29,51623,999946,24686,527880,26937,472066,0,0,41721,650831,0.080062,9721,174929,0.021519,41772,825760,0.101581,8129050
3,2021-01-30,37828,1037774,17812,545692,20016,492082,0,0,33068,679289,0.083563,4704,179633,0.022098,33162,858922,0.105661,8129050
3,2021-01-31,22884,1060658,12862,558554,10022,502104,0,0,21439,699326,0.086028,1427,181060,0.022273,21464,880386,0.108301,8129050
3,2021-02-01,46583,1107241,21316,579870,25267,527371,0,0,35490,723829,0.089042,11030,192090,0.02363,35533,915919,0.112672,8129050
3,2021-02-02,54982,1162223,22939,602809,32043,559414,0,0,42382,753769,0.092725,12497,204587,0.025167,42437,958356,0.117893,8129050
3,2021-02-03,60481,1222704,26860,629669,33621,593035,0,0,44942,783385,0.096369,15403,219990,0.027062,45019,1003375,0.123431,8129050
3,2021-02-04,64898,1287602,28102,657771,36796,629831,0,0,47511,813834,0.100114,17189,237179,0.029177,47638,1051013,0.129291,8129050
3,2021-02-05,71177,1358779,29980,687751,41197,671028,0,0,49162,841442,0.10351,21770,258949,0.031855,49378,1100391,0.135365,8129050
3,2021-02-06,44030,1402809,21068,708819,22962,693990,0,0,34286,866227,0.106559,9695,268644,0.033047,34480,1134871,0.139607,8129050
3,2021-02-07,19898,1422707,12659,721478,7239,701229,0,0,15270,877016,0.107887,4609,273253,0.033614,15398,1150269,0.141501,8129050
3,2021-02-08,51926,1474633,25064,746542,26862,728091,0,0,34008,893448,0.109908,17777,291030,0.035801,34209,1184478,0.145709,8129050
3,2021-02-09,59220,1533853,28671,775213,30549,758640,0,0,34595,904055,0.111213,24347,315377,0.038796,34954,1219432,0.150009,8129050
3,2021-02-10,68857,1602710,32054,807267,36803,795443,0,0,36864,909756,0.111914,31690,347067,0.042695,37391,1256823,0.154609,8129050
3,2021-02-11,71303,1674013,35016,842283,36287,831730,0,0,37831,915029,0.112563,33116,380183,0.046768,38389,1295212,0.159331,8129050
3,2021-02-12,76285,1750298,32790,875073,43495,875225,0,0,42071,923978,0.113664,33901,414084,0.050939,42850,1338062,0.164603,8129050
3,2021-02-13,45527,1795825,20606,895679,24921,900146,0,0,26080,931323,0.114567,19329,433413,0.053317,26674,1364736,0.167884,8129050
3,2021-02-14,27590,1823415,13758,909437,13832,913978,0,0,15295,934860,0.115002,12227,445640,0.054821,15764,1380500,0.169823,8129050
3,2021-02-15,40545,1863960,17472,926909,23073,937051,0,0,22351,940094,0.115646,18075,463715,0.057044,23309,1403809,0.17269,8129050
3,2021-02-16,70874,1934834,33527,960436,37347,974398,0,0,36692,943807,0.116103,34033,497748,0.061231,37746,1441555,0.177334,8129050
3,2021-02-17,72660,2007494,36684,997120,35976,1010374,0,0,34356,941182,0.11578,38055,535803,0.065912,35430,1476985,0.181692,8129050
3,2021-02-18,77835,2085329,40633,1037753,37202,1047576,0,0,35890,936699,0.115229,41729,577532,0.071045,37246,1514231,0.186274,8129050
3,2021-02-19,69885,2155214,40270,1078023,29615,1077191,0,0,35208,938083,0.115399,34503,612035,0.07529,35887,1550118,0.190689,8129050
3,2021-02-20,43484,2198698,27424,1105447,16060,1093251,0,0,22603,940468,0.115692,20755,632790,0.077843,23140,1573258,0.193535,8129050
3,2021-02-21,24483,2223181,19658,1125105,4825,1098076,0,0,11788,940086,0.115645,12589,645379,0.079392,12207,1585465,0.195037,8129050
3,2021-02-22,47954,2271135,31217,1156322,16737,1114813,0,0,22421,937637,0.115344,25374,670753,0.082513,22925,1608390,0.197857,8129050
3,2021-02-23,64101,2335236,34807,1191129,29294,1144107,0,0,27879,931562,0.114597,35972,706725,0.086938,29897,1638287,0.201535,8129050
3,2021-02-24,80303,2415539,39468,1230597,40835,1184942,0,0,35317,924719,0.113755,44716,751441,0.092439,37873,1676160,0.206194,8129050
3,2021-02-25,90052,2505591,43874,1274471,46178,1231120,0,0,44685,926989,0.114034,45043,796484,0.09798,47313,1723473,0.212014,8129050
3,2021-02-26,101073,2606664,46221,1320692,54852,1285972,0,0,53135,934866,0.115003,47495,843979,0.103823,55372,1778845,0.218826,8129050
3,2021-02-27,71673,2678337,32910,1353602,38759,1324731,4,4,37568,939912,0.115624,33857,877836,0.107988,38903,1817748,0.223611,8129050
3,2021-02-28,41802,2720139,24141,1377743,17656,1342387,5,9,21150,941605,0.115832,20435,898271,0.110501,22128,1839876,0.226333,8129050
3,2021-03-01,70721,2790860,37480,1415223,33186,1375573,55,64,39243,951074,0.116997,31209,929480,0.114341,40678,1880554,0.231337,8129050
3,2021-03-02,82145,2873005,40512,1455735,41619,1417192,14,78,47305,965877,0.118818,34657,964137,0.118604,49460,1930014,0.237422,8129050
3,2021-03-03,92080,2965085,44058,1499793,47985,1465177,37,115,51349,979104,0.120445,40473,1004610,0.123583,53700,1983714,0.244028,8129050
3,2021-03-04,96563,3061648,47225,1547018,49313,1514490,25,140,54569,994294,0.122314,41726,1046336,0.128716,56916,2040630,0.251029,8129050
3,2021-03-05,92875,3154523,45355,1592373,47220,1561710,300,440,56032,1016350,0.125027,36540,1082876,0.133211,58596,2099226,0.258238,8129050
3,2021-03-06,66450,3220973,33682,1626055,30599,1592309,2169,2609,37851,1029397,0.126632,28431,1111307,0.136708,41478,2140704,0.26334,8129050
3,2021-03-07,39481,3260454,22781,1648836,14783,1607092,1917,4526,22173,1037422,0.127619,17225,1128532,0.138827,25250,2165954,0.266446,8129050
3,2021-03-08,60630,3321084,28869,1677705,28736,1635828,3025,7551,38311,1058142,0.130168,22140,1150672,0.141551,42860,2208814,0.271719,8129050
3,2021-03-09,77946,3399030,35987,1713692,37460,1673288,4499,12050,41828,1069654,0.131584,35945,1186617,0.145972,47457,2256271,0.277557,8129050
3,2021-03-10,84060,3483090,41820,1755512,36077,1709365,6163,18213,43849,1081064,0.132988,39965,1226582,0.150889,51375,2307646,0.283876,8129050
3,2021-03-11,98309,3581399,48104,1803616,41520,1750885,8685,26898,48040,1088853,0.133946,49967,1276549,0.157035,57756,2365402,0.290981,8129050
3,2021-03-12,103022,3684421,46021,1849637,45067,1795952,11934,38832,46989,1093059,0.134463,55760,1332309,0.163895,59966,2425368,0.298358,8129050
3,2021-03-13,71023,3755444,29907,1879544,33811,1829763,7305,46137,37490,1105772,0.136027,33377,1365686,0.168001,46090,2471458,0.304028,8129050
3,2021-03-14,41572,3797016,21707,1901251,16290,1846053,3575,49712,20934,1110356,0.136591,20537,1386223,0.170527,25121,2496579,0.307118,8129050
3,2021-03-15,76370,3873386,36223,1937474,35557,1881610,4590,54302,40205,1120213,0.137804,35905,1422128,0.174944,45762,2542341,0.312748,8129050
3,2021-03-16,95833,3969219,44202,1981676,47255,1928865,4376,58678,53769,1137453,0.139924,41785,1463913,0.180084,59025,2601366,0.320009,8129050
3,2021-03-17,99192,4068411,48170,2029846,46445,1975310,4577,63255,60115,1163966,0.143186,38809,1502722,0.184858,65322,2666688,0.328044,8129050
3,2021-03-18,104580,4172991,53118,2082964,46862,2022172,4600,67855,59799,1184427,0.145703,44457,1547179,0.190327,64918,2731606,0.33603,8129050
3,2021-03-19,104146,4277137,55909,2138873,43739,2065911,4498,72353,57864,1201340,0.147784,45969,1593148,0.195982,62882,2794488,0.343766,8129050
3,2021-03-20,72524,4349661,37377,2176250,31434,2097345,3713,76066,44541,1222303,0.150362,27751,1620899,0.199396,48714,2843202,0.349758,8129050
3,2021-03-21,36602,4386263,24859,2201109,10222,2107567,1521,77587,21966,1231760,0.151526,14510,1635409,0.201181,23967,2867169,0.352707,8129050
3,2021-03-22,71142,4457405,41810,2242919,26796,2134363,2536,80123,45153,1254740,0.154353,25719,1661128,0.204345,48699,2915868,0.358697,8129050
3,2021-03-23,90623,4548028,50122,2293041,37914,2172277,2587,82710,55143,1277979,0.157211,35182,1696310,0.208673,58421,2974289,0.365884,8129050
3,2021-03-24,99560,4647588,57285,2350326,39313,2211590,2962,85672,56204,1294777,0.159278,42961,1739271,0.213957,59759,3034048,0.373235,8129050
3,2021-03-25,108317,4755905,60144,2410470,45134,2256724,3039,88711,60556,1311623,0.16135,47380,1786651,0.219786,64226,3098274,0.381136,8129050
3,2021-03-26,111684,4867589,59898,2470368,48410,2305134,3376,92087,57107,1318734,0.162225,54200,1840851,0.226453,61311,3159585,0.388678,8129050
3,2021-03-27,75220,4942809,38240,2508608,34419,2339553,2561,94648,36163,1319319,0.162297,38797,1879648,0.231226,39382,3198967,0.393523,8129050
3,2021-03-28,44757,4987566,28205,2536813,15730,2355283,822,95470,22439,1321043,0.162509,22182,1901830,0.233955,23906,3222873,0.396464,8129050
3,2021-03-29,81560,5069126,42603,2579416,37092,2392375,1865,97335,44296,1331077,0.163743,36976,1938806,0.238503,47010,3269883,0.402247,8129050
3,2021-03-30,101201,5170327,49735,2629151,47757,2440132,3709,101044,56262,1347001,0.165702,44643,1983449,0.243995,60567,3330450,0.409697,8129050
3,2021-03-31,105850,5276177,57081,2686232,43875,2484007,4894,105938,56237,1359107,0.167191,49334,2032783,0.250064,61440,3391890,0.417255,8129050
3,2021-04-01,124875,5401052,63101,2749333,51912,2535919,9862,115800,66919,1378632,0.169593,57479,2090262,0.257135,77004,3468894,0.426728,8129050
3,2021-04-02,118774,5519826,57934,2807267,50392,2586311,10448,126248,62252,1395536,0.171673,56191,2146453,0.264047,73095,3541989,0.43572,8129050
3,2021-04-03,76581,5596407,39176,2846443,28111,2614422,9294,135542,38035,1404767,0.172808,38366,2184819,0.268767,47597,3589586,0.441575,8129050
3,2021-04-04,32624,5629031,17442,2863885,10933,2625355,4249,139791,14248,1404966,0.172833,18284,2203103,0.271016,18483,3608069,0.443849,8129050
3,2021-04-05,90302,5719333,45825,2909710,35141,2660496,9336,149127,43729,1412483,0.173757,46320,2249423,0.276714,53837,3661906,0.450472,8129050
3,2021-04-06,114262,5833595,55608,2965318,43343,2703839,15311,164438,53484,1421457,0.174861,60467,2309890,0.284153,69441,3731347,0.459014,8129050
3,2021-04-07,117084,5950679,60574,3025892,40118,2743957,16392,180830,56321,1433927,0.176395,60470,2370360,0.291591,72940,3804287,0.467987,8129050
3,2021-04-08,122165,6072844,60812,3086704,41049,2785006,20304,201134,56502,1446104,0.177893,65318,2435678,0.299626,77495,3881782,0.47752,8129050
3,2021-04-09,119305,6192149,59389,3146093,40608,2825614,19308,220442,52226,1451660,0.178577,66790,2502468,0.307843,72346,3954128,0.486419,8129050
3,2021-04-10,84875,6277024,38089,3184182,31411,2857025,15375,235817,34480,1452078,0.178628,50188,2552656,0.314017,50606,4004734,0.492645,8129050
3,2021-04-11,45528,6322552,24364,3208546,13073,2870098,8091,243908,17278,1450099,0.178385,28142,2580798,0.317478,26163,4030897,0.495863,8129050
3,2021-04-12,84543,6407095,42693,3251239,32960,2903058,8890,252798,38095,1451964,0.178614,46177,2626975,0.323159,48042,4078939,0.501773,8129050
3,2021-04-13,106085,6513180,57437,3308676,48435,2951493,213,253011,55712,1458683,0.179441,50095,2677070,0.329321,56814,4135753,0.508762,8129050
3,2021-04-14,108263,6621443,59194,3367870,48960,3000453,109,253120,53706,1459710,0.179567,54227,2731297,0.335992,55254,4191007,0.515559,8129050
3,2021-04-15,119954,6741397,67437,3435307,52432,3052885,85,253205,63765,1468555,0.180655,55822,2787119,0.342859,64667,4255674,0.523514,8129050
3,2021-04-16,116156,6857553,65098,3500405,50960,3103845,98,253303,60382,1474270,0.181358,55433,2842552,0.349678,61148,4316822,0.531036,8129050
3,2021-04-17,79907,6937460,43555,3543960,36337,3140182,15,253318,44371,1484346,0.182598,35285,2877837,0.354019,45361,4362183,0.536617,8129050
3,2021-04-18,39063,6976523,23611,3567571,15443,3155625,9,253327,18271,1482852,0.182414,20656,2898493,0.35656,19162,4381345,0.538974,8129050
3,2021-04-19,79612,7056135,44288,3611859,35264,3190889,60,253387,35672,1475391,0.181496,43708,2942201,0.361937,36247,4417592,0.543433,8129050
3,2021-04-20,101301,7157436,53312,3665171,47967,3238856,22,253409,48779,1473014,0.181204,52221,2994422,0.368361,49844,4467436,0.549564,8129050
3,2021-04-21,106523,7263959,59814,3724985,46628,3285484,81,253490,50129,1468338,0.180628,55978,3050400,0.375247,51302,4518738,0.555875,8129050
3,2021-04-22,112657,7376616,63315,3788300,49313,3334797,29,253519,48252,1453568,0.178812,64011,3114411,0.383121,49241,4567979,0.561933,8129050
3,2021-04-23,106954,7483570,61195,3849495,45727,3380524,32,253551,46713,1441485,0.177325,59849,3174260,0.390484,47766,4615745,0.567809,8129050
3,2021-04-24,74385,7557955,45888,3895383,28424,3408948,73,253624,36148,1440780,0.177238,37938,3212198,0.39515,37233,4652978,0.572389,8129050
3,2021-04-25,37171,7595126,23723,3919106,13430,3422378,18,253642,18925,1442054,0.177395,18075,3230273,0.397374,19349,4672327,0.574769,8129050
3,2021-04-26,74448,7669574,42075,3961181,31955,3454333,418,254060,31668,1433014,0.176283,42481,3272754,0.4026,33441,4705768,0.578883,8129050
3,2021-04-27,91658,7761232,48122,4009303,41777,3496110,1759,255819,36231,1416688,0.174275,55091,3327845,0.409377,38765,4744533,0.583652,8129050
3,2021-04-28,87448,7848680,49699,4059002,35595,3531705,2154,257973,35595,1403453,0.172647,51529,3379374,0.415716,38294,4782827,0.588362,8129050
3,2021-04-29,89772,7938452,51297,4110299,36239,3567944,2236,260209,31967,1380713,0.169849,57429,3436803,0.42278,34689,4817516,0.59263,8129050
3,2021-04-30,91352,8029804,51565,4161864,37291,3605235,2496,262705,33934,1360590,0.167374,57017,3493820,0.429794,36894,4854410,0.597168,8129050
3,2021-05-01,55950,8085754,35075,4196939,19384,3624619,1491,264196,20146,1347219,0.165729,35498,3529318,0.434161,22127,4876537,0.59989,8129050
3,2021-05-02,27125,8112879,18517,4215456,7585,3632204,1023,265219,9928,1341191,0.164987,17079,3546397,0.436262,11051,4887588,0.60125,8129050
3,2021-05-03,60181,8173060,35341,4250797,22457,3654661,2383,267602,17509,1318842,0.162238,42420,3588817,0.44148,20071,4907659,0.603719,8129050
3,2021-05-04,78052,8251112,45123,4295920,30234,3684895,2695,270297,22624,1289329,0.158608,55105,3643922,0.448259,25592,4933251,0.606867,8129050
3,2021-05-05,79592,8330704,47776,4343696,29093,3713988,2723,273020,21995,1257119,0.154645,57225,3701147,0.455299,25015,4958266,0.609944,8129050
3,2021-05-06,83906,8414610,53098,4396794,28264,3742252,2544,275564,20702,1218213,0.149859,62694,3763841,0.463011,23788,4982054,0.61287,8129050
3,2021-05-07,82907,8497517,51650,4448444,28606,3770858,2651,278215,21968,1182567,0.145474,60563,3824404,0.470461,24917,5006971,0.615936,8129050
3,2021-05-08,52957,8550474,32827,4481271,18401,3789259,1729,279944,14003,1159892,0.142685,38672,3863076,0.475219,15997,5022968,0.617903,8129050
3,2021-05-09,21080,8571554,15412,4496683,4875,3794134,793,280737,5498,1150769,0.141563,15481,3878557,0.477123,6358,5029326,0.618686,8129050
3,2021-05-10,48436,8619990,26064,4522747,20454,3814588,1918,282655,11221,1127169,0.138659,36993,3915550,0.481674,13393,5042719,0.620333,8129050
3,2021-05-11,64504,8684494,36190,4558937,26082,3840670,2232,284887,16209,1098051,0.135077,48024,3963574,0.487581,18906,5061625,0.622659,8129050
3,2021-05-12,65231,8749725,37485,4596422,25330,3866000,2416,287303,16637,1069117,0.131518,48305,4011879,0.493524,19371,5080996,0.625042,8129050
3,2021-05-13,75885,8825610,47820,4644242,26135,3892135,1930,289233,27672,1051400,0.129339,47947,4059826,0.499422,30230,5111226,0.628761,8129050
3,2021-05-14,80826,8906436,51027,4695269,27639,3919774,2160,291393,31273,1036200,0.127469,49235,4109061,0.505479,34035,5145261,0.632947,8129050
3,2021-05-15,62514,8968950,43108,4738377,18183,3937957,1223,292616,25826,1027020,0.126339,36461,4145522,0.509964,27281,5172542,0.636303,8129050
3,2021-05-16,33337,9002287,24929,4763306,7716,3945673,692,293308,13451,1021500,0.12566,19757,4165279,0.512394,14237,5186779,0.638055,8129050
3,2021-05-17,57250,9059537,36452,4799758,18937,3964610,1861,295169,21085,1008778,0.124095,35877,4201156,0.516808,23155,5209934,0.640903,8129050
3,2021-05-18,64781,9124318,38243,4838001,24663,3989273,1875,297044,24324,995206,0.122426,40170,4241326,0.521749,26598,5236532,0.644175,8129050
3,2021-05-19,64244,9188562,39045,4877046,23436,4012709,1763,298807,24838,982947,0.120918,39140,4280466,0.526564,26881,5263413,0.647482,8129050
3,2021-05-20,62091,9250653,36339,4913385,23892,4036601,1860,300667,22273,967908,0.119068,39513,4319979,0.531425,24474,5287887,0.650493,8129050
3,2021-05-21,66441,9317094,40383,4953768,23943,4060544,2115,302782,23737,951704,0.117074,42364,4362343,0.536636,26160,5314047,0.653711,8129050
3,2021-05-22,45970,9363064,30470,4984238,14024,4074568,1476,304258,19123,945946,0.116366,26614,4388957,0.53991,20856,5334903,0.656276,8129050
3,2021-05-23,21769,9384833,15065,4999303,6050,4080618,654,304912,9194,943425,0.116056,12482,4401439,0.541446,9961,5344864,0.657502,8129050
3,2021-05-24,39861,9424694,23329,5022632,14760,4095378,1772,306684,14785,935315,0.115058,24866,4426305,0.544505,16756,5361620,0.659563,8129050
3,2021-05-25,43048,9467742,24213,5046845,17145,4112523,1690,308374,15260,925002,0.11379,27497,4453802,0.547887,17184,5378804,0.661677,8129050
3,2021-05-26,42677,9510419,24427,5071272,16505,4129028,1745,310119,15989,916495,0.112743,26376,4480178,0.551132,17869,5396673,0.663875,8129050
3,2021-05-27,39547,9549966,22176,5093448,15612,4144640,1759,311878,15465,910067,0.111952,23904,4504082,0.554072,17476,5414149,0.666025,8129050
3,2021-05-28,43106,9593072,24366,5117814,16931,4161571,1809,313687,17911,905134,0.111346,24976,4529058,0.557145,20043,5434192,0.66849,8129050
3,2021-05-29,23537,9616609,14377,5132191,8318,4169889,842,314529,10980,904676,0.111289,12413,4541471,0.558672,11955,5446147,0.669961,8129050
3,2021-05-30,10654,9627263,6910,5139101,3107,4172996,637,315166,4477,903739,0.111174,6095,4547566,0.559422,5158,5451305,0.670596,8129050
3,2021-05-31,4703,9631966,2724,5141825,1712,4174708,267,315433,1472,902332,0.111001,3176,4550742,0.559812,1769,5453074,0.670813,8129050
3,2021-06-01,37925,9669891,21822,5163647,14650,4189358,1453,316886,13245,892801,0.109828,24423,4575165,0.562817,14892,5467966,0.672645,8129050
3,2021-06-02,31579,9701470,18150,5181797,12009,4201367,1420,318306,11676,886347,0.109035,19692,4594857,0.565239,13238,5481204,0.674274,8129050
3,2021-06-03,39763,9741233,27196,5208993,11125,4212492,1442,319748,11475,871401,0.107196,28102,4622959,0.568696,13156,5494360,0.675892,8129050
3,2021-06-04,46313,9787546,32756,5241749,12006,4224498,1551,321299,13154,853620,0.105009,32907,4655866,0.572744,15126,5509486,0.677753,8129050
3,2021-06-05,34433,9821979,25951,5267700,7295,4231793,1187,322486,8730,838246,0.103117,25489,4681355,0.57588,10115,5519601,0.678997,8129050
3,2021-06-06,14683,9836662,12250,5279950,1847,4233640,586,323072,3701,831783,0.102322,10917,4692272,0.577223,4454,5524055,0.679545,8129050
3,2021-06-07,30473,9867135,22146,5302096,7040,4240680,1287,324359,8737,820341,0.100915,21586,4713858,0.579878,10144,5534199,0.680793,8129050
3,2021-06-08,34389,9901524,24684,5326780,8409,4249089,1296,325655,9943,807573,0.099344,24234,4738092,0.582859,11466,5545665,0.682203,8129050
3,2021-06-09,33044,9934568,23961,5350741,7776,4256865,1307,326962,8868,793925,0.097665,23989,4762081,0.58581,10341,5556006,0.683475,8129050
3,2021-06-10,32569,9967137,23480,5374221,7553,4264418,1536,328498,8956,781165,0.096095,23451,4785532,0.588695,10691,5566697,0.684791,8129050
3,2021-06-11,35684,10002821,25235,5399456,9074,4273492,1375,329873,10588,768412,0.094527,24893,4810425,0.591757,12140,5578837,0.686284,8129050
3,2021-06-12,25285,10028106,19057,5418513,5333,4278825,895,330768,6691,757684,0.093207,18477,4828902,0.59403,7749,5586586,0.687237,8129050
3,2021-06-13,10160,10038266,7603,5426116,2066,4280891,491,331259,2367,752878,0.092616,7739,4836641,0.594982,2933,5589519,0.687598,8129050
3,2021-06-14,25863,10064129,18529,5444645,5904,4286795,1430,332689,8079,744883,0.091632,17647,4854288,0.597153,9652,5599171,0.688785,8129050
3,2021-06-15,28876,10093005,19538,5464183,7822,4294617,1516,334205,9706,737339,0.090704,18935,4873223,0.599482,11391,5610562,0.690187,8129050
3,2021-06-16,25985,10118990,18462,5482645,6102,4300719,1421,335626,8762,730635,0.08988,17039,4890262,0.601579,10335,5620897,0.691458,8129050
3,2021-06-17,24919,10143909,17846,5500491,5777,4306496,1296,336922,8646,724600,0.089137,16115,4906377,0.603561,10080,5630977,0.692698,8129050
3,2021-06-18,28067,10171976,19819,5520310,6674,4313170,1574,338496,9809,718126,0.088341,18023,4924400,0.605778,11549,5642526,0.694119,8129050
3,2021-06-19,16045,10188021,11782,5532092,3400,4316570,863,339359,5752,714688,0.087918,10162,4934562,0.607028,6724,5649250,0.694946,8129050
3,2021-06-20,6895,10194916,5171,5537263,1422,4317992,302,339661,2608,713423,0.087762,4228,4938790,0.607548,2963,5652213,0.69531,8129050
3,2021-06-21,16264,10211180,10266,5547529,4596,4322588,1402,341063,8092,714962,0.087951,8077,4946867,0.608542,9616,5661829,0.696493,8129050
3,2021-06-22,22117,10233297,15505,5563034,5314,4327902,1298,342361,8263,710956,0.087459,13723,4960590,0.61023,9717,5671546,0.697689,8129050
3,2021-06-23,20298,10253595,14214,5577248,4743,4332645,1341,343702,8032,708320,0.087134,12147,4972737,0.611724,9511,5681057,0.698859,8129050
3,2021-06-24,19986,10273581,13912,5591160,4620,4337265,1454,345156,7792,705660,0.086807,12013,4984750,0.613202,9353,5690410,0.700009,8129050
3,2021-06-25,23337,10296918,16557,5607717,5356,4342621,1424,346580,9119,702250,0.086388,14079,4998829,0.614934,10669,5701079,0.701322,8129050
3,2021-06-26,14027,10310945,10418,5618135,2834,4345455,775,347355,5854,700972,0.08623,8067,5006896,0.615926,6789,5707868,0.702157,8129050
3,2021-06-27,6707,10317652,5192,5623327,1207,4346662,308,347663,2862,700378,0.086157,3799,5010695,0.616394,3205,5711073,0.702551,8129050
3,2021-06-28,16010,10333662,12311,5635638,2615,4349277,1084,348747,6740,699183,0.08601,9126,5019821,0.617516,7931,5719004,0.703527,8129050
3,2021-06-29,18092,10351754,12745,5648383,4339,4353616,1008,349755,7396,697169,0.085763,10549,5030370,0.618814,8535,5727539,0.704577,8129050
3,2021-06-30,17069,10368823,12094,5660477,3933,4357549,1042,350797,7342,696134,0.085635,9568,5039938,0.619991,8533,5736072,0.705626,8129050
3,2021-07-01,16349,10385172,11649,5672126,3629,4361178,1071,351868,6878,694848,0.085477,9334,5049272,0.621139,8048,5744120,0.706616,8129050
3,2021-07-02,18455,10403627,13121,5685247,4231,4365409,1103,352971,7869,693449,0.085305,10468,5059740,0.622427,9069,5753189,0.707732,8129050
3,2021-07-03,10109,10413736,7302,5692549,2367,4367776,440,353411,4331,692622,0.085203,5701,5065441,0.623128,4874,5758063,0.708332,8129050
3,2021-07-04,727,10414463,427,5692976,213,4367989,87,353498,280,692565,0.085196,440,5065881,0.623182,383,5758446,0.708379,8129050
3,2021-07-05,9538,10424001,6974,5699950,2140,4370129,424,353922,4309,692204,0.085152,5157,5071038,0.623817,4796,5763242,0.708969,8129050
3,2021-07-06,19077,10443078,13831,5713781,4127,4374256,1119,355041,6899,688344,0.084677,12002,5083040,0.625293,8142,5771384,0.70997,8129050
3,2021-07-07,15748,10458826,11176,5724957,3458,4377714,1114,356155,6347,686652,0.084469,9261,5092301,0.626432,7569,5778953,0.710901,8129050
3,2021-07-08,15324,10474150,11063,5736020,3264,4380978,997,357152,6210,684962,0.084261,8987,5101288,0.627538,7297,5786250,0.711799,8129050
3,2021-07-09,17611,10491761,12274,5748294,4117,4385095,1220,358372,7277,683371,0.084065,10199,5111487,0.628793,8608,5794858,0.712858,8129050
3,2021-07-10,10853,10502614,7989,5756283,2199,4387294,665,359037,4601,682543,0.083963,6183,5117670,0.629553,5355,5800213,0.713517,8129050
3,2021-07-11,5120,10507734,3790,5760073,1055,4388349,275,359312,2310,682387,0.083944,2761,5120431,0.629893,2605,5802818,0.713837,8129050
3,2021-07-12,14326,10522060,10444,5770517,2880,4391229,1002,360314,5711,680631,0.083728,8537,5128968,0.630943,6781,5809599,0.714671,8129050
3,2021-07-13,15118,10537178,10678,5781195,3528,4394757,912,361226,6640,679882,0.083636,8382,5137350,0.631974,7633,5817232,0.71561,8129050
3,2021-07-14,14401,10551579,10221,5791416,3265,4398022,915,362141,6421,679400,0.083577,7879,5145229,0.632943,7397,5824629,0.71652,8129050
3,2021-07-15,14717,10566296,10636,5802052,3241,4401263,840,362981,6733,679161,0.083547,7886,5153115,0.633914,7647,5832276,0.717461,8129050
3,2021-07-16,17739,10584035,12747,5814799,4100,4405363,892,363873,8467,679428,0.08358,9163,5162278,0.635041,9430,5841706,0.718621,8129050
3,2021-07-17,11263,10595298,8250,5823049,2481,4407844,532,364405,5354,679544,0.083595,5837,5168115,0.635759,5953,5847659,0.719353,8129050
3,2021-07-18,5741,10601039,4336,5827385,1154,4408998,251,364656,2824,679771,0.083622,2874,5170989,0.636112,3101,5850760,0.719735,8129050
3,2021-07-19,14856,10615895,10872,5838257,3107,4412105,877,365533,7289,680543,0.083717,7467,5178456,0.637031,8239,5858999,0.720748,8129050
3,2021-07-20,16513,10632408,11492,5849749,4118,4416223,903,366436,8490,682112,0.08391,7905,5186361,0.638003,9474,5868473,0.721914,8129050
3,2021-07-21,15940,10648348,11285,5861034,3787,4420010,868,367304,8019,683283,0.084054,7793,5194154,0.638962,8964,5877437,0.723016,8129050
3,2021-07-22,16322,10664670,11534,5872568,3825,4423835,963,368267,8481,685073,0.084275,7715,5201869,0.639911,9505,5886942,0.724186,8129050
3,2021-07-23,19234,10683904,13707,5886275,4515,4428350,1012,369279,10342,687765,0.084606,8749,5210618,0.640987,11441,5898383,0.725593,8129050
3,2021-07-24,11553,10695457,8322,5894597,2652,4431002,579,369858,6369,689646,0.084837,5104,5215722,0.641615,6985,5905368,0.726452,8129050
3,2021-07-25,5634,10701091,4225,5898822,1199,4432201,210,370068,4073,692465,0.085184,1514,5217236,0.641801,4333,5909701,0.726985,8129050
3,2021-07-26,15416,10716507,10715,5909537,3735,4435936,966,371034,9310,696807,0.085718,5995,5223231,0.642539,10337,5920038,0.728257,8129050
3,2021-07-27,17442,10733949,12337,5921874,4131,4440067,974,372008,9993,700531,0.086176,7317,5230548,0.643439,11041,5931079,0.729615,8129050
3,2021-07-28,17036,10750985,12201,5934075,3797,4443864,1038,373046,9837,704398,0.086652,7057,5237605,0.644307,10924,5942003,0.730959,8129050
3,2021-07-29,16850,10767835,12129,5946204,3688,4447552,1033,374079,9938,708707,0.087182,6736,5244341,0.645136,11045,5953048,0.732318,8129050
3,2021-07-30,19586,10787421,13831,5960035,4673,4452225,1082,375161,11370,713236,0.087739,8012,5252353,0.646121,12541,5965589,0.733861,8129050
3,2021-07-31,12202,10799623,8839,5968874,2708,4454933,655,375816,7105,716107,0.088092,4955,5257308,0.646731,7826,5973415,0.734823,8129050
3,2021-08-01,6484,10806107,4940,5973814,1287,4456220,257,376073,4198,718373,0.088371,2224,5259532,0.647005,4490,5977905,0.735376,8129050
3,2021-08-02,16602,10822709,12052,5985866,3619,4459839,931,377004,10331,723555,0.089009,6144,5265676,0.64776,11326,5989231,0.736769,8129050
3,2021-08-03,18406,10841115,13280,5999146,4021,4463860,1105,378109,10981,728445,0.08961,7250,5272926,0.648652,12140,6001371,0.738262,8129050
3,2021-08-04,17572,10858687,12620,6011766,3938,4467798,1014,379123,10472,733044,0.090176,6937,5279863,0.649506,11536,6012907,0.739681,8129050
3,2021-08-05,17930,10876617,12959,6024725,3821,4471619,1150,380273,10827,738152,0.090804,6939,5286802,0.650359,12047,6024954,0.741163,8129050
3,2021-08-06,21721,10898338,15743,6040468,4821,4476440,1157,381430,12837,743526,0.091465,8687,5295489,0.651428,14061,6039015,0.742893,8129050
3,2021-08-07,12753,10911091,9487,6049955,2647,4479087,619,382049,7472,746526,0.091834,5142,5300631,0.65206,8142,6047157,0.743895,8129050
3,2021-08-08,7577,10918668,5800,6055755,1536,4480623,241,382290,4685,748680,0.092099,2808,5303439,0.652406,4962,6052119,0.744505,8129050
3,2021-08-09,18299,10936967,13695,6069450,3537,4484160,1067,383357,10361,752404,0.092557,7777,5311216,0.653362,11501,6063620,0.74592,8129050
3,2021-08-10,18510,10955477,13564,6083014,3952,4488112,994,384351,10441,755978,0.092997,7902,5319118,0.654335,11476,6075096,0.747332,8129050
3,2021-08-11,16533,10972010,11969,6094983,3541,4491653,1023,385374,9212,759147,0.093387,7122,5326240,0.655211,10291,6085387,0.748598,8129050
3,2021-08-12,18067,10990077,12749,6107732,4245,4495898,1073,386447,9930,762271,0.093771,7927,5334167,0.656186,11051,6096438,0.749957,8129050
3,2021-08-13,22528,11012605,15990,6123722,5384,4501282,1154,387601,12287,765977,0.094227,9806,5343973,0.657392,13512,6109950,0.751619,8129050
3,2021-08-14,14650,11027255,10316,6134038,3723,4505005,611,388212,7631,768166,0.094496,6105,5350078,0.658143,8294,6118244,0.752639,8129050
3,2021-08-15,8321,11035576,6035,6140073,2001,4507006,285,388497,4174,769282,0.094634,3369,5353447,0.658558,4485,6122729,0.753191,8129050
3,2021-08-16,20606,11056182,14193,6154266,5423,4512429,990,389487,9776,771235,0.094874,8899,5362346,0.659652,10852,6133581,0.754526,8129050
3,2021-08-17,21029,11077211,14259,6168525,5739,4518168,1031,390518,9666,772858,0.095074,9182,5371528,0.660782,10805,6144386,0.755855,8129050
3,2021-08-18,20818,11098029,13880,6182405,5946,4524114,992,391510,9370,774419,0.095266,8890,5380418,0.661875,10451,6154837,0.757141,8129050
3,2021-08-19,20562,11118591,13587,6195992,5945,4530059,1030,392540,8959,775696,0.095423,8777,5389195,0.662955,10054,6164891,0.758378,8129050
3,2021-08-20,11895,11130486,7924,6203916,3050,4533109,921,393461,4853,776105,0.095473,5473,5394668,0.663628,5882,6170773,0.759101,8129050
4,2020-12-15,471,471,471,471,0,0,0,0,471,471,5.9e-05,0,0,0.0,471,471,5.9e-05,8037679
4,2020-12-16,3093,3564,3093,3564,0,0,0,0,3093,3564,0.000443,0,0,0.0,3093,3564,0.000443,8037679
4,2020-12-17,9075,12639,9075,12639,0,0,0,0,9076,12640,0.001573,0,0,0.0,9076,12640,0.001573,8037679
4,2020-12-18,16344,28983,16331,28970,13,13,0,0,16343,28983,0.003606,0,0,0.0,16343,28983,0.003606,8037679
4,2020-12-19,10441,39424,10431,39401,10,23,0,0,10378,39361,0.004897,0,0,0.0,10378,39361,0.004897,8037679
4,2020-12-20,7486,46910,7472,46873,14,37,0,0,7441,46802,0.005823,0,0,0.0,7441,46802,0.005823,8037679
4,2020-12-21,16516,63426,16483,63356,33,70,0,0,16448,63249,0.007869,1,1,0.0,16448,63250,0.007869,8037679
4,2020-12-22,17312,80738,16546,79902,766,836,0,0,17267,80512,0.010017,4,5,1e-06,17267,80517,0.010017,8037679
4,2020-12-23,17283,98021,14484,94386,2799,3635,0,0,17261,97771,0.012164,2,7,1e-06,17261,97778,0.012165,8037679
4,2020-12-24,8642,106663,6007,100393,2635,6270,0,0,8640,106410,0.013239,1,8,1e-06,8640,106418,0.01324,8037679
4,2020-12-25,914,107577,809,101202,105,6375,0,0,914,107324,0.013353,0,8,1e-06,914,107332,0.013354,8037679
4,2020-12-26,6254,113831,3920,105122,2334,8709,0,0,6254,113578,0.014131,0,8,1e-06,6254,113586,0.014132,8037679
4,2020-12-27,3480,117311,2011,107133,1469,10178,0,0,3480,117058,0.014564,0,8,1e-06,3480,117066,0.014565,8037679
4,2020-12-28,15325,132636,9459,116592,5866,16044,0,0,15298,132353,0.016467,3,11,1e-06,15298,132364,0.016468,8037679
4,2020-12-29,15946,148582,8952,125544,6994,23038,0,0,15912,148264,0.018446,1,12,1e-06,15912,148276,0.018448,8037679
4,2020-12-30,19491,168073,11423,136967,8068,31106,0,0,19480,167742,0.020869,2,14,2e-06,19480,167756,0.020871,8037679
4,2020-12-31,8388,176461,3387,140354,5001,36107,0,0,8375,176108,0.02191,9,23,3e-06,8375,176131,0.021913,8037679
4,2021-01-01,1832,178293,836,141190,996,37103,0,0,1825,177929,0.022137,4,27,3e-06,1825,177956,0.02214,8037679
4,2021-01-02,5793,184086,3267,144457,2526,39629,0,0,5791,183719,0.022857,1,28,3e-06,5791,183747,0.022861,8037679
4,2021-01-03,2174,186260,1280,145737,894,40523,0,0,2160,185876,0.023126,3,31,4e-06,2160,185907,0.023129,8037679
4,2021-01-04,13126,199386,7090,152827,6036,46559,0,0,13077,198926,0.024749,27,58,7e-06,13077,198984,0.024756,8037679
4,2021-01-05,17111,216497,10129,162956,6982,53541,0,0,14859,211580,0.026324,2223,2281,0.000284,14877,213861,0.026607,8037679
4,2021-01-06,21860,238357,13394,176350,8466,62007,0,0,15666,221119,0.02751,6145,8426,0.001048,15684,229545,0.028559,8037679
4,2021-01-07,28243,266600,17231,193581,11012,73019,0,0,16823,226605,0.028193,11359,19785,0.002462,16845,246390,0.030654,8037679
4,2021-01-08,33203,299803,21319,214900,11884,84903,0,0,18478,230453,0.028672,14658,34443,0.004285,18506,264896,0.032957,8037679
4,2021-01-09,16434,316237,9721,224621,6713,91616,0,0,9541,233125,0.029004,6882,41325,0.005141,9554,274450,0.034145,8037679
4,2021-01-10,8857,325094,5717,230338,3140,94756,0,0,4215,232718,0.028953,4631,45956,0.005718,4224,278674,0.034671,8037679
4,2021-01-11,33866,358960,22240,252578,11626,106382,0,0,19081,237092,0.029498,14756,60712,0.007553,19130,297804,0.037051,8037679
4,2021-01-12,38917,397877,22451,275029,16466,122848,0,0,24477,247237,0.03076,14383,75095,0.009343,24528,322332,0.040103,8037679
4,2021-01-13,39253,437130,19456,294485,19797,142645,0,0,27793,263642,0.032801,11417,86512,0.010763,27822,350154,0.043564,8037679
4,2021-01-14,39800,476930,15346,309831,24454,167099,0,0,32518,288950,0.035949,7243,93755,0.011664,32551,382705,0.047614,8037679
4,2021-01-15,45905,522835,16078,325909,29827,196926,0,0,40206,323554,0.040255,5628,99383,0.012365,40232,422937,0.052619,8037679
4,2021-01-16,29055,551890,9446,335355,19609,216535,0,0,25873,346293,0.043084,3150,102533,0.012757,25889,448826,0.05584,8037679
4,2021-01-17,19110,571000,6617,341972,12493,229028,0,0,17438,362093,0.045049,1650,104183,0.012962,17450,466276,0.058011,8037679
4,2021-01-18,29726,600726,13782,355754,15944,244972,0,0,23665,379797,0.047252,5994,110177,0.013708,23698,489974,0.06096,8037679
4,2021-01-19,46717,647443,23355,379109,23362,268334,0,0,36911,407023,0.050639,9759,119936,0.014922,36985,526959,0.065561,8037679
4,2021-01-20,53122,700565,28364,407473,24758,293092,0,0,42384,438834,0.054597,10638,130574,0.016245,42449,569408,0.070842,8037679
4,2021-01-21,58465,759030,26292,433765,32173,325265,0,0,51530,483567,0.060163,6848,137422,0.017097,51581,620989,0.07726,8037679
4,2021-01-22,55928,814958,22430,456195,33498,358763,0,0,50642,529027,0.065818,5214,142636,0.017746,50674,671663,0.083564,8037679
4,2021-01-23,40000,854958,17433,473628,22567,381330,0,0,35613,560295,0.069709,4377,147013,0.01829,35645,707308,0.087999,8037679
4,2021-01-24,24274,879232,10567,484195,13707,395037,0,0,22357,580769,0.072256,1906,148919,0.018528,22380,729688,0.090783,8037679
4,2021-01-25,48516,927748,22399,506594,26117,421154,0,0,37180,606704,0.075482,11304,160223,0.019934,37239,766927,0.095416,8037679
4,2021-01-26,57468,985216,29275,535869,28193,449347,0,0,45006,639348,0.079544,12425,172648,0.02148,45069,811996,0.101024,8037679
4,2021-01-27,56941,1042157,27037,562906,29904,479251,0,0,45680,673901,0.083843,11183,183831,0.022871,45736,857732,0.106714,8037679
4,2021-01-28,57617,1099774,26022,588928,31595,510846,0,0,47322,711080,0.088468,10192,194023,0.024139,47371,905103,0.112608,8037679
4,2021-01-29,57423,1157197,27449,616377,29974,540820,0,0,46803,747502,0.093,10417,204440,0.025435,46839,951942,0.118435,8037679
4,2021-01-30,38721,1195918,17363,633740,21358,562178,0,0,33269,775408,0.096472,5396,209836,0.026107,33302,985244,0.122578,8037679
4,2021-01-31,24508,1220426,12771,646511,11737,573915,0,0,22776,796492,0.099095,1709,211545,0.026319,22793,1008037,0.125414,8037679
4,2021-02-01,50423,1270849,24258,670769,26165,600080,0,0,38548,823276,0.102427,11811,223356,0.027789,38595,1046632,0.130216,8037679
4,2021-02-02,56278,1327127,25841,696610,30437,630517,0,0,43159,853457,0.106182,13032,236388,0.02941,43213,1089845,0.135592,8037679
4,2021-02-03,62846,1389973,30832,727442,32014,662531,0,0,48115,887055,0.110362,14577,250965,0.031224,48175,1138020,0.141586,8037679
4,2021-02-04,68386,1458359,31790,759232,36596,699127,0,0,51348,921659,0.114667,16862,267827,0.033321,51466,1189486,0.147989,8037679
4,2021-02-05,73961,1532320,34230,793462,39731,738858,0,0,51286,950693,0.11828,22391,290218,0.036107,51425,1240911,0.154387,8037679
4,2021-02-06,49176,1581496,26383,819845,22793,761651,0,0,37506,976804,0.121528,11599,301817,0.03755,37710,1278621,0.159078,8037679
4,2021-02-07,26736,1608232,17660,837505,9076,770727,0,0,20146,990647,0.12325,6553,308370,0.038366,20396,1299017,0.161616,8037679
4,2021-02-08,59312,1667544,30463,867968,28849,799576,0,0,38453,1008648,0.12549,20715,329085,0.040943,38716,1337733,0.166433,8037679
4,2021-02-09,67970,1735514,34424,902392,33546,833122,0,0,39722,1020768,0.126998,28050,357135,0.044433,40170,1377903,0.17143,8037679
4,2021-02-10,78223,1813737,39147,941539,39076,872198,0,0,41025,1025410,0.127575,36942,394077,0.049029,41584,1419487,0.176604,8037679
4,2021-02-11,82430,1896167,43024,984563,39406,911604,0,0,41845,1027637,0.127852,40300,434377,0.054043,42527,1462014,0.181895,8037679
4,2021-02-12,85385,1981552,38274,1022837,47111,958715,0,0,43820,1030966,0.128267,41286,475663,0.059179,44615,1506629,0.187446,8037679
4,2021-02-13,59409,2040961,30031,1052868,29378,988093,0,0,30126,1032874,0.128504,29131,504794,0.062803,31039,1537668,0.191307,8037679
4,2021-02-14,37208,2078169,19331,1072199,17877,1005970,0,0,18978,1034354,0.128688,18167,522961,0.065064,19647,1557315,0.193752,8037679
4,2021-02-15,46790,2124959,21950,1094149,24840,1030810,0,0,23915,1036686,0.128978,22782,545743,0.067898,25114,1582429,0.196876,8037679
4,2021-02-16,81177,2206136,37260,1131409,43917,1074727,0,0,41114,1039119,0.129281,39907,585650,0.072863,42340,1624769,0.202144,8037679
4,2021-02-17,82540,2288676,39034,1170443,43506,1118233,0,0,39117,1036186,0.128916,43196,628846,0.078237,40263,1665032,0.207153,8037679
4,2021-02-18,84514,2373190,46530,1216973,37984,1156217,0,0,38901,1031161,0.128291,45398,674244,0.083885,40373,1705405,0.212176,8037679
4,2021-02-19,83799,2456989,52784,1269757,31015,1187232,0,0,41728,1031696,0.128357,41877,716121,0.089095,42412,1747817,0.217453,8037679
4,2021-02-20,50206,2507195,33416,1303173,16790,1204022,0,0,27010,1036317,0.128932,23102,739223,0.09197,27723,1775540,0.220902,8037679
4,2021-02-21,30582,2537777,24253,1327426,6329,1210351,0,0,14639,1035422,0.128821,15850,755073,0.093942,14955,1790495,0.222763,8037679
4,2021-02-22,56006,2593783,38447,1365873,17559,1227910,0,0,26922,1033918,0.128634,28901,783974,0.097537,27397,1817892,0.226171,8037679
4,2021-02-23,77666,2671449,43065,1408938,34601,1262511,0,0,33991,1026153,0.127668,43447,827421,0.102943,35682,1853574,0.230611,8037679
4,2021-02-24,92846,2764295,49079,1458017,43767,1306278,0,0,41637,1019050,0.126784,50923,878344,0.109278,43820,1897394,0.236062,8037679
4,2021-02-25,104597,2868892,54779,1512796,49818,1356096,0,0,49637,1016633,0.126483,54719,933063,0.116086,52302,1949696,0.24257,8037679
4,2021-02-26,110608,2979500,55875,1568671,54733,1410829,0,0,56203,1021117,0.127041,54082,987145,0.122815,58566,2008262,0.249856,8037679
4,2021-02-27,80689,3060189,43883,1612554,36793,1447622,13,13,42617,1027425,0.127826,37834,1024979,0.127522,44142,2052404,0.255348,8037679
4,2021-02-28,49877,3110066,30763,1643317,19107,1466729,7,20,27143,1032972,0.128516,22515,1047494,0.130323,28062,2080466,0.258839,8037679
4,2021-03-01,81581,3191647,47741,1691058,33785,1500514,55,75,44852,1042771,0.129735,36359,1083853,0.134847,46158,2126624,0.264582,8037679
4,2021-03-02,90437,3282084,51833,1742891,38593,1539107,11,86,52770,1059944,0.131872,37449,1121302,0.139506,54622,2181246,0.271378,8037679
4,2021-03-03,104371,3386455,55438,1798329,48912,1588019,21,107,58024,1073684,0.133581,46102,1167404,0.145241,59842,2241088,0.278823,8037679
4,2021-03-04,102627,3489082,57153,1855482,45454,1633473,20,127,55786,1084710,0.134953,46577,1213981,0.151036,57603,2298691,0.285989,8037679
4,2021-03-05,98749,3587831,53266,1908748,45155,1678628,328,455,57730,1103961,0.137348,40769,1254750,0.156108,60020,2358711,0.293457,8037679
4,2021-03-06,77712,3665543,43768,1952516,31292,1709920,2652,3107,47482,1125315,0.140005,30086,1284836,0.159852,51440,2410151,0.299857,8037679
4,2021-03-07,45250,3710793,27716,1980232,15310,1725230,2224,5331,26357,1136142,0.141352,18801,1303637,0.162191,29628,2439779,0.303543,8037679
4,2021-03-08,68750,3779543,35904,2016136,29437,1754667,3409,8740,45064,1162355,0.144613,23539,1327176,0.165119,49752,2489531,0.309733,8037679
4,2021-03-09,82832,3862375,41803,2057939,35724,1790391,5305,14045,44619,1175270,0.14622,38011,1365187,0.169848,50926,2540457,0.316068,8037679
4,2021-03-10,92829,3955204,47878,2105817,37378,1827769,7573,21618,46648,1184365,0.147352,45954,1411141,0.175566,55049,2595506,0.322917,8037679
4,2021-03-11,101822,4057026,53368,2159185,39896,1867665,8558,30176,46942,1186193,0.147579,54595,1465736,0.182358,56423,2651929,0.329937,8037679
4,2021-03-12,105649,4162675,52010,2211195,43249,1910914,10390,40566,45179,1182303,0.147095,60160,1525896,0.189843,56270,2708199,0.336938,8037679
4,2021-03-13,82272,4244947,38096,2249291,35624,1946538,8552,49118,38904,1187492,0.147741,43216,1569112,0.19522,48405,2756604,0.34296,8037679
4,2021-03-14,50226,4295173,28607,2277898,17961,1964499,3658,52776,23466,1188514,0.147868,26654,1595766,0.198536,27676,2784280,0.346403,8037679
4,2021-03-15,84420,4379593,45406,2323304,34706,1999205,4308,57084,42784,1195027,0.148678,41328,1637094,0.203677,47841,2832121,0.352356,8037679
4,2021-03-16,108745,4488338,56576,2379880,48718,2047923,3451,60535,57081,1204794,0.149893,51384,1688478,0.21007,61151,2893272,0.359964,8037679
4,2021-03-17,108265,4596603,58283,2438163,46457,2094380,3525,64060,63148,1227116,0.15267,44820,1733298,0.215647,67142,2960414,0.368317,8037679
4,2021-03-18,108111,4704714,59983,2498146,44395,2138775,3733,67793,60969,1245327,0.154936,46843,1780141,0.221475,65054,3025468,0.376411,8037679
4,2021-03-19,112591,4817305,64784,2562930,42557,2181332,5250,73043,63722,1266054,0.157515,48560,1828701,0.227516,69287,3094755,0.385031,8037679
4,2021-03-20,85009,4902314,49774,2612704,32183,2213515,3052,76095,51808,1288162,0.160265,33006,1861707,0.231622,55114,3149869,0.391888,8037679
4,2021-03-21,48661,4950975,35262,2647966,11137,2224652,2262,78357,28341,1298917,0.161603,20168,1881875,0.234132,30923,3180792,0.395735,8037679
4,2021-03-22,83358,5034333,54390,2702356,26211,2250863,2757,81114,51376,1322028,0.164479,31699,1913574,0.238075,54810,3235602,0.402554,8037679
4,2021-03-23,105987,5140320,63469,2765825,40348,2291211,2170,83284,62062,1343159,0.167108,43623,1957197,0.243503,64754,3300356,0.410611,8037679
4,2021-03-24,114677,5254997,73934,2839759,38293,2329504,2450,85734,63737,1359283,0.169114,50465,2007662,0.249781,66589,3366945,0.418895,8037679
4,2021-03-25,118326,5373323,72783,2912542,43091,2372595,2452,88186,66302,1376986,0.171316,51513,2059175,0.25619,69216,3436161,0.427507,8037679
4,2021-03-26,121068,5494391,73392,2985934,44617,2417212,3059,91245,65190,1390316,0.172975,55469,2114644,0.263091,68799,3504960,0.436066,8037679
4,2021-03-27,92960,5587351,54771,3040705,36371,2453583,1818,93063,46811,1393525,0.173374,45872,2160516,0.268798,49081,3554041,0.442173,8037679
4,2021-03-28,56348,5643699,37241,3077946,18227,2471810,880,93943,29642,1397897,0.173918,26513,2187029,0.272097,30885,3584926,0.446015,8037679
4,2021-03-29,94807,5738506,56758,3134704,35938,2507748,2111,96054,50688,1407420,0.175103,43819,2230848,0.277549,53342,3638268,0.452652,8037679
4,2021-03-30,118367,5856873,64621,3199325,49542,2557290,4204,100258,69602,1433112,0.178299,48487,2279335,0.283581,74179,3712447,0.46188,8037679
4,2021-03-31,122140,5979013,72072,3271397,43729,2601019,6339,106597,68011,1453885,0.180884,53734,2333069,0.290267,74507,3786954,0.47115,8037679
4,2021-04-01,143867,6122880,81969,3353366,48492,2649511,13406,120003,84331,1492398,0.185675,58976,2392045,0.297604,97489,3884443,0.483279,8037679
4,2021-04-02,137758,6260638,73600,3426966,50492,2700003,13666,133669,79175,1526981,0.189978,58253,2450298,0.304851,92836,3977279,0.494829,8037679
4,2021-04-03,101842,6362480,54429,3481395,33894,2733897,13519,147188,53058,1544953,0.192214,48558,2498856,0.310893,66530,4043809,0.503107,8037679
4,2021-04-04,47151,6409631,24903,3506298,14698,2748595,7550,154738,20532,1546355,0.192388,26497,2525353,0.314189,27899,4071708,0.506578,8037679
4,2021-04-05,110558,6520189,62033,3568331,35575,2784170,12950,167688,57271,1563898,0.194571,53032,2578385,0.320787,70575,4142283,0.515358,8037679
4,2021-04-06,139907,6660096,78728,3647059,41265,2825435,19914,187602,72439,1589413,0.197745,67202,2645587,0.329148,92717,4235000,0.526893,8037679
4,2021-04-07,138588,6798684,78546,3725605,39193,2864628,20849,208451,71599,1615222,0.200956,66701,2712288,0.337447,92510,4327510,0.538403,8037679
4,2021-04-08,141058,6939742,78601,3804206,36850,2901478,25607,234058,70266,1640886,0.204149,70461,2782749,0.346213,96125,4423635,0.550362,8037679
4,2021-04-09,138674,7078416,75993,3880199,39481,2940959,23200,257258,66189,1658797,0.206378,72198,2854947,0.355195,90109,4513744,0.561573,8037679
4,2021-04-10,104471,7182887,51497,3931696,33947,2974906,19027,276285,47153,1668720,0.207612,57082,2912029,0.362297,67005,4580749,0.569909,8037679
4,2021-04-11,63023,7245910,38247,3969943,13515,2988421,11261,287546,27565,1673132,0.208161,35331,2947360,0.366693,39743,4620492,0.574854,8037679
4,2021-04-12,103558,7349468,62913,4032856,30343,3018764,10302,297848,52124,1685596,0.209712,51100,2998460,0.37305,63564,4684056,0.582762,8037679
4,2021-04-13,131243,7480711,82369,4115225,48704,3067468,170,298018,78361,1712433,0.213051,52559,3051019,0.37959,79396,4763452,0.59264,8037679
4,2021-04-14,136794,7617505,87289,4202514,49424,3116892,81,298099,75610,1728527,0.215053,60830,3111849,0.387158,76924,4840376,0.602211,8037679
4,2021-04-15,156919,7774424,104312,4306826,52530,3169422,77,298176,95905,1764712,0.219555,60590,3172439,0.394696,96775,4937151,0.614251,8037679
4,2021-04-16,144291,7918715,91444,4398270,52766,3222188,81,298257,83564,1788716,0.222541,60368,3232807,0.402207,84372,5021523,0.624748,8037679
4,2021-04-17,101951,8020666,64002,4462272,37921,3260109,28,298285,59565,1807396,0.224865,42081,3274888,0.407442,60761,5082284,0.632307,8037679
4,2021-04-18,57317,8077983,38793,4501065,18519,3278628,5,298290,32157,1815517,0.225876,25003,3299891,0.410553,33124,5115408,0.636429,8037679
4,2021-04-19,101672,8179655,66965,4568030,34685,3313313,22,298312,51385,1817507,0.226123,50020,3349911,0.416776,52010,5167418,0.642899,8037679
4,2021-04-20,131992,8311647,78577,4646607,53396,3366709,19,298331,68276,1823540,0.226874,63353,3413264,0.424658,69386,5236804,0.651532,8037679
4,2021-04-21,135201,8446848,88234,4734841,46904,3413613,63,298394,67908,1825790,0.227154,66846,3480110,0.432974,69096,5305900,0.660128,8037679
4,2021-04-22,142301,8589149,94426,4829267,47850,3461463,25,298419,63425,1811950,0.225432,78435,3558545,0.442733,64595,5370495,0.668165,8037679
4,2021-04-23,135719,8724868,88305,4917572,47388,3508851,26,298445,58716,1795293,0.22336,76605,3635150,0.452264,59948,5430443,0.675623,8037679
4,2021-04-24,99328,8824196,67053,4984625,32223,3541074,52,298497,45645,1788710,0.222541,53364,3688514,0.458903,46781,5477224,0.681443,8037679
4,2021-04-25,50585,8874781,35658,5020283,14901,3555975,26,298523,26375,1791522,0.22289,24049,3712563,0.461895,26861,5504085,0.684785,8037679
4,2021-04-26,92558,8967339,60724,5081007,31431,3587406,403,298926,36282,1773610,0.220662,55943,3768506,0.468855,38031,5542116,0.689517,8037679
4,2021-04-27,114413,9081752,69943,5150950,42140,3629546,2330,301256,41106,1744891,0.217089,72965,3841471,0.477933,44246,5586362,0.695022,8037679
4,2021-04-28,105019,9186771,68598,5219548,33871,3663417,2550,303806,38318,1720102,0.214005,66331,3907802,0.486185,41542,5627904,0.70019,8037679
4,2021-04-29,106440,9293211,67978,5287526,35919,3699336,2543,306349,34290,1685768,0.209733,71773,3979575,0.495115,37439,5665343,0.704848,8037679
4,2021-04-30,106136,9399347,67218,5354744,36199,3735535,2719,309068,36400,1656245,0.20606,69310,4048885,0.503738,39787,5705130,0.709798,8037679
4,2021-05-01,70057,9469404,46482,5401226,21787,3757322,1788,310856,20424,1629771,0.202766,49316,4098201,0.509874,22842,5727972,0.71264,8037679
4,2021-05-02,37849,9507253,26862,5428088,9687,3767009,1300,312156,10594,1614678,0.200889,27125,4125326,0.513248,12032,5740004,0.714137,8037679
4,2021-05-03,79648,9586901,55545,5483633,21600,3788609,2503,314659,19271,1576710,0.196165,60099,4185425,0.520726,22131,5762135,0.71689,8037679
4,2021-05-04,101850,9688751,69717,5553350,29346,3817955,2787,317446,22703,1523768,0.189578,78816,4264241,0.530531,25874,5788009,0.720109,8037679
4,2021-05-05,102717,9791468,72405,5625755,27554,3845509,2758,320204,21861,1468195,0.182664,80497,4344738,0.540546,24924,5812933,0.72321,8037679
4,2021-05-06,112513,9903981,84307,5710062,25252,3870761,2954,323158,19645,1399558,0.174125,92357,4437095,0.552037,23720,5836653,0.726161,8037679
4,2021-05-07,105429,10009410,75790,5785852,26949,3897710,2690,325848,20722,1339078,0.1666,84303,4521398,0.562525,23823,5860476,0.729125,8037679
4,2021-05-08,70193,10079603,48414,5834266,19844,3917554,1935,327783,13830,1299076,0.161623,56112,4577510,0.569506,16110,5876586,0.73113,8037679
4,2021-05-09,34495,10114098,28219,5862485,5326,3922880,950,328733,7421,1280583,0.159322,26957,4604467,0.57286,8464,5885050,0.732183,8037679
4,2021-05-10,65431,10179529,43810,5906295,19289,3942169,2332,331065,11055,1240128,0.154289,54139,4658606,0.579596,13684,5898734,0.733885,8037679
4,2021-05-11,83637,10263166,52353,5958648,29084,3971253,2200,333265,15864,1191228,0.148205,67506,4726112,0.587995,18606,5917340,0.7362,8037679
4,2021-05-12,80132,10343298,53280,6011928,24371,3995624,2481,335746,16632,1147611,0.142779,63180,4789292,0.595855,19563,5936903,0.738634,8037679
4,2021-05-13,105133,10448431,77375,6089303,26219,4021843,1539,337285,40667,1126760,0.140185,64114,4853406,0.603832,43263,5980166,0.744017,8037679
4,2021-05-14,105449,10553880,74446,6163749,28867,4050710,2136,339421,40553,1105439,0.137532,64549,4917955,0.611863,43228,6023394,0.749395,8037679
4,2021-05-15,86076,10639956,66541,6230290,18197,4068907,1338,340759,37940,1097145,0.1365,47874,4965829,0.617819,39580,6062974,0.754319,8037679
4,2021-05-16,51838,10691794,41760,6272050,9359,4078266,719,341478,21251,1088832,0.135466,30425,4996254,0.621604,22112,6085086,0.75707,8037679
4,2021-05-17,71463,10763257,52203,6324253,17415,4095681,1845,343323,28198,1076071,0.133878,43043,5039297,0.626959,30282,6115368,0.760838,8037679
4,2021-05-18,82111,10845368,53378,6377631,26977,4122658,1756,345079,29306,1055079,0.131267,52428,5091725,0.633482,31436,6146804,0.764749,8037679
4,2021-05-19,77177,10922545,52153,6429784,23071,4145729,1953,347032,30962,1042388,0.129688,45891,5137616,0.639191,33200,6180004,0.768879,8037679
4,2021-05-20,69416,10991961,44628,6474412,22782,4168511,2006,349038,25714,1027060,0.127781,43397,5181013,0.644591,28069,6208073,0.772371,8037679
4,2021-05-21,74114,11066075,48849,6523261,23381,4191892,1884,350922,26107,1007632,0.125364,47685,5228698,0.650523,28257,6236330,0.775887,8037679
4,2021-05-22,50176,11116251,35195,6558456,13703,4205595,1278,352200,21772,1002690,0.124749,28231,5256929,0.654036,23289,6259619,0.778784,8037679
4,2021-05-23,24007,11140258,17122,6575578,6160,4211755,725,352925,9735,999119,0.124304,14143,5271072,0.655795,10572,6270191,0.7801,8037679
4,2021-05-24,43289,11183547,27519,6603097,12754,4224509,3016,355941,15140,989561,0.123115,27915,5298987,0.659268,18357,6288548,0.782384,8037679
4,2021-05-25,45156,11228703,28082,6631179,14236,4238745,2838,358779,15955,979637,0.121881,28943,5327930,0.662869,19019,6307567,0.78475,8037679
4,2021-05-26,44908,11273611,26928,6658107,15367,4254112,2613,361392,15954,969659,0.120639,28717,5356647,0.666442,18739,6326306,0.787081,8037679
4,2021-05-27,39069,11312680,23427,6681534,12499,4266611,3143,364535,14708,963525,0.119876,24148,5380795,0.669446,18014,6344320,0.789322,8037679
4,2021-05-28,43577,11356257,27722,6709256,14243,4280854,1612,366147,18952,959968,0.119433,24340,5405135,0.672475,20783,6365103,0.791908,8037679
4,2021-05-29,23757,11380014,15404,6724660,7419,4288273,934,367081,10869,959174,0.119335,12731,5417866,0.674059,11937,6377040,0.793393,8037679
4,2021-05-30,12108,11392122,8501,6733161,3077,4291350,530,367611,5020,957778,0.119161,7012,5424878,0.674931,5616,6382656,0.794092,8037679
4,2021-05-31,3634,11395756,2311,6735472,1159,4292509,164,367775,1162,956712,0.119028,2413,5427291,0.675231,1347,6384003,0.79426,8037679
4,2021-06-01,39590,11435346,24597,6760069,12539,4305048,2454,370229,13025,946080,0.117706,26325,5453616,0.678506,15693,6399696,0.796212,8037679
4,2021-06-02,32707,11468053,20417,6780486,9479,4314527,2811,373040,10890,938300,0.116738,21625,5475241,0.681197,13845,6413541,0.797934,8037679
4,2021-06-03,48241,11516294,37003,6817489,8774,4323301,2464,375504,10370,913759,0.113684,37689,5512930,0.685886,13148,6426689,0.79957,8037679
4,2021-06-04,54955,11571249,44237,6861726,9388,4332689,1330,376834,12724,886646,0.110311,41980,5554910,0.691109,14867,6441556,0.80142,8037679
4,2021-06-05,44956,11616205,38496,6900222,5464,4338153,996,377830,8760,860670,0.107079,36034,5590944,0.695592,10058,6451614,0.802671,8037679
4,2021-06-06,21263,11637468,18966,6919188,1732,4339885,565,378395,3916,848313,0.105542,17237,5608181,0.697736,4880,6456494,0.803278,8037679
4,2021-06-07,38815,11676283,31400,6950588,5480,4345365,1935,380330,8432,828730,0.103106,30242,5638423,0.701499,10659,6467153,0.804605,8037679
4,2021-06-08,40671,11716954,31903,6982491,6219,4351584,2549,382879,9421,809987,0.100774,31054,5669477,0.705362,12311,6479464,0.806136,8037679
4,2021-06-09,38982,11755936,30898,7013389,5717,4357301,2367,385246,7919,789741,0.098255,30886,5700363,0.709205,10640,6490104,0.80746,8037679
4,2021-06-10,37208,11793144,29307,7042696,5274,4362575,2627,387873,8394,772379,0.096095,28646,5729009,0.712769,11284,6501388,0.808864,8037679
4,2021-06-11,38388,11831532,30123,7072819,6249,4368824,2016,389889,9874,756274,0.094091,28346,5757355,0.716296,12241,6513629,0.810387,8037679
4,2021-06-12,26622,11858154,22137,7094956,3770,4372594,715,390604,6025,742750,0.092409,20484,5777839,0.718844,6960,6520589,0.811253,8037679
4,2021-06-13,10843,11868997,8567,7103523,1799,4374393,477,391081,2268,737098,0.091705,8506,5786345,0.719902,2854,6523443,0.811608,8037679
4,2021-06-14,28612,11897609,21399,7124922,4407,4378800,2806,393887,7776,727205,0.090475,20692,5807037,0.722477,10799,6534242,0.812951,8037679
4,2021-06-15,30049,11927658,21235,7146157,5401,4384201,3413,397300,8299,717598,0.089279,21572,5828609,0.725161,11965,6546207,0.81444,8037679
4,2021-06-16,26654,11954312,20083,7166240,3946,4388147,2625,399925,8017,709998,0.088334,18451,5847060,0.727456,10851,6557058,0.81579,8037679
4,2021-06-17,25170,11979482,18577,7184817,3696,4391843,2897,402822,7604,703317,0.087502,17375,5864435,0.729618,10694,6567752,0.81712,8037679
4,2021-06-18,26769,12006251,21104,7205921,4431,4396274,1234,404056,8236,694710,0.086432,18324,5882759,0.731898,9717,6577469,0.818329,8037679
4,2021-06-19,15785,12022036,12769,7218690,2309,4398583,707,404763,5063,690078,0.085855,10573,5893332,0.733213,5941,6583410,0.819069,8037679
4,2021-06-20,7367,12029403,6065,7224755,995,4399578,307,405070,2617,688395,0.085646,4691,5898023,0.733797,3008,6586418,0.819443,8037679
4,2021-06-21,14608,12044011,10554,7235309,2911,4402489,1143,406213,7333,689851,0.085827,7181,5905204,0.73469,8637,6595055,0.820517,8037679
4,2021-06-22,20516,12064527,15976,7251285,3461,4405950,1079,407292,7113,684926,0.085214,13268,5918472,0.736341,8343,6603398,0.821555,8037679
4,2021-06-23,18433,12082960,14460,7265745,2975,4408925,998,408290,6711,681181,0.084748,11579,5930051,0.737782,7834,6611232,0.82253,8037679
4,2021-06-24,17611,12100571,13616,7279361,3005,4411930,990,409280,6568,677988,0.084351,10886,5940937,0.739136,7693,6618925,0.823487,8037679
4,2021-06-25,21610,12122181,16971,7296332,3589,4415519,1050,410330,7815,673372,0.083777,13651,5954588,0.740834,9035,6627960,0.824611,8037679
4,2021-06-26,13098,12135279,10662,7306994,1817,4417336,619,410949,4814,670757,0.083452,8158,5962746,0.741849,5543,6633503,0.825301,8037679
4,2021-06-27,6854,12142133,5551,7312545,960,4418296,343,411292,2878,670098,0.08337,3935,5966681,0.742339,3276,6636779,0.825708,8037679
4,2021-06-28,15090,12157223,12663,7325208,1568,4419864,859,412151,6042,668177,0.083131,8948,5975629,0.743452,7027,6643806,0.826583,8037679
4,2021-06-29,16492,12173715,12793,7338001,2887,4422751,812,412963,6349,665439,0.08279,10021,5985650,0.744699,7283,6651089,0.827489,8037679
4,2021-06-30,14612,12188327,11393,7349394,2481,4425232,738,413701,6061,663939,0.082603,8417,5994067,0.745746,6917,6658006,0.828349,8037679
4,2021-07-01,14511,12202838,11434,7360828,2330,4427562,747,414448,5946,662329,0.082403,8440,6002507,0.746796,6830,6664836,0.829199,8037679
4,2021-07-02,16797,12219635,13320,7374148,2712,4430274,765,415213,6859,660248,0.082144,9833,6012340,0.748019,7752,6672588,0.830164,8037679
4,2021-07-03,9183,12228818,7287,7381435,1486,4431760,410,415623,3972,659557,0.082058,5130,6017470,0.748658,4439,6677027,0.830716,8037679
4,2021-07-04,444,12229262,278,7381713,106,4431866,60,415683,196,659582,0.082061,242,6017712,0.748688,267,6677294,0.830749,8037679
4,2021-07-05,9186,12238448,7470,7389183,1300,4433166,416,416099,4161,659262,0.082021,4946,6022658,0.749303,4626,6681920,0.831325,8037679
4,2021-07-06,16475,12254923,12973,7402156,2700,4435866,802,416901,6064,655954,0.08161,10284,6032942,0.750583,6976,6688896,0.832192,8037679
4,2021-07-07,13756,12268679,10731,7412887,2245,4438111,780,417681,5187,653586,0.081315,8457,6041399,0.751635,6089,6694985,0.83295,8037679
4,2021-07-08,13209,12281888,10315,7423202,2066,4440177,828,418509,5180,651780,0.081091,7904,6049303,0.752618,6098,6701083,0.833709,8037679
4,2021-07-09,15426,12297314,11828,7435030,2662,4442839,936,419445,6266,650087,0.08088,9011,6058314,0.753739,7318,6708401,0.834619,8037679
4,2021-07-10,8840,12306154,6994,7442024,1445,4444284,401,419846,3713,649221,0.080772,5040,6063354,0.754366,4174,6712575,0.835138,8037679
4,2021-07-11,4976,12311130,3981,7446005,794,4445078,201,420047,2226,648973,0.080741,2705,6066059,0.754703,2457,6715032,0.835444,8037679
4,2021-07-12,13038,12324168,10319,7456324,1998,4447076,721,420768,5059,646955,0.08049,7900,6073959,0.755686,5882,6720914,0.836176,8037679
4,2021-07-13,12836,12337004,9823,7466147,2376,4449452,637,421405,5459,645876,0.080356,7270,6081229,0.75659,6191,6727105,0.836946,8037679
4,2021-07-14,11729,12348733,9226,7475373,1948,4451400,555,421960,5073,645008,0.080248,6564,6087793,0.757407,5696,6732801,0.837655,8037679
4,2021-07-15,12421,12361154,9864,7485237,1968,4453368,589,422549,5638,644652,0.080204,6658,6094451,0.758235,6302,6739103,0.838439,8037679
4,2021-07-16,15002,12376156,11703,7496940,2632,4456000,667,423216,6919,644366,0.080168,7980,6102431,0.759228,7694,6746797,0.839396,8037679
4,2021-07-17,9356,12385512,7398,7504338,1633,4457633,325,423541,4428,644333,0.080164,4829,6107260,0.759829,4796,6751593,0.839993,8037679
4,2021-07-18,5353,12390865,4311,7508649,841,4458474,201,423742,2527,644315,0.080162,2767,6110027,0.760173,2749,6754342,0.840335,8037679
4,2021-07-19,12816,12403681,10152,7518801,2008,4460482,656,424398,6087,644499,0.080185,6637,6116664,0.760999,6821,6761163,0.841184,8037679
4,2021-07-20,13766,12417447,10609,7529410,2493,4462975,664,425062,6791,645206,0.080273,6830,6123494,0.761849,7537,6768700,0.842121,8037679
4,2021-07-21,12824,12430271,9947,7539357,2228,4465203,649,425711,6382,645989,0.08037,6305,6129799,0.762633,7088,6775788,0.843003,8037679
4,2021-07-22,13494,12443765,10528,7549885,2308,4467511,658,426369,7031,647413,0.080547,6328,6136127,0.76342,7752,6783540,0.843968,8037679
4,2021-07-23,15708,12459473,12127,7562012,2888,4470399,693,427062,8240,649137,0.080762,7298,6143425,0.764328,9022,6792562,0.84509,8037679
4,2021-07-24,9578,12469051,7504,7569516,1747,4472146,327,427389,4938,649949,0.080863,4503,6147928,0.764888,5315,6797877,0.845751,8037679
4,2021-07-25,4762,12473813,3747,7573263,857,4473003,158,427547,3354,652126,0.081134,1350,6149278,0.765056,3527,6801404,0.84619,8037679
4,2021-07-26,12979,12486792,10163,7583426,2135,4475138,681,428228,7560,655147,0.081509,5275,6154553,0.765713,8296,6809700,0.847222,8037679
4,2021-07-27,14330,12501122,10986,7594412,2586,4477724,758,428986,7744,657259,0.081772,6430,6160983,0.766513,8542,6818242,0.848285,8037679
4,2021-07-28,13215,12514337,10084,7604496,2428,4480152,703,429689,7334,659641,0.082069,5711,6166694,0.767223,8093,6826335,0.849292,8037679
4,2021-07-29,13486,12527823,10489,7614985,2284,4482436,713,430402,7574,662320,0.082402,5685,6172379,0.767931,8364,6834699,0.850332,8037679
4,2021-07-30,15793,12543616,12106,7627091,2890,4485326,797,431199,8579,664950,0.082729,6850,6179229,0.768783,9480,6844179,0.851512,8037679
4,2021-07-31,9760,12553376,7619,7634710,1717,4487043,424,431623,5524,666901,0.082972,4037,6183266,0.769285,5988,6850167,0.852257,8037679
4,2021-08-01,5426,12558802,4482,7639192,776,4487819,168,431791,3208,668198,0.083133,2113,6185379,0.769548,3410,6853577,0.852681,8037679
4,2021-08-02,14057,12572859,11224,7650416,2094,4489913,739,432530,8209,671577,0.083554,5638,6191017,0.770249,9017,6862594,0.853803,8037679
4,2021-08-03,14678,12587537,11283,7661699,2633,4492546,762,433292,8448,674857,0.083962,6005,6197022,0.770996,9285,6871879,0.854958,8037679
4,2021-08-04,13368,12600905,10418,7672117,2261,4494807,689,433981,7566,677563,0.084298,5590,6202612,0.771692,8296,6880175,0.85599,8037679
4,2021-08-05,14340,12615245,11322,7683439,2252,4497059,766,434747,8066,680424,0.084654,6021,6208633,0.772441,8882,6889057,0.857095,8037679
4,2021-08-06,17216,12632461,13217,7696656,3132,4500191,867,435614,9598,683660,0.085057,7298,6215931,0.773349,10534,6899591,0.858406,8037679
4,2021-08-07,10181,12642642,8094,7704750,1646,4501837,441,436055,5556,685253,0.085255,4445,6220376,0.773902,6038,6905629,0.859157,8037679
4,2021-08-08,6240,12648882,4962,7709712,1076,4502913,202,436257,3603,686587,0.085421,2501,6222877,0.774213,3835,6909464,0.859634,8037679
4,2021-08-09,14610,12663492,11835,7721547,2033,4504946,742,436999,7820,688665,0.08568,6562,6229439,0.77503,8640,6918104,0.860709,8037679
4,2021-08-10,14812,12678304,11414,7732961,2645,4507591,753,437752,7831,690580,0.085918,6734,6236173,0.775867,8649,6926753,0.861785,8037679
4,2021-08-11,12579,12690883,9646,7742607,2170,4509761,763,438515,6557,692170,0.086116,5761,6241934,0.776584,7351,6934104,0.8627,8037679
4,2021-08-12,14117,12705000,10761,7753368,2606,4512367,750,439265,7276,693740,0.086311,6502,6248436,0.777393,8072,6942176,0.863704,8037679
4,2021-08-13,17725,12722725,13142,7766510,3690,4516057,893,440158,8735,695111,0.086482,8328,6256764,0.778429,9699,6951875,0.864911,8037679
4,2021-08-14,12250,12734975,8747,7775257,2998,4519055,505,440663,5581,696284,0.086627,4977,6261741,0.779048,6150,6958025,0.865676,8037679
4,2021-08-15,7467,12742442,5458,7780715,1787,4520842,222,440885,3307,696945,0.08671,2912,6264653,0.779411,3573,6961598,0.86612,8037679
4,2021-08-16,18051,12760493,12502,7793217,4694,4525536,855,441740,7480,697927,0.086832,7434,6272087,0.780336,8416,6970014,0.867167,8037679
4,2021-08-17,18296,12778789,12456,7805673,5001,4530537,839,442579,7271,698689,0.086927,7428,6279515,0.78126,8190,6978204,0.868186,8037679
4,2021-08-18,17805,12796594,11969,7817642,5067,4535604,769,443348,6786,699425,0.087018,6895,6286410,0.782118,7631,6985835,0.869136,8037679
4,2021-08-19,17983,12814577,12002,7829644,5244,4540848,737,444085,6707,700271,0.087124,6684,6293094,0.782949,7530,6993365,0.870073,8037679
4,2021-08-20,9664,12824241,6448,7836092,2521,4543369,695,444780,3251,700273,0.087124,4043,6297137,0.783452,4045,6997410,0.870576,8037679
