vemquartile,administered_date,total_doses,cumulative_total_doses,pfizer_doses,cumulative_pfizer_doses,moderna_doses,cumulative_moderna_doses,jj_doses,cumulative_jj_doses,partially_vaccinated,total_partially_vaccinated,pct_age12pop_partially_vaccinated,fully_vaccinated,cumulative_fully_vaccinated,pct_age12pop_fully_vaccinated,at_least_one_dose,cumulative_at_least_one_dose,pct_age12pop_at_least_one_dose,age12_population
1,2020-12-15,148,148,148,148,0,0,0,0,148,148,1.7e-05,0,0,0.0,148,148,1.7e-05,8700223
1,2020-12-16,1167,1315,1167,1315,0,0,0,0,1167,1315,0.000151,0,0,0.0,1167,1315,0.000151,8700223
1,2020-12-17,4127,5442,4127,5442,0,0,0,0,4128,5443,0.000626,0,0,0.0,4128,5443,0.000626,8700223
1,2020-12-18,6266,11708,6246,11688,20,20,0,0,6268,11711,0.001346,0,0,0.0,6268,11711,0.001346,8700223
1,2020-12-19,2867,14575,2866,14554,1,21,0,0,2865,14575,0.001675,1,1,0.0,2865,14576,0.001675,8700223
1,2020-12-20,2115,16690,2110,16664,5,26,0,0,2116,16691,0.001918,0,1,0.0,2116,16692,0.001919,8700223
1,2020-12-21,7611,24301,7600,24264,11,37,0,0,7662,24353,0.002799,0,1,0.0,7662,24354,0.002799,8700223
1,2020-12-22,7272,31573,6930,31194,342,379,0,0,7275,31627,0.003635,1,2,0.0,7275,31629,0.003635,8700223
1,2020-12-23,7771,39344,6552,37746,1219,1598,0,0,7767,39394,0.004528,0,2,0.0,7767,39396,0.004528,8700223
1,2020-12-24,3293,42637,2358,40104,935,2533,0,0,3295,42689,0.004907,0,2,0.0,3295,42691,0.004907,8700223
1,2020-12-25,233,42870,150,40254,83,2616,0,0,233,42922,0.004933,0,2,0.0,233,42924,0.004934,8700223
1,2020-12-26,1355,44225,965,41219,390,3006,0,0,1354,44275,0.005089,1,3,0.0,1354,44278,0.005089,8700223
1,2020-12-27,857,45082,527,41746,330,3336,0,0,857,45132,0.005187,0,3,0.0,857,45135,0.005188,8700223
1,2020-12-28,7015,52097,4746,46492,2269,5605,0,0,7014,52146,0.005994,0,3,0.0,7014,52149,0.005994,8700223
1,2020-12-29,8832,60929,4974,51466,3858,9463,0,0,8829,60974,0.007008,1,4,0.0,8829,60978,0.007009,8700223
1,2020-12-30,11599,72528,6472,57938,5127,14590,0,0,11599,72573,0.008342,0,4,0.0,11599,72577,0.008342,8700223
1,2020-12-31,5932,78460,1952,59890,3980,18570,0,0,5931,78503,0.009023,1,5,1e-06,5931,78508,0.009024,8700223
1,2021-01-01,534,78994,180,60070,354,18924,0,0,534,79037,0.009084,0,5,1e-06,534,79042,0.009085,8700223
1,2021-01-02,2889,81883,1747,61817,1142,20066,0,0,2891,81928,0.009417,0,5,1e-06,2891,81933,0.009417,8700223
1,2021-01-03,1020,82903,546,62363,474,20540,0,0,1019,82946,0.009534,1,6,1e-06,1019,82952,0.009534,8700223
1,2021-01-04,7322,90225,3569,65932,3753,24293,0,0,7327,90272,0.010376,1,7,1e-06,7327,90279,0.010377,8700223
1,2021-01-05,10738,100963,5170,71102,5568,29861,0,0,9995,99561,0.011443,729,736,8.5e-05,10018,100297,0.011528,8700223
1,2021-01-06,13957,114920,7023,78125,6934,36795,0,0,12088,109825,0.012623,1831,2567,0.000295,12095,112392,0.012918,8700223
1,2021-01-07,17375,132295,9081,87206,8294,45089,0,0,12952,118460,0.013616,4326,6893,0.000792,12961,125353,0.014408,8700223
1,2021-01-08,20062,152357,10395,97601,9667,54756,0,0,14205,126833,0.014578,5841,12734,0.001464,14214,139567,0.016042,8700223
1,2021-01-09,6629,158986,3358,100959,3271,58027,0,0,4794,129811,0.01492,1820,14554,0.001673,4798,144365,0.016593,8700223
1,2021-01-10,3059,162045,1741,102700,1318,59345,0,0,1870,130509,0.015001,1173,15727,0.001808,1871,146236,0.016808,8700223
1,2021-01-11,18017,180062,11799,114499,6218,65563,0,0,11503,135560,0.015581,6489,22216,0.002553,11540,157776,0.018135,8700223
1,2021-01-12,18809,198871,10638,125137,8171,73734,0,0,12850,142528,0.016382,5917,28133,0.003234,12885,170661,0.019616,8700223
1,2021-01-13,19617,218488,10556,135693,9061,82795,0,0,14492,151933,0.017463,5101,33234,0.00382,14506,185167,0.021283,8700223
1,2021-01-14,21948,240436,9476,145169,12472,95267,0,0,19214,168513,0.019369,2677,35911,0.004128,19257,204424,0.023496,8700223
1,2021-01-15,25128,265564,9301,154470,15827,111094,0,0,23207,189895,0.021826,1872,37783,0.004343,23254,227678,0.026169,8700223
1,2021-01-16,13848,279412,4541,159011,9307,120401,0,0,13006,202064,0.023225,839,38622,0.004439,13008,240686,0.027664,8700223
1,2021-01-17,5177,284589,1991,161002,3186,123587,0,0,4809,206514,0.023737,364,38986,0.004481,4814,245500,0.028218,8700223
1,2021-01-18,14198,298787,8538,169540,5660,129247,0,0,11059,214488,0.024653,3127,42113,0.00484,11101,256601,0.029494,8700223
1,2021-01-19,24610,323397,12861,182401,11749,140996,0,0,19424,228791,0.026297,5171,47284,0.005435,19474,276075,0.031732,8700223
1,2021-01-20,28422,351819,13942,196343,14480,155476,0,0,22789,246034,0.028279,5580,52864,0.006076,22823,298898,0.034355,8700223
1,2021-01-21,30621,382440,14253,210596,16368,171844,0,0,27493,270531,0.031095,3072,55936,0.006429,27569,326467,0.037524,8700223
1,2021-01-22,28088,410528,11156,221752,16932,188776,0,0,26120,294750,0.033878,1927,57863,0.006651,26146,352613,0.040529,8700223
1,2021-01-23,18644,429172,8198,229950,10446,199222,0,0,16720,309569,0.035582,1910,59773,0.00687,16729,369342,0.042452,8700223
1,2021-01-24,6667,435839,4163,234113,2504,201726,0,0,6017,314946,0.0362,644,60417,0.006944,6021,375363,0.043144,8700223
1,2021-01-25,24925,460764,10380,244493,14545,216271,0,0,19348,328826,0.037795,5554,65971,0.007583,19434,394797,0.045378,8700223
1,2021-01-26,28335,489099,13339,257832,14996,231267,0,0,21826,344205,0.039563,6464,72435,0.008326,21843,416640,0.047888,8700223
1,2021-01-27,31483,520582,15340,273172,16143,247410,0,0,23618,360046,0.041384,7801,80236,0.009222,23642,440282,0.050606,8700223
1,2021-01-28,34348,554930,16067,289239,18281,265691,0,0,27642,381087,0.043802,6650,86886,0.009987,27691,467973,0.053789,8700223
1,2021-01-29,33240,588170,16327,305566,16913,282604,0,0,26807,401619,0.046162,6308,93194,0.010712,26840,494813,0.056874,8700223
1,2021-01-30,19980,608150,8627,314193,11353,293957,0,0,17990,417650,0.048005,1966,95160,0.010938,17997,512810,0.058942,8700223
1,2021-01-31,7615,615765,5007,319200,2608,296565,0,0,6879,423795,0.048711,736,95896,0.011022,6881,519691,0.059733,8700223
1,2021-02-01,28300,644065,12260,331460,16040,312605,0,0,20821,437185,0.05025,7437,103333,0.011877,20827,540518,0.062127,8700223
1,2021-02-02,31878,675943,11475,342935,20403,333008,0,0,23997,453395,0.052113,7819,111152,0.012776,24029,564547,0.064889,8700223
1,2021-02-03,38959,714902,14907,357842,24052,357060,0,0,28230,471065,0.054144,10590,121742,0.013993,28260,592807,0.068137,8700223
1,2021-02-04,43638,758540,17096,374938,26542,383602,0,0,31671,490920,0.056426,11863,133605,0.015357,31718,624525,0.071783,8700223
1,2021-02-05,46709,805249,17387,392325,29322,412924,0,0,30738,505851,0.058142,15854,149459,0.017179,30785,655310,0.075321,8700223
1,2021-02-06,26449,831698,10476,402801,15973,428897,0,0,20658,520762,0.059856,5763,155222,0.017841,20674,675984,0.077697,8700223
1,2021-02-07,6205,837903,3986,406787,2219,431116,0,0,4614,523822,0.060208,1572,156794,0.018022,4632,680616,0.07823,8700223
1,2021-02-08,31043,868946,14070,420857,16973,448089,0,0,20747,534416,0.061426,10238,167032,0.019199,20832,701448,0.080624,8700223
1,2021-02-09,38015,906961,16605,437462,21410,469499,0,0,23601,543579,0.062479,14509,181541,0.020866,23672,725120,0.083345,8700223
1,2021-02-10,46655,953616,22042,459504,24613,494112,0,0,27000,551090,0.063342,19566,201107,0.023115,27077,752197,0.086457,8700223
1,2021-02-11,50601,1004217,24975,484479,25626,519738,0,0,30784,562416,0.064644,19555,220662,0.025363,30881,783078,0.090007,8700223
1,2021-02-12,49332,1053549,21310,505789,28022,547760,0,0,28465,570215,0.06554,20797,241459,0.027753,28596,811674,0.093293,8700223
1,2021-02-13,26088,1079637,11343,517132,14745,562505,0,0,15155,574578,0.066042,10868,252327,0.029002,15231,826905,0.095044,8700223
1,2021-02-14,11603,1091240,5484,522616,6119,568624,0,0,6614,576294,0.066239,4963,257290,0.029573,6679,833584,0.095812,8700223
1,2021-02-15,23433,1114673,9244,531860,14189,582813,0,0,14288,581651,0.066855,9046,266336,0.030613,14403,847987,0.097467,8700223
1,2021-02-16,46385,1161058,22124,553984,24261,607074,0,0,27437,590313,0.06785,18883,285219,0.032783,27545,875532,0.100633,8700223
1,2021-02-17,47731,1208789,24074,578058,23657,630731,0,0,26005,594834,0.06837,21621,306840,0.035268,26142,901674,0.103638,8700223
1,2021-02-18,50162,1258951,24983,603041,25179,655910,0,0,26206,597497,0.068676,23748,330588,0.037998,26411,928085,0.106674,8700223
1,2021-02-19,45380,1304331,24559,627600,20821,676731,0,0,25749,603778,0.069398,19530,350118,0.040242,25811,953896,0.10964,8700223
1,2021-02-20,26798,1331129,16316,643916,10482,687213,0,0,15424,607946,0.069877,11333,361451,0.041545,15501,969397,0.111422,8700223
1,2021-02-21,11326,1342455,10091,654007,1235,688448,0,0,6813,610339,0.070152,4468,365919,0.042059,6861,976258,0.112211,8700223
1,2021-02-22,29858,1372313,19582,673589,10276,698724,0,0,17630,615885,0.07079,12179,378098,0.043458,17725,993983,0.114248,8700223
1,2021-02-23,42734,1415047,20861,694450,21873,720597,0,0,24021,621667,0.071454,18592,396690,0.045595,24374,1018357,0.11705,8700223
1,2021-02-24,52748,1467795,25538,719988,27210,747807,0,0,29786,629036,0.072301,22864,419554,0.048223,30233,1048590,0.120524,8700223
1,2021-02-25,64851,1532646,31527,751515,33324,781131,0,0,40851,646491,0.074307,23897,443451,0.05097,41352,1089942,0.125277,8700223
1,2021-02-26,72246,1604892,34144,785659,38102,819233,0,0,48132,671127,0.077139,23965,467416,0.053725,48601,1138543,0.130864,8700223
1,2021-02-27,49698,1654590,22908,808567,26784,846017,6,6,33111,688025,0.079081,16482,483898,0.055619,33380,1171923,0.1347,8700223
1,2021-02-28,19102,1673692,11380,819947,7721,853738,1,7,14110,697344,0.080152,4933,488831,0.056186,14252,1186175,0.136338,8700223
1,2021-03-01,43552,1717244,20048,839995,23485,877223,19,26,28320,710787,0.081698,15122,503953,0.057924,28565,1214740,0.139622,8700223
1,2021-03-02,61457,1778701,26788,866783,34664,911887,5,31,39709,729466,0.083845,21642,525595,0.060412,40321,1255061,0.144256,8700223
1,2021-03-03,68600,1847301,32462,899245,36125,948012,13,44,41808,745201,0.085653,26676,552271,0.063478,42411,1297472,0.149131,8700223
1,2021-03-04,76994,1924295,36174,935419,40786,988798,34,78,49700,768299,0.088308,27142,579413,0.066597,50240,1347712,0.154905,8700223
1,2021-03-05,75866,2000161,34429,969848,41235,1030033,202,280,50973,795404,0.091423,24700,604113,0.069436,51805,1399517,0.16086,8700223
1,2021-03-06,56862,2057023,27119,996967,28416,1058449,1327,1607,38740,817778,0.093995,18057,622170,0.071512,40431,1439948,0.165507,8700223
1,2021-03-07,20042,2077065,12806,1009773,6438,1064887,798,2405,15053,828921,0.095276,4970,627140,0.072083,16113,1456061,0.167359,8700223
1,2021-03-08,43965,2121030,21081,1030854,21030,1085917,1854,4259,30879,848982,0.097582,13010,640150,0.073579,33071,1489132,0.17116,8700223
1,2021-03-09,65422,2186452,31542,1062396,31414,1117331,2466,6725,40467,867411,0.0997,24848,664998,0.076435,43277,1532409,0.176134,8700223
1,2021-03-10,72063,2258515,36064,1098460,31640,1148971,4359,11084,44781,889773,0.10227,27154,692152,0.079556,49516,1581925,0.181826,8700223
1,2021-03-11,88493,2347008,40415,1138875,40159,1189130,7919,19003,51922,913735,0.105024,36350,728502,0.083734,60312,1642237,0.188758,8700223
1,2021-03-12,96092,2443100,41776,1180651,41980,1231110,12336,31339,56052,942754,0.10836,39857,768359,0.088315,68876,1711113,0.196675,8700223
1,2021-03-13,64227,2507327,29286,1209937,27189,1258299,7752,39091,40962,968653,0.111337,23157,791516,0.090977,49056,1760169,0.202313,8700223
1,2021-03-14,27475,2534802,14839,1224776,9091,1267390,3545,42636,15650,976275,0.112213,11775,803291,0.09233,19397,1779566,0.204543,8700223
1,2021-03-15,64047,2598849,27931,1252707,29446,1296836,6670,49306,37904,995226,0.114391,25977,829268,0.095316,44928,1824494,0.209707,8700223
1,2021-03-16,84590,2683439,38348,1291055,40696,1337532,5546,54852,52755,1022230,0.117495,31666,860934,0.098955,58670,1883164,0.21645,8700223
1,2021-03-17,91314,2774753,44055,1335110,40698,1378230,6561,61413,58865,1055731,0.121345,32295,893229,0.102667,65796,1948960,0.224013,8700223
1,2021-03-18,97090,2871843,49816,1384926,41679,1419909,5595,67008,59542,1084090,0.124605,37237,930466,0.106947,65596,2014556,0.231552,8700223
1,2021-03-19,101357,2973200,52177,1437103,43079,1462988,6101,73109,60079,1109729,0.127552,41023,971489,0.111663,66662,2081218,0.239214,8700223
1,2021-03-20,69874,3043074,35945,1473048,28747,1491735,5182,78291,44963,1135376,0.1305,24756,996245,0.114508,50403,2131621,0.245008,8700223
1,2021-03-21,25951,3069025,17916,1490964,6271,1498006,1764,80055,16829,1145002,0.131606,9056,1005301,0.115549,18682,2150303,0.247155,8700223
1,2021-03-22,57822,3126847,29554,1520518,25070,1523076,3198,83253,39417,1169739,0.134449,18235,1023536,0.117645,42972,2193275,0.252094,8700223
1,2021-03-23,81094,3207941,40869,1561387,36697,1559773,3528,86781,50722,1194247,0.137266,30197,1053733,0.121116,54705,2247980,0.258382,8700223
1,2021-03-24,85669,3293610,43087,1604474,38341,1598114,4241,91022,52101,1217415,0.139929,33355,1087088,0.124949,56523,2304503,0.264879,8700223
1,2021-03-25,94173,3387783,47584,1652058,40975,1639089,5614,96636,53411,1236164,0.142084,40501,1127589,0.129605,59250,2363753,0.271689,8700223
1,2021-03-26,101412,3489195,49066,1701124,46209,1685298,6137,102773,55610,1252684,0.143983,45533,1173122,0.134838,62053,2425806,0.278821,8700223
1,2021-03-27,72099,3561294,37054,1738178,30896,1716194,4149,106922,37708,1260549,0.144887,34203,1207325,0.138769,42068,2467874,0.283656,8700223
1,2021-03-28,31381,3592675,20215,1758393,9967,1726161,1199,108121,16291,1263393,0.145214,14979,1222304,0.140491,17823,2485697,0.285705,8700223
1,2021-03-29,65306,3657981,32648,1791041,29776,1755937,2882,111003,36687,1274706,0.146514,28473,1250777,0.143764,39786,2525483,0.290278,8700223
1,2021-03-30,89250,3747231,43714,1834755,39523,1795460,6013,117016,46901,1285520,0.147757,42220,1292997,0.148617,53034,2578517,0.296374,8700223
1,2021-03-31,97577,3844808,50804,1885559,41030,1836490,5743,122759,54616,1303280,0.149798,42714,1335711,0.153526,60474,2638991,0.303325,8700223
1,2021-04-01,107973,3952781,51806,1937365,48133,1884623,8034,130793,56125,1316024,0.151263,51561,1387272,0.159452,64305,2703296,0.310716,8700223
1,2021-04-02,107457,4060238,48819,1986184,49391,1934014,9247,140040,55454,1329402,0.152801,51649,1438921,0.165389,65027,2768323,0.31819,8700223
1,2021-04-03,75685,4135923,37643,2023827,28768,1962782,9274,149314,35628,1334534,0.153391,39912,1478833,0.169976,45044,2813367,0.323367,8700223
1,2021-04-04,23629,4159552,11758,2035585,8418,1971200,3453,152767,9949,1334316,0.153366,13636,1492469,0.171544,13418,2826785,0.324909,8700223
1,2021-04-05,75092,4234644,36175,2071760,29911,2001111,9006,161773,34998,1338615,0.15386,39930,1532399,0.176133,44229,2871014,0.329993,8700223
1,2021-04-06,102048,4336692,48376,2120136,37301,2038412,16371,178144,46402,1346053,0.154715,55433,1587832,0.182505,62871,2933885,0.33722,8700223
1,2021-04-07,109028,4445720,52686,2172822,39108,2077520,17234,195378,49788,1354166,0.155647,59024,1646856,0.189289,67137,3001022,0.344936,8700223
1,2021-04-08,119027,4564747,56065,2228887,42513,2120033,20449,215827,52718,1361462,0.156486,66005,1712861,0.196876,73301,3074323,0.353361,8700223
1,2021-04-09,119911,4684658,54797,2283684,44854,2164887,20260,236087,53549,1369323,0.157389,66062,1778923,0.204469,73923,3148246,0.361858,8700223
1,2021-04-10,93518,4778176,41804,2325488,29340,2194227,22374,258461,37030,1372414,0.157745,56335,1835258,0.210944,59426,3207672,0.368688,8700223
1,2021-04-11,35718,4813894,19946,2345434,9242,2203469,6530,264991,15014,1373420,0.15786,20662,1855920,0.213319,21668,3229340,0.371179,8700223
1,2021-04-12,72476,4886370,32199,2377633,30422,2233891,9855,274846,31065,1373314,0.157848,41194,1897114,0.218053,41088,3270428,0.375902,8700223
1,2021-04-13,95312,4981682,51001,2428634,43981,2277872,330,275176,51686,1382268,0.158877,43404,1940518,0.223042,52358,3322786,0.38192,8700223
1,2021-04-14,102110,5083792,52753,2481387,49291,2327163,66,275242,52283,1385465,0.159245,49519,1990037,0.228734,52716,3375502,0.387979,8700223
1,2021-04-15,103635,5187427,56102,2537489,47448,2374611,85,275327,55729,1394026,0.160229,47418,2037455,0.234184,55979,3431481,0.394413,8700223
1,2021-04-16,108158,5295585,55773,2593262,52297,2426908,88,275415,55088,1396699,0.160536,52679,2090134,0.240239,55352,3486833,0.400775,8700223
1,2021-04-17,80651,5376236,43651,2636913,36991,2463899,9,275424,45739,1407877,0.161821,34732,2124866,0.244231,45910,3532743,0.406052,8700223
1,2021-04-18,28543,5404779,19117,2656030,9420,2473319,6,275430,14776,1409159,0.161968,13698,2138564,0.245806,14980,3547723,0.407774,8700223
1,2021-04-19,64263,5469042,32788,2688818,31463,2504782,12,275442,29330,1403986,0.161374,34640,2173204,0.249787,29467,3577190,0.411161,8700223
1,2021-04-20,84381,5553423,42297,2731115,42064,2546846,20,275462,40154,1400393,0.160961,43965,2217169,0.25484,40372,3617562,0.415801,8700223
1,2021-04-21,91179,5644602,46495,2777610,44593,2591439,91,275553,41268,1392491,0.160052,49468,2266637,0.260526,41566,3659128,0.420579,8700223
1,2021-04-22,93094,5737696,48384,2825994,44692,2636131,18,275571,43096,1386262,0.159336,49557,2316194,0.266222,43328,3702456,0.425559,8700223
1,2021-04-23,97729,5835425,50271,2876265,47434,2683565,24,275595,47658,1384517,0.159136,49645,2365839,0.271929,47900,3750356,0.431064,8700223
1,2021-04-24,72936,5908361,46164,2922429,26760,2710325,12,275607,41754,1395506,0.160399,31035,2396874,0.275496,42024,3792380,0.435895,8700223
1,2021-04-25,26794,5935155,17161,2939590,9624,2719949,9,275616,15432,1399821,0.160895,11255,2408129,0.276789,15570,3807950,0.437684,8700223
1,2021-04-26,59764,5994919,32285,2971875,27127,2747076,352,275968,28065,1397118,0.160584,31453,2439582,0.280405,28750,3836700,0.440989,8700223
1,2021-04-27,75233,6070152,40352,3012227,33757,2780833,1124,277092,32303,1388240,0.159564,42641,2482223,0.285306,33763,3870463,0.444869,8700223
1,2021-04-28,76946,6147098,40871,3053098,34645,2815478,1430,278522,33589,1380390,0.158661,43096,2525319,0.290259,35246,3905709,0.448921,8700223
1,2021-04-29,79910,6227008,44102,3097200,34254,2849732,1554,280076,32366,1367215,0.157147,47256,2572575,0.295691,34081,3939790,0.452838,8700223
1,2021-04-30,87784,6314792,47846,3145046,38148,2887880,1790,281866,36567,1354822,0.155723,50921,2623496,0.301544,38528,3978318,0.457266,8700223
1,2021-05-01,61103,6375895,39755,3184801,19984,2907864,1364,283230,25792,1347073,0.154832,35135,2658631,0.305582,27386,4005704,0.460414,8700223
1,2021-05-02,22441,6398336,15718,3200519,6202,2914066,521,283751,9368,1344015,0.154481,12978,2671609,0.307074,9920,4015624,0.461554,8700223
1,2021-05-03,53722,6452058,30142,3230661,21832,2935898,1748,285499,19451,1331208,0.153008,34064,2705673,0.310989,21257,4036881,0.463997,8700223
1,2021-05-04,71957,6524015,41362,3272023,28592,2964490,2003,287502,25873,1313359,0.150957,45815,2751488,0.316255,27966,4064847,0.467212,8700223
1,2021-05-05,73346,6597361,42169,3314192,28956,2993446,2221,289723,24823,1292231,0.148528,48237,2799725,0.321799,27109,4091956,0.470328,8700223
1,2021-05-06,75089,6672450,45123,3359315,27841,3021287,2125,291848,23727,1267224,0.145654,51021,2850746,0.327664,26014,4117970,0.473318,8700223
1,2021-05-07,78653,6751103,44929,3404244,31604,3052891,2120,293968,26530,1244185,0.143006,51757,2902503,0.333612,28718,4146688,0.476619,8700223
1,2021-05-08,53768,6804871,33586,3437830,18650,3071541,1532,295500,18283,1228947,0.141255,35149,2937652,0.337652,19911,4166599,0.478907,8700223
1,2021-05-09,17696,6822567,12546,3450376,4675,3076216,475,295975,5474,1222822,0.140551,12107,2949759,0.339044,5982,4172581,0.479595,8700223
1,2021-05-10,40939,6863506,20699,3471075,18516,3094732,1724,297699,13727,1211438,0.139242,26927,2976686,0.342139,15543,4188124,0.481381,8700223
1,2021-05-11,57612,6921118,31026,3502101,24589,3119321,1997,299696,18795,1193763,0.137211,38590,3015276,0.346575,20915,4209039,0.483785,8700223
1,2021-05-12,56639,6977757,29843,3531944,24965,3144286,1831,301527,18658,1176596,0.135237,37730,3053006,0.350911,20563,4229602,0.486149,8700223
1,2021-05-13,59147,7036904,34559,3566503,22745,3167031,1843,303370,22332,1164555,0.133853,36500,3089506,0.355107,24459,4254061,0.48896,8700223
1,2021-05-14,72200,7109104,43738,3610241,26322,3193353,2140,305510,29310,1153703,0.132606,42603,3132109,0.360003,31751,4285812,0.492609,8700223
1,2021-05-15,62885,7171989,41828,3652069,19519,3212872,1538,307048,25150,1142958,0.131371,37519,3169628,0.364316,26774,4312586,0.495687,8700223
1,2021-05-16,23265,7195254,17346,3669415,5320,3218192,599,307647,9677,1139769,0.131005,13505,3183133,0.365868,10316,4322902,0.496873,8700223
1,2021-05-17,51566,7246820,32062,3701477,17873,3236065,1631,309278,23011,1136127,0.130586,28346,3211479,0.369126,24704,4347606,0.499712,8700223
1,2021-05-18,61625,7308445,37593,3739070,22321,3258386,1711,310989,28152,1132844,0.130209,33231,3244710,0.372946,29948,4377554,0.503154,8700223
1,2021-05-19,61583,7370028,37791,3776861,22075,3280461,1717,312706,28274,1129810,0.12986,33087,3277797,0.376749,30053,4407607,0.506609,8700223
1,2021-05-20,31754,7401782,18151,3795012,12373,3292834,1230,313936,12334,1124187,0.129214,19266,3297063,0.378963,13643,4421250,0.508177,8700223
2,2020-12-15,234,234,234,234,0,0,0,0,234,234,2.8e-05,0,0,0.0,234,234,2.8e-05,8407551
2,2020-12-16,1996,2230,1996,2230,0,0,0,0,1996,2230,0.000265,0,0,0.0,1996,2230,0.000265,8407551
2,2020-12-17,6685,8915,6685,8915,0,0,0,0,6685,8915,0.00106,0,0,0.0,6685,8915,0.00106,8407551
2,2020-12-18,10844,19759,10825,19740,19,19,0,0,10844,19759,0.00235,0,0,0.0,10844,19759,0.00235,8407551
2,2020-12-19,5587,25346,5581,25321,6,25,0,0,5589,25348,0.003015,0,0,0.0,5589,25348,0.003015,8407551
2,2020-12-20,4217,29563,4208,29529,9,34,0,0,4213,29561,0.003516,0,0,0.0,4213,29561,0.003516,8407551
2,2020-12-21,12766,42329,12742,42271,24,58,0,0,12720,42281,0.005029,0,0,0.0,12720,42281,0.005029,8407551
2,2020-12-22,12058,54387,11548,53819,510,568,0,0,12058,54339,0.006463,0,0,0.0,12058,54339,0.006463,8407551
2,2020-12-23,11626,66013,9434,63253,2192,2760,0,0,11629,65968,0.007846,0,0,0.0,11629,65968,0.007846,8407551
2,2020-12-24,5839,71852,3482,66735,2357,5117,0,0,5836,71804,0.00854,0,0,0.0,5836,71804,0.00854,8407551
2,2020-12-25,478,72330,401,67136,77,5194,0,0,479,72283,0.008597,0,0,0.0,479,72283,0.008597,8407551
2,2020-12-26,2566,74896,1669,68805,897,6091,0,0,2568,74851,0.008903,0,0,0.0,2568,74851,0.008903,8407551
2,2020-12-27,2215,77111,1200,70005,1015,7106,0,0,2213,77063,0.009166,1,1,0.0,2213,77064,0.009166,8407551
2,2020-12-28,10909,88020,7091,77096,3818,10924,0,0,10909,87971,0.010463,1,2,0.0,10909,87973,0.010464,8407551
2,2020-12-29,12689,100709,7181,84277,5508,16432,0,0,12693,100664,0.011973,0,2,0.0,12693,100666,0.011973,8407551
2,2020-12-30,15350,116059,8644,92921,6706,23138,0,0,15366,116029,0.013801,1,3,0.0,15366,116032,0.013801,8407551
2,2020-12-31,7496,123555,2803,95724,4693,27831,0,0,7493,123521,0.014692,1,4,0.0,7493,123525,0.014692,8407551
2,2021-01-01,1116,124671,535,96259,581,28412,0,0,1118,124638,0.014825,1,5,1e-06,1118,124643,0.014825,8407551
2,2021-01-02,4809,129480,2745,99004,2064,30476,0,0,4807,129445,0.015396,0,5,1e-06,4807,129450,0.015397,8407551
2,2021-01-03,1380,130860,789,99793,591,31067,0,0,1375,130817,0.015559,3,8,1e-06,1375,130825,0.01556,8407551
2,2021-01-04,11612,142472,5549,105342,6063,37130,0,0,11600,142413,0.016939,4,12,1e-06,11600,142425,0.01694,8407551
2,2021-01-05,13824,156296,6899,112241,6925,44055,0,0,12643,153912,0.018306,1174,1186,0.000141,12673,155098,0.018447,8407551
2,2021-01-06,18937,175233,10451,122692,8486,52541,0,0,15221,165470,0.019681,3670,4856,0.000578,15228,170326,0.020259,8407551
2,2021-01-07,22902,198135,12857,135549,10045,62586,0,0,15550,173666,0.020656,7367,12223,0.001454,15563,185889,0.02211,8407551
2,2021-01-08,26369,224504,15975,151524,10394,72980,0,0,16336,180018,0.021411,10002,22225,0.002643,16354,202243,0.024055,8407551
2,2021-01-09,9708,234212,5667,157191,4041,77021,0,0,6218,182733,0.021734,3510,25735,0.003061,6225,208468,0.024795,8407551
2,2021-01-10,5276,239488,2918,160109,2358,79379,0,0,3067,183573,0.021834,2231,27966,0.003326,3071,211539,0.025161,8407551
2,2021-01-11,25950,265438,17847,177956,8103,87482,0,0,15023,187683,0.022323,10961,38927,0.00463,15071,226610,0.026953,8407551
2,2021-01-12,25995,291433,16135,194091,9860,97342,0,0,16532,194794,0.023169,9492,48419,0.005759,16603,243213,0.028928,8407551
2,2021-01-13,28283,319716,14923,209014,13360,110702,0,0,20373,207285,0.024655,7904,56323,0.006699,20395,263608,0.031354,8407551
2,2021-01-14,30101,349817,11448,220462,18653,129355,0,0,25912,229037,0.027242,4213,60536,0.0072,25965,289573,0.034442,8407551
2,2021-01-15,35157,384974,12962,233424,22195,151550,0,0,31930,257799,0.030663,3240,63776,0.007586,32002,321575,0.038248,8407551
2,2021-01-16,17556,402530,5617,239041,11939,163489,0,0,16247,272721,0.032438,1335,65111,0.007744,16257,337832,0.040182,8407551
2,2021-01-17,10551,413081,3523,242564,7028,170517,0,0,9848,281848,0.033523,729,65840,0.007831,9856,347688,0.041354,8407551
2,2021-01-18,19712,432793,11067,253631,8645,179162,0,0,14971,292109,0.034744,4757,70597,0.008397,15018,362706,0.043141,8407551
2,2021-01-19,32243,465036,16823,270454,15420,194582,0,0,24274,308522,0.036696,7974,78571,0.009345,24387,387093,0.046041,8407551
2,2021-01-20,36808,501844,18394,288848,18414,212996,0,0,28209,328239,0.039041,8579,87150,0.010366,28296,415389,0.049407,8407551
2,2021-01-21,40566,542410,17290,306138,23276,236272,0,0,36152,360157,0.042837,4391,91541,0.010888,36309,451698,0.053725,8407551
2,2021-01-22,39208,581618,16422,322560,22786,259058,0,0,35924,392817,0.046722,3286,94827,0.011279,35946,487644,0.058001,8407551
2,2021-01-23,23974,605592,10828,333388,13146,272204,0,0,21019,410931,0.048876,2932,97759,0.011628,21046,508690,0.060504,8407551
2,2021-01-24,12450,618042,6157,339545,6293,278497,0,0,11540,421585,0.050144,896,98655,0.011734,11550,520240,0.061878,8407551
2,2021-01-25,33652,651694,15637,355182,18015,296512,0,0,24930,437965,0.052092,8673,107328,0.012766,25053,545293,0.064858,8407551
2,2021-01-26,40099,691793,19832,375014,20267,316779,0,0,31170,460300,0.054748,8912,116240,0.013826,31247,576540,0.068574,8407551
2,2021-01-27,44977,736770,22917,397931,22060,338839,0,0,35023,485546,0.057751,9831,126071,0.014995,35077,611617,0.072746,8407551
2,2021-01-28,47926,784696,22633,420564,25293,364132,0,0,39409,516553,0.061439,8463,134534,0.016002,39470,651087,0.077441,8407551
2,2021-01-29,45489,830185,22314,442878,23175,387307,0,0,36942,545104,0.064835,8444,142978,0.017006,36995,688082,0.081841,8407551
2,2021-01-30,31287,861472,13663,456541,17624,404931,0,0,28053,569991,0.067795,3193,146171,0.017386,28080,716162,0.085181,8407551
2,2021-01-31,17554,879026,10657,467198,6897,411828,0,0,16330,585132,0.069596,1208,147379,0.017529,16349,732511,0.087125,8407551
2,2021-02-01,40456,919482,19469,486667,20987,432815,0,0,29903,604546,0.071905,10520,157899,0.018781,29934,762445,0.090686,8407551
2,2021-02-02,47750,967232,19694,506361,28056,460871,0,0,36366,629701,0.074897,11307,169206,0.020125,36462,798907,0.095023,8407551
2,2021-02-03,53951,1021183,24152,530513,29799,490670,0,0,39946,655825,0.078004,13908,183114,0.02178,40032,838939,0.099784,8407551
2,2021-02-04,55800,1076983,24252,554765,31548,522218,0,0,40865,681938,0.08111,14843,197957,0.023545,40956,879895,0.104655,8407551
2,2021-02-05,59551,1136534,26370,581135,33181,555399,0,0,40375,703466,0.083671,19007,216964,0.025806,40535,920430,0.109477,8407551
2,2021-02-06,38856,1175390,18204,599339,20652,576051,0,0,31282,727341,0.08651,7493,224457,0.026697,31368,951798,0.113208,8407551
2,2021-02-07,16022,1191412,10766,610105,5256,581307,0,0,12145,735701,0.087505,3851,228308,0.027155,12211,964009,0.11466,8407551
2,2021-02-08,43312,1234724,22404,632509,20908,602215,0,0,29886,752508,0.089504,13275,241583,0.028734,30082,994091,0.118238,8407551
2,2021-02-09,49256,1283980,23531,656040,25725,627940,0,0,30695,765265,0.091021,18253,259836,0.030905,31010,1025101,0.121926,8407551
2,2021-02-10,59412,1343392,28167,684207,31245,659185,0,0,34667,775821,0.092277,24460,284296,0.033814,35016,1060117,0.126091,8407551
2,2021-02-11,63858,1407250,29673,713880,34185,693370,0,0,36046,784795,0.093344,27558,311854,0.037092,36532,1096649,0.130436,8407551
2,2021-02-12,64809,1472059,28066,741946,36743,730113,0,0,34557,790040,0.093968,29966,341820,0.040656,35211,1131860,0.134624,8407551
2,2021-02-13,37526,1509585,15777,757723,21749,751862,0,0,21762,796503,0.094737,15676,357496,0.042521,22139,1153999,0.137257,8407551
2,2021-02-14,19939,1529524,9362,767085,10577,762439,0,0,11232,799426,0.095084,8667,366163,0.043552,11590,1165589,0.138636,8407551
2,2021-02-15,32987,1562511,14948,782033,18039,780478,0,0,18336,804077,0.095637,14535,380698,0.04528,19186,1184775,0.140918,8407551
2,2021-02-16,55864,1618375,27633,809666,28231,808709,0,0,29467,807895,0.096092,26315,407013,0.04841,30133,1214908,0.144502,8407551
2,2021-02-17,61161,1679536,31671,841337,29490,838199,0,0,30445,808492,0.096163,30662,437675,0.052057,31259,1246167,0.14822,8407551
2,2021-02-18,65738,1745274,33433,874770,32305,870504,0,0,32060,808219,0.09613,33462,471137,0.056037,33189,1279356,0.152167,8407551
2,2021-02-19,58809,1804083,32825,907595,25984,896488,0,0,29240,808619,0.096178,29429,500566,0.059538,29829,1309185,0.155715,8407551
2,2021-02-20,37008,1841091,24199,931794,12809,909297,0,0,20142,812642,0.096656,16792,517358,0.061535,20815,1330000,0.158191,8407551
2,2021-02-21,20642,1861733,17199,948993,3443,912740,0,0,9900,812673,0.09666,10667,528025,0.062804,10698,1340698,0.159464,8407551
2,2021-02-22,37266,1898999,25629,974622,11637,924377,0,0,17846,811870,0.096564,19321,547346,0.065102,18518,1359216,0.161666,8407551
2,2021-02-23,51371,1950370,26392,1001014,24979,949356,0,0,22673,807920,0.096095,28514,575860,0.068493,24564,1383780,0.164588,8407551
2,2021-02-24,68097,2018467,35133,1036147,32964,982320,0,0,31435,805188,0.09577,36525,612385,0.072838,33793,1417573,0.168607,8407551
2,2021-02-25,73582,2092049,34653,1070800,38929,1021249,0,0,37620,809847,0.096324,35761,648146,0.077091,40420,1457993,0.173415,8407551
2,2021-02-26,81686,2173735,34980,1105780,46706,1067955,0,0,44423,819436,0.097464,37015,685161,0.081494,46604,1504597,0.178958,8407551
2,2021-02-27,59644,2233379,27652,1133432,31988,1099943,4,4,32493,826302,0.098281,26965,712126,0.084701,33831,1538428,0.182982,8407551
2,2021-02-28,29051,2262430,17472,1150904,11578,1111521,1,5,16928,832035,0.098963,12019,724145,0.08613,17752,1556180,0.185093,8407551
2,2021-03-01,55939,2318369,29648,1180552,26268,1137789,23,28,30521,838556,0.099738,25205,749350,0.089128,31726,1587906,0.188867,8407551
2,2021-03-02,67382,2385751,32561,1213113,34816,1172605,5,33,38255,850137,0.101116,29013,778363,0.092579,40594,1628500,0.193695,8407551
2,2021-03-03,78705,2464456,38215,1251328,40482,1213087,8,41,44466,863085,0.102656,34069,812432,0.096631,47017,1675517,0.199287,8407551
2,2021-03-04,86720,2551176,42983,1294311,43710,1256797,27,68,50185,879306,0.104585,36360,848792,0.100956,52581,1728098,0.205541,8407551
2,2021-03-05,80102,2631278,38151,1332462,41653,1298450,298,366,49347,900722,0.107133,30579,879371,0.104593,51995,1780093,0.211726,8407551
2,2021-03-06,61932,2693210,30436,1362898,29833,1328283,1663,2029,38100,918190,0.10921,23728,903099,0.107415,41196,1821289,0.216625,8407551
2,2021-03-07,27464,2720674,16126,1379024,10390,1338673,948,2977,17731,928302,0.110413,9678,912777,0.108566,19790,1841079,0.218979,8407551
2,2021-03-08,49518,2770192,22867,1401891,24221,1362894,2430,5407,31397,945737,0.112487,18036,930813,0.110712,35471,1876550,0.223198,8407551
2,2021-03-09,69146,2839338,31743,1433634,33638,1396532,3765,9172,38579,958981,0.114062,30453,961266,0.114334,43697,1920247,0.228396,8407551
2,2021-03-10,76950,2916288,36635,1470269,33790,1430322,6525,15697,41085,972244,0.115639,35696,996962,0.118579,48959,1969206,0.234219,8407551
2,2021-03-11,91862,3008150,42431,1512700,41094,1471416,8337,24034,48314,987009,0.117396,43294,1040256,0.123729,58059,2027265,0.241124,8407551
2,2021-03-12,92559,3100709,38298,1550998,42306,1513722,11955,35989,46546,1001067,0.119068,45824,1086080,0.129179,59882,2087147,0.248247,8407551
2,2021-03-13,67942,3168651,28754,1579752,31294,1545016,7894,43883,37530,1017487,0.121021,30303,1116383,0.132783,46723,2133870,0.253804,8407551
2,2021-03-14,36442,3205093,18226,1597978,13732,1558748,4484,48367,18705,1023782,0.121769,17656,1134039,0.134883,23951,2157821,0.256653,8407551
2,2021-03-15,66634,3271727,30158,1628136,31498,1590246,4978,53345,36988,1037392,0.123388,29460,1163499,0.138387,43070,2200891,0.261776,8407551
2,2021-03-16,85542,3357269,37918,1666054,43656,1633902,3968,57313,52233,1061562,0.126263,33160,1196659,0.142331,57330,2258221,0.268594,8407551
2,2021-03-17,91528,3448797,43928,1709982,43479,1677381,4121,61434,58434,1092087,0.129894,32880,1229539,0.146242,63405,2321626,0.276136,8407551
2,2021-03-18,96742,3545539,46241,1756223,46047,1723428,4454,65888,59688,1120002,0.133214,36795,1266334,0.150619,64710,2386336,0.283832,8407551
2,2021-03-19,96117,3641656,45424,1801647,44622,1768050,6071,71959,57695,1146107,0.136319,38177,1304511,0.155159,64282,2450618,0.291478,8407551
2,2021-03-20,68459,3710115,32838,1834485,31751,1799801,3870,75829,45267,1172605,0.13947,22993,1327504,0.157894,49491,2500109,0.297365,8407551
2,2021-03-21,32497,3742612,20897,1855382,9650,1809451,1950,77779,20605,1183791,0.140801,11792,1339296,0.159297,22978,2523087,0.300098,8407551
2,2021-03-22,61706,3804318,33791,1889173,25325,1834776,2590,80369,41485,1208727,0.143767,20030,1359326,0.161679,44966,2568053,0.305446,8407551
2,2021-03-23,82318,3886636,43583,1932756,35908,1870684,2827,83196,52177,1234654,0.146851,29912,1389238,0.165237,55839,2623892,0.312088,8407551
2,2021-03-24,90222,3976858,48576,1981332,38575,1909259,3071,86267,53700,1255999,0.149389,36254,1425492,0.169549,57599,2681491,0.318938,8407551
2,2021-03-25,99791,4076649,50290,2031622,45714,1954973,3787,90054,57217,1275480,0.151706,42292,1467784,0.174579,61773,2743264,0.326286,8407551
2,2021-03-26,101535,4178184,50352,2081974,47753,2002726,3430,93484,56263,1291275,0.153585,44957,1512741,0.179926,60752,2804016,0.333512,8407551
2,2021-03-27,74038,4252222,36811,2118785,33931,2036657,3296,96780,37770,1297149,0.154284,36062,1548803,0.184216,41936,2845952,0.3385,8407551
2,2021-03-28,36806,4289028,22525,2141310,13479,2050136,802,97582,20263,1302500,0.15492,16440,1565243,0.186171,21791,2867743,0.341091,8407551
2,2021-03-29,70068,4359096,35696,2177006,32178,2082314,2194,99776,40507,1316686,0.156608,29405,1594648,0.189669,43591,2911334,0.346276,8407551
2,2021-03-30,90616,4449712,44247,2221253,42101,2124415,4268,104044,51489,1334097,0.158678,38955,1633603,0.194302,56366,2967700,0.35298,8407551
2,2021-03-31,99555,4549267,51155,2272408,43391,2167806,5009,109053,57323,1354810,0.161142,41993,1675596,0.199297,62706,3030406,0.360439,8407551
2,2021-04-01,115683,4664950,55837,2328245,50906,2218712,8940,117993,63680,1376200,0.163686,51736,1727332,0.20545,73126,3103532,0.369136,8407551
2,2021-04-02,109680,4774630,50520,2378765,49310,2268022,9850,127843,59519,1396269,0.166073,49847,1777179,0.211379,69916,3173448,0.377452,8407551
2,2021-04-03,75414,4850044,36834,2415599,29046,2297068,9534,137377,37674,1406343,0.167271,37564,1814743,0.215847,47638,3221086,0.383118,8407551
2,2021-04-04,28924,4878968,14864,2430463,10228,2307296,3832,141209,13113,1407614,0.167423,15737,1830480,0.217719,17008,3238094,0.385141,8407551
2,2021-04-05,78358,4957326,38497,2468960,31220,2338516,8641,149850,38317,1415461,0.168356,39907,1870387,0.222465,47754,3285848,0.390821,8407551
2,2021-04-06,102839,5060165,50159,2519119,38105,2376621,14575,164425,49016,1425889,0.169596,53601,1923988,0.22884,64029,3349877,0.398437,8407551
2,2021-04-07,109060,5169225,54554,2573673,38469,2415090,16037,180462,51680,1436827,0.170897,57136,1981124,0.235636,68074,3417951,0.406533,8407551
2,2021-04-08,117404,5286629,56585,2630258,42371,2457461,18448,198910,54713,1448185,0.172248,62427,2043551,0.243061,73785,3491736,0.41531,8407551
2,2021-04-09,116786,5403415,56329,2686587,42617,2500078,17840,216750,55515,1461465,0.173828,60967,2104518,0.250313,74247,3565983,0.424141,8407551
2,2021-04-10,85482,5488897,37148,2723735,30464,2530542,17870,234620,35746,1466247,0.174396,49524,2154042,0.256203,54306,3620289,0.4306,8407551
2,2021-04-11,43877,5532774,22699,2746434,12683,2543225,8495,243115,18058,1467834,0.174585,25695,2179737,0.259259,27282,3647571,0.433845,8407551
2,2021-04-12,78825,5611599,36742,2783176,32843,2576068,9240,252355,35538,1470553,0.174909,43056,2222793,0.264381,45775,3693346,0.439289,8407551
2,2021-04-13,100473,5712072,52067,2835243,48157,2624225,249,252604,55309,1482032,0.176274,44960,2267753,0.269728,56439,3749785,0.446002,8407551
2,2021-04-14,105029,5817101,55173,2890416,49808,2674033,48,252652,54296,1487297,0.1769,50496,2318249,0.275734,55761,3805546,0.452634,8407551
2,2021-04-15,111394,5928495,59419,2949835,51909,2725942,66,252718,58718,1494761,0.177788,52353,2370602,0.281961,59817,3865363,0.459749,8407551
2,2021-04-16,108802,6037297,56684,3006519,52068,2778010,50,252768,55676,1498470,0.178229,52848,2423450,0.288247,56557,3921920,0.466476,8407551
2,2021-04-17,81629,6118926,41577,3048096,40039,2818049,13,252781,46116,1510113,0.179614,35337,2458787,0.29245,46980,3968900,0.472064,8407551
2,2021-04-18,33889,6152815,20257,3068353,13627,2831676,5,252786,16362,1510016,0.179602,17427,2476214,0.294523,17330,3986230,0.474125,8407551
2,2021-04-19,73351,6226166,39705,3108058,33635,2865311,11,252797,33722,1504951,0.179,39411,2515625,0.29921,34346,4020576,0.47821,8407551
2,2021-04-20,94444,6320610,47248,3155306,47173,2912484,23,252820,46240,1503979,0.178884,47960,2563585,0.304915,46988,4067564,0.483799,8407551
2,2021-04-21,98604,6419214,52501,3207807,46050,2958534,53,252873,47031,1500678,0.178492,51253,2614838,0.311011,47952,4115516,0.489502,8407551
2,2021-04-22,104847,6524061,53792,3261599,51036,3009570,19,252892,46177,1489377,0.177148,58361,2673199,0.317952,47060,4162576,0.4951,8407551
2,2021-04-23,104047,6628108,55018,3316617,49013,3058583,16,252908,48402,1483359,0.176432,55333,2728532,0.324534,49315,4211891,0.500965,8407551
2,2021-04-24,78493,6706601,46571,3363188,31885,3090468,37,252945,41348,1488794,0.177078,36860,2765392,0.328918,42295,4254186,0.505996,8407551
2,2021-04-25,35902,6742503,22263,3385451,13625,3104093,14,252959,19650,1492773,0.177551,16139,2781531,0.330837,20118,4274304,0.508389,8407551
2,2021-04-26,67628,6810131,37810,3423261,29530,3133623,288,253247,30997,1489031,0.177106,36416,2817947,0.335169,32674,4306978,0.512275,8407551
2,2021-04-27,82080,6892211,43319,3466580,37624,3171247,1137,254384,35260,1480013,0.176034,46580,2864527,0.340709,37562,4344540,0.516743,8407551
2,2021-04-28,84588,6976799,44786,3511366,37964,3209211,1838,256222,37066,1472542,0.175145,47259,2911786,0.34633,39788,4384328,0.521475,8407551
2,2021-04-29,87098,7063897,47018,3558384,38421,3247632,1659,257881,33528,1455025,0.173062,53293,2965079,0.352669,35776,4420104,0.52573,8407551
2,2021-04-30,91202,7155099,50335,3608719,38932,3286564,1935,259816,35293,1437262,0.170949,55620,3020699,0.359284,37857,4457961,0.530233,8407551
2,2021-05-01,60429,7215528,36831,3645550,22060,3308624,1538,261354,23808,1427030,0.169732,36417,3057116,0.363616,26185,4484146,0.533347,8407551
2,2021-05-02,28717,7244245,19830,3665380,7917,3316541,970,262324,11041,1421556,0.169081,17572,3074688,0.365706,12098,4496244,0.534786,8407551
2,2021-05-03,59129,7303374,35149,3700529,21955,3338496,2025,264349,19851,1404601,0.167064,39082,3113770,0.370354,22127,4518371,0.537418,8407551
2,2021-05-04,77344,7380718,45867,3746396,29146,3367642,2331,266680,25226,1380670,0.164218,51874,3165644,0.376524,27943,4546314,0.540742,8407551
2,2021-05-05,77620,7458338,45938,3792334,29373,3397015,2309,268989,24345,1354693,0.161128,52965,3218609,0.382824,26988,4573302,0.543952,8407551
2,2021-05-06,79772,7538110,48031,3840365,28883,3425898,2858,271847,24534,1327882,0.157939,54827,3273436,0.389345,28016,4601318,0.547284,8407551
2,2021-05-07,80648,7618758,46453,3886818,31796,3457694,2399,274246,25042,1300474,0.154679,55291,3328727,0.395921,27883,4629201,0.5506,8407551
2,2021-05-08,52783,7671541,31897,3918715,19242,3476936,1644,275890,16586,1283428,0.152652,35959,3364686,0.400198,18913,4648114,0.55285,8407551
2,2021-05-09,21216,7692757,15171,3933886,5304,3482240,741,276631,6365,1276026,0.151771,14729,3379415,0.40195,7327,4655441,0.553721,8407551
2,2021-05-10,48312,7741069,26251,3960137,20247,3502487,1814,278445,13875,1258079,0.149637,34218,3413633,0.40602,16271,4671712,0.555657,8407551
2,2021-05-11,61723,7802792,32881,3993018,26881,3529368,1961,280406,18599,1236410,0.147059,42880,3456513,0.41112,21211,4692923,0.55818,8407551
2,2021-05-12,60045,7862837,31620,4024638,26393,3555761,2032,282438,17963,1214918,0.144503,41845,3498358,0.416097,20353,4713276,0.5606,8407551
2,2021-05-13,63901,7926738,37078,4061716,24990,3580751,1833,284271,23466,1200675,0.142809,40206,3538564,0.420879,25963,4739239,0.563688,8407551
2,2021-05-14,75814,8002552,45341,4107057,28378,3609129,2095,286366,29612,1187104,0.141195,45917,3584481,0.426341,32346,4771585,0.567536,8407551
2,2021-05-15,63239,8065791,41862,4148919,19818,3628947,1559,287925,24561,1175115,0.139769,38491,3622972,0.430919,26502,4798087,0.570688,8407551
2,2021-05-16,29436,8095227,22249,4171168,6297,3635244,890,288815,12208,1171213,0.139305,17134,3640106,0.432957,13232,4811319,0.572262,8407551
2,2021-05-17,56154,8151381,35832,4207000,18471,3653715,1851,290666,23599,1164633,0.138522,32387,3672493,0.436809,25807,4837126,0.575331,8407551
2,2021-05-18,67512,8218893,39784,4246784,25855,3679570,1873,292539,28217,1156196,0.137519,39064,3711557,0.441455,30627,4867753,0.578974,8407551
2,2021-05-19,61664,8280557,36859,4283643,23016,3702586,1789,294328,25614,1148125,0.136559,35797,3747354,0.445713,27726,4895479,0.582272,8407551
2,2021-05-20,29546,8310103,16783,4300426,11703,3714289,1060,295388,10920,1141697,0.135794,18481,3765835,0.447911,12053,4907532,0.583705,8407551
3,2020-12-15,304,304,304,304,0,0,0,0,304,304,3.7e-05,0,0,0.0,304,304,3.7e-05,8129050
3,2020-12-16,2258,2562,2258,2562,0,0,0,0,2258,2562,0.000315,0,0,0.0,2258,2562,0.000315,8129050
3,2020-12-17,7625,10187,7625,10187,0,0,0,0,7625,10187,0.001253,0,0,0.0,7625,10187,0.001253,8129050
3,2020-12-18,13057,23244,13044,23231,13,13,0,0,13057,23244,0.002859,0,0,0.0,13057,23244,0.002859,8129050
3,2020-12-19,7190,30434,7179,30410,11,24,0,0,7254,30498,0.003752,0,0,0.0,7254,30498,0.003752,8129050
3,2020-12-20,5633,36067,5626,36036,7,31,0,0,5680,36177,0.00445,1,1,0.0,5680,36178,0.00445,8129050
3,2020-12-21,14280,50347,14257,50293,23,54,0,0,14345,50521,0.006215,1,2,0.0,14345,50523,0.006215,8129050
3,2020-12-22,14699,65046,14125,64418,574,628,0,0,14738,65259,0.008028,0,2,0.0,14738,65261,0.008028,8129050
3,2020-12-23,14675,79721,12086,76504,2589,3217,0,0,14701,79960,0.009836,0,2,0.0,14701,79962,0.009837,8129050
3,2020-12-24,6767,86488,4858,81362,1909,5126,0,0,6765,86724,0.010668,1,3,0.0,6765,86727,0.010669,8129050
3,2020-12-25,720,87208,664,82026,56,5182,0,0,719,87443,0.010757,0,3,0.0,719,87446,0.010757,8129050
3,2020-12-26,4600,91808,2988,85014,1612,6794,0,0,4598,92041,0.011322,0,3,0.0,4598,92044,0.011323,8129050
3,2020-12-27,2952,94760,1833,86847,1119,7913,0,0,2953,94994,0.011686,0,3,0.0,2953,94997,0.011686,8129050
3,2020-12-28,13477,108237,8615,95462,4862,12775,0,0,13505,108498,0.013347,1,4,0.0,13505,108502,0.013347,8129050
3,2020-12-29,14936,123173,8432,103894,6504,19279,0,0,14964,123460,0.015188,2,6,1e-06,14964,123466,0.015188,8129050
3,2020-12-30,18002,141175,10046,113940,7956,27235,0,0,17989,141449,0.0174,0,6,1e-06,17989,141455,0.017401,8129050
3,2020-12-31,8378,149553,3213,117153,5165,32400,0,0,8378,149826,0.018431,1,7,1e-06,8378,149833,0.018432,8129050
3,2021-01-01,1192,150745,544,117697,648,33048,0,0,1189,151015,0.018577,0,7,1e-06,1189,151022,0.018578,8129050
3,2021-01-02,4995,155740,2479,120176,2516,35564,0,0,4995,156010,0.019192,0,7,1e-06,4995,156017,0.019193,8129050
3,2021-01-03,1597,157337,840,121016,757,36321,0,0,1588,157594,0.019387,4,11,1e-06,1588,157605,0.019388,8129050
3,2021-01-04,11966,169303,5989,127005,5977,42298,0,0,11939,169526,0.020854,7,18,2e-06,11939,169544,0.020857,8129050
3,2021-01-05,15591,184894,8049,135054,7542,49840,0,0,13989,181952,0.022383,1588,1606,0.000198,14014,183558,0.02258,8129050
3,2021-01-06,20481,205375,10799,145853,9682,59522,0,0,16083,193689,0.023827,4357,5963,0.000734,16094,199652,0.02456,8129050
3,2021-01-07,26360,231735,15035,160888,11325,70847,0,0,17187,201745,0.024818,9145,15108,0.001859,17201,216853,0.026676,8129050
3,2021-01-08,30238,261973,18465,179353,11773,82620,0,0,18078,207704,0.025551,12139,27247,0.003352,18098,234951,0.028903,8129050
3,2021-01-09,12337,274310,6963,186316,5374,87994,0,0,7851,211085,0.025967,4480,31727,0.003903,7861,242812,0.02987,8129050
3,2021-01-10,7160,281470,4462,190778,2698,90692,0,0,4021,211973,0.026076,3137,34864,0.004289,4025,246837,0.030365,8129050
3,2021-01-11,28792,310262,18865,209643,9927,100619,0,0,16289,215808,0.026548,12498,47362,0.005826,16333,263170,0.032374,8129050
3,2021-01-12,32003,342265,19099,228742,12904,113523,0,0,19621,223147,0.027451,12367,59729,0.007348,19706,282876,0.034798,8129050
3,2021-01-13,34325,376590,17958,246700,16367,129890,0,0,24243,237326,0.029195,10083,69812,0.008588,24262,307138,0.037783,8129050
3,2021-01-14,34411,411001,14134,260834,20277,150167,0,0,28545,260072,0.031993,5833,75645,0.009306,28579,335717,0.041298,8129050
3,2021-01-15,38663,449664,14413,275247,24250,174417,0,0,34055,289591,0.035624,4597,80242,0.009871,34116,369833,0.045495,8129050
3,2021-01-16,21729,471393,7598,282845,14131,188548,0,0,19423,306742,0.037734,2293,82535,0.010153,19444,389277,0.047887,8129050
3,2021-01-17,13112,484505,4468,287313,8644,197192,0,0,12085,317819,0.039097,1026,83561,0.010279,12103,401380,0.049376,8129050
3,2021-01-18,24577,509082,12806,300119,11771,208963,0,0,19073,331414,0.040769,5522,89083,0.010959,19117,420497,0.051728,8129050
3,2021-01-19,40774,549856,20854,320973,19920,228883,0,0,31738,354221,0.043575,9011,98094,0.012067,31818,452315,0.055642,8129050
3,2021-01-20,44840,594696,22096,343069,22744,251627,0,0,35536,380572,0.046816,9261,107355,0.013206,35612,487927,0.060023,8129050
3,2021-01-21,47299,641995,20441,363510,26858,278485,0,0,41884,417177,0.051319,5343,112698,0.013864,41948,529875,0.065183,8129050
3,2021-01-22,49412,691407,19773,383283,29639,308124,0,0,45309,458438,0.056395,4110,116808,0.014369,45371,575246,0.070764,8129050
3,2021-01-23,30024,721431,12746,396029,17278,325402,0,0,26705,481881,0.059279,3308,120116,0.014776,26751,601997,0.074055,8129050
3,2021-01-24,17622,739053,8490,404519,9132,334534,0,0,16478,497241,0.061168,1142,121258,0.014917,16502,618499,0.076085,8129050
3,2021-01-25,40391,779444,18128,422647,22263,356797,0,0,30530,518012,0.063724,9842,131100,0.016127,30613,649112,0.079851,8129050
3,2021-01-26,46647,826091,22324,444971,24323,381120,0,0,36710,544898,0.067031,9926,141026,0.017348,36812,685924,0.084379,8129050
3,2021-01-27,50344,876435,24395,469366,25949,407069,0,0,39847,574399,0.07066,10420,151446,0.01863,39921,725845,0.08929,8129050
3,2021-01-28,51343,927778,23849,493215,27494,434563,0,0,42513,608211,0.074819,8748,160194,0.019706,42560,768405,0.094526,8129050
3,2021-01-29,50210,977988,24176,517391,26034,460597,0,0,40781,639795,0.078705,9243,169437,0.020843,40827,809232,0.099548,8129050
3,2021-01-30,36608,1014596,17371,534762,19237,479834,0,0,32059,667432,0.082105,4500,173937,0.021397,32137,841369,0.103502,8129050
3,2021-01-31,22219,1036815,12830,547592,9389,489223,0,0,20733,686709,0.084476,1474,175411,0.021578,20751,862120,0.106054,8129050
3,2021-02-01,45088,1081903,20448,568040,24640,513863,0,0,34741,711183,0.087487,10305,185716,0.022846,34779,896899,0.110333,8129050
3,2021-02-02,54101,1136004,22738,590778,31363,545226,0,0,41460,740138,0.091049,12553,198269,0.02439,41508,938407,0.115439,8129050
3,2021-02-03,59642,1195646,26622,617400,33020,578246,0,0,44400,769522,0.094663,15084,213353,0.026246,44468,982875,0.120909,8129050
3,2021-02-04,63982,1259628,27838,645238,36144,614390,0,0,46935,799706,0.098376,16855,230208,0.028319,47039,1029914,0.126695,8129050
3,2021-02-05,69793,1329421,29743,674981,40050,654440,0,0,48275,826836,0.101714,21305,251513,0.03094,48435,1078349,0.132654,8129050
3,2021-02-06,43464,1372885,21175,696156,22289,676729,0,0,33716,851013,0.104688,9720,261233,0.032136,33897,1112246,0.136824,8129050
3,2021-02-07,19443,1392328,12320,708476,7123,683852,0,0,14957,861620,0.105993,4476,265709,0.032686,15083,1127329,0.138679,8129050
3,2021-02-08,50749,1443077,24475,732951,26274,710126,0,0,33312,877797,0.107983,17318,283027,0.034817,33495,1160824,0.142799,8129050
3,2021-02-09,58137,1501214,28312,761263,29825,739951,0,0,34149,888473,0.109296,23817,306844,0.037747,34493,1195317,0.147043,8129050
3,2021-02-10,67385,1568599,31346,792609,36039,775990,0,0,36595,895034,0.110103,30562,337406,0.041506,37123,1232440,0.151609,8129050
3,2021-02-11,70115,1638714,34638,827247,35477,811467,0,0,37623,901035,0.110841,32151,369557,0.045461,38152,1270592,0.156303,8129050
3,2021-02-12,74723,1713437,32373,859620,42350,853817,0,0,41401,910155,0.111963,33036,402593,0.049525,42156,1312748,0.161488,8129050
3,2021-02-13,44556,1757993,20255,879875,24301,878118,0,0,25717,917761,0.112899,18691,421284,0.051825,26297,1339045,0.164723,8129050
3,2021-02-14,27100,1785093,13559,893434,13541,891659,0,0,15167,921488,0.113357,11888,433172,0.053287,15615,1354660,0.166644,8129050
3,2021-02-15,39715,1824808,17127,910561,22588,914247,0,0,22012,926819,0.114013,17615,450787,0.055454,22946,1377606,0.169467,8129050
3,2021-02-16,69426,1894234,32832,943393,36594,950841,0,0,36221,930991,0.114526,33074,483861,0.059522,37246,1414852,0.174049,8129050
3,2021-02-17,71226,1965460,36073,979466,35153,985994,0,0,34000,929056,0.114288,37006,520867,0.064075,35071,1449923,0.178363,8129050
3,2021-02-18,76186,2041646,39809,1019275,36377,1022371,0,0,35383,925110,0.113803,40666,561533,0.069077,36720,1486643,0.18288,8129050
3,2021-02-19,67987,2109633,39232,1058507,28755,1051126,0,0,34498,926904,0.114024,33392,594925,0.073185,35186,1521829,0.187209,8129050
3,2021-02-20,41575,2151208,26357,1084864,15218,1066344,0,0,22083,930073,0.114413,19407,614332,0.075572,22576,1544405,0.189986,8129050
3,2021-02-21,22322,2173530,18562,1103426,3760,1070104,0,0,10682,929563,0.114351,11569,625901,0.076996,11059,1555464,0.191346,8129050
3,2021-02-22,44824,2218354,29240,1132666,15584,1085688,0,0,21267,927830,0.114138,23479,649380,0.079884,21746,1577210,0.194021,8129050
3,2021-02-23,60292,2278646,32970,1165636,27322,1113010,0,0,26725,923105,0.113556,33433,682813,0.083997,28708,1605918,0.197553,8129050
3,2021-02-24,76198,2354844,37335,1202971,38863,1151873,0,0,34183,917945,0.112922,41842,724655,0.089144,36682,1642600,0.202065,8129050
3,2021-02-25,85132,2439976,41382,1244353,43750,1195623,0,0,42864,921335,0.113339,42049,766704,0.094317,45439,1688039,0.207655,8129050
3,2021-02-26,95454,2535430,43534,1287887,51920,1247543,0,0,51118,930638,0.114483,44010,810714,0.09973,53313,1741352,0.214213,8129050
3,2021-02-27,67464,2602894,31101,1318988,36360,1283903,3,3,35858,936367,0.115188,31430,842144,0.103597,37159,1778511,0.218785,8129050
3,2021-02-28,37667,2640561,21904,1340892,15762,1299665,1,4,19543,938886,0.115498,17973,860117,0.105808,20492,1799003,0.221305,8129050
3,2021-03-01,65734,2706295,35019,1375911,30700,1330365,15,19,36792,948236,0.116648,28786,888903,0.109349,38136,1837139,0.225997,8129050
3,2021-03-02,77374,2783669,38343,1414254,39027,1369392,4,23,45429,963901,0.118575,31829,920732,0.113264,47494,1884633,0.231839,8129050
3,2021-03-03,87674,2871343,41933,1456187,45726,1415118,15,38,49078,976821,0.120164,38425,959157,0.117991,51345,1935978,0.238156,8129050
3,2021-03-04,92210,2963553,45408,1501595,46787,1461905,15,53,52572,992231,0.12206,39442,998599,0.122843,54852,1990830,0.244903,8129050
3,2021-03-05,88726,3052279,43692,1545287,44744,1506649,290,343,54334,1014902,0.124849,34173,1032772,0.127047,56844,2047674,0.251896,8129050
3,2021-03-06,64468,3116747,32669,1577956,29661,1536310,2138,2481,36998,1028168,0.126481,27341,1060113,0.13041,40607,2088281,0.256891,8129050
3,2021-03-07,37231,3153978,22265,1600221,13855,1550165,1111,3592,21498,1036261,0.127476,15680,1075793,0.132339,23773,2112054,0.259816,8129050
3,2021-03-08,58406,3212384,27960,1628181,27624,1577789,2822,6414,37171,1056705,0.129991,21099,1096892,0.134935,41543,2153597,0.264926,8129050
3,2021-03-09,75875,3288259,35296,1663477,36241,1614030,4338,10752,41029,1068519,0.131445,34734,1131626,0.139208,46548,2200145,0.270652,8129050
3,2021-03-10,81965,3370224,41137,1704614,34799,1648829,6029,16781,42992,1080152,0.132876,38793,1170419,0.14398,50426,2250571,0.276855,8129050
3,2021-03-11,95984,3466208,46954,1751568,40520,1689349,8510,25291,47270,1088581,0.133912,48470,1218889,0.149942,56899,2307470,0.283855,8129050
3,2021-03-12,100900,3567108,45023,1796591,44043,1733392,11834,37125,46439,1093714,0.134544,54284,1273173,0.15662,59417,2366887,0.291164,8129050
3,2021-03-13,69228,3636336,29561,1826152,32460,1765852,7207,44332,36485,1106148,0.136073,32639,1305812,0.160635,45073,2411960,0.296709,8129050
3,2021-03-14,40599,3676935,21480,1847632,15610,1781462,3509,47841,20884,1111526,0.136735,19654,1325466,0.163053,25032,2436992,0.299788,8129050
3,2021-03-15,74874,3751809,35620,1883252,34737,1816199,4517,52358,39711,1121765,0.137995,34996,1360462,0.167358,45235,2482227,0.305353,8129050
3,2021-03-16,94311,3846120,43551,1926803,46478,1862677,4282,56640,53442,1139737,0.140205,40679,1401141,0.172362,58651,2540878,0.312568,8129050
3,2021-03-17,96942,3943062,47155,1973958,45356,1908033,4431,61071,59329,1166749,0.143528,37418,1438559,0.176965,64430,2605308,0.320494,8129050
3,2021-03-18,102176,4045238,51958,2025916,45820,1953853,4398,65469,59521,1188797,0.146241,42427,1480986,0.182184,64475,2669783,0.328425,8129050
3,2021-03-19,101885,4147123,54563,2080479,42913,1996766,4409,69878,57772,1207641,0.148559,43880,1524866,0.187582,62724,2732507,0.336141,8129050
3,2021-03-20,70382,4217505,36227,2116706,30594,2027360,3561,73439,43972,1229428,0.151239,26246,1551112,0.190811,48033,2780540,0.34205,8129050
3,2021-03-21,35415,4252920,24078,2140784,9875,2037235,1462,74901,22966,1241949,0.152779,12378,1563490,0.192334,24899,2805439,0.345113,8129050
3,2021-03-22,69347,4322267,40718,2181502,26160,2063395,2469,77370,45036,1266338,0.155779,24128,1587618,0.195302,48517,2853956,0.351081,8129050
3,2021-03-23,88594,4410861,48826,2230328,37317,2100712,2451,79821,55043,1291210,0.158839,33327,1620945,0.199402,58199,2912155,0.358241,8129050
3,2021-03-24,97524,4508385,56169,2286497,38567,2139279,2788,82609,56461,1310300,0.161187,40766,1661711,0.204416,59856,2972011,0.365604,8129050
3,2021-03-25,105989,4614374,58982,2345479,44161,2183440,2846,85455,60587,1329268,0.163521,45120,1706831,0.209967,64088,3036099,0.373488,8129050
3,2021-03-26,108914,4723288,58380,2403859,47321,2230761,3213,88668,57148,1338975,0.164715,51505,1758336,0.216303,61212,3097311,0.381018,8129050
3,2021-03-27,73184,4796472,37066,2440925,33590,2264351,2528,91196,36259,1341697,0.16505,36748,1795084,0.220823,39470,3136781,0.385873,8129050
3,2021-03-28,43281,4839753,27175,2468100,15302,2279653,804,92000,22562,1344938,0.165448,20623,1815707,0.22336,23864,3160645,0.388809,8129050
3,2021-03-29,79611,4919364,41586,2509686,36241,2315894,1784,93784,44465,1357049,0.166938,34944,1850651,0.227659,47055,3207700,0.394597,8129050
3,2021-03-30,98811,5018175,48569,2558255,46684,2362578,3558,97342,55887,1374394,0.169072,42709,1893360,0.232913,60054,3267754,0.401985,8129050
3,2021-03-31,103719,5121894,55937,2614192,43049,2405627,4733,102075,56156,1388229,0.170774,47395,1940755,0.238743,61230,3328984,0.409517,8129050
3,2021-04-01,121953,5243847,61781,2675973,50747,2456374,9425,111500,66556,1409510,0.173392,55116,1995871,0.245523,76397,3405381,0.418915,8129050
3,2021-04-02,116288,5360135,56726,2732699,49514,2505888,10048,121548,61923,1427898,0.175654,54143,2050014,0.252184,72531,3477912,0.427837,8129050
3,2021-04-03,75092,5435227,38312,2771011,27764,2533652,9016,130564,37646,1437595,0.176847,37332,2087346,0.256776,47029,3524941,0.433623,8129050
3,2021-04-04,32270,5467497,17251,2788262,10844,2544496,4175,134739,14243,1438109,0.17691,17964,2105310,0.258986,18478,3543419,0.435896,8129050
3,2021-04-05,88275,5555772,44903,2833165,34417,2578913,8955,143694,43589,1446998,0.178003,44521,2149831,0.264463,53410,3596829,0.442466,8129050
3,2021-04-06,112273,5668045,54789,2887954,42467,2621380,15017,158711,53095,1456913,0.179223,58952,2208783,0.271715,68867,3665696,0.450938,8129050
3,2021-04-07,114995,5783040,59817,2947771,39104,2660484,16074,174785,55939,1470410,0.180883,58856,2267639,0.278955,72353,3738049,0.459838,8129050
3,2021-04-08,119918,5902958,60027,3007798,40069,2700553,19822,194607,55885,1483127,0.182448,63790,2331429,0.286802,76507,3814556,0.46925,8129050
3,2021-04-09,116688,6019646,58361,3066159,39464,2740017,18863,213470,51556,1489527,0.183235,64937,2396366,0.29479,71337,3885893,0.478025,8129050
3,2021-04-10,82544,6102190,37467,3103626,30060,2770077,15017,228487,33911,1490803,0.183392,48489,2444855,0.300755,49765,3935658,0.484147,8129050
3,2021-04-11,44595,6146785,23974,3127600,12680,2782757,7941,236428,17120,1489301,0.183207,27399,2472254,0.304126,25897,3961555,0.487333,8129050
3,2021-04-12,82843,6229628,41984,3169584,32282,2815039,8577,245005,37990,1492261,0.183571,44676,2516930,0.309622,47636,4009191,0.493193,8129050
3,2021-04-13,104211,6333839,56543,3226127,47461,2862500,207,245212,55323,1499950,0.184517,48710,2565640,0.315614,56399,4065590,0.500131,8129050
3,2021-04-14,105346,6439185,57799,3283926,47456,2909956,91,245303,53146,1502640,0.184848,51964,2617604,0.322006,54654,4120244,0.506854,8129050
3,2021-04-15,117594,6556779,66243,3350169,51295,2961251,56,245359,63370,1512858,0.186105,53987,2671591,0.328647,64205,4184449,0.514753,8129050
3,2021-04-16,113695,6670474,63870,3414039,49734,3010985,91,245450,59822,1519785,0.186957,53638,2725229,0.335246,60565,4245014,0.522203,8129050
3,2021-04-17,77793,6748267,42537,3456576,35244,3046229,12,245462,43547,1530197,0.188238,34096,2759325,0.33944,44508,4289522,0.527678,8129050
3,2021-04-18,36858,6785125,21838,3478414,15017,3061246,3,245465,17489,1529250,0.188122,19294,2778619,0.341813,18347,4307869,0.529935,8129050
3,2021-04-19,77876,6863001,43594,3522008,34231,3095477,51,245516,35402,1522877,0.187338,42351,2820970,0.347023,35978,4343847,0.534361,8129050
3,2021-04-20,97650,6960651,50644,3572652,46994,3142471,12,245528,47774,1522009,0.187231,49692,2870662,0.353136,48824,4392671,0.540367,8129050
3,2021-04-21,100623,7061274,55535,3628187,45027,3187498,61,245589,47843,1518355,0.186781,52517,2923179,0.359597,48863,4441534,0.546378,8129050
3,2021-04-22,108384,7169658,60530,3688717,47833,3235331,21,245610,46986,1505131,0.185155,61165,2984344,0.367121,47941,4489475,0.552275,8129050
3,2021-04-23,102676,7272334,58375,3747092,44279,3279610,22,245632,45342,1494412,0.183836,57074,3041418,0.374142,46355,4535830,0.557978,8129050
3,2021-04-24,72438,7344772,44956,3792048,27425,3307035,57,245689,35540,1494292,0.183821,36679,3078097,0.378654,36559,4572389,0.562475,8129050
3,2021-04-25,36131,7380903,23354,3815402,12763,3319798,14,245703,18686,1496013,0.184033,17362,3095459,0.38079,19083,4591472,0.564823,8129050
3,2021-04-26,67107,7448010,37894,3853296,28833,3348631,380,246083,28606,1487965,0.183043,38317,3133776,0.385503,30269,4621741,0.568546,8129050
3,2021-04-27,84553,7532563,44345,3897641,38804,3387435,1404,247487,33908,1473596,0.181275,50413,3184189,0.391705,36044,4657785,0.57298,8129050
3,2021-04-28,83402,7615965,46996,3944637,34327,3421762,2079,249566,33814,1460629,0.17968,49383,3233572,0.39778,36416,4694201,0.57746,8129050
3,2021-04-29,85334,7701299,48481,3993118,34698,3456460,2155,251721,29854,1437867,0.17688,55246,3288818,0.404576,32484,4726685,0.581456,8129050
3,2021-04-30,87896,7789195,49470,4042588,35993,3492453,2433,254154,32636,1418378,0.174483,55000,3343818,0.411342,35511,4762196,0.585824,8129050
3,2021-05-01,54171,7843366,34251,4076839,18492,3510945,1428,255582,19505,1405279,0.172871,34511,3378329,0.415587,21412,4783608,0.588458,8129050
3,2021-05-02,26483,7869849,18011,4094850,7465,3518410,1007,256589,9747,1399470,0.172157,16663,3394992,0.417637,10854,4794462,0.589794,8129050
3,2021-05-03,58682,7928531,34493,4129343,21864,3540274,2325,258914,17201,1377860,0.169498,41312,3436304,0.422719,19702,4814164,0.592217,8129050
3,2021-05-04,75292,8003823,43094,4172437,29582,3569856,2616,261530,21998,1349701,0.166034,53050,3489354,0.429245,24891,4839055,0.595279,8129050
3,2021-05-05,76212,8080035,45498,4217935,28070,3597926,2644,264174,20984,1318629,0.162212,54960,3544314,0.436006,23888,4862943,0.598218,8129050
3,2021-05-06,80819,8160854,51054,4268989,27323,3625249,2442,266616,20288,1281757,0.157676,60151,3604465,0.443405,23279,4886222,0.601082,8129050
3,2021-05-07,79470,8240324,49282,4318271,27624,3652873,2564,269180,21334,1248092,0.153535,57854,3662319,0.450522,24189,4910411,0.604057,8129050
3,2021-05-08,50096,8290420,30928,4349199,17539,3670412,1629,270809,13404,1226981,0.150938,36389,3698708,0.454999,15278,4925689,0.605937,8129050
3,2021-05-09,20363,8310783,14729,4363928,4843,3675255,791,271600,5608,1218812,0.149933,14634,3713342,0.456799,6465,4932154,0.606732,8129050
3,2021-05-10,46230,8357013,24806,4388734,19543,3694798,1881,273481,11044,1196994,0.147249,34996,3748338,0.461104,13178,4945332,0.608353,8129050
3,2021-05-11,59449,8416462,32776,4421510,24654,3719452,2019,275500,15078,1170334,0.143969,44184,3792522,0.466539,17524,4962856,0.610509,8129050
3,2021-05-12,59039,8475501,33640,4455150,23257,3742709,2142,277642,15567,1145043,0.140858,43269,3835791,0.471862,17978,4980834,0.61272,8129050
3,2021-05-13,67133,8542634,42134,4497284,23227,3765936,1772,279414,24299,1129068,0.138893,42611,3878402,0.477104,26636,5007470,0.615997,8129050
3,2021-05-14,76821,8619455,48610,4545894,26125,3792061,2086,281500,30135,1115423,0.137214,46456,3924858,0.482819,32811,5040281,0.620033,8129050
3,2021-05-15,59476,8678931,41012,4586906,17354,3809415,1110,282610,24630,1106686,0.13614,34686,3959544,0.487086,25949,5066230,0.623225,8129050
3,2021-05-16,29468,8708399,22482,4609388,6308,3815723,678,283288,11901,1101865,0.135547,17477,3977021,0.489236,12656,5078886,0.624782,8129050
3,2021-05-17,54727,8763126,35047,4644435,17909,3833632,1771,285059,21500,1092345,0.134375,32987,4010008,0.493294,23467,5102353,0.627669,8129050
3,2021-05-18,61723,8824849,36679,4681114,23261,3856893,1783,286842,24316,1081644,0.133059,37188,4047196,0.497868,26487,5128840,0.630927,8129050
3,2021-05-19,57875,8882724,35180,4716294,21170,3878063,1525,288367,23496,1072668,0.131955,34176,4081372,0.502072,25200,5154040,0.634027,8129050
3,2021-05-20,25127,8907851,14645,4730939,9671,3887734,811,289178,8673,1065847,0.131116,16347,4097719,0.504083,9526,5163566,0.635199,8129050
4,2020-12-15,446,446,446,446,0,0,0,0,446,446,5.5e-05,0,0,0.0,446,446,5.5e-05,8037679
4,2020-12-16,2976,3422,2976,3422,0,0,0,0,2976,3422,0.000426,0,0,0.0,2976,3422,0.000426,8037679
4,2020-12-17,8551,11973,8551,11973,0,0,0,0,8552,11974,0.00149,0,0,0.0,8552,11974,0.00149,8037679
4,2020-12-18,15407,27380,15398,27371,9,9,0,0,15407,27381,0.003407,0,0,0.0,15407,27381,0.003407,8037679
4,2020-12-19,10241,37621,10234,37605,7,16,0,0,10176,37557,0.004673,0,0,0.0,10176,37557,0.004673,8037679
4,2020-12-20,7355,44976,7348,44953,7,23,0,0,7310,44867,0.005582,0,0,0.0,7310,44867,0.005582,8037679
4,2020-12-21,16283,61259,16260,61213,23,46,0,0,16216,61083,0.0076,0,0,0.0,16216,61083,0.0076,8037679
4,2020-12-22,17103,78362,16372,77585,731,777,0,0,17059,78142,0.009722,0,0,0.0,17059,78142,0.009722,8037679
4,2020-12-23,16941,95303,14249,91834,2692,3469,0,0,16913,95055,0.011826,0,0,0.0,16913,95055,0.011826,8037679
4,2020-12-24,8543,103846,5960,97794,2583,6052,0,0,8543,103598,0.012889,0,0,0.0,8543,103598,0.012889,8037679
4,2020-12-25,900,104746,796,98590,104,6156,0,0,900,104498,0.013001,0,0,0.0,900,104498,0.013001,8037679
4,2020-12-26,6169,110915,3866,102456,2303,8459,0,0,6169,110667,0.013769,0,0,0.0,6169,110667,0.013769,8037679
4,2020-12-27,3416,114331,1996,104452,1420,9879,0,0,3416,114083,0.014194,0,0,0.0,3416,114083,0.014194,8037679
4,2020-12-28,14968,129299,9253,113705,5715,15594,0,0,14938,129020,0.016052,1,1,0.0,14938,129021,0.016052,8037679
4,2020-12-29,15235,144534,8430,122135,6805,22399,0,0,15202,144222,0.017943,0,1,0.0,15202,144223,0.017943,8037679
4,2020-12-30,18871,163405,11052,133187,7819,30218,0,0,18860,163080,0.020289,2,3,0.0,18860,163083,0.02029,8037679
4,2020-12-31,8197,171602,3325,136512,4872,35090,0,0,8192,171270,0.021308,2,5,1e-06,8192,171275,0.021309,8037679
4,2021-01-01,1262,172864,539,137051,723,35813,0,0,1260,172528,0.021465,2,7,1e-06,1260,172535,0.021466,8037679
4,2021-01-02,5670,178534,3197,140248,2473,38286,0,0,5669,178196,0.02217,1,8,1e-06,5669,178204,0.022171,8037679
4,2021-01-03,2129,180663,1263,141511,866,39152,0,0,2115,180307,0.022433,4,12,1e-06,2115,180319,0.022434,8037679
4,2021-01-04,12964,193627,7069,148580,5895,45047,0,0,12916,193193,0.024036,30,42,5e-06,12916,193235,0.024041,8037679
4,2021-01-05,16778,210405,9923,158503,6855,51902,0,0,14752,205951,0.025623,2005,2047,0.000255,14763,207998,0.025878,8037679
4,2021-01-06,21480,231885,13165,171668,8315,60217,0,0,15635,215806,0.026849,5794,7841,0.000976,15649,223647,0.027825,8037679
4,2021-01-07,27765,259650,16929,188597,10836,71053,0,0,16980,222070,0.027629,10730,18571,0.00231,16994,240641,0.029939,8037679
4,2021-01-08,32625,292275,20929,209526,11696,82749,0,0,18484,226501,0.02818,14072,32643,0.004061,18503,259144,0.032241,8037679
4,2021-01-09,16171,308446,9560,219086,6611,89360,0,0,9434,229231,0.02852,6715,39358,0.004897,9445,268589,0.033416,8037679
4,2021-01-10,8709,317155,5624,224710,3085,92445,0,0,4110,228771,0.028462,4578,43936,0.005466,4118,272707,0.033929,8037679
4,2021-01-11,33276,350431,21806,246516,11470,103915,0,0,18778,233133,0.029005,14455,58391,0.007265,18817,291524,0.03627,8037679
4,2021-01-12,38129,388560,21881,268397,16248,120163,0,0,24114,243321,0.030273,13965,72356,0.009002,24153,315677,0.039275,8037679
4,2021-01-13,38425,426985,18912,287309,19513,139676,0,0,27233,259441,0.032278,11138,83494,0.010388,27258,342935,0.042666,8037679
4,2021-01-14,38937,465922,14875,302184,24062,163738,0,0,31892,284362,0.035379,6998,90492,0.011258,31919,374854,0.046637,8037679
4,2021-01-15,45097,511019,15606,317790,29491,193229,0,0,39579,318501,0.039626,5460,95952,0.011938,39599,414453,0.051564,8037679
4,2021-01-16,28555,539574,9351,327141,19204,212433,0,0,25453,340902,0.042413,3066,99018,0.012319,25467,439920,0.054732,8037679
4,2021-01-17,18951,558525,6652,333793,12299,224732,0,0,17441,356873,0.0444,1485,100503,0.012504,17456,457376,0.056904,8037679
4,2021-01-18,29432,587957,13668,347461,15764,240496,0,0,23478,374520,0.046596,5862,106365,0.013233,23509,480885,0.059829,8037679
4,2021-01-19,45818,633775,22996,370457,22822,263318,0,0,36505,401840,0.049995,9258,115623,0.014385,36578,517463,0.06438,8037679
4,2021-01-20,51593,685368,27368,397825,24225,287543,0,0,41194,432785,0.053845,10303,125926,0.015667,41248,558711,0.069511,8037679
4,2021-01-21,56357,741725,24964,422789,31393,318936,0,0,49973,476476,0.05928,6324,132250,0.016454,50015,608726,0.075734,8037679
4,2021-01-22,54848,796573,22055,444844,32793,351729,0,0,49770,521289,0.064856,4984,137234,0.017074,49797,658523,0.081929,8037679
4,2021-01-23,39383,835956,17409,462253,21974,373703,0,0,35089,552120,0.068691,4286,141520,0.017607,35117,693640,0.086299,8037679
4,2021-01-24,23908,859864,10496,472749,13412,387115,0,0,22038,572312,0.071204,1862,143382,0.017839,22054,715694,0.089042,8037679
4,2021-01-25,47651,907515,22039,494788,25612,412727,0,0,36618,597981,0.074397,11003,154385,0.019208,36672,752366,0.093605,8037679
4,2021-01-26,56294,963809,28756,523544,27538,440265,0,0,44187,630171,0.078402,12055,166440,0.020707,44245,796611,0.09911,8037679
4,2021-01-27,55162,1018971,26660,550204,28502,468767,0,0,44254,663702,0.082574,10776,177216,0.022048,44307,840918,0.104622,8037679
4,2021-01-28,56101,1075072,25324,575528,30777,499544,0,0,46240,700213,0.087116,9770,186986,0.023264,46281,887199,0.11038,8037679
4,2021-01-29,56040,1131112,26956,602484,29084,528628,0,0,45780,735902,0.091557,10119,197105,0.024523,45808,933007,0.116079,8037679
4,2021-01-30,37511,1168623,17092,619576,20419,549047,0,0,32264,762988,0.094926,5202,202307,0.02517,32288,965295,0.120096,8037679
4,2021-01-31,23808,1192431,12518,632094,11290,560337,0,0,22204,783618,0.097493,1589,203896,0.025368,22219,987514,0.122861,8037679
4,2021-02-01,48319,1240750,22825,654919,25494,585831,0,0,37958,811290,0.100936,10328,214224,0.026652,38000,1025514,0.127588,8037679
4,2021-02-02,55858,1296608,26336,681255,29522,615353,0,0,42114,839840,0.104488,13606,227830,0.028345,42156,1067670,0.132833,8037679
4,2021-02-03,61808,1358416,30412,711667,31396,646749,0,0,47598,873394,0.108662,14100,241930,0.030099,47654,1115324,0.138762,8037679
4,2021-02-04,67300,1425716,31394,743061,35906,682655,0,0,50654,907661,0.112926,16492,258422,0.032151,50759,1166083,0.145077,8037679
4,2021-02-05,72705,1498421,33698,776759,39007,721662,0,0,50793,936917,0.116566,21669,280091,0.034847,50925,1217008,0.151413,8037679
4,2021-02-06,48036,1546457,26023,802782,22013,743675,0,0,36602,962318,0.119726,11401,291492,0.036266,36802,1253810,0.155992,8037679
4,2021-02-07,26295,1572752,17358,820140,8937,752612,0,0,19924,976132,0.121445,6346,297838,0.037055,20160,1273970,0.1585,8037679
4,2021-02-08,58147,1630899,29857,849997,28290,780902,0,0,37875,994119,0.123682,20145,317983,0.039562,38132,1312102,0.163244,8037679
4,2021-02-09,66908,1697807,34104,884101,32804,813706,0,0,39293,1006269,0.125194,27547,345530,0.042989,39697,1351799,0.168183,8037679
4,2021-02-10,76859,1774666,38479,922580,38380,852086,0,0,40858,1011898,0.125894,35769,381299,0.047439,41398,1393197,0.173333,8037679
4,2021-02-11,80684,1855350,42095,964675,38589,890675,0,0,41764,1015619,0.126357,38704,420003,0.052254,42425,1435622,0.178612,8037679
4,2021-02-12,83795,1939145,37550,1002225,46245,936920,0,0,43253,1019290,0.126814,40366,460369,0.057276,44037,1479659,0.18409,8037679
4,2021-02-13,58353,1997498,29588,1031813,28765,965685,0,0,29822,1021595,0.127101,28414,488783,0.060811,30719,1510378,0.187912,8037679
4,2021-02-14,36645,2034143,19050,1050863,17595,983280,0,0,18832,1023317,0.127315,17767,506550,0.063022,19489,1529867,0.190337,8037679
4,2021-02-15,45904,2080047,21514,1072377,24390,1007670,0,0,23649,1025952,0.127643,22188,528738,0.065782,24823,1554690,0.193425,8037679
4,2021-02-16,79507,2159554,36399,1108776,43108,1050778,0,0,40633,1029017,0.128024,38781,567519,0.070607,41846,1596536,0.198631,8037679
4,2021-02-17,80837,2240391,38127,1146903,42710,1093488,0,0,38642,1026757,0.127743,42033,609552,0.075837,39773,1636309,0.20358,8037679
4,2021-02-18,82675,2323066,45520,1192423,37155,1130643,0,0,38306,1022329,0.127192,44207,653759,0.081337,39779,1676088,0.208529,8037679
4,2021-02-19,81662,2404728,51382,1243805,30280,1160923,0,0,41022,1023543,0.127343,40499,694258,0.086375,41713,1717801,0.213719,8037679
4,2021-02-20,48281,2453009,32248,1276053,16033,1176956,0,0,26433,1028872,0.128006,21790,716048,0.089086,27119,1744920,0.217093,8037679
4,2021-02-21,28760,2481769,23141,1299194,5619,1182575,0,0,13892,1028241,0.127928,14805,730853,0.090928,14174,1759094,0.218856,8037679
4,2021-02-22,52337,2534106,36068,1335262,16269,1198844,0,0,25492,1027414,0.127825,26758,757611,0.094257,25931,1785025,0.222082,8037679
4,2021-02-23,73114,2607220,40584,1375846,32530,1231374,0,0,32408,1020894,0.127014,40588,798199,0.099307,34068,1819093,0.226321,8037679
4,2021-02-24,87929,2695149,46404,1422250,41525,1272899,0,0,39977,1015261,0.126313,47756,845955,0.105249,42123,1861216,0.231561,8037679
4,2021-02-25,98143,2793292,51123,1473373,47020,1319919,0,0,47174,1014162,0.126176,50818,896773,0.111571,49719,1910935,0.237747,8037679
4,2021-02-26,104136,2897428,52531,1525904,51605,1371524,0,0,53893,1020375,0.126949,50013,946786,0.117793,56226,1967161,0.244742,8037679
4,2021-02-27,75614,2973042,41275,1567179,34333,1405857,6,6,40521,1027409,0.127824,34969,981755,0.122144,42003,2009164,0.249968,8037679
4,2021-02-28,45047,3018089,27936,1595115,17109,1422966,2,8,25104,1033583,0.128592,19811,1001566,0.124609,25985,2035149,0.253201,8037679
4,2021-03-01,75319,3093408,44259,1639374,31042,1454008,18,26,41699,1043071,0.129773,33410,1034976,0.128766,42898,2078047,0.258538,8037679
4,2021-03-02,84455,3177863,48681,1688055,35770,1489778,4,30,50226,1060999,0.132003,34084,1069060,0.133006,52012,2130059,0.265009,8037679
4,2021-03-03,98883,3276746,52495,1740550,46376,1536154,12,42,55191,1074473,0.13368,43502,1112562,0.138418,56976,2187035,0.272098,8037679
4,2021-03-04,96137,3372883,53530,1794080,42592,1578746,15,57,52937,1086186,0.135137,43009,1155571,0.143769,54722,2241757,0.278906,8037679
4,2021-03-05,93729,3466612,50689,1844769,42728,1621474,312,369,55700,1106274,0.137636,37844,1193415,0.148478,57932,2299689,0.286114,8037679
4,2021-03-06,75645,3542257,42701,1887470,30342,1651816,2602,2971,46500,1127680,0.140299,29040,1222455,0.152091,50446,2350135,0.29239,8037679
4,2021-03-07,42360,3584617,27141,1914611,14057,1665873,1162,4133,25434,1138493,0.141644,16869,1239324,0.154189,27682,2377817,0.295834,8037679
4,2021-03-08,65937,3650554,34600,1949211,28165,1694038,3172,7305,43613,1164397,0.144867,22222,1261546,0.156954,48126,2425943,0.301821,8037679
4,2021-03-09,80672,3731226,41011,1990222,34560,1728598,5101,12406,43655,1177420,0.146488,36862,1298408,0.16154,49885,2475828,0.308028,8037679
4,2021-03-10,90229,3821455,46721,2036943,36109,1764707,7399,19805,45721,1187176,0.147701,44341,1342749,0.167057,54097,2529925,0.314758,8037679
4,2021-03-11,99951,3921406,52612,2089555,38981,1803688,8358,28163,46313,1189541,0.147996,53438,1396187,0.173705,55803,2585728,0.321701,8037679
4,2021-03-12,103927,4025333,51356,2140911,42329,1846017,10242,38405,44601,1186237,0.147585,59102,1455289,0.181058,55798,2641526,0.328643,8037679
4,2021-03-13,80389,4105722,37611,2178522,34412,1880429,8366,46771,37839,1191164,0.148198,42433,1497722,0.186338,47360,2688886,0.334535,8037679
4,2021-03-14,49421,4155143,28291,2206813,17529,1897958,3601,50372,23360,1192780,0.148399,25981,1523703,0.18957,27597,2716483,0.337969,8037679
4,2021-03-15,83446,4238589,44856,2251669,34371,1932329,4219,54591,42930,1200457,0.149354,40313,1564016,0.194586,47990,2764473,0.343939,8037679
4,2021-03-16,107011,4345600,55690,2307359,47939,1980268,3382,57973,56993,1211726,0.150756,49810,1613826,0.200783,61079,2825552,0.351538,8037679
4,2021-03-17,105615,4451215,56889,2364248,45298,2025566,3428,61401,62135,1234609,0.153603,43251,1657077,0.206164,66134,2891686,0.359766,8037679
4,2021-03-18,105816,4557031,58712,2422960,43469,2069035,3635,65036,60641,1254392,0.156064,44932,1702009,0.211754,64715,2956401,0.367818,8037679
4,2021-03-19,109955,4666986,63124,2486084,41694,2110729,5137,70173,63507,1277216,0.158904,46233,1748242,0.217506,69057,3025458,0.376409,8037679
4,2021-03-20,82370,4749356,48085,2534169,31336,2142065,2949,73122,51026,1300280,0.161773,31224,1779466,0.221391,54288,3079746,0.383164,8037679
4,2021-03-21,47332,4796688,34245,2568414,10858,2152923,2229,75351,28852,1313332,0.163397,18383,1797849,0.223678,31435,3111181,0.387075,8037679
4,2021-03-22,81065,4877753,52996,2621410,25421,2178344,2648,77999,51308,1338440,0.166521,29565,1827414,0.227356,54673,3165854,0.393877,8037679
4,2021-03-23,103221,4980974,61542,2682952,39584,2217928,2095,80094,61932,1361955,0.169446,41042,1868456,0.232462,64557,3230411,0.401908,8037679
4,2021-03-24,112275,5093249,72505,2755457,37465,2255393,2305,82399,64004,1380852,0.171797,47876,1916332,0.238419,66773,3297184,0.410216,8037679
4,2021-03-25,115666,5208915,71249,2826706,42113,2297506,2304,84703,66891,1402172,0.17445,48359,1964691,0.244435,69679,3366863,0.418885,8037679
4,2021-03-26,118218,5327133,71733,2898439,43491,2340997,2994,87697,65394,1418647,0.1765,52517,2017208,0.250969,68992,3435855,0.427469,8037679
4,2021-03-27,90195,5417328,53391,2951830,35019,2376016,1785,89482,46308,1423544,0.177109,43689,2060897,0.256404,48586,3484441,0.433513,8037679
4,2021-03-28,54956,5472284,36160,2987990,17930,2393946,866,90348,29949,1429805,0.177888,24877,2085774,0.2595,31138,3515579,0.437387,8037679
4,2021-03-29,92433,5564717,55530,3043520,34888,2428834,2015,92363,50776,1441687,0.179366,41457,2127231,0.264657,53339,3568918,0.444023,8037679
4,2021-03-30,115963,5680680,63195,3106715,48675,2477509,4093,96456,69251,1468955,0.182759,46523,2173754,0.270445,73791,3642709,0.453204,8037679
4,2021-03-31,119712,5800392,70716,3177431,42783,2520292,6213,102669,67811,1491601,0.185576,51622,2225376,0.276868,74268,3716977,0.462444,8037679
4,2021-04-01,140886,5941278,80616,3258047,47373,2567665,12897,115566,83624,1531474,0.190537,56956,2282332,0.283954,96829,3813806,0.474491,8037679
4,2021-04-02,134880,6076158,72247,3330294,49428,2617093,13205,128771,78384,1567237,0.194986,56247,2338579,0.290952,92010,3905816,0.485938,8037679
4,2021-04-03,100227,6176385,53523,3383817,33542,2650635,13162,141933,52477,1585623,0.197274,47587,2386166,0.296873,65973,3971789,0.494146,8037679
4,2021-04-04,46705,6223090,24650,3408467,14564,2665199,7491,149424,20481,1587532,0.197511,26142,2412308,0.300125,28051,3999840,0.497636,8037679
4,2021-04-05,108545,6331635,61205,3469672,34680,2699879,12660,162084,56809,1606058,0.199816,51568,2463876,0.306541,70094,4069934,0.506357,8037679
4,2021-04-06,137655,6469290,77643,3547315,40412,2740291,19600,181684,71686,1632262,0.203076,65776,2529652,0.314724,91980,4161914,0.5178,8037679
4,2021-04-07,136209,6605499,77388,3624703,38297,2778588,20524,202208,70742,1658636,0.206358,65258,2594910,0.322843,91632,4253546,0.529201,8037679
4,2021-04-08,138225,6743724,77344,3702047,35763,2814351,25118,227326,68849,1684130,0.209529,69144,2664054,0.331446,94638,4348184,0.540975,8037679
4,2021-04-09,135711,6879435,74563,3776610,38519,2852870,22629,249955,64967,1702231,0.211781,70563,2734617,0.340225,88664,4436848,0.552006,8037679
4,2021-04-10,101894,6981329,50491,3827101,32896,2885766,18507,268462,46118,1712328,0.213038,55602,2790219,0.347142,65699,4502547,0.56018,8037679
4,2021-04-11,61857,7043186,37708,3864809,13044,2898810,11105,279567,27286,1717313,0.213658,34492,2824711,0.351434,39477,4542024,0.565091,8037679
4,2021-04-12,101564,7144750,61757,3926566,29818,2928628,9989,289556,51415,1730038,0.215241,49896,2874607,0.357641,62621,4604645,0.572882,8037679
4,2021-04-13,128860,7273610,80836,4007402,47870,2976498,154,289710,77438,1757295,0.218632,51185,2925792,0.36401,78442,4683087,0.582642,8037679
4,2021-04-14,133851,7407461,85292,4092694,48486,3024984,73,289783,74666,1774306,0.220749,58926,2984718,0.371341,75937,4759024,0.592089,8037679
4,2021-04-15,154207,7561668,102766,4195460,51406,3076390,35,289818,95250,1811668,0.225397,58660,3043378,0.378639,96022,4855046,0.604036,8037679
4,2021-04-16,141528,7703196,89916,4285376,51539,3127929,73,289891,82889,1836898,0.228536,58429,3101807,0.385908,83659,4938705,0.614444,8037679
4,2021-04-17,99667,7802863,62974,4348350,36685,3164614,8,289899,58674,1855921,0.230903,40781,3142588,0.390982,59804,4998509,0.621885,8037679
4,2021-04-18,53824,7856687,35977,4384327,17844,3182458,3,289902,30730,1864594,0.231982,22999,3165587,0.393843,31672,5030181,0.625825,8037679
4,2021-04-19,99902,7956589,66066,4450393,33823,3216281,13,289915,51251,1867976,0.232402,48465,3214052,0.399873,51847,5082028,0.632276,8037679
4,2021-04-20,126749,8083338,74402,4524795,52339,3268620,8,289923,66599,1875730,0.233367,59890,3273942,0.407324,67644,5149672,0.640691,8037679
4,2021-04-21,126819,8210157,81464,4606259,45305,3313925,50,289973,64266,1878750,0.233743,62294,3336236,0.415075,65314,5214986,0.648817,8037679
4,2021-04-22,136583,8346740,90042,4696301,46522,3360447,19,289992,61329,1866225,0.232185,74957,3411193,0.4244,62432,5277418,0.656585,8037679
4,2021-04-23,129926,8476666,84100,4780401,45805,3406252,21,290013,56573,1850876,0.230275,73068,3484261,0.433491,57719,5335137,0.663766,8037679
4,2021-04-24,96927,8573593,65851,4846252,31024,3437276,52,290065,44840,1844963,0.229539,51846,3536107,0.439941,45933,5381070,0.669481,8037679
4,2021-04-25,49194,8622787,35031,4881283,14139,3451415,24,290089,25956,1848241,0.229947,23126,3559233,0.442819,26404,5407474,0.672766,8037679
4,2021-04-26,83251,8706038,55135,4936418,27741,3479156,375,290464,32837,1832535,0.227993,50184,3609417,0.449062,34478,5441952,0.677055,8037679
4,2021-04-27,105514,8811552,64961,5001379,38759,3517915,1794,292258,38263,1806331,0.224733,66990,3676407,0.457397,40786,5482738,0.68213,8037679
4,2021-04-28,99194,8910746,64388,5065767,32329,3550244,2477,294735,35477,1781417,0.221633,63486,3739893,0.465295,38572,5521310,0.686928,8037679
4,2021-04-29,100549,9011295,63679,5129446,34383,3584627,2487,297222,31474,1747137,0.217368,68809,3808702,0.473856,34529,5555839,0.691224,8037679
4,2021-04-30,101171,9112466,63669,5193115,34866,3619493,2636,299858,34476,1718462,0.213801,66396,3875098,0.482117,37721,5593560,0.695917,8037679
4,2021-05-01,68171,9180637,45453,5238568,20975,3640468,1743,301601,19828,1692475,0.210568,48180,3923278,0.488111,22193,5615753,0.698678,8037679
4,2021-05-02,37151,9217788,26315,5264883,9565,3650033,1271,302872,10499,1677828,0.208745,26553,3949831,0.491414,11906,5627659,0.70016,8037679
4,2021-05-03,77571,9295359,54298,5319181,20829,3670862,2444,305316,19123,1641492,0.204225,58238,4008069,0.49866,21902,5649561,0.702885,8037679
4,2021-05-04,97913,9393272,66517,5385698,28678,3699540,2718,308034,22236,1591374,0.197989,75430,4083499,0.508045,25312,5674873,0.706034,8037679
4,2021-05-05,98694,9491966,69263,5454961,26721,3726261,2710,310744,21576,1539098,0.191485,76837,4160336,0.517604,24561,5699434,0.70909,8037679
4,2021-05-06,108742,9600708,81395,5536356,24452,3750713,2895,313639,19390,1473536,0.183329,88956,4249292,0.528672,23394,5722828,0.712,8037679
4,2021-05-07,102356,9703064,73465,5609821,26230,3776943,2661,316300,20294,1415149,0.176064,81738,4331030,0.538841,23351,5746179,0.714905,8037679
4,2021-05-08,65849,9768913,45057,5654878,18933,3795876,1859,318159,13106,1377897,0.17143,52547,4383577,0.545378,15295,5761474,0.716808,8037679
4,2021-05-09,33187,9802100,27061,5681939,5191,3801067,935,319094,7833,1361503,0.16939,25251,4408828,0.54852,8857,5770331,0.71791,8037679
4,2021-05-10,62195,9864295,41483,5723422,18448,3819515,2264,321358,10777,1323593,0.164674,51249,4460077,0.554896,13339,5783670,0.71957,8037679
4,2021-05-11,76343,9940638,46750,5770172,27598,3847113,1995,323353,14840,1279550,0.159194,61299,4521376,0.562523,17256,5800926,0.721717,8037679
4,2021-05-12,72364,10013002,47555,5817727,22583,3869696,2226,325579,15778,1241490,0.154459,56370,4577746,0.569536,18310,5819236,0.723995,8037679
4,2021-05-13,94445,10107447,69399,5887126,23614,3893310,1432,327011,36256,1222112,0.152048,57934,4635680,0.576744,38556,5857792,0.728791,8037679
4,2021-05-14,100446,10207893,70664,5957790,27704,3921014,2078,329089,38972,1202468,0.149604,61216,4696896,0.58436,41572,5899364,0.733964,8037679
4,2021-05-15,81100,10288993,62552,6020342,17371,3938385,1177,330266,35551,1194130,0.148567,45347,4742243,0.590002,37009,5936373,0.738568,8037679
4,2021-05-16,46460,10335453,37851,6058193,7920,3946305,689,330955,18900,1186394,0.147604,27453,4769696,0.593417,19717,5956090,0.741021,8037679
4,2021-05-17,68192,10403645,49675,6107868,16733,3963038,1784,332739,28221,1176838,0.146415,39789,4809485,0.598367,30233,5986323,0.744783,8037679
4,2021-05-18,78195,10481840,50733,6158601,25773,3988811,1689,334428,29225,1159475,0.144255,48625,4858110,0.604417,31262,6017585,0.748672,8037679
4,2021-05-19,70014,10551854,46821,6205422,21424,4010235,1769,336197,29557,1150762,0.143171,40250,4898360,0.609425,31537,6049122,0.752596,8037679
4,2021-05-20,27285,10579139,17330,6222752,9140,4019375,815,337012,9761,1143956,0.142324,17421,4915781,0.611592,10615,6059737,0.753916,8037679
