vemquartile,administered_date,total_doses,cumulative_total_doses,pfizer_doses,cumulative_pfizer_doses,moderna_doses,cumulative_moderna_doses,jj_doses,cumulative_jj_doses,partially_vaccinated,total_partially_vaccinated,pct_age12pop_partially_vaccinated,fully_vaccinated,cumulative_fully_vaccinated,pct_age12pop_fully_vaccinated,at_least_one_dose,cumulative_at_least_one_dose,pct_age12pop_at_least_one_dose,age12_population
1,2020-12-15,153,153,153,153,0,0,0,0,153,153,1.8e-05,0,0,0.0,153,153,1.8e-05,8700223
1,2020-12-16,1227,1380,1227,1380,0,0,0,0,1227,1380,0.000159,0,0,0.0,1227,1380,0.000159,8700223
1,2020-12-17,4182,5562,4182,5562,0,0,0,0,4183,5563,0.000639,0,0,0.0,4183,5563,0.000639,8700223
1,2020-12-18,6376,11938,6354,11916,22,22,0,0,6378,11940,0.001372,1,1,0.0,6378,11941,0.001372,8700223
1,2020-12-19,2874,14812,2871,14787,3,25,0,0,2873,14812,0.001702,1,2,0.0,2873,14814,0.001703,8700223
1,2020-12-20,2127,16939,2119,16906,8,33,0,0,2128,16940,0.001947,0,2,0.0,2128,16942,0.001947,8700223
1,2020-12-21,7649,24588,7629,24535,20,53,0,0,7698,24638,0.002832,1,3,0.0,7699,24641,0.002832,8700223
1,2020-12-22,7306,31894,6964,31499,342,395,0,0,7307,31943,0.003672,2,5,1e-06,7307,31948,0.003672,8700223
1,2020-12-23,7834,39728,6575,38074,1259,1654,0,0,7829,39771,0.004571,2,7,1e-06,7830,39778,0.004572,8700223
1,2020-12-24,3297,43025,2361,40435,936,2590,0,0,3299,43070,0.00495,0,7,1e-06,3299,43077,0.004951,8700223
1,2020-12-25,238,43263,153,40588,85,2675,0,0,238,43308,0.004978,0,7,1e-06,238,43315,0.004979,8700223
1,2020-12-26,1359,44622,966,41554,393,3068,0,0,1358,44665,0.005134,1,8,1e-06,1358,44673,0.005135,8700223
1,2020-12-27,870,45492,538,42092,332,3400,0,0,870,45534,0.005234,1,9,1e-06,870,45543,0.005235,8700223
1,2020-12-28,7092,52584,4753,46845,2339,5739,0,0,7090,52624,0.006049,0,9,1e-06,7090,52633,0.00605,8700223
1,2020-12-29,8906,61490,4979,51824,3927,9666,0,0,8902,61523,0.007071,3,12,1e-06,8902,61535,0.007073,8700223
1,2020-12-30,11571,73061,6442,58266,5129,14795,0,0,11571,73094,0.008401,0,12,1e-06,11571,73106,0.008403,8700223
1,2020-12-31,5981,79042,1954,60220,4027,18822,0,0,5979,79071,0.009088,3,15,2e-06,5980,79086,0.00909,8700223
1,2021-01-01,585,79627,211,60431,374,19196,0,0,583,79652,0.009155,2,17,2e-06,583,79669,0.009157,8700223
1,2021-01-02,2912,82539,1766,62197,1146,20342,0,0,2914,82566,0.00949,0,17,2e-06,2914,82583,0.009492,8700223
1,2021-01-03,1038,83577,549,62746,489,20831,0,0,1037,83601,0.009609,2,19,2e-06,1037,83620,0.009611,8700223
1,2021-01-04,7375,90952,3584,66330,3791,24622,0,0,7379,90979,0.010457,1,20,2e-06,7379,90999,0.010459,8700223
1,2021-01-05,10863,101815,5251,71581,5612,30234,0,0,10068,100292,0.011528,777,797,9.2e-05,10090,101089,0.011619,8700223
1,2021-01-06,14079,115894,7064,78645,7015,37249,0,0,12157,110576,0.01271,1886,2683,0.000308,12170,113259,0.013018,8700223
1,2021-01-07,17519,133413,9164,87809,8355,45604,0,0,13002,119162,0.013696,4426,7109,0.000817,13012,126271,0.014514,8700223
1,2021-01-08,20182,153595,10481,98290,9701,55305,0,0,14240,127483,0.014653,5926,13035,0.001498,14247,140518,0.016151,8700223
1,2021-01-09,6686,160281,3398,101688,3288,58593,0,0,4833,130469,0.014996,1850,14885,0.001711,4836,145354,0.016707,8700223
1,2021-01-10,3091,163372,1762,103450,1329,59922,0,0,1905,131193,0.015079,1182,16067,0.001847,1906,147260,0.016926,8700223
1,2021-01-11,18073,181445,11844,115294,6229,66151,0,0,11526,136225,0.015658,6536,22603,0.002598,11568,158828,0.018256,8700223
1,2021-01-12,19106,200551,10952,126246,8154,74305,0,0,13122,143431,0.016486,5957,28560,0.003283,13163,171991,0.019769,8700223
1,2021-01-13,19830,220381,10733,136979,9097,83402,0,0,14682,153003,0.017586,5128,33688,0.003872,14700,186691,0.021458,8700223
1,2021-01-14,22031,242412,9450,146429,12581,95983,0,0,19282,169643,0.019499,2696,36384,0.004182,19336,206027,0.023681,8700223
1,2021-01-15,25179,267591,9249,155678,15930,111913,0,0,23232,191026,0.021956,1908,38292,0.004401,23291,229318,0.026358,8700223
1,2021-01-16,13870,281461,4529,160207,9341,121254,0,0,13001,203164,0.023352,866,39158,0.004501,13004,242322,0.027852,8700223
1,2021-01-17,5214,286675,2033,162240,3181,124435,0,0,4848,207649,0.023867,366,39524,0.004543,4851,247173,0.02841,8700223
1,2021-01-18,14332,301007,8605,170845,5727,130162,0,0,11150,215685,0.024791,3169,42693,0.004907,11205,258378,0.029698,8700223
1,2021-01-19,24677,325684,12745,183590,11932,142094,0,0,19527,230134,0.026452,5132,47825,0.005497,19581,277959,0.031948,8700223
1,2021-01-20,29420,355104,14705,198295,14715,156809,0,0,23505,247839,0.028487,5839,53664,0.006168,23544,301503,0.034655,8700223
1,2021-01-21,31225,386329,14652,212947,16573,173382,0,0,27955,272686,0.031342,3202,56866,0.006536,28049,329552,0.037879,8700223
1,2021-01-22,28380,414709,11274,224221,17106,190488,0,0,26315,297033,0.034141,2000,58866,0.006766,26347,355899,0.040907,8700223
1,2021-01-23,18726,433435,8195,232416,10531,201019,0,0,16764,311875,0.035847,1932,60798,0.006988,16774,372673,0.042835,8700223
1,2021-01-24,6686,440121,4160,236576,2526,203545,0,0,6029,317257,0.036465,653,61451,0.007063,6035,378708,0.043529,8700223
1,2021-01-25,25442,465563,10488,247064,14954,218499,0,0,19656,331277,0.038077,5741,67192,0.007723,19761,398469,0.0458,8700223
1,2021-01-26,28835,494398,13484,260548,15351,233850,0,0,22141,346804,0.039862,6634,73826,0.008486,22161,420630,0.048347,8700223
1,2021-01-27,32661,527059,15544,276092,17117,250967,0,0,24541,363325,0.04176,8053,81879,0.009411,24574,445204,0.051172,8700223
1,2021-01-28,34983,562042,16406,292498,18577,269544,0,0,28037,384548,0.0442,6879,88758,0.010202,28102,473306,0.054402,8700223
1,2021-01-29,33660,595702,16444,308942,17216,286760,0,0,27080,405231,0.046577,6435,95193,0.010941,27118,500424,0.057519,8700223
1,2021-01-30,20198,615900,8736,317678,11462,298222,0,0,18067,421207,0.048413,2102,97295,0.011183,18078,518502,0.059596,8700223
1,2021-01-31,7646,623546,4970,322648,2676,300898,0,0,6936,427438,0.04913,707,98002,0.011264,6938,525440,0.060394,8700223
1,2021-02-01,28928,652474,12509,335157,16419,317317,0,0,21118,440801,0.050665,7760,105762,0.012156,21123,546563,0.062822,8700223
1,2021-02-02,32685,685159,11811,346968,20874,338191,0,0,24409,457053,0.052533,8194,113956,0.013098,24446,571009,0.065632,8700223
1,2021-02-03,39670,724829,15256,362224,24414,362605,0,0,28571,474725,0.054565,10936,124892,0.014355,28608,599617,0.06892,8700223
1,2021-02-04,44010,768839,17134,379358,26876,389481,0,0,31744,494374,0.056823,12143,137035,0.015751,31792,631409,0.072574,8700223
1,2021-02-05,46790,815629,17169,396527,29621,419102,0,0,30659,509104,0.058516,15982,153017,0.017588,30712,662121,0.076104,8700223
1,2021-02-06,26543,842172,10491,407018,16052,435154,0,0,20632,523888,0.060215,5864,158881,0.018262,20648,682769,0.078477,8700223
1,2021-02-07,6274,848446,4038,411056,2236,437390,0,0,4630,526911,0.060563,1625,160506,0.018448,4648,687417,0.079011,8700223
1,2021-02-08,31620,880066,14444,425500,17176,454566,0,0,21075,537629,0.061795,10453,170959,0.01965,21171,708588,0.081445,8700223
1,2021-02-09,38444,918510,16857,442357,21587,476153,0,0,23664,546683,0.062836,14687,185646,0.021338,23741,732329,0.084174,8700223
1,2021-02-10,47199,965709,22129,464486,25070,501223,0,0,26830,553346,0.063601,20246,205892,0.023665,26909,759238,0.087266,8700223
1,2021-02-11,51778,1017487,25426,489912,26352,527575,0,0,30911,563807,0.064804,20553,226445,0.026027,31014,790252,0.090831,8700223
1,2021-02-12,49997,1067484,21513,511425,28484,556059,0,0,28686,571475,0.065685,21157,247602,0.028459,28825,819077,0.094144,8700223
1,2021-02-13,26378,1093862,11535,522960,14843,570902,0,0,15268,575780,0.06618,11039,258641,0.029728,15344,834421,0.095908,8700223
1,2021-02-14,11777,1105639,5563,528523,6214,577116,0,0,6699,577496,0.066377,5048,263689,0.030308,6764,841185,0.096685,8700223
1,2021-02-15,23871,1129510,9381,537904,14490,591606,0,0,14515,582889,0.066997,9236,272925,0.03137,14629,855814,0.098367,8700223
1,2021-02-16,47105,1176615,22500,560404,24605,616211,0,0,27501,590981,0.067927,19521,292446,0.033614,27613,883427,0.101541,8700223
1,2021-02-17,48447,1225062,24547,584951,23900,640111,0,0,26098,595030,0.068392,22197,314643,0.036165,26246,909673,0.104557,8700223
1,2021-02-18,51133,1276195,25580,610531,25553,665664,0,0,26494,597357,0.06866,24398,339041,0.038969,26725,936398,0.107629,8700223
1,2021-02-19,46582,1322777,25263,635794,21319,686983,0,0,26097,603185,0.06933,20331,359372,0.041306,26159,962557,0.110636,8700223
1,2021-02-20,27625,1350402,16838,652632,10787,697770,0,0,15770,607239,0.069796,11793,371165,0.042662,15847,978404,0.112457,8700223
1,2021-02-21,12331,1362733,10615,663247,1716,699486,0,0,7420,609858,0.070097,4851,376016,0.043219,7470,985874,0.113316,8700223
1,2021-02-22,31524,1394257,20772,684019,10752,710238,0,0,18143,614815,0.070667,13287,389303,0.044746,18244,1004118,0.115413,8700223
1,2021-02-23,45636,1439893,22086,706105,23550,733788,0,0,25043,619917,0.071253,20304,409607,0.04708,25406,1029524,0.118333,8700223
1,2021-02-24,55664,1495557,26880,732985,28784,762572,0,0,30609,626128,0.071967,24850,434457,0.049936,31061,1060585,0.121903,8700223
1,2021-02-25,68183,1563740,33097,766082,35086,797658,0,0,42130,642876,0.073892,25882,460339,0.052911,42630,1103215,0.126803,8700223
1,2021-02-26,76074,1639814,35705,801787,40369,838027,0,0,49752,667013,0.076666,26089,486428,0.05591,50226,1153441,0.132576,8700223
1,2021-02-27,52369,1692183,24022,825809,28338,866365,9,9,34349,683759,0.078591,17877,504305,0.057965,34623,1188064,0.136556,8700223
1,2021-02-28,19968,1712151,11844,837653,8122,874487,2,11,14650,693319,0.07969,5233,509538,0.058566,14793,1202857,0.138256,8700223
1,2021-03-01,45100,1757251,20811,858464,24247,898734,42,53,28972,706619,0.081218,15951,525489,0.060399,29251,1232108,0.141618,8700223
1,2021-03-02,62563,1819814,27280,885744,35275,934009,8,61,40292,725422,0.08338,22116,547605,0.062941,40919,1273027,0.146321,8700223
1,2021-03-03,70315,1890129,33668,919412,36622,970631,25,86,43043,741970,0.085282,27113,574718,0.066058,43661,1316688,0.15134,8700223
1,2021-03-04,78621,1968750,37128,956540,41457,1012088,36,122,50745,765573,0.087995,27689,602407,0.06924,51292,1367980,0.157235,8700223
1,2021-03-05,77785,2046535,35256,991796,42323,1054411,206,328,52137,793140,0.091163,25404,627811,0.07216,52971,1420951,0.163324,8700223
1,2021-03-06,57428,2103963,27452,1019248,28625,1083036,1351,1679,39080,815660,0.093752,18270,646081,0.07426,40790,1461741,0.168012,8700223
1,2021-03-07,20922,2124885,13018,1032266,6715,1089751,1189,2868,15490,827188,0.095077,5405,651486,0.074882,16933,1478674,0.169958,8700223
1,2021-03-08,45934,2170819,22452,1054718,21524,1111275,1958,4826,32197,848044,0.097474,13635,665121,0.076449,34491,1513165,0.173923,8700223
1,2021-03-09,66616,2237435,32232,1086950,31881,1143156,2503,7329,40980,866379,0.099581,25486,690607,0.079378,43821,1556986,0.178959,8700223
1,2021-03-10,73568,2311003,36653,1123603,32437,1175593,4478,11807,45291,888348,0.102106,28166,718773,0.082615,50135,1607121,0.184722,8700223
1,2021-03-11,90059,2401062,41383,1164986,40671,1216264,8005,19812,52420,911818,0.104804,37411,756184,0.086915,60881,1668002,0.191719,8700223
1,2021-03-12,98821,2499883,43555,1208541,42851,1259115,12415,32227,57747,941572,0.108224,40864,797048,0.091612,70618,1738620,0.199836,8700223
1,2021-03-13,65261,2565144,29523,1238064,28071,1287186,7667,39894,41632,967696,0.111227,23498,820546,0.094313,49622,1788242,0.20554,8700223
1,2021-03-14,27874,2593018,14903,1252967,9399,1296585,3572,43466,15620,974897,0.112054,12183,832729,0.095714,19384,1807626,0.207768,8700223
1,2021-03-15,65192,2658210,28750,1281717,29691,1326276,6751,50217,38341,993715,0.114217,26635,859364,0.098775,45453,1853079,0.212992,8700223
1,2021-03-16,85654,2743864,39082,1320799,40929,1367205,5643,55860,53090,1020467,0.117292,32340,891704,0.102492,59092,1912171,0.219784,8700223
1,2021-03-17,92854,2836718,45279,1366078,41034,1408239,6541,62401,59677,1054099,0.121158,32950,924654,0.106279,66582,1978753,0.227437,8700223
1,2021-03-18,98570,2935288,50826,1416904,42023,1450262,5721,68122,59655,1081406,0.124296,38558,963212,0.110711,65865,2044618,0.235008,8700223
1,2021-03-19,103536,3038824,53636,1470540,43603,1493865,6297,74419,60551,1106077,0.127132,42698,1005910,0.115619,67369,2111987,0.242751,8700223
1,2021-03-20,72463,3111287,37272,1507812,29978,1523843,5213,79632,46534,1132361,0.130153,25742,1031652,0.118578,52026,2164013,0.248731,8700223
1,2021-03-21,27233,3138520,19017,1526829,6406,1530249,1810,81442,16993,1141110,0.131159,10148,1041800,0.119744,18897,2182910,0.250903,8700223
1,2021-03-22,59158,3197678,30565,1557394,25307,1555556,3286,84728,39957,1165750,0.133991,18978,1060778,0.121925,43618,2226528,0.255916,8700223
1,2021-03-23,83007,3280685,42263,1599657,37128,1592684,3616,88344,51179,1189420,0.136711,31584,1092362,0.125556,55254,2281782,0.262267,8700223
1,2021-03-24,87896,3368581,44506,1644163,39048,1631732,4342,92686,52571,1211468,0.139246,35034,1127396,0.129582,57082,2338864,0.268828,8700223
1,2021-03-25,96668,3465249,49432,1693595,41415,1673147,5821,98507,53692,1228544,0.141208,42645,1170041,0.134484,59721,2398585,0.275692,8700223
1,2021-03-26,104416,3569665,50938,1744533,47170,1720317,6308,104815,55938,1242975,0.142867,48111,1218152,0.140014,62542,2461127,0.282881,8700223
1,2021-03-27,73953,3643618,38216,1782749,31528,1751845,4209,109024,37987,1249632,0.143632,35739,1253891,0.144122,42396,2503523,0.287754,8700223
1,2021-03-28,32664,3676282,21387,1804136,10060,1761905,1217,110241,16377,1251496,0.143846,16179,1270070,0.145981,18043,2521566,0.289828,8700223
1,2021-03-29,67135,3743417,33352,1837488,30623,1792528,3160,113401,37035,1262000,0.145054,29894,1299964,0.149417,40398,2561964,0.294471,8700223
1,2021-03-30,91953,3835370,45318,1882806,40264,1832792,6371,119772,47286,1271283,0.146121,44461,1344425,0.154528,53744,2615708,0.300648,8700223
1,2021-03-31,100802,3936172,52657,1935463,41955,1874747,6190,125962,55306,1287667,0.148004,45178,1389603,0.15972,61562,2677270,0.307724,8700223
1,2021-04-01,111883,4048055,53550,1989013,49549,1924296,8784,134746,57015,1299076,0.149315,54439,1444042,0.165978,65848,2743118,0.315293,8700223
1,2021-04-02,111274,4159329,50922,2039935,50652,1974948,9700,144446,56470,1311075,0.150694,54375,1498417,0.172227,66374,2809492,0.322922,8700223
1,2021-04-03,77997,4237326,39273,2079208,29092,2004040,9632,154078,36482,1315923,0.151252,41333,1539750,0.176978,46181,2855673,0.32823,8700223
1,2021-04-04,23767,4261093,11828,2091036,8473,2012513,3466,157544,9944,1315566,0.151211,13757,1553507,0.178559,13400,2869073,0.32977,8700223
1,2021-04-05,76307,4337400,36653,2127689,30344,2042857,9310,166854,34230,1317396,0.151421,41877,1595384,0.183373,43707,2912780,0.334794,8700223
1,2021-04-06,103619,4441019,49254,2176943,37781,2080638,16584,183438,46776,1324239,0.152207,56550,1651934,0.189873,63393,2976173,0.34208,8700223
1,2021-04-07,111845,4552864,54372,2231315,39932,2120570,17541,200979,50408,1331078,0.152994,61135,1713069,0.196899,67974,3044147,0.349893,8700223
1,2021-04-08,122277,4675141,57926,2289241,43374,2163944,20977,221956,54003,1338268,0.15382,67857,1780926,0.204699,75047,3119194,0.358519,8700223
1,2021-04-09,123532,4798673,56433,2345674,46284,2210228,20815,242771,54212,1344391,0.154524,68957,1849883,0.212625,75080,3194274,0.367149,8700223
1,2021-04-10,95697,4894370,42524,2388198,30469,2240697,22704,265475,37376,1346332,0.154747,58111,1907994,0.219304,60052,3254326,0.374051,8700223
1,2021-04-11,36499,4930869,20349,2408547,9412,2250109,6738,272213,14820,1346375,0.154752,21617,1929611,0.221789,21660,3275986,0.37654,8700223
1,2021-04-12,74337,5005206,33240,2441787,31113,2281222,9984,282197,31482,1345427,0.154643,42565,1972176,0.226681,41617,3317603,0.381324,8700223
1,2021-04-13,97258,5102464,52095,2493882,44824,2326046,339,282536,52493,1354134,0.155644,44470,2016646,0.231792,53177,3370780,0.387436,8700223
1,2021-04-14,104943,5207407,54388,2548270,50483,2376529,72,282608,53431,1356865,0.155957,51144,2067790,0.237671,53875,3424655,0.393628,8700223
1,2021-04-15,106158,5313565,57769,2606039,48300,2424829,89,282697,56753,1365063,0.1569,48819,2116609,0.243282,57017,3481672,0.400182,8700223
1,2021-04-16,110737,5424302,56814,2662853,53835,2478664,88,282785,55438,1366006,0.157008,54767,2171376,0.249577,55710,3537382,0.406585,8700223
1,2021-04-17,83387,5507689,45295,2708148,38081,2516745,11,282796,46705,1376437,0.158207,36447,2207823,0.253766,46878,3584260,0.411973,8700223
1,2021-04-18,30235,5537924,20429,2728577,9799,2526544,7,282803,15273,1377046,0.158277,14873,2222696,0.255476,15482,3599742,0.413753,8700223
1,2021-04-19,67164,5605088,34028,2762605,33123,2559667,13,282816,30497,1371371,0.157625,36313,2259009,0.25965,30638,3630380,0.417274,8700223
1,2021-04-20,88565,5693653,44677,2807282,43866,2603533,22,282838,41769,1366919,0.157113,46447,2305456,0.264988,41995,3672375,0.422101,8700223
1,2021-04-21,97631,5791284,50923,2858205,46608,2650141,100,282938,43897,1357974,0.156085,53176,2358632,0.2711,44231,3716606,0.427185,8700223
1,2021-04-22,97268,5888552,50812,2909017,46440,2696581,16,282954,44755,1350957,0.155278,52008,2410640,0.277078,44991,3761597,0.432356,8700223
1,2021-04-23,102012,5990564,52713,2961730,49272,2745853,27,282981,48892,1347480,0.154879,52623,2463263,0.283126,49146,3810743,0.438005,8700223
1,2021-04-24,75669,6066233,46914,3008644,28729,2774582,26,283007,42821,1357862,0.156072,32719,2495982,0.286887,43101,3853844,0.442959,8700223
1,2021-04-25,27057,6093290,17225,3025869,9818,2784400,14,283021,15464,1361999,0.156548,11481,2507463,0.288207,15618,3869462,0.444754,8700223
1,2021-04-26,65871,6159161,34548,3060417,30923,2815323,400,283421,31517,1360206,0.156342,34049,2541512,0.29212,32256,3901718,0.448462,8700223
1,2021-04-27,81185,6240346,43145,3103562,36738,2852061,1302,284723,35503,1351951,0.155393,45403,2586915,0.297339,37148,3938866,0.452732,8700223
1,2021-04-28,80870,6321216,43040,3146602,36332,2888393,1498,286221,35711,1344567,0.154544,44823,2631738,0.302491,37439,3976305,0.457035,8700223
1,2021-04-29,83935,6405151,46158,3192760,36165,2924558,1612,287833,34666,1332084,0.153109,48924,2680662,0.308114,36441,4012746,0.461223,8700223
1,2021-04-30,91407,6496558,49531,3242291,40017,2964575,1859,289692,38621,1320269,0.151751,52464,2733126,0.314144,40649,4053395,0.465896,8700223
1,2021-05-01,62421,6558979,40307,3282598,20700,2985275,1414,291106,26345,1312406,0.150847,35840,2768966,0.318264,27977,4081372,0.469111,8700223
1,2021-05-02,23267,6582246,16452,3299050,6238,2991513,577,291683,9428,1308706,0.150422,13733,2782699,0.319842,10033,4091405,0.470264,8700223
1,2021-05-03,55578,6637824,30740,3329790,23008,3014521,1830,293513,20547,1296345,0.149001,34793,2817492,0.323841,22432,4113837,0.472843,8700223
1,2021-05-04,75083,6712907,43224,3373014,29771,3044292,2088,295601,27284,1278303,0.146928,47500,2864992,0.329301,29458,4143295,0.476229,8700223
1,2021-05-05,77292,6790199,44833,3417847,30176,3074468,2283,297884,26419,1256546,0.144427,50542,2915534,0.33511,28785,4172080,0.479537,8700223
1,2021-05-06,78469,6868668,47516,3465363,28794,3103262,2159,300043,24674,1230110,0.141388,53425,2968959,0.341251,26989,4199069,0.482639,8700223
1,2021-05-07,82524,6951192,46938,3512301,33400,3136662,2186,302229,27743,1205749,0.138588,54356,3023315,0.347499,29995,4229064,0.486087,8700223
1,2021-05-08,56658,7007850,35565,3547866,19460,3156122,1633,303862,19353,1189852,0.136761,36975,3060290,0.351748,21078,4250142,0.48851,8700223
1,2021-05-09,18195,7026045,13073,3560939,4643,3160765,479,304341,5569,1183385,0.136018,12550,3072840,0.353191,6083,4256225,0.489209,8700223
1,2021-05-10,43754,7069799,22082,3583021,19869,3180634,1803,306144,14814,1171419,0.134642,28676,3101516,0.356487,16710,4272935,0.491129,8700223
1,2021-05-11,61781,7131580,33488,3616509,26145,3206779,2148,308292,20474,1153117,0.132539,41042,3142558,0.361204,22740,4295675,0.493743,8700223
1,2021-05-12,62337,7193917,33163,3649672,27122,3233901,2052,310344,20495,1134203,0.130365,41528,3184086,0.365978,22614,4318289,0.496342,8700223
1,2021-05-13,66332,7260249,38862,3688534,25480,3259381,1990,312334,25246,1121006,0.128848,40710,3224796,0.370657,27513,4345802,0.499505,8700223
1,2021-05-14,75906,7336155,45769,3734303,27749,3287130,2388,314722,30716,1109592,0.127536,44794,3269590,0.375805,33380,4379182,0.503341,8700223
1,2021-05-15,66051,7402206,43311,3777614,20991,3308121,1749,316471,26344,1098332,0.126242,39421,3309011,0.380336,28161,4407343,0.506578,8700223
1,2021-05-16,24920,7427126,18353,3795967,5947,3314068,620,317091,10231,1094652,0.125819,14577,3323588,0.382012,10897,4418240,0.507831,8700223
1,2021-05-17,53979,7481105,33008,3828975,19212,3333280,1759,318850,22934,1088616,0.125125,30788,3354376,0.385551,24752,4442992,0.510676,8700223
1,2021-05-18,64813,7545918,39062,3868037,23924,3357204,1827,320677,28142,1082269,0.124396,36401,3390777,0.389734,30054,4473046,0.51413,8700223
1,2021-05-19,66170,7612088,40288,3908325,23958,3381162,1924,322601,29563,1077515,0.123849,36327,3427104,0.39391,31573,4504619,0.517759,8700223
1,2021-05-20,64101,7676189,37092,3945417,24807,3405969,2202,324803,26353,1068860,0.122854,37413,3464517,0.39821,28758,4533377,0.521064,8700223
1,2021-05-21,69775,7745964,41723,3987140,26212,3432181,1840,326643,28862,1059147,0.121738,40510,3505027,0.402866,30797,4564174,0.524604,8700223
1,2021-05-22,55776,7801740,36661,4023801,17397,3449578,1718,328361,24353,1054152,0.121164,31164,3536191,0.406448,26169,4590343,0.527612,8700223
1,2021-05-23,20432,7822172,14269,4038070,5577,3455155,586,328947,9482,1053396,0.121077,10847,3547038,0.407695,10091,4600434,0.528772,8700223
1,2021-05-24,43669,7865841,24344,4062414,17492,3472647,1833,330780,17728,1047347,0.120382,25692,3572730,0.410648,19643,4620077,0.53103,8700223
1,2021-05-25,50739,7916580,29210,4091624,19843,3492490,1686,332466,21076,1040824,0.119632,29386,3602116,0.414026,22863,4642940,0.533658,8700223
1,2021-05-26,48372,7964952,27416,4119040,19066,3511556,1890,334356,20526,1035741,0.119048,27547,3629663,0.417192,22464,4665404,0.53624,8700223
1,2021-05-27,46924,8011876,26334,4145374,18689,3530245,1901,336257,20180,1031479,0.118558,26460,3656123,0.420233,22198,4687602,0.538791,8700223
1,2021-05-28,52262,8064138,29107,4174481,21333,3551578,1822,338079,23418,1028324,0.118195,28521,3684644,0.423511,25366,4712968,0.541707,8700223
1,2021-05-29,30608,8094746,18539,4193020,11109,3562687,960,339039,14643,1028169,0.118177,15813,3700457,0.425329,15658,4728626,0.543506,8700223
1,2021-05-30,11666,8106412,7524,4200544,3589,3566276,553,339592,5538,1028227,0.118184,6057,3706514,0.426025,6115,4734741,0.544209,8700223
1,2021-05-31,5718,8112130,3250,4203794,2214,3568490,254,339846,1994,1026821,0.118022,3667,3710181,0.426447,2261,4737002,0.544469,8700223
1,2021-06-01,45732,8157862,25862,4229656,18313,3586803,1557,341403,17372,1017783,0.116984,28044,3738225,0.42967,19006,4756008,0.546654,8700223
1,2021-06-02,39895,8197757,23133,4252789,15257,3602060,1505,342908,16099,1011951,0.116313,23508,3761733,0.432372,17676,4773684,0.548685,8700223
1,2021-06-03,41226,8238983,25831,4278620,13720,3615780,1675,344583,15798,1004370,0.115442,25127,3786860,0.43526,17546,4791230,0.550702,8700223
1,2021-06-04,50077,8289060,32033,4310653,16238,3632018,1806,346389,17945,992418,0.114068,31781,3818641,0.438913,19829,4811059,0.552981,8700223
1,2021-06-05,40251,8329311,27476,4338129,10785,3642803,1990,348379,14225,982875,0.112971,25811,3844452,0.44188,16268,4827327,0.554851,8700223
1,2021-06-06,13177,8342488,10546,4348675,2123,3644926,508,348887,4586,979519,0.112586,8511,3852963,0.442858,5155,4832482,0.555443,8700223
1,2021-06-07,33950,8376438,23406,4372081,9197,3654123,1347,350234,12099,971371,0.111649,21645,3874608,0.445346,13497,4845979,0.556995,8700223
1,2021-06-08,42193,8418631,29210,4401291,11342,3665465,1641,351875,14731,960642,0.110416,27193,3901801,0.448471,16464,4862443,0.558887,8700223
1,2021-06-09,42127,8460758,29230,4430521,11258,3676723,1639,353514,13762,948041,0.108967,28060,3929861,0.451697,15459,4877902,0.560664,8700223
1,2021-06-10,39015,8499773,26276,4456797,11045,3687768,1694,355208,13425,937922,0.107804,25342,3955203,0.454609,15223,4893125,0.562414,8700223
1,2021-06-11,43934,8543707,29156,4485953,13095,3700863,1683,356891,15685,927419,0.106597,27951,3983154,0.457822,17448,4910573,0.564419,8700223
1,2021-06-12,33680,8577387,24372,4510325,8108,3708971,1200,358091,11103,917429,0.105449,22363,4005517,0.460392,12373,4922946,0.565841,8700223
1,2021-06-13,11619,8589006,8436,4518761,2703,3711674,480,358571,3381,913155,0.104958,8170,4013687,0.461332,3896,4926842,0.566289,8700223
1,2021-06-14,30871,8619877,20792,4539553,8778,3720452,1301,359872,11575,906962,0.104246,19099,4032786,0.463527,12906,4939748,0.567773,8700223
1,2021-06-15,37152,8657029,24369,4563922,10936,3731388,1847,361719,13776,899571,0.103396,23109,4055895,0.466183,15718,4955466,0.569579,8700223
1,2021-06-16,35320,8692349,23845,4587767,9646,3741034,1829,363548,13242,892883,0.102628,21819,4077714,0.468691,15131,4970597,0.571318,8700223
1,2021-06-17,33493,8725842,22153,4609920,9399,3750433,1941,365489,13096,887857,0.10205,20161,4097875,0.471008,15135,4985732,0.573058,8700223
1,2021-06-18,39380,8765222,25573,4635493,10966,3761399,2841,368330,15329,882297,0.101411,23791,4121666,0.473743,18231,5003963,0.575153,8700223
1,2021-06-19,23855,8789077,16565,4652058,6091,3767490,1199,369529,9767,879371,0.101075,13923,4135589,0.475343,10997,5014960,0.576417,8700223
1,2021-06-20,8129,8797206,5953,4658011,1901,3769391,275,369804,3238,878068,0.100925,4827,4140416,0.475898,3524,5018484,0.576822,8700223
1,2021-06-21,20863,8818069,11821,4669832,6862,3776253,2180,371984,10874,881298,0.101296,9876,4150292,0.477033,13106,5031590,0.578329,8700223
1,2021-06-22,30685,8848754,20039,4689871,8515,3784768,2131,374115,12883,878792,0.101008,17592,4167884,0.479055,15086,5046676,0.580063,8700223
1,2021-06-23,29226,8877980,19621,4709492,7796,3792564,1809,375924,12778,877168,0.100821,16240,4184124,0.480921,14616,5061292,0.581743,8700223
1,2021-06-24,28202,8906182,18805,4728297,7752,3800316,1645,377569,11991,874859,0.100556,16010,4200134,0.482762,13701,5074993,0.583318,8700223
1,2021-06-25,31582,8937764,21421,4749718,8770,3809086,1391,378960,13909,872775,0.100316,17439,4217573,0.484766,15355,5090348,0.585082,8700223
1,2021-06-26,22141,8959905,16434,4766152,4894,3813980,813,379773,9665,870942,0.100106,12360,4229933,0.486187,10527,5100875,0.586292,8700223
1,2021-06-27,9122,8969027,6785,4772937,1910,3815890,427,380200,4053,870433,0.100047,5005,4234938,0.486762,4496,5105371,0.586809,8700223
1,2021-06-28,21003,8990030,15598,4788535,4160,3820050,1245,381445,9720,870351,0.100038,11100,4246038,0.488038,11018,5116389,0.588076,8700223
1,2021-06-29,26445,9016475,18088,4806623,6993,3827043,1364,382809,11641,868784,0.099858,14634,4260672,0.48972,13067,5129456,0.589578,8700223
1,2021-06-30,25665,9042140,17773,4824396,6851,3833894,1041,383850,12180,868805,0.09986,13274,4273946,0.491246,13295,5142751,0.591106,8700223
1,2021-07-01,23440,9065580,16328,4840724,5860,3839754,1252,385102,10869,868579,0.099834,12428,4286374,0.492674,12202,5154953,0.592508,8700223
1,2021-07-02,26208,9091788,18006,4858730,7177,3846931,1025,386127,12268,868202,0.099791,13753,4300127,0.494255,13376,5168329,0.594046,8700223
1,2021-07-03,14500,9106288,10139,4868869,3928,3850859,433,386560,6879,868054,0.099774,7496,4307623,0.495116,7348,5175677,0.59489,8700223
1,2021-07-04,1261,9107549,707,4869576,489,3851348,65,386625,608,868088,0.099778,645,4308268,0.495191,679,5176356,0.594968,8700223
1,2021-07-05,10907,9118456,7522,4877098,3025,3854373,360,386985,5193,868035,0.099772,5651,4313919,0.49584,5598,5181954,0.595612,8700223
1,2021-07-06,26913,9145369,19026,4896124,6767,3861140,1120,388105,10738,864003,0.099308,15993,4329912,0.497678,11961,5193915,0.596986,8700223
1,2021-07-07,23394,9168763,16416,4912540,5893,3867033,1085,389190,10071,862094,0.099089,13153,4343065,0.49919,11244,5205159,0.598279,8700223
1,2021-07-08,22119,9190882,15310,4927850,5842,3872875,967,390157,9631,860427,0.098897,12356,4355421,0.50061,10689,5215848,0.599507,8700223
1,2021-07-09,26040,9216922,18484,4946334,6587,3879462,969,391126,11827,859251,0.098762,14043,4369464,0.502224,12867,5228715,0.600986,8700223
1,2021-07-10,17009,9233931,12315,4958649,4079,3883541,615,391741,7643,858314,0.098654,9247,4378711,0.503287,8310,5237025,0.601941,8700223
1,2021-07-11,6701,9240632,4896,4963545,1614,3885155,191,391932,3234,858340,0.098657,3417,4382128,0.50368,3443,5240468,0.602337,8700223
1,2021-07-12,19600,9260232,14116,4977661,4704,3889859,780,392712,8731,857207,0.098527,10745,4392873,0.504915,9612,5250080,0.603442,8700223
1,2021-07-13,21595,9281827,15133,4992794,5780,3895639,682,393394,10183,856891,0.098491,11275,4404148,0.506211,10959,5261039,0.604702,8700223
1,2021-07-14,21525,9303352,14812,5007606,5818,3901457,895,394289,9739,855996,0.098388,11636,4415784,0.507548,10741,5271780,0.605936,8700223
1,2021-07-15,20670,9324022,14661,5022267,5358,3906815,651,394940,9924,856051,0.098394,10618,4426402,0.508769,10673,5282453,0.607163,8700223
1,2021-07-16,24807,9348829,17484,5039751,6511,3913326,812,395752,12209,856712,0.09847,12446,4438848,0.510199,13107,5295560,0.608669,8700223
1,2021-07-17,16945,9365774,12191,5051942,4195,3917521,559,396311,8399,857271,0.098534,8433,4447281,0.511169,8992,5304552,0.609703,8700223
1,2021-07-18,4734,9370508,3181,5055123,1378,3918899,175,396486,2335,857429,0.098553,2366,4449647,0.511441,2524,5307076,0.609993,8700223
2,2020-12-15,245,245,245,245,0,0,0,0,245,245,2.9e-05,0,0,0.0,245,245,2.9e-05,8407551
2,2020-12-16,2120,2365,2120,2365,0,0,0,0,2119,2364,0.000281,0,0,0.0,2119,2364,0.000281,8407551
2,2020-12-17,6926,9291,6926,9291,0,0,0,0,6927,9291,0.001105,0,0,0.0,6927,9291,0.001105,8407551
2,2020-12-18,11101,20392,11081,20372,20,20,0,0,11101,20392,0.002425,0,0,0.0,11101,20392,0.002425,8407551
2,2020-12-19,5628,26020,5622,25994,6,26,0,0,5629,26021,0.003095,0,0,0.0,5629,26021,0.003095,8407551
2,2020-12-20,4252,30272,4242,30236,10,36,0,0,4247,30267,0.0036,1,1,0.0,4247,30268,0.0036,8407551
2,2020-12-21,12784,43056,12756,42992,28,64,0,0,12739,43006,0.005115,0,1,0.0,12739,43007,0.005115,8407551
2,2020-12-22,12147,55203,11631,54623,516,580,0,0,12145,55151,0.00656,0,1,0.0,12145,55152,0.00656,8407551
2,2020-12-23,11723,66926,9503,64126,2220,2800,0,0,11725,66876,0.007954,1,2,0.0,11726,66878,0.007955,8407551
2,2020-12-24,5911,72837,3496,67622,2415,5215,0,0,5907,72782,0.008657,3,5,1e-06,5909,72787,0.008657,8407551
2,2020-12-25,484,73321,406,68028,78,5293,0,0,486,73268,0.008715,0,5,1e-06,486,73273,0.008715,8407551
2,2020-12-26,2557,75878,1661,69689,896,6189,0,0,2558,75825,0.009019,1,6,1e-06,2558,75831,0.009019,8407551
2,2020-12-27,2234,78112,1215,70904,1019,7208,0,0,2231,78054,0.009284,2,8,1e-06,2231,78062,0.009285,8407551
2,2020-12-28,11028,89140,7168,78072,3860,11068,0,0,11028,89081,0.010595,1,9,1e-06,11028,89090,0.010596,8407551
2,2020-12-29,12724,101864,7153,85225,5571,16639,0,0,12728,101809,0.012109,0,9,1e-06,12728,101818,0.01211,8407551
2,2020-12-30,15454,117318,8670,93895,6784,23423,0,0,15448,117254,0.013946,5,14,2e-06,15450,117268,0.013948,8407551
2,2020-12-31,7581,124899,2830,96725,4751,28174,0,0,7574,124823,0.014847,5,19,2e-06,7574,124842,0.014849,8407551
2,2021-01-01,1220,126119,603,97328,617,28791,0,0,1219,126038,0.014991,4,23,3e-06,1219,126061,0.014994,8407551
2,2021-01-02,4853,130972,2766,100094,2087,30878,0,0,4848,130884,0.015567,2,25,3e-06,4848,130909,0.01557,8407551
2,2021-01-03,1406,132378,789,100883,617,31495,0,0,1398,132278,0.015733,4,29,3e-06,1398,132307,0.015737,8407551
2,2021-01-04,11671,144049,5564,106447,6107,37602,0,0,11660,143935,0.01712,3,32,4e-06,11660,143967,0.017124,8407551
2,2021-01-05,13906,157955,6944,113391,6962,44564,0,0,12686,155445,0.018489,1211,1243,0.000148,12721,156688,0.018637,8407551
2,2021-01-06,19031,176986,10495,123886,8536,53100,0,0,15199,166882,0.019849,3773,5016,0.000597,15210,171898,0.020446,8407551
2,2021-01-07,23289,200275,13138,137024,10151,63251,0,0,15595,174796,0.02079,7696,12712,0.001512,15610,187508,0.022302,8407551
2,2021-01-08,26795,227070,16259,153283,10536,73787,0,0,16464,181009,0.021529,10275,22987,0.002734,16488,203996,0.024263,8407551
2,2021-01-09,9856,236926,5767,159050,4089,77876,0,0,6276,183721,0.021852,3571,26558,0.003159,6283,210279,0.025011,8407551
2,2021-01-10,5303,242229,2963,162013,2340,80216,0,0,3038,184500,0.021945,2265,28823,0.003428,3044,213323,0.025373,8407551
2,2021-01-11,26175,268404,18006,180019,8169,88385,0,0,15071,188520,0.022423,11101,39924,0.004749,15121,228444,0.027171,8407551
2,2021-01-12,26368,294772,16373,196392,9995,98380,0,0,16765,195766,0.023285,9603,49527,0.005891,16849,245293,0.029175,8407551
2,2021-01-13,28580,323352,15152,211544,13428,111808,0,0,20577,208386,0.024786,7985,57512,0.006841,20605,265898,0.031626,8407551
2,2021-01-14,30573,353925,11641,223185,18932,130740,0,0,26282,230445,0.027409,4298,61810,0.007352,26357,292255,0.034761,8407551
2,2021-01-15,35090,389015,12685,235870,22405,153145,0,0,31794,259042,0.030811,3288,65098,0.007743,31885,324140,0.038553,8407551
2,2021-01-16,18124,407139,5999,241869,12125,165270,0,0,16787,274490,0.032648,1351,66449,0.007903,16799,340939,0.040552,8407551
2,2021-01-17,10544,417683,3551,245420,6993,172263,0,0,9810,283561,0.033727,748,67197,0.007992,9819,350758,0.041719,8407551
2,2021-01-18,19737,437420,11031,256451,8706,180969,0,0,14925,293717,0.034935,4830,72027,0.008567,14986,365744,0.043502,8407551
2,2021-01-19,32616,470036,16943,273394,15673,196642,0,0,24587,310392,0.036918,8026,80053,0.009522,24701,390445,0.04644,8407551
2,2021-01-20,37622,507658,18979,292373,18643,215285,0,0,28992,330878,0.039355,8597,88650,0.010544,29083,419528,0.049899,8407551
2,2021-01-21,40971,548629,17402,309775,23569,238854,0,0,36463,363040,0.04318,4477,93127,0.011077,36639,456167,0.054257,8407551
2,2021-01-22,39611,588240,16549,326324,23062,261916,0,0,36258,395954,0.047095,3371,96498,0.011478,36285,492452,0.058573,8407551
2,2021-01-23,24114,612354,10778,337102,13336,275252,0,0,21140,414170,0.049262,2954,99452,0.011829,21170,513622,0.061091,8407551
2,2021-01-24,12438,624792,6098,343200,6340,281592,0,0,11521,424802,0.050526,901,100353,0.011936,11533,525155,0.062462,8407551
2,2021-01-25,33889,658681,15603,358803,18286,299878,0,0,25043,441188,0.052475,8795,109148,0.012982,25181,550336,0.065457,8407551
2,2021-01-26,40385,699066,19786,378589,20599,320477,0,0,31160,463230,0.055097,9200,118348,0.014076,31242,581578,0.069173,8407551
2,2021-01-27,45655,744721,22666,401255,22989,343466,0,0,35319,488402,0.058091,10208,128556,0.015291,35380,616958,0.073381,8407551
2,2021-01-28,47847,792568,22398,423653,25449,368915,0,0,39129,518951,0.061724,8653,137209,0.01632,39202,656160,0.078044,8407551
2,2021-01-29,45593,838161,21992,445645,23601,392516,0,0,36837,547220,0.065087,8632,145841,0.017346,36901,693061,0.082433,8407551
2,2021-01-30,31285,869446,13340,458985,17945,410461,0,0,27883,571770,0.068007,3364,149205,0.017747,27914,720975,0.085753,8407551
2,2021-01-31,17116,886562,10168,469153,6948,417409,0,0,15911,586515,0.069761,1186,150391,0.017888,15931,736906,0.087648,8407551
2,2021-02-01,41031,927593,19682,488835,21349,438758,0,0,29937,605453,0.072013,11038,161429,0.0192,29976,766882,0.091213,8407551
2,2021-02-02,47922,975515,19458,508293,28464,467222,0,0,36360,630428,0.074984,11480,172909,0.020566,36455,803337,0.095549,8407551
2,2021-02-03,54035,1029550,23811,532104,30224,497446,0,0,39759,656109,0.078038,14173,187082,0.022252,39854,843191,0.10029,8407551
2,2021-02-04,56136,1085686,24114,556218,32022,529468,0,0,40916,682013,0.081119,15112,202194,0.024049,41016,884207,0.105168,8407551
2,2021-02-05,60064,1145750,26211,582429,33853,563321,0,0,40525,703391,0.083662,19332,221526,0.026348,40710,924917,0.11001,8407551
2,2021-02-06,39323,1185073,18352,600781,20971,584292,0,0,31336,726910,0.086459,7911,229437,0.027289,31430,956347,0.113749,8407551
2,2021-02-07,15671,1200744,10395,611176,5276,589568,0,0,11894,735124,0.087436,3749,233186,0.027735,11963,968310,0.115171,8407551
2,2021-02-08,42921,1243665,21748,632924,21173,610741,0,0,29338,751234,0.089352,13438,246624,0.029334,29548,997858,0.118686,8407551
2,2021-02-09,49427,1293092,23250,656174,26177,636918,0,0,30506,763438,0.090804,18632,265256,0.03155,30836,1028694,0.122354,8407551
2,2021-02-10,59568,1352660,27871,684045,31697,668615,0,0,34347,773200,0.091965,24938,290194,0.034516,34700,1063394,0.126481,8407551
2,2021-02-11,64243,1416903,29513,713558,34730,703345,0,0,35779,781372,0.092937,28104,318298,0.037859,36276,1099670,0.130796,8407551
2,2021-02-12,65531,1482434,28137,741695,37394,740739,0,0,34779,786364,0.093531,30441,348739,0.041479,35433,1135103,0.13501,8407551
2,2021-02-13,38095,1520529,15888,757583,22207,762946,0,0,21988,792722,0.094287,16008,364747,0.043383,22366,1157469,0.13767,8407551
2,2021-02-14,20115,1540644,9338,766921,10777,773723,0,0,11181,795382,0.094603,8883,373630,0.04444,11543,1169012,0.139043,8407551
2,2021-02-15,33161,1573805,14942,781863,18219,791942,0,0,18376,799966,0.095149,14649,388279,0.046182,19233,1188245,0.141331,8407551
2,2021-02-16,56467,1630272,27688,809551,28779,820721,0,0,29743,803766,0.0956,26612,414891,0.049347,30412,1218657,0.144948,8407551
2,2021-02-17,61758,1692030,31788,841339,29970,850691,0,0,30662,804251,0.095658,31002,445893,0.053035,31487,1250144,0.148693,8407551
2,2021-02-18,66401,1758431,33474,874813,32927,883618,0,0,32335,803929,0.09562,33807,479700,0.057056,33485,1283629,0.152676,8407551
2,2021-02-19,59773,1818204,33102,907915,26671,910289,0,0,29671,804299,0.095664,29906,509606,0.060613,30276,1313905,0.156277,8407551
2,2021-02-20,37797,1856001,24530,932445,13267,923556,0,0,20539,808360,0.096147,17156,526762,0.062653,21217,1335122,0.1588,8407551
2,2021-02-21,21693,1877694,17557,950002,4136,927692,0,0,10772,809100,0.096235,10835,537597,0.063942,11575,1346697,0.160177,8407551
2,2021-02-22,39375,1917069,26902,976904,12473,940165,0,0,18654,807857,0.096087,20570,558167,0.066389,19327,1366024,0.162476,8407551
2,2021-02-23,53697,1970766,27396,1004300,26301,966466,0,0,23535,803382,0.095555,29903,588070,0.069945,25428,1391452,0.1655,8407551
2,2021-02-24,70972,2041738,36553,1040853,34419,1000885,0,0,32549,800092,0.095164,38210,626280,0.07449,34920,1426372,0.169654,8407551
2,2021-02-25,76896,2118634,36325,1077178,40571,1041456,0,0,39031,804348,0.09567,37591,663871,0.078961,41847,1468219,0.174631,8407551
2,2021-02-26,85400,2204034,36604,1113782,48796,1090252,0,0,45883,813222,0.096725,39206,703077,0.083624,48080,1516299,0.18035,8407551
2,2021-02-27,62425,2266459,29022,1142804,33396,1123648,7,7,33830,820039,0.097536,28355,731432,0.086997,35172,1551471,0.184533,8407551
2,2021-02-28,30603,2297062,18305,1161109,12297,1135945,1,8,17860,826119,0.098259,12617,744049,0.088498,18697,1570168,0.186757,8407551
2,2021-03-01,57372,2354434,29828,1190937,27500,1163445,44,52,31424,833143,0.099095,25638,769687,0.091547,32662,1602830,0.190642,8407551
2,2021-03-02,68704,2423138,32871,1223808,35822,1199267,11,63,38653,844265,0.100417,29876,799563,0.095101,40998,1643828,0.195518,8407551
2,2021-03-03,79916,2503054,38650,1262458,41251,1240518,15,78,45346,857846,0.102033,34355,833918,0.099187,47936,1691764,0.20122,8407551
2,2021-03-04,88038,2591092,43212,1305670,44796,1285314,30,108,50896,874253,0.103984,36897,870815,0.103575,53304,1745068,0.20756,8407551
2,2021-03-05,82057,2673149,38574,1344244,43175,1328489,308,416,50198,895513,0.106513,31630,902445,0.107337,52890,1797958,0.21385,8407551
2,2021-03-06,62915,2736064,30756,1375000,30460,1358949,1699,2115,38734,913335,0.108633,24046,926491,0.110197,41868,1839826,0.21883,8407551
2,2021-03-07,28582,2764646,16235,1391235,10804,1369753,1543,3658,18134,923744,0.109871,10375,936866,0.111431,20784,1860610,0.221302,8407551
2,2021-03-08,50745,2815391,23273,1414508,24908,1394661,2564,6222,31900,941115,0.111937,18737,955603,0.11366,36108,1896718,0.225597,8407551
2,2021-03-09,70583,2885974,32121,1446629,34616,1429277,3846,10068,39078,954019,0.113472,31362,986965,0.11739,44266,1940984,0.230862,8407551
2,2021-03-10,78432,2964406,37103,1483732,34793,1464070,6536,16604,41645,966956,0.11501,36565,1023530,0.121739,49502,1990486,0.23675,8407551
2,2021-03-11,93274,3057680,43022,1526754,41879,1505949,8373,24977,48665,981104,0.116693,44289,1067819,0.127007,58437,2048923,0.2437,8407551
2,2021-03-12,94117,3151797,38698,1565452,43452,1549401,11967,36944,46829,994288,0.118261,47030,1114849,0.132601,60214,2109137,0.250862,8407551
2,2021-03-13,69254,3221051,28986,1594438,32283,1581684,7985,44929,38049,1010551,0.120196,31066,1145915,0.136296,47329,2156466,0.256492,8407551
2,2021-03-14,37026,3258077,18310,1612748,14193,1595877,4523,49452,18565,1016030,0.120847,18357,1164272,0.138479,23836,2180302,0.259327,8407551
2,2021-03-15,67440,3325517,30416,1643164,32011,1627888,5013,54465,37176,1029272,0.122422,30042,1194314,0.142053,43284,2223586,0.264475,8407551
2,2021-03-16,86299,3411816,38169,1681333,44106,1671994,4024,58489,52162,1052656,0.125204,33933,1228247,0.146089,57317,2280903,0.271292,8407551
2,2021-03-17,92823,3504639,44448,1725781,44190,1716184,4185,62674,58794,1082728,0.12878,33751,1261998,0.150103,63823,2344726,0.278883,8407551
2,2021-03-18,98162,3602801,46809,1772590,46763,1762947,4590,67264,59646,1109338,0.131945,38195,1300193,0.154646,64805,2409531,0.286591,8407551
2,2021-03-19,97514,3700315,46157,1818747,45233,1808180,6124,73388,57694,1134175,0.1349,39506,1339699,0.159345,64343,2473874,0.294244,8407551
2,2021-03-20,70016,3770331,33929,1852676,32122,1840302,3965,77353,45722,1160170,0.137991,24058,1363757,0.162206,50053,2523927,0.300198,8407551
2,2021-03-21,33421,3803752,21590,1874266,9836,1850138,1995,79348,19980,1169280,0.139075,13299,1377056,0.163788,22409,2546336,0.302863,8407551
2,2021-03-22,62911,3866663,34619,1908885,25657,1875795,2635,81983,41754,1193650,0.141974,20916,1397972,0.166276,45286,2591622,0.308249,8407551
2,2021-03-23,83764,3950427,44521,1953406,36327,1912122,2916,84899,52294,1218515,0.144931,31185,1429157,0.169985,56050,2647672,0.314916,8407551
2,2021-03-24,91622,4042049,49228,2002634,39228,1951350,3166,88065,53674,1238560,0.147315,37610,1466767,0.174458,57655,2705327,0.321773,8407551
2,2021-03-25,101209,4143258,51067,2053701,46241,1997591,3901,91966,57178,1256734,0.149477,43662,1510429,0.179651,61836,2767163,0.329128,8407551
2,2021-03-26,103326,4246584,51257,2104958,48574,2046165,3495,95461,56361,1271073,0.151182,46565,1556994,0.18519,60904,2828067,0.336372,8407551
2,2021-03-27,75596,4322180,37728,2142686,34570,2080735,3298,98759,37804,1275492,0.151708,37540,1594534,0.189655,41959,2870026,0.341363,8407551
2,2021-03-28,37679,4359859,23274,2165960,13594,2094329,811,99570,20081,1279764,0.152216,17471,1612005,0.191733,21743,2891769,0.343949,8407551
2,2021-03-29,71292,4431151,36231,2202191,32785,2127114,2276,101846,40588,1293040,0.153795,30487,1642492,0.195359,43763,2935532,0.349154,8407551
2,2021-03-30,91890,4523041,45003,2247194,42510,2169624,4377,106223,51643,1309628,0.155768,40037,1682529,0.200121,56625,2992157,0.355889,8407551
2,2021-03-31,101167,4624208,52106,2299300,43952,2213576,5109,111332,57423,1329073,0.158081,43431,1725960,0.205287,62876,3055033,0.363368,8407551
2,2021-04-01,117530,4741738,56779,2356079,51517,2265093,9234,120566,64016,1349634,0.160526,53110,1779070,0.211604,73671,3128704,0.37213,8407551
2,2021-04-02,111607,4853345,51430,2407509,49998,2315091,10179,130745,59922,1368910,0.162819,51294,1830364,0.217705,70570,3199274,0.380524,8407551
2,2021-04-03,76842,4930187,37725,2445234,29288,2344379,9829,140574,38085,1378660,0.163979,38546,1868910,0.222289,48296,3247570,0.386268,8407551
2,2021-04-04,29002,4959189,14918,2460152,10225,2354604,3859,144433,13018,1379689,0.164101,15877,1884787,0.224178,16906,3264476,0.388279,8407551
2,2021-04-05,79133,5038322,38778,2498930,31513,2386117,8842,153275,38184,1386696,0.164935,40767,1925554,0.229027,47774,3312250,0.393961,8407551
2,2021-04-06,103893,5142215,50576,2549506,38605,2424722,14712,167987,49241,1396677,0.166122,54367,1979921,0.235493,64348,3376598,0.401615,8407551
2,2021-04-07,110501,5252716,55114,2604620,39131,2463853,16256,184243,52042,1407089,0.16736,58161,2038082,0.242411,68573,3445171,0.409771,8407551
2,2021-04-08,119337,5372053,57437,2662057,43175,2507028,18725,202968,55346,1418112,0.168671,63623,2101705,0.249978,74646,3519817,0.418649,8407551
2,2021-04-09,118837,5490890,57226,2719283,43491,2550519,18120,221088,56213,1431046,0.17021,62242,2163947,0.257381,75176,3594993,0.427591,8407551
2,2021-04-10,87621,5578511,37797,2757080,31400,2581919,18424,239512,36094,1434985,0.170678,51260,2215207,0.263478,55199,3650192,0.434156,8407551
2,2021-04-11,44478,5622989,23082,2780162,12924,2594843,8472,247984,18218,1436278,0.170832,26119,2241326,0.266585,27412,3677604,0.437417,8407551
2,2021-04-12,80000,5702989,37264,2817426,33331,2628174,9405,257389,35620,1438190,0.171059,44107,2285433,0.271831,46019,3723623,0.44289,8407551
2,2021-04-13,101867,5804856,52853,2870279,48754,2676928,260,257649,55831,1449405,0.172393,45771,2331204,0.277275,56986,3780609,0.449668,8407551
2,2021-04-14,106812,5911668,55941,2926220,50818,2727746,53,257702,54642,1453670,0.172901,51863,2383067,0.283444,56128,3836737,0.456344,8407551
2,2021-04-15,113409,6025077,60293,2986513,53034,2780780,82,257784,59378,1460557,0.17372,53641,2436708,0.289824,60528,3897265,0.463543,8407551
2,2021-04-16,110880,6135957,57484,3043997,53343,2834123,53,257837,56353,1463633,0.174086,54182,2490890,0.296268,57258,3954523,0.470354,8407551
2,2021-04-17,83590,6219547,42529,3086526,41046,2875169,15,257852,46801,1474772,0.17541,36541,2527431,0.300614,47680,4002203,0.476025,8407551
2,2021-04-18,35631,6255178,21634,3108160,13990,2889159,7,257859,17002,1474266,0.17535,18497,2545928,0.302814,17991,4020194,0.478165,8407551
2,2021-04-19,74950,6330128,40344,3148504,34590,2923749,16,257875,34213,1468650,0.174682,40468,2586396,0.307628,34852,4055046,0.48231,8407551
2,2021-04-20,97764,6427892,49569,3198073,48169,2971918,26,257901,47558,1467120,0.1745,49857,2636253,0.313558,48327,4103373,0.488058,8407551
2,2021-04-21,103586,6531478,56034,3254107,47494,3019412,58,257959,49001,1463021,0.174013,54129,2690382,0.319996,50030,4153403,0.494009,8407551
2,2021-04-22,108053,6639531,55922,3310029,52108,3071520,23,257982,47385,1451072,0.172592,60249,2750631,0.327162,48300,4201703,0.499753,8407551
2,2021-04-23,107475,6747006,57145,3367174,50313,3121833,17,257999,49793,1444532,0.171814,57270,2807901,0.333974,50730,4252433,0.505787,8407551
2,2021-04-24,80333,6827339,47316,3414490,32977,3154810,40,258039,41876,1449252,0.172375,38126,2846027,0.338508,42846,4295279,0.510883,8407551
2,2021-04-25,36276,6863615,22337,3436827,13925,3168735,14,258053,19736,1453064,0.172828,16404,2862431,0.34046,20216,4315495,0.513288,8407551
2,2021-04-26,73822,6937437,40892,3477719,32622,3201357,308,258361,34029,1449317,0.172383,39530,2901961,0.345161,35783,4351278,0.517544,8407551
2,2021-04-27,87967,7025404,46354,3524073,40251,3241608,1362,259723,37831,1439987,0.171273,49765,2951726,0.35108,40435,4391713,0.522353,8407551
2,2021-04-28,87746,7113150,46900,3570973,38985,3280593,1861,261584,38751,1432852,0.170424,48659,3000385,0.356868,41524,4433237,0.527292,8407551
2,2021-04-29,90364,7203514,49214,3620187,39450,3320043,1700,263284,35146,1415459,0.168356,54840,3055225,0.363391,37447,4470684,0.531746,8407551
2,2021-04-30,94191,7297705,52079,3672266,40119,3360162,1993,265277,36696,1397750,0.166249,57054,3112279,0.370177,39345,4510029,0.536426,8407551
2,2021-05-01,61955,7359660,37765,3710031,22621,3382783,1569,266846,24158,1386838,0.164951,37492,3149771,0.374636,26580,4536609,0.539587,8407551
2,2021-05-02,29056,7388716,20199,3730230,7886,3390669,971,267817,11050,1381074,0.164266,17874,3167645,0.376762,12110,4548719,0.541028,8407551
2,2021-05-03,59937,7448653,35478,3765708,22407,3413076,2052,269869,20194,1364105,0.162248,39481,3207126,0.381458,22512,4571231,0.543705,8407551
2,2021-05-04,79397,7528050,47396,3813104,29630,3442706,2371,272240,25836,1339481,0.159319,53229,3260355,0.387789,28605,4599836,0.547108,8407551
2,2021-05-05,79854,7607904,47568,3860672,29939,3472645,2347,274587,25026,1312778,0.156143,54439,3314794,0.394264,27736,4627572,0.550407,8407551
2,2021-05-06,82122,7690026,49758,3910430,29454,3502099,2910,277497,25147,1284966,0.152835,56510,3371304,0.400985,28698,4656270,0.55382,8407551
2,2021-05-07,83183,7773209,48024,3958454,32735,3534834,2424,279921,25610,1256256,0.14942,57203,3428507,0.407789,28493,4684763,0.557209,8407551
2,2021-05-08,55157,7828366,33426,3991880,20024,3554858,1707,281628,17305,1238379,0.147294,37618,3466125,0.412263,19741,4704504,0.559557,8407551
2,2021-05-09,21717,7850083,15691,4007571,5278,3560136,748,282376,6349,1230415,0.146346,15291,3481416,0.414082,7327,4711831,0.560428,8407551
2,2021-05-10,49842,7899925,27121,4034692,20853,3580989,1868,284244,14072,1211433,0.144089,35531,3516947,0.418308,16549,4728380,0.562397,8407551
2,2021-05-11,65584,7965509,35412,4070104,28066,3609055,2106,286350,19814,1188568,0.141369,45476,3562423,0.423717,22611,4750991,0.565086,8407551
2,2021-05-12,64731,8030240,34515,4104619,28001,3637056,2215,288565,19100,1164945,0.138559,45327,3607750,0.429108,21704,4772695,0.567668,8407551
2,2021-05-13,70508,8100748,40960,4145579,27607,3664663,1941,290506,25834,1149056,0.13667,44395,3652145,0.434389,28506,4801201,0.571058,8407551
2,2021-05-14,79360,8180108,47546,4193125,29560,3694223,2254,292760,30508,1133973,0.134876,48492,3700637,0.440156,33409,4834610,0.575032,8407551
2,2021-05-15,65940,8246048,43318,4236443,20910,3715133,1712,294472,25552,1121479,0.133389,40149,3740786,0.444932,27655,4862265,0.578321,8407551
2,2021-05-16,31508,8277556,23561,4260004,7023,3722156,924,295396,12856,1116864,0.132841,18523,3759309,0.447135,13908,4876173,0.579975,8407551
2,2021-05-17,57824,8335380,36639,4296643,19253,3741409,1932,297328,22822,1107204,0.131692,34777,3794086,0.451271,25117,4901290,0.582963,8407551
2,2021-05-18,69943,8405323,40936,4337579,27045,3768454,1962,299290,27821,1095670,0.13032,41857,3835943,0.45625,30323,4931613,0.58657,8407551
2,2021-05-19,68684,8474007,40634,4378213,26043,3794497,2007,301297,27228,1084215,0.128957,41158,3877101,0.461145,29703,4961316,0.590102,8407551
2,2021-05-20,69077,8543084,39973,4418186,26924,3821421,2180,303477,26214,1070662,0.127345,42540,3919641,0.466205,28987,4990303,0.59355,8407551
2,2021-05-21,72708,8615792,42901,4461087,27657,3849078,2150,305627,27614,1056238,0.12563,44741,3964382,0.471526,30317,5020620,0.597156,8407551
2,2021-05-22,53321,8669113,33778,4494865,17769,3866847,1774,307401,22307,1050068,0.124896,30791,3995173,0.475189,24621,5045241,0.600084,8407551
2,2021-05-23,24383,8693496,16633,4511498,7024,3873871,726,308127,10271,1047218,0.124557,13985,4009158,0.476852,11135,5056376,0.601409,8407551
2,2021-05-24,44727,8738223,25399,4536897,17561,3891432,1767,309894,17237,1039286,0.123613,27276,4036434,0.480096,19344,5075720,0.60371,8407551
2,2021-05-25,50632,8788855,29635,4566532,19137,3910569,1860,311754,19282,1029912,0.122498,31053,4067487,0.48379,21679,5097399,0.606288,8407551
2,2021-05-26,48599,8837454,27227,4593759,19692,3930261,1680,313434,19027,1021715,0.121523,29244,4096731,0.487268,21047,5118446,0.608792,8407551
2,2021-05-27,46493,8883947,26344,4620103,18411,3948672,1738,315172,18590,1014879,0.12071,27666,4124397,0.490559,20830,5139276,0.611269,8407551
2,2021-05-28,49869,8933816,27522,4647625,20374,3969046,1973,317145,20951,1009565,0.120078,28664,4153061,0.493968,23350,5162626,0.614046,8407551
2,2021-05-29,28948,8962764,17355,4664980,10540,3979586,1053,318198,13267,1008525,0.119955,15530,4168591,0.495815,14490,5177116,0.61577,8407551
2,2021-05-30,12621,8975385,8131,4673111,3729,3983315,761,318959,5527,1007835,0.119873,7044,4175635,0.496653,6354,5183470,0.616526,8407551
2,2021-05-31,5862,8981247,3425,4676536,2133,3985448,304,319263,1820,1006020,0.119657,3988,4179623,0.497127,2173,5185643,0.616784,8407551
2,2021-06-01,44662,9025909,25660,4702196,17351,4002799,1651,320914,15601,994880,0.118332,28770,4208393,0.500549,17630,5203273,0.618881,8407551
2,2021-06-02,38124,9064033,22442,4724638,14278,4017077,1404,322318,14961,988632,0.117589,22908,4231301,0.503274,16660,5219933,0.620862,8407551
2,2021-06-03,41298,9105331,26602,4751240,13232,4030309,1464,323782,13938,977290,0.11624,27125,4258426,0.5065,15783,5235716,0.62274,8407551
2,2021-06-04,47885,9153216,31273,4782513,15075,4045384,1537,325319,15504,962764,0.114512,32091,4290517,0.510317,17565,5253281,0.624829,8407551
2,2021-06-05,37757,9190973,26945,4809458,9354,4054738,1458,326777,11843,950790,0.113088,25690,4316207,0.513373,13716,5266997,0.62646,8407551
2,2021-06-06,14870,9205843,12198,4821656,2092,4056830,580,327357,4689,946130,0.112533,10118,4326325,0.514576,5458,5272455,0.627109,8407551
2,2021-06-07,33192,9239035,23228,4844884,8696,4065526,1268,328625,10786,936169,0.111349,22263,4348588,0.517224,12302,5284757,0.628573,8407551
2,2021-06-08,40527,9279562,28691,4873575,10473,4075999,1363,329988,12459,922534,0.109727,27829,4376417,0.520534,14194,5298951,0.630261,8407551
2,2021-06-09,38040,9317602,26572,4900147,9978,4085977,1490,331478,11535,909572,0.108185,26311,4402728,0.523664,13349,5312300,0.631849,8407551
2,2021-06-10,37657,9355259,26193,4926340,9949,4095926,1515,332993,11676,897448,0.106743,25782,4428510,0.52673,13658,5325958,0.633473,8407551
2,2021-06-11,41145,9396404,27316,4953656,12166,4108092,1663,334656,13211,884943,0.105256,27673,4456183,0.530022,15168,5341126,0.635277,8407551
2,2021-06-12,29328,9425732,21574,4975230,6840,4114932,914,335570,8678,874237,0.103982,20518,4476701,0.532462,9812,5350938,0.636444,8407551
2,2021-06-13,12201,9437933,8910,4984140,2674,4117606,617,336187,3104,869090,0.10337,9036,4485737,0.533537,3889,5354827,0.636907,8407551
2,2021-06-14,29828,9467761,21161,5005301,7473,4125079,1194,337381,10344,861514,0.102469,19322,4505059,0.535835,11746,5366573,0.638304,8407551
2,2021-06-15,35411,9503172,23576,5028877,9803,4134882,2032,339413,11924,852591,0.101408,23257,4528316,0.538601,14334,5380907,0.640009,8407551
2,2021-06-16,32808,9535980,22636,5051513,8388,4143270,1784,341197,11287,844617,0.100459,21355,4549671,0.541141,13381,5394288,0.6416,8407551
2,2021-06-17,30696,9566676,20508,5072021,8398,4151668,1790,342987,10884,837857,0.099655,19642,4569313,0.543477,12882,5407170,0.643133,8407551
2,2021-06-18,34515,9601191,22733,5094754,9916,4161584,1866,344853,12615,830911,0.098829,21684,4590997,0.546056,14738,5421908,0.644886,8407551
2,2021-06-19,20781,9621972,14472,5109226,5056,4166640,1253,346106,7873,827480,0.098421,12747,4603744,0.547573,9316,5431224,0.645994,8407551
2,2021-06-20,8229,9630201,5883,5115109,1882,4168522,464,346570,3051,825925,0.098236,5137,4608881,0.548184,3582,5434806,0.64642,8407551
2,2021-06-21,19214,9649415,11758,5126867,6143,4174665,1313,347883,9831,827983,0.098481,9268,4618149,0.549286,11326,5446132,0.647767,8407551
2,2021-06-22,26718,9676133,18300,5145167,7053,4181718,1365,349248,10470,824011,0.098008,16079,4634228,0.551198,12107,5458239,0.649207,8407551
2,2021-06-23,25773,9701906,17806,5162973,6358,4188076,1609,350857,10519,821318,0.097688,15112,4649340,0.552996,12419,5470658,0.650684,8407551
2,2021-06-24,25175,9727081,17149,5180122,6525,4194601,1501,352358,10425,818868,0.097397,14605,4663945,0.554733,12155,5482813,0.65213,8407551
2,2021-06-25,28563,9755644,19362,5199484,7718,4202319,1483,353841,11930,816032,0.097059,16479,4680424,0.556693,13643,5496456,0.653752,8407551
2,2021-06-26,18411,9774055,13571,5213055,3919,4206238,921,354762,7505,813879,0.096803,10822,4691246,0.55798,8669,5505125,0.654783,8407551
2,2021-06-27,8729,9782784,6668,5219723,1616,4207854,445,355207,3490,812746,0.096669,5192,4696438,0.558598,4059,5509184,0.655266,8407551
2,2021-06-28,19637,9802421,14928,5234651,3476,4211330,1233,356440,8647,811952,0.096574,10864,4707302,0.55989,10070,5519254,0.656464,8407551
2,2021-06-29,22495,9824916,15665,5250316,5765,4217095,1065,357505,9571,810028,0.096345,12796,4720098,0.561412,10872,5530126,0.657757,8407551
2,2021-06-30,21656,9846572,15379,5265695,5256,4222351,1021,358526,9593,808940,0.096216,11929,4732027,0.562831,10841,5540967,0.659046,8407551
2,2021-07-01,19610,9866182,13878,5279573,4866,4227217,866,359392,8714,807939,0.096097,10783,4742810,0.564113,9782,5550749,0.66021,8407551
2,2021-07-02,22527,9888709,15548,5295121,5965,4233182,1014,360406,9934,806648,0.095943,12439,4755249,0.565593,11148,5561897,0.661536,8407551
2,2021-07-03,12353,9901062,8926,5304047,2966,4236148,461,360867,5644,806247,0.095896,6626,4761875,0.566381,6225,5568122,0.662276,8407551
2,2021-07-04,982,9902044,576,5304623,339,4236487,67,360934,418,806201,0.09589,554,4762429,0.566447,508,5568630,0.662337,8407551
2,2021-07-05,10886,9912930,7973,5312596,2509,4238996,404,361338,4997,805891,0.095853,5837,4768266,0.567141,5527,5574157,0.662994,8407551
2,2021-07-06,23354,9936284,16981,5329577,5408,4244404,965,362303,9016,801947,0.095384,14200,4782466,0.56883,10256,5584413,0.664214,8407551
2,2021-07-07,20273,9956557,14468,5344045,4727,4249131,1078,363381,8630,800387,0.095199,11533,4793999,0.570202,9973,5594386,0.6654,8407551
2,2021-07-08,18725,9975282,13104,5357149,4707,4253838,914,364295,7970,798824,0.095013,10655,4804654,0.571469,9092,5603478,0.666482,8407551
2,2021-07-09,21993,9997275,15218,5372367,5607,4259445,1168,365463,9317,796977,0.094793,12545,4817199,0.572961,10698,5614176,0.667754,8407551
2,2021-07-10,13830,10011105,10201,5382568,2985,4262430,644,366107,6088,796214,0.094702,7653,4824852,0.573871,6890,5621066,0.668574,8407551
2,2021-07-11,6505,10017610,4778,5387346,1387,4263817,340,366447,3068,796296,0.094712,3394,4828246,0.574275,3476,5624542,0.668987,8407551
2,2021-07-12,17856,10035466,13125,5400471,3892,4267709,839,367286,7742,795079,0.094567,10007,4838253,0.575465,8790,5633332,0.670032,8407551
2,2021-07-13,19013,10054479,13419,5413890,4751,4272460,843,368129,8541,794321,0.094477,10337,4848590,0.576695,9579,5642911,0.671172,8407551
2,2021-07-14,18131,10072610,12966,5426856,4414,4276874,751,368880,8105,793468,0.094376,9913,4858503,0.577874,9060,5651971,0.672249,8407551
2,2021-07-15,18047,10090657,13198,5440054,4265,4281139,584,369464,8218,792752,0.09429,9720,4868223,0.57903,9004,5660975,0.67332,8407551
2,2021-07-16,21304,10111961,15366,5455420,5189,4286328,749,370213,10145,792801,0.094296,11036,4879259,0.580342,11085,5672060,0.674639,8407551
2,2021-07-17,13362,10125323,9677,5465097,3160,4289488,525,370738,6427,793029,0.094323,6848,4886107,0.581157,7076,5679136,0.67548,8407551
2,2021-07-18,4316,10129639,3043,5468140,1114,4290602,159,370897,2143,793244,0.094349,2143,4888250,0.581412,2358,5681494,0.675761,8407551
3,2020-12-15,310,310,310,310,0,0,0,0,310,310,3.8e-05,0,0,0.0,310,310,3.8e-05,8129050
3,2020-12-16,2445,2755,2445,2755,0,0,0,0,2446,2756,0.000339,0,0,0.0,2446,2756,0.000339,8129050
3,2020-12-17,7856,10611,7856,10611,0,0,0,0,7856,10612,0.001305,0,0,0.0,7856,10612,0.001305,8129050
3,2020-12-18,13426,24037,13408,24019,18,18,0,0,13425,24037,0.002957,0,0,0.0,13425,24037,0.002957,8129050
3,2020-12-19,7249,31286,7236,31255,13,31,0,0,7313,31350,0.003857,0,0,0.0,7313,31350,0.003857,8129050
3,2020-12-20,5664,36950,5656,36911,8,39,0,0,5711,37060,0.004559,1,1,0.0,5711,37061,0.004559,8129050
3,2020-12-21,14388,51338,14362,51273,26,65,0,0,14452,51511,0.006337,1,2,0.0,14452,51513,0.006337,8129050
3,2020-12-22,14809,66147,14239,65512,570,635,0,0,14848,66358,0.008163,1,3,0.0,14848,66361,0.008163,8129050
3,2020-12-23,14815,80962,12217,77729,2598,3233,0,0,14832,81189,0.009988,2,5,1e-06,14833,81194,0.009988,8129050
3,2020-12-24,6785,87747,4868,82597,1917,5150,0,0,6782,87969,0.010822,2,7,1e-06,6782,87976,0.010822,8129050
3,2020-12-25,725,88472,667,83264,58,5208,0,0,723,88692,0.01091,0,7,1e-06,723,88699,0.010911,8129050
3,2020-12-26,4622,93094,2998,86262,1624,6832,0,0,4620,93312,0.011479,0,7,1e-06,4620,93319,0.01148,8129050
3,2020-12-27,2982,96076,1855,88117,1127,7959,0,0,2982,96294,0.011846,0,7,1e-06,2982,96301,0.011847,8129050
3,2020-12-28,13632,109708,8723,96840,4909,12868,0,0,13657,109950,0.013526,1,8,1e-06,13657,109958,0.013527,8129050
3,2020-12-29,15026,124734,8467,105307,6559,19427,0,0,15054,125002,0.015377,2,10,1e-06,15054,125012,0.015378,8129050
3,2020-12-30,18037,142771,10059,115366,7978,27405,0,0,18042,143043,0.017597,2,12,1e-06,18043,143055,0.017598,8129050
3,2020-12-31,8449,151220,3239,118605,5210,32615,0,0,8448,151489,0.018636,2,14,2e-06,8448,151503,0.018637,8129050
3,2021-01-01,1500,152720,707,119312,793,33408,0,0,1497,152985,0.01882,1,15,2e-06,1497,153000,0.018821,8129050
3,2021-01-02,4935,157655,2418,121730,2517,35925,0,0,4935,157920,0.019427,0,15,2e-06,4935,157935,0.019428,8129050
3,2021-01-03,1613,159268,848,122578,765,36690,0,0,1603,159520,0.019623,3,18,2e-06,1603,159538,0.019626,8129050
3,2021-01-04,12029,171297,5969,128547,6060,42750,0,0,12002,171515,0.021099,7,25,3e-06,12002,171540,0.021102,8129050
3,2021-01-05,15728,187025,8149,136696,7579,50329,0,0,14051,183932,0.022627,1662,1687,0.000208,14079,185619,0.022834,8129050
3,2021-01-06,20606,207631,10903,147599,9703,60032,0,0,16066,195513,0.024051,4494,6181,0.00076,16075,201694,0.024812,8129050
3,2021-01-07,26635,234266,15231,162830,11404,71436,0,0,17161,203253,0.025003,9438,15619,0.001921,17178,218872,0.026925,8129050
3,2021-01-08,30616,264882,18726,181556,11890,83326,0,0,18134,208952,0.025704,12459,28078,0.003454,18158,237030,0.029158,8129050
3,2021-01-09,12446,277328,7033,188589,5413,88739,0,0,7915,212353,0.026123,4524,32602,0.004011,7925,244955,0.030133,8129050
3,2021-01-10,7221,284549,4477,193066,2744,91483,0,0,4070,213279,0.026237,3149,35751,0.004398,4075,249030,0.030635,8129050
3,2021-01-11,29091,313640,19036,212102,10055,101538,0,0,16466,217171,0.026715,12618,48369,0.00595,16510,265540,0.032666,8129050
3,2021-01-12,32599,346239,19478,231580,13121,114659,0,0,19954,224648,0.027635,12624,60993,0.007503,20101,285641,0.035138,8129050
3,2021-01-13,34569,380808,18045,249625,16524,131183,0,0,24338,238789,0.029375,10217,71210,0.00876,24358,309999,0.038135,8129050
3,2021-01-14,34732,415540,14206,263831,20526,151709,0,0,28819,261771,0.032202,5875,77085,0.009483,28857,338856,0.041685,8129050
3,2021-01-15,38990,454530,14458,278289,24532,176241,0,0,34296,291459,0.035854,4678,81763,0.010058,34366,373222,0.045912,8129050
3,2021-01-16,21752,476282,7414,285703,14338,190579,0,0,19426,308591,0.037962,2315,84078,0.010343,19447,392669,0.048304,8129050
3,2021-01-17,13144,489426,4457,290160,8687,199266,0,0,12104,319675,0.039325,1039,85117,0.010471,12123,404792,0.049796,8129050
3,2021-01-18,24781,514207,12949,303109,11832,211098,0,0,19172,333293,0.041,5597,90714,0.011159,19215,424007,0.052159,8129050
3,2021-01-19,41082,555289,20895,324004,20187,231285,0,0,31951,356235,0.043822,9095,99809,0.012278,32037,456044,0.056101,8129050
3,2021-01-20,46180,601469,23007,347011,23173,254458,0,0,36616,383416,0.047166,9518,109327,0.013449,36699,492743,0.060615,8129050
3,2021-01-21,48071,649540,20838,367849,27233,281691,0,0,42563,420612,0.051742,5443,114770,0.014119,42639,535382,0.06586,8129050
3,2021-01-22,49817,699357,19841,387690,29976,311667,0,0,45584,462067,0.056841,4203,118973,0.014636,45658,581040,0.071477,8129050
3,2021-01-23,30361,729718,12800,400490,17561,329228,0,0,27064,485898,0.059773,3288,122261,0.01504,27119,608159,0.074813,8129050
3,2021-01-24,17886,747604,8479,408969,9407,338635,0,0,16703,501452,0.061686,1180,123441,0.015185,16734,624893,0.076872,8129050
3,2021-01-25,40851,788455,18218,427187,22633,361268,0,0,30863,522447,0.064269,9958,133399,0.01641,30953,655846,0.080679,8129050
3,2021-01-26,47337,835792,22608,449795,24729,385997,0,0,37158,549561,0.067605,10146,143545,0.017658,37260,693106,0.085263,8129050
3,2021-01-27,51491,887283,24513,474308,26978,412975,0,0,40817,579859,0.071332,10602,154147,0.018962,40900,734006,0.090294,8129050
3,2021-01-28,51923,939206,24092,498400,27831,440806,0,0,42972,614026,0.075535,8864,163011,0.020053,43031,777037,0.095588,8129050
3,2021-01-29,51046,990252,24496,522896,26550,467356,0,0,41288,645780,0.079441,9581,172592,0.021232,41335,818372,0.100673,8129050
3,2021-01-30,37428,1027680,17791,540687,19637,486993,0,0,32708,673906,0.082901,4666,177258,0.021806,32792,851164,0.104706,8129050
3,2021-01-31,22442,1050122,12752,553439,9690,496683,0,0,21026,693551,0.085318,1401,178659,0.021978,21046,872210,0.107295,8129050
3,2021-02-01,45925,1096047,20983,574422,24942,521625,0,0,35018,717750,0.088294,10853,189512,0.023313,35052,907262,0.111607,8129050
3,2021-02-02,54567,1150614,22763,597185,31804,553429,0,0,42105,747536,0.091959,12369,201881,0.024835,42155,949417,0.116793,8129050
3,2021-02-03,60117,1210731,26677,623862,33440,586869,0,0,44721,777064,0.095591,15265,217146,0.026712,44793,994210,0.122303,8129050
3,2021-02-04,64466,1275197,27918,651780,36548,623417,0,0,47199,807306,0.099311,17071,234217,0.028812,47313,1041523,0.128124,8129050
3,2021-02-05,70351,1345548,29769,681549,40582,663999,0,0,48622,834620,0.102671,21486,255703,0.031455,48800,1090323,0.134127,8129050
3,2021-02-06,43711,1389259,20960,702509,22751,686750,0,0,34061,859259,0.105702,9604,265307,0.032637,34243,1124566,0.138339,8129050
3,2021-02-07,19739,1408998,12556,715065,7183,693933,0,0,15153,869969,0.10702,4567,269874,0.033199,15277,1139843,0.140218,8129050
3,2021-02-08,51632,1460630,24990,740055,26642,720575,0,0,33867,886399,0.109041,17624,287498,0.035367,34054,1173897,0.144408,8129050
3,2021-02-09,58852,1519482,28528,768583,30324,750899,0,0,34436,897026,0.110348,24141,311639,0.038336,34768,1208665,0.148685,8129050
3,2021-02-10,68388,1587870,31821,800404,36567,787466,0,0,36677,902787,0.111057,31415,343054,0.042201,37176,1245841,0.153258,8129050
3,2021-02-11,70794,1658664,34826,835230,35968,823434,0,0,37615,908109,0.111712,32834,375888,0.04624,38156,1283997,0.157952,8129050
3,2021-02-12,75731,1734395,32683,867913,43048,866482,0,0,41753,916959,0.1128,33680,409568,0.050383,42530,1326527,0.163184,8129050
3,2021-02-13,45266,1779661,20518,888431,24748,891230,0,0,26072,924533,0.113732,19080,428648,0.05273,26654,1353181,0.166462,8129050
3,2021-02-14,27419,1807080,13718,902149,13701,904931,0,0,15226,928072,0.114167,12137,440785,0.054223,15676,1368857,0.168391,8129050
3,2021-02-15,40216,1847296,17306,919455,22910,927841,0,0,22219,933343,0.114816,17887,458672,0.056424,23158,1392015,0.17124,8129050
3,2021-02-16,70389,1917685,33324,952779,37065,964906,0,0,36554,937231,0.115294,33697,492369,0.060569,37585,1429600,0.175863,8129050
3,2021-02-17,72207,1989892,36502,989281,35705,1000611,0,0,34221,934775,0.114992,37751,530120,0.065213,35295,1464895,0.180205,8129050
3,2021-02-18,77420,2067312,40431,1029712,36989,1037600,0,0,35796,930488,0.114465,41429,571549,0.070309,37142,1502037,0.184774,8129050
3,2021-02-19,69516,2136828,40056,1069768,29460,1067060,0,0,35078,931983,0.114648,34280,605829,0.074526,35775,1537812,0.189175,8129050
3,2021-02-20,43118,2179946,27239,1097007,15879,1082939,0,0,22491,934470,0.114954,20507,626336,0.077049,22994,1560806,0.192003,8129050
3,2021-02-21,24255,2204201,19505,1116512,4750,1087689,0,0,11823,934344,0.114939,12338,638674,0.078567,12212,1573018,0.193506,8129050
3,2021-02-22,47397,2251598,30872,1147384,16525,1104214,0,0,22150,931875,0.114635,25104,663778,0.081655,22635,1595653,0.19629,8129050
3,2021-02-23,63393,2314991,34463,1181847,28930,1133144,0,0,27607,925916,0.113902,35556,699334,0.086029,29597,1625250,0.199931,8129050
3,2021-02-24,79522,2394513,39054,1220901,40468,1173612,0,0,35115,919395,0.1131,44153,743487,0.091461,37632,1662882,0.20456,8129050
3,2021-02-25,89084,2483597,43388,1264289,45696,1219308,0,0,44307,921827,0.113399,44467,787954,0.096931,46899,1709781,0.21033,8129050
3,2021-02-26,99986,2583583,45772,1310061,54214,1273522,0,0,52777,930026,0.114408,46782,834736,0.102686,54981,1764762,0.217093,8129050
3,2021-02-27,70771,2654354,32504,1342565,38263,1311785,4,4,37386,935579,0.115091,33146,867882,0.106763,38699,1803461,0.221854,8129050
3,2021-02-28,41167,2695521,23757,1366322,17407,1329192,3,7,21155,937872,0.115373,19816,887698,0.109201,22109,1825570,0.224574,8129050
3,2021-03-01,68733,2764254,36443,1402765,32257,1361449,33,40,38171,947095,0.116507,30320,918018,0.112931,39543,1865113,0.229438,8129050
3,2021-03-02,79319,2843573,39174,1441939,40137,1401586,8,48,45945,961904,0.118329,33219,951237,0.117017,48028,1913141,0.235346,8129050
3,2021-03-03,89476,2933049,42948,1484887,46507,1448093,21,69,50148,975255,0.119972,39089,990326,0.121826,52440,1965581,0.241797,8129050
3,2021-03-04,93990,3027039,46002,1530889,47968,1496061,20,89,53337,990484,0.121845,40404,1030730,0.126796,55633,2021214,0.248641,8129050
3,2021-03-05,90842,3117881,44465,1575354,46086,1542147,291,380,55512,1013456,0.124671,35060,1065790,0.131109,58032,2079246,0.25578,8129050
3,2021-03-06,65406,3183287,33166,1608520,30079,1572226,2161,2541,37551,1026932,0.126329,27699,1093489,0.134516,41175,2120421,0.260845,8129050
3,2021-03-07,39169,3222456,22628,1631148,14647,1586873,1894,4435,22023,1034952,0.127315,17068,1110557,0.136616,25088,2145509,0.263931,8129050
3,2021-03-08,59950,3282406,28589,1659737,28358,1615231,3003,7438,37944,1055600,0.129855,21837,1132394,0.139302,42485,2187994,0.269157,8129050
3,2021-03-09,77203,3359609,35653,1695390,37096,1652327,4454,11892,41509,1067178,0.13128,35542,1167936,0.143674,47120,2235114,0.274954,8129050
3,2021-03-10,83080,3442689,41378,1736768,35614,1687941,6088,17980,43443,1078692,0.132696,39407,1207343,0.148522,50921,2286035,0.281218,8129050
3,2021-03-11,97475,3540164,47630,1784398,41227,1729168,8618,26598,47787,1086765,0.133689,49404,1256747,0.154599,57477,2343512,0.288289,8129050
3,2021-03-12,102182,3642346,45522,1829920,44762,1773930,11898,38496,46833,1091526,0.134275,55104,1311851,0.161378,59865,2403377,0.295653,8129050
3,2021-03-13,70673,3713019,29726,1859646,33674,1807604,7273,45769,37381,1104367,0.135854,33159,1345010,0.165457,46000,2449377,0.301312,8129050
3,2021-03-14,41389,3754408,21615,1881261,16208,1823812,3566,49335,20837,1108934,0.136416,20462,1365472,0.167974,25029,2474406,0.304391,8129050
3,2021-03-15,75904,3830312,35971,1917232,35371,1859183,4562,53897,39975,1118772,0.137626,35693,1401165,0.172365,45531,2519937,0.309992,8129050
3,2021-03-16,95223,3925535,43872,1961104,47011,1906194,4340,58237,53524,1136108,0.139759,41443,1442608,0.177463,58779,2578716,0.317222,8129050
3,2021-03-17,98438,4023973,47783,2008887,46111,1952305,4544,62781,59743,1162618,0.14302,38439,1481047,0.182192,64949,2643665,0.325212,8129050
3,2021-03-18,103840,4127813,52784,2061671,46527,1998832,4529,67310,59580,1183317,0.145566,43951,1524998,0.187599,64650,2708315,0.333165,8129050
3,2021-03-19,103404,4231217,55450,2117121,43491,2042323,4463,71773,57545,1200305,0.147656,45570,1570568,0.193204,62558,2770873,0.340861,8129050
3,2021-03-20,72094,4303311,37164,2154285,31270,2073593,3660,75433,44464,1221499,0.150263,27430,1597998,0.196579,48624,2819497,0.346842,8129050
3,2021-03-21,36384,4339695,24735,2179020,10143,2083736,1506,76939,21897,1231003,0.151433,14376,1612374,0.198347,23880,2843377,0.34978,8129050
3,2021-03-22,70696,4410391,41566,2220586,26606,2110342,2524,79463,45171,1254433,0.154315,25282,1637656,0.201457,48712,2892089,0.355772,8129050
3,2021-03-23,89862,4500253,49721,2270307,37603,2147945,2538,82001,55197,1278475,0.157272,34396,1672052,0.205688,58438,2950527,0.362961,8129050
3,2021-03-24,98775,4599028,56863,2327170,38987,2186932,2925,84926,56226,1296048,0.159434,42181,1714233,0.210877,59754,3010281,0.370312,8129050
3,2021-03-25,107393,4706421,59650,2386820,44776,2231708,2967,87893,60542,1313703,0.161606,46499,1760732,0.216598,64154,3074435,0.378203,8129050
3,2021-03-26,110706,4817127,59420,2446240,47955,2279663,3331,91224,57036,1321587,0.162576,53323,1814055,0.223157,61207,3135642,0.385733,8129050
3,2021-03-27,74675,4891802,37974,2484214,34153,2313816,2548,93772,36090,1322552,0.162695,38348,1852403,0.227874,39313,3174955,0.390569,8129050
3,2021-03-28,44380,4936182,27972,2512186,15595,2329411,813,94585,22350,1324445,0.162927,21909,1874312,0.23057,23802,3198757,0.393497,8129050
3,2021-03-29,80694,5016876,42120,2554306,36718,2366129,1856,96441,44232,1335153,0.164245,36194,1910506,0.235022,46902,3245659,0.399267,8129050
3,2021-03-30,100341,5117217,49299,2603605,47405,2413534,3637,100078,56306,1351924,0.166308,43772,1954278,0.240407,60543,3306202,0.406714,8129050
3,2021-03-31,105120,5222337,56693,2660298,43572,2457106,4855,104933,56191,1364615,0.167869,48682,2002960,0.246395,61373,3367575,0.414264,8129050
3,2021-04-01,123736,5346073,62539,2722837,51445,2508551,9752,114685,66749,1384845,0.170358,56571,2059531,0.253354,76801,3444376,0.423712,8129050
3,2021-04-02,118012,5464085,57557,2780394,50104,2558655,10351,125036,62236,1402440,0.172522,55470,2115001,0.260178,73065,3517441,0.4327,8129050
3,2021-04-03,76173,5540258,38969,2819363,27960,2586615,9244,134280,37891,1411751,0.173667,38126,2153127,0.264868,47437,3564878,0.438536,8129050
3,2021-04-04,32433,5572691,17347,2836710,10872,2597487,4214,138494,14152,1411937,0.17369,18202,2171329,0.267107,18388,3583266,0.440798,8129050
3,2021-04-05,89577,5662268,45497,2882207,34847,2632334,9233,147727,43573,1419793,0.174657,45766,2217095,0.272737,53622,3636888,0.447394,8129050
3,2021-04-06,113585,5775853,55259,2937466,43109,2675443,15217,162944,53362,1429128,0.175805,59938,2277033,0.280111,69273,3706161,0.455916,8129050
3,2021-04-07,116393,5892246,60191,2997657,39875,2715318,16327,179271,56238,1442070,0.177397,59881,2336914,0.287477,72823,3778984,0.464874,8129050
3,2021-04-08,121526,6013772,60490,3058147,40852,2756170,20184,199455,56249,1454303,0.178902,64960,2401874,0.295468,77193,3856177,0.47437,8129050
3,2021-04-09,118586,6132358,59112,3117259,40296,2796466,19178,218633,52044,1460136,0.17962,66279,2468153,0.303621,72112,3928289,0.483241,8129050
3,2021-04-10,84483,6216841,37888,3155147,31320,2827786,15275,233908,34304,1460538,0.179669,49989,2518142,0.309771,50391,3978680,0.48944,8129050
3,2021-04-11,45352,6262193,24293,3179440,13043,2840829,8016,241924,17198,1458520,0.179421,28061,2546203,0.313223,26043,4004723,0.492643,8129050
3,2021-04-12,84082,6346275,42470,3221910,32786,2873615,8826,250750,37989,1460573,0.179673,45849,2592052,0.318863,47902,4052625,0.498536,8129050
3,2021-04-13,105599,6451874,57186,3279096,48203,2921818,210,250960,55658,1467634,0.180542,49692,2641744,0.324976,56753,4109378,0.505518,8129050
3,2021-04-14,107724,6559598,58900,3337996,48725,2970543,99,251059,53603,1468952,0.180704,53820,2695564,0.331596,55138,4164516,0.5123,8129050
3,2021-04-15,119722,6679320,67392,3405388,52254,3022797,76,251135,64063,1478567,0.181887,55332,2750896,0.338403,64947,4229463,0.52029,8129050
3,2021-04-16,115753,6795073,64914,3470302,50745,3073542,94,251229,60404,1484698,0.182641,55034,2805930,0.345173,61165,4290628,0.527814,8129050
3,2021-04-17,79634,6874707,43389,3513691,36232,3109774,13,251242,44353,1494981,0.183906,35052,2840982,0.349485,45335,4335963,0.533391,8129050
3,2021-04-18,38793,6913500,23395,3537086,15393,3125167,5,251247,18217,1493619,0.183738,20458,2861440,0.352002,19096,4355059,0.53574,8129050
3,2021-04-19,79416,6992916,44231,3581317,35130,3160297,55,251302,35893,1486756,0.182894,43318,2904758,0.357331,36455,4391514,0.540225,8129050
3,2021-04-20,101163,7094079,53278,3634595,47867,3208164,18,251320,49137,1485171,0.182699,51766,2956524,0.363699,50181,4441695,0.546398,8129050
3,2021-04-21,105897,7199976,59454,3694049,46373,3254537,70,251390,50065,1480930,0.182177,55462,3011986,0.370521,51221,4492916,0.552699,8129050
3,2021-04-22,111914,7311890,62889,3756938,49000,3303537,25,251415,48196,1466742,0.180432,63367,3075353,0.378316,49179,4542095,0.558749,8129050
3,2021-04-23,106259,7418149,60778,3817716,45453,3348990,28,251443,46672,1455221,0.179015,59230,3134583,0.385603,47709,4589804,0.564618,8129050
3,2021-04-24,73670,7491819,45502,3863218,28103,3377093,65,251508,35899,1454678,0.178948,37499,3172082,0.390216,36956,4626760,0.569164,8129050
3,2021-04-25,36770,7528589,23474,3886692,13279,3390372,17,251525,18772,1456020,0.179113,17853,3189935,0.392412,19195,4645955,0.571525,8129050
3,2021-04-26,73863,7602452,41760,3928452,31694,3422066,409,251934,31552,1447287,0.178039,42037,3231972,0.397583,33304,4679259,0.575622,8129050
3,2021-04-27,90961,7693413,47728,3976180,41493,3463559,1740,253674,36133,1431407,0.176085,54519,3286491,0.40429,38639,4717898,0.580375,8129050
3,2021-04-28,86587,7780000,49180,4025360,35272,3498831,2135,255809,35410,1418595,0.174509,50884,3337375,0.410549,38072,4755970,0.585059,8129050
3,2021-04-29,88653,7868653,50668,4076028,35779,3534610,2206,258015,31650,1396268,0.171763,56670,3394045,0.41752,34343,4790313,0.589283,8129050
3,2021-04-30,90382,7959035,50999,4127027,36904,3571514,2479,260494,33708,1376587,0.169342,56335,3450380,0.424451,36654,4826967,0.593792,8129050
3,2021-05-01,55102,8014137,34575,4161602,19068,3590582,1459,261953,19861,1363410,0.167721,34987,3485367,0.428755,21810,4848777,0.596475,8129050
3,2021-05-02,26873,8041010,18341,4179943,7517,3598099,1015,262968,9858,1357468,0.16699,16911,3502278,0.430835,10969,4859746,0.597825,8129050
3,2021-05-03,59314,8100324,34651,4214594,22293,3620392,2370,265338,17408,1335731,0.164316,41692,3543970,0.435964,19955,4879701,0.600279,8129050
3,2021-05-04,77311,8177635,44686,4259280,29946,3650338,2679,268017,22501,1306674,0.160741,54520,3598490,0.44267,25463,4905164,0.603412,8129050
3,2021-05-05,78753,8256388,47320,4306600,28735,3679073,2698,270715,21882,1274989,0.156844,56548,3655038,0.449627,24863,4930027,0.60647,8129050
3,2021-05-06,82837,8339225,52335,4358935,27979,3707052,2523,273238,20614,1236919,0.15216,61755,3716793,0.457224,23685,4953712,0.609384,8129050
3,2021-05-07,82154,8421379,51192,4410127,28345,3735397,2617,275855,21845,1201708,0.147829,59966,3776759,0.4646,24755,4978467,0.612429,8129050
3,2021-05-08,52289,8473668,32390,4442517,18191,3753588,1708,277563,13870,1179387,0.145083,38161,3814920,0.469295,15840,4994307,0.614378,8129050
3,2021-05-09,20893,8494561,15297,4457814,4810,3758398,786,278349,5514,1170465,0.143985,15288,3830208,0.471175,6366,5000673,0.615161,8129050
3,2021-05-10,47872,8542433,25662,4483476,20309,3778707,1901,280250,11120,1147194,0.141123,36555,3866763,0.475672,13284,5013957,0.616795,8129050
3,2021-05-11,63645,8606078,35568,4519044,25859,3804566,2218,282468,16092,1118656,0.137612,47314,3914077,0.481493,18776,5032733,0.619105,8129050
3,2021-05-12,64590,8670668,37120,4556164,25078,3829644,2392,284860,16537,1090080,0.134097,47804,3961881,0.487373,19228,5051961,0.62147,8129050
3,2021-05-13,75059,8745727,47324,4603488,25830,3855474,1905,286765,27472,1072716,0.131961,47350,4009231,0.493198,29986,5081947,0.625159,8129050
3,2021-05-14,80020,8825747,50567,4654055,27327,3882801,2126,288891,31012,1057729,0.130117,48723,4057954,0.499192,33736,5115683,0.629309,8129050
3,2021-05-15,61842,8887589,42685,4696740,17953,3900754,1204,290095,25602,1048708,0.129007,36043,4093997,0.503626,27022,5142705,0.632633,8129050
3,2021-05-16,33062,8920651,24704,4721444,7667,3908421,691,290786,13364,1043268,0.128338,19582,4113579,0.506034,14142,5156847,0.634373,8129050
3,2021-05-17,56761,8977412,36171,4757615,18757,3927178,1833,292619,20945,1030701,0.126792,35550,4149129,0.510408,22983,5179830,0.6372,8129050
3,2021-05-18,64356,9041768,38009,4795624,24494,3951672,1853,294472,24245,1017350,0.12515,39843,4188972,0.515309,26492,5206322,0.640459,8129050
3,2021-05-19,63781,9105549,38781,4834405,23260,3974932,1740,296212,24744,1005320,0.12367,38787,4227759,0.52008,26757,5233079,0.64375,8129050
3,2021-05-20,61341,9166890,35825,4870230,23682,3998614,1834,298046,22005,990445,0.12184,39061,4266820,0.524885,24186,5257265,0.646726,8129050
3,2021-05-21,65726,9232616,39932,4910162,23698,4022312,2096,300142,23510,974439,0.119871,41913,4308733,0.530041,25907,5283172,0.649913,8129050
3,2021-05-22,45555,9278171,30224,4940386,13866,4036178,1465,301607,19092,968991,0.119201,26262,4334995,0.533272,20814,5303986,0.652473,8129050
3,2021-05-23,21705,9299876,15025,4955411,6031,4042209,649,302256,9201,966533,0.118899,12419,4347414,0.5348,9961,5313947,0.653698,8129050
3,2021-05-24,39444,9339320,23061,4978472,14626,4056835,1757,304013,14681,958601,0.117923,24575,4371989,0.537823,16643,5330590,0.655746,8129050
3,2021-05-25,42616,9381936,24004,5002476,16944,4073779,1668,305681,15180,948495,0.11668,27179,4399168,0.541166,17073,5347663,0.657846,8129050
3,2021-05-26,42307,9424243,24226,5026702,16363,4090142,1718,307399,15870,940071,0.115643,26146,4425314,0.544383,17722,5365385,0.660026,8129050
3,2021-05-27,39287,9463530,22045,5048747,15495,4105637,1747,309146,15447,933822,0.114875,23682,4448996,0.547296,17433,5382818,0.662171,8129050
3,2021-05-28,42651,9506181,24096,5072843,16761,4122398,1794,310940,17732,928953,0.114276,24717,4473713,0.550337,19848,5402666,0.664612,8129050
3,2021-05-29,23423,9529604,14313,5087156,8273,4130671,837,311777,11000,928622,0.114235,12293,4486006,0.551849,11962,5414628,0.666084,8129050
3,2021-05-30,10576,9540180,6854,5094010,3085,4133756,637,312414,4458,927713,0.114123,6044,4492050,0.552592,5135,5419763,0.666715,8129050
3,2021-05-31,4616,9544796,2665,5096675,1687,4135443,264,312678,1452,926330,0.113953,3128,4495178,0.552977,1745,5421508,0.66693,8129050
3,2021-06-01,37607,9582403,21663,5118338,14511,4149954,1433,314111,13177,916928,0.112796,24206,4519384,0.555955,14804,5436312,0.668751,8129050
3,2021-06-02,31416,9613819,18060,5136398,11950,4161904,1406,315517,11656,910563,0.112013,19556,4538940,0.55836,13191,5449503,0.670374,8129050
3,2021-06-03,39516,9653335,27045,5163443,11038,4172942,1433,316950,11447,895774,0.110194,27890,4566830,0.561791,13101,5462604,0.671986,8129050
3,2021-06-04,46066,9699401,32587,5196030,11937,4184879,1542,318492,13136,878152,0.108026,32700,4599530,0.565814,15078,5477682,0.67384,8129050
3,2021-06-05,34271,9733672,25851,5221881,7234,4192113,1186,319678,8747,862949,0.106156,25319,4624849,0.568929,10116,5487798,0.675085,8129050
3,2021-06-06,14592,9748264,12176,5234057,1835,4193948,581,320259,3754,856666,0.105383,10779,4635628,0.570255,4496,5492294,0.675638,8129050
3,2021-06-07,30345,9778609,22061,5256118,7003,4200951,1281,321540,8719,845302,0.103985,21484,4657112,0.572897,10120,5502414,0.676883,8129050
3,2021-06-08,34236,9812845,24595,5280713,8354,4209305,1287,322827,9960,832695,0.102434,24065,4681177,0.575858,11458,5513872,0.678292,8129050
3,2021-06-09,32905,9845750,23877,5304590,7730,4217035,1298,324125,8860,819139,0.100767,23870,4705047,0.578794,10314,5524186,0.679561,8129050
3,2021-06-10,32414,9878164,23385,5327975,7506,4224541,1523,325648,9050,806695,0.099236,23215,4728262,0.58165,10771,5534957,0.680886,8129050
3,2021-06-11,35456,9913620,25083,5353058,9013,4233554,1360,327008,10585,794137,0.097691,24678,4752940,0.584686,12120,5547077,0.682377,8129050
3,2021-06-12,25088,9938708,18915,5371973,5283,4238837,890,327898,6692,783589,0.096394,18281,4771221,0.586935,7733,5554810,0.683328,8129050
3,2021-06-13,10118,9948826,7569,5379542,2059,4240896,490,328388,2358,778801,0.095805,7706,4778927,0.587883,2918,5557728,0.683687,8129050
3,2021-06-14,25743,9974569,18436,5397978,5893,4246789,1414,329802,8086,770913,0.094834,17527,4796454,0.590039,9639,5567367,0.684873,8129050
3,2021-06-15,28655,10003224,19399,5417377,7756,4254545,1500,331302,9650,763445,0.093916,18785,4815239,0.59235,11317,5578684,0.686265,8129050
3,2021-06-16,25793,10029017,18306,5435683,6077,4260622,1410,332712,8701,756798,0.093098,16913,4832152,0.59443,10266,5588950,0.687528,8129050
3,2021-06-17,24775,10053792,17750,5453433,5741,4266363,1284,333996,8606,750806,0.092361,16017,4848169,0.5964,10025,5598975,0.688761,8129050
3,2021-06-18,27906,10081698,19707,5473140,6634,4272997,1565,335561,9810,744471,0.091582,17875,4866044,0.598599,11540,5610515,0.690181,8129050
3,2021-06-19,15929,10097627,11704,5484844,3376,4276373,849,336410,5700,741023,0.091157,10104,4876148,0.599842,6656,5617171,0.691,8129050
3,2021-06-20,6841,10104468,5135,5489979,1408,4277781,298,336708,2593,739771,0.091003,4196,4880344,0.600358,2944,5620115,0.691362,8129050
3,2021-06-21,16140,10120608,10201,5500180,4553,4282334,1386,338094,8045,741315,0.091193,8007,4888351,0.601343,9551,5629666,0.692537,8129050
3,2021-06-22,22024,10142632,15450,5515630,5282,4287616,1292,339386,8261,737373,0.090708,13648,4901999,0.603022,9706,5639372,0.693731,8129050
3,2021-06-23,20155,10162787,14151,5529781,4692,4292308,1312,340698,7995,734769,0.090388,12050,4914049,0.604505,9446,5648818,0.694893,8129050
3,2021-06-24,19861,10182648,13835,5543616,4589,4296897,1437,342135,7753,732131,0.090064,11939,4925988,0.605973,9301,5658119,0.696037,8129050
3,2021-06-25,23199,10205847,16459,5560075,5318,4302215,1422,343557,9073,728754,0.089648,13998,4939986,0.607695,10621,5668740,0.697343,8129050
3,2021-06-26,13782,10219629,10226,5570301,2785,4305000,771,344328,5737,727436,0.089486,7979,4947965,0.608677,6661,5675401,0.698163,8129050
3,2021-06-27,6678,10226307,5158,5575459,1211,4306211,309,344637,2856,726844,0.089413,3788,4951753,0.609143,3196,5678597,0.698556,8129050
3,2021-06-28,15811,10242118,12145,5587604,2595,4308806,1071,345708,6673,725658,0.089267,9029,4960782,0.610254,7843,5686440,0.699521,8129050
3,2021-06-29,17881,10259999,12612,5600216,4286,4313092,983,346691,7335,723678,0.089024,10430,4971212,0.611537,8450,5694890,0.70056,8129050
3,2021-06-30,16809,10276808,11907,5612123,3869,4316961,1033,347724,7206,722582,0.088889,9479,4980691,0.612703,8383,5703273,0.701592,8129050
3,2021-07-01,16093,10292901,11480,5623603,3558,4320519,1055,348779,6761,721260,0.088726,9238,4989929,0.613839,7916,5711189,0.702565,8129050
3,2021-07-02,18259,10311160,12989,5636592,4174,4324693,1096,349875,7774,719855,0.088553,10377,5000306,0.615116,8972,5720161,0.703669,8129050
3,2021-07-03,9952,10321112,7204,5643796,2323,4327016,425,350300,4263,719020,0.088451,5626,5005932,0.615808,4791,5724952,0.704258,8129050
3,2021-07-04,701,10321813,406,5644202,208,4327224,87,350387,266,718960,0.088443,429,5006361,0.615861,369,5725321,0.704304,8129050
3,2021-07-05,9465,10331278,6926,5651128,2118,4329342,421,350808,4285,718612,0.0884,5116,5011477,0.61649,4768,5730089,0.70489,8129050
3,2021-07-06,18817,10350095,13654,5664782,4059,4333401,1104,351912,6812,714778,0.087929,11869,5023346,0.61795,8035,5738124,0.705879,8129050
3,2021-07-07,15527,10365622,11016,5675798,3407,4336808,1104,353016,6270,713099,0.087722,9158,5032504,0.619077,7479,5745603,0.706799,8129050
3,2021-07-08,15008,10380630,10904,5686702,3221,4340029,883,353899,6133,711415,0.087515,8784,5041288,0.620157,7100,5752703,0.707672,8129050
3,2021-07-09,17172,10397802,12060,5698762,4050,4344079,1062,354961,7137,709794,0.087316,9928,5051216,0.621378,8307,5761010,0.708694,8129050
3,2021-07-10,10543,10408345,7829,5706591,2157,4346236,557,355518,4532,709025,0.087221,5946,5057162,0.62211,5177,5766187,0.709331,8129050
3,2021-07-11,5051,10413396,3733,5710324,1045,4347281,273,355791,2293,708886,0.087204,2725,5059887,0.622445,2586,5768773,0.709649,8129050
3,2021-07-12,14057,10427453,10349,5720673,2854,4350135,854,356645,5679,707195,0.086996,8304,5068191,0.623467,6613,5775386,0.710463,8129050
3,2021-07-13,14830,10442283,10556,5731229,3499,4353634,775,357420,6557,706431,0.086902,8177,5076368,0.624472,7413,5782799,0.711375,8129050
3,2021-07-14,13997,10456280,10049,5741278,3205,4356839,743,358163,6308,705949,0.086843,7597,5083965,0.625407,7115,5789914,0.71225,8129050
3,2021-07-15,14058,10470338,10313,5751591,3116,4359955,629,358792,6533,705742,0.086817,7438,5091403,0.626322,7231,5797145,0.713139,8129050
3,2021-07-16,16705,10487043,12159,5763750,3829,4363784,717,359509,8037,705994,0.086848,8576,5099979,0.627377,8828,5805973,0.714225,8129050
3,2021-07-17,10442,10497485,7714,5771464,2366,4366150,362,359871,5019,706087,0.08686,5357,5105336,0.628036,5450,5811423,0.714896,8129050
3,2021-07-18,3562,10501047,2482,5773946,878,4367028,202,360073,1646,706062,0.086857,1893,5107229,0.628269,1868,5813291,0.715126,8129050
4,2020-12-15,457,457,457,457,0,0,0,0,457,457,5.7e-05,0,0,0.0,457,457,5.7e-05,8037679
4,2020-12-16,3043,3500,3043,3500,0,0,0,0,3043,3500,0.000435,0,0,0.0,3043,3500,0.000435,8037679
4,2020-12-17,8956,12456,8956,12456,0,0,0,0,8956,12456,0.00155,0,0,0.0,8956,12456,0.00155,8037679
4,2020-12-18,16219,28675,16207,28663,12,12,0,0,16219,28675,0.003568,0,0,0.0,16219,28675,0.003568,8037679
4,2020-12-19,10395,39070,10386,39049,9,21,0,0,10330,39005,0.004853,0,0,0.0,10330,39005,0.004853,8037679
4,2020-12-20,7422,46492,7415,46464,7,28,0,0,7377,46382,0.005771,0,0,0.0,7377,46382,0.005771,8037679
4,2020-12-21,16409,62901,16383,62847,26,54,0,0,16342,62723,0.007804,1,1,0.0,16342,62724,0.007804,8037679
4,2020-12-22,17237,80138,16486,79333,751,805,0,0,17191,79911,0.009942,3,4,0.0,17191,79915,0.009943,8037679
4,2020-12-23,17147,97285,14420,93753,2727,3532,0,0,17125,97034,0.012072,2,6,1e-06,17125,97040,0.012073,8037679
4,2020-12-24,8564,105849,5977,99730,2587,6119,0,0,8564,105598,0.013138,0,6,1e-06,8564,105604,0.013139,8037679
4,2020-12-25,905,106754,800,100530,105,6224,0,0,905,106503,0.01325,0,6,1e-06,905,106509,0.013251,8037679
4,2020-12-26,6187,112941,3907,104437,2280,8504,0,0,6187,112690,0.01402,0,6,1e-06,6187,112696,0.014021,8037679
4,2020-12-27,3430,116371,1995,106432,1435,9939,0,0,3430,116120,0.014447,0,6,1e-06,3430,116126,0.014448,8037679
4,2020-12-28,15154,131525,9373,115805,5781,15720,0,0,15125,131242,0.016328,3,9,1e-06,15125,131251,0.016329,8037679
4,2020-12-29,15429,146954,8537,124342,6892,22612,0,0,15395,146637,0.018244,0,9,1e-06,15395,146646,0.018245,8037679
4,2020-12-30,18986,165940,11080,135422,7906,30518,0,0,18975,165610,0.020604,2,11,1e-06,18975,165621,0.020606,8037679
4,2020-12-31,8310,174250,3366,138788,4944,35462,0,0,8298,173899,0.021635,9,20,2e-06,8298,173919,0.021638,8037679
4,2021-01-01,1608,175858,726,139514,882,36344,0,0,1604,175500,0.021835,3,23,3e-06,1604,175523,0.021838,8037679
4,2021-01-02,5739,181597,3244,142758,2495,38839,0,0,5737,181236,0.022548,1,24,3e-06,5737,181260,0.022551,8037679
4,2021-01-03,2152,183749,1275,144033,877,39716,0,0,2136,183368,0.022814,4,28,3e-06,2136,183396,0.022817,8037679
4,2021-01-04,12982,196731,7026,151059,5956,45672,0,0,12933,196272,0.024419,29,57,7e-06,12933,196329,0.024426,8037679
4,2021-01-05,16961,213692,10045,161104,6916,52588,0,0,14748,208849,0.025984,2184,2241,0.000279,14761,211090,0.026263,8037679
4,2021-01-06,21665,235357,13278,174382,8387,60975,0,0,15549,218346,0.027165,6066,8307,0.001034,15563,226653,0.028199,8037679
4,2021-01-07,28046,263403,17096,191478,10950,71925,0,0,16747,223875,0.027853,11239,19546,0.002432,16768,243421,0.030285,8037679
4,2021-01-08,32968,296371,21171,212649,11797,83722,0,0,18363,227720,0.028332,14538,34084,0.004241,18383,261804,0.032572,8037679
4,2021-01-09,16337,312708,9677,222326,6660,90382,0,0,9479,230365,0.028661,6846,40930,0.005092,9491,271295,0.033753,8037679
4,2021-01-10,8790,321498,5677,228003,3113,93495,0,0,4169,229932,0.028607,4610,45540,0.005666,4177,275472,0.034273,8037679
4,2021-01-11,33519,355017,21990,249993,11529,105024,0,0,18889,234266,0.029146,14601,60141,0.007482,18935,294407,0.036628,8037679
4,2021-01-12,38685,393702,22323,272316,16362,121386,0,0,24338,244362,0.030402,14283,74424,0.009259,24379,318786,0.039661,8037679
4,2021-01-13,38969,432671,19295,291611,19674,141060,0,0,27571,260601,0.032422,11359,85783,0.010673,27598,346384,0.043095,8037679
4,2021-01-14,39452,472123,15173,306784,24279,165339,0,0,32258,285730,0.035549,7158,92941,0.011563,32287,378671,0.047112,8037679
4,2021-01-15,45654,517777,15996,322780,29658,194997,0,0,39990,320134,0.039829,5612,98553,0.012261,40016,418687,0.052091,8037679
4,2021-01-16,28859,546636,9434,332214,19425,214422,0,0,25706,342735,0.042641,3123,101676,0.01265,25724,444411,0.055291,8037679
4,2021-01-17,19170,565806,6753,338967,12417,226839,0,0,17636,358873,0.044649,1512,103188,0.012838,17650,462061,0.057487,8037679
4,2021-01-18,29538,595344,13675,352642,15863,242702,0,0,23542,376512,0.046843,5929,109117,0.013576,23568,485629,0.060419,8037679
4,2021-01-19,46239,641583,23111,375753,23128,265830,0,0,36832,404061,0.050271,9359,118476,0.01474,36908,522537,0.065011,8037679
4,2021-01-20,52762,694345,28247,404000,24515,290345,0,0,42176,435809,0.054221,10488,128964,0.016045,42236,564773,0.070266,8037679
4,2021-01-21,57977,752322,26147,430147,31830,322175,0,0,51175,480309,0.059757,6720,135684,0.016881,51220,615993,0.076638,8037679
4,2021-01-22,55549,807871,22323,452470,33226,355401,0,0,50365,525589,0.065391,5112,140796,0.017517,50392,666385,0.082908,8037679
4,2021-01-23,39742,847613,17448,469918,22294,377695,0,0,35381,556649,0.069255,4351,145147,0.018058,35411,701796,0.087313,8037679
4,2021-01-24,24067,871680,10521,480439,13546,391241,0,0,22156,576922,0.071777,1901,147048,0.018295,22174,723970,0.090072,8037679
4,2021-01-25,48121,919801,22269,502708,25852,417093,0,0,36958,602806,0.074998,11132,158180,0.01968,37016,760986,0.094677,8037679
4,2021-01-26,57124,976925,29143,531851,27981,445074,0,0,44789,635358,0.079047,12299,170479,0.02121,44851,805837,0.100257,8037679
4,2021-01-27,56441,1033366,26869,558720,29572,474646,0,0,45330,669708,0.083321,11032,181511,0.022583,45382,851219,0.105904,8037679
4,2021-01-28,56894,1090260,25736,584456,31158,505804,0,0,46822,706602,0.087911,9974,191485,0.023823,46868,898087,0.111735,8037679
4,2021-01-29,56794,1147054,27257,611713,29537,535341,0,0,46299,742641,0.092395,10296,201781,0.025104,46335,944422,0.117499,8037679
4,2021-01-30,38221,1185275,17278,628991,20943,556284,0,0,32833,770171,0.09582,5331,207112,0.025768,32861,977283,0.121588,8037679
4,2021-01-31,24062,1209337,12692,641683,11370,567654,0,0,22345,790837,0.098391,1697,208809,0.025979,22363,999646,0.12437,8037679
4,2021-02-01,49885,1259222,24040,665723,25845,593499,0,0,38161,817373,0.101693,11668,220477,0.02743,38204,1037850,0.129123,8037679
4,2021-02-02,55760,1314982,25636,691359,30124,623623,0,0,42794,847323,0.105419,12888,233365,0.029034,42838,1080688,0.134453,8037679
4,2021-02-03,62420,1377402,30669,722028,31751,655374,0,0,47845,880797,0.109584,14424,247789,0.030828,47898,1128586,0.140412,8037679
4,2021-02-04,67831,1445233,31460,753488,36371,691745,0,0,50931,915113,0.113853,16724,264513,0.032909,51040,1179626,0.146762,8037679
4,2021-02-05,73643,1518876,34155,787643,39488,731233,0,0,51109,944106,0.11746,22250,286763,0.035677,51243,1230869,0.153137,8037679
4,2021-02-06,48930,1567806,26331,813974,22599,753832,0,0,37285,970018,0.120684,11575,298338,0.037117,37487,1268356,0.157801,8037679
4,2021-02-07,26651,1594457,17633,831607,9018,762850,0,0,20124,983886,0.122409,6493,304831,0.037925,20361,1288717,0.160334,8037679
4,2021-02-08,58993,1653450,30459,862066,28534,791384,0,0,38366,1002028,0.124666,20486,325317,0.040474,38628,1327345,0.16514,8037679
4,2021-02-09,67680,1721130,34326,896392,33354,824738,0,0,39692,1014334,0.126197,27796,353113,0.043932,40102,1367447,0.17013,8037679
4,2021-02-10,77795,1798925,38943,935335,38852,863590,0,0,40849,1019034,0.126782,36694,389807,0.048497,41394,1408841,0.17528,8037679
4,2021-02-11,81911,1880836,42843,978178,39068,902658,0,0,41625,1021323,0.127067,40008,429815,0.053475,42297,1451138,0.180542,8037679
4,2021-02-12,84992,1965828,38134,1016312,46858,949516,0,0,43635,1024675,0.127484,41072,470887,0.058585,44424,1495562,0.186069,8037679
4,2021-02-13,59229,2025057,30022,1046334,29207,978723,0,0,30150,1026789,0.127747,28937,499824,0.062185,31051,1526613,0.189932,8037679
4,2021-02-14,37095,2062152,19293,1065627,17802,996525,0,0,18976,1028362,0.127943,18060,517884,0.064432,19633,1546246,0.192375,8037679
4,2021-02-15,46498,2108650,21810,1087437,24688,1021213,0,0,23809,1030753,0.12824,22601,540485,0.067244,24992,1571238,0.195484,8037679
4,2021-02-16,80739,2189389,37077,1124514,43662,1064875,0,0,41003,1033382,0.128567,39592,580077,0.07217,42221,1613459,0.200737,8037679
4,2021-02-17,82037,2271426,38805,1163319,43232,1108107,0,0,38989,1030659,0.128228,42837,622914,0.077499,40114,1653573,0.205728,8037679
4,2021-02-18,83956,2355382,46237,1209556,37719,1145826,0,0,38750,1025881,0.127634,45009,667923,0.083099,40231,1693804,0.210733,8037679
4,2021-02-19,83368,2438750,52376,1261932,30992,1176818,0,0,41589,1026561,0.127719,41600,709523,0.088275,42280,1736084,0.215993,8037679
4,2021-02-20,49883,2488633,33224,1295156,16659,1193477,0,0,26993,1031445,0.128326,22803,732326,0.091112,27687,1763771,0.219438,8037679
4,2021-02-21,30271,2518904,24051,1319207,6220,1199697,0,0,14613,1030773,0.128243,15570,747896,0.093049,14898,1778669,0.221291,8037679
4,2021-02-22,55438,2574342,38100,1357307,17338,1217035,0,0,26650,1029243,0.128052,28630,776526,0.096611,27100,1805769,0.224663,8037679
4,2021-02-23,76637,2650979,42433,1399740,34204,1251239,0,0,33499,1021486,0.127087,42928,819454,0.101952,35171,1840940,0.229039,8037679
4,2021-02-24,91819,2742798,48500,1448240,43319,1294558,0,0,41214,1014521,0.126221,50334,869788,0.108214,43369,1884309,0.234434,8037679
4,2021-02-25,103383,2846181,54073,1502313,49310,1343868,0,0,49229,1012381,0.125954,53924,923712,0.114923,51784,1936093,0.240877,8037679
4,2021-02-26,109580,2955761,55406,1557719,54174,1398042,0,0,55924,1017313,0.126568,53350,977062,0.12156,58282,1994375,0.248128,8037679
4,2021-02-27,79677,3035438,43417,1601136,36250,1434292,10,10,42447,1024245,0.12743,37012,1014074,0.126165,43944,2038319,0.253595,8037679
4,2021-02-28,49143,3084581,30331,1631467,18805,1453097,7,17,27096,1030378,0.128193,21856,1035930,0.128884,27989,2066308,0.257078,8037679
4,2021-03-01,78925,3163506,46280,1677747,32600,1485697,45,62,43428,1039868,0.129374,35176,1071106,0.133261,44666,2110974,0.262635,8037679
4,2021-03-02,86466,3249972,49697,1727444,36760,1522457,9,71,50629,1056652,0.131462,35642,1106748,0.137695,52426,2163400,0.269157,8037679
4,2021-03-03,100804,3350776,53641,1781085,47147,1569604,16,87,56305,1070465,0.133181,44277,1151025,0.143204,58090,2221490,0.276385,8037679
4,2021-03-04,98318,3449094,54537,1835622,43763,1613367,18,105,53780,1081744,0.134584,44294,1195319,0.148714,55573,2277063,0.283299,8037679
4,2021-03-05,95805,3544899,51795,1887417,43691,1657058,319,424,56546,1101514,0.137044,39032,1234351,0.153571,58802,2335865,0.290614,8037679
4,2021-03-06,76734,3621633,43240,1930657,30853,1687911,2641,3065,47112,1123117,0.139732,29485,1263836,0.157239,51088,2386953,0.29697,8037679
4,2021-03-07,44856,3666489,27552,1958209,15111,1703022,2193,5258,26067,1133768,0.141057,18702,1282538,0.159566,29353,2416306,0.300622,8037679
4,2021-03-08,67970,3734459,35591,1993800,29007,1732029,3372,8630,44663,1159962,0.144316,23168,1305706,0.162448,49362,2465668,0.306764,8037679
4,2021-03-09,81980,3816439,41395,2035195,35330,1767359,5255,13885,44239,1172993,0.145937,37549,1343255,0.16712,50580,2516248,0.313057,8037679
4,2021-03-10,91550,3907989,47212,2082407,36852,1804211,7486,21371,46199,1182461,0.147115,45143,1388398,0.172736,54611,2570859,0.319851,8037679
4,2021-03-11,101099,4009088,53043,2135450,39593,1843804,8463,29834,46656,1184478,0.147366,54179,1442577,0.179477,56196,2627055,0.326842,8037679
4,2021-03-12,104832,4113920,51657,2187107,42863,1886667,10312,40146,44757,1180683,0.146894,59778,1502355,0.186914,55983,2683038,0.333808,8037679
4,2021-03-13,81809,4195729,37912,2225019,35443,1922110,8454,48600,38646,1185855,0.147537,43018,1545373,0.192266,48190,2731228,0.339803,8037679
4,2021-03-14,50016,4245745,28470,2253489,17897,1940007,3649,52249,23322,1186844,0.14766,26592,1571965,0.195574,27581,2758809,0.343235,8037679
4,2021-03-15,83951,4329696,45162,2298651,34534,1974541,4255,56504,42579,1193405,0.148476,41110,1613075,0.200689,47671,2806480,0.349165,8037679
4,2021-03-16,108099,4437795,56176,2354827,48504,2023045,3419,59923,56970,1203617,0.149747,50866,1663941,0.207018,61078,2867558,0.356764,8037679
4,2021-03-17,107316,4545111,57799,2412626,46021,2069066,3496,63419,62701,1226027,0.152535,44337,1708278,0.212534,66747,2934305,0.365069,8037679
4,2021-03-18,107447,4652558,59597,2472223,44158,2113224,3692,67111,60767,1244516,0.154835,46393,1754671,0.218306,64882,2999187,0.373141,8037679
4,2021-03-19,111923,4764481,64417,2536640,42294,2155518,5212,72323,63467,1265407,0.157434,48172,1802843,0.224299,69063,3068250,0.381733,8037679
4,2021-03-20,84396,4848877,49360,2586000,32021,2187539,3015,75338,51618,1287735,0.160212,32610,1835453,0.228356,54938,3123188,0.388568,8037679
4,2021-03-21,48385,4897262,35066,2621066,11062,2198601,2257,77595,28239,1298564,0.16156,20016,1855469,0.230846,30845,3154033,0.392406,8037679
4,2021-03-22,82794,4980056,54086,2675152,25967,2224568,2741,80336,51390,1322264,0.164508,31141,1886610,0.234721,54841,3208874,0.399229,8037679
4,2021-03-23,105131,5085187,62959,2738111,40024,2264592,2148,82484,62456,1345028,0.16734,42389,1928999,0.239995,65153,3274027,0.407335,8037679
4,2021-03-24,113769,5198956,73428,2811539,37920,2302512,2421,84905,63977,1362530,0.169518,49343,1978342,0.246133,66845,3340872,0.415651,8037679
4,2021-03-25,117329,5316285,72215,2883754,42716,2345228,2398,87303,66884,1382338,0.171982,49950,2028292,0.252348,69758,3410630,0.42433,8037679
4,2021-03-26,120035,5436320,72836,2956590,44158,2389386,3041,90344,65419,1397160,0.173826,54233,2082525,0.259095,69055,3479685,0.432922,8037679
4,2021-03-27,92226,5528546,54362,3010952,36075,2425461,1789,92133,46719,1400901,0.174292,45249,2127774,0.264725,48990,3528675,0.439017,8037679
4,2021-03-28,55869,5584415,36881,3047833,18113,2443574,875,93008,29541,1405544,0.174869,26143,2153917,0.267977,30786,3559461,0.442847,8037679
4,2021-03-29,93798,5678213,56225,3104058,35494,2479068,2079,95087,50638,1415920,0.17616,42888,2196805,0.273313,53264,3612725,0.449474,8037679
4,2021-03-30,117331,5795544,64030,3168088,49140,2528208,4161,99248,69668,1442754,0.179499,47413,2244218,0.279212,74247,3686972,0.458711,8037679
4,2021-03-31,121344,5916888,71590,3239678,43446,2571654,6308,105556,67989,1464261,0.182175,52988,2297206,0.285805,74495,3761467,0.467979,8037679
4,2021-04-01,142827,6059715,81448,3321126,48095,2619749,13284,118840,84003,1503328,0.187035,58334,2355540,0.293062,97401,3858868,0.480097,8037679
4,2021-04-02,136909,6196624,73129,3394255,50166,2669915,13614,132454,78918,1538461,0.191406,57677,2413217,0.300238,92810,3951678,0.491644,8037679
4,2021-04-03,101392,6298016,54179,3448434,33769,2703684,13444,145898,52692,1556313,0.193627,48486,2461703,0.30627,66338,4018016,0.499898,8037679
4,2021-04-04,46940,6344956,24764,3473198,14637,2718321,7539,153437,20343,1557713,0.193801,26485,2488188,0.309565,27885,4045901,0.503367,8037679
4,2021-04-05,109693,6454649,61603,3534801,35232,2753553,12858,166295,56805,1575265,0.195985,52657,2540845,0.316117,70209,4116110,0.512102,8037679
4,2021-04-06,139083,6593732,78260,3613061,41015,2794568,19808,186103,72135,1601085,0.199197,66698,2607543,0.324415,92518,4208628,0.523612,8037679
4,2021-04-07,137889,6731621,78140,3691201,38994,2833562,20755,206858,71377,1627238,0.202451,66245,2673788,0.332657,92398,4301026,0.535108,8037679
4,2021-04-08,140286,6871907,78152,3769353,36632,2870194,25502,232360,69670,1652677,0.205616,70309,2744097,0.341404,95748,4396774,0.54702,8037679
4,2021-04-09,137972,7009879,75667,3845020,39209,2909403,23096,255456,65746,1670534,0.207838,71973,2816070,0.350359,89830,4486604,0.558196,8037679
4,2021-04-10,104007,7113886,51306,3896326,33800,2943203,18901,274357,46906,1680470,0.209074,56885,2872955,0.357436,66821,4553425,0.56651,8037679
4,2021-04-11,62788,7176674,38122,3934448,13480,2956683,11186,285543,27371,1684777,0.20961,35304,2908259,0.361828,39611,4593036,0.571438,8037679
4,2021-04-12,103005,7279679,62602,3997050,30195,2986878,10208,295751,51887,1697276,0.211165,50807,2959066,0.368149,63306,4656342,0.579314,8037679
4,2021-04-13,130605,7410284,81952,4079002,48488,3035366,165,295916,78163,1724333,0.214531,52131,3011197,0.374635,79188,4735530,0.589166,8037679
4,2021-04-14,135786,7546070,86514,4165516,49196,3084562,76,295992,75126,1740452,0.216537,60315,3071512,0.382139,76434,4811964,0.598676,8037679
4,2021-04-15,156572,7702642,104165,4269681,52339,3136901,68,296060,96116,1777335,0.221125,60063,3131575,0.389612,96946,4908910,0.610737,8037679
4,2021-04-16,143812,7846454,91203,4360884,52531,3189432,78,296138,83589,1801833,0.224173,59887,3191462,0.397063,84385,4993295,0.621236,8037679
4,2021-04-17,101690,7948144,63894,4424778,37772,3227204,24,296162,59643,1820894,0.226545,41755,3233217,0.402258,60816,5054111,0.628802,8037679
4,2021-04-18,56900,8005044,38452,4463230,18445,3245649,3,296165,32080,1829260,0.227586,24680,3257897,0.405328,33046,5087157,0.632914,8037679
4,2021-04-19,101718,8106762,67071,4530301,34630,3280279,17,296182,51933,1832276,0.227961,49535,3307432,0.411491,52551,5139708,0.639452,8037679
4,2021-04-20,132030,8238792,78784,4609085,53230,3333509,16,296198,68958,1839574,0.228869,62749,3370181,0.419298,70047,5209755,0.648167,8037679
4,2021-04-21,134410,8373202,87739,4696824,46618,3380127,53,296251,67871,1842461,0.229228,66148,3436329,0.427528,69035,5278790,0.656756,8037679
4,2021-04-22,141450,8514652,93926,4790750,47501,3427628,23,296274,63348,1829243,0.227583,77713,3514042,0.437196,64495,5343285,0.66478,8037679
4,2021-04-23,134866,8649518,87835,4878585,47007,3474635,24,296298,58738,1813430,0.225616,75766,3589808,0.446622,59953,5403238,0.672239,8037679
4,2021-04-24,98429,8747947,66411,4944996,31969,3506604,49,296347,45331,1807090,0.224827,52792,3642600,0.453191,46452,5449690,0.678018,8037679
4,2021-04-25,50155,8798102,35356,4980352,14772,3521376,27,296374,26229,1810017,0.225192,23779,3666379,0.456149,26706,5476396,0.68134,8037679
4,2021-04-26,91782,8889884,60188,5040540,31198,3552574,396,296770,36158,1792588,0.223023,55320,3721699,0.463032,37891,5514287,0.686055,8037679
4,2021-04-27,113627,9003511,69444,5109984,41868,3594442,2315,299085,41005,1764409,0.219517,72296,3793995,0.472026,44117,5558404,0.691543,8037679
4,2021-04-28,104031,9107542,68010,5177994,33504,3627946,2517,301602,38181,1740253,0.216512,65519,3859514,0.480178,41363,5599767,0.69669,8037679
4,2021-04-29,105165,9212707,67190,5245184,35458,3663404,2517,304119,34052,1706661,0.212333,70764,3930278,0.488982,37172,5636939,0.701314,8037679
4,2021-04-30,104954,9317661,66547,5311731,35713,3699117,2694,306813,36149,1677754,0.208736,68416,3998694,0.497494,39509,5676448,0.70623,8037679
4,2021-05-01,69092,9386753,45857,5357588,21464,3720581,1771,308584,20092,1651509,0.205471,48750,4047444,0.503559,22505,5698953,0.70903,8037679
4,2021-05-02,37508,9424261,26614,5384202,9612,3730193,1282,309866,10534,1636616,0.203618,26855,4074299,0.5069,11962,5710915,0.710518,8037679
4,2021-05-03,78446,9502707,54573,5438775,21394,3751587,2479,312345,19184,1599635,0.199017,59013,4133312,0.514242,22032,5732947,0.713259,8037679
4,2021-05-04,100922,9603629,69100,5507875,29064,3780651,2758,315103,22663,1547468,0.192527,77980,4211292,0.523944,25813,5758760,0.716471,8037679
4,2021-05-05,101716,9705345,71763,5579638,27226,3807877,2727,317830,22084,1493279,0.185785,79306,4290598,0.533811,25117,5783877,0.719595,8037679
4,2021-05-06,111238,9816583,83352,5662990,24951,3832828,2935,320765,19674,1425913,0.177404,91095,4381693,0.545144,23729,5807606,0.722548,8037679
4,2021-05-07,104455,9921038,75127,5738117,26647,3859475,2681,323446,20652,1366222,0.169977,83441,4465134,0.555525,23750,5831356,0.725502,8037679
4,2021-05-08,69376,9990414,47809,5785926,19638,3879113,1929,325375,13762,1326896,0.165084,55374,4520508,0.562415,16048,5847404,0.727499,8037679
4,2021-05-09,34189,10024603,27961,5813887,5282,3884395,946,326321,7500,1308854,0.16284,26583,4547091,0.565722,8541,5855945,0.728562,8037679
4,2021-05-10,64764,10089367,43290,5857177,19158,3903553,2316,328637,11008,1268947,0.157875,53546,4600637,0.572384,13639,5869584,0.730259,8037679
4,2021-05-11,82345,10171712,51379,5908556,28783,3932336,2183,330820,15791,1221106,0.151923,66311,4666948,0.580634,18470,5888054,0.732557,8037679
4,2021-05-12,79390,10251102,52832,5961388,24098,3956434,2460,333280,16674,1178186,0.146583,62429,4729377,0.588401,19509,5907563,0.734984,8037679
4,2021-05-13,104193,10355295,76749,6038137,25912,3982346,1532,334812,40434,1157729,0.144038,63433,4792810,0.596293,42976,5950539,0.740331,8037679
4,2021-05-14,104535,10459830,73842,6111979,28573,4010919,2120,336932,40292,1136738,0.141426,63936,4856746,0.604247,42945,5993484,0.745673,8037679
4,2021-05-15,85218,10545048,65938,6177917,17955,4028874,1325,338257,37661,1128695,0.140425,47318,4904064,0.610134,39275,6032759,0.75056,8037679
4,2021-05-16,51439,10596487,41460,6219377,9267,4038141,712,338969,21085,1120424,0.139396,30206,4934270,0.613892,21935,6054694,0.753289,8037679
4,2021-05-17,70946,10667433,51833,6271210,17278,4055419,1835,340804,28086,1107913,0.13784,42659,4976929,0.6192,30148,6084842,0.75704,8037679
4,2021-05-18,81505,10748938,53042,6324252,26707,4082126,1756,342560,29221,1087324,0.135278,51929,5028858,0.62566,31340,6116182,0.760939,8037679
4,2021-05-19,76630,10825568,51827,6376079,22860,4104986,1943,344503,30866,1074941,0.133738,45483,5074341,0.631319,33100,6149282,0.765057,8037679
4,2021-05-20,68594,10894162,44033,6420112,22565,4127551,1996,346499,25392,1059756,0.131849,42919,5117260,0.636659,27734,6177016,0.768507,8037679
4,2021-05-21,73372,10967534,48403,6468515,23110,4150661,1859,348358,25889,1040577,0.129462,47197,5164457,0.642531,28018,6205034,0.771993,8037679
4,2021-05-22,49642,11017176,34845,6503360,13523,4164184,1274,349632,21677,1035943,0.128886,27807,5192264,0.64599,23173,6228207,0.774876,8037679
4,2021-05-23,23964,11041140,17091,6520451,6150,4170334,723,350355,9778,1032488,0.128456,14066,5206330,0.64774,10611,6238818,0.776196,8037679
4,2021-05-24,43030,11084170,27371,6547822,12660,4182994,2999,353354,15117,1023104,0.127288,27698,5234028,0.651186,18314,6257132,0.778475,8037679
4,2021-05-25,44758,11128928,27833,6575655,14107,4197101,2818,356172,15883,1013392,0.12608,28644,5262672,0.65475,18932,6276064,0.78083,8037679
4,2021-05-26,44512,11173440,26693,6602348,15219,4212320,2600,358772,15857,1003581,0.12486,28443,5291115,0.658289,18632,6294696,0.783148,8037679
4,2021-05-27,38799,11212239,23311,6625659,12356,4224676,3132,361904,14649,997576,0.124112,23955,5315070,0.661269,17950,6312646,0.785382,8037679
4,2021-05-28,43141,11255380,27508,6653167,14032,4238708,1601,363505,18811,994132,0.123684,24079,5339149,0.664265,20635,6333281,0.787949,8037679
4,2021-05-29,23586,11278966,15354,6668521,7300,4246008,932,364437,10856,993458,0.1236,12594,5351743,0.665832,11920,6345201,0.789432,8037679
4,2021-05-30,12043,11291009,8459,6676980,3058,4249066,526,364963,5022,992119,0.123434,6956,5358699,0.666697,5617,6350818,0.790131,8037679
4,2021-05-31,3561,11294570,2264,6679244,1137,4250203,160,365123,1138,991060,0.123302,2378,5361077,0.666993,1319,6352137,0.790295,8037679
4,2021-06-01,39328,11333898,24470,6703714,12418,4262621,2440,367563,13009,980622,0.122003,26104,5387181,0.670241,15666,6367803,0.792244,8037679
4,2021-06-02,32533,11366431,20346,6724060,9391,4272012,2796,370359,10880,972976,0.121052,21474,5408655,0.672913,13828,6381631,0.793964,8037679
4,2021-06-03,47958,11414389,36820,6760880,8691,4280703,2447,372806,10369,948672,0.118028,37428,5446083,0.677569,13124,6394755,0.795597,8037679
4,2021-06-04,54660,11469049,44008,6804888,9324,4290027,1328,374134,12739,921849,0.114691,41693,5487776,0.682756,14870,6409625,0.797447,8037679
4,2021-06-05,44676,11513725,38285,6843173,5396,4295423,995,375129,8775,896148,0.111493,35751,5523527,0.687204,10050,6419675,0.798698,8037679
4,2021-06-06,21198,11534923,18914,6862087,1720,4297143,564,375693,3982,883972,0.109979,17117,5540644,0.689334,4941,6424616,0.799312,8037679
4,2021-06-07,38648,11573571,31284,6893371,5449,4302592,1915,377608,8451,864560,0.107563,30066,5570710,0.693074,10654,6435270,0.800638,8037679
4,2021-06-08,40463,11614034,31765,6925136,6158,4308750,2540,380148,9451,846062,0.105262,30823,5601533,0.696909,12325,6447595,0.802171,8037679
4,2021-06-09,38839,11652873,30802,6955938,5680,4314430,2357,382505,7941,825987,0.102764,30728,5632261,0.700732,10653,6458248,0.803497,8037679
4,2021-06-10,37049,11689922,29207,6985145,5222,4319652,2620,385125,8552,809083,0.100661,28340,5660601,0.704258,11436,6469684,0.804919,8037679
4,2021-06-11,38172,11728094,29987,7015132,6172,4325824,2013,387138,9876,793185,0.098683,28138,5688739,0.707759,12240,6481924,0.806442,8037679
4,2021-06-12,26466,11754560,22044,7037176,3713,4329537,709,387847,6059,779870,0.097027,20301,5709040,0.710285,6986,6488910,0.807311,8037679
4,2021-06-13,10822,11765382,8550,7045726,1796,4331333,476,388323,2285,774267,0.09633,8471,5717511,0.711339,2868,6491778,0.807668,8037679
4,2021-06-14,28551,11793933,21357,7067083,4390,4335723,2804,391127,7808,764490,0.095113,20607,5738118,0.713902,10830,6502608,0.809016,8037679
4,2021-06-15,29860,11823793,21116,7088199,5343,4341066,3401,394528,8299,755040,0.093938,21407,5759525,0.716566,11957,6514565,0.810503,8037679
4,2021-06-16,26499,11850292,19967,7108166,3916,4344982,2616,397144,7996,747523,0.093002,18334,5777859,0.718847,10817,6525382,0.811849,8037679
4,2021-06-17,25070,11875362,18523,7126689,3656,4348638,2891,400035,7593,740901,0.092178,17295,5795154,0.720998,10673,6536055,0.813177,8037679
4,2021-06-18,26667,11902029,21047,7147736,4392,4353030,1228,401263,8249,732415,0.091123,18216,5813370,0.723265,9730,6545785,0.814387,8037679
4,2021-06-19,15700,11917729,12703,7160439,2295,4355325,702,401965,5046,727821,0.090551,10509,5823879,0.724572,5915,6551700,0.815123,8037679
4,2021-06-20,7368,11925097,6071,7166510,989,4356314,308,402273,2625,726153,0.090344,4683,5828562,0.725155,3015,6554715,0.815498,8037679
4,2021-06-21,14513,11939610,10495,7177005,2881,4359195,1137,403410,7324,727663,0.090531,7112,5835674,0.72604,8622,6563337,0.816571,8037679
4,2021-06-22,20399,11960009,15916,7192921,3416,4362611,1067,404477,7103,722808,0.089927,13178,5848852,0.727679,8323,6571660,0.817607,8037679
4,2021-06-23,18355,11978364,14409,7207330,2962,4365573,984,405461,6711,719113,0.089468,11513,5860365,0.729112,7818,6579478,0.818579,8037679
4,2021-06-24,17507,11995871,13561,7220891,2962,4368535,984,406445,6533,715952,0.089074,10819,5871184,0.730458,7658,6587136,0.819532,8037679
4,2021-06-25,21478,12017349,16891,7237782,3544,4372079,1043,407488,7775,711368,0.088504,13568,5884752,0.732146,8984,6596120,0.82065,8037679
4,2021-06-26,12971,12030320,10561,7248343,1795,4373874,615,408103,4778,708775,0.088182,8092,5892844,0.733152,5499,6601619,0.821334,8037679
4,2021-06-27,6827,12037147,5531,7253874,954,4374828,342,408445,2877,708137,0.088102,3912,5896756,0.733639,3274,6604893,0.821741,8037679
4,2021-06-28,14988,12052135,12594,7266468,1546,4376374,848,409293,6016,706233,0.087865,8891,5905647,0.734745,6987,6611880,0.822611,8037679
4,2021-06-29,16384,12068519,12715,7279183,2868,4379242,801,410094,6345,703568,0.087534,9933,5915580,0.735981,7268,6619148,0.823515,8037679
4,2021-06-30,14426,12082945,11258,7290441,2439,4381681,729,410823,5989,702062,0.087346,8337,5923917,0.737018,6831,6625979,0.824365,8037679
4,2021-07-01,14370,12097315,11348,7301789,2282,4383963,740,411563,5881,700445,0.087145,8379,5932296,0.738061,6762,6632741,0.825206,8037679
4,2021-07-02,16658,12113973,13228,7315017,2673,4386636,757,412320,6803,698373,0.086887,9762,5942058,0.739275,7690,6640431,0.826163,8037679
4,2021-07-03,9116,12123089,7244,7322261,1466,4388102,406,412726,3950,697694,0.086803,5094,5947152,0.739909,4415,6644846,0.826712,8037679
4,2021-07-04,421,12123510,258,7322519,104,4388206,59,412785,183,697713,0.086805,234,5947386,0.739938,253,6645099,0.826744,8037679
4,2021-07-05,9168,12132678,7466,7329985,1293,4389499,409,413194,4166,697414,0.086768,4928,5952314,0.740551,4629,6649728,0.827319,8037679
4,2021-07-06,16367,12149045,12908,7342893,2667,4392166,792,413986,6040,694148,0.086362,10209,5962523,0.741821,6943,6656671,0.828183,8037679
4,2021-07-07,13628,12162673,10644,7353537,2218,4394384,766,414752,5154,691798,0.086069,8388,5970911,0.742865,6038,6662709,0.828934,8037679
4,2021-07-08,13043,12175716,10245,7363782,2017,4396401,781,415533,5117,689978,0.085843,7814,5978725,0.743837,5994,6668703,0.82968,8037679
4,2021-07-09,15199,12190915,11709,7375491,2607,4399008,883,416416,6192,688292,0.085633,8880,5987605,0.744942,7194,6675897,0.830575,8037679
4,2021-07-10,8703,12199618,6889,7382380,1427,4400435,387,416803,3672,687460,0.08553,4953,5992558,0.745558,4121,6680018,0.831088,8037679
4,2021-07-11,4948,12204566,3966,7386346,786,4401221,196,416999,2224,687225,0.0855,2684,5995242,0.745892,2449,6682467,0.831393,8037679
4,2021-07-12,12947,12217513,10291,7396637,1961,4403182,695,417694,5048,685255,0.085255,7820,6003062,0.746865,5850,6688317,0.83212,8037679
4,2021-07-13,12584,12230097,9650,7406287,2317,4405499,617,418311,5359,684207,0.085125,7123,6010185,0.747751,6075,6694392,0.832876,8037679
4,2021-07-14,11543,12241640,9103,7415390,1909,4407408,531,418842,5020,683383,0.085022,6442,6016627,0.748553,5618,6700010,0.833575,8037679
4,2021-07-15,12125,12253765,9637,7425027,1927,4409335,561,419403,5547,683102,0.084987,6457,6023084,0.749356,6176,6706186,0.834344,8037679
4,2021-07-16,14211,12267976,11166,7436193,2448,4411783,597,420000,6522,682737,0.084942,7593,6030677,0.750301,7228,6713414,0.835243,8037679
4,2021-07-17,8761,12276737,6909,7443102,1571,4413354,281,420281,4194,682781,0.084948,4474,6035151,0.750857,4518,6717932,0.835805,8037679
4,2021-07-18,3146,12279883,2350,7445452,649,4414003,147,420428,1435,682696,0.084937,1681,6036832,0.751067,1596,6719528,0.836004,8037679
