vemquartile,administered_date,total_doses,cumulative_total_doses,pfizer_doses,cumulative_pfizer_doses,moderna_doses,cumulative_moderna_doses,jj_doses,cumulative_jj_doses,partially_vaccinated,total_partially_vaccinated,pct_age16pop_partially_vaccinated,fully_vaccinated,cumulative_fully_vaccinated,pct_age16pop_fully_vaccinated,at_least_one_dose,cumulative_at_least_one_dose,pct_age16pop_at_least_one_dose,age16_population
1,2020-12-15,148,148,148,148,0,0,0,0,148,148,1.8e-05,0,0,0.0,148,148,1.8e-05,8051741
1,2020-12-16,1154,1302,1154,1302,0,0,0,0,1154,1302,0.000162,0,0,0.0,1154,1302,0.000162,8051741
1,2020-12-17,4114,5416,4114,5416,0,0,0,0,4115,5417,0.000673,0,0,0.0,4115,5417,0.000673,8051741
1,2020-12-18,6248,11664,6228,11644,20,20,0,0,6250,11667,0.001449,0,0,0.0,6250,11667,0.001449,8051741
1,2020-12-19,2866,14530,2865,14509,1,21,0,0,2864,14530,0.001805,1,1,0.0,2864,14531,0.001805,8051741
1,2020-12-20,2106,16636,2101,16610,5,26,0,0,2107,16637,0.002066,0,1,0.0,2107,16638,0.002066,8051741
1,2020-12-21,7607,24243,7596,24206,11,37,0,0,7658,24295,0.003017,0,1,0.0,7658,24296,0.003017,8051741
1,2020-12-22,7269,31512,6930,31136,339,376,0,0,7272,31566,0.00392,1,2,0.0,7272,31568,0.003921,8051741
1,2020-12-23,7772,39284,6554,37690,1218,1594,0,0,7767,39333,0.004885,0,2,0.0,7767,39335,0.004885,8051741
1,2020-12-24,3293,42577,2358,40048,935,2529,0,0,3295,42628,0.005294,0,2,0.0,3295,42630,0.005295,8051741
1,2020-12-25,232,42809,149,40197,83,2612,0,0,232,42860,0.005323,0,2,0.0,232,42862,0.005323,8051741
1,2020-12-26,1355,44164,965,41162,390,3002,0,0,1354,44213,0.005491,1,3,0.0,1354,44216,0.005491,8051741
1,2020-12-27,856,45020,527,41689,329,3331,0,0,856,45069,0.005597,0,3,0.0,856,45072,0.005598,8051741
1,2020-12-28,7012,52032,4745,46434,2267,5598,0,0,7011,52080,0.006468,0,3,0.0,7011,52083,0.006469,8051741
1,2020-12-29,8829,60861,4971,51405,3858,9456,0,0,8826,60905,0.007564,1,4,0.0,8826,60909,0.007565,8051741
1,2020-12-30,11590,72451,6473,57878,5117,14573,0,0,11590,72495,0.009004,0,4,0.0,11590,72499,0.009004,8051741
1,2020-12-31,5928,78379,1951,59829,3977,18550,0,0,5927,78421,0.00974,1,5,1e-06,5927,78426,0.00974,8051741
1,2021-01-01,532,78911,179,60008,353,18903,0,0,532,78953,0.009806,0,5,1e-06,532,78958,0.009806,8051741
1,2021-01-02,2882,81793,1745,61753,1137,20040,0,0,2884,81837,0.010164,0,5,1e-06,2884,81842,0.010165,8051741
1,2021-01-03,1019,82812,545,62298,474,20514,0,0,1018,82854,0.01029,1,6,1e-06,1018,82860,0.010291,8051741
1,2021-01-04,7317,90129,3568,65866,3749,24263,0,0,7323,90176,0.0112,1,7,1e-06,7323,90183,0.0112,8051741
1,2021-01-05,10726,100855,5166,71032,5560,29823,0,0,9982,99450,0.012351,731,738,9.2e-05,10005,100188,0.012443,8051741
1,2021-01-06,13949,114804,7026,78058,6923,36746,0,0,12080,109705,0.013625,1831,2569,0.000319,12086,112274,0.013944,8051741
1,2021-01-07,17361,132165,9075,87133,8286,45032,0,0,12939,118327,0.014696,4324,6893,0.000856,12946,125220,0.015552,8051741
1,2021-01-08,20036,152201,10400,97533,9636,54668,0,0,14187,126686,0.015734,5833,12726,0.001581,14192,139412,0.017315,8051741
1,2021-01-09,6623,158824,3354,100887,3269,57937,0,0,4788,129658,0.016103,1820,14546,0.001807,4792,144204,0.01791,8051741
1,2021-01-10,3054,161878,1738,102625,1316,59253,0,0,1865,130351,0.016189,1173,15719,0.001952,1866,146070,0.018141,8051741
1,2021-01-11,18006,179884,11794,114419,6212,65465,0,0,11493,135394,0.016815,6487,22206,0.002758,11530,157600,0.019573,8051741
1,2021-01-12,18804,198688,10639,125058,8165,73630,0,0,12845,142355,0.01768,5918,28124,0.003493,12879,170479,0.021173,8051741
1,2021-01-13,19614,218302,10558,135616,9056,82686,0,0,14491,151760,0.018848,5100,33224,0.004126,14505,184984,0.022974,8051741
1,2021-01-14,21926,240228,9472,145088,12454,95140,0,0,19192,168319,0.020905,2676,35900,0.004459,19235,204219,0.025363,8051741
1,2021-01-15,25117,265345,9299,154387,15818,110958,0,0,23197,189692,0.023559,1871,37771,0.004691,23244,227463,0.02825,8051741
1,2021-01-16,13848,279193,4541,158928,9307,120265,0,0,13009,201866,0.025071,837,38608,0.004795,13011,240474,0.029866,8051741
1,2021-01-17,5173,284366,1988,160916,3185,123450,0,0,4807,206316,0.025624,362,38970,0.00484,4812,245286,0.030464,8051741
1,2021-01-18,14196,298562,8539,169455,5657,129107,0,0,11057,214288,0.026614,3127,42097,0.005228,11099,256385,0.031842,8051741
1,2021-01-19,24612,323174,12865,182320,11747,140854,0,0,19429,228598,0.028391,5168,47265,0.00587,19478,275863,0.034261,8051741
1,2021-01-20,28367,351541,13954,196274,14413,155267,0,0,22731,245781,0.030525,5582,52847,0.006563,22765,298628,0.037089,8051741
1,2021-01-21,30585,382126,14230,210504,16355,171622,0,0,27463,270249,0.033564,3066,55913,0.006944,27534,326162,0.040508,8051741
1,2021-01-22,28065,410191,11143,221647,16922,188544,0,0,26098,294447,0.036569,1926,57839,0.007183,26124,352286,0.043753,8051741
1,2021-01-23,18615,428806,8183,229830,10432,198976,0,0,16696,309248,0.038408,1907,59746,0.00742,16708,368994,0.045828,8051741
1,2021-01-24,6655,435461,4159,233989,2496,201472,0,0,6006,314615,0.039074,643,60389,0.0075,6010,375004,0.046574,8051741
1,2021-01-25,24893,460354,10379,244368,14514,215986,0,0,19340,328508,0.0408,5533,65922,0.008187,19426,394430,0.048987,8051741
1,2021-01-26,28316,488670,13333,257701,14983,230969,0,0,21815,343882,0.042709,6458,72380,0.008989,21832,416262,0.051698,8051741
1,2021-01-27,31469,520139,15334,273035,16135,247104,0,0,23611,359723,0.044676,7794,80174,0.009957,23635,439897,0.054634,8051741
1,2021-01-28,34337,554476,16064,289099,18273,265377,0,0,27630,380747,0.047288,6652,86826,0.010784,27676,467573,0.058071,8051741
1,2021-01-29,33231,587707,16328,305427,16903,282280,0,0,26794,401261,0.049835,6312,93138,0.011567,26826,494399,0.061403,8051741
1,2021-01-30,19974,607681,8626,314053,11348,293628,0,0,17989,417295,0.051827,1962,95100,0.011811,17996,512395,0.063638,8051741
1,2021-01-31,7608,615289,5004,319057,2604,296232,0,0,6871,423433,0.052589,735,95835,0.011902,6873,519268,0.064491,8051741
1,2021-02-01,28232,643521,12245,331302,15987,312219,0,0,20762,436773,0.054246,7428,103263,0.012825,20768,540036,0.067071,8051741
1,2021-02-02,31814,675335,11463,342765,20351,332570,0,0,23938,452928,0.056252,7815,111078,0.013796,23970,564006,0.070048,8051741
1,2021-02-03,38942,714277,14906,357671,24036,356606,0,0,28215,470585,0.058445,10588,121666,0.015111,28245,592251,0.073556,8051741
1,2021-02-04,43629,757906,17095,374766,26534,383140,0,0,31662,490431,0.06091,11863,133529,0.016584,31709,623960,0.077494,8051741
1,2021-02-05,46684,804590,17387,392153,29297,412437,0,0,30726,505359,0.062764,15844,149373,0.018552,30772,654732,0.081316,8051741
1,2021-02-06,26456,831046,10474,402627,15982,428419,0,0,20650,520266,0.064615,5758,155131,0.019267,20665,675397,0.083882,8051741
1,2021-02-07,6201,837247,3984,406611,2217,430636,0,0,4609,523320,0.064995,1573,156704,0.019462,4627,680024,0.084457,8051741
1,2021-02-08,31019,868266,14064,420675,16955,447591,0,0,20701,533880,0.066306,10224,166928,0.020732,20784,700808,0.087038,8051741
1,2021-02-09,38006,906272,16609,437284,21397,468988,0,0,23375,542816,0.067416,14509,181437,0.022534,23445,724253,0.08995,8051741
1,2021-02-10,46639,952911,22044,459328,24595,493583,0,0,26932,550261,0.068341,19562,200999,0.024963,27007,751260,0.093304,8051741
1,2021-02-11,50572,1003483,24966,484294,25606,519189,0,0,30763,561593,0.069748,19528,220527,0.027389,30860,782120,0.097137,8051741
1,2021-02-12,49316,1052799,21313,505607,28003,547192,0,0,28411,569364,0.070713,20769,241296,0.029968,28540,810660,0.100681,8051741
1,2021-02-13,26065,1078864,11341,516948,14724,561916,0,0,15131,573706,0.071252,10865,252161,0.031318,15207,825867,0.10257,8051741
1,2021-02-14,11596,1090460,5480,522428,6116,568032,0,0,6612,575428,0.071466,4955,257116,0.031933,6677,832544,0.103399,8051741
1,2021-02-15,23419,1113879,9242,531670,14177,582209,0,0,14285,580792,0.072132,9036,266152,0.033055,14400,846944,0.105188,8051741
1,2021-02-16,46368,1160247,22117,553787,24251,606460,0,0,27453,589502,0.073214,18851,285003,0.035396,27561,874505,0.108611,8051741
1,2021-02-17,47704,1207951,24068,577855,23636,630096,0,0,26003,594043,0.073778,21599,306602,0.038079,26140,900645,0.111857,8051741
1,2021-02-18,50113,1258064,24968,602823,25145,655241,0,0,26196,596721,0.074111,23718,330320,0.041025,26396,927041,0.115135,8051741
1,2021-02-19,45333,1303397,24545,627368,20788,676029,0,0,25730,603006,0.074891,19507,349827,0.043447,25792,952833,0.118339,8051741
1,2021-02-20,26694,1330091,16238,643606,10456,686485,0,0,15338,607104,0.0754,11316,361143,0.044853,15414,968247,0.120253,8051741
1,2021-02-21,9975,1340066,8742,652348,1233,687718,0,0,5932,609083,0.075646,4001,365144,0.04535,5980,974227,0.120996,8051741
1,2021-02-22,29755,1369821,19503,671851,10252,697970,0,0,17557,614583,0.076329,12152,377296,0.046859,17652,991879,0.123188,8051741
1,2021-02-23,41940,1411761,20132,691983,21808,719778,0,0,23331,619773,0.076974,18491,395787,0.049155,23681,1015560,0.126129,8051741
1,2021-02-24,52520,1464281,25375,717358,27145,746923,0,0,29643,627082,0.077882,22781,418568,0.051985,30090,1045650,0.129866,8051741
1,2021-02-25,64010,1528291,30712,748070,33298,780221,0,0,40051,643773,0.079955,23858,442426,0.054948,40549,1086199,0.134902,8051741
1,2021-02-26,71716,1600007,33646,781716,38070,818291,0,0,47651,667976,0.08296,23916,466342,0.057918,48119,1134318,0.140879,8051741
1,2021-02-27,48417,1648424,21674,803390,26738,845029,5,5,31970,683872,0.084935,16342,482684,0.059948,32238,1166556,0.144882,8051741
1,2021-02-28,19019,1667443,11306,814696,7713,852742,0,5,14042,693136,0.086085,4919,487603,0.060559,14183,1180739,0.146644,8051741
1,2021-03-01,43135,1710578,19690,834386,23430,876172,15,20,28116,706576,0.087754,14917,502520,0.062411,28357,1209096,0.150166,8051741
1,2021-03-02,58457,1769035,23999,858385,34453,910625,5,25,37227,723289,0.08983,21126,523646,0.065035,37839,1246935,0.154865,8051741
1,2021-03-03,67901,1836936,31853,890238,36036,946661,12,37,41268,738639,0.091737,26520,550166,0.068329,41870,1288805,0.160065,8051741
1,2021-03-04,75573,1912509,34818,925056,40721,987382,34,71,48360,760475,0.094449,27063,577229,0.07169,48899,1337704,0.166138,8051741
1,2021-03-05,74213,1986722,32925,957981,41086,1028468,202,273,49471,786230,0.097647,24548,601777,0.074739,50303,1388007,0.172386,8051741
1,2021-03-06,56264,2042986,26646,984627,28291,1056759,1327,1600,38251,808222,0.100379,17950,619727,0.076968,39942,1427949,0.177347,8051741
1,2021-03-07,19442,2062428,12261,996888,6386,1063145,795,2395,14554,818960,0.101712,4872,624599,0.077573,15610,1443559,0.179285,8051741
1,2021-03-08,43361,2105789,20535,1017423,20973,1084118,1853,4248,30322,838510,0.10414,12963,637562,0.079183,32513,1476072,0.183323,8051741
1,2021-03-09,59789,2165578,26031,1043454,31292,1115410,2466,6714,35802,853233,0.105969,23887,661449,0.08215,38610,1514682,0.188119,8051741
1,2021-03-10,70446,2236024,34583,1078037,31526,1146936,4337,11051,43474,874573,0.108619,26848,688297,0.085484,48188,1562870,0.194103,8051741
1,2021-03-11,88175,2324199,40198,1118235,40069,1187005,7908,18959,51701,898395,0.111578,36257,724554,0.089987,60079,1622949,0.201565,8051741
1,2021-03-12,95059,2419258,40938,1159173,41845,1228850,12276,31235,55243,926762,0.115101,39640,764194,0.09491,68007,1690956,0.210011,8051741
1,2021-03-13,62898,2482156,28174,1187347,27039,1255889,7685,38920,39934,951863,0.118218,22860,787054,0.09775,47961,1738917,0.215968,8051741
1,2021-03-14,26815,2508971,14284,1201631,9034,1264923,3497,42417,15864,960520,0.119293,10905,797959,0.099104,19562,1758479,0.218397,8051741
1,2021-03-15,63454,2572425,27525,1229156,29345,1294268,6584,49001,37602,979372,0.121635,25690,823649,0.102295,44542,1803021,0.223929,8051741
1,2021-03-16,83658,2656083,37627,1266783,40547,1334815,5484,54485,52720,1007171,0.125087,30779,854428,0.106117,58578,1861599,0.231205,8051741
1,2021-03-17,90220,2746303,43204,1309987,40516,1375331,6500,60985,58199,1040384,0.129212,31878,886306,0.110076,65091,1926690,0.239289,8051741
1,2021-03-18,95528,2841831,48589,1358576,41440,1416771,5499,66484,59235,1069591,0.13284,35988,922294,0.114546,65195,1991885,0.247386,8051741
1,2021-03-19,100412,2942243,51473,1410049,42871,1459642,6068,72552,60105,1096189,0.136143,40059,962353,0.119521,66657,2058542,0.255664,8051741
1,2021-03-20,69816,3012059,35930,1445979,28707,1488349,5179,77731,45911,1123779,0.13957,23760,986113,0.122472,51350,2109892,0.262042,8051741
1,2021-03-21,25827,3037886,17799,1463778,6267,1494616,1761,79492,16774,1133415,0.140766,8988,995101,0.123588,18624,2128516,0.264355,8051741
1,2021-03-22,57784,3095670,29538,1493316,25051,1519667,3195,82687,39564,1158472,0.143878,18059,1013160,0.125831,43116,2171632,0.26971,8051741
1,2021-03-23,81050,3176720,40853,1534169,36670,1556337,3527,86214,52683,1186941,0.147414,28196,1041356,0.129333,56665,2228297,0.276747,8051741
1,2021-03-24,85505,3262225,42970,1577139,38295,1594632,4240,90454,52404,1210868,0.150386,32897,1074253,0.133419,56824,2285121,0.283805,8051741
1,2021-03-25,94019,3356244,47474,1624613,40947,1635579,5598,96052,54551,1232020,0.153013,39220,1113473,0.13829,60372,2345493,0.291303,8051741
1,2021-03-26,101314,3457558,49000,1673613,46181,1681760,6133,102185,56750,1250903,0.155358,44302,1157775,0.143792,63185,2408678,0.29915,8051741
1,2021-03-27,71544,3529102,36977,1710590,30767,1712527,3800,105985,37877,1259305,0.156402,33482,1191257,0.14795,41884,2450562,0.304352,8051741
1,2021-03-28,31357,3560459,20201,1730791,9957,1722484,1199,107184,16652,1262889,0.156847,14598,1205855,0.149763,18182,2468744,0.30661,8051741
1,2021-03-29,65059,3625518,32543,1763334,29736,1752220,2780,109964,37090,1275148,0.158369,27829,1233684,0.15322,40088,2508832,0.311589,8051741
1,2021-03-30,89181,3714699,43689,1807023,39495,1791715,5997,115961,50742,1293688,0.160672,38315,1271999,0.157978,56855,2565687,0.31865,8051741
1,2021-03-31,97364,3812063,50735,1857758,40899,1832614,5730,121691,55654,1313695,0.163157,41470,1313469,0.163129,61477,2627164,0.326285,8051741
1,2021-04-01,107619,3919682,51642,1909400,47960,1880574,8017,129708,56004,1326496,0.164746,51335,1364804,0.169504,64136,2691300,0.334251,8051741
1,2021-04-02,106624,4026306,48708,1958108,48695,1929269,9221,138929,55017,1339757,0.166393,51261,1416065,0.175871,64522,2755822,0.342264,8051741
1,2021-04-03,75470,4101776,37575,1995683,28632,1957901,9263,148192,35820,1345457,0.167101,39510,1455575,0.180778,45210,2801032,0.347879,8051741
1,2021-04-04,23509,4125285,11678,2007361,8397,1966298,3434,151626,10209,1345837,0.167149,13258,1468833,0.182424,13638,2814670,0.349573,8051741
1,2021-04-05,73772,4199057,35189,2042550,29686,1995984,8897,160523,34223,1349764,0.167636,39390,1508223,0.187316,43317,2857987,0.354953,8051741
1,2021-04-06,101727,4300784,48214,2090764,37199,2033183,16314,176837,46824,1358278,0.168694,54696,1562919,0.194109,63210,2921197,0.362803,8051741
1,2021-04-07,108143,4408927,52028,2142792,38966,2072149,17149,193986,50047,1367641,0.169857,57889,1620808,0.201299,67252,2988449,0.371156,8051741
1,2021-04-08,118382,4527309,55569,2198361,42401,2114550,20412,214398,53290,1376657,0.170976,64803,1685611,0.209347,73819,3062268,0.380324,8051741
1,2021-04-09,118650,4645959,53606,2251967,44812,2159362,20232,234630,52955,1384564,0.171958,65408,1751019,0.217471,73315,3135583,0.389429,8051741
1,2021-04-10,93422,4739381,41787,2293754,29278,2188640,22357,256987,37110,1387895,0.172372,56167,1807186,0.224447,59498,3195081,0.396819,8051741
1,2021-04-11,35512,4774893,19815,2313569,9219,2197859,6478,263465,15067,1389161,0.172529,20406,1827592,0.226981,21672,3216753,0.39951,8051741
1,2021-04-12,72210,4847103,31970,2345539,30388,2228247,9852,273317,31022,1389221,0.172537,40981,1868573,0.232071,41041,3257794,0.404607,8051741
1,2021-04-13,94937,4942040,50773,2396312,43834,2272081,330,273647,51522,1398213,0.173653,43200,1911773,0.237436,52192,3309986,0.411089,8051741
1,2021-04-14,100796,5042836,52136,2448448,48595,2320676,65,273712,51525,1401196,0.174024,48974,1960747,0.243518,51957,3361943,0.417542,8051741
1,2021-04-15,103041,5145877,55596,2504044,47360,2368036,85,273797,55505,1409885,0.175103,47068,2007815,0.249364,55757,3417700,0.424467,8051741
1,2021-04-16,106101,5251978,54932,2558976,51082,2419118,87,273884,53479,1411368,0.175287,52259,2060074,0.255854,53742,3471442,0.431142,8051741
1,2021-04-17,79621,5331599,43065,2602041,36548,2455666,8,273892,44899,1421885,0.176593,34552,2094626,0.260146,45069,3516511,0.436739,8051741
1,2021-04-18,28507,5360106,19103,2621144,9398,2465064,6,273898,14760,1423167,0.176753,13682,2108308,0.261845,14964,3531475,0.438598,8051741
1,2021-04-19,64160,5424266,32774,2653918,31375,2496439,11,273909,29305,1418034,0.176115,34575,2142883,0.266139,29442,3560917,0.442254,8051741
1,2021-04-20,84127,5508393,42185,2696103,41922,2538361,20,273929,40018,1414419,0.175666,43851,2186734,0.271585,40236,3601153,0.447251,8051741
1,2021-04-21,90940,5599333,46372,2742475,44477,2582838,91,274020,41140,1406488,0.174681,49370,2236104,0.277717,41439,3642592,0.452398,8051741
1,2021-04-22,92794,5692127,48330,2790805,44445,2627283,19,274039,42939,1400206,0.173901,49453,2285557,0.283859,43171,3685763,0.45776,8051741
1,2021-04-23,96573,5788700,50089,2840894,46460,2673743,24,274063,46655,1397564,0.173573,49538,2335095,0.290011,46896,3732659,0.463584,8051741
1,2021-04-24,72652,5861352,46118,2887012,26522,2700265,12,274075,41552,1408466,0.174927,30920,2366015,0.293851,41822,3774481,0.468778,8051741
1,2021-04-25,26744,5888096,17113,2904125,9622,2709887,9,274084,15412,1412766,0.175461,11250,2377265,0.295249,15550,3790031,0.47071,8051741
1,2021-04-26,59622,5947718,32226,2936351,27044,2736931,352,274436,28002,1410071,0.175126,31382,2408647,0.299146,28687,3818718,0.474272,8051741
1,2021-04-27,74784,6022502,39980,2976331,33684,2770615,1120,275556,32159,1401340,0.174042,42347,2450994,0.304405,33616,3852334,0.478447,8051741
1,2021-04-28,76688,6099190,40733,3017064,34533,2805148,1422,276978,33464,1393489,0.173067,42963,2493957,0.309741,35112,3887446,0.482808,8051741
1,2021-04-29,79651,6178841,44056,3061120,34050,2839198,1545,278523,32293,1380434,0.171445,47055,2541012,0.315585,34000,3921446,0.487031,8051741
1,2021-04-30,86042,6264883,46973,3108093,37292,2876490,1777,280300,36022,1368660,0.169983,49744,2590756,0.321763,37970,3959416,0.491747,8051741
1,2021-05-01,61014,6325897,39703,3147796,19967,2896457,1344,281644,25773,1360928,0.169023,35081,2625837,0.32612,27349,3986765,0.495143,8051741
1,2021-05-02,22433,6348330,15711,3163507,6201,2902658,521,282165,9372,1357883,0.168645,12970,2638807,0.327731,9925,3996690,0.496376,8051741
1,2021-05-03,53426,6401756,29986,3193493,21696,2924354,1744,283909,19352,1345191,0.167068,33872,2672679,0.331938,21180,4017870,0.499006,8051741
1,2021-05-04,71590,6473346,41116,3234609,28478,2952832,1996,285905,25887,1327716,0.164898,45448,2718127,0.337583,27973,4045843,0.502481,8051741
1,2021-05-05,73107,6546453,42089,3276698,28814,2981646,2204,288109,24837,1306824,0.162303,47997,2766124,0.343544,27105,4072948,0.505847,8051741
1,2021-05-06,74819,6621272,45040,3321738,27686,3009332,2093,290202,23862,1282306,0.159258,50636,2816760,0.349832,26118,4099066,0.509091,8051741
1,2021-05-07,77738,6699010,44515,3366253,31110,3040442,2113,292315,26275,1259641,0.156443,51117,2867877,0.356181,28452,4127518,0.512624,8051741
1,2021-05-08,53658,6752668,33519,3399772,18609,3059051,1530,293845,18255,1244446,0.154556,35076,2902953,0.360537,19881,4147399,0.515093,8051741
1,2021-05-09,17687,6770355,12538,3412310,4674,3063725,475,294320,5479,1238335,0.153797,12098,2915051,0.36204,5987,4153386,0.515837,8051741
1,2021-05-10,40727,6811082,20612,3432922,18425,3082150,1690,296010,13654,1226978,0.152387,26793,2941844,0.365367,15436,4168822,0.517754,8051741
1,2021-05-11,57067,6868149,30877,3463799,24216,3106366,1974,297984,18615,1209455,0.15021,38234,2980078,0.370116,20711,4189533,0.520326,8051741
1,2021-05-12,55386,6923535,29349,3493148,24326,3130692,1711,299695,18170,1192434,0.148096,36978,3017056,0.374709,19957,4209490,0.522805,8051741
1,2021-05-13,57116,6980651,33553,3526701,21953,3152645,1610,301305,21417,1180264,0.146585,35460,3052516,0.379113,23290,4232780,0.525697,8051741
1,2021-05-14,58166,7038817,35050,3561751,21222,3173867,1894,303199,21955,1168295,0.145098,36001,3088517,0.383584,24032,4256812,0.528682,8051741
1,2021-05-15,41202,7080019,28764,3590515,11279,3185146,1159,304358,14880,1158222,0.143847,26179,3114696,0.386835,16106,4272918,0.530682,8051741
2,2020-12-15,234,234,234,234,0,0,0,0,234,234,3e-05,0,0,0.0,234,234,3e-05,7897587
2,2020-12-16,1925,2159,1925,2159,0,0,0,0,1925,2159,0.000273,0,0,0.0,1925,2159,0.000273,7897587
2,2020-12-17,6662,8821,6662,8821,0,0,0,0,6664,8823,0.001117,0,0,0.0,6664,8823,0.001117,7897587
2,2020-12-18,10833,19654,10814,19635,19,19,0,0,10834,19657,0.002489,0,0,0.0,10834,19657,0.002489,7897587
2,2020-12-19,5582,25236,5577,25212,5,24,0,0,5584,25241,0.003196,0,0,0.0,5584,25241,0.003196,7897587
2,2020-12-20,4215,29451,4206,29418,9,33,0,0,4211,29452,0.003729,0,0,0.0,4211,29452,0.003729,7897587
2,2020-12-21,12760,42211,12736,42154,24,57,0,0,12715,42167,0.005339,0,0,0.0,12715,42167,0.005339,7897587
2,2020-12-22,12050,54261,11542,53696,508,565,0,0,12050,54217,0.006865,0,0,0.0,12050,54217,0.006865,7897587
2,2020-12-23,11618,65879,9428,63124,2190,2755,0,0,11621,65838,0.008336,0,0,0.0,11621,65838,0.008336,7897587
2,2020-12-24,5838,71717,3482,66606,2356,5111,0,0,5835,71673,0.009075,0,0,0.0,5835,71673,0.009075,7897587
2,2020-12-25,478,72195,401,67007,77,5188,0,0,479,72152,0.009136,0,0,0.0,479,72152,0.009136,7897587
2,2020-12-26,2564,74759,1668,68675,896,6084,0,0,2566,74718,0.009461,0,0,0.0,2566,74718,0.009461,7897587
2,2020-12-27,2212,76971,1198,69873,1014,7098,0,0,2210,76927,0.009741,1,1,0.0,2210,76928,0.009741,7897587
2,2020-12-28,10908,87879,7090,76963,3818,10916,0,0,10908,87834,0.011122,1,2,0.0,10908,87836,0.011122,7897587
2,2020-12-29,12686,100565,7180,84143,5506,16422,0,0,12690,100524,0.012728,0,2,0.0,12690,100526,0.012729,7897587
2,2020-12-30,15341,115906,8638,92781,6703,23125,0,0,15357,115880,0.014673,1,3,0.0,15357,115883,0.014673,7897587
2,2020-12-31,7494,123400,2801,95582,4693,27818,0,0,7491,123370,0.015621,1,4,1e-06,7491,123374,0.015622,7897587
2,2021-01-01,1114,124514,535,96117,579,28397,0,0,1116,124485,0.015762,1,5,1e-06,1116,124490,0.015763,7897587
2,2021-01-02,4808,129322,2745,98862,2063,30460,0,0,4806,129291,0.016371,0,5,1e-06,4806,129296,0.016372,7897587
2,2021-01-03,1379,130701,789,99651,590,31050,0,0,1374,130662,0.016545,3,8,1e-06,1374,130670,0.016546,7897587
2,2021-01-04,11605,142306,5546,105197,6059,37109,0,0,11592,142250,0.018012,4,12,2e-06,11592,142262,0.018013,7897587
2,2021-01-05,13816,156122,6894,112091,6922,44031,0,0,12638,153747,0.019468,1171,1183,0.00015,12668,154930,0.019617,7897587
2,2021-01-06,18929,175051,10443,122534,8486,52517,0,0,15219,165308,0.020931,3664,4847,0.000614,15225,170155,0.021545,7897587
2,2021-01-07,22886,197937,12850,135384,10036,62553,0,0,15541,173499,0.021969,7363,12210,0.001546,15554,185709,0.023515,7897587
2,2021-01-08,26340,224277,15954,151338,10386,72939,0,0,16312,179830,0.02277,9997,22207,0.002812,16328,202037,0.025582,7897587
2,2021-01-09,9699,233976,5664,157002,4035,76974,0,0,6213,182540,0.023113,3507,25714,0.003256,6217,208254,0.026369,7897587
2,2021-01-10,5272,239248,2916,159918,2356,79330,0,0,3065,183379,0.02322,2230,27944,0.003538,3069,211323,0.026758,7897587
2,2021-01-11,25948,265196,17841,177759,8107,87437,0,0,15023,187491,0.02374,10959,38903,0.004926,15071,226394,0.028666,7897587
2,2021-01-12,25965,291161,16125,193884,9840,97277,0,0,16507,194582,0.024638,9486,48389,0.006127,16577,242971,0.030765,7897587
2,2021-01-13,28268,319429,14912,208796,13356,110633,0,0,20361,207064,0.026219,7901,56290,0.007127,20383,263354,0.033346,7897587
2,2021-01-14,30071,349500,11444,220240,18627,129260,0,0,25886,228791,0.02897,4210,60500,0.007661,25937,289291,0.03663,7897587
2,2021-01-15,35124,384624,12953,233193,22171,151431,0,0,31899,257525,0.032608,3236,63736,0.00807,31970,321261,0.040678,7897587
2,2021-01-16,17551,402175,5615,238808,11936,163367,0,0,16242,272442,0.034497,1335,65071,0.008239,16252,337513,0.042736,7897587
2,2021-01-17,10552,412727,3524,242332,7028,170395,0,0,9849,281571,0.035653,728,65799,0.008332,9857,347370,0.043984,7897587
2,2021-01-18,19703,432430,11062,253394,8641,179036,0,0,14964,291827,0.036951,4754,70553,0.008933,15010,362380,0.045885,7897587
2,2021-01-19,32203,464633,16788,270182,15415,194451,0,0,24235,308202,0.039025,7972,78525,0.009943,24347,386727,0.048968,7897587
2,2021-01-20,36757,501390,18370,288552,18387,212838,0,0,28165,327881,0.041517,8573,87098,0.011028,28252,414979,0.052545,7897587
2,2021-01-21,40512,541902,17258,305810,23254,236092,0,0,36101,359750,0.045552,4389,91487,0.011584,36258,451237,0.057136,7897587
2,2021-01-22,39175,581077,16405,322215,22770,258862,0,0,35892,392381,0.049684,3285,94772,0.012,35916,487153,0.061684,7897587
2,2021-01-23,23940,605017,10826,333041,13114,271976,0,0,20984,410463,0.051973,2931,97703,0.012371,21013,508166,0.064344,7897587
2,2021-01-24,12435,617452,6153,339194,6282,278258,0,0,11524,421101,0.05332,896,98599,0.012485,11534,519700,0.065805,7897587
2,2021-01-25,33620,651072,15627,354821,17993,296251,0,0,24899,437454,0.055391,8669,107268,0.013582,25022,544722,0.068973,7897587
2,2021-01-26,40072,691144,19826,374647,20246,316497,0,0,31144,459768,0.058216,8907,116175,0.01471,31221,575943,0.072926,7897587
2,2021-01-27,44953,736097,22908,397555,22045,338542,0,0,35006,485004,0.061412,9824,125999,0.015954,35060,611003,0.077366,7897587
2,2021-01-28,47902,783999,22614,420169,25288,363830,0,0,39399,516014,0.065338,8449,134448,0.017024,39459,650462,0.082362,7897587
2,2021-01-29,45447,829446,22293,442462,23154,386984,0,0,36918,544556,0.068952,8427,142875,0.018091,36969,687431,0.087043,7897587
2,2021-01-30,31261,860707,13656,456118,17605,404589,0,0,28028,569420,0.072101,3192,146067,0.018495,28056,715487,0.090596,7897587
2,2021-01-31,17549,878256,10654,466772,6895,411484,0,0,16330,584564,0.074018,1205,147272,0.018648,16349,731836,0.092666,7897587
2,2021-02-01,40379,918635,19435,486207,20944,432428,0,0,29838,603924,0.076469,10509,157781,0.019978,29869,761705,0.096448,7897587
2,2021-02-02,47702,966337,19681,505888,28021,460449,0,0,36322,629040,0.07965,11302,169083,0.021409,36418,798123,0.101059,7897587
2,2021-02-03,53918,1020255,24138,530026,29780,490229,0,0,39926,655156,0.082956,13895,182978,0.023169,40011,838134,0.106125,7897587
2,2021-02-04,55760,1076015,24236,554262,31524,521753,0,0,40840,681258,0.086262,14828,197806,0.025046,40930,879064,0.111308,7897587
2,2021-02-05,59500,1135515,26359,580621,33141,554894,0,0,40332,702752,0.088983,18997,216803,0.027452,40491,919555,0.116435,7897587
2,2021-02-06,38812,1174327,18185,598806,20627,575521,0,0,31274,726634,0.092007,7476,224279,0.028398,31358,950913,0.120406,7897587
2,2021-02-07,16012,1190339,10760,609566,5252,580773,0,0,12140,734991,0.093065,3849,228128,0.028886,12206,963119,0.121951,7897587
2,2021-02-08,43288,1233627,22389,631955,20899,601672,0,0,29917,751838,0.095198,13262,241390,0.030565,30109,993228,0.125763,7897587
2,2021-02-09,49212,1282839,23507,655462,25705,627377,0,0,30896,764823,0.096843,18226,259616,0.032873,31211,1024439,0.129715,7897587
2,2021-02-10,59380,1342219,28143,683605,31237,658614,0,0,34725,775466,0.09819,24429,284045,0.035966,35072,1059511,0.134156,7897587
2,2021-02-11,63825,1406044,29669,713274,34156,692770,0,0,36093,784540,0.099339,27502,311547,0.039448,36576,1096087,0.138788,7897587
2,2021-02-12,64757,1470801,28039,741313,36718,729488,0,0,34597,789849,0.100011,29941,341488,0.04324,35250,1131337,0.143251,7897587
2,2021-02-13,37513,1508314,15776,757089,21737,751225,0,0,21761,796318,0.100831,15667,357155,0.045223,22136,1153473,0.146054,7897587
2,2021-02-14,19933,1528247,9358,766447,10575,761800,0,0,11235,799248,0.101202,8663,365818,0.04632,11593,1165066,0.147522,7897587
2,2021-02-15,32975,1561222,14945,781392,18030,779830,0,0,18335,803908,0.101792,14526,380344,0.04816,19186,1184252,0.149951,7897587
2,2021-02-16,55840,1617062,27621,809013,28219,808049,0,0,29469,807753,0.102278,26288,406632,0.051488,30133,1214385,0.153767,7897587
2,2021-02-17,61106,1678168,31644,840657,29462,837511,0,0,30416,808344,0.102353,30639,437271,0.055368,31230,1245615,0.157721,7897587
2,2021-02-18,65698,1743866,33415,874072,32283,869794,0,0,32103,808191,0.102334,33380,470651,0.059594,33227,1278842,0.161928,7897587
2,2021-02-19,58765,1802631,32794,906866,25971,895765,0,0,29216,808592,0.102385,29404,500055,0.063317,29805,1308647,0.165702,7897587
2,2021-02-20,36932,1839563,24140,931006,12792,908557,0,0,20110,812626,0.102895,16748,516803,0.065438,20782,1329429,0.168334,7897587
2,2021-02-21,18176,1857739,14737,945743,3439,911996,0,0,8836,812994,0.102942,9267,526070,0.066611,9635,1339064,0.169554,7897587
2,2021-02-22,37151,1894890,25537,971280,11614,923610,0,0,17779,812172,0.102838,19273,545343,0.069052,18451,1357515,0.17189,7897587
2,2021-02-23,50684,1945574,25818,997098,24866,948476,0,0,22350,808260,0.102343,28152,573495,0.072616,24240,1381755,0.174959,7897587
2,2021-02-24,67765,2013339,34884,1031982,32881,981357,0,0,31292,805569,0.102002,36338,609833,0.077218,33647,1415402,0.17922,7897587
2,2021-02-25,73354,2086693,34448,1066430,38906,1020263,0,0,37467,810141,0.102581,35687,645520,0.081736,40259,1455661,0.184317,7897587
2,2021-02-26,81465,2168158,34835,1101265,46630,1066893,0,0,44298,819689,0.10379,36928,682448,0.086412,46476,1502137,0.190202,7897587
2,2021-02-27,58876,2227034,26926,1128191,31946,1098839,4,4,32009,826343,0.104632,26686,709134,0.089791,33340,1535477,0.194424,7897587
2,2021-02-28,28988,2256022,17419,1145610,11568,1110407,1,5,16890,832059,0.105356,11998,721132,0.09131,17714,1553191,0.196667,7897587
2,2021-03-01,55316,2311338,29057,1174667,26236,1136643,23,28,30286,838725,0.1062,24822,745954,0.094453,31488,1584679,0.200654,7897587
2,2021-03-02,64583,2375921,29959,1204626,34619,1171262,5,33,36051,848687,0.107462,28424,774378,0.098052,38386,1623065,0.205514,7897587
2,2021-03-03,77851,2453772,37693,1242319,40151,1211413,7,40,43765,861078,0.109031,33919,808297,0.102347,46310,1669375,0.211378,7897587
2,2021-03-04,86071,2539843,42480,1284799,43564,1254977,27,67,49649,876859,0.111029,36253,844550,0.106938,52034,1721409,0.217966,7897587
2,2021-03-05,78627,2618470,36762,1321561,41567,1296544,298,365,48136,897319,0.113619,30317,874867,0.110776,50777,1772186,0.224396,7897587
2,2021-03-06,61347,2679817,29903,1351464,29781,1326325,1663,2028,37639,914446,0.115788,23605,898472,0.113765,40732,1812918,0.229553,7897587
2,2021-03-07,26835,2706652,15511,1366975,10377,1336702,947,2975,17194,924110,0.117012,9586,908058,0.114979,19250,1832168,0.231991,7897587
2,2021-03-08,48929,2755581,22303,1389278,24202,1360904,2424,5399,30833,941019,0.119153,17989,926047,0.117257,34898,1867066,0.23641,7897587
2,2021-03-09,63676,2819257,26397,1415675,33518,1394422,3761,9160,34057,950674,0.120375,29512,955559,0.120994,39167,1906233,0.241369,7897587
2,2021-03-10,75101,2894358,35072,1450747,33521,1427943,6508,15668,39662,962921,0.121926,35267,990826,0.125459,47514,1953747,0.247385,7897587
2,2021-03-11,91592,2985950,42295,1493042,40978,1468921,8319,23987,48205,977721,0.1238,43135,1033961,0.130921,57935,2011682,0.254721,7897587
2,2021-03-12,91897,3077847,37775,1530817,42234,1511155,11888,35875,46115,991500,0.125545,45603,1079564,0.136695,59382,2071064,0.26224,7897587
2,2021-03-13,67250,3145097,28163,1558980,31208,1542363,7879,43754,37021,1007578,0.12758,30122,1109686,0.140509,46200,2117264,0.26809,7897587
2,2021-03-14,35978,3181075,17820,1576800,13700,1556063,4458,48212,19187,1015278,0.128555,16710,1126396,0.142625,24410,2141674,0.271181,7897587
2,2021-03-15,66176,3247251,29822,1606622,31411,1587474,4943,53155,36750,1028836,0.130272,29238,1155634,0.146327,42796,2184470,0.2766,7897587
2,2021-03-16,85002,3332253,37514,1644136,43552,1631026,3936,57091,52131,1053310,0.133371,32722,1188356,0.150471,57196,2241666,0.283842,7897587
2,2021-03-17,90854,3423107,43420,1687556,43353,1674379,4081,61172,58060,1083721,0.137222,32581,1220937,0.154596,62992,2304658,0.291818,7897587
2,2021-03-18,96194,3519301,45829,1733385,45946,1720325,4419,65591,59524,1111826,0.14078,36404,1257341,0.159206,64509,2369167,0.299986,7897587
2,2021-03-19,95465,3614766,44937,1778322,44486,1764811,6042,71633,57515,1138194,0.144119,37705,1295046,0.16398,64073,2433240,0.308099,7897587
2,2021-03-20,68396,3683162,32826,1811148,31703,1796514,3867,75500,45613,1165433,0.147568,22590,1317636,0.16684,49829,2483069,0.314409,7897587
2,2021-03-21,32483,3715645,20885,1832033,9649,1806163,1949,77449,20629,1176676,0.148992,11757,1329393,0.168329,23000,2506069,0.317321,7897587
2,2021-03-22,61676,3777321,33777,1865810,25313,1831476,2586,80035,41661,1201976,0.152195,19834,1349227,0.17084,45134,2551203,0.323036,7897587
2,2021-03-23,82276,3859597,43557,1909367,35892,1867368,2827,82862,54068,1231723,0.155962,27983,1377210,0.174384,57730,2608933,0.330346,7897587
2,2021-03-24,90051,3949648,48449,1957816,38534,1905902,3068,85930,53946,1253721,0.158747,35843,1413053,0.178922,57841,2666774,0.337669,7897587
2,2021-03-25,99681,4049329,50198,2008014,45699,1951601,3784,89714,57586,1274038,0.16132,41820,1454873,0.184217,62137,2728911,0.345537,7897587
2,2021-03-26,101356,4150685,50226,2058240,47712,1999313,3418,93132,57210,1291886,0.16358,43835,1498708,0.189768,61683,2790594,0.353348,7897587
2,2021-03-27,73941,4224626,36769,2095009,33901,2033214,3271,96403,38125,1298522,0.16442,35617,1534325,0.194278,42253,2832847,0.358698,7897587
2,2021-03-28,36786,4261412,22513,2117522,13471,2046685,802,97205,20719,1304800,0.165215,15966,1550291,0.196299,22244,2855091,0.361514,7897587
2,2021-03-29,69962,4331374,35617,2153139,32153,2078838,2192,99397,40991,1320052,0.167146,28819,1579110,0.199948,44071,2899162,0.367095,7897587
2,2021-03-30,90545,4421919,44198,2197337,42082,2120920,4265,103662,55365,1345276,0.17034,35014,1614124,0.204382,60238,2959400,0.374722,7897587
2,2021-03-31,99387,4521306,51094,2248431,43298,2164218,4995,108657,58601,1368676,0.173303,40559,1654683,0.209518,63959,3023359,0.382821,7897587
2,2021-04-01,115349,4636655,55670,2304101,50757,2214975,8922,117579,63572,1390124,0.176019,51521,1706204,0.216041,72969,3096328,0.39206,7897587
2,2021-04-02,109381,4746036,50382,2354483,49171,2264146,9828,127407,59489,1410369,0.178582,49586,1755790,0.22232,69831,3166159,0.400902,7897587
2,2021-04-03,75254,4821290,36785,2391268,28950,2293096,9519,136926,37755,1420729,0.179894,37330,1793120,0.227047,47690,3213849,0.406941,7897587
2,2021-04-04,28817,4850107,14800,2406068,10202,2303298,3815,140741,13264,1422381,0.180103,15481,1808601,0.229007,17133,3230982,0.40911,7897587
2,2021-04-05,78102,4928209,38363,2444431,31122,2334420,8617,149358,38414,1430620,0.181146,39564,1848165,0.234016,47803,3278785,0.415163,7897587
2,2021-04-06,102615,5030824,50052,2494483,38036,2372456,14527,163885,49290,1441753,0.182556,53107,1901272,0.240741,64240,3343025,0.423297,7897587
2,2021-04-07,108668,5139492,54341,2548824,38346,2410802,15981,179866,51938,1453474,0.18404,56500,1957772,0.247895,68221,3411246,0.431935,7897587
2,2021-04-08,117231,5256723,56524,2605348,42286,2453088,18421,198287,54858,1465258,0.185532,62115,2019887,0.25576,73899,3485145,0.441292,7897587
2,2021-04-09,116648,5373371,56263,2661611,42583,2495671,17802,216089,55668,1478942,0.187265,60682,2080569,0.263444,74366,3559511,0.450709,7897587
2,2021-04-10,85429,5458800,37129,2698740,30436,2526107,17864,233953,35791,1483857,0.187887,49433,2130002,0.269703,54348,3613859,0.45759,7897587
2,2021-04-11,43857,5502657,22691,2721431,12677,2538784,8489,242442,18084,1485504,0.188096,25656,2155658,0.272951,27303,3641162,0.461047,7897587
2,2021-04-12,78690,5581347,36696,2758127,32763,2571547,9231,251673,35569,1488400,0.188463,42896,2198554,0.278383,45792,3686954,0.466846,7897587
2,2021-04-13,100383,5681730,52006,2810133,48130,2619677,247,251920,55324,1499992,0.18993,44859,2243413,0.284063,56451,3743405,0.473994,7897587
2,2021-04-14,104688,5786418,54943,2865076,49697,2669374,48,251968,54216,1505423,0.190618,50247,2293660,0.290425,55678,3799083,0.481044,7897587
2,2021-04-15,111206,5897624,59309,2924385,51833,2721207,64,252032,58655,1512945,0.191571,52232,2345892,0.297039,59754,3858837,0.48861,7897587
2,2021-04-16,108495,6006119,56510,2980895,51935,2773142,50,252082,55586,1516768,0.192055,52642,2398534,0.303705,56465,3915302,0.495759,7897587
2,2021-04-17,81360,6087479,41468,3022363,39879,2813021,13,252095,45928,1528296,0.193514,35263,2433797,0.30817,46791,3962093,0.501684,7897587
2,2021-04-18,33793,6121272,20226,3042589,13563,2826584,4,252099,16322,1528203,0.193503,17382,2451179,0.310371,17289,3979382,0.503873,7897587
2,2021-04-19,73171,6194443,39641,3082230,33520,2860104,10,252109,33647,1523135,0.192861,39338,2490517,0.315352,34270,4013652,0.508212,7897587
2,2021-04-20,94252,6288695,47180,3129410,47051,2907155,21,252130,46146,1522149,0.192736,47879,2538396,0.321414,46893,4060545,0.51415,7897587
2,2021-04-21,98434,6387129,52423,3181833,45957,2953112,54,252184,46956,1518844,0.192317,51182,2589578,0.327895,47877,4108422,0.520212,7897587
2,2021-04-22,104668,6491797,53739,3235572,50909,3004021,20,252204,46063,1507487,0.190879,58307,2647885,0.335278,46950,4155372,0.526157,7897587
2,2021-04-23,103706,6595503,54826,3290398,48864,3052885,16,252220,48184,1501368,0.190105,55217,2703102,0.342269,49098,4204470,0.532374,7897587
2,2021-04-24,78277,6673780,46518,3336916,31723,3084608,36,252256,41275,1506801,0.190793,36788,2739890,0.346927,42221,4246691,0.53772,7897587
2,2021-04-25,35826,6709606,22195,3359111,13617,3098225,14,252270,19598,1510742,0.191292,16123,2756013,0.348969,20064,4266755,0.540261,7897587
2,2021-04-26,67399,6777005,37688,3396799,29424,3127649,287,252557,30890,1506984,0.190816,36322,2792335,0.353568,32564,4299319,0.544384,7897587
2,2021-04-27,81863,6858868,43186,3439985,37540,3165189,1137,253694,35150,1497942,0.189671,46493,2838828,0.359455,37451,4336770,0.549126,7897587
2,2021-04-28,84280,6943148,44566,3484551,37898,3203087,1816,255510,36896,1490368,0.188712,47170,2885998,0.365428,39596,4376366,0.55414,7897587
2,2021-04-29,86875,7030023,46963,3531514,38263,3241350,1649,257159,33475,1472913,0.186502,53167,2939165,0.37216,35712,4412078,0.558662,7897587
2,2021-04-30,90889,7120912,50139,3581653,38821,3280171,1929,259088,35211,1455282,0.184269,55399,2994564,0.379175,37768,4449846,0.563444,7897587
2,2021-05-01,60360,7181272,36796,3618449,22029,3302200,1535,260623,23781,1445045,0.182973,36392,3030956,0.383783,26155,4476001,0.566756,7897587
2,2021-05-02,28709,7209981,19826,3638275,7913,3310113,970,261593,11041,1439579,0.182281,17566,3048522,0.386007,12100,4488101,0.568288,7897587
2,2021-05-03,58945,7268926,35064,3673339,21859,3331972,2022,263615,19760,1422620,0.180134,38997,3087519,0.390945,22038,4510139,0.571078,7897587
2,2021-05-04,77141,7346067,45777,3719116,29039,3361011,2325,265940,25147,1398722,0.177108,51759,3139278,0.397498,27861,4538000,0.574606,7897587
2,2021-05-05,77447,7423514,45882,3764998,29260,3390271,2305,268245,24280,1372777,0.173822,52865,3192143,0.404192,26920,4564920,0.578015,7897587
2,2021-05-06,79564,7503078,47952,3812950,28769,3419040,2843,271088,24481,1346043,0.170437,54681,3246824,0.411116,27947,4592867,0.581553,7897587
2,2021-05-07,80207,7583285,46243,3859193,31570,3450610,2394,273482,24910,1318800,0.166988,54990,3301814,0.418079,27747,4620614,0.585067,7897587
2,2021-05-08,52696,7635981,31857,3891050,19195,3469805,1644,275126,16559,1301779,0.164832,35907,3337721,0.422625,18886,4639500,0.587458,7897587
2,2021-05-09,21122,7657103,15082,3906132,5300,3475105,740,275866,6362,1294460,0.163906,14641,3352362,0.424479,7322,4646822,0.588385,7897587
2,2021-05-10,48130,7705233,26138,3932270,20183,3495288,1809,277675,13794,1276522,0.161634,34121,3386483,0.4288,16183,4663005,0.590434,7897587
2,2021-05-11,61465,7766698,32778,3965048,26745,3522033,1942,279617,18529,1254943,0.158902,42699,3429182,0.434206,21120,4684125,0.593108,7897587
2,2021-05-12,59212,7825910,31309,3996357,25916,3547949,1987,281604,17716,1233735,0.156217,41265,3470447,0.439431,20057,4704182,0.595648,7897587
2,2021-05-13,61879,7887789,35877,4032234,24291,3572240,1711,283315,22490,1219375,0.154398,39190,3509637,0.444394,24830,4729012,0.598792,7897587
2,2021-05-14,60056,7947845,35287,4067521,23027,3595267,1742,285057,21519,1204683,0.152538,38327,3547964,0.449247,23635,4752647,0.601785,7897587
2,2021-05-15,39649,7987494,27405,4094926,11093,3606360,1151,286208,14215,1195045,0.151318,25327,3573291,0.452454,15689,4768336,0.603771,7897587
3,2020-12-15,303,303,303,303,0,0,0,0,303,303,3.9e-05,0,0,0.0,303,303,3.9e-05,7688185
3,2020-12-16,2210,2513,2210,2513,0,0,0,0,2210,2513,0.000327,0,0,0.0,2210,2513,0.000327,7688185
3,2020-12-17,7605,10118,7605,10118,0,0,0,0,7605,10118,0.001316,0,0,0.0,7605,10118,0.001316,7688185
3,2020-12-18,12811,22929,12798,22916,13,13,0,0,12810,22928,0.002982,0,0,0.0,12810,22928,0.002982,7688185
3,2020-12-19,7045,29974,7034,29950,11,24,0,0,7109,30037,0.003907,0,0,0.0,7109,30037,0.003907,7688185
3,2020-12-20,5486,35460,5479,35429,7,31,0,0,5533,35569,0.004626,1,1,0.0,5533,35570,0.004627,7688185
3,2020-12-21,14270,49730,14247,49676,23,54,0,0,14335,49903,0.006491,1,2,0.0,14335,49905,0.006491,7688185
3,2020-12-22,14631,64361,14063,63739,568,622,0,0,14670,64573,0.008399,0,2,0.0,14670,64575,0.008399,7688185
3,2020-12-23,14663,79024,12075,75814,2588,3210,0,0,14689,79262,0.01031,0,2,0.0,14689,79264,0.01031,7688185
3,2020-12-24,6766,85790,4857,80671,1909,5119,0,0,6764,86025,0.011189,1,3,0.0,6764,86028,0.01119,7688185
3,2020-12-25,719,86509,663,81334,56,5175,0,0,718,86743,0.011283,0,3,0.0,718,86746,0.011283,7688185
3,2020-12-26,4598,91107,2986,84320,1612,6787,0,0,4596,91339,0.01188,0,3,0.0,4596,91342,0.011881,7688185
3,2020-12-27,2951,94058,1832,86152,1119,7906,0,0,2952,94291,0.012264,0,3,0.0,2952,94294,0.012265,7688185
3,2020-12-28,13476,107534,8616,94768,4860,12766,0,0,13504,107794,0.014021,1,4,1e-06,13504,107798,0.014021,7688185
3,2020-12-29,14911,122445,8431,103199,6480,19246,0,0,14940,122732,0.015964,2,6,1e-06,14940,122738,0.015964,7688185
3,2020-12-30,17939,140384,10046,113245,7893,27139,0,0,17929,140661,0.018296,0,6,1e-06,17929,140667,0.018297,7688185
3,2020-12-31,8323,148707,3214,116459,5109,32248,0,0,8323,148983,0.019378,1,7,1e-06,8323,148990,0.019379,7688185
3,2021-01-01,1179,149886,535,116994,644,32892,0,0,1176,150159,0.019531,0,7,1e-06,1176,150166,0.019532,7688185
3,2021-01-02,4998,154884,2478,119472,2520,35412,0,0,4998,155157,0.020181,0,7,1e-06,4998,155164,0.020182,7688185
3,2021-01-03,1595,156479,839,120311,756,36168,0,0,1586,156739,0.020387,4,11,1e-06,1586,156750,0.020388,7688185
3,2021-01-04,11967,168446,5988,126299,5979,42147,0,0,11940,168672,0.021939,7,18,2e-06,11940,168690,0.021941,7688185
3,2021-01-05,15585,184031,8044,134343,7541,49688,0,0,13986,181098,0.023555,1584,1602,0.000208,14010,182700,0.023764,7688185
3,2021-01-06,20102,204133,10512,144855,9590,59278,0,0,15858,192758,0.025072,4204,5806,0.000755,15864,198564,0.025827,7688185
3,2021-01-07,26045,230178,14833,159688,11212,70490,0,0,17000,200755,0.026112,9017,14823,0.001928,17014,215578,0.02804,7688185
3,2021-01-08,30025,260203,18347,178035,11678,82168,0,0,17936,206642,0.026878,12069,26892,0.003498,17956,233534,0.030376,7688185
3,2021-01-09,12309,272512,6959,184994,5350,87518,0,0,7827,210001,0.027315,4476,31368,0.00408,7835,241369,0.031395,7688185
3,2021-01-10,7157,279669,4460,189454,2697,90215,0,0,4020,210890,0.02743,3135,34503,0.004488,4024,245393,0.031918,7688185
3,2021-01-11,28701,308370,18779,208233,9922,100137,0,0,16240,214717,0.027928,12456,46959,0.006108,16283,261676,0.034036,7688185
3,2021-01-12,31909,340279,19090,227323,12819,112956,0,0,19533,221974,0.028872,12360,59319,0.007716,19617,281293,0.036588,7688185
3,2021-01-13,34309,374588,17951,245274,16358,129314,0,0,24231,236146,0.030715,10078,69397,0.009026,24250,305543,0.039742,7688185
3,2021-01-14,34321,408909,14133,259407,20188,149502,0,0,28458,258806,0.033663,5831,75228,0.009785,28491,334034,0.043448,7688185
3,2021-01-15,38544,447453,14408,273815,24136,173638,0,0,33941,288213,0.037488,4595,79823,0.010383,34002,368036,0.04787,7688185
3,2021-01-16,21741,469194,7603,281418,14138,187776,0,0,19436,305379,0.039721,2291,82114,0.010681,19457,387493,0.050401,7688185
3,2021-01-17,13110,482304,4466,285884,8644,196420,0,0,12086,316460,0.041162,1023,83137,0.010814,12104,399597,0.051975,7688185
3,2021-01-18,24573,506877,12805,298689,11768,208188,0,0,19071,330054,0.04293,5520,88657,0.011532,19114,418711,0.054462,7688185
3,2021-01-19,40676,547553,20779,319468,19897,228085,0,0,31642,352768,0.045884,9008,97665,0.012703,31722,450433,0.058588,7688185
3,2021-01-20,44779,592332,22088,341556,22691,250776,0,0,35478,379064,0.049305,9258,106923,0.013907,35554,485987,0.063212,7688185
3,2021-01-21,47140,639472,20346,361902,26794,277570,0,0,41731,415520,0.054047,5337,112260,0.014602,41793,527780,0.068648,7688185
3,2021-01-22,49245,688717,19674,381576,29571,307141,0,0,45143,456616,0.059392,4109,116369,0.015136,45205,572985,0.074528,7688185
3,2021-01-23,30004,718721,12740,394316,17264,324405,0,0,26687,480044,0.062439,3306,119675,0.015566,26734,599719,0.078005,7688185
3,2021-01-24,17607,736328,8486,402802,9121,333526,0,0,16463,495388,0.064435,1142,120817,0.015715,16486,616205,0.08015,7688185
3,2021-01-25,40308,776636,18065,420867,22243,355769,0,0,30459,516098,0.067129,9831,130648,0.016993,30541,646746,0.084122,7688185
3,2021-01-26,46623,823259,22315,443182,24308,380077,0,0,36693,542971,0.070624,9924,140572,0.018284,36797,683543,0.088908,7688185
3,2021-01-27,50322,873581,24382,467564,25940,406017,0,0,39831,572462,0.07446,10414,150986,0.019639,39905,723448,0.094099,7688185
3,2021-01-28,51323,924904,23842,491406,27481,433498,0,0,42504,606273,0.078858,8738,159724,0.020775,42549,765997,0.099633,7688185
3,2021-01-29,50190,975094,24171,515577,26019,459517,0,0,40766,637845,0.082964,9238,168962,0.021977,40810,806807,0.104941,7688185
3,2021-01-30,36590,1011684,17363,532940,19227,478744,0,0,32043,665468,0.086557,4498,173460,0.022562,32121,838928,0.109119,7688185
3,2021-01-31,22211,1033895,12824,545764,9387,488131,0,0,20727,684741,0.089064,1472,174932,0.022753,20745,859673,0.111817,7688185
3,2021-02-01,45027,1078922,20430,566194,24597,512728,0,0,34696,709186,0.092244,10289,185221,0.024092,34734,894407,0.116335,7688185
3,2021-02-02,54030,1132952,22725,588919,31305,544033,0,0,41404,738100,0.096004,12538,197759,0.025722,41452,935859,0.121727,7688185
3,2021-02-03,59612,1192564,26609,615528,33003,577036,0,0,44387,767487,0.099827,15067,212826,0.027682,44454,980313,0.127509,7688185
3,2021-02-04,63958,1256522,27825,643353,36133,613169,0,0,46923,797670,0.103753,16844,229670,0.029873,47027,1027340,0.133626,7688185
3,2021-02-05,69754,1326276,29724,673077,40030,653199,0,0,48257,824801,0.107282,21286,250956,0.032642,48417,1075757,0.139923,7688185
3,2021-02-06,43443,1369719,21161,694238,22282,675481,0,0,33699,848966,0.110425,9715,260671,0.033905,33880,1109637,0.14433,7688185
3,2021-02-07,19437,1389156,12317,706555,7120,682601,0,0,14951,859567,0.111804,4476,265147,0.034488,15077,1124714,0.146291,7688185
3,2021-02-08,50735,1439891,24469,731024,26266,708867,0,0,33306,875748,0.113908,17309,282456,0.036739,33490,1158204,0.150647,7688185
3,2021-02-09,58081,1497972,28266,759290,29815,738682,0,0,34108,886397,0.115293,23803,306259,0.039835,34452,1192656,0.155128,7688185
3,2021-02-10,67355,1565327,31333,790623,36022,774704,0,0,36588,892973,0.116149,30539,336798,0.043807,37115,1229771,0.159956,7688185
3,2021-02-11,70083,1635410,34625,825248,35458,810162,0,0,37762,899283,0.116969,31982,368780,0.047967,38292,1268063,0.164937,7688185
3,2021-02-12,74678,1710088,32358,857606,42320,852482,0,0,41387,908417,0.118158,33007,401787,0.05226,42141,1310204,0.170418,7688185
3,2021-02-13,44533,1754621,20246,877852,24287,876769,0,0,25715,916039,0.119149,18672,420459,0.054689,26294,1336498,0.173838,7688185
3,2021-02-14,27093,1781714,13556,891408,13537,890306,0,0,15173,919782,0.119636,11875,432334,0.056234,15618,1352116,0.175869,7688185
3,2021-02-15,39694,1821408,17127,908535,22567,912873,0,0,22008,925122,0.12033,17598,449932,0.058523,22938,1375054,0.178853,7688185
3,2021-02-16,69405,1890813,32824,941359,36581,949454,0,0,36232,929330,0.120878,33043,482975,0.06282,37251,1412305,0.183698,7688185
3,2021-02-17,71116,1961929,36023,977382,35093,984547,0,0,33920,927341,0.120619,36980,519955,0.06763,34991,1447296,0.188249,7688185
3,2021-02-18,76155,2038084,39795,1017177,36360,1020907,0,0,35598,923849,0.120165,40426,560381,0.072889,36934,1484230,0.193053,7688185
3,2021-02-19,67930,2106014,39192,1056369,28738,1049645,0,0,34470,925643,0.120398,33365,593746,0.077228,35159,1519389,0.197626,7688185
3,2021-02-20,41526,2147540,26320,1082689,15206,1064851,0,0,22062,928817,0.120811,19379,613125,0.079749,22553,1541942,0.20056,7688185
3,2021-02-21,19992,2167532,16241,1098930,3751,1068602,0,0,9300,927868,0.120688,10625,623750,0.081131,9676,1551618,0.201819,7688185
3,2021-02-22,44710,2212242,29142,1128072,15568,1084170,0,0,21191,926095,0.120457,23443,647193,0.08418,21670,1573288,0.204637,7688185
3,2021-02-23,59614,2271856,32377,1160449,27237,1111407,0,0,26318,921229,0.119824,33164,680357,0.088494,28298,1601586,0.208318,7688185
3,2021-02-24,75903,2347759,37100,1197549,38803,1150210,0,0,34032,916058,0.119151,41700,722057,0.093918,36529,1638115,0.213069,7688185
3,2021-02-25,84674,2432433,40947,1238496,43727,1193937,0,0,42633,919434,0.119591,41826,763883,0.099358,45202,1683317,0.218949,7688185
3,2021-02-26,95208,2527641,43332,1281828,51876,1245813,0,0,50933,928602,0.120783,43950,807833,0.105075,53118,1736435,0.225858,7688185
3,2021-02-27,66671,2594312,30328,1312156,36340,1282153,3,3,35287,933971,0.121481,31214,839047,0.109135,36583,1773018,0.230616,7688185
3,2021-02-28,37589,2631901,21836,1333992,15752,1297905,1,4,19500,936480,0.121808,17940,856987,0.111468,20449,1793467,0.233276,7688185
3,2021-03-01,65189,2697090,34517,1368509,30658,1328563,14,18,36514,945810,0.123021,28525,885512,0.115178,37855,1831322,0.2382,7688185
3,2021-03-02,74392,2771482,35475,1403984,38914,1367477,3,21,43000,959589,0.124813,31279,916791,0.119247,45058,1876380,0.24406,7688185
3,2021-03-03,86903,2858385,41271,1445255,45618,1413095,14,35,48469,972053,0.126435,38268,955059,0.124224,50732,1927112,0.250659,7688185
3,2021-03-04,91489,2949874,44746,1490001,46728,1459823,15,50,51957,986942,0.128371,39339,994398,0.129341,54228,1981340,0.257712,7688185
3,2021-03-05,87455,3037329,42465,1532466,44701,1504524,289,339,53303,1008812,0.131216,33938,1028336,0.133755,55808,2037148,0.264971,7688185
3,2021-03-06,63839,3101168,32065,1564531,29638,1534162,2136,2475,36531,1021762,0.1329,27184,1055520,0.137291,40134,2077282,0.270191,7688185
3,2021-03-07,36475,3137643,21535,1586066,13831,1547993,1109,3584,20903,1029409,0.133895,15524,1071044,0.13931,23171,2100453,0.273205,7688185
3,2021-03-08,57812,3195455,27391,1613457,27604,1575597,2817,6401,36648,1049364,0.13649,21053,1092097,0.142049,41008,2141461,0.278539,7688185
3,2021-03-09,70196,3265651,29775,1643232,36086,1611683,4335,10736,36498,1057788,0.137586,33590,1125687,0.146418,42014,2183475,0.284004,7688185
3,2021-03-10,80068,3345719,39438,1682670,34609,1646292,6021,16757,41446,1068205,0.138941,38456,1164143,0.15142,48873,2232348,0.290361,7688185
3,2021-03-11,95712,3441431,46843,1729513,40362,1686654,8507,25264,47183,1076721,0.140049,48292,1212435,0.157701,56808,2289156,0.29775,7688185
3,2021-03-12,100330,3541761,44602,1774115,43942,1730596,11786,37050,46102,1081698,0.140696,54055,1266490,0.164732,59032,2348188,0.305428,7688185
3,2021-03-13,68662,3610423,29074,1803189,32401,1762997,7187,44237,36099,1093904,0.142284,32464,1298954,0.168955,44670,2392858,0.311238,7688185
3,2021-03-14,40217,3650640,21143,1824332,15592,1778589,3482,47719,21858,1101582,0.143282,18300,1317254,0.171335,25978,2418836,0.314617,7688185
3,2021-03-15,74451,3725091,35292,1859624,34665,1813254,4494,52213,39551,1111887,0.144623,34744,1351998,0.175854,45049,2463885,0.320477,7688185
3,2021-03-16,93889,3818980,43235,1902859,46402,1859656,4252,56465,53544,1130448,0.147037,40161,1392159,0.181078,58722,2522607,0.328115,7688185
3,2021-03-17,96451,3915431,46809,1949668,45250,1904906,4392,60857,59141,1157524,0.150559,37126,1429285,0.185907,64202,2586809,0.336465,7688185
3,2021-03-18,101682,4017113,51583,2001251,45738,1950644,4361,65218,59546,1180055,0.153489,41932,1471217,0.191361,64463,2651272,0.34485,7688185
3,2021-03-19,101128,4118241,53964,2055215,42780,1993424,4384,69602,57604,1199282,0.15599,43303,1514520,0.196993,62530,2713802,0.352983,7688185
3,2021-03-20,70328,4188569,36214,2091429,30557,2023981,3557,73159,44481,1222128,0.158962,25691,1540211,0.200335,48537,2762339,0.359297,7688185
3,2021-03-21,35377,4223946,24044,2115473,9872,2033853,1461,74620,23001,1234750,0.160604,12308,1552519,0.201936,24930,2787269,0.362539,7688185
3,2021-03-22,69300,4293246,40697,2156170,26138,2059991,2465,77085,45242,1259581,0.163833,23884,1576403,0.205042,48715,2835984,0.368876,7688185
3,2021-03-23,88560,4381806,48822,2204992,37288,2097279,2450,79535,57245,1288874,0.167643,31104,1607507,0.209088,60397,2896381,0.376731,7688185
3,2021-03-24,97488,4479294,56213,2261205,38488,2135767,2787,82322,56974,1309016,0.170263,40223,1647730,0.21432,60365,2956746,0.384583,7688185
3,2021-03-25,105839,4585133,58873,2320078,44123,2179890,2843,85165,61090,1329128,0.172879,44472,1692202,0.220104,64584,3021330,0.392984,7688185
3,2021-03-26,108749,4693882,58280,2378358,47260,2227150,3209,88374,58022,1340737,0.174389,50470,1742672,0.226669,62079,3083409,0.401058,7688185
3,2021-03-27,73145,4767027,37047,2415405,33573,2260723,2525,90899,36639,1344245,0.174846,36331,1779003,0.231394,39839,3123248,0.40624,7688185
3,2021-03-28,43266,4810293,27164,2442569,15298,2276021,804,91703,23101,1348574,0.175409,20072,1799075,0.234005,24401,3147649,0.409414,7688185
3,2021-03-29,79515,4889808,41519,2484088,36225,2312246,1771,93474,44976,1361776,0.177126,34346,1833421,0.238473,47548,3195197,0.415598,7688185
3,2021-03-30,98746,4988554,48542,2532630,46648,2358894,3556,97030,59789,1386973,0.180403,38752,1872173,0.243513,63949,3259146,0.423916,7688185
3,2021-03-31,103573,5092127,55875,2588505,42973,2401867,4725,101755,57410,1403441,0.182545,46002,1918175,0.249496,62470,3321616,0.432042,7688185
3,2021-04-01,121592,5213719,61581,2650086,50604,2452471,9407,111162,66450,1424790,0.185322,54888,1973063,0.256636,76237,3397853,0.441958,7688185
3,2021-04-02,116003,5329722,56647,2706733,49337,2501808,10019,121181,61830,1443207,0.187718,53959,2027022,0.263654,72376,3470229,0.451372,7688185
3,2021-04-03,74943,5404665,38230,2744963,27711,2529519,9002,130183,37727,1453182,0.189015,37106,2064128,0.268481,47081,3517310,0.457495,7688185
3,2021-04-04,32145,5436810,17185,2762148,10814,2540333,4146,134329,14367,1454021,0.189124,17720,2081848,0.270785,18559,3535869,0.459909,7688185
3,2021-04-05,87938,5524748,44697,2806845,34314,2574647,8927,143256,43554,1463110,0.190306,44229,2126077,0.276538,53318,3589187,0.466845,7688185
3,2021-04-06,112094,5636842,54700,2861545,42412,2617059,14982,158238,53366,1473679,0.191681,58511,2184588,0.284149,69080,3658267,0.47583,7688185
3,2021-04-07,114710,5751552,59682,2921227,38994,2656053,16034,174272,56112,1487727,0.193508,58397,2242985,0.291744,72445,3730712,0.485253,7688185
3,2021-04-08,119783,5871335,59988,2981215,40001,2696054,19794,194066,56049,1500868,0.195217,63498,2306483,0.300004,76639,3807351,0.495221,7688185
3,2021-04-09,116523,5987858,58243,3039458,39437,2735491,18843,212909,51691,1507681,0.196104,64643,2371126,0.308412,71456,3878807,0.504515,7688185
3,2021-04-10,82515,6070373,37459,3076917,30045,2765536,15011,227920,33961,1509077,0.196285,48411,2419537,0.314708,49807,3928614,0.510994,7688185
3,2021-04-11,44569,6114942,23964,3100881,12672,2778208,7933,235853,17137,1507626,0.196096,27357,2446894,0.318267,25906,3954520,0.514363,7688185
3,2021-04-12,82796,6197738,41972,3142853,32254,2810462,8570,244423,38031,1510707,0.196497,44590,2491484,0.324067,47671,4002191,0.520564,7688185
3,2021-04-13,104149,6301887,56530,3199383,47413,2857875,206,244629,55354,1518512,0.197512,48622,2540106,0.330391,56427,4058618,0.527903,7688185
3,2021-04-14,105228,6407115,57771,3257154,47366,2905241,91,244720,53117,1521254,0.197869,51882,2591988,0.337139,54624,4113242,0.535008,7688185
3,2021-04-15,117432,6524547,66124,3323278,51252,2956493,56,244776,63341,1531569,0.199211,53864,2645852,0.344145,64179,4177421,0.543356,7688185
3,2021-04-16,113469,6638016,63786,3387064,49594,3006087,89,244865,59709,1538495,0.200112,53526,2699378,0.351107,60452,4237873,0.551219,7688185
3,2021-04-17,77584,6715600,42427,3429491,35145,3041232,12,244877,43409,1548828,0.201456,34036,2733414,0.355534,44369,4282242,0.55699,7688185
3,2021-04-18,36779,6752379,21806,3451297,14970,3056202,3,244880,17429,1547836,0.201327,19277,2752691,0.358042,18285,4300527,0.559368,7688185
3,2021-04-19,77833,6830212,43600,3494897,34181,3090383,52,244932,35378,1541476,0.200499,42313,2795004,0.363545,35953,4336480,0.564045,7688185
3,2021-04-20,97513,6927725,50604,3545501,46899,3137282,10,244942,47717,1540619,0.200388,49620,2844624,0.369999,48763,4385243,0.570387,7688185
3,2021-04-21,100418,7028143,55462,3600963,44895,3182177,61,245003,47783,1537038,0.199922,52382,2897006,0.376813,48801,4434044,0.576735,7688185
3,2021-04-22,108270,7136413,60515,3661478,47736,3229913,19,245022,46916,1523822,0.198203,61087,2958093,0.384758,47871,4481915,0.582961,7688185
3,2021-04-23,102455,7238868,58340,3719818,44093,3274006,22,245044,45149,1512965,0.196791,57018,3015111,0.392175,46161,4528076,0.588966,7688185
3,2021-04-24,72311,7311179,44891,3764709,27363,3301369,57,245101,35445,1512793,0.196769,36635,3051746,0.39694,36463,4564539,0.593708,7688185
3,2021-04-25,36081,7347260,23307,3788016,12760,3314129,14,245115,18621,1514455,0.196985,17354,3069100,0.399197,19016,4583555,0.596182,7688185
3,2021-04-26,67087,7414347,37911,3825927,28804,3342933,372,245487,28595,1506418,0.195939,38289,3107389,0.404177,30252,4613807,0.600117,7688185
3,2021-04-27,84172,7498519,44277,3870204,38500,3381433,1395,246882,33672,1491960,0.194059,50260,3157649,0.410714,35802,4649609,0.604773,7688185
3,2021-04-28,83284,7581803,46939,3917143,34271,3415704,2074,248956,33737,1478967,0.192369,49327,3206976,0.41713,36334,4685943,0.609499,7688185
3,2021-04-29,85157,7666960,48447,3965590,34565,3450269,2145,251101,29776,1456215,0.189409,55148,3262124,0.424304,32396,4718339,0.613713,7688185
3,2021-04-30,87470,7754430,49240,4014830,35801,3486070,2429,253530,32552,1436961,0.186905,54677,3316801,0.431415,35423,4753762,0.61832,7688185
3,2021-05-01,54088,7808518,34200,4049030,18461,3504531,1427,254957,19465,1423854,0.1852,34477,3351278,0.4359,21370,4775132,0.6211,7688185
3,2021-05-02,26371,7834889,17998,4067028,7366,3511897,1007,255964,9650,1417959,0.184434,16651,3367929,0.438066,10756,4785888,0.622499,7688185
3,2021-05-03,58514,7893403,34398,4101426,21792,3533689,2324,258288,17114,1396338,0.181621,41237,3409166,0.443429,19616,4805504,0.625051,7688185
3,2021-05-04,75160,7968563,43014,4144440,29535,3563224,2611,260899,21972,1368252,0.177968,52949,3462115,0.450316,24863,4830367,0.628284,7688185
3,2021-05-05,76026,8044589,45422,4189862,27974,3591198,2630,263529,20905,1337183,0.173927,54865,3516980,0.457453,23796,4854163,0.63138,7688185
3,2021-05-06,80605,8125194,50949,4240811,27227,3618425,2429,265958,20253,1300433,0.169147,59979,3576959,0.465254,23229,4877392,0.634401,7688185
3,2021-05-07,79195,8204389,49152,4289963,27484,3645909,2559,268517,21243,1266846,0.164778,57679,3634638,0.472756,24092,4901484,0.637535,7688185
3,2021-05-08,49956,8254345,30889,4320852,17440,3663349,1627,270144,13373,1245801,0.162041,36289,3670927,0.477476,15244,4916728,0.639517,7688185
3,2021-05-09,20324,8274669,14702,4335554,4833,3668182,789,270933,5599,1237649,0.160981,14607,3685534,0.479376,6455,4923183,0.640357,7688185
3,2021-05-10,46044,8320713,24728,4360282,19444,3687626,1872,272805,10980,1215876,0.158149,34878,3720412,0.483913,13105,4936288,0.642062,7688185
3,2021-05-11,59144,8379857,32602,4392884,24543,3712169,1999,274804,15000,1189339,0.154697,43962,3764374,0.489631,17425,4953713,0.644328,7688185
3,2021-05-12,58263,8438120,33230,4426114,22935,3735104,2098,276902,15313,1164251,0.151434,42761,3807135,0.495193,17673,4971386,0.646627,7688185
3,2021-05-13,64720,8502840,40592,4466706,22438,3757542,1690,278592,23097,1148105,0.149334,41452,3848587,0.500585,25306,4996692,0.649918,7688185
3,2021-05-14,58144,8560984,36089,4502795,20349,3777891,1706,280298,20962,1133942,0.147492,37011,3885598,0.505399,22848,5019540,0.65289,7688185
3,2021-05-15,35378,8596362,24850,4527645,9821,3787712,707,281005,13557,1126613,0.146538,21731,3907329,0.508225,14402,5033942,0.654763,7688185
4,2020-12-15,444,444,444,444,0,0,0,0,444,444,5.9e-05,0,0,0.0,444,444,5.9e-05,7584050
4,2020-12-16,2958,3402,2958,3402,0,0,0,0,2958,3402,0.000449,0,0,0.0,2958,3402,0.000449,7584050
4,2020-12-17,8526,11928,8526,11928,0,0,0,0,8526,11928,0.001573,0,0,0.0,8526,11928,0.001573,7584050
4,2020-12-18,15388,27316,15379,27307,9,9,0,0,15388,27316,0.003602,0,0,0.0,15388,27316,0.003602,7584050
4,2020-12-19,10232,37548,10225,37532,7,16,0,0,10167,37483,0.004942,0,0,0.0,10167,37483,0.004942,7584050
4,2020-12-20,7352,44900,7345,44877,7,23,0,0,7307,44790,0.005906,0,0,0.0,7307,44790,0.005906,7584050
4,2020-12-21,16276,61176,16253,61130,23,46,0,0,16209,60999,0.008043,0,0,0.0,16209,60999,0.008043,7584050
4,2020-12-22,17091,78267,16361,77491,730,776,0,0,17047,78046,0.010291,0,0,0.0,17047,78046,0.010291,7584050
4,2020-12-23,16922,95189,14235,91726,2687,3463,0,0,16894,94940,0.012518,0,0,0.0,16894,94940,0.012518,7584050
4,2020-12-24,8539,103728,5957,97683,2582,6045,0,0,8539,103479,0.013644,0,0,0.0,8539,103479,0.013644,7584050
4,2020-12-25,900,104628,796,98479,104,6149,0,0,900,104379,0.013763,0,0,0.0,900,104379,0.013763,7584050
4,2020-12-26,6166,110794,3865,102344,2301,8450,0,0,6166,110545,0.014576,0,0,0.0,6166,110545,0.014576,7584050
4,2020-12-27,3415,114209,1996,104340,1419,9869,0,0,3415,113960,0.015026,0,0,0.0,3415,113960,0.015026,7584050
4,2020-12-28,14956,129165,9243,113583,5713,15582,0,0,14926,128885,0.016994,1,1,0.0,14926,128886,0.016994,7584050
4,2020-12-29,15230,144395,8427,122010,6803,22385,0,0,15197,144082,0.018998,0,1,0.0,15197,144083,0.018998,7584050
4,2020-12-30,18866,163261,11051,133061,7815,30200,0,0,18855,162935,0.021484,2,3,0.0,18855,162938,0.021484,7584050
4,2020-12-31,8192,171453,3323,136384,4869,35069,0,0,8187,171120,0.022563,2,5,1e-06,8187,171125,0.022564,7584050
4,2021-01-01,1237,172690,527,136911,710,35779,0,0,1235,172353,0.022726,2,7,1e-06,1235,172360,0.022727,7584050
4,2021-01-02,5662,178352,3196,140107,2466,38245,0,0,5661,178013,0.023472,1,8,1e-06,5661,178021,0.023473,7584050
4,2021-01-03,2125,180477,1259,141366,866,39111,0,0,2111,180120,0.02375,4,12,2e-06,2111,180132,0.023751,7584050
4,2021-01-04,12949,193426,7063,148429,5886,44997,0,0,12901,192991,0.025447,30,42,6e-06,12901,193033,0.025452,7584050
4,2021-01-05,16768,210194,9917,158346,6851,51848,0,0,14743,205741,0.027128,2004,2046,0.00027,14754,207787,0.027398,7584050
4,2021-01-06,21472,231666,13159,171505,8313,60161,0,0,15629,215592,0.028427,5791,7837,0.001033,15642,223429,0.02946,7584050
4,2021-01-07,27754,259420,16922,188427,10832,70993,0,0,16976,221858,0.029253,10723,18560,0.002447,16989,240418,0.0317,7584050
4,2021-01-08,32610,292030,20921,209348,11689,82682,0,0,18472,226279,0.029836,14069,32629,0.004302,18490,258908,0.034138,7584050
4,2021-01-09,16153,308183,9556,218904,6597,89279,0,0,9420,228999,0.030195,6711,39340,0.005187,9431,268339,0.035382,7584050
4,2021-01-10,8706,316889,5623,224527,3083,92362,0,0,4108,228538,0.030134,4577,43917,0.005791,4116,272455,0.035925,7584050
4,2021-01-11,33264,350153,21803,246330,11461,103823,0,0,18771,232896,0.030709,14452,58369,0.007696,18810,291265,0.038405,7584050
4,2021-01-12,38087,388240,21877,268207,16210,120033,0,0,24075,243047,0.032047,13963,72332,0.009537,24114,315379,0.041585,7584050
4,2021-01-13,38416,426656,18910,287117,19506,139539,0,0,27230,259170,0.034173,11132,83464,0.011005,27255,342634,0.045178,7584050
4,2021-01-14,38878,465534,14862,301979,24016,163555,0,0,31837,284040,0.037452,6994,90458,0.011927,31864,374498,0.04938,7584050
4,2021-01-15,45053,510587,15596,317575,29457,193012,0,0,39539,318141,0.041949,5458,95916,0.012647,39559,414057,0.054596,7584050
4,2021-01-16,28529,539116,9342,326917,19187,212199,0,0,25427,340516,0.044899,3066,98982,0.013051,25441,439498,0.05795,7584050
4,2021-01-17,18946,558062,6650,333567,12296,224495,0,0,17436,356482,0.047004,1485,100467,0.013247,17451,456949,0.060251,7584050
4,2021-01-18,29424,587486,13665,347232,15759,240254,0,0,23475,374136,0.049332,5852,106319,0.014019,23506,480455,0.063351,7584050
4,2021-01-19,45759,633245,22946,370178,22813,263067,0,0,36451,401406,0.052928,9253,115572,0.015239,36523,516978,0.068166,7584050
4,2021-01-20,51543,684788,27355,397533,24188,287255,0,0,41152,432316,0.057003,10296,125868,0.016596,41206,558184,0.0736,7584050
4,2021-01-21,56288,741076,24918,422451,31370,318625,0,0,49909,475947,0.062756,6320,132188,0.01743,49951,608135,0.080186,7584050
4,2021-01-22,54785,795861,22007,444458,32778,351403,0,0,49713,520708,0.068658,4978,137166,0.018086,49739,657874,0.086744,7584050
4,2021-01-23,39373,835234,17405,461863,21968,373371,0,0,35081,551534,0.072723,4284,141450,0.018651,35110,692984,0.091374,7584050
4,2021-01-24,23897,859131,10494,472357,13403,386774,0,0,22027,571716,0.075384,1862,143312,0.018896,22044,715028,0.09428,7584050
4,2021-01-25,47605,906736,22002,494359,25603,412377,0,0,36580,597355,0.078765,10995,154307,0.020346,36634,751662,0.099111,7584050
4,2021-01-26,56277,963013,28743,523102,27534,439911,0,0,44176,629541,0.083009,12048,166355,0.021935,44234,795896,0.104943,7584050
4,2021-01-27,55141,1018154,26651,549753,28490,468401,0,0,44237,663060,0.087428,10771,177126,0.023355,44290,840186,0.110783,7584050
4,2021-01-28,56086,1074240,25320,575073,30766,499167,0,0,46236,699578,0.092243,9759,186885,0.024642,46277,886463,0.116885,7584050
4,2021-01-29,56027,1130267,26946,602019,29081,528248,0,0,45775,735269,0.096949,10111,196996,0.025975,45802,932265,0.122924,7584050
4,2021-01-30,37495,1167762,17086,619105,20409,548657,0,0,32256,762355,0.100521,5194,202190,0.02666,32280,964545,0.127181,7584050
4,2021-01-31,23800,1191562,12512,631617,11288,559945,0,0,22198,782981,0.10324,1587,203777,0.026869,22213,986758,0.13011,7584050
4,2021-02-01,48261,1239823,22807,654424,25454,585399,0,0,37915,810622,0.106885,10316,214093,0.028229,37957,1024715,0.135114,7584050
4,2021-02-02,55822,1295645,26324,680748,29498,614897,0,0,42086,839151,0.110647,13598,227691,0.030022,42127,1066842,0.140669,7584050
4,2021-02-03,61795,1357440,30407,711155,31388,646285,0,0,47591,872704,0.115071,14095,241786,0.031881,47648,1114490,0.146952,7584050
4,2021-02-04,67270,1424710,31377,742532,35893,682178,0,0,50635,906964,0.119588,16480,258266,0.034054,50740,1165230,0.153642,7584050
4,2021-02-05,72677,1497387,33691,776223,38986,721164,0,0,50785,936229,0.123447,21652,279918,0.036909,50917,1216147,0.160356,7584050
4,2021-02-06,48018,1545405,26012,802235,22006,743170,0,0,36596,961634,0.126797,11392,291310,0.038411,36797,1252944,0.165208,7584050
4,2021-02-07,26282,1571687,17349,819584,8933,752103,0,0,19915,975444,0.128618,6341,297651,0.039247,20151,1273095,0.167865,7584050
4,2021-02-08,58125,1629812,29849,849433,28276,780379,0,0,37867,993437,0.13099,20131,317782,0.041901,38124,1311219,0.172892,7584050
4,2021-02-09,66877,1696689,34082,883515,32795,813174,0,0,39288,1005599,0.132594,27525,345307,0.045531,39687,1350906,0.178125,7584050
4,2021-02-10,76842,1773531,38470,921985,38372,851546,0,0,40861,1011247,0.133339,35749,381056,0.050244,41397,1392303,0.183583,7584050
4,2021-02-11,80660,1854191,42086,964071,38574,890120,0,0,41827,1015116,0.133849,38617,419673,0.055336,42486,1434789,0.189185,7584050
4,2021-02-12,83762,1937953,37538,1001609,46224,936344,0,0,43247,1018802,0.134335,40344,460017,0.060656,44030,1478819,0.194991,7584050
4,2021-02-13,58336,1996289,29582,1031191,28754,965098,0,0,29818,1021112,0.134639,28404,488421,0.064401,30714,1509533,0.19904,7584050
4,2021-02-14,36637,2032926,19046,1050237,17591,982689,0,0,18834,1022842,0.134868,17758,506179,0.066743,19488,1529021,0.20161,7584050
4,2021-02-15,45885,2078811,21510,1071747,24375,1007064,0,0,23647,1025493,0.135217,22170,528349,0.069666,24821,1553842,0.204883,7584050
4,2021-02-16,79487,2158298,36388,1108135,43099,1050163,0,0,40660,1028625,0.13563,38734,567083,0.074773,41866,1595708,0.210403,7584050
4,2021-02-17,80792,2239090,38100,1146235,42692,1092855,0,0,38623,1026364,0.135332,42008,609091,0.080312,39747,1635455,0.215644,7584050
4,2021-02-18,82646,2321736,45502,1191737,37144,1129999,0,0,38418,1022182,0.13478,44069,653160,0.086123,39887,1675342,0.220903,7584050
4,2021-02-19,81604,2403340,51344,1243081,30260,1160259,0,0,40989,1023383,0.134939,40477,693637,0.09146,41678,1717020,0.226399,7584050
4,2021-02-20,48232,2451572,32210,1275291,16022,1176281,0,0,26399,1028691,0.135639,21776,715413,0.094331,27084,1744104,0.22997,7584050
4,2021-02-21,25751,2477323,20142,1295433,5609,1181890,0,0,11660,1026600,0.135363,14031,729444,0.096181,11940,1756044,0.231544,7584050
4,2021-02-22,52159,2529482,35905,1331338,16254,1198144,0,0,25351,1025665,0.13524,26722,756166,0.099705,25787,1781831,0.234945,7584050
4,2021-02-23,72349,2601831,39900,1371238,32449,1230593,0,0,31844,1018774,0.134331,40393,796559,0.105031,33502,1815333,0.239362,7584050
4,2021-02-24,87563,2689394,46107,1417345,41456,1272049,0,0,39746,1013039,0.133575,47624,844183,0.11131,41889,1857222,0.244885,7584050
4,2021-02-25,97870,2787264,50872,1468217,46998,1319047,0,0,47013,1011876,0.133422,50712,894895,0.117997,49549,1906771,0.251419,7584050
4,2021-02-26,103962,2891226,52386,1520603,51576,1370623,0,0,53757,1017985,0.134227,49979,944874,0.124587,56088,1962859,0.258814,7584050
4,2021-02-27,74763,2965989,40444,1561047,34313,1404936,6,6,39955,1024728,0.135116,34689,979563,0.129161,41432,2004291,0.264277,7584050
4,2021-02-28,44975,3010964,27869,1588916,17105,1422041,1,7,25050,1030863,0.135925,19794,999357,0.131771,25929,2030220,0.267696,7584050
4,2021-03-01,74564,3085528,43547,1632463,31002,1453043,15,22,41289,1040273,0.137166,33072,1032429,0.136132,42482,2072702,0.273298,7584050
4,2021-03-02,80655,3166183,44952,1677415,35699,1488742,4,26,47310,1056165,0.139261,33202,1065631,0.140509,49094,2121796,0.279771,7584050
4,2021-03-03,98034,3264217,51715,1729130,46308,1535050,11,37,54549,1069193,0.140979,43299,1108930,0.146219,56327,2178123,0.287198,7584050
4,2021-03-04,95515,3359732,52972,1782102,42529,1577579,14,51,52431,1080510,0.142471,42895,1151825,0.151875,54212,2232335,0.294346,7584050
4,2021-03-05,92374,3452106,49379,1831481,42683,1620262,312,363,54689,1099913,0.14503,37511,1189336,0.156821,56914,2289249,0.30185,7584050
4,2021-03-06,74872,3526978,41946,1873427,30326,1650588,2600,2963,45802,1120686,0.147769,28970,1218306,0.160641,49743,2338992,0.308409,7584050
4,2021-03-07,41474,3568452,26274,1899701,14041,1664629,1159,4122,24633,1130775,0.149099,16786,1235092,0.162854,26875,2365867,0.311953,7584050
4,2021-03-08,65054,3633506,33746,1933447,28139,1692768,3169,7291,42754,1155845,0.152405,22198,1257290,0.165781,47268,2413135,0.318186,7584050
4,2021-03-09,73748,3707254,34176,1967623,34478,1727246,5094,12385,38247,1164965,0.153607,35352,1292642,0.170442,44472,2457607,0.324049,7584050
4,2021-03-10,88114,3795368,44687,2012310,36037,1763283,7390,19775,44085,1173550,0.154739,43866,1336508,0.176226,52451,2510058,0.330965,7584050
4,2021-03-11,99798,3895166,52502,2064812,38947,1802230,8349,28124,46251,1175933,0.155053,53350,1389858,0.183261,55733,2565791,0.338314,7584050
4,2021-03-12,103368,3998534,50898,2115710,42276,1844506,10194,38318,44311,1172547,0.154607,58843,1448701,0.191019,55457,2621248,0.345626,7584050
4,2021-03-13,79877,4078411,37152,2152862,34377,1878883,8348,46666,37563,1177419,0.155249,42200,1490901,0.196584,47072,2668320,0.351833,7584050
4,2021-03-14,49016,4127427,27910,2180772,17521,1896404,3585,50251,25141,1182981,0.155983,23801,1514702,0.199722,29363,2697683,0.355705,7584050
4,2021-03-15,82927,4210354,44404,2225176,34328,1930732,4195,54446,42811,1190910,0.157028,39919,1554621,0.204986,47848,2745531,0.362014,7584050
4,2021-03-16,106588,4316942,55342,2280518,47892,1978624,3354,57800,57308,1203200,0.158649,49074,1603695,0.211456,61364,2806895,0.370105,7584050
4,2021-03-17,105122,4422064,56493,2337011,45235,2023859,3394,61194,62042,1226351,0.161701,42860,1646555,0.217108,66011,2872906,0.378809,7584050
4,2021-03-18,105324,4527388,58308,2395319,43405,2067264,3611,64805,60589,1246493,0.164357,44499,1691054,0.222975,64641,2937547,0.387332,7584050
4,2021-03-19,109242,4636630,62514,2457833,41616,2108880,5112,69917,63372,1269724,0.16742,45663,1736717,0.228996,68894,3006441,0.396416,7584050
4,2021-03-20,82329,4718959,48074,2505907,31308,2140188,2947,72864,51509,1293784,0.170593,30708,1767425,0.233045,54768,3061209,0.403638,7584050
4,2021-03-21,47313,4766272,34236,2540143,10850,2151038,2227,75091,28887,1306919,0.172325,18333,1785758,0.235462,31468,3092677,0.407787,7584050
4,2021-03-22,81035,4847307,52977,2593120,25411,2176449,2647,77738,51644,1332715,0.175726,29209,1814967,0.239314,55005,3147682,0.41504,7584050
4,2021-03-23,103183,4950490,61519,2654639,39570,2216019,2094,79832,64564,1361527,0.179525,38377,1853344,0.244374,67189,3214871,0.423899,7584050
4,2021-03-24,112186,5062676,72464,2727103,37418,2253437,2304,82136,64500,1381492,0.182158,47298,1900642,0.25061,67263,3282134,0.432768,7584050
4,2021-03-25,115562,5178238,71172,2798275,42090,2295527,2300,84436,67284,1403692,0.185085,47866,1948508,0.256922,70066,3352200,0.442007,7584050
4,2021-03-26,118081,5296319,71637,2869912,43453,2338980,2991,87427,66260,1422025,0.187502,51520,2000028,0.263715,69853,3422053,0.451217,7584050
4,2021-03-27,90143,5386462,53365,2923277,34999,2373979,1779,89206,46923,1428180,0.188314,43030,2043058,0.269389,49185,3471238,0.457702,7584050
4,2021-03-28,54933,5441395,36140,2959417,17927,2391906,866,90072,30673,1435906,0.189332,24136,2067194,0.272571,31862,3503100,0.461904,7584050
4,2021-03-29,92363,5533758,55477,3014894,34871,2426777,2015,92087,51578,1449452,0.191118,40590,2107784,0.277923,54136,3557236,0.469042,7584050
4,2021-03-30,115894,5649652,63156,3078050,48647,2475424,4091,96178,74028,1486334,0.195982,41683,2149467,0.283419,78565,3635801,0.479401,7584050
4,2021-03-31,119570,5769222,70655,3148705,42716,2518140,6199,102377,69208,1511884,0.19935,50094,2199561,0.290025,75644,3711445,0.489375,7584050
4,2021-04-01,140579,5909801,80452,3229157,47251,2565391,12876,115253,83536,1551826,0.204617,56755,2256316,0.297508,96697,3808142,0.502125,7584050
4,2021-04-02,134620,6044421,72127,3301284,49318,2614709,13175,128428,78319,1587652,0.209341,56070,2312386,0.304901,91896,3900038,0.514242,7584050
4,2021-04-03,99996,6144417,53372,3354656,33481,2648190,13143,141571,52456,1606179,0.211784,47384,2359770,0.311149,65911,3965949,0.522933,7584050
4,2021-04-04,46559,6190976,24565,3379221,14532,2662722,7462,149033,20622,1608469,0.212086,25860,2385630,0.314559,28150,3994099,0.526645,7584050
4,2021-04-05,108265,6299241,61033,3440254,34598,2697320,12634,161667,56875,1627348,0.214575,51228,2436858,0.321314,70107,4064206,0.535889,7584050
4,2021-04-06,137493,6436734,77562,3517816,40370,2737690,19561,181228,71886,1654054,0.218096,65419,2502277,0.329939,92125,4156331,0.548036,7584050
4,2021-04-07,135845,6572579,77193,3595009,38199,2775889,20453,201681,70769,1680746,0.221616,64875,2567152,0.338494,91567,4247898,0.560109,7584050
4,2021-04-08,138122,6710701,77295,3672304,35727,2811616,25100,226781,68965,1706559,0.225019,68929,2636081,0.347582,94742,4342640,0.572602,7584050
4,2021-04-09,135620,6846321,74523,3746827,38488,2850104,22609,249390,65174,1725134,0.227469,70270,2706351,0.356848,88845,4431485,0.584316,7584050
4,2021-04-10,101851,6948172,50469,3797296,32875,2882979,18507,267897,46134,1735296,0.228809,55551,2761902,0.364172,65713,4497198,0.592981,7584050
4,2021-04-11,61833,7010005,37692,3834988,13041,2896020,11100,278997,27282,1740296,0.229468,34475,2796377,0.368718,39475,4536673,0.598186,7584050
4,2021-04-12,101430,7111435,61712,3896700,29801,2925821,9917,288914,51421,1753086,0.231154,49764,2846141,0.37528,62554,4599227,0.606434,7584050
4,2021-04-13,128806,7240241,80799,3977499,47855,2973676,152,289066,77436,1780378,0.234753,51146,2897287,0.382024,78438,4677665,0.616777,7584050
4,2021-04-14,133637,7373878,85206,4062705,48360,3022036,71,289137,74598,1797459,0.237005,58786,2956073,0.389775,75867,4753532,0.62678,7584050
4,2021-04-15,154085,7527963,102683,4165388,51368,3073404,34,289171,95228,1834886,0.24194,58569,3014642,0.397498,95996,4849528,0.639438,7584050
4,2021-04-16,141394,7669357,89867,4255255,51453,3124857,74,289245,82832,1860130,0.245269,58360,3073002,0.405193,83604,4933132,0.650461,7584050
4,2021-04-17,99478,7768835,62846,4318101,36624,3161481,8,289253,58530,1879045,0.247763,40744,3113746,0.410565,59659,4992791,0.658328,7584050
4,2021-04-18,53606,7822441,35920,4354021,17683,3179164,3,289256,30524,1887529,0.248881,22980,3136726,0.413595,31464,5024255,0.662477,7584050
4,2021-04-19,99766,7922207,65998,4420019,33756,3212920,12,289268,51187,1890915,0.249328,48395,3185121,0.419976,51781,5076036,0.669304,7584050
4,2021-04-20,126621,8048828,74343,4494362,52273,3265193,5,289273,66517,1898636,0.250346,59838,3244959,0.427866,67559,5143595,0.678212,7584050
4,2021-04-21,126657,8175485,81383,4575745,45225,3310418,49,289322,64186,1901661,0.250745,62207,3307166,0.436069,65232,5208827,0.686813,7584050
4,2021-04-22,136420,8311905,89967,4665712,46434,3356852,19,289341,61233,1889101,0.249089,74896,3382062,0.445944,62336,5271163,0.695033,7584050
4,2021-04-23,129824,8441729,84046,4749758,45757,3402609,21,289362,56540,1873780,0.247069,73004,3455066,0.45557,57683,5328846,0.702639,7584050
4,2021-04-24,96700,8538429,65658,4815416,30990,3433599,52,289414,44675,1867756,0.246274,51790,3506856,0.462399,45766,5374612,0.708673,7584050
4,2021-04-25,49112,8587541,34951,4850367,14137,3447736,24,289438,25891,1870980,0.246699,23117,3529973,0.465447,26341,5400953,0.712146,7584050
4,2021-04-26,83127,8670668,55077,4905444,27681,3475417,369,289807,32784,1855276,0.244629,50121,3580094,0.472056,34417,5435370,0.716684,7584050
4,2021-04-27,105283,8775951,64868,4970312,38629,3514046,1786,291593,38155,1829077,0.241174,66866,3646960,0.480872,40667,5476037,0.722047,7584050
4,2021-04-28,99063,8875014,64300,5034612,32296,3546342,2467,294060,35416,1804154,0.237888,63421,3710381,0.489235,38498,5514535,0.727123,7584050
4,2021-04-29,100378,8975392,63621,5098233,34280,3580622,2477,296537,31413,1769905,0.233372,68705,3779086,0.498294,34456,5548991,0.731666,7584050
4,2021-04-30,100826,9076218,63419,5161652,34781,3615403,2626,299163,34407,1741413,0.229615,66133,3845219,0.507014,37641,5586632,0.736629,7584050
4,2021-05-01,68070,9144288,45371,5207023,20948,3636351,1751,300914,19796,1715465,0.226194,48118,3893337,0.513359,22170,5608802,0.739552,7584050
4,2021-05-02,37136,9181424,26307,5233330,9560,3645911,1269,302183,10496,1700824,0.224263,26542,3919879,0.516858,11901,5620703,0.741122,7584050
4,2021-05-03,77469,9258893,54257,5287587,20770,3666681,2442,304625,19070,1664479,0.219471,58195,3978074,0.524532,21850,5642553,0.744003,7584050
4,2021-05-04,97835,9356728,66464,5354051,28655,3695336,2716,307341,22220,1614390,0.212866,75380,4053454,0.534471,25291,5667844,0.747337,7584050
4,2021-05-05,98559,9455287,69185,5423236,26669,3722005,2705,310046,21521,1562124,0.205975,76764,4130218,0.544593,24498,5692342,0.750568,7584050
4,2021-05-06,108381,9563668,81127,5504363,24369,3746374,2885,312931,19321,1496760,0.197356,88679,4218897,0.556285,23315,5715657,0.753642,7584050
4,2021-05-07,101972,9665640,73187,5577550,26126,3772500,2659,315590,20183,1438520,0.189677,81477,4300374,0.567029,23237,5738894,0.756706,7584050
4,2021-05-08,65797,9731437,45024,5622574,18921,3791421,1852,317442,13110,1401315,0.184771,52496,4352870,0.573951,15291,5754185,0.758722,7584050
4,2021-05-09,33136,9764573,27017,5649591,5185,3796606,934,318376,7824,1384949,0.182613,25212,4378082,0.577275,8846,5763031,0.759888,7584050
4,2021-05-10,61656,9826229,40990,5690581,18410,3815016,2256,320632,10750,1347510,0.177677,50744,4428826,0.583966,13305,5776336,0.761643,7584050
4,2021-05-11,75560,9901789,46144,5736725,27450,3842466,1966,322598,14766,1304063,0.171948,60600,4489426,0.591956,17153,5793489,0.763904,7584050
4,2021-05-12,71109,9972898,46650,5783375,22284,3864750,2175,324773,15481,1266595,0.167008,55419,4544845,0.599264,17951,5811440,0.766271,7584050
4,2021-05-13,90620,10063518,66193,5849568,23062,3887812,1365,326138,34220,1246563,0.164366,56194,4601039,0.606673,36162,5847602,0.771039,7584050
4,2021-05-14,69580,10133098,47361,5896929,20517,3908329,1702,327840,25186,1229426,0.162107,44214,4645253,0.612503,27077,5874679,0.77461,7584050
4,2021-05-15,48377,10181475,36867,5933796,10756,3919085,754,328594,20268,1222603,0.161207,27998,4673251,0.616195,21175,5895854,0.777402,7584050
