vemquartile,administered_date,total_doses,cumulative_total_doses,pfizer_doses,cumulative_pfizer_doses,moderna_doses,cumulative_moderna_doses,jj_doses,cumulative_jj_doses,partially_vaccinated,total_partially_vaccinated,pct_age16pop_partially_vaccinated,fully_vaccinated,cumulative_fully_vaccinated,pct_age16pop_fully_vaccinated,at_least_one_dose,cumulative_at_least_one_dose,pct_age16pop_at_least_one_dose,age16_population
1,2020-12-15,148,148,148,148,0,0,0,0,148,148,1.8e-05,0,0,0.0,148,148,1.8e-05,8051741
1,2020-12-16,1154,1302,1154,1302,0,0,0,0,1154,1302,0.000162,0,0,0.0,1154,1302,0.000162,8051741
1,2020-12-17,4107,5409,4107,5409,0,0,0,0,4108,5410,0.000672,0,0,0.0,4108,5410,0.000672,8051741
1,2020-12-18,6244,11653,6224,11633,20,20,0,0,6246,11656,0.001448,0,0,0.0,6246,11656,0.001448,8051741
1,2020-12-19,2865,14518,2864,14497,1,21,0,0,2863,14518,0.001803,1,1,0.0,2863,14519,0.001803,8051741
1,2020-12-20,2102,16620,2097,16594,5,26,0,0,2103,16621,0.002064,0,1,0.0,2103,16622,0.002064,8051741
1,2020-12-21,7599,24219,7588,24182,11,37,0,0,7650,24271,0.003014,0,1,0.0,7650,24272,0.003015,8051741
1,2020-12-22,7270,31489,6931,31113,339,376,0,0,7273,31543,0.003918,1,2,0.0,7273,31545,0.003918,8051741
1,2020-12-23,7775,39264,6557,37670,1218,1594,0,0,7770,39313,0.004883,0,2,0.0,7770,39315,0.004883,8051741
1,2020-12-24,3293,42557,2358,40028,935,2529,0,0,3295,42608,0.005292,0,2,0.0,3295,42610,0.005292,8051741
1,2020-12-25,232,42789,149,40177,83,2612,0,0,232,42840,0.005321,0,2,0.0,232,42842,0.005321,8051741
1,2020-12-26,1355,44144,966,41143,389,3001,0,0,1354,44193,0.005489,1,3,0.0,1354,44196,0.005489,8051741
1,2020-12-27,853,44997,527,41670,326,3327,0,0,853,45046,0.005595,0,3,0.0,853,45049,0.005595,8051741
1,2020-12-28,7000,51997,4741,46411,2259,5586,0,0,6999,52045,0.006464,0,3,0.0,6999,52048,0.006464,8051741
1,2020-12-29,8826,60823,4973,51384,3853,9439,0,0,8823,60867,0.007559,1,4,0.0,8823,60871,0.00756,8051741
1,2020-12-30,11580,72403,6471,57855,5109,14548,0,0,11580,72447,0.008998,0,4,0.0,11580,72451,0.008998,8051741
1,2020-12-31,5922,78325,1951,59806,3971,18519,0,0,5921,78367,0.009733,1,5,1e-06,5921,78372,0.009734,8051741
1,2021-01-01,529,78854,178,59984,351,18870,0,0,529,78896,0.009799,0,5,1e-06,529,78901,0.009799,8051741
1,2021-01-02,2880,81734,1744,61728,1136,20006,0,0,2882,81778,0.010157,0,5,1e-06,2882,81783,0.010157,8051741
1,2021-01-03,1016,82750,542,62270,474,20480,0,0,1014,82791,0.010282,1,6,1e-06,1014,82797,0.010283,8051741
1,2021-01-04,7306,90056,3563,65833,3743,24223,0,0,7311,90101,0.01119,1,7,1e-06,7311,90108,0.011191,8051741
1,2021-01-05,10714,100770,5160,70993,5554,29777,0,0,9971,99363,0.012341,730,737,9.2e-05,9992,100100,0.012432,8051741
1,2021-01-06,13936,114706,7020,78013,6916,36693,0,0,12070,109611,0.013613,1828,2565,0.000319,12076,112176,0.013932,8051741
1,2021-01-07,17350,132056,9069,87082,8281,44974,0,0,12930,118226,0.014683,4322,6887,0.000855,12937,125113,0.015539,8051741
1,2021-01-08,20025,152081,10387,97469,9638,54612,0,0,14178,126579,0.015721,5830,12717,0.001579,14183,139296,0.0173,8051741
1,2021-01-09,6618,158699,3353,100822,3265,57877,0,0,4785,129550,0.01609,1818,14535,0.001805,4789,144085,0.017895,8051741
1,2021-01-10,3053,161752,1737,102559,1316,59193,0,0,1866,130246,0.016176,1171,15706,0.001951,1867,145952,0.018127,8051741
1,2021-01-11,17990,179742,11781,114340,6209,65402,0,0,11482,135283,0.016802,6482,22188,0.002756,11519,157471,0.019557,8051741
1,2021-01-12,18781,198523,10623,124963,8158,73560,0,0,12829,142234,0.017665,5911,28099,0.00349,12862,170333,0.021155,8051741
1,2021-01-13,19619,218142,10562,135525,9057,82617,0,0,14493,151637,0.018833,5103,33202,0.004124,14506,184839,0.022956,8051741
1,2021-01-14,21916,240058,9462,144987,12454,95071,0,0,19186,168191,0.020889,2671,35873,0.004455,19225,204064,0.025344,8051741
1,2021-01-15,25094,265152,9287,154274,15807,110878,0,0,23179,189549,0.023541,1865,37738,0.004687,23223,227287,0.028228,8051741
1,2021-01-16,13842,278994,4540,158814,9302,120180,0,0,13002,201715,0.025052,838,38576,0.004791,13004,240291,0.029843,8051741
1,2021-01-17,5166,284160,1987,160801,3179,123359,0,0,4800,206158,0.025604,362,38938,0.004836,4805,245096,0.03044,8051741
1,2021-01-18,14170,298330,8523,169324,5647,129006,0,0,11035,214112,0.026592,3123,42061,0.005224,11077,256173,0.031816,8051741
1,2021-01-19,24524,322854,12779,182103,11745,140751,0,0,19399,228450,0.028373,5110,47171,0.005858,19448,275621,0.034231,8051741
1,2021-01-20,28298,351152,13891,195994,14407,155158,0,0,22705,245649,0.030509,5540,52711,0.006547,22739,298360,0.037055,8051741
1,2021-01-21,30542,381694,14207,210201,16335,171493,0,0,27431,270090,0.033544,3057,55768,0.006926,27498,325858,0.040471,8051741
1,2021-01-22,28014,409708,11134,221335,16880,188373,0,0,26056,294255,0.036546,1917,57685,0.007164,26082,351940,0.04371,8051741
1,2021-01-23,18619,428327,8183,229518,10436,198809,0,0,16701,309062,0.038384,1906,59591,0.007401,16713,368653,0.045786,8051741
1,2021-01-24,6646,434973,4152,233670,2494,201303,0,0,5997,314420,0.03905,643,60234,0.007481,6001,374654,0.046531,8051741
1,2021-01-25,24754,459727,10256,243926,14498,215801,0,0,19313,328395,0.040786,5422,65656,0.008154,19397,394051,0.04894,8051741
1,2021-01-26,28276,488003,13301,257227,14975,230776,0,0,21798,343773,0.042695,6436,72092,0.008954,21814,415865,0.051649,8051741
1,2021-01-27,31444,519447,15329,272556,16115,246891,0,0,23596,359608,0.044662,7785,79877,0.00992,23620,439485,0.054583,8051741
1,2021-01-28,34283,553730,16024,288580,18259,265150,0,0,27590,380606,0.04727,6638,86515,0.010745,27636,467121,0.058015,8051741
1,2021-01-29,33204,586934,16313,304893,16891,282041,0,0,26788,401133,0.049819,6292,92807,0.011526,26819,493940,0.061346,8051741
1,2021-01-30,19959,606893,8621,313514,11338,293379,0,0,17975,417154,0.051809,1961,94768,0.01177,17982,511922,0.063579,8051741
1,2021-01-31,7588,614481,4989,318503,2599,295978,0,0,6854,423278,0.05257,732,95500,0.011861,6856,518778,0.064431,8051741
1,2021-02-01,28095,642576,12129,330632,15966,311944,0,0,20729,436689,0.054235,7324,102824,0.01277,20735,539513,0.067006,8051741
1,2021-02-02,31796,674372,11468,342100,20328,332272,0,0,23932,452849,0.056242,7804,110628,0.01374,23964,563477,0.069982,8051741
1,2021-02-03,38886,713258,14857,356957,24029,356301,0,0,28177,470483,0.058432,10571,121199,0.015053,28205,591682,0.073485,8051741
1,2021-02-04,43583,756841,17064,374021,26519,382820,0,0,31638,490326,0.060897,11840,133039,0.016523,31683,623365,0.07742,8051741
1,2021-02-05,46600,803441,17325,391346,29275,412095,0,0,30683,505248,0.06275,15805,148844,0.018486,30727,654092,0.081236,8051741
1,2021-02-06,26429,829870,10452,401798,15977,428072,0,0,20629,520135,0.064599,5756,154600,0.019201,20643,674735,0.0838,8051741
1,2021-02-07,6170,836040,3955,405753,2215,430287,0,0,4601,523203,0.06498,1550,156150,0.019393,4618,679353,0.084373,8051741
1,2021-02-08,30969,867009,14024,419777,16945,447232,0,0,20665,533743,0.066289,10205,166355,0.020661,20745,700098,0.08695,8051741
1,2021-02-09,37848,904857,16567,436344,21281,468513,0,0,23252,542584,0.067387,14481,180836,0.022459,23322,723420,0.089846,8051741
1,2021-02-10,46489,951346,22011,458355,24478,492991,0,0,26796,549900,0.068296,19554,200390,0.024888,26870,750290,0.093184,8051741
1,2021-02-11,50355,1001701,24771,483126,25584,518575,0,0,30662,561167,0.069695,19491,219881,0.027309,30758,781048,0.097004,8051741
1,2021-02-12,49261,1050962,21283,504409,27978,546553,0,0,28394,568950,0.070662,20739,240620,0.029884,28522,809570,0.100546,8051741
1,2021-02-13,26019,1076981,11305,515714,14714,561267,0,0,15103,573281,0.0712,10848,251468,0.031232,15179,824749,0.102431,8051741
1,2021-02-14,11580,1088561,5464,521178,6116,567383,0,0,6606,575007,0.071414,4945,256413,0.031846,6671,831420,0.10326,8051741
1,2021-02-15,23282,1111843,9212,530390,14070,581453,0,0,14177,580291,0.07207,9009,265422,0.032965,14293,845713,0.105035,8051741
1,2021-02-16,46275,1158118,22078,552468,24197,605650,0,0,27401,588985,0.07315,18814,284236,0.035301,27508,873221,0.108451,8051741
1,2021-02-17,47570,1205688,23991,576459,23579,629229,0,0,25913,593476,0.073708,21557,305793,0.037978,26048,899269,0.111686,8051741
1,2021-02-18,49981,1255669,24914,601373,25067,654296,0,0,26125,596140,0.074039,23661,329454,0.040917,26325,925594,0.114956,8051741
1,2021-02-19,45198,1300867,24481,625854,20717,675013,0,0,25645,602385,0.074814,19461,348915,0.043334,25706,951300,0.118148,8051741
1,2021-02-20,26498,1327365,16048,641902,10450,685463,0,0,15159,606318,0.075303,11302,360217,0.044738,15235,966535,0.12004,8051741
1,2021-02-21,9943,1337308,8716,650618,1227,686690,0,0,5937,608332,0.075553,3971,364188,0.045231,5985,972520,0.120784,8051741
1,2021-02-22,29688,1366996,19488,670106,10200,696890,0,0,17505,613794,0.076231,12138,376326,0.046738,17600,990120,0.12297,8051741
1,2021-02-23,41864,1408860,20099,690205,21765,718655,0,0,23295,618986,0.076876,18454,394780,0.04903,23646,1013766,0.125906,8051741
1,2021-02-24,52343,1461203,25315,715520,27028,745683,0,0,29526,626236,0.077776,22723,417503,0.051853,29973,1043739,0.129629,8051741
1,2021-02-25,63503,1524706,30487,746007,33016,778699,0,0,39594,642508,0.079797,23819,441322,0.054811,40091,1083830,0.134608,8051741
1,2021-02-26,71430,1596136,33626,779633,37804,816503,0,0,47413,666511,0.082778,23878,465200,0.057776,47881,1131711,0.140555,8051741
1,2021-02-27,48359,1644495,21628,801261,26726,843229,5,5,31955,682431,0.084756,16302,481502,0.059801,32222,1163933,0.144557,8051741
1,2021-02-28,19002,1663497,11301,812562,7701,850930,0,5,14039,691701,0.085907,4911,486413,0.060411,14181,1178114,0.146318,8051741
1,2021-03-01,43062,1706559,19659,832221,23392,874322,11,16,28088,705149,0.087577,14877,501290,0.062259,28325,1206439,0.149836,8051741
1,2021-03-02,58336,1764895,23932,856153,34399,908721,5,21,37139,721804,0.089646,21096,522386,0.064879,37751,1244190,0.154524,8051741
1,2021-03-03,67688,1832583,31790,887943,35886,944607,12,33,41083,736993,0.091532,26495,548881,0.068169,41684,1285874,0.159701,8051741
1,2021-03-04,75392,1907975,34750,922693,40609,985216,33,66,48289,758861,0.094248,26958,575839,0.071517,48826,1334700,0.165765,8051741
1,2021-03-05,73885,1981860,32831,955524,40853,1026069,201,267,49183,784362,0.097415,24513,600352,0.074562,50014,1384714,0.171977,8051741
1,2021-03-06,56182,2038042,26622,982146,28234,1054303,1326,1593,38201,806329,0.100143,17924,618276,0.076788,39891,1424605,0.176931,8051741
1,2021-03-07,19392,2057434,12232,994378,6371,1060674,789,2382,14524,817050,0.101475,4854,623130,0.077391,15575,1440180,0.178866,8051741
1,2021-03-08,43171,2100605,20438,1014816,20880,1081554,1853,4235,30160,836461,0.103886,12942,636072,0.078998,32353,1472533,0.182884,8051741
1,2021-03-09,59688,2160293,25975,1040791,31255,1112809,2458,6693,35762,851190,0.105715,23832,659904,0.081958,38561,1511094,0.187673,8051741
1,2021-03-10,70312,2230605,34546,1075337,31436,1144245,4330,11023,43426,872553,0.108368,26771,686675,0.085283,48134,1559228,0.193651,8051741
1,2021-03-11,87667,2318272,39913,1115250,39846,1184091,7908,18931,51407,896285,0.111316,36051,722726,0.08976,59783,1619011,0.201076,8051741
1,2021-03-12,94142,2412414,40813,1156063,41051,1225142,12278,31209,54475,924025,0.114761,39502,762228,0.094666,67242,1686253,0.209427,8051741
1,2021-03-13,62869,2475283,28159,1184222,27030,1252172,7680,38889,40058,949394,0.117912,22715,784943,0.097487,48084,1734337,0.215399,8051741
1,2021-03-14,26784,2502067,14262,1198484,9027,1261199,3495,42384,15858,958064,0.118988,10882,795825,0.098839,19552,1753889,0.217827,8051741
1,2021-03-15,63285,2565352,27451,1225935,29254,1290453,6580,48964,37541,976954,0.121335,25591,821416,0.102017,44481,1798370,0.223352,8051741
1,2021-03-16,83571,2648923,37593,1263528,40494,1330947,5484,54448,52694,1004786,0.124791,30719,852135,0.105832,58551,1856921,0.230624,8051741
1,2021-03-17,89952,2738875,43165,1306693,40291,1371238,6496,60944,57996,1037851,0.128898,31820,883955,0.109784,64885,1921806,0.238682,8051741
1,2021-03-18,94945,2833820,48147,1354840,41308,1412546,5490,66434,58916,1066990,0.132517,35732,919687,0.114222,64871,1986677,0.246739,8051741
1,2021-03-19,99917,2933737,51175,1406015,42682,1455228,6060,72494,59690,1093230,0.135776,39987,959674,0.119188,66227,2052904,0.254964,8051741
1,2021-03-20,69761,3003498,35911,1441926,28672,1483900,5178,77672,45893,1120824,0.139203,23736,983410,0.122136,51330,2104234,0.261339,8051741
1,2021-03-21,25798,3029296,17785,1459711,6251,1490151,1762,79434,16755,1130452,0.140398,8977,992387,0.123251,18605,2122839,0.26365,8051741
1,2021-03-22,57543,3086839,29479,1489190,24876,1515027,3188,82622,39464,1155537,0.143514,17921,1010308,0.125477,43006,2165845,0.268991,8051741
1,2021-03-23,80812,3167651,40760,1529950,36543,1551570,3509,86131,52580,1184020,0.147051,28063,1038371,0.128962,56546,2222391,0.276014,8051741
1,2021-03-24,85049,3252700,42758,1572708,38061,1589631,4230,90361,52104,1207783,0.150003,32749,1071120,0.13303,56512,2278903,0.283032,8051741
1,2021-03-25,93155,3345855,46977,1619685,40605,1630236,5573,95934,54072,1228811,0.152614,38841,1109961,0.137854,59869,2338772,0.290468,8051741
1,2021-03-26,100527,3446382,48555,1668240,45839,1676075,6133,102067,56357,1247686,0.154959,43917,1153878,0.143308,62792,2401564,0.298266,8051741
1,2021-03-27,71169,3517551,36801,1705041,30645,1706720,3723,105790,37621,1255864,0.155974,33370,1187248,0.147452,41548,2443112,0.303427,8051741
1,2021-03-28,31207,3548758,20071,1725112,9937,1716657,1199,106989,16639,1259549,0.156432,14483,1201731,0.149251,18168,2461280,0.305683,8051741
1,2021-03-29,64890,3613648,32436,1757548,29678,1746335,2776,109765,37040,1271863,0.157961,27718,1229449,0.152694,40032,2501312,0.310655,8051741
1,2021-03-30,88988,3702636,43623,1801171,39439,1785774,5926,115691,50731,1290499,0.160276,38136,1267585,0.15743,56772,2558084,0.317706,8051741
1,2021-03-31,96964,3799600,50631,1851802,40609,1826383,5724,121415,55523,1310620,0.162775,41212,1308797,0.162548,61333,2619417,0.325323,8051741
1,2021-04-01,106793,3906393,51135,1902937,47701,1874084,7957,129372,55497,1323133,0.164329,51027,1359824,0.168886,63540,2682957,0.333215,8051741
1,2021-04-02,105727,4012120,48120,1951057,48430,1922514,9177,138549,54855,1336875,0.166036,50538,1410362,0.175162,64280,2747237,0.341198,8051741
1,2021-04-03,75179,4087299,37418,1988475,28525,1951039,9236,147785,35681,1342528,0.166738,39359,1449721,0.180051,45012,2792249,0.346788,8051741
1,2021-04-04,23449,4110748,11661,2000136,8357,1959396,3431,151216,10171,1342886,0.166782,13237,1462958,0.181695,13595,2805844,0.348477,8051741
1,2021-04-05,73260,4184008,34975,2035111,29408,1988804,8877,160093,34136,1347116,0.167307,38979,1501937,0.186536,43209,2849053,0.353843,8051741
1,2021-04-06,101368,4285376,47956,2083067,37101,2025905,16311,176404,46692,1355714,0.168375,54479,1556416,0.193302,63077,2912130,0.361677,8051741
1,2021-04-07,107892,4393268,51935,2135002,38821,2064726,17136,193540,49922,1365061,0.169536,57774,1614190,0.200477,67121,2979251,0.370013,8051741
1,2021-04-08,118162,4511430,55455,2190457,42302,2107028,20405,213945,53217,1374145,0.170664,64661,1678851,0.208508,73745,3052996,0.379172,8051741
1,2021-04-09,116247,4627677,52178,2242635,43926,2150954,20143,234088,51881,1382221,0.171667,64085,1742936,0.216467,72161,3125157,0.388134,8051741
1,2021-04-10,92851,4720528,41382,2284017,29239,2180193,22230,256318,36794,1385368,0.172058,55925,1798861,0.223413,59072,3184229,0.395471,8051741
1,2021-04-11,34822,4755350,19132,2303149,9214,2189407,6476,262794,14380,1385956,0.172131,20395,1819256,0.225946,20983,3205212,0.398077,8051741
1,2021-04-12,72149,4827499,32025,2335174,30302,2219709,9822,272616,31059,1386127,0.172152,40886,1860142,0.231024,41057,3246269,0.403176,8051741
1,2021-04-13,93621,4921120,49478,2384652,43814,2263523,329,272945,50257,1393900,0.173118,43156,1903298,0.236383,50929,3297198,0.409501,8051741
1,2021-04-14,100332,5021452,51965,2436617,48303,2311826,64,273009,51452,1397183,0.173526,48596,1951894,0.242419,51879,3349077,0.415944,8051741
1,2021-04-15,101279,5122731,54831,2491448,46364,2358190,84,273093,54506,1405641,0.174576,46307,1998201,0.24817,54765,3403842,0.422746,8051741
1,2021-04-16,104495,5227226,53730,2545178,50679,2408869,86,273179,52644,1407059,0.174752,51489,2049690,0.254565,52907,3456749,0.429317,8051741
1,2021-04-17,78950,5306176,42744,2587922,36199,2445068,7,273186,44386,1417213,0.176013,34401,2084091,0.258837,44555,3501304,0.434851,8051741
1,2021-04-18,27781,5333957,18388,2606310,9387,2454455,6,273192,14541,1418784,0.176208,13174,2097265,0.260473,14745,3516049,0.436682,8051741
1,2021-04-19,63999,5397956,32687,2638997,31302,2485757,10,273202,29251,1413698,0.175577,34472,2131737,0.264755,29386,3545435,0.440331,8051741
1,2021-04-20,83864,5481820,41991,2680988,41855,2527612,18,273220,39883,1410081,0.175127,43714,2175451,0.270184,40097,3585532,0.445311,8051741
1,2021-04-21,90631,5572451,46179,2727167,44364,2571976,88,273308,41184,1402524,0.174189,49036,2224487,0.276274,41479,3627011,0.450463,8051741
1,2021-04-22,92005,5664456,47634,2774801,44352,2616328,19,273327,42806,1396747,0.173471,48812,2273299,0.282336,43035,3670046,0.455808,8051741
1,2021-04-23,95216,5759672,48907,2823708,46284,2662612,25,273352,46115,1394376,0.173177,48727,2322026,0.288388,46356,3716402,0.461565,8051741
1,2021-04-24,72501,5832173,46077,2869785,26413,2689025,11,273363,41483,1405315,0.174536,30813,2352839,0.292215,41752,3758154,0.46675,8051741
1,2021-04-25,26742,5858915,17118,2886903,9616,2698641,8,273371,15418,1409626,0.175071,11245,2364084,0.293612,15556,3773710,0.468682,8051741
1,2021-04-26,57935,5916850,31099,2918002,26487,2725128,349,273720,27275,1407143,0.174763,30436,2394520,0.297392,27953,3801663,0.472154,8051741
1,2021-04-27,73022,5989872,38661,2956663,33247,2758375,1114,274834,31351,1398548,0.173695,41394,2435914,0.302533,32799,3834462,0.476228,8051741
1,2021-04-28,76488,6066360,40681,2997344,34396,2792771,1411,276245,33465,1390888,0.172744,42762,2478676,0.307843,35102,3869564,0.480587,8051741
1,2021-04-29,79281,6145641,43840,3041184,33897,2826668,1544,277789,32179,1377964,0.171139,46810,2525486,0.313657,33886,3903450,0.484796,8051741
1,2021-04-30,84587,6230228,45704,3086888,37130,2863798,1753,279542,35496,1366559,0.169722,48826,2574312,0.319721,37421,3940871,0.489443,8051741
1,2021-05-01,60769,6290997,39556,3126444,19878,2883676,1335,280877,25872,1359262,0.168816,34739,2609051,0.324036,27442,3968313,0.492852,8051741
1,2021-05-02,22401,6313398,15685,3142129,6193,2889869,523,281400,9363,1356234,0.16844,12946,2621997,0.325643,9918,3978231,0.494083,8051741
1,2021-05-03,51724,6365122,28437,3170566,21569,2911438,1718,283118,18683,1343851,0.166902,32869,2654866,0.329726,20486,3998717,0.496628,8051741
1,2021-05-04,70672,6435794,40596,3211162,28095,2939533,1981,285099,25431,1326356,0.164729,44999,2699865,0.335314,27504,4026221,0.500044,8051741
1,2021-05-05,66103,6501897,39396,3250558,24563,2964096,2144,287243,22755,1308220,0.162477,43109,2742974,0.340668,24973,4051194,0.503145,8051741
1,2021-05-06,66916,6568813,41342,3291900,23535,2987631,2039,289282,21842,1287444,0.159896,44813,2787787,0.346234,24037,4075231,0.50613,8051741
1,2021-05-07,69525,6638338,41033,3332933,26412,3014043,2080,291362,23859,1268074,0.157491,45374,2833161,0.351869,26004,4101235,0.50936,8051741
1,2021-05-08,47936,6686274,30509,3363442,15965,3030008,1462,292824,16308,1254596,0.155817,31341,2864502,0.355762,17863,4119098,0.511579,8051741
1,2021-05-09,16937,6703211,12254,3375696,4203,3034211,480,293304,5363,1248990,0.15512,11478,2875980,0.357187,5872,4124970,0.512308,8051741
1,2021-05-10,22896,6726107,12771,3388467,9186,3043397,939,294243,7600,1242492,0.154313,15099,2891079,0.359063,8601,4133571,0.513376,8051741
2,2020-12-15,233,233,233,233,0,0,0,0,233,233,3e-05,0,0,0.0,233,233,3e-05,7897587
2,2020-12-16,1926,2159,1926,2159,0,0,0,0,1926,2159,0.000273,0,0,0.0,1926,2159,0.000273,7897587
2,2020-12-17,6660,8819,6660,8819,0,0,0,0,6661,8820,0.001117,0,0,0.0,6661,8820,0.001117,7897587
2,2020-12-18,10829,19648,10810,19629,19,19,0,0,10830,19650,0.002488,0,0,0.0,10830,19650,0.002488,7897587
2,2020-12-19,5575,25223,5570,25199,5,24,0,0,5577,25227,0.003194,0,0,0.0,5577,25227,0.003194,7897587
2,2020-12-20,4215,29438,4207,29406,8,32,0,0,4212,29439,0.003728,0,0,0.0,4212,29439,0.003728,7897587
2,2020-12-21,12764,42202,12740,42146,24,56,0,0,12719,42158,0.005338,0,0,0.0,12719,42158,0.005338,7897587
2,2020-12-22,12048,54250,11539,53685,509,565,0,0,12048,54206,0.006864,0,0,0.0,12048,54206,0.006864,7897587
2,2020-12-23,11610,65860,9420,63105,2190,2755,0,0,11613,65819,0.008334,0,0,0.0,11613,65819,0.008334,7897587
2,2020-12-24,5837,71697,3484,66589,2353,5108,0,0,5834,71653,0.009073,0,0,0.0,5834,71653,0.009073,7897587
2,2020-12-25,478,72175,401,66990,77,5185,0,0,479,72132,0.009133,0,0,0.0,479,72132,0.009133,7897587
2,2020-12-26,2563,74738,1667,68657,896,6081,0,0,2565,74697,0.009458,0,0,0.0,2565,74697,0.009458,7897587
2,2020-12-27,2210,76948,1197,69854,1013,7094,0,0,2208,76904,0.009738,1,1,0.0,2208,76905,0.009738,7897587
2,2020-12-28,10902,87850,7083,76937,3819,10913,0,0,10902,87805,0.011118,1,2,0.0,10902,87807,0.011118,7897587
2,2020-12-29,12678,100528,7181,84118,5497,16410,0,0,12682,100487,0.012724,0,2,0.0,12682,100489,0.012724,7897587
2,2020-12-30,15334,115862,8638,92756,6696,23106,0,0,15350,115836,0.014667,1,3,0.0,15350,115839,0.014668,7897587
2,2020-12-31,7494,123356,2803,95559,4691,27797,0,0,7491,123326,0.015616,1,4,1e-06,7491,123330,0.015616,7897587
2,2021-01-01,1111,124467,534,96093,577,28374,0,0,1113,124438,0.015756,1,5,1e-06,1113,124443,0.015757,7897587
2,2021-01-02,4812,129279,2751,98844,2061,30435,0,0,4810,129248,0.016366,0,5,1e-06,4810,129253,0.016366,7897587
2,2021-01-03,1378,130657,786,99630,592,31027,0,0,1374,130619,0.016539,3,8,1e-06,1374,130627,0.01654,7897587
2,2021-01-04,11605,142262,5548,105178,6057,37084,0,0,11592,142207,0.018006,4,12,2e-06,11592,142219,0.018008,7897587
2,2021-01-05,13796,156058,6880,112058,6916,44000,0,0,12623,153693,0.019461,1166,1178,0.000149,12652,154871,0.01961,7897587
2,2021-01-06,18921,174979,10442,122500,8479,52479,0,0,15212,165247,0.020924,3663,4841,0.000613,15217,170088,0.021537,7897587
2,2021-01-07,22877,197856,12843,135343,10034,62513,0,0,15537,173439,0.021961,7358,12199,0.001545,15550,185638,0.023506,7897587
2,2021-01-08,26334,224190,15956,151299,10378,72891,0,0,16307,179766,0.022762,9996,22195,0.00281,16323,201961,0.025572,7897587
2,2021-01-09,9697,233887,5661,156960,4036,76927,0,0,6210,182472,0.023105,3508,25703,0.003255,6214,208175,0.026359,7897587
2,2021-01-10,5270,239157,2915,159875,2355,79282,0,0,3064,183311,0.023211,2229,27932,0.003537,3068,211243,0.026748,7897587
2,2021-01-11,25934,265091,17832,177707,8102,87384,0,0,15010,187409,0.02373,10958,38890,0.004924,15056,226299,0.028654,7897587
2,2021-01-12,25936,291027,16103,193810,9833,97217,0,0,16483,194479,0.024625,9481,48371,0.006125,16551,242850,0.03075,7897587
2,2021-01-13,28221,319248,14876,208686,13345,110562,0,0,20323,206932,0.026202,7892,56263,0.007124,20345,263195,0.033326,7897587
2,2021-01-14,30044,349292,11428,220114,18616,129178,0,0,25866,228641,0.028951,4205,60468,0.007657,25914,289109,0.036607,7897587
2,2021-01-15,35110,384402,12947,233061,22163,151341,0,0,31896,257374,0.032589,3227,63695,0.008065,31960,321069,0.040654,7897587
2,2021-01-16,17547,401949,5611,238672,11936,163277,0,0,16241,272293,0.034478,1332,65027,0.008234,16251,337320,0.042712,7897587
2,2021-01-17,10552,412501,3521,242193,7031,170308,0,0,9850,281424,0.035634,727,65754,0.008326,9858,347178,0.04396,7897587
2,2021-01-18,19648,432149,11006,253199,8642,178950,0,0,14924,291654,0.03693,4740,70494,0.008926,14970,362148,0.045856,7897587
2,2021-01-19,32201,464350,16792,269991,15409,194359,0,0,24235,308028,0.039003,7971,78465,0.009935,24345,386493,0.048938,7897587
2,2021-01-20,36600,500950,18215,288206,18385,212744,0,0,28102,327735,0.041498,8480,86945,0.011009,28187,414680,0.052507,7897587
2,2021-01-21,40477,541427,17234,305440,23243,235987,0,0,36077,359587,0.045531,4379,91324,0.011564,36231,450911,0.057095,7897587
2,2021-01-22,39110,580537,16375,321815,22735,258722,0,0,35822,392153,0.049655,3290,94614,0.01198,35856,486767,0.061635,7897587
2,2021-01-23,23926,604463,10825,332640,13101,271823,0,0,20969,410220,0.051942,2931,97545,0.012351,20998,507765,0.064294,7897587
2,2021-01-24,12438,616901,6157,338797,6281,278104,0,0,11528,420862,0.05329,896,98441,0.012465,11538,519303,0.065755,7897587
2,2021-01-25,33542,650443,15563,354360,17979,296083,0,0,24855,437203,0.055359,8635,107076,0.013558,24976,544279,0.068917,7897587
2,2021-01-26,40037,690480,19799,374159,20238,316321,0,0,31136,459536,0.058187,8879,115955,0.014682,31212,575491,0.072869,7897587
2,2021-01-27,44936,735416,22907,397066,22029,338350,0,0,34987,484751,0.06138,9826,125781,0.015927,35041,610532,0.077306,7897587
2,2021-01-28,47841,783257,22566,419632,25275,363625,0,0,39353,515731,0.065302,8431,134212,0.016994,39411,649943,0.082296,7897587
2,2021-01-29,45427,828684,22289,441921,23138,386763,0,0,36920,544291,0.068919,8406,142618,0.018058,36966,686909,0.086977,7897587
2,2021-01-30,31253,859937,13652,455573,17601,404364,0,0,28023,569154,0.072067,3189,145807,0.018462,28052,714961,0.090529,7897587
2,2021-01-31,17547,877484,10651,466224,6896,411260,0,0,16329,584297,0.073984,1205,147012,0.018615,16348,731309,0.092599,7897587
2,2021-02-01,40084,917568,19160,485384,20924,432184,0,0,29731,603739,0.076446,10321,157333,0.019922,29763,761072,0.096368,7897587
2,2021-02-02,47742,965310,19739,505123,28003,460187,0,0,36334,628836,0.079624,11333,168666,0.021357,36430,797502,0.10098,7897587
2,2021-02-03,53619,1018929,23868,528991,29751,489938,0,0,39716,654828,0.082915,13809,182475,0.023105,39801,837303,0.10602,7897587
2,2021-02-04,55756,1074685,24255,553246,31501,521439,0,0,40832,680913,0.086218,14834,197309,0.024983,40919,878222,0.111201,7897587
2,2021-02-05,59446,1134131,26329,579575,33117,554556,0,0,40294,702379,0.088936,18984,216293,0.027387,40450,918672,0.116323,7897587
2,2021-02-06,38764,1172895,18140,597715,20624,575180,0,0,31231,726225,0.091955,7468,223761,0.028333,31314,949986,0.120288,7897587
2,2021-02-07,15983,1188878,10732,608447,5251,580431,0,0,12127,734584,0.093014,3833,227594,0.028818,12192,962178,0.121832,7897587
2,2021-02-08,43210,1232088,22324,630771,20886,601317,0,0,29873,751415,0.095145,13232,240826,0.030494,30063,992241,0.125639,7897587
2,2021-02-09,49157,1281245,23494,654265,25663,626980,0,0,30876,764408,0.09679,18197,259023,0.032798,31190,1023431,0.129588,7897587
2,2021-02-10,59271,1340516,28077,682342,31194,658174,0,0,34648,775003,0.098132,24400,283423,0.035887,34995,1058426,0.134019,7897587
2,2021-02-11,63606,1404122,29526,711868,34080,692254,0,0,35900,783970,0.099267,27411,310834,0.039358,36378,1094804,0.138625,7897587
2,2021-02-12,64608,1468730,27954,739822,36654,728908,0,0,34539,789291,0.099941,29862,340696,0.043139,35183,1129987,0.14308,7897587
2,2021-02-13,37448,1506178,15716,755538,21732,750640,0,0,21705,795714,0.100754,15658,356354,0.045122,22081,1152068,0.145876,7897587
2,2021-02-14,19886,1526064,9320,764858,10566,761206,0,0,11205,798629,0.101123,8646,365000,0.046217,11561,1163629,0.14734,7897587
2,2021-02-15,32853,1558917,14895,779753,17958,779164,0,0,18293,803325,0.101718,14449,379449,0.048046,19145,1182774,0.149764,7897587
2,2021-02-16,55771,1614688,27582,807335,28189,807353,0,0,29417,807132,0.1022,26274,405723,0.051373,30081,1212855,0.153573,7897587
2,2021-02-17,60864,1675552,31481,838816,29383,836736,0,0,30312,807754,0.102279,30503,436226,0.055235,31125,1243980,0.157514,7897587
2,2021-02-18,65504,1741056,33322,872138,32182,868918,0,0,32038,807654,0.102266,33262,469488,0.059447,33162,1277142,0.161713,7897587
2,2021-02-19,58671,1799727,32741,904879,25930,894848,0,0,29171,808050,0.102316,29362,498850,0.063165,29758,1306900,0.165481,7897587
2,2021-02-20,36819,1836546,24035,928914,12784,907632,0,0,20008,811993,0.102815,16737,515587,0.065284,20680,1327580,0.168099,7897587
2,2021-02-21,18138,1854684,14704,943618,3434,911066,0,0,8833,812388,0.102865,9235,524822,0.066453,9630,1337210,0.169319,7897587
2,2021-02-22,37140,1891824,25514,969132,11626,922692,0,0,17823,811663,0.102774,19219,544041,0.068887,18494,1355704,0.171661,7897587
2,2021-02-23,50661,1942485,25802,994934,24859,947551,0,0,22372,807807,0.102285,28114,572155,0.072447,24258,1379962,0.174732,7897587
2,2021-02-24,67744,2010229,34883,1029817,32861,980412,0,0,31353,805260,0.101963,36259,608414,0.077038,33712,1413674,0.179001,7897587
2,2021-02-25,72905,2083134,34107,1063924,38798,1019210,0,0,37060,809457,0.102494,35653,644067,0.081552,39850,1453524,0.184047,7897587
2,2021-02-26,81136,2164270,34803,1098727,46333,1065543,0,0,44032,818788,0.103676,36874,680941,0.086221,46205,1499729,0.189897,7897587
2,2021-02-27,58799,2223069,26874,1125601,31921,1097464,4,4,32006,825507,0.104526,26614,707555,0.089591,33333,1533062,0.194118,7897587
2,2021-02-28,28977,2252046,17415,1143016,11561,1109025,1,5,16917,831269,0.105256,11980,719535,0.091108,17742,1550804,0.196364,7897587
2,2021-03-01,55231,2307277,29014,1172030,26198,1135223,19,24,30283,837999,0.106108,24749,744284,0.094242,31479,1582283,0.20035,7897587
2,2021-03-02,64478,2371755,29905,1201935,34568,1169791,5,29,36007,847974,0.107371,28365,772649,0.097834,38340,1620623,0.205205,7897587
2,2021-03-03,77694,2449449,37655,1239590,40032,1209823,7,36,43677,860340,0.108937,33856,806505,0.10212,46222,1666845,0.211058,7897587
2,2021-03-04,85993,2535442,42453,1282043,43513,1253336,27,63,49755,876407,0.110971,36072,842577,0.106688,52139,1718984,0.217659,7897587
2,2021-03-05,78365,2613807,36710,1318753,41359,1294695,296,359,47928,896701,0.113541,30272,872849,0.110521,50566,1769550,0.224062,7897587
2,2021-03-06,61302,2675109,29884,1348637,29755,1324450,1663,2022,37636,913862,0.115714,23568,896417,0.113505,40729,1810279,0.229219,7897587
2,2021-03-07,26782,2701891,15486,1364123,10349,1334799,947,2969,17147,923488,0.116933,9579,905996,0.114718,19205,1829484,0.231651,7897587
2,2021-03-08,48863,2750754,22284,1386407,24158,1358957,2421,5390,30787,940363,0.11907,17973,923969,0.116994,34848,1864332,0.236063,7897587
2,2021-03-09,63596,2814350,26354,1412761,33497,1392454,3745,9135,34018,949997,0.12029,29478,953447,0.120726,39112,1903444,0.241016,7897587
2,2021-03-10,74960,2889310,35031,1447792,33445,1425899,6484,15619,39599,962228,0.121838,35196,988643,0.125183,47427,1950871,0.247021,7897587
2,2021-03-11,91040,2980350,41858,1489650,40868,1466767,8314,23933,47903,976967,0.123704,42888,1031531,0.130613,57627,2008498,0.254318,7897587
2,2021-03-12,91626,3071976,37737,1527387,42009,1508776,11880,35813,45933,990635,0.125435,45523,1077054,0.136378,59191,2067689,0.261813,7897587
2,2021-03-13,67196,3139172,28135,1555522,31181,1539957,7880,43693,37055,1006833,0.127486,30037,1107091,0.140181,46235,2113924,0.267667,7897587
2,2021-03-14,35920,3175092,17774,1573296,13686,1553643,4460,48153,19183,1014583,0.128467,16659,1123750,0.14229,24409,2138333,0.270758,7897587
2,2021-03-15,66095,3241187,29788,1603084,31369,1585012,4938,53091,36749,1028210,0.130193,29162,1152912,0.145983,42789,2181122,0.276176,7897587
2,2021-03-16,84953,3326140,37498,1640582,43516,1628528,3939,57030,52119,1052704,0.133294,32689,1185601,0.150122,57183,2238305,0.283416,7897587
2,2021-03-17,90597,3416737,43381,1683963,43142,1671670,4074,61104,57875,1082991,0.137129,32511,1218112,0.154239,62798,2301103,0.291368,7897587
2,2021-03-18,95416,3512153,45157,1729120,45850,1717520,4409,65513,59099,1111010,0.140677,36056,1254168,0.158804,64075,2365178,0.299481,7897587
2,2021-03-19,95239,3607392,44854,1773974,44350,1761870,6035,71548,57339,1137237,0.143998,37660,1291828,0.163572,63887,2429065,0.307571,7897587
2,2021-03-20,68332,3675724,32805,1806779,31663,1793533,3864,75412,45582,1164468,0.147446,22562,1314390,0.166429,49793,2478858,0.313875,7897587
2,2021-03-21,32476,3708200,20885,1827664,9640,1803173,1951,77363,20626,1175706,0.148869,11760,1326150,0.167918,22998,2501856,0.316787,7897587
2,2021-03-22,61580,3769780,33676,1861340,25324,1828497,2580,79943,41656,1201076,0.152081,19755,1345905,0.17042,45125,2546981,0.322501,7897587
2,2021-03-23,82226,3852006,43490,1904830,35905,1864402,2831,82774,54063,1230858,0.155852,27941,1373846,0.173958,57723,2604704,0.32981,7897587
2,2021-03-24,90008,3942014,48413,1953243,38530,1902932,3065,85839,53922,1252838,0.158636,35833,1409679,0.178495,57813,2662517,0.33713,7897587
2,2021-03-25,98981,4040995,49603,2002846,45597,1948529,3781,89620,57075,1272824,0.161166,41634,1451313,0.183767,61620,2724137,0.344933,7897587
2,2021-03-26,100814,4141809,50047,2052893,47358,1995887,3409,93029,56988,1290753,0.163436,43520,1494833,0.189277,61449,2785586,0.352714,7897587
2,2021-03-27,73886,4215695,36726,2089619,33899,2029786,3261,96290,38125,1297423,0.164281,35568,1530401,0.193781,42238,2827824,0.358062,7897587
2,2021-03-28,36760,4252455,22495,2112114,13463,2043249,802,97092,20729,1303743,0.165081,15936,1546337,0.195799,22256,2850080,0.36088,7897587
2,2021-03-29,69871,4322326,35598,2147712,32086,2075335,2187,99279,40953,1319002,0.167013,28770,1575107,0.199442,44029,2894109,0.366455,7897587
2,2021-03-30,90458,4412784,44141,2191853,42057,2117392,4260,103539,55358,1344284,0.170215,34936,1610043,0.203865,60218,2954327,0.37408,7897587
2,2021-03-31,99062,4511846,50986,2242839,43084,2160476,4992,108531,58476,1367736,0.173184,40373,1650416,0.208977,63825,3018152,0.382161,7897587
2,2021-04-01,114332,4626178,54867,2297706,50598,2211074,8867,117398,62791,1388554,0.17582,51290,1701706,0.215472,72108,3090260,0.391292,7897587
2,2021-04-02,108872,4735050,50195,2347901,48890,2259964,9787,127185,59326,1408903,0.178397,49247,1750953,0.221707,69596,3159856,0.400104,7897587
2,2021-04-03,75011,4810061,36651,2384552,28868,2288832,9492,136677,37604,1419173,0.179697,37238,1788191,0.226422,47508,3207364,0.406119,7897587
2,2021-04-04,28737,4838798,14771,2399323,10159,2298991,3807,140484,13227,1420812,0.179905,15440,1803631,0.228377,17079,3224443,0.408282,7897587
2,2021-04-05,77921,4916719,38320,2437643,31024,2330015,8577,149061,38345,1429053,0.180948,39456,1843087,0.233373,47697,3272140,0.414321,7897587
2,2021-04-06,102398,5019117,49987,2487630,37949,2367964,14462,163523,49222,1440194,0.182359,52967,1896054,0.24008,64108,3336248,0.422439,7897587
2,2021-04-07,108514,5127631,54279,2541909,38269,2406233,15966,179489,51886,1451945,0.183847,56403,1952457,0.247222,68154,3404402,0.431069,7897587
2,2021-04-08,117047,5244678,56434,2598343,42197,2448430,18416,197905,54762,1463724,0.185338,62023,2014480,0.255075,73802,3478204,0.440414,7897587
2,2021-04-09,116013,5360691,55918,2654261,42326,2490756,17769,215674,55357,1477378,0.187067,60371,2074851,0.26272,74025,3552229,0.449787,7897587
2,2021-04-10,85175,5445866,36965,2691226,30418,2521174,17792,233466,35671,1482240,0.187683,49302,2124153,0.268962,54164,3606393,0.456645,7897587
2,2021-04-11,43530,5489396,22389,2713615,12659,2533833,8482,241948,17793,1483609,0.187856,25637,2149790,0.272208,27006,3633399,0.460064,7897587
2,2021-04-12,78621,5568017,36656,2750271,32746,2566579,9219,251167,35573,1486563,0.18823,42827,2192617,0.277631,45781,3679180,0.465861,7897587
2,2021-04-13,99697,5667714,51533,2801804,47922,2614501,242,251409,54768,1497719,0.189643,44735,2237352,0.283296,55891,3735071,0.472938,7897587
2,2021-04-14,104374,5772088,54807,2856611,49519,2664020,48,251457,54088,1503203,0.190337,50065,2287417,0.289635,55549,3790620,0.479972,7897587
2,2021-04-15,110456,5882544,58794,2915405,51599,2715619,63,251520,58472,1511084,0.191335,51686,2339103,0.296179,59567,3850187,0.487514,7897587
2,2021-04-16,107531,5990075,55999,2971404,51481,2767100,51,251571,55123,1514912,0.19182,52174,2391277,0.302786,56002,3906189,0.494605,7897587
2,2021-04-17,79375,6069450,40635,3012039,38727,2805827,13,251584,44068,1524693,0.193058,35145,2426422,0.307236,44926,3951115,0.500294,7897587
2,2021-04-18,33438,6102888,19971,3032010,13464,2819291,3,251587,16249,1524801,0.193072,17108,2443530,0.309402,17216,3968331,0.502474,7897587
2,2021-04-19,72802,6175690,39450,3071460,33343,2852634,9,251596,33476,1519746,0.192432,39150,2482680,0.314359,34095,4002426,0.506791,7897587
2,2021-04-20,93890,6269580,46890,3118350,46982,2899616,18,251614,45968,1518755,0.192306,47702,2530382,0.320399,46711,4049137,0.512706,7897587
2,2021-04-21,98038,6367618,52081,3170431,45904,2945520,53,251667,46758,1515439,0.191886,50987,2581369,0.326855,47671,4096808,0.518742,7897587
2,2021-04-22,103395,6471013,52560,3222991,50816,2996336,19,251686,45813,1504852,0.190546,57281,2638650,0.334108,46694,4143502,0.524654,7897587
2,2021-04-23,103212,6574225,54455,3277446,48743,3045079,14,251700,47998,1498819,0.189782,54938,2693588,0.341065,48905,4192407,0.530847,7897587
2,2021-04-24,78065,6652290,46441,3323887,31588,3076667,36,251736,41173,1504242,0.190469,36693,2730281,0.345711,42116,4234523,0.536179,7897587
2,2021-04-25,35778,6688068,22152,3346039,13612,3090279,14,251750,19563,1508160,0.190965,16110,2746391,0.347751,20028,4254551,0.538715,7897587
2,2021-04-26,65334,6753402,36289,3382328,28762,3119041,283,252033,29914,1504488,0.1905,35251,2781642,0.352214,31579,4286130,0.542714,7897587
2,2021-04-27,79771,6833173,41711,3424039,36929,3155970,1131,253164,34138,1495501,0.189362,45418,2827060,0.357965,36431,4322561,0.547327,7897587
2,2021-04-28,84164,6917337,44535,3468574,37824,3193794,1805,254969,36892,1488027,0.188415,47056,2874116,0.363923,39582,4362143,0.552339,7897587
2,2021-04-29,86528,7003865,46754,3515328,38132,3231926,1642,256611,33300,1470565,0.186204,52990,2927106,0.370633,35528,4397671,0.556837,7897587
2,2021-04-30,90333,7094198,49840,3565168,38577,3270503,1916,258527,35108,1453264,0.184014,54954,2982060,0.377591,37653,4435324,0.561605,7897587
2,2021-05-01,60284,7154482,36798,3601966,21983,3292486,1503,260030,23920,1443349,0.182758,36177,3018237,0.382172,26262,4461586,0.56493,7897587
2,2021-05-02,28684,7183166,19807,3621773,7907,3300393,970,261000,11032,1437890,0.182067,17550,3035787,0.384394,12091,4473677,0.566461,7897587
2,2021-05-03,58235,7241401,34373,3656146,21837,3322230,2025,263025,19560,1421239,0.179959,38491,3074278,0.389268,21840,4495517,0.569227,7897587
2,2021-05-04,76620,7318021,45559,3701705,28764,3350994,2297,265322,24974,1397486,0.176951,51416,3125694,0.395778,27663,4523180,0.572729,7897587
2,2021-05-05,70878,7388899,43275,3744980,25339,3376333,2264,267586,22425,1374316,0.174017,48189,3173883,0.40188,25019,4548199,0.575897,7897587
2,2021-05-06,71933,7460832,44421,3789401,24729,3401062,2783,270369,22161,1350356,0.170983,49521,3223404,0.40815,25561,4573760,0.579134,7897587
2,2021-05-07,72540,7533372,42868,3832269,27369,3428431,2303,272672,22627,1326101,0.167912,49633,3273037,0.414435,25378,4599138,0.582347,7897587
2,2021-05-08,47217,7580589,28813,3861082,16850,3445281,1554,274226,14948,1311218,0.166028,32064,3305101,0.418495,17181,4616319,0.584523,7897587
2,2021-05-09,19421,7600010,13723,3874805,4973,3450254,725,274951,5963,1304650,0.165196,13352,3318453,0.420186,6784,4623103,0.585382,7897587
2,2021-05-10,26542,7626552,15101,3889906,10646,3460900,795,275746,6870,1293161,0.163741,19576,3338029,0.422664,8087,4631190,0.586406,7897587
3,2020-12-15,303,303,303,303,0,0,0,0,303,303,3.9e-05,0,0,0.0,303,303,3.9e-05,7688185
3,2020-12-16,2206,2509,2206,2509,0,0,0,0,2206,2509,0.000326,0,0,0.0,2206,2509,0.000326,7688185
3,2020-12-17,7602,10111,7602,10111,0,0,0,0,7602,10111,0.001315,0,0,0.0,7602,10111,0.001315,7688185
3,2020-12-18,12807,22918,12796,22907,11,11,0,0,12806,22917,0.002981,0,0,0.0,12806,22917,0.002981,7688185
3,2020-12-19,7041,29959,7030,29937,11,22,0,0,7105,30022,0.003905,0,0,0.0,7105,30022,0.003905,7688185
3,2020-12-20,5483,35442,5475,35412,8,30,0,0,5530,35551,0.004624,1,1,0.0,5530,35552,0.004624,7688185
3,2020-12-21,14263,49705,14240,49652,23,53,0,0,14328,49878,0.006488,1,2,0.0,14328,49880,0.006488,7688185
3,2020-12-22,14623,64328,14056,63708,567,620,0,0,14662,64540,0.008395,0,2,0.0,14662,64542,0.008395,7688185
3,2020-12-23,14655,78983,12072,75780,2583,3203,0,0,14682,79222,0.010304,0,2,0.0,14682,79224,0.010305,7688185
3,2020-12-24,6764,85747,4855,80635,1909,5112,0,0,6762,85983,0.011184,1,3,0.0,6762,85986,0.011184,7688185
3,2020-12-25,719,86466,663,81298,56,5168,0,0,718,86701,0.011277,0,3,0.0,718,86704,0.011278,7688185
3,2020-12-26,4594,91060,2984,84282,1610,6778,0,0,4592,91293,0.011874,0,3,0.0,4592,91296,0.011875,7688185
3,2020-12-27,2950,94010,1832,86114,1118,7896,0,0,2951,94244,0.012258,0,3,0.0,2951,94247,0.012259,7688185
3,2020-12-28,13463,107473,8608,94722,4855,12751,0,0,13491,107734,0.014013,1,4,1e-06,13491,107738,0.014013,7688185
3,2020-12-29,14901,122374,8426,103148,6475,19226,0,0,14931,122663,0.015955,2,6,1e-06,14931,122669,0.015956,7688185
3,2020-12-30,17939,140313,10049,113197,7890,27116,0,0,17929,140592,0.018287,0,6,1e-06,17929,140598,0.018288,7688185
3,2020-12-31,8316,148629,3210,116407,5106,32222,0,0,8316,148907,0.019368,1,7,1e-06,8316,148914,0.019369,7688185
3,2021-01-01,1169,149798,530,116937,639,32861,0,0,1166,150073,0.01952,0,7,1e-06,1166,150080,0.019521,7688185
3,2021-01-02,4992,154790,2474,119411,2518,35379,0,0,4992,155065,0.020169,0,7,1e-06,4992,155072,0.02017,7688185
3,2021-01-03,1594,156384,839,120250,755,36134,0,0,1585,156646,0.020375,4,11,1e-06,1585,156657,0.020376,7688185
3,2021-01-04,11966,168350,5989,126239,5977,42111,0,0,11940,168579,0.021927,7,18,2e-06,11940,168597,0.021929,7688185
3,2021-01-05,15567,183917,8029,134268,7538,49649,0,0,13967,180985,0.023541,1585,1603,0.000209,13991,182588,0.023749,7688185
3,2021-01-06,20086,204003,10505,144773,9581,59230,0,0,15846,192637,0.025056,4200,5803,0.000755,15852,198440,0.025811,7688185
3,2021-01-07,26033,230036,14823,159596,11210,70440,0,0,16994,200633,0.026096,9012,14815,0.001927,17008,215448,0.028023,7688185
3,2021-01-08,30004,260040,18341,177937,11663,82103,0,0,17921,206511,0.026861,12063,26878,0.003496,17941,233389,0.030357,7688185
3,2021-01-09,12299,272339,6953,184890,5346,87449,0,0,7820,209866,0.027297,4473,31351,0.004078,7828,241217,0.031375,7688185
3,2021-01-10,7162,279501,4462,189352,2700,90149,0,0,4025,210760,0.027413,3135,34486,0.004486,4029,245246,0.031899,7688185
3,2021-01-11,28672,308173,18761,208113,9911,100060,0,0,16219,214575,0.02791,12447,46933,0.006105,16262,261508,0.034014,7688185
3,2021-01-12,31878,340051,19069,227182,12809,112869,0,0,19509,221815,0.028851,12353,59286,0.007711,19593,281101,0.036563,7688185
3,2021-01-13,34309,374360,17981,245163,16328,129197,0,0,24233,235989,0.030695,10076,69362,0.009022,24250,305351,0.039717,7688185
3,2021-01-14,34283,408643,14117,259280,20166,149363,0,0,28426,258622,0.033639,5826,75188,0.00978,28459,333810,0.043419,7688185
3,2021-01-15,38529,447172,14407,273687,24122,173485,0,0,33933,288027,0.037464,4587,79775,0.010376,33992,367802,0.04784,7688185
3,2021-01-16,21743,468915,7609,281296,14134,187619,0,0,19439,305197,0.039697,2290,82065,0.010674,19460,387262,0.050371,7688185
3,2021-01-17,13104,482019,4466,285762,8638,196257,0,0,12081,316274,0.041138,1022,83087,0.010807,12099,399361,0.051945,7688185
3,2021-01-18,24538,506557,12771,298533,11767,208024,0,0,19054,329866,0.042906,5502,88589,0.011523,19094,418455,0.054428,7688185
3,2021-01-19,40648,547205,20764,319297,19884,227908,0,0,31622,352567,0.045858,9000,97589,0.012693,31701,450156,0.058552,7688185
3,2021-01-20,44709,591914,22035,341332,22674,250582,0,0,35440,378856,0.049278,9226,106815,0.013893,35515,485671,0.063171,7688185
3,2021-01-21,47105,639019,20316,361648,26789,277371,0,0,41707,415300,0.054018,5325,112140,0.014586,41769,527440,0.068604,7688185
3,2021-01-22,49156,688175,19603,381251,29553,306924,0,0,45054,456313,0.059352,4110,116250,0.015121,45123,572563,0.074473,7688185
3,2021-01-23,29968,718143,12714,393965,17254,324178,0,0,26657,479713,0.062396,3300,119550,0.01555,26700,599263,0.077946,7688185
3,2021-01-24,17603,735746,8485,402450,9118,333296,0,0,16460,495055,0.064392,1141,120691,0.015698,16483,615746,0.08009,7688185
3,2021-01-25,40238,775984,18006,420456,22232,355528,0,0,30432,515780,0.067087,9788,130479,0.016971,30513,646259,0.084059,7688185
3,2021-01-26,46477,822461,22175,442631,24302,379830,0,0,36570,542551,0.070569,9901,140380,0.018259,36672,682931,0.088829,7688185
3,2021-01-27,50399,872860,24476,467107,25923,405753,0,0,39912,572123,0.074416,10411,150791,0.019613,39983,722914,0.094029,7688185
3,2021-01-28,51266,924126,23795,490902,27471,433224,0,0,42480,605941,0.078815,8706,159497,0.020746,42524,765438,0.09956,7688185
3,2021-01-29,50147,974273,24156,515058,25991,459215,0,0,40740,637504,0.08292,9220,168717,0.021945,40783,806221,0.104865,7688185
3,2021-01-30,36567,1010840,17342,532400,19225,478440,0,0,32027,665118,0.086512,4491,173208,0.022529,32105,838326,0.109041,7688185
3,2021-01-31,22196,1033036,12810,545210,9386,487826,0,0,20721,684390,0.089018,1464,174672,0.02272,20736,859062,0.111738,7688185
3,2021-02-01,44781,1077817,20214,565424,24567,512393,0,0,34643,708972,0.092216,10098,184770,0.024033,34680,893742,0.116249,7688185
3,2021-02-02,54119,1131936,22829,588253,31290,543683,0,0,41423,737833,0.09597,12609,197379,0.025673,41470,935212,0.121643,7688185
3,2021-02-03,59517,1191453,26530,614783,32987,576670,0,0,44333,767200,0.099789,15029,212408,0.027628,44396,979608,0.127417,7688185
3,2021-02-04,63909,1255362,27797,642580,36112,612782,0,0,46908,797400,0.103718,16812,229220,0.029815,47012,1026620,0.133532,7688185
3,2021-02-05,69707,1325069,29692,672272,40015,652797,0,0,48236,824530,0.107246,21261,250481,0.03258,48391,1075011,0.139826,7688185
3,2021-02-06,43415,1368484,21148,693420,22267,675064,0,0,33668,848665,0.110386,9715,260196,0.033844,33850,1108861,0.144229,7688185
3,2021-02-07,19400,1387884,12283,705703,7117,682181,0,0,14922,859245,0.111762,4468,264664,0.034425,15048,1123909,0.146187,7688185
3,2021-02-08,50672,1438556,24414,730117,26258,708439,0,0,33291,875458,0.113871,17261,281925,0.03667,33474,1157383,0.15054,7688185
3,2021-02-09,58030,1496586,28238,758355,29792,738231,0,0,34101,886147,0.115261,23756,305681,0.03976,34445,1191828,0.155021,7688185
3,2021-02-10,67300,1563886,31302,789657,35998,774229,0,0,36535,892669,0.116109,30537,336218,0.043732,37059,1228887,0.159841,7688185
3,2021-02-11,69888,1633774,34477,824134,35411,809640,0,0,37654,898949,0.116926,31900,368118,0.047881,38180,1267067,0.164807,7688185
3,2021-02-12,74570,1708344,32269,856403,42301,851941,0,0,41350,908114,0.118118,32939,401057,0.052165,42104,1309171,0.170283,7688185
3,2021-02-13,44470,1752814,20199,876602,24271,876212,0,0,25674,915716,0.119107,18652,419709,0.054591,26254,1335425,0.173698,7688185
3,2021-02-14,27055,1779869,13527,890129,13528,889740,0,0,15142,919435,0.119591,11868,431577,0.056135,15587,1351012,0.175726,7688185
3,2021-02-15,39563,1819432,17084,907213,22479,912219,0,0,21924,924736,0.12028,17554,449131,0.058418,22855,1373867,0.178698,7688185
3,2021-02-16,69271,1888703,32756,939969,36515,948734,0,0,36173,928953,0.120829,32971,482102,0.062707,37188,1411055,0.183536,7688185
3,2021-02-17,70898,1959601,35932,975901,34966,983700,0,0,33787,926897,0.120561,36914,519016,0.067508,34858,1445913,0.188069,7688185
3,2021-02-18,76026,2035627,39727,1015628,36299,1019999,0,0,35548,923424,0.120109,40357,559373,0.072757,36884,1482797,0.192867,7688185
3,2021-02-19,67844,2103471,39152,1054780,28692,1048691,0,0,34435,925232,0.120345,33317,592690,0.077091,35125,1517922,0.197436,7688185
3,2021-02-20,41392,2144863,26183,1080963,15209,1063900,0,0,21947,928308,0.120745,19361,612051,0.079609,22437,1540359,0.200354,7688185
3,2021-02-21,19951,2164814,16206,1097169,3745,1067645,0,0,9295,927387,0.120625,10591,622642,0.080987,9670,1550029,0.201612,7688185
3,2021-02-22,44663,2209477,29107,1126276,15556,1083201,0,0,21179,925638,0.120397,23406,646048,0.084031,21657,1571686,0.204429,7688185
3,2021-02-23,59562,2269039,32340,1158616,27222,1110423,0,0,26312,920805,0.119769,33123,679171,0.08834,28290,1599976,0.208108,7688185
3,2021-02-24,75851,2344890,37053,1195669,38798,1149221,0,0,34039,915686,0.119103,41653,720824,0.093757,36534,1636510,0.21286,7688185
3,2021-02-25,84225,2429115,40535,1236204,43690,1192911,0,0,42241,918710,0.119496,41775,762599,0.099191,44799,1681309,0.218687,7688185
3,2021-02-26,94930,2524045,43302,1279506,51628,1244539,0,0,50713,927699,0.120666,43906,806505,0.104902,52895,1734204,0.225567,7688185
3,2021-02-27,66630,2590675,30302,1309808,36325,1280864,3,3,35275,933077,0.121365,31192,837697,0.108959,36570,1770774,0.230324,7688185
3,2021-02-28,37557,2628232,21810,1331618,15746,1296610,1,4,19506,935616,0.121695,17915,855612,0.111289,20454,1791228,0.232985,7688185
3,2021-03-01,65105,2693337,34472,1366090,30620,1327230,13,17,36482,944960,0.122911,28475,884087,0.114993,37819,1829047,0.237904,7688185
3,2021-03-02,74255,2767592,35430,1401520,38822,1366052,3,20,42932,958739,0.124703,31213,915300,0.119053,44992,1874039,0.243756,7688185
3,2021-03-03,86782,2854374,41231,1442751,45538,1411590,13,33,48410,971196,0.126323,38212,953512,0.124023,50669,1924708,0.250346,7688185
3,2021-03-04,91390,2945764,44705,1487456,46670,1458260,15,48,52044,986352,0.128295,39160,992672,0.129117,54316,1979024,0.257411,7688185
3,2021-03-05,87277,3033041,42435,1529891,44554,1502814,288,336,53182,1008152,0.13113,33884,1026556,0.133524,55684,2034708,0.264654,7688185
3,2021-03-06,63795,3096836,32043,1561934,29618,1532432,2134,2470,36542,1021160,0.132822,27133,1053689,0.137053,40141,2074849,0.269875,7688185
3,2021-03-07,36388,3133224,21490,1583424,13791,1546223,1107,3577,20848,1028778,0.133813,15494,1069183,0.139068,23112,2097961,0.272881,7688185
3,2021-03-08,57733,3190957,27362,1610786,27554,1573777,2817,6394,36593,1048692,0.136403,21039,1090222,0.141805,40953,2138914,0.278208,7688185
3,2021-03-09,70114,3261071,29734,1640520,36051,1609828,4329,10723,36450,1057087,0.137495,33564,1123786,0.146171,41959,2180873,0.283666,7688185
3,2021-03-10,79947,3341018,39378,1679898,34546,1644374,6023,16746,41409,1067548,0.138856,38376,1162162,0.151162,48837,2229710,0.290018,7688185
3,2021-03-11,95129,3436147,46357,1726255,40267,1684641,8505,25251,46859,1075985,0.139953,48048,1210210,0.157412,56485,2286195,0.297365,7688185
3,2021-03-12,100110,3536257,44566,1770821,43766,1728407,11778,37029,45928,1080826,0.140583,54010,1264220,0.164437,58851,2345046,0.305019,7688185
3,2021-03-13,68507,3604764,28955,1799776,32370,1760777,7182,44211,36072,1093125,0.142182,32343,1296563,0.168644,44642,2389688,0.310826,7688185
3,2021-03-14,40194,3644958,21125,1820901,15586,1776363,3483,47694,21862,1100830,0.143185,18277,1314840,0.171021,25982,2415670,0.314205,7688185
3,2021-03-15,74383,3719341,35262,1856163,34628,1810991,4493,52187,39594,1111279,0.144544,34639,1349479,0.175526,45088,2460758,0.32007,7688185
3,2021-03-16,93781,3813122,43204,1899367,46329,1857320,4248,56435,53541,1129933,0.14697,40062,1389541,0.180737,58716,2519474,0.327707,7688185
3,2021-03-17,96272,3909394,46776,1946143,45110,1902430,4386,60821,59029,1156951,0.150484,37063,1426604,0.185558,64081,2583555,0.336042,7688185
3,2021-03-18,100839,4010233,50818,1996961,45676,1948106,4345,65166,59133,1179474,0.153414,41510,1468114,0.190957,64033,2647588,0.344371,7688185
3,2021-03-19,100880,4111113,53820,2050781,42679,1990785,4381,69547,57415,1198566,0.155897,43250,1511364,0.196583,62342,2709930,0.35248,7688185
3,2021-03-20,70250,4181363,36199,2086980,30498,2021283,3553,73100,44430,1221378,0.158864,25669,1537033,0.199921,48481,2758411,0.358786,7688185
3,2021-03-21,35357,4216720,24032,2111012,9866,2031149,1459,74559,22993,1233997,0.160506,12303,1549336,0.201522,24922,2783333,0.362027,7688185
3,2021-03-22,69148,4285868,40557,2151569,26135,2057284,2456,77015,45230,1258938,0.16375,23753,1573089,0.204611,48694,2832027,0.368361,7688185
3,2021-03-23,88235,4374103,48479,2200048,37302,2094586,2454,79469,57278,1288620,0.16761,30752,1603841,0.208611,60434,2892461,0.376222,7688185
3,2021-03-24,97415,4471518,56189,2256237,38439,2133025,2787,82256,56936,1308761,0.17023,40189,1644030,0.213839,60330,2952791,0.384069,7688185
3,2021-03-25,104976,4576494,58295,2314532,43847,2176872,2834,85090,60619,1328776,0.172834,44092,1688122,0.219574,64107,3016898,0.392407,7688185
3,2021-03-26,108309,4684803,58092,2372624,47011,2223883,3206,88296,57815,1340398,0.174345,50248,1738370,0.226109,61870,3078768,0.400454,7688185
3,2021-03-27,73098,4757901,37026,2409650,33548,2257431,2524,90820,36671,1344008,0.174815,36258,1774628,0.230825,39868,3118636,0.40564,7688185
3,2021-03-28,43201,4801102,27123,2436773,15277,2272708,801,91621,23097,1348385,0.175384,20018,1794646,0.233429,24395,3143031,0.408813,7688185
3,2021-03-29,79407,4880509,41491,2478264,36146,2308854,1770,93391,44935,1361606,0.177104,34282,1828928,0.237888,47503,3190534,0.414992,7688185
3,2021-03-30,98613,4979122,48492,2526756,46591,2355445,3530,96921,59800,1386926,0.180397,38612,1867540,0.24291,63932,3254466,0.423307,7688185
3,2021-03-31,103282,5082404,55737,2582493,42824,2398269,4721,101642,57268,1403389,0.182538,45861,1913401,0.248876,62324,3316790,0.431414,7688185
3,2021-04-01,120546,5202950,60736,2643229,50434,2448703,9376,111018,65680,1424169,0.185241,54630,1968031,0.255981,75410,3392200,0.441222,7688185
3,2021-04-02,115608,5318558,56521,2699750,49118,2497821,9969,120987,61699,1442648,0.187645,53697,2021728,0.262966,72176,3464376,0.45061,7688185
3,2021-04-03,74624,5393182,38031,2737781,27611,2525432,8982,129969,37540,1452538,0.188931,36976,2058704,0.267775,46866,3511242,0.456706,7688185
3,2021-04-04,32075,5425257,17151,2754932,10774,2536206,4150,134119,14339,1453391,0.189042,17680,2076384,0.270075,18533,3529775,0.459117,7688185
3,2021-04-05,87797,5513054,44623,2799555,34272,2570478,8902,143021,43534,1462547,0.190233,44113,2120497,0.275812,53269,3583044,0.466045,7688185
3,2021-04-06,111907,5624961,54661,2854216,42275,2612753,14971,157992,53298,1473154,0.191613,58395,2178892,0.283408,69002,3652046,0.475021,7688185
3,2021-04-07,114560,5739521,59607,2913823,38952,2651705,16001,173993,56059,1487212,0.193441,58307,2237199,0.290992,72365,3724411,0.484433,7688185
3,2021-04-08,119634,5859155,59911,2973734,39933,2691638,19790,193783,55969,1500343,0.195149,63432,2300631,0.299242,76563,3800974,0.494392,7688185
3,2021-04-09,115920,5975075,57893,3031627,39205,2730843,18822,212605,51457,1507271,0.19605,64280,2364911,0.307603,71208,3872182,0.503654,7688185
3,2021-04-10,82269,6057344,37313,3068940,30010,2760853,14946,227551,33876,1508680,0.196234,48255,2413166,0.31388,49664,3921846,0.510113,7688185
3,2021-04-11,44312,6101656,23745,3092685,12643,2773496,7924,235475,16905,1507018,0.196017,27331,2440497,0.317435,25669,3947515,0.513452,7688185
3,2021-04-12,82653,6184309,41914,3134599,32195,2805691,8544,244019,37943,1510042,0.196411,44538,2485035,0.323228,47562,3995077,0.519639,7688185
3,2021-04-13,103558,6287867,56040,3190639,47313,2853004,205,244224,54794,1517324,0.197358,48586,2533621,0.329547,55868,4050945,0.526905,7688185
3,2021-04-14,104860,6392727,57536,3248175,47234,2900238,90,244314,53013,1520226,0.197735,51617,2585238,0.336261,54519,4105464,0.533997,7688185
3,2021-04-15,116448,6509175,65508,3313683,50887,2951125,53,244367,63111,1531062,0.199145,53114,2638352,0.34317,63950,4169414,0.542314,7688185
3,2021-04-16,112731,6621906,63247,3376930,49395,3000520,89,244456,59384,1538063,0.200055,53126,2691478,0.35008,60127,4229541,0.550135,7688185
3,2021-04-17,76233,6698139,41753,3418683,34468,3034988,12,244468,42146,1547214,0.201246,33952,2725430,0.354496,43103,4272644,0.555742,7688185
3,2021-04-18,36473,6734612,21553,3440236,14917,3049905,3,244471,17342,1546354,0.201134,19059,2744489,0.356975,18199,4290843,0.558109,7688185
3,2021-04-19,77467,6812079,43319,3483555,34097,3084002,51,244522,35179,1539955,0.200302,42150,2786639,0.362457,35751,4326594,0.562759,7688185
3,2021-04-20,97299,6909378,50390,3533945,46900,3130902,9,244531,47632,1539126,0.200194,49503,2836142,0.368896,48674,4375268,0.56909,7688185
3,2021-04-21,100180,7009558,55262,3589207,44857,3175759,61,244592,47674,1535553,0.199729,52260,2888402,0.375694,48687,4423955,0.575423,7688185
3,2021-04-22,106999,7116557,59351,3648558,47629,3223388,19,244611,46663,1523089,0.198108,60079,2948481,0.383508,47615,4471570,0.581616,7688185
3,2021-04-23,101944,7218501,57979,3706537,43945,3267333,20,244631,44908,1512257,0.196699,56749,3005230,0.390889,45917,4517487,0.587588,7688185
3,2021-04-24,72096,7290597,44800,3751337,27239,3294572,57,244688,35364,1512127,0.196682,36509,3041739,0.395638,36379,4553866,0.59232,7688185
3,2021-04-25,35943,7326540,23231,3774568,12700,3307272,12,244700,18534,1513745,0.196892,17310,3059049,0.39789,18928,4572794,0.594782,7688185
3,2021-04-26,64609,7391149,36330,3810898,27916,3335188,363,245063,27440,1505862,0.195867,36966,3096015,0.402698,29083,4601877,0.598565,7688185
3,2021-04-27,81655,7472804,42558,3853456,37711,3372899,1386,246449,32540,1491633,0.194016,48884,3144899,0.409056,34655,4636532,0.603072,7688185
3,2021-04-28,83154,7555958,46892,3900348,34197,3407096,2065,248514,33734,1478747,0.19234,49207,3194106,0.415456,36321,4672853,0.607797,7688185
3,2021-04-29,84835,7640793,48223,3948571,34475,3441571,2137,250651,29611,1455976,0.189378,54993,3249099,0.422609,32222,4705075,0.611988,7688185
3,2021-04-30,87072,7727865,48974,3997545,35688,3477259,2410,253061,32460,1436907,0.186898,54380,3303479,0.429683,35311,4740386,0.616581,7688185
3,2021-05-01,53909,7781774,34127,4031672,18406,3495665,1376,254437,19536,1424073,0.185229,34224,3337703,0.434134,21390,4761776,0.619363,7688185
3,2021-05-02,26305,7808079,17940,4049612,7360,3503025,1005,255442,9610,1418158,0.184459,16629,3354332,0.436297,10714,4772490,0.620756,7688185
3,2021-05-03,57642,7865721,33637,4083249,21704,3524729,2301,257743,16900,1396959,0.181702,40579,3394911,0.441575,19380,4791870,0.623277,7688185
3,2021-05-04,74764,7940485,42792,4126041,29403,3554132,2569,260312,21807,1368890,0.178051,52725,3447636,0.448433,24656,4816526,0.626484,7688185
3,2021-05-05,70571,8011056,43216,4169257,24805,3578937,2550,262862,19484,1340344,0.174338,50845,3498481,0.455046,22299,4838825,0.629385,7688185
3,2021-05-06,74427,8085483,48075,4217332,23962,3602899,2390,265252,18330,1305759,0.16984,55843,3554324,0.46231,21258,4860083,0.63215,7688185
3,2021-05-07,72372,8157855,46007,4263339,23890,3626789,2475,267727,19393,1275192,0.165864,52727,3607051,0.469168,22160,4882243,0.635032,7688185
3,2021-05-08,45921,8203776,28252,4291591,16155,3642944,1514,269241,12269,1255836,0.163346,33395,3640446,0.473512,14039,4896282,0.636858,7688185
3,2021-05-09,18625,8222401,13471,4305062,4414,3647358,740,269981,5165,1248437,0.162384,13358,3653804,0.475249,5959,4902241,0.637633,7688185
3,2021-05-10,24201,8246602,13266,4318328,10243,3657601,692,270673,4742,1234670,0.160593,19346,3673150,0.477766,5579,4907820,0.638359,7688185
4,2020-12-15,444,444,444,444,0,0,0,0,444,444,5.9e-05,0,0,0.0,444,444,5.9e-05,7584050
4,2020-12-16,2957,3401,2957,3401,0,0,0,0,2957,3401,0.000448,0,0,0.0,2957,3401,0.000448,7584050
4,2020-12-17,8524,11925,8524,11925,0,0,0,0,8524,11925,0.001572,0,0,0.0,8524,11925,0.001572,7584050
4,2020-12-18,15382,27307,15373,27298,9,9,0,0,15382,27307,0.003601,0,0,0.0,15382,27307,0.003601,7584050
4,2020-12-19,10234,37541,10227,37525,7,16,0,0,10169,37476,0.004941,0,0,0.0,10169,37476,0.004941,7584050
4,2020-12-20,7355,44896,7342,44867,13,29,0,0,7309,44785,0.005905,0,0,0.0,7309,44785,0.005905,7584050
4,2020-12-21,16276,61172,16253,61120,23,52,0,0,16209,60994,0.008042,0,0,0.0,16209,60994,0.008042,7584050
4,2020-12-22,17085,78257,16354,77474,731,783,0,0,17041,78035,0.010289,0,0,0.0,17041,78035,0.010289,7584050
4,2020-12-23,16911,95168,14227,91701,2684,3467,0,0,16882,94917,0.012515,0,0,0.0,16882,94917,0.012515,7584050
4,2020-12-24,8534,103702,5953,97654,2581,6048,0,0,8534,103451,0.013641,0,0,0.0,8534,103451,0.013641,7584050
4,2020-12-25,899,104601,795,98449,104,6152,0,0,899,104350,0.013759,0,0,0.0,899,104350,0.013759,7584050
4,2020-12-26,6166,110767,3865,102314,2301,8453,0,0,6166,110516,0.014572,0,0,0.0,6166,110516,0.014572,7584050
4,2020-12-27,3415,114182,1995,104309,1420,9873,0,0,3415,113931,0.015022,0,0,0.0,3415,113931,0.015022,7584050
4,2020-12-28,14949,129131,9238,113547,5711,15584,0,0,14919,128849,0.016989,1,1,0.0,14919,128850,0.01699,7584050
4,2020-12-29,15234,144365,8433,121980,6801,22385,0,0,15200,144049,0.018994,0,1,0.0,15200,144050,0.018994,7584050
4,2020-12-30,18867,163232,11055,133035,7812,30197,0,0,18856,162903,0.02148,2,3,0.0,18856,162906,0.02148,7584050
4,2020-12-31,8187,171419,3319,136354,4868,35065,0,0,8182,171083,0.022558,2,5,1e-06,8182,171088,0.022559,7584050
4,2021-01-01,1220,172639,515,136869,705,35770,0,0,1218,172299,0.022719,2,7,1e-06,1218,172306,0.02272,7584050
4,2021-01-02,5664,178303,3204,140073,2460,38230,0,0,5663,177961,0.023465,1,8,1e-06,5663,177969,0.023466,7584050
4,2021-01-03,2120,180423,1256,141329,864,39094,0,0,2106,180063,0.023742,4,12,2e-06,2106,180075,0.023744,7584050
4,2021-01-04,12937,193360,7058,148387,5879,44973,0,0,12889,192921,0.025438,31,43,6e-06,12889,192964,0.025443,7584050
4,2021-01-05,16750,210110,9898,158285,6852,51825,0,0,14726,205655,0.027117,2003,2046,0.00027,14737,207701,0.027387,7584050
4,2021-01-06,21466,231576,13161,171446,8305,60130,0,0,15629,215510,0.028416,5785,7831,0.001033,15640,223341,0.029449,7584050
4,2021-01-07,27743,259319,16920,188366,10823,70953,0,0,16968,221771,0.029242,10720,18551,0.002446,16981,240322,0.031688,7584050
4,2021-01-08,32613,291932,20927,209293,11686,82639,0,0,18477,226198,0.029825,14067,32618,0.004301,18494,258816,0.034126,7584050
4,2021-01-09,16146,308078,9553,218846,6593,89232,0,0,9415,228915,0.030184,6709,39327,0.005185,9426,268242,0.035369,7584050
4,2021-01-10,8700,316778,5620,224466,3080,92312,0,0,4103,228450,0.030122,4576,43903,0.005789,4111,272353,0.035911,7584050
4,2021-01-11,33229,350007,21766,246232,11463,103775,0,0,18741,232782,0.030694,14448,58351,0.007694,18780,291133,0.038388,7584050
4,2021-01-12,38020,388027,21816,268048,16204,119979,0,0,24010,242870,0.032024,13961,72312,0.009535,24049,315182,0.041559,7584050
4,2021-01-13,38385,426412,18901,286949,19484,139463,0,0,27204,258971,0.034147,11128,83440,0.011002,27229,342411,0.045149,7584050
4,2021-01-14,38860,465272,14844,301793,24016,163479,0,0,31823,283832,0.037425,6989,90429,0.011924,31850,374261,0.049348,7584050
4,2021-01-15,45036,510308,15588,317381,29448,192927,0,0,39522,317916,0.041919,5458,95887,0.012643,39542,413803,0.054562,7584050
4,2021-01-16,28512,538820,9334,326715,19178,212105,0,0,25411,340276,0.044867,3065,98952,0.013047,25425,439228,0.057915,7584050
4,2021-01-17,18940,557760,6646,333361,12294,224399,0,0,17431,356237,0.046972,1484,100436,0.013243,17445,456673,0.060215,7584050
4,2021-01-18,29123,586883,13368,346729,15755,240154,0,0,23177,373598,0.049261,5848,106284,0.014014,23209,479882,0.063275,7584050
4,2021-01-19,45993,632876,23191,369920,22802,262956,0,0,36696,401123,0.05289,9242,115526,0.015233,36767,516649,0.068123,7584050
4,2021-01-20,51499,684375,27321,397241,24178,287134,0,0,41111,431991,0.05696,10293,125819,0.01659,41161,557810,0.07355,7584050
4,2021-01-21,56210,740585,24854,422095,31356,318490,0,0,49845,475572,0.062707,6306,132125,0.017421,49887,607697,0.080128,7584050
4,2021-01-22,54785,795370,22018,444113,32767,351257,0,0,49717,520346,0.068611,4973,137098,0.018077,49747,657444,0.086688,7584050
4,2021-01-23,39364,834734,17403,461516,21961,373218,0,0,35072,551162,0.072674,4284,141382,0.018642,35100,692544,0.091316,7584050
4,2021-01-24,23892,858626,10495,472011,13397,386615,0,0,22025,571344,0.075335,1859,143241,0.018887,22041,714585,0.094222,7584050
4,2021-01-25,47546,906172,21960,493971,25586,412201,0,0,36559,596999,0.078718,10958,154199,0.020332,36613,751198,0.09905,7584050
4,2021-01-26,56190,962362,28671,522642,27519,439720,0,0,44132,629184,0.082961,12003,166202,0.021915,44188,795386,0.104876,7584050
4,2021-01-27,55159,1017521,26679,549321,28480,468200,0,0,44221,662653,0.087375,10802,177004,0.023339,44271,839657,0.110714,7584050
4,2021-01-28,56043,1073564,25296,574617,30747,498947,0,0,46203,699147,0.092186,9750,186754,0.024625,46244,885901,0.116811,7584050
4,2021-01-29,55998,1129562,26927,601544,29071,528018,0,0,45754,734826,0.096891,10102,196856,0.025957,45781,931682,0.122848,7584050
4,2021-01-30,37466,1167028,17065,618609,20401,548419,0,0,32233,761894,0.10046,5188,202044,0.026641,32256,963938,0.127101,7584050
4,2021-01-31,23781,1190809,12497,631106,11284,559703,0,0,22185,782512,0.103179,1580,203624,0.026849,22198,986136,0.130028,7584050
4,2021-02-01,48134,1238943,22695,653801,25439,585142,0,0,37882,810211,0.106831,10224,213848,0.028197,37923,1024059,0.135028,7584050
4,2021-02-02,55817,1294760,26326,680127,29491,614633,0,0,42140,838848,0.110607,13544,227392,0.029983,42181,1066240,0.14059,7584050
4,2021-02-03,61711,1356471,30333,710460,31378,646011,0,0,47553,872406,0.115032,14051,241443,0.031836,47609,1113849,0.146867,7584050
4,2021-02-04,67244,1423715,31369,741829,35875,681886,0,0,50631,906684,0.119551,16457,257900,0.034006,50735,1164584,0.153557,7584050
4,2021-02-05,72605,1496320,33641,775470,38964,720850,0,0,50727,935904,0.123404,21638,279538,0.036859,50858,1215442,0.160263,7584050
4,2021-02-06,47954,1544274,25962,801432,21992,742842,0,0,36538,961254,0.126747,11388,290926,0.03836,36738,1252180,0.165107,7584050
4,2021-02-07,26240,1570514,17311,818743,8929,751771,0,0,19884,975051,0.128566,6323,297249,0.039194,20120,1272300,0.16776,7584050
4,2021-02-08,58078,1628592,29809,848552,28269,780040,0,0,37838,993036,0.130937,20108,317357,0.041845,38093,1310393,0.172783,7584050
4,2021-02-09,66776,1695368,34011,882563,32765,812805,0,0,39276,1005274,0.132551,27436,344793,0.045463,39674,1350067,0.178014,7584050
4,2021-02-10,76833,1772201,38475,921038,38358,851163,0,0,40846,1010900,0.133293,35754,380547,0.050177,41380,1391447,0.18347,7584050
4,2021-02-11,80563,1852764,42003,963041,38560,889723,0,0,41779,1014768,0.133803,38570,419117,0.055263,42438,1433885,0.189066,7584050
4,2021-02-12,83727,1936491,37509,1000550,46218,935941,0,0,43234,1018460,0.13429,40322,459439,0.06058,44014,1477899,0.194869,7584050
4,2021-02-13,58286,1994777,29541,1030091,28745,964686,0,0,29806,1020787,0.134597,28367,487806,0.06432,30694,1508593,0.198917,7584050
4,2021-02-14,36613,2031390,19030,1049121,17583,982269,0,0,18815,1022499,0.134822,17758,505564,0.066661,19470,1528063,0.201484,7584050
4,2021-02-15,45796,2077186,21483,1070604,24313,1006582,0,0,23595,1025131,0.135169,22136,527700,0.06958,24768,1552831,0.20475,7584050
4,2021-02-16,79359,2156545,36317,1106921,43042,1049624,0,0,40585,1028237,0.135579,38684,566384,0.074681,41790,1594621,0.21026,7584050
4,2021-02-17,80570,2237115,37943,1144864,42627,1092251,0,0,38484,1025910,0.135272,41934,608318,0.08021,39607,1634228,0.215482,7584050
4,2021-02-18,82524,2319639,45423,1190287,37101,1129352,0,0,38361,1021714,0.134719,44024,652342,0.086015,39828,1674056,0.220734,7584050
4,2021-02-19,81553,2401192,51314,1241601,30239,1159591,0,0,40959,1022903,0.134876,40461,692803,0.09135,41650,1715706,0.226226,7584050
4,2021-02-20,48163,2449355,32151,1273752,16012,1175603,0,0,26370,1028214,0.135576,21743,714546,0.094217,27054,1742760,0.229793,7584050
4,2021-02-21,25699,2475054,20099,1293851,5600,1181203,0,0,11660,1026171,0.135306,13982,728528,0.096061,11939,1754699,0.231367,7584050
4,2021-02-22,52131,2527185,35876,1329727,16255,1197458,0,0,25369,1025296,0.135191,26679,755207,0.099578,25804,1780503,0.234769,7584050
4,2021-02-23,72295,2599480,39868,1369595,32427,1229885,0,0,31828,1018422,0.134285,40359,795566,0.1049,33485,1813988,0.239185,7584050
4,2021-02-24,87527,2687007,46082,1415677,41445,1271330,0,0,39764,1012749,0.133537,47577,843143,0.111173,41904,1855892,0.24471,7584050
4,2021-02-25,97635,2784642,50673,1466350,46962,1318292,0,0,46841,1011477,0.133369,50651,893794,0.117852,49379,1905271,0.251221,7584050
4,2021-02-26,103895,2888537,52359,1518709,51536,1369828,0,0,53745,1017617,0.134179,49935,943729,0.124436,56075,1961346,0.258615,7584050
4,2021-02-27,74712,2963249,40406,1559115,34300,1404128,6,6,39957,1024412,0.135075,34639,978368,0.129003,41434,2002780,0.264078,7584050
4,2021-02-28,44936,3008185,27842,1586957,17093,1421221,1,7,25052,1030585,0.135888,19756,998124,0.131608,25929,2028709,0.267497,7584050
4,2021-03-01,74471,3082656,43503,1630460,30955,1452176,13,20,41247,1039991,0.137129,33032,1031156,0.135964,42438,2071147,0.273092,7584050
4,2021-03-02,80483,3163139,44897,1675357,35582,1487758,4,24,47191,1055812,0.139215,33152,1064308,0.140335,48973,2120120,0.27955,7584050
4,2021-03-03,97893,3261032,51660,1727017,46222,1533980,11,35,54460,1068794,0.140927,43254,1107562,0.146038,56236,2176356,0.286965,7584050
4,2021-03-04,95430,3356462,52936,1779953,42481,1576461,13,48,52429,1080188,0.142429,42814,1150376,0.151684,54208,2230564,0.294113,7584050
4,2021-03-05,92293,3448755,49352,1829305,42631,1619092,310,358,54665,1099612,0.14499,37463,1187839,0.156623,56887,2287451,0.301613,7584050
4,2021-03-06,74821,3523576,41914,1871219,30306,1649398,2601,2959,45780,1120390,0.14773,28946,1216785,0.16044,49724,2337175,0.30817,7584050
4,2021-03-07,41359,3564935,26220,1897439,13985,1663383,1154,4113,24543,1130409,0.149051,16761,1233546,0.16265,26780,2363955,0.311701,7584050
4,2021-03-08,64983,3629918,33702,1931141,28115,1691498,3166,7279,42705,1155451,0.152353,22175,1255721,0.165574,47217,2411172,0.317927,7584050
4,2021-03-09,73648,3703566,34103,1965244,34455,1725953,5090,12369,38193,1164558,0.153554,35314,1291035,0.17023,44421,2455593,0.323784,7584050
4,2021-03-10,87985,3791551,44638,2009882,35963,1761916,7384,19753,44073,1173228,0.154697,43762,1334797,0.176001,52432,2508025,0.330697,7584050
4,2021-03-11,99572,3891123,52335,2062217,38890,1800806,8347,28100,46158,1175643,0.155015,53226,1388023,0.183019,55641,2563666,0.338034,7584050
4,2021-03-12,103263,3994386,50880,2113097,42196,1843002,10187,38287,44247,1172222,0.154564,58808,1446831,0.190773,55387,2619053,0.345337,7584050
4,2021-03-13,79791,4074177,37085,2150182,34359,1877361,8347,46634,37532,1177116,0.155209,42147,1488978,0.19633,47041,2666094,0.35154,7584050
4,2021-03-14,48987,4123164,27898,2178080,17509,1894870,3580,50214,25142,1182708,0.155947,23771,1512749,0.199465,29363,2695457,0.355411,7584050
4,2021-03-15,82880,4206044,44375,2222455,34311,1929181,4194,54408,42843,1190744,0.157006,39844,1552593,0.204718,47880,2743337,0.361725,7584050
4,2021-03-16,106527,4312571,55300,2277755,47876,1977057,3351,57759,57317,1203109,0.158637,49007,1601600,0.21118,61372,2804709,0.369817,7584050
4,2021-03-17,104988,4417559,56456,2334211,45143,2022200,3389,61148,61967,1226228,0.161685,42813,1644413,0.216825,65932,2870641,0.37851,7584050
4,2021-03-18,104997,4522556,58022,2392233,43369,2065569,3606,64754,60469,1246439,0.16435,44304,1688717,0.222667,64515,2935156,0.387017,7584050
4,2021-03-19,109089,4631645,62420,2454653,41570,2107139,5099,69853,63268,1269596,0.167403,45618,1734335,0.228682,68775,3003931,0.396085,7584050
4,2021-03-20,82233,4713878,48043,2502696,31243,2138382,2947,72800,51450,1293635,0.170573,30670,1765005,0.232726,54709,3058640,0.403299,7584050
4,2021-03-21,47280,4761158,34218,2536914,10837,2149219,2225,75025,28883,1306785,0.172307,18310,1783315,0.23514,31460,3090100,0.407447,7584050
4,2021-03-22,80926,4842084,52849,2589763,25437,2174656,2640,77665,51632,1332659,0.175719,29113,1812428,0.238979,54987,3145087,0.414698,7584050
4,2021-03-23,103100,4945184,61428,2651191,39578,2214234,2094,79759,64578,1361578,0.179532,38285,1850713,0.244027,67204,3212291,0.423559,7584050
4,2021-03-24,112133,5057317,72425,2723616,37408,2251642,2300,82059,64501,1381587,0.18217,47249,1897962,0.250257,67258,3279549,0.432427,7584050
4,2021-03-25,115217,5172534,70924,2794540,41994,2293636,2299,84358,67106,1403764,0.185094,47707,1945669,0.256547,69884,3349433,0.441642,7584050
4,2021-03-26,117952,5290486,71566,2866106,43395,2337031,2991,87349,66185,1422068,0.187508,51471,1997140,0.263334,69775,3419208,0.450842,7584050
4,2021-03-27,90089,5380575,53326,2919432,34984,2372015,1779,89128,46935,1428285,0.188327,42969,2040109,0.269,49186,3468394,0.457327,7584050
4,2021-03-28,54888,5435463,36121,2955553,17901,2389916,866,89994,30708,1436114,0.18936,24064,2064173,0.272173,31893,3500287,0.461533,7584050
4,2021-03-29,92287,5527750,55454,3011007,34819,2424735,2014,92008,51582,1449731,0.191155,40520,2104693,0.277516,54137,3554424,0.468671,7584050
4,2021-03-30,115768,5643518,63082,3074089,48599,2473334,4087,96095,74055,1486784,0.196041,41535,2146228,0.282992,78588,3633012,0.479033,7584050
4,2021-03-31,119331,5762849,70549,3144638,42589,2515923,6193,102288,69110,1512341,0.199411,49967,2196195,0.289581,75524,3708536,0.488992,7584050
4,2021-04-01,139869,5902718,79937,3224575,47088,2563011,12844,115132,83010,1551867,0.204622,56587,2252782,0.297042,96113,3804649,0.501665,7584050
4,2021-04-02,134319,6037037,71999,3296574,49194,2612205,13126,128258,78179,1587638,0.209339,55921,2308703,0.304416,91692,3896341,0.513755,7584050
4,2021-04-03,99659,6136696,53189,3349763,33374,2645579,13096,141354,52251,1606018,0.211763,47261,2355964,0.310647,65641,3961982,0.52241,7584050
4,2021-04-04,46425,6183121,24488,3374251,14482,2660061,7455,148809,20560,1608292,0.212062,25791,2381755,0.314048,28065,3990047,0.52611,7584050
4,2021-04-05,108163,6291284,60999,3435250,34564,2694625,12600,161409,56861,1627208,0.214557,51146,2432901,0.320792,70062,4060109,0.535348,7584050
4,2021-04-06,137289,6428573,77491,3512741,40252,2734877,19546,180955,71807,1653939,0.218081,65294,2498195,0.329401,92025,4152134,0.547482,7584050
4,2021-04-07,135687,6564260,77120,3589861,38135,2773012,20432,201387,70686,1680605,0.221597,64802,2562997,0.337946,91468,4243602,0.559543,7584050
4,2021-04-08,137953,6702213,77205,3667066,35661,2808673,25087,226474,68866,1706377,0.224995,68866,2631863,0.347026,94638,4338240,0.572022,7584050
4,2021-04-09,135249,6837462,74270,3741336,38373,2847046,22606,249080,64967,1724900,0.227438,70113,2701976,0.356271,88636,4426876,0.583709,7584050
4,2021-04-10,101629,6939091,50347,3791683,32865,2879911,18417,267497,46073,1735075,0.228779,55396,2757372,0.363575,65571,4492447,0.592355,7584050
4,2021-04-11,61644,7000735,37488,3829171,13053,2892964,11103,278600,27117,1739933,0.22942,34452,2791824,0.368118,39310,4531757,0.597538,7584050
4,2021-04-12,101220,7101955,61682,3890853,29765,2922729,9773,288373,51398,1752734,0.231108,49591,2841415,0.374657,62392,4594149,0.605765,7584050
4,2021-04-13,128572,7230527,80563,3971416,47857,2970586,152,288525,77228,1779835,0.234681,51127,2892542,0.381398,78228,4672377,0.616079,7584050
4,2021-04-14,133375,7363902,85019,4056435,48288,3018874,68,288593,74468,1796914,0.236933,58655,2951197,0.389132,75734,4748111,0.626065,7584050
4,2021-04-15,153538,7517440,102366,4158801,51140,3070014,32,288625,95008,1834449,0.241883,58244,3009441,0.396812,95779,4843890,0.638694,7584050
4,2021-04-16,141085,7658525,89730,4248531,51281,3121295,74,288699,82681,1859728,0.245216,58165,3067606,0.404481,83444,4927334,0.649697,7584050
4,2021-04-17,98863,7757388,62553,4311084,36302,3157597,8,288707,58072,1878339,0.24767,40586,3108192,0.409833,59197,4986531,0.657502,7584050
4,2021-04-18,53283,7810671,35718,4346802,17562,3175159,3,288710,30411,1886917,0.248801,22773,3130965,0.412835,31351,5017882,0.661636,7584050
4,2021-04-19,99212,7909883,65552,4412354,33648,3208807,12,288722,50898,1890270,0.249243,48136,3179101,0.419182,51489,5069371,0.668425,7584050
4,2021-04-20,126198,8036081,73951,4486305,52242,3261049,5,288727,66333,1898029,0.250266,59610,3238711,0.427042,67369,5136740,0.677308,7584050
4,2021-04-21,126439,8162520,81233,4567538,45157,3306206,49,288776,64045,1900972,0.250654,62140,3300851,0.435236,65083,5201823,0.68589,7584050
4,2021-04-22,135713,8298233,89343,4656881,46352,3352558,18,288794,60961,1888556,0.249017,74475,3375326,0.445056,62059,5263882,0.694073,7584050
4,2021-04-23,129385,8427618,83837,4740718,45526,3398084,22,288816,56310,1873212,0.246994,72795,3448121,0.454654,57451,5321333,0.701648,7584050
4,2021-04-24,96305,8523923,65379,4806097,30874,3428958,52,288868,44404,1867031,0.246179,51674,3499795,0.461468,45493,5366826,0.707646,7584050
4,2021-04-25,48765,8572688,34647,4840744,14095,3443053,23,288891,25606,1870027,0.246574,23056,3522851,0.464508,26052,5392878,0.711082,7584050
4,2021-04-26,79792,8652480,52599,4893343,26834,3469887,359,289250,31164,1854385,0.244511,48420,3571271,0.470892,32778,5425656,0.715404,7584050
4,2021-04-27,101695,8754175,62160,4955503,37761,3507648,1774,291024,36591,1828614,0.241113,64848,3636119,0.479443,39077,5464733,0.720556,7584050
4,2021-04-28,98944,8853119,64228,5019731,32249,3539897,2467,293491,35380,1803732,0.237832,63342,3699461,0.487795,38460,5503193,0.725627,7584050
4,2021-04-29,100157,8953276,63471,5083202,34210,3574107,2476,295967,31324,1769515,0.233321,68581,3768042,0.496838,34364,5537557,0.730158,7584050
4,2021-04-30,100435,9053711,63146,5146348,34681,3608788,2608,298575,34231,1741028,0.229564,65925,3833967,0.50553,37438,5574995,0.735095,7584050
4,2021-05-01,67809,9121520,45204,5191552,20872,3629660,1733,300308,19769,1715268,0.226168,47884,3881851,0.511844,22124,5597119,0.738012,7584050
4,2021-05-02,37114,9158634,26296,5217848,9551,3639211,1267,301575,10487,1700629,0.224238,26528,3908379,0.515342,11889,5609008,0.73958,7584050
4,2021-05-03,76941,9235575,53767,5271615,20740,3659951,2434,304009,18974,1664593,0.219486,57774,3966153,0.52296,21738,5630746,0.742446,7584050
4,2021-05-04,97358,9332933,66128,5337743,28553,3688504,2677,306686,21994,1614474,0.212878,75145,4041298,0.532868,25026,5655772,0.745746,7584050
4,2021-05-05,94687,9427620,67266,5405009,24746,3713250,2675,309361,20489,1563965,0.206218,73946,4115244,0.542618,23437,5679209,0.748836,7584050
4,2021-05-06,103929,9531549,78809,5483818,22309,3735559,2811,312172,17869,1499935,0.197775,85767,4201011,0.553927,21737,5700946,0.751702,7584050
4,2021-05-07,93842,9625391,67582,5551400,23695,3759254,2565,314737,18865,1447059,0.190803,74699,4275710,0.563777,21823,5722769,0.75458,7584050
4,2021-05-08,58426,9683817,38647,5590047,17972,3777226,1807,316544,11827,1414598,0.186523,46426,4322136,0.569898,13965,5736734,0.756421,7584050
4,2021-05-09,28190,9712007,22390,5612437,4898,3782124,902,317446,7068,1401613,0.184811,21032,4343168,0.572671,8047,5744781,0.757482,7584050
4,2021-05-10,31419,9743426,19804,5632241,10909,3793033,706,318152,4988,1381108,0.182107,26339,4369507,0.576144,5834,5750615,0.758251,7584050
