vemquartile,administered_date,total_doses,cumulative_total_doses,pfizer_doses,cumulative_pfizer_doses,moderna_doses,cumulative_moderna_doses,jj_doses,cumulative_jj_doses,partially_vaccinated,total_partially_vaccinated,pct_age12pop_partially_vaccinated,fully_vaccinated,cumulative_fully_vaccinated,pct_age12pop_fully_vaccinated,at_least_one_dose,cumulative_at_least_one_dose,pct_age12pop_at_least_one_dose,age12_population
1,2020-12-15,148,148,148,148,0,0,0,0,148,148,1.7e-05,0,0,0.0,148,148,1.7e-05,8700223
1,2020-12-16,1178,1326,1178,1326,0,0,0,0,1178,1326,0.000152,0,0,0.0,1178,1326,0.000152,8700223
1,2020-12-17,4135,5461,4135,5461,0,0,0,0,4136,5462,0.000628,0,0,0.0,4136,5462,0.000628,8700223
1,2020-12-18,6302,11763,6282,11743,20,20,0,0,6303,11764,0.001352,1,1,0.0,6303,11765,0.001352,8700223
1,2020-12-19,2865,14628,2864,14607,1,21,0,0,2864,14627,0.001681,1,2,0.0,2864,14629,0.001681,8700223
1,2020-12-20,2117,16745,2111,16718,6,27,0,0,2118,16745,0.001925,0,2,0.0,2118,16747,0.001925,8700223
1,2020-12-21,7624,24369,7610,24328,14,41,0,0,7674,24419,0.002807,1,3,0.0,7675,24422,0.002807,8700223
1,2020-12-22,7277,31646,6937,31265,340,381,0,0,7279,31696,0.003643,2,5,1e-06,7279,31701,0.003644,8700223
1,2020-12-23,7826,39472,6577,37842,1249,1630,0,0,7819,39514,0.004542,2,7,1e-06,7820,39521,0.004543,8700223
1,2020-12-24,3298,42770,2358,40200,940,2570,0,0,3300,42814,0.004921,0,7,1e-06,3300,42821,0.004922,8700223
1,2020-12-25,237,43007,152,40352,85,2655,0,0,237,43051,0.004948,0,7,1e-06,237,43058,0.004949,8700223
1,2020-12-26,1350,44357,962,41314,388,3043,0,0,1349,44399,0.005103,1,8,1e-06,1349,44407,0.005104,8700223
1,2020-12-27,863,45220,531,41845,332,3375,0,0,863,45261,0.005202,1,9,1e-06,863,45270,0.005203,8700223
1,2020-12-28,7078,52298,4754,46599,2324,5699,0,0,7077,52338,0.006016,0,9,1e-06,7077,52347,0.006017,8700223
1,2020-12-29,8857,61155,4972,51571,3885,9584,0,0,8853,61190,0.007033,1,10,1e-06,8853,61200,0.007034,8700223
1,2020-12-30,11573,72728,6452,58023,5121,14705,0,0,11573,72763,0.008363,0,10,1e-06,11573,72773,0.008364,8700223
1,2020-12-31,5942,78670,1958,59981,3984,18689,0,0,5940,78701,0.009046,3,13,1e-06,5941,78714,0.009047,8700223
1,2021-01-01,554,79224,190,60171,364,19053,0,0,553,79253,0.009109,1,14,2e-06,553,79267,0.009111,8700223
1,2021-01-02,2898,82122,1762,61933,1136,20189,0,0,2900,82153,0.009443,0,14,2e-06,2900,82167,0.009444,8700223
1,2021-01-03,1022,83144,547,62480,475,20664,0,0,1020,83171,0.00956,2,16,2e-06,1020,83187,0.009561,8700223
1,2021-01-04,7333,90477,3574,66054,3759,24423,0,0,7337,90507,0.010403,1,17,2e-06,7337,90524,0.010405,8700223
1,2021-01-05,10774,101251,5192,71246,5582,30005,0,0,10023,99816,0.011473,736,753,8.7e-05,10045,100569,0.011559,8700223
1,2021-01-06,13991,115242,7026,78272,6965,36970,0,0,12106,110082,0.012653,1848,2601,0.000299,12114,112683,0.012952,8700223
1,2021-01-07,17363,132605,9076,87348,8287,45257,0,0,12916,118658,0.013639,4350,6951,0.000799,12926,125609,0.014437,8700223
1,2021-01-08,20072,152677,10400,97748,9672,54929,0,0,14182,126971,0.014594,5874,12825,0.001474,14187,139796,0.016068,8700223
1,2021-01-09,6680,159357,3372,101120,3308,58237,0,0,4832,129972,0.014939,1835,14660,0.001685,4836,144632,0.016624,8700223
1,2021-01-10,3069,162426,1745,102865,1324,59561,0,0,1885,130686,0.015021,1172,15832,0.00182,1886,146518,0.016841,8700223
1,2021-01-11,18018,180444,11802,114667,6216,65777,0,0,11491,135715,0.015599,6503,22335,0.002567,11532,158050,0.018166,8700223
1,2021-01-12,18852,199296,10727,125394,8125,73902,0,0,12908,142751,0.016408,5908,28243,0.003246,12944,170994,0.019654,8700223
1,2021-01-13,19703,218999,10658,136052,9045,82947,0,0,14558,152205,0.017494,5123,33366,0.003835,14577,185571,0.021329,8700223
1,2021-01-14,21837,240836,9372,145424,12465,95412,0,0,19098,168671,0.019387,2682,36048,0.004143,19148,204719,0.02353,8700223
1,2021-01-15,25083,265919,9231,154655,15852,111264,0,0,23148,189981,0.021836,1889,37937,0.00436,23199,227918,0.026197,8700223
1,2021-01-16,13861,279780,4539,159194,9322,120586,0,0,12998,202122,0.023232,859,38796,0.004459,13000,240918,0.027691,8700223
1,2021-01-17,5201,284981,2016,161210,3185,123771,0,0,4835,206600,0.023747,362,39158,0.004501,4840,245758,0.028247,8700223
1,2021-01-18,14264,299245,8582,169792,5682,129453,0,0,11102,214599,0.024666,3151,42309,0.004863,11150,256908,0.029529,8700223
1,2021-01-19,24660,323905,12864,182656,11796,141249,0,0,19462,228931,0.026313,5182,47491,0.005459,19514,276422,0.031772,8700223
1,2021-01-20,28649,352554,14028,196684,14621,155870,0,0,22999,246371,0.028318,5595,53086,0.006102,23035,299457,0.034419,8700223
1,2021-01-21,30801,383355,14307,210991,16494,172364,0,0,27636,270996,0.031148,3098,56184,0.006458,27723,327180,0.037606,8700223
1,2021-01-22,28132,411487,11173,222164,16959,189323,0,0,26147,295229,0.033933,1942,58126,0.006681,26175,353355,0.040614,8700223
1,2021-01-23,18679,430166,8200,230364,10479,199802,0,0,16751,310076,0.03564,1914,60040,0.006901,16761,370116,0.042541,8700223
1,2021-01-24,6657,436823,4156,234520,2501,202303,0,0,6001,315431,0.036256,651,60691,0.006976,6006,376122,0.043231,8700223
1,2021-01-25,25184,462007,10417,244937,14767,217070,0,0,19497,329357,0.037856,5666,66357,0.007627,19592,395714,0.045483,8700223
1,2021-01-26,28490,490497,13389,258326,15101,232171,0,0,21909,344748,0.039625,6536,72893,0.008378,21927,417641,0.048003,8700223
1,2021-01-27,32303,522800,15379,273705,16924,249095,0,0,24333,361199,0.041516,7907,80800,0.009287,24358,441999,0.050803,8700223
1,2021-01-28,34647,557447,16289,289994,18358,267453,0,0,27832,382332,0.043945,6759,87559,0.010064,27892,469891,0.054009,8700223
1,2021-01-29,33394,590841,16408,306402,16986,284439,0,0,26933,402971,0.046317,6328,93887,0.010791,26967,496858,0.057109,8700223
1,2021-01-30,20202,611043,8817,315219,11385,295824,0,0,18097,418997,0.048159,2080,95967,0.01103,18106,514964,0.05919,8700223
1,2021-01-31,7582,618625,4970,320189,2612,298436,0,0,6940,425299,0.048884,641,96608,0.011104,6943,521907,0.059988,8700223
1,2021-02-01,28523,647148,12427,332616,16096,314532,0,0,20897,438620,0.050415,7582,104190,0.011976,20903,542810,0.06239,8700223
1,2021-02-02,32043,679191,11525,344141,20518,335050,0,0,24133,454942,0.052291,7845,112035,0.012877,24167,566977,0.065168,8700223
1,2021-02-03,39105,718296,15032,359173,24073,359123,0,0,28276,472552,0.054315,10700,122735,0.014107,28310,595287,0.068422,8700223
1,2021-02-04,43546,761842,16994,376167,26552,385675,0,0,31658,492475,0.056605,11783,134518,0.015461,31706,626993,0.072066,8700223
1,2021-02-05,46611,808453,17279,393446,29332,415007,0,0,30720,507486,0.05833,15760,150278,0.017273,30771,657764,0.075603,8700223
1,2021-02-06,26479,834932,10528,403974,15951,430958,0,0,20655,522373,0.060041,5785,156063,0.017938,20672,678436,0.077979,8700223
1,2021-02-07,6263,841195,4041,408015,2222,433180,0,0,4655,525453,0.060395,1593,157656,0.018121,4673,683109,0.078516,8700223
1,2021-02-08,31281,872476,14300,422315,16981,450161,0,0,20900,536141,0.061624,10305,167961,0.019305,20993,704102,0.080929,8700223
1,2021-02-09,38136,910612,16837,439152,21299,471460,0,0,23574,545217,0.062667,14571,182532,0.02098,23647,727749,0.083647,8700223
1,2021-02-10,46645,957257,21944,461096,24701,496161,0,0,26928,552600,0.063516,19622,202154,0.023235,27005,754754,0.086751,8700223
1,2021-02-11,51260,1008517,25241,486337,26019,522180,0,0,30883,563477,0.064766,20105,222259,0.025546,30982,785736,0.090312,8700223
1,2021-02-12,49304,1057821,21305,507642,27999,550179,0,0,28460,571342,0.06567,20731,242990,0.027929,28596,814332,0.093599,8700223
1,2021-02-13,26002,1083823,11340,518982,14662,564841,0,0,15072,575630,0.066163,10860,253850,0.029177,15148,829480,0.09534,8700223
1,2021-02-14,11614,1095437,5484,524466,6130,570971,0,0,6629,577365,0.066362,4959,258809,0.029747,6694,836174,0.096109,8700223
1,2021-02-15,23562,1118999,9267,533733,14295,585266,0,0,14365,582751,0.066981,9095,267904,0.030793,14481,850655,0.097774,8700223
1,2021-02-16,46372,1165371,22244,555977,24128,609394,0,0,27315,591188,0.067951,18989,286893,0.032975,27426,878081,0.100926,8700223
1,2021-02-17,47792,1213163,24185,580162,23607,633001,0,0,25929,595516,0.068448,21746,308639,0.035475,26074,904155,0.103923,8700223
1,2021-02-18,50249,1263412,25091,605253,25158,658159,0,0,26185,598052,0.06874,23868,332507,0.038218,26404,930559,0.106958,8700223
1,2021-02-19,45527,1308939,24693,629946,20834,678993,0,0,25748,604184,0.069445,19681,352188,0.04048,25813,956372,0.109925,8700223
1,2021-02-20,26937,1335876,16437,646383,10500,689493,0,0,15492,608347,0.069923,11404,363592,0.041791,15567,971939,0.111714,8700223
1,2021-02-21,11485,1347361,10240,656623,1245,690738,0,0,6832,610622,0.070185,4606,368198,0.042321,6881,978820,0.112505,8700223
1,2021-02-22,29872,1377233,19639,676262,10233,700971,0,0,17607,616114,0.070816,12213,380411,0.043724,17705,996525,0.11454,8700223
1,2021-02-23,42985,1420218,20948,697210,22037,723008,0,0,24145,621911,0.071482,18710,399121,0.045875,24507,1021032,0.117357,8700223
1,2021-02-24,52937,1473155,25671,722881,27266,750274,0,0,29711,628942,0.07229,23128,422249,0.048533,30159,1051191,0.120823,8700223
1,2021-02-25,65042,1538197,31685,754566,33357,783631,0,0,40756,646017,0.074253,24182,446431,0.051313,41257,1092448,0.125566,8700223
1,2021-02-26,72925,1611122,34273,788839,38652,822283,0,0,48129,669980,0.077007,24643,471074,0.054145,48606,1141054,0.131152,8700223
1,2021-02-27,50080,1661202,23156,811995,26917,849200,7,7,33343,686970,0.07896,16624,487698,0.056056,33614,1174668,0.135016,8700223
1,2021-02-28,19335,1680537,11479,823474,7854,857054,2,9,14287,696410,0.080045,4987,492685,0.056629,14427,1189095,0.136674,8700223
1,2021-03-01,43997,1724534,20340,843814,23627,880681,30,39,28482,709767,0.08158,15389,508074,0.058398,28746,1217841,0.139978,8700223
1,2021-03-02,61647,1786181,26874,870688,34766,915447,7,46,39768,728392,0.083721,21765,529839,0.060899,40390,1258231,0.144621,8700223
1,2021-03-03,68913,1855094,32683,903371,36210,951657,20,66,41987,744188,0.085537,26803,556642,0.06398,42599,1300830,0.149517,8700223
1,2021-03-04,77185,1932279,36296,939667,40855,992512,34,100,49688,767074,0.088167,27342,583984,0.067123,50228,1351058,0.15529,8700223
1,2021-03-05,76589,2008868,34730,974397,41655,1034167,204,304,51422,794371,0.091305,24961,608945,0.069992,52258,1403316,0.161297,8700223
1,2021-03-06,57019,2065887,27234,1001631,28447,1062614,1338,1642,38867,816852,0.093889,18089,627034,0.072071,40570,1443886,0.16596,8700223
1,2021-03-07,20132,2086019,12820,1014451,6500,1069114,812,2454,15152,828117,0.095183,4961,631995,0.072641,16226,1460112,0.167825,8700223
1,2021-03-08,44171,2130190,21082,1035533,21215,1090329,1874,4328,30965,848165,0.097488,13130,645125,0.07415,33178,1493290,0.171638,8700223
1,2021-03-09,65499,2195689,31632,1067165,31389,1121718,2478,6806,40468,866532,0.099599,24921,670046,0.077015,43288,1536578,0.176614,8700223
1,2021-03-10,72282,2267971,36122,1103287,31787,1153505,4373,11179,44935,888995,0.102181,27217,697263,0.080143,49680,1586258,0.182324,8700223
1,2021-03-11,88645,2356616,40495,1143782,40234,1193739,7916,19095,51957,912869,0.104925,36464,733727,0.084334,60338,1646596,0.189259,8700223
1,2021-03-12,97195,2453811,42587,1186369,42282,1236021,12326,31421,56969,942607,0.108343,40045,773772,0.088937,69783,1716379,0.19728,8700223
1,2021-03-13,64737,2518548,29314,1215683,27733,1263754,7690,39111,41433,968875,0.111362,23198,796970,0.091603,49466,1765845,0.202965,8700223
1,2021-03-14,27542,2546090,14848,1230531,9130,1272884,3564,42675,15655,976461,0.112234,11833,808803,0.092963,19419,1785264,0.205197,8700223
1,2021-03-15,64311,2610401,28145,1258676,29471,1302355,6695,49370,38074,995528,0.114426,26062,834865,0.095959,45129,1830393,0.210385,8700223
1,2021-03-16,84654,2695055,38408,1297084,40711,1343066,5535,54905,52778,1022506,0.117526,31703,866568,0.099603,58681,1889074,0.217129,8700223
1,2021-03-17,91422,2786477,44110,1341194,40789,1383855,6523,61428,58931,1056010,0.121377,32326,898894,0.103319,65830,1954904,0.224696,8700223
1,2021-03-18,97271,2883748,50030,1391224,41632,1425487,5609,67037,59507,1084168,0.124614,37453,936347,0.107623,65611,2020515,0.232237,8700223
1,2021-03-19,102421,2986169,52941,1444165,43356,1468843,6124,73161,60655,1109964,0.127579,41518,977865,0.112395,67314,2087829,0.239974,8700223
1,2021-03-20,71854,3058023,36982,1481147,29670,1498513,5202,78363,46392,1136541,0.130634,25305,1003170,0.115304,51882,2139711,0.245937,8700223
1,2021-03-21,26904,3084927,18786,1499933,6316,1504829,1802,80165,17367,1146346,0.131761,9462,1012632,0.116391,19267,2158978,0.248152,8700223
1,2021-03-22,58455,3143382,30090,1530023,25087,1529916,3278,83443,39682,1171082,0.134604,18591,1031223,0.118528,43327,2202305,0.253132,8700223
1,2021-03-23,82028,3225410,41551,1571574,36870,1566786,3607,87050,51024,1195365,0.137395,30809,1062032,0.12207,55092,2257397,0.259464,8700223
1,2021-03-24,86960,3312370,43894,1615468,38735,1605521,4331,91381,52776,1218685,0.140075,33963,1095995,0.125973,57283,2314680,0.266048,8700223
1,2021-03-25,95509,3407879,48583,1664051,41118,1646639,5808,97189,53867,1237211,0.142205,41368,1137363,0.130728,59894,2374574,0.272933,8700223
1,2021-03-26,103477,3511356,50438,1714489,46796,1693435,6243,103432,56277,1253116,0.144033,46919,1184282,0.136121,62824,2437398,0.280154,8700223
1,2021-03-27,73447,3584803,37948,1752437,31316,1724751,4183,107615,38107,1260469,0.144878,35144,1219426,0.14016,42497,2479895,0.285038,8700223
1,2021-03-28,32485,3617288,21282,1773719,9994,1734745,1209,108824,16494,1262710,0.145135,15895,1235321,0.141987,18136,2498031,0.287123,8700223
1,2021-03-29,66284,3683572,32898,1806617,30297,1765042,3089,111913,36967,1273825,0.146413,29150,1264471,0.145338,40265,2538296,0.291751,8700223
1,2021-03-30,90761,3774333,44707,1851324,39773,1804815,6281,118194,47225,1284045,0.147588,43389,1307860,0.150325,53609,2591905,0.297912,8700223
1,2021-03-31,99704,3874037,52190,1903514,41583,1846398,5931,124125,55374,1301366,0.149578,44063,1351923,0.155389,61384,2653289,0.304968,8700223
1,2021-04-01,110363,3984400,52876,1956390,49099,1895497,8388,132513,56918,1313654,0.150991,53092,1405015,0.161492,65380,2718669,0.312483,8700223
1,2021-04-02,109863,4094263,50148,2006538,50116,1945613,9599,142112,56371,1326737,0.152495,53118,1458133,0.167597,66201,2784870,0.320092,8700223
1,2021-04-03,77439,4171702,38855,2045393,28991,1974604,9593,151705,36230,1331593,0.153053,41052,1499185,0.172316,45908,2830778,0.325368,8700223
1,2021-04-04,23652,4195354,11763,2057156,8435,1983039,3454,155159,9932,1331304,0.15302,13668,1512853,0.173887,13379,2844157,0.326906,8700223
1,2021-04-05,75342,4270696,36158,2093314,30052,2013091,9132,164291,34296,1334041,0.153334,40871,1553724,0.178584,43608,2887765,0.331919,8700223
1,2021-04-06,102621,4373317,48631,2141945,37488,2050579,16502,180793,46627,1341479,0.154189,55749,1609473,0.184992,63187,2950952,0.339181,8700223
1,2021-04-07,110248,4483565,53302,2195247,39541,2090120,17405,198198,50240,1349406,0.1551,59766,1669239,0.191862,67693,3018645,0.346962,8700223
1,2021-04-08,121075,4604640,57164,2252411,43099,2133219,20812,219010,53747,1357073,0.155981,66979,1736218,0.19956,74646,3093291,0.355542,8700223
1,2021-04-09,121664,4726304,55585,2307996,45564,2178783,20515,239525,53819,1364000,0.156778,67511,1803729,0.20732,74438,3167729,0.364097,8700223
1,2021-04-10,95085,4821389,42264,2350260,30235,2209018,22586,262111,37190,1366070,0.157016,57720,1861449,0.213954,59790,3227519,0.37097,8700223
1,2021-04-11,36112,4857501,20157,2370417,9337,2218355,6618,268729,14745,1366233,0.157034,21318,1882767,0.216404,21481,3249000,0.373439,8700223
1,2021-04-12,73307,4930808,32517,2402934,30862,2249217,9928,278657,31200,1365661,0.156969,41859,1924626,0.221216,41287,3290287,0.378184,8700223
1,2021-04-13,96325,5027133,51452,2454386,44540,2293757,333,278990,52097,1374479,0.157982,43977,1968603,0.22627,52795,3343082,0.384252,8700223
1,2021-04-14,103516,5130649,53489,2507875,49958,2343715,69,279059,52838,1377443,0.158323,50346,2018949,0.232057,53310,3396392,0.39038,8700223
1,2021-04-15,104766,5235415,56853,2564728,47827,2391542,86,279145,56282,1386051,0.159312,47964,2066913,0.23757,56572,3452964,0.396882,8700223
1,2021-04-16,108565,5343980,55790,2620518,52688,2444230,87,279232,54523,1387263,0.159451,53616,2120529,0.243733,54828,3507792,0.403184,8700223
1,2021-04-17,81927,5425907,44468,2664986,37449,2481679,10,279242,46049,1397795,0.160662,35690,2156219,0.247835,46222,3554014,0.408497,8700223
1,2021-04-18,28846,5454753,19243,2684229,9596,2491275,7,279249,14639,1398505,0.160744,14134,2170353,0.249459,14844,3568858,0.410203,8700223
1,2021-04-19,64565,5519318,32935,2717164,31618,2522893,12,279261,29261,1392902,0.1601,35005,2205358,0.253483,29402,3598260,0.413583,8700223
1,2021-04-20,85656,5604974,42606,2759770,43032,2565925,18,279279,40646,1389026,0.159654,44743,2250101,0.258626,40867,3639127,0.41828,8700223
1,2021-04-21,91889,5696863,46843,2806613,44952,2610877,94,279373,41247,1380402,0.158663,50174,2300275,0.264393,41550,3680677,0.423055,8700223
1,2021-04-22,94227,5791090,48580,2855193,45631,2656508,16,279389,43392,1373626,0.157884,50401,2350676,0.270186,43625,3724302,0.42807,8700223
1,2021-04-23,98019,5889109,50312,2905505,47682,2704190,25,279414,46553,1369390,0.157397,51035,2401711,0.276052,46799,3771101,0.433449,8700223
1,2021-04-24,74745,5963854,46406,2951911,28316,2732506,23,279437,42489,1380036,0.158621,32122,2433833,0.279744,42768,3813869,0.438365,8700223
1,2021-04-25,26876,5990730,17124,2969035,9742,2742248,10,279447,15410,1384216,0.159101,11373,2445206,0.281051,15553,3829422,0.440152,8700223
1,2021-04-26,64608,6055338,33642,3002677,30565,2772813,401,279848,31014,1382637,0.15892,33333,2478539,0.284882,31754,3861176,0.443802,8700223
1,2021-04-27,78775,6134113,41813,3044490,35703,2808516,1259,281107,34045,1373801,0.157904,44484,2523023,0.289995,35648,3896824,0.447899,8700223
1,2021-04-28,78932,6213045,41516,3086006,35931,2844447,1485,282592,34814,1366493,0.157064,43836,2566859,0.295034,36528,3933352,0.452098,8700223
1,2021-04-29,80889,6293934,44269,3130275,35045,2879492,1575,284167,32761,1353147,0.15553,47843,2614702,0.300533,34497,3967849,0.456063,8700223
1,2021-04-30,88265,6382199,47717,3177992,38739,2918231,1809,285976,36695,1340518,0.154079,51302,2666004,0.306429,38673,4006522,0.460508,8700223
1,2021-05-01,61785,6443984,39985,3217977,20431,2938662,1369,287345,26010,1332524,0.15316,35601,2701605,0.310521,27607,4034129,0.463681,8700223
1,2021-05-02,23161,6467145,16371,3234348,6227,2944889,563,287908,9422,1328899,0.152743,13641,2715246,0.312089,10016,4044145,0.464832,8700223
1,2021-05-03,54390,6521535,30171,3264519,22442,2967331,1777,289685,19807,1316156,0.151278,34383,2749629,0.316041,21640,4065785,0.46732,8700223
1,2021-05-04,72187,6593722,41299,3305818,28857,2996188,2031,291716,25843,1298024,0.149194,46096,2795725,0.321339,27964,4093749,0.470534,8700223
1,2021-05-05,74124,6667846,42608,3348426,29279,3025467,2237,293953,25169,1276832,0.146759,48672,2844397,0.326934,27480,4121229,0.473692,8700223
1,2021-05-06,75874,6743720,45455,3393881,28263,3053730,2156,296109,23811,1251223,0.143815,51736,2896133,0.33288,26127,4147356,0.476695,8700223
1,2021-05-07,79364,6823084,45107,3438988,32115,3085845,2142,298251,26588,1227628,0.141103,52388,2948521,0.338902,28793,4176149,0.480005,8700223
1,2021-05-08,54080,6877164,33770,3472758,18769,3104614,1541,299792,18218,1211895,0.139295,35586,2984107,0.342992,19853,4196002,0.482287,8700223
1,2021-05-09,17633,6894797,12545,3485303,4615,3109229,473,300265,5451,1205745,0.138588,12110,2996217,0.344384,5960,4201962,0.482972,8700223
1,2021-05-10,41942,6936739,21005,3506308,19181,3128410,1756,302021,14095,1194056,0.137244,27634,3023851,0.34756,15945,4217907,0.484804,8700223
1,2021-05-11,59385,6996124,31753,3538061,25531,3153941,2101,304122,19426,1175986,0.135167,39721,3063572,0.352126,21651,4239558,0.487293,8700223
1,2021-05-12,60073,7056197,31820,3569881,26244,3180185,2009,306131,20282,1158831,0.133196,39520,3103092,0.356668,22365,4261923,0.489864,8700223
1,2021-05-13,63332,7119529,36917,3606798,24495,3204680,1920,308051,24274,1146578,0.131787,38731,3141823,0.36112,26478,4288401,0.492907,8700223
1,2021-05-14,73214,7192743,43994,3650792,26911,3231591,2309,310360,29787,1135866,0.130556,43111,3184934,0.366075,32399,4320800,0.496631,8700223
1,2021-05-15,63285,7256028,41827,3692619,19767,3251358,1691,312051,25075,1124737,0.129277,37976,3222910,0.37044,26847,4347647,0.499717,8700223
1,2021-05-16,23991,7280019,17503,3710122,5874,3257232,614,312665,9677,1120855,0.128831,14216,3237126,0.372074,10334,4357981,0.500905,8700223
1,2021-05-17,53123,7333142,32648,3742770,18763,3275995,1712,314377,23030,1115801,0.12825,29861,3266987,0.375506,24807,4382788,0.503756,8700223
1,2021-05-18,63540,7396682,38394,3781164,23374,3299369,1772,316149,28139,1110653,0.127658,35147,3302134,0.379546,29999,4412787,0.507204,8700223
1,2021-05-19,65458,7462140,39923,3821087,23625,3322994,1910,318059,30046,1107539,0.1273,35159,3337293,0.383587,32045,4444832,0.510887,8700223
1,2021-05-20,62965,7525105,36586,3857673,24226,3347220,2153,320212,26619,1100492,0.12649,36050,3373343,0.387731,29003,4473835,0.514221,8700223
1,2021-05-21,68906,7594011,41191,3898864,25872,3373092,1843,322055,29290,1092494,0.125571,39249,3412592,0.392242,31251,4505086,0.517813,8700223
1,2021-05-22,54802,7648813,36217,3935081,16925,3390017,1660,323715,24047,1087813,0.125033,30513,3443105,0.395749,25832,4530918,0.520782,8700223
1,2021-05-23,19397,7668210,13505,3948586,5312,3395329,580,324295,9173,1087476,0.124994,10123,3453228,0.396913,9786,4540704,0.521907,8700223
1,2021-05-24,42170,7710380,23258,3971844,17104,3412433,1808,326103,17159,1081727,0.124333,24801,3478029,0.399763,19052,4559756,0.524096,8700223
1,2021-05-25,50076,7760456,28958,4000802,19477,3431910,1641,327744,21154,1075948,0.123669,28677,3506706,0.403059,22898,4582654,0.526728,8700223
1,2021-05-26,47685,7808141,27059,4027861,18761,3450671,1865,329609,20646,1071771,0.123189,26756,3533462,0.406135,22579,4605233,0.529324,8700223
1,2021-05-27,46349,7854490,26095,4053956,18375,3469046,1879,331488,20539,1068757,0.122842,25547,3559009,0.409071,22533,4627766,0.531913,8700223
1,2021-05-28,51317,7905807,28623,4082579,20935,3489981,1759,333247,23389,1066395,0.122571,27648,3586657,0.412249,25286,4653052,0.53482,8700223
1,2021-05-29,30011,7935818,18210,4100789,10876,3500857,925,334172,14645,1066822,0.12262,15215,3601872,0.413998,15642,4668694,0.536618,8700223
1,2021-05-30,11520,7947338,7456,4108245,3521,3504378,543,334715,5643,1067226,0.122667,5812,3607684,0.414666,6216,4674910,0.537332,8700223
1,2021-05-31,5653,7952991,3229,4111474,2172,3506550,252,334967,1992,1065869,0.122511,3614,3611298,0.415081,2257,4677167,0.537592,8700223
1,2021-06-01,44973,7997964,25479,4136953,18003,3524553,1491,336458,17987,1058744,0.121692,26698,3637996,0.41815,19573,4696740,0.539841,8700223
1,2021-06-02,39312,8037276,22930,4159883,14924,3539477,1458,337916,16387,1054031,0.12115,22652,3660648,0.420753,17939,4714679,0.541903,8700223
1,2021-06-03,40675,8077951,25551,4185434,13498,3552975,1626,339542,16273,1047882,0.120443,24133,3684781,0.423527,17984,4732663,0.54397,8700223
1,2021-06-04,49044,8126995,31589,4217023,15727,3568702,1728,341270,18461,1037888,0.119294,30276,3715057,0.427007,20282,4752945,0.546302,8700223
1,2021-06-05,39095,8166090,26978,4244001,10521,3579223,1596,342866,14578,1029814,0.118366,24315,3739372,0.429802,16241,4769186,0.548168,8700223
1,2021-06-06,12774,8178864,10225,4254226,2061,3581284,488,343354,4690,1027054,0.118049,8009,3747381,0.430722,5249,4774435,0.548772,8700223
1,2021-06-07,33326,8212190,23051,4277277,8969,3590253,1306,344660,12088,1019467,0.117177,21051,3768432,0.433142,13464,4787899,0.550319,8700223
1,2021-06-08,41010,8253200,28453,4305730,10996,3601249,1561,346221,14581,1009539,0.116036,26193,3794625,0.436153,16265,4804164,0.552189,8700223
1,2021-06-09,34939,8288139,24524,4330254,9038,3610287,1377,347598,10939,998166,0.114729,23759,3818384,0.438883,12386,4816550,0.553612,8700223
1,2021-06-10,31202,8319341,21381,4351635,8433,3618720,1388,348986,10515,989654,0.11375,20514,3838898,0.441241,12002,4828552,0.554992,8700223
1,2021-06-11,25342,8344683,17725,4369360,6467,3625187,1150,350136,7943,981564,0.112821,17233,3856131,0.443222,9143,4837695,0.556043,8700223
2,2020-12-15,240,240,240,240,0,0,0,0,240,240,2.9e-05,0,0,0.0,240,240,2.9e-05,8407551
2,2020-12-16,2072,2312,2072,2312,0,0,0,0,2071,2311,0.000275,0,0,0.0,2071,2311,0.000275,8407551
2,2020-12-17,6825,9137,6825,9137,0,0,0,0,6826,9137,0.001087,0,0,0.0,6826,9137,0.001087,8407551
2,2020-12-18,10925,20062,10906,20043,19,19,0,0,10926,20063,0.002386,0,0,0.0,10926,20063,0.002386,8407551
2,2020-12-19,5589,25651,5583,25626,6,25,0,0,5590,25653,0.003051,0,0,0.0,5590,25653,0.003051,8407551
2,2020-12-20,4212,29863,4204,29830,8,33,0,0,4208,29861,0.003552,0,0,0.0,4208,29861,0.003552,8407551
2,2020-12-21,12760,42623,12735,42565,25,58,0,0,12715,42576,0.005064,0,0,0.0,12715,42576,0.005064,8407551
2,2020-12-22,12121,54744,11608,54173,513,571,0,0,12120,54696,0.006506,0,0,0.0,12120,54696,0.006506,8407551
2,2020-12-23,11692,66436,9474,63647,2218,2789,0,0,11695,66391,0.007897,1,1,0.0,11696,66392,0.007897,8407551
2,2020-12-24,5859,72295,3492,67139,2367,5156,0,0,5855,72245,0.008593,3,4,0.0,5857,72249,0.008593,8407551
2,2020-12-25,480,72775,402,67541,78,5234,0,0,481,72726,0.00865,0,4,0.0,481,72730,0.008651,8407551
2,2020-12-26,2561,75336,1666,69207,895,6129,0,0,2562,75287,0.008955,1,5,1e-06,2562,75292,0.008955,8407551
2,2020-12-27,2223,77559,1207,70414,1016,7145,0,0,2220,77505,0.009218,2,7,1e-06,2220,77512,0.009219,8407551
2,2020-12-28,10982,88541,7144,77558,3838,10983,0,0,10982,88486,0.010525,1,8,1e-06,10982,88494,0.010526,8407551
2,2020-12-29,12684,101225,7148,84706,5536,16519,0,0,12689,101175,0.012034,0,8,1e-06,12689,101183,0.012035,8407551
2,2020-12-30,15368,116593,8640,93346,6728,23247,0,0,15381,116553,0.013863,5,13,2e-06,15383,116566,0.013864,8407551
2,2020-12-31,7545,124138,2826,96172,4719,27966,0,0,7539,124088,0.014759,4,17,2e-06,7539,124105,0.014761,8407551
2,2021-01-01,1160,125298,559,96731,601,28567,0,0,1158,125243,0.014896,3,20,2e-06,1158,125263,0.014899,8407551
2,2021-01-02,4822,130120,2746,99477,2076,30643,0,0,4820,130063,0.01547,0,20,2e-06,4820,130083,0.015472,8407551
2,2021-01-03,1379,131499,787,100264,592,31235,0,0,1374,131434,0.015633,3,23,3e-06,1374,131457,0.015636,8407551
2,2021-01-04,11624,143123,5555,105819,6069,37304,0,0,11613,143044,0.017014,3,26,3e-06,11613,143070,0.017017,8407551
2,2021-01-05,13834,156957,6898,112717,6936,44240,0,0,12646,154540,0.018381,1182,1208,0.000144,12678,155748,0.018525,8407551
2,2021-01-06,18950,175907,10446,123163,8504,52744,0,0,15202,166050,0.01975,3700,4908,0.000584,15210,170958,0.020334,8407551
2,2021-01-07,22958,198865,12886,136049,10072,62816,0,0,15544,174181,0.020717,7427,12335,0.001467,15558,186516,0.022184,8407551
2,2021-01-08,26383,225248,15950,151999,10433,73249,0,0,16292,180441,0.021462,10052,22387,0.002663,16312,202828,0.024125,8407551
2,2021-01-09,9750,234998,5666,157665,4084,77333,0,0,6248,183181,0.021788,3514,25901,0.003081,6254,209082,0.024868,8407551
2,2021-01-10,5257,240255,2924,160589,2333,79666,0,0,3037,183988,0.021884,2235,28136,0.003347,3042,212124,0.02523,8407551
2,2021-01-11,25938,266193,17808,178397,8130,87796,0,0,14987,188049,0.022367,10975,39111,0.004652,15036,227160,0.027019,8407551
2,2021-01-12,26198,292391,16294,194691,9904,97700,0,0,16649,195210,0.023218,9567,48678,0.00579,16728,243888,0.029008,8407551
2,2021-01-13,28456,320847,15092,209783,13364,111064,0,0,20501,207794,0.024715,7947,56625,0.006735,20531,264419,0.03145,8407551
2,2021-01-14,30278,351125,11559,221342,18719,129783,0,0,26059,229677,0.027318,4240,60865,0.007239,26123,290542,0.034557,8407551
2,2021-01-15,34957,386082,12686,234028,22271,152054,0,0,31710,258213,0.030712,3251,64116,0.007626,31787,322329,0.038338,8407551
2,2021-01-16,17880,403962,5881,239909,11999,164053,0,0,16556,273434,0.032522,1348,65464,0.007786,16569,338898,0.040309,8407551
2,2021-01-17,10562,414524,3565,243474,6997,171050,0,0,9847,282549,0.033607,740,66204,0.007874,9855,348753,0.041481,8407551
2,2021-01-18,19655,434179,11001,254475,8654,179704,0,0,14878,292684,0.034812,4795,70999,0.008445,14930,363683,0.043257,8407551
2,2021-01-19,32444,466623,16945,271420,15499,195203,0,0,24463,309278,0.036786,7984,78983,0.009394,24578,388261,0.04618,8407551
2,2021-01-20,37103,503726,18573,289993,18530,213733,0,0,28475,329241,0.03916,8603,87586,0.010418,28566,416827,0.049578,8407551
2,2021-01-21,40539,544265,17132,307125,23407,237140,0,0,36110,361107,0.04295,4406,91992,0.010942,36272,453099,0.053892,8407551
2,2021-01-22,39286,583551,16420,323545,22866,260006,0,0,35971,393790,0.046838,3313,95305,0.011336,35996,489095,0.058173,8407551
2,2021-01-23,24052,607603,10812,334357,13240,273246,0,0,21102,411993,0.049003,2927,98232,0.011684,21130,510225,0.060687,8407551
2,2021-01-24,12425,620028,6147,340504,6278,279524,0,0,11511,422614,0.050266,901,99133,0.011791,11522,521747,0.062057,8407551
2,2021-01-25,33749,653777,15563,356067,18186,297710,0,0,24979,439008,0.052216,8713,107846,0.012827,25107,546854,0.065043,8407551
2,2021-01-26,40099,693876,19702,375769,20397,318107,0,0,31111,461234,0.054859,8964,116810,0.013893,31190,578044,0.068753,8407551
2,2021-01-27,45343,739219,22621,398390,22722,340829,0,0,35272,486611,0.057878,9954,126764,0.015077,35331,613375,0.072955,8407551
2,2021-01-28,47846,787065,22498,420888,25348,366177,0,0,39246,517388,0.061538,8538,135302,0.016093,39315,652690,0.077631,8407551
2,2021-01-29,45414,832479,22068,442956,23346,389523,0,0,36821,545784,0.064916,8486,143788,0.017102,36882,689572,0.082018,8407551
2,2021-01-30,31185,863664,13492,456448,17693,407216,0,0,27869,570409,0.067845,3276,147064,0.017492,27901,717473,0.085337,8407551
2,2021-01-31,17181,880845,10275,466723,6906,414122,0,0,16021,585305,0.069617,1144,148208,0.017628,16040,733513,0.087245,8407551
2,2021-02-01,40842,921687,19728,486451,21114,435236,0,0,30067,604677,0.071921,10735,158943,0.018905,30107,763620,0.090825,8407551
2,2021-02-02,47488,969175,19322,505773,28166,463402,0,0,36184,629722,0.0749,11234,170177,0.020241,36279,799899,0.095141,8407551
2,2021-02-03,53779,1022954,23863,529636,29916,493318,0,0,39788,655706,0.07799,13895,184072,0.021894,39879,839778,0.099884,8407551
2,2021-02-04,55776,1078730,24100,553736,31676,524994,0,0,40793,681705,0.081082,14889,198961,0.023665,40888,880666,0.104747,8407551
2,2021-02-05,59552,1138282,26191,579927,33361,558355,0,0,40298,703102,0.083627,19076,218037,0.025933,40473,921139,0.109561,8407551
2,2021-02-06,38887,1177169,18159,598086,20728,579083,0,0,31066,726506,0.086411,7752,225789,0.026856,31156,952295,0.113267,8407551
2,2021-02-07,15642,1192811,10391,608477,5251,584334,0,0,11875,734704,0.087386,3744,229533,0.027301,11942,964237,0.114687,8407551
2,2021-02-08,42896,1235707,21910,630387,20986,605320,0,0,29435,751014,0.089326,13330,242863,0.028886,29640,993877,0.118212,8407551
2,2021-02-09,49157,1284864,23290,653677,25867,631187,0,0,30580,763559,0.090818,18362,261225,0.03107,30907,1024784,0.121889,8407551
2,2021-02-10,59173,1344037,27826,681503,31347,662534,0,0,34487,773977,0.092057,24425,285650,0.033975,34843,1059627,0.126033,8407551
2,2021-02-11,63715,1407752,29400,710903,34315,696849,0,0,35850,782735,0.093099,27582,313232,0.037256,36340,1095967,0.130355,8407551
2,2021-02-12,64869,1472621,28011,738914,36858,733707,0,0,34626,788030,0.093729,29987,343219,0.040823,35282,1131249,0.134552,8407551
2,2021-02-13,37528,1510149,15709,754623,21819,755526,0,0,21718,794394,0.094486,15731,358950,0.042694,22095,1153344,0.13718,8407551
2,2021-02-14,19866,1530015,9273,763896,10593,766119,0,0,11144,797215,0.094821,8680,367630,0.043726,11501,1164845,0.138547,8407551
2,2021-02-15,32866,1562881,14840,778736,18026,784145,0,0,18271,801860,0.095374,14478,382108,0.045448,19123,1183968,0.140822,8407551
2,2021-02-16,55806,1618687,27452,806188,28354,812499,0,0,29472,805758,0.095837,26247,408355,0.04857,30145,1214113,0.144407,8407551
2,2021-02-17,61090,1679777,31420,837608,29670,842169,0,0,30512,806575,0.095935,30518,438873,0.0522,31335,1245448,0.148134,8407551
2,2021-02-18,65680,1745457,33195,870803,32485,874654,0,0,32137,806533,0.09593,33321,472194,0.056163,33279,1278727,0.152093,8407551
2,2021-02-19,58728,1804185,32624,903427,26104,900758,0,0,29287,807132,0.096001,29291,501485,0.059647,29890,1308617,0.155648,8407551
2,2021-02-20,36979,1841164,24076,927503,12903,913661,0,0,20259,811435,0.096513,16639,518124,0.061626,20942,1329559,0.158139,8407551
2,2021-02-21,20549,1861713,17093,944596,3456,917117,0,0,9973,811707,0.096545,10506,528630,0.062876,10778,1340337,0.159421,8407551
2,2021-02-22,37465,1899178,25599,970195,11866,928983,0,0,18000,811011,0.096462,19373,548003,0.06518,18677,1359014,0.161642,8407551
2,2021-02-23,51575,1950753,26355,996550,25220,954203,0,0,22840,807194,0.096008,28552,576555,0.068576,24735,1383749,0.164584,8407551
2,2021-02-24,68289,2019042,35139,1031689,33150,987353,0,0,31601,804605,0.0957,36549,613104,0.072923,33960,1417709,0.168623,8407551
2,2021-02-25,74062,2093104,34923,1066612,39139,1026492,0,0,37844,809241,0.096252,36013,649117,0.077206,40649,1458358,0.173458,8407551
2,2021-02-26,82428,2175532,35139,1101751,47289,1073781,0,0,44730,818716,0.097379,37450,686567,0.081661,46925,1505283,0.179039,8407551
2,2021-02-27,60055,2235587,27779,1129530,32269,1106050,7,7,32915,826018,0.098247,26947,713514,0.084866,34249,1539532,0.183113,8407551
2,2021-02-28,29528,2265115,17723,1147253,11804,1117854,1,8,17507,832426,0.099009,11930,725444,0.086285,18338,1557870,0.185294,8407551
2,2021-03-01,56323,2321438,29602,1176855,26692,1144546,29,37,30979,839521,0.099853,25105,750549,0.089271,32200,1590070,0.189124,8407551
2,2021-03-02,67503,2388941,32503,1209358,34994,1179540,6,43,38329,851160,0.101238,29040,779589,0.092725,40679,1630749,0.193962,8407551
2,2021-03-03,78958,2467899,38132,1247490,40814,1220354,12,55,44657,864263,0.102796,34125,813714,0.096784,47228,1677977,0.19958,8407551
2,2021-03-04,86870,2554769,42807,1290297,44033,1264387,30,85,50292,880570,0.104736,36393,850107,0.101112,52700,1730677,0.205848,8407551
2,2021-03-05,80373,2635142,38108,1328405,41964,1306351,301,386,49444,901950,0.107279,30743,880850,0.104769,52123,1782800,0.212047,8407551
2,2021-03-06,62452,2697594,30525,1358930,30240,1336591,1687,2073,38528,919792,0.109401,23818,904668,0.107602,41660,1824460,0.217003,8407551
2,2021-03-07,27464,2725058,16077,1375007,10419,1347010,968,3041,17759,929983,0.110613,9649,914317,0.10875,19840,1844300,0.219362,8407551
2,2021-03-08,49711,2774769,22879,1397886,24379,1371389,2453,5494,31506,947478,0.112694,18110,932427,0.110904,35605,1879905,0.223597,8407551
2,2021-03-09,69426,2844195,31814,1429700,33849,1405238,3763,9257,38749,960782,0.114276,30566,962993,0.114539,43870,1923775,0.228815,8407551
2,2021-03-10,77271,2921466,36729,1466429,34014,1439252,6528,15785,41277,974127,0.115863,35816,998809,0.118799,49161,1972936,0.234662,8407551
2,2021-03-11,92152,3013618,42549,1508978,41274,1480526,8329,24114,48456,988894,0.11762,43432,1042241,0.123965,58199,2031135,0.241585,8407551
2,2021-03-12,93173,3106791,38446,1547424,42749,1523275,11978,36092,46720,1002785,0.119272,46257,1088498,0.129467,60148,2091283,0.248739,8407551
2,2021-03-13,68322,3175113,28802,1576226,31572,1554847,7948,44040,37655,1019146,0.121218,30552,1119050,0.133101,46913,2138196,0.254319,8407551
2,2021-03-14,36532,3211645,18255,1594481,13758,1568605,4519,48559,18623,1025224,0.121941,17827,1136877,0.135221,23905,2162101,0.257162,8407551
2,2021-03-15,66870,3278515,30212,1624693,31654,1600259,5004,53563,37104,1038862,0.123563,29584,1166461,0.13874,43222,2205323,0.262303,8407551
2,2021-03-16,85697,3364212,37985,1662678,43736,1643995,3976,57539,52241,1062916,0.126424,33296,1199757,0.1427,57350,2262673,0.269124,8407551
2,2021-03-17,91809,3456021,44045,1706723,43622,1687617,4142,61681,58538,1093409,0.130051,33043,1232800,0.14663,63536,2326209,0.276681,8407551
2,2021-03-18,97012,3553033,46331,1753054,46191,1733808,4490,66171,59565,1120867,0.133317,37177,1269977,0.151052,64635,2390844,0.284369,8407551
2,2021-03-19,96798,3649831,45748,1798802,44945,1778753,6105,72276,57818,1146613,0.136379,38715,1308692,0.155657,64461,2455305,0.292036,8407551
2,2021-03-20,69375,3719206,33586,1832388,31853,1810606,3936,76212,45630,1173009,0.139519,23538,1332230,0.158456,49934,2505239,0.297975,8407551
2,2021-03-21,32980,3752186,21351,1853739,9646,1820252,1983,78195,20395,1183344,0.140748,12476,1344706,0.15994,22811,2528050,0.300688,8407551
2,2021-03-22,62327,3814513,34200,1887939,25489,1845741,2638,80833,41566,1207899,0.143668,20556,1365262,0.162385,45111,2573161,0.306054,8407551
2,2021-03-23,83004,3897517,44065,1932004,36035,1881776,2904,83737,52192,1233266,0.146686,30570,1395832,0.166021,55937,2629098,0.312707,8407551
2,2021-03-24,91086,3988603,49029,1981033,38907,1920683,3150,86887,54046,1254527,0.149214,36757,1432589,0.170393,58018,2687116,0.319607,8407551
2,2021-03-25,100673,4089276,50796,2031829,45980,1966663,3897,90784,57434,1273689,0.151493,42936,1475525,0.1755,62098,2749214,0.326993,8407551
2,2021-03-26,102792,4192068,51093,2082922,48211,2014874,3488,94272,56690,1289159,0.153333,45768,1521293,0.180944,61238,2810452,0.334277,8407551
2,2021-03-27,75068,4267136,37516,2120438,34260,2049134,3292,97564,37969,1294396,0.153956,36887,1558180,0.185331,42124,2852576,0.339287,8407551
2,2021-03-28,37468,4304604,23138,2143576,13523,2062657,807,98371,20247,1299145,0.154521,17108,1575288,0.187366,21857,2874433,0.341887,8407551
2,2021-03-29,70784,4375388,36090,2179666,32442,2095099,2252,100623,40583,1312852,0.156152,30029,1605317,0.190938,43736,2918169,0.347089,8407551
2,2021-03-30,91417,4466805,44796,2224462,42275,2137374,4346,104969,51658,1329894,0.158179,39570,1644887,0.195644,56612,2974781,0.353823,8407551
2,2021-03-31,100728,4567533,52005,2276467,43648,2181022,5075,110044,57769,1350398,0.160617,42694,1687581,0.200722,63198,3037979,0.361339,8407551
2,2021-04-01,116952,4684485,56568,2333035,51249,2232271,9135,119179,64177,1371706,0.163152,52453,1740034,0.206961,73761,3111740,0.370113,8407551
2,2021-04-02,111114,4795599,51333,2384368,49691,2281962,10090,129269,60136,1391771,0.165538,50640,1790674,0.212984,70705,3182445,0.378522,8407551
2,2021-04-03,76427,4872026,37486,2421854,29163,2311125,9778,139047,38071,1401857,0.166738,38168,1828842,0.217524,48254,3230699,0.384262,8407551
2,2021-04-04,28984,4901010,14905,2436759,10239,2321364,3840,142887,13100,1403040,0.166879,15801,1844643,0.219403,16984,3247683,0.386282,8407551
2,2021-04-05,78662,4979672,38632,2475391,31299,2352663,8731,151618,38349,1410725,0.167793,40166,1884809,0.224181,47851,3295534,0.391973,8407551
2,2021-04-06,103330,5083002,50349,2525740,38316,2390979,14665,166283,49245,1421209,0.16904,53847,1938656,0.230585,64331,3359865,0.399625,8407551
2,2021-04-07,109954,5192956,54887,2580627,38902,2429881,16165,182448,52101,1432179,0.170344,57595,1996251,0.237435,68565,3428430,0.40778,8407551
2,2021-04-08,118924,5311880,57257,2637884,43016,2472897,18651,201099,55415,1443664,0.17171,63199,2059450,0.244952,74684,3503114,0.416663,8407551
2,2021-04-09,118201,5430081,56937,2694821,43260,2516157,18004,219103,56078,1456871,0.173281,61779,2121229,0.2523,74986,3578100,0.425582,8407551
2,2021-04-10,86908,5516989,37629,2732450,30968,2547125,18311,237414,36091,1461384,0.173818,50578,2171807,0.258316,55091,3633191,0.432134,8407551
2,2021-04-11,44199,5561188,22917,2755367,12760,2559885,8522,245936,18088,1462744,0.17398,25984,2197791,0.261407,27344,3660535,0.435387,8407551
2,2021-04-12,79509,5640697,37052,2792419,33135,2593020,9322,255258,35686,1465174,0.174269,43580,2241371,0.26659,46010,3706545,0.440859,8407551
2,2021-04-13,101301,5741998,52514,2844933,48528,2641548,259,255517,55683,1476632,0.175632,45393,2286764,0.271989,56851,3763396,0.447621,8407551
2,2021-04-14,106091,5848089,55529,2900462,50512,2692060,50,255567,54649,1481600,0.176223,51183,2337947,0.278077,56151,3819547,0.4543,8407551
2,2021-04-15,112480,5960569,59768,2960230,52636,2744696,76,255643,59235,1489083,0.177113,52909,2390856,0.28437,60392,3879939,0.461483,8407551
2,2021-04-16,109320,6069889,56735,3016965,52535,2797231,50,255693,55710,1492397,0.177507,53340,2444196,0.290714,56654,3936593,0.468221,8407551
2,2021-04-17,82175,6152064,41775,3058740,40381,2837612,19,255712,46123,1503562,0.178835,35842,2480038,0.294977,47007,3983600,0.473812,8407551
2,2021-04-18,34035,6186099,20383,3079123,13646,2851258,6,255718,16280,1503179,0.178789,17643,2497681,0.297076,17260,4000860,0.475865,8407551
2,2021-04-19,73632,6259731,39723,3118846,33897,2885155,12,255730,33755,1497910,0.178162,39653,2537334,0.301792,34384,4035244,0.479955,8407551
2,2021-04-20,94856,6354587,47366,3166212,47467,2932622,23,255753,46291,1496683,0.178017,48280,2585614,0.307535,47053,4082297,0.485551,8407551
2,2021-04-21,99123,6453710,52517,3218729,46552,2979174,54,255807,47002,1492848,0.17756,51774,2637388,0.313693,47939,4130236,0.491253,8407551
2,2021-04-22,105489,6559199,54028,3272757,51441,3030615,20,255827,46308,1481206,0.176176,58850,2696238,0.320692,47208,4177444,0.496868,8407551
2,2021-04-23,104706,6663905,55182,3327939,49507,3080122,17,255844,48446,1474678,0.175399,55913,2752151,0.327343,49385,4226829,0.502742,8407551
2,2021-04-24,79513,6743418,46968,3374907,32506,3112628,39,255883,41587,1479609,0.175986,37623,2789774,0.331818,42554,4269383,0.507803,8407551
2,2021-04-25,36009,6779427,22253,3397160,13742,3126370,14,255897,19693,1483576,0.176458,16201,2805975,0.333745,20168,4289551,0.510202,8407551
2,2021-04-26,72347,6851774,39829,3436989,32225,3158595,293,256190,33441,1480107,0.176045,38673,2844648,0.338344,35204,4324755,0.514389,8407551
2,2021-04-27,86449,6938223,45257,3482246,39842,3198437,1350,257540,37157,1470894,0.174949,48968,2893616,0.344169,39755,4364510,0.519118,8407551
2,2021-04-28,85884,7024107,45472,3527718,38567,3237004,1845,259385,37970,1463963,0.174125,47637,2941253,0.349835,40706,4405216,0.523959,8407551
2,2021-04-29,88575,7112682,47784,3575502,39102,3276106,1689,261074,34348,1446690,0.17207,53907,2995160,0.356246,36634,4441850,0.528317,8407551
2,2021-04-30,92074,7204756,50634,3626136,39466,3315572,1974,263048,35591,1428791,0.169941,56113,3051273,0.362921,38214,4480064,0.532862,8407551
2,2021-05-01,61437,7266193,37594,3663730,22292,3337864,1551,264599,23919,1417849,0.16864,37253,3088526,0.367351,26311,4506375,0.535991,8407551
2,2021-05-02,29037,7295230,20128,3683858,7935,3345799,974,265573,11046,1412084,0.167954,17873,3106399,0.369477,12108,4518483,0.537432,8407551
2,2021-05-03,59508,7354738,35266,3719124,22213,3368012,2029,267602,20045,1395191,0.165945,39227,3145626,0.374143,22334,4540817,0.540088,8407551
2,2021-05-04,77773,7432511,46073,3765197,29342,3397354,2358,269960,25400,1371276,0.163101,52068,3197694,0.380336,28153,4568970,0.543436,8407551
2,2021-05-05,78025,7510536,46082,3811279,29605,3426959,2338,272298,24392,1345057,0.159982,53291,3250985,0.386674,27072,4596042,0.546656,8407551
2,2021-05-06,80531,7591067,48411,3859690,29219,3456178,2901,275199,24651,1317772,0.156737,55471,3306456,0.393272,28186,4624228,0.550009,8407551
2,2021-05-07,81509,7672576,46874,3906564,32219,3488397,2416,277615,25143,1289731,0.153402,56046,3362502,0.399938,28005,4652233,0.55334,8407551
2,2021-05-08,53167,7725743,32086,3938650,19427,3507824,1654,279269,16771,1272689,0.151375,36185,3398687,0.404242,19143,4671376,0.555617,8407551
2,2021-05-09,21269,7747012,15276,3953926,5256,3513080,737,280006,6395,1265253,0.15049,14799,3413486,0.406002,7363,4678739,0.556492,8407551
2,2021-05-10,48700,7795712,26392,3980318,20463,3533543,1845,281851,13940,1247103,0.148331,34542,3448028,0.410111,16392,4695131,0.558442,8407551
2,2021-05-11,63354,7859066,33625,4013943,27653,3561196,2076,283927,19228,1225226,0.145729,43869,3491897,0.415329,21992,4717123,0.561058,8407551
2,2021-05-12,63307,7922373,33688,4047631,27443,3588639,2176,286103,19481,1203728,0.143172,43565,3535462,0.42051,22067,4739190,0.563683,8407551
2,2021-05-13,68298,7990671,39814,4087445,26582,3615221,1902,288005,25475,1189283,0.141454,42574,3578036,0.425574,28129,4767319,0.567028,8407551
2,2021-05-14,77222,8067893,46032,4133477,28975,3644196,2215,290220,30101,1175440,0.139808,46808,3624844,0.431141,32965,4800284,0.570949,8407551
2,2021-05-15,64892,8132785,42633,4176110,20567,3664763,1692,291912,25162,1163158,0.138347,39507,3664351,0.43584,27225,4827509,0.574187,8407551
2,2021-05-16,30570,8163355,22763,4198873,6889,3671652,918,292830,12378,1158505,0.137793,18078,3682429,0.437991,13425,4840934,0.575784,8407551
2,2021-05-17,57090,8220445,36232,4235105,18933,3690585,1925,294755,22890,1149680,0.136744,34009,3716438,0.442036,25184,4866118,0.578779,8407551
2,2021-05-18,69057,8289502,40328,4275433,26788,3717373,1941,296696,27819,1139005,0.135474,40993,3757431,0.446911,30318,4896436,0.582386,8407551
2,2021-05-19,67773,8357275,40160,4315593,25647,3743020,1966,298662,27540,1129024,0.134287,39952,3797383,0.451663,29971,4926407,0.58595,8407551
2,2021-05-20,68012,8425287,39427,4355020,26432,3769452,2153,300815,26389,1116934,0.132849,41328,3838711,0.456579,29238,4955645,0.589428,8407551
2,2021-05-21,71452,8496739,42224,4397244,27102,3796554,2126,302941,28027,1104635,0.131386,43110,3881821,0.461707,30811,4986456,0.593093,8407551
2,2021-05-22,52305,8549044,33056,4430300,17533,3814087,1716,304657,21724,1098345,0.130638,30386,3912207,0.465321,24096,5010552,0.595959,8407551
2,2021-05-23,23200,8572244,15783,4446083,6697,3820784,720,305377,9965,1096100,0.130371,13129,3925336,0.466882,10884,5021436,0.597253,8407551
2,2021-05-24,43194,8615438,24239,4470322,17219,3838003,1736,307113,16503,1088187,0.12943,26490,3951826,0.470033,18577,5040013,0.599463,8407551
2,2021-05-25,50108,8665546,29442,4499764,18827,3856830,1839,308952,19362,1079466,0.128392,30462,3982288,0.473656,21741,5061754,0.602049,8407551
2,2021-05-26,48030,8713576,26993,4526757,19381,3876211,1656,310608,19134,1072077,0.127514,28592,4010880,0.477057,21203,5082957,0.60457,8407551
2,2021-05-27,46042,8759618,26091,4552848,18236,3894447,1715,312323,18802,1066107,0.126804,27017,4037897,0.48027,21047,5104004,0.607074,8407551
2,2021-05-28,49243,8808861,27313,4580161,19993,3914440,1937,314260,20978,1061515,0.126257,28028,4065925,0.483604,23436,5127440,0.609861,8407551
2,2021-05-29,28617,8837478,17156,4597317,10423,3924863,1038,315298,13418,1061120,0.12621,15059,4080984,0.485395,14664,5142104,0.611605,8407551
2,2021-05-30,12487,8849965,8045,4605362,3688,3928551,754,316052,5606,1060733,0.126164,6839,4087823,0.486209,6452,5148556,0.612373,8407551
2,2021-05-31,5854,8855819,3424,4608786,2128,3930679,302,316354,1851,1058983,0.125956,3965,4091788,0.48668,2215,5150771,0.612636,8407551
2,2021-06-01,44101,8899920,25454,4634240,17080,3947759,1567,317921,16163,1049479,0.124826,27668,4119456,0.489971,18164,5168935,0.614797,8407551
2,2021-06-02,37632,8937552,22152,4656392,14096,3961855,1384,319305,15133,1044078,0.124183,22263,4141719,0.492619,16862,5185797,0.616802,8407551
2,2021-06-03,40821,8978373,26325,4682717,13055,3974910,1441,320746,14189,1033728,0.122952,26415,4168134,0.495761,16065,5201862,0.618713,8407551
2,2021-06-04,47220,9025593,30856,4713573,14846,3989756,1518,322264,15794,1020445,0.121372,31169,4199303,0.499468,17886,5219748,0.62084,8407551
2,2021-06-05,37018,9062611,26586,4740159,9167,3998923,1265,323529,11983,1009339,0.120051,24827,4224130,0.502421,13721,5233469,0.622472,8407551
2,2021-06-06,14554,9077165,11926,4752085,2051,4000974,577,324106,4936,1005519,0.119597,9557,4233687,0.503558,5737,5239206,0.623155,8407551
2,2021-06-07,32575,9109740,22836,4774921,8493,4009467,1246,325352,10739,996103,0.118477,21707,4255394,0.50614,12291,5251497,0.624617,8407551
2,2021-06-08,39602,9149342,28150,4803071,10132,4019599,1320,326672,12511,983524,0.116981,26867,4282261,0.509335,14288,5265785,0.626316,8407551
2,2021-06-09,29992,9179334,20927,4823998,7861,4027460,1204,327876,8592,972366,0.115654,21244,4303505,0.511862,10086,5275871,0.627516,8407551
2,2021-06-10,28658,9207992,20073,4844071,7358,4034818,1227,329103,8525,962547,0.114486,19979,4323484,0.514238,10160,5286031,0.628724,8407551
2,2021-06-11,21483,9229475,14909,4858980,5532,4040350,1042,330145,6054,954535,0.113533,15291,4338775,0.516057,7279,5293310,0.62959,8407551
3,2020-12-15,304,304,304,304,0,0,0,0,304,304,3.7e-05,0,0,0.0,304,304,3.7e-05,8129050
3,2020-12-16,2306,2610,2306,2610,0,0,0,0,2307,2611,0.000321,0,0,0.0,2307,2611,0.000321,8129050
3,2020-12-17,7796,10406,7796,10406,0,0,0,0,7796,10407,0.00128,0,0,0.0,7796,10407,0.00128,8129050
3,2020-12-18,13308,23714,13295,23701,13,13,0,0,13307,23714,0.002917,0,0,0.0,13307,23714,0.002917,8129050
3,2020-12-19,7184,30898,7173,30874,11,24,0,0,7248,30962,0.003809,0,0,0.0,7248,30962,0.003809,8129050
3,2020-12-20,5624,36522,5617,36491,7,31,0,0,5671,36632,0.004506,1,1,0.0,5671,36633,0.004506,8129050
3,2020-12-21,14325,50847,14300,50791,25,56,0,0,14388,51019,0.006276,1,2,0.0,14388,51021,0.006276,8129050
3,2020-12-22,14753,65600,14179,64970,574,630,0,0,14792,65811,0.008096,0,2,0.0,14792,65813,0.008096,8129050
3,2020-12-23,14756,80356,12162,77132,2594,3224,0,0,14782,80593,0.009914,1,3,0.0,14783,80596,0.009915,8129050
3,2020-12-24,6776,87132,4852,81984,1924,5148,0,0,6774,87366,0.010747,1,4,0.0,6774,87370,0.010748,8129050
3,2020-12-25,721,87853,665,82649,56,5204,0,0,720,88086,0.010836,0,4,0.0,720,88090,0.010836,8129050
3,2020-12-26,4596,92449,2984,85633,1612,6816,0,0,4594,92680,0.011401,0,4,0.0,4594,92684,0.011402,8129050
3,2020-12-27,2970,95419,1845,87478,1125,7941,0,0,2970,95650,0.011766,0,4,0.0,2970,95654,0.011767,8129050
3,2020-12-28,13572,108991,8682,96160,4890,12831,0,0,13598,109247,0.013439,1,5,1e-06,13598,109252,0.01344,8129050
3,2020-12-29,14971,123962,8439,104599,6532,19363,0,0,14998,124243,0.015284,2,7,1e-06,14998,124250,0.015285,8129050
3,2020-12-30,17978,141940,10011,114610,7967,27330,0,0,17966,142209,0.017494,1,8,1e-06,17967,142217,0.017495,8129050
3,2020-12-31,8415,150355,3227,117837,5188,32518,0,0,8415,150623,0.018529,1,9,1e-06,8415,150632,0.01853,8129050
3,2021-01-01,1275,151630,588,118425,687,33205,0,0,1273,151895,0.018685,1,10,1e-06,1273,151905,0.018687,8129050
3,2021-01-02,4935,156565,2419,120844,2516,35721,0,0,4935,156830,0.019293,0,10,1e-06,4935,156840,0.019294,8129050
3,2021-01-03,1604,158169,842,121686,762,36483,0,0,1594,158420,0.019488,4,14,2e-06,1594,158434,0.01949,8129050
3,2021-01-04,11957,170126,5959,127645,5998,42481,0,0,11931,170344,0.020955,7,21,3e-06,11931,170365,0.020958,8129050
3,2021-01-05,15638,185764,8088,135733,7550,50031,0,0,14025,182794,0.022487,1601,1622,0.0002,14051,184416,0.022686,8129050
3,2021-01-06,20498,206262,10811,146544,9687,59718,0,0,16039,194422,0.023917,4419,6041,0.000743,16047,200463,0.02466,8129050
3,2021-01-07,26436,232698,15085,161629,11351,71069,0,0,17130,202291,0.024885,9277,15318,0.001884,17146,217609,0.026769,8129050
3,2021-01-08,30344,263042,18519,180148,11825,82894,0,0,18020,208031,0.025591,12303,27621,0.003398,18043,235652,0.028989,8129050
3,2021-01-09,12352,275394,6983,187131,5369,88263,0,0,7851,211396,0.026005,4494,32115,0.003951,7859,243511,0.029956,8129050
3,2021-01-10,7172,282566,4451,191582,2721,90984,0,0,4041,212313,0.026118,3129,35244,0.004336,4046,247557,0.030453,8129050
3,2021-01-11,28957,311523,18965,210547,9992,100976,0,0,16366,216139,0.026588,12584,47828,0.005884,16410,263967,0.032472,8129050
3,2021-01-12,32215,343738,19277,229824,12938,113914,0,0,19778,223589,0.027505,12418,60246,0.007411,19868,283835,0.034916,8129050
3,2021-01-13,34349,378087,17931,247755,16418,130332,0,0,24203,237664,0.029236,10146,70392,0.008659,24221,308056,0.037896,8129050
3,2021-01-14,34517,412604,14176,261931,20341,150673,0,0,28636,260498,0.032045,5851,76243,0.009379,28685,336741,0.041424,8129050
3,2021-01-15,38764,451368,14405,276336,24359,175032,0,0,34134,290074,0.035684,4622,80865,0.009948,34198,370939,0.045631,8129050
3,2021-01-16,21620,472988,7447,283783,14173,189205,0,0,19304,307099,0.037778,2302,83167,0.010231,19327,390266,0.048009,8129050
3,2021-01-17,13107,486095,4435,288218,8672,197877,0,0,12073,318160,0.039139,1031,84198,0.010358,12092,402358,0.049496,8129050
3,2021-01-18,24724,510819,12923,301141,11801,209678,0,0,19183,331827,0.04082,5557,89755,0.011041,19224,421582,0.051861,8129050
3,2021-01-19,40847,551666,20874,322015,19973,229651,0,0,31800,354688,0.043632,9023,98778,0.012151,31884,453466,0.055783,8129050
3,2021-01-20,45174,596840,22256,344271,22918,252569,0,0,35851,381337,0.04691,9281,108059,0.013293,35930,489396,0.060203,8129050
3,2021-01-21,47606,644446,20587,364858,27019,279588,0,0,42175,418217,0.051447,5363,113422,0.013953,42243,531639,0.0654,8129050
3,2021-01-22,49571,694017,19762,384620,29809,309397,0,0,45442,459592,0.056537,4131,117553,0.014461,45506,577145,0.070998,8129050
3,2021-01-23,30160,724177,12792,397412,17368,326765,0,0,26894,483280,0.059451,3256,120809,0.014861,26944,604089,0.074312,8129050
3,2021-01-24,17638,741815,8484,405896,9154,335919,0,0,16484,498643,0.061341,1152,121961,0.015003,16515,620604,0.076344,8129050
3,2021-01-25,40640,782455,18130,424026,22510,358429,0,0,30719,519549,0.063913,9899,131860,0.016221,30805,651409,0.080133,8129050
3,2021-01-26,47013,829468,22487,446513,24526,382955,0,0,36962,546577,0.067238,10039,141899,0.017456,37067,688476,0.084693,8129050
3,2021-01-27,51278,880746,24448,470961,26830,409785,0,0,40720,576894,0.070967,10487,152386,0.018746,40804,729280,0.089713,8129050
3,2021-01-28,51631,932377,24004,494965,27627,437412,0,0,42746,610897,0.07515,8801,161187,0.019829,42804,772084,0.094978,8129050
3,2021-01-29,50710,983087,24422,519387,26288,463700,0,0,41112,642649,0.079056,9412,170599,0.020986,41164,813248,0.100042,8129050
3,2021-01-30,37113,1020200,17787,537174,19326,483026,0,0,32407,670483,0.08248,4654,175253,0.021559,32488,845736,0.104039,8129050
3,2021-01-31,22209,1042409,12764,549938,9445,492471,0,0,20854,690010,0.084882,1345,176598,0.021724,20872,866608,0.106606,8129050
3,2021-02-01,45652,1088061,20917,570855,24735,517206,0,0,34919,714274,0.087867,10690,187288,0.023039,34954,901562,0.110906,8129050
3,2021-02-02,54105,1142166,22549,593404,31556,548762,0,0,41743,743792,0.091498,12276,199564,0.024549,41794,943356,0.116048,8129050
3,2021-02-03,59694,1201860,26595,619999,33099,581861,0,0,44437,773204,0.095116,15097,214661,0.026407,44509,987865,0.121523,8129050
3,2021-02-04,64088,1265948,27868,647867,36220,618081,0,0,47029,803474,0.09884,16869,231530,0.028482,47139,1035004,0.127322,8129050
3,2021-02-05,69903,1335851,29701,677568,40202,658283,0,0,48417,830796,0.102201,21262,252792,0.031097,48584,1083588,0.133298,8129050
3,2021-02-06,43347,1379198,21048,698616,22299,680582,0,0,33755,855172,0.1052,9561,262353,0.032274,33937,1117525,0.137473,8129050
3,2021-02-07,19642,1398840,12498,711114,7144,687726,0,0,15117,865904,0.10652,4510,266863,0.032828,15242,1132767,0.139348,8129050
3,2021-02-08,51283,1450123,24890,736004,26393,714119,0,0,33710,882331,0.10854,17467,284330,0.034977,33894,1166661,0.143518,8129050
3,2021-02-09,58316,1508439,28471,764475,29845,743964,0,0,34259,893055,0.10986,23883,308213,0.037915,34607,1201268,0.147775,8129050
3,2021-02-10,67776,1576215,31605,796080,36171,780135,0,0,36740,899511,0.110654,30814,339027,0.041706,37270,1238538,0.15236,8129050
3,2021-02-11,70360,1646575,34762,830842,35598,815733,0,0,37752,905532,0.111395,32266,371293,0.045675,38287,1276825,0.157069,8129050
3,2021-02-12,75102,1721677,32551,863393,42551,858284,0,0,41551,914595,0.112509,33259,404552,0.049766,42322,1319147,0.162276,8129050
3,2021-02-13,44553,1766230,20304,883697,24249,882533,0,0,25719,922158,0.11344,18736,423288,0.052071,26299,1345446,0.165511,8129050
3,2021-02-14,27092,1793322,13538,897235,13554,896087,0,0,15123,925809,0.113889,11920,435208,0.053537,15571,1361017,0.167426,8129050
3,2021-02-15,39870,1833192,17179,914414,22691,918778,0,0,22101,931160,0.114547,17685,452893,0.055713,23036,1384053,0.17026,8129050
3,2021-02-16,69678,1902870,33006,947420,36672,955450,0,0,36264,935169,0.11504,33283,486176,0.059807,37292,1421345,0.174848,8129050
3,2021-02-17,71395,1974265,36163,983583,35232,990682,0,0,33998,933054,0.11478,37186,523362,0.064382,35071,1456416,0.179162,8129050
3,2021-02-18,76519,2050784,39997,1023580,36522,1027204,0,0,35516,929062,0.114289,40855,564217,0.069407,36863,1493279,0.183697,8129050
3,2021-02-19,68374,2119158,39444,1063024,28930,1056134,0,0,34607,930700,0.114491,33665,597882,0.073549,35303,1528582,0.188039,8129050
3,2021-02-20,42093,2161251,26667,1089691,15426,1071560,0,0,22237,933668,0.114856,19766,617648,0.07598,22734,1551316,0.190836,8129050
3,2021-02-21,22827,2184078,18996,1108687,3831,1075391,0,0,10858,933017,0.114776,11894,629542,0.077443,11243,1562559,0.192219,8129050
3,2021-02-22,45338,2229416,29550,1138237,15788,1091179,0,0,21469,931175,0.114549,23796,653338,0.080371,21954,1584513,0.19492,8129050
3,2021-02-23,60777,2290193,33167,1171404,27610,1118789,0,0,26852,926228,0.11394,33784,687122,0.084527,28837,1613350,0.198467,8129050
3,2021-02-24,76731,2366924,37613,1209017,39118,1157907,0,0,34211,920590,0.113247,42360,729482,0.089738,36722,1650072,0.202985,8129050
3,2021-02-25,86157,2453081,41954,1250971,44203,1202110,0,0,43214,923683,0.113627,42714,772196,0.094992,45807,1695879,0.20862,8129050
3,2021-02-26,96917,2549998,44305,1295276,52612,1254722,0,0,51473,932250,0.114681,45107,817303,0.100541,53674,1749553,0.215222,8129050
3,2021-02-27,68364,2618362,31525,1326801,36836,1291558,3,3,36394,938165,0.115409,31789,849092,0.104452,37704,1787257,0.219861,8129050
3,2021-02-28,39343,2657705,23052,1349853,16289,1307847,2,5,20713,941345,0.1158,18484,867576,0.106725,21664,1808921,0.222526,8129050
3,2021-03-01,67545,2725250,35992,1385845,31532,1339379,21,26,37744,950808,0.116964,29637,897213,0.110371,39100,1848021,0.227335,8129050
3,2021-03-02,77866,2803116,38573,1424418,39286,1378665,7,33,45626,966385,0.11888,32118,929331,0.114322,47695,1895716,0.233203,8129050
3,2021-03-03,88177,2891293,42202,1466620,45957,1424622,18,51,49269,979203,0.120457,38728,968059,0.119086,51546,1947262,0.239544,8129050
3,2021-03-04,92749,2984042,45630,1512250,47103,1471725,16,67,52783,994512,0.12234,39766,1007825,0.123978,55075,2002337,0.246319,8129050
3,2021-03-05,89165,3073207,43845,1556095,45031,1516756,289,356,54516,1017105,0.12512,34435,1042260,0.128214,57028,2059365,0.253334,8129050
3,2021-03-06,64889,3138096,32891,1588986,29851,1546607,2147,2503,37298,1030565,0.126776,27459,1069719,0.131592,40919,2100284,0.258368,8129050
3,2021-03-07,37481,3175577,22405,1611391,13939,1560546,1137,3640,21631,1038705,0.127777,15797,1085516,0.133535,23937,2124221,0.261312,8129050
3,2021-03-08,58796,3234373,28093,1639484,27845,1588391,2858,6498,37361,1059184,0.130296,21295,1106811,0.136155,41774,2165995,0.266451,8129050
3,2021-03-09,76263,3310636,35441,1674925,36448,1624839,4374,10872,41247,1071074,0.131759,34904,1141715,0.140449,46794,2212789,0.272208,8129050
3,2021-03-10,82261,3392897,41196,1716121,35019,1659858,6046,16918,43128,1082710,0.13319,38945,1180660,0.14524,50581,2263370,0.27843,8129050
3,2021-03-11,96396,3489293,47125,1763246,40723,1700581,8548,25466,47445,1091098,0.134222,48715,1229375,0.151232,57103,2320473,0.285454,8129050
3,2021-03-12,101489,3590782,45386,1808632,44267,1744848,11836,37302,46699,1096222,0.134852,54601,1283976,0.157949,59725,2380198,0.292801,8129050
3,2021-03-13,69560,3660342,29605,1838237,32735,1777583,7220,44522,36615,1108597,0.136375,32835,1316811,0.161988,45210,2425408,0.298363,8129050
3,2021-03-14,40732,3701074,21514,1859751,15669,1793252,3549,48071,20809,1113733,0.137007,19860,1336671,0.164431,24996,2450404,0.301438,8129050
3,2021-03-15,75266,3776340,35762,1895513,34970,1828222,4534,52605,39841,1123876,0.138254,35241,1371912,0.168767,45384,2495788,0.307021,8129050
3,2021-03-16,94647,3870987,43646,1939159,46687,1874909,4314,56919,53553,1141774,0.140456,40899,1412811,0.173798,58797,2554585,0.314254,8129050
3,2021-03-17,97379,3968366,47295,1986454,45609,1920518,4475,61394,59461,1168682,0.143766,37714,1450525,0.178437,64622,2619207,0.322203,8129050
3,2021-03-18,102494,4070860,52090,2038544,45981,1966499,4423,65817,59336,1190092,0.1464,42925,1493450,0.183718,64335,2683542,0.330118,8129050
3,2021-03-19,102492,4173352,54959,2093503,43094,2009593,4439,70256,57680,1208196,0.148627,44577,1538027,0.189201,62681,2746223,0.337828,8129050
3,2021-03-20,71188,4244540,36758,2130261,30824,2040417,3606,73862,44171,1229632,0.151264,26853,1564880,0.192505,48289,2794512,0.343769,8129050
3,2021-03-21,35832,4280372,24442,2154703,9887,2050304,1503,75365,22391,1240645,0.152619,13361,1578241,0.194148,24374,2818886,0.346767,8129050
3,2021-03-22,69961,4350333,41122,2195825,26315,2076619,2524,77889,44874,1264175,0.155513,24890,1603131,0.19721,48420,2867306,0.352723,8129050
3,2021-03-23,89244,4439577,49296,2245121,37420,2114039,2528,80417,55125,1288658,0.158525,33883,1637014,0.201378,58366,2925672,0.359903,8129050
3,2021-03-24,98281,4537858,56611,2301732,38768,2152807,2902,83319,56607,1307430,0.160834,41347,1678361,0.206465,60119,2985791,0.367299,8129050
3,2021-03-25,106859,4644717,59381,2361113,44535,2197342,2943,86262,60722,1325914,0.163108,45838,1724199,0.212103,64322,3050113,0.375211,8129050
3,2021-03-26,110041,4754758,59116,2420229,47653,2244995,3272,89534,57349,1334978,0.164223,52406,1776605,0.21855,61470,3111583,0.382773,8129050
3,2021-03-27,74078,4828836,37713,2457942,33820,2278815,2545,92079,36216,1336740,0.16444,37673,1814278,0.223185,39435,3151018,0.387624,8129050
3,2021-03-28,43999,4872835,27853,2485795,15340,2294155,806,92885,22399,1339006,0.164719,21497,1835775,0.225829,23763,3174781,0.390548,8129050
3,2021-03-29,80296,4953131,41990,2527785,36465,2330620,1841,94726,44327,1350228,0.166099,35756,1871531,0.230228,46978,3221759,0.396327,8129050
3,2021-03-30,99823,5052954,49083,2576868,47119,2377739,3621,98347,56216,1367292,0.168198,43375,1914906,0.235563,60439,3282198,0.403762,8129050
3,2021-03-31,104574,5157528,56481,2633349,43285,2421024,4808,103155,56410,1380871,0.169869,47976,1962882,0.241465,61555,3343753,0.411334,8129050
3,2021-04-01,123083,5280611,62305,2695654,51114,2472138,9664,112819,66939,1402003,0.172468,55812,2018694,0.248331,76944,3420697,0.420799,8129050
3,2021-04-02,117539,5398150,57444,2753098,49814,2521952,10281,123100,62427,1420350,0.174725,54864,2073558,0.25508,73211,3493908,0.429805,8129050
3,2021-04-03,75846,5473996,38797,2791895,27849,2549801,9200,132300,37915,1430000,0.175912,37805,2111363,0.259731,47455,3541363,0.435643,8129050
3,2021-04-04,32325,5506321,17274,2809169,10855,2560656,4196,136496,14231,1430443,0.175967,18025,2129388,0.261948,18468,3559831,0.437915,8129050
3,2021-04-05,88898,5595219,45214,2854383,34603,2595259,9081,145577,43700,1439050,0.177026,45009,2174397,0.267485,53616,3613447,0.44451,8129050
3,2021-04-06,112929,5708148,55032,2909415,42772,2638031,15125,160702,53378,1448968,0.178246,59310,2233707,0.274781,69228,3682675,0.453026,8129050
3,2021-04-07,115841,5823989,59972,2969387,39628,2677659,16241,176943,56322,1462517,0.179912,59292,2292999,0.282075,72841,3755516,0.461987,8129050
3,2021-04-08,121121,5945110,60331,3029718,40735,2718394,20055,196998,56484,1475482,0.181507,64368,2357367,0.289993,77333,3832849,0.4715,8129050
3,2021-04-09,117885,6062995,58767,3088485,40049,2758443,19069,216067,51980,1481770,0.182281,65693,2423060,0.298074,71981,3904830,0.480355,8129050
3,2021-04-10,83448,6146443,37696,3126181,30559,2789002,15193,231260,34166,1482838,0.182412,49130,2472190,0.304118,50198,3955028,0.48653,8129050
3,2021-04-11,45008,6191451,24188,3150369,12821,2801823,7999,239259,17221,1481195,0.18221,27706,2499896,0.307526,26063,3981091,0.489736,8129050
3,2021-04-12,83613,6275064,42261,3192630,32624,2834447,8728,247987,38170,1483946,0.182549,45237,2545133,0.313091,47988,4029079,0.49564,8129050
3,2021-04-13,105013,6380077,56879,3249509,47921,2882368,213,248200,55685,1491620,0.183493,49126,2594259,0.319134,56800,4085879,0.502627,8129050
3,2021-04-14,106892,6486969,58408,3307917,48388,2930756,96,248296,53596,1493716,0.18375,53040,2647299,0.325659,55136,4141015,0.509409,8129050
3,2021-04-15,118630,6605599,66789,3374706,51774,2982530,67,248363,63997,1504217,0.185042,54376,2701675,0.332348,64877,4205892,0.51739,8129050
3,2021-04-16,114178,6719777,64093,3438799,49992,3032522,93,248456,59799,1510686,0.185838,54124,2755799,0.339006,60593,4266485,0.524844,8129050
3,2021-04-17,78047,6797824,42680,3481479,35355,3067877,12,248468,43511,1520817,0.187084,34356,2790155,0.343233,44487,4310972,0.530317,8129050
3,2021-04-18,36985,6834809,21962,3503441,15020,3082897,3,248471,17392,1519574,0.186931,19509,2809664,0.345633,18266,4329238,0.532564,8129050
3,2021-04-19,78034,6912843,43608,3547049,34375,3117272,51,248522,35248,1512782,0.186096,42630,2852294,0.350877,35838,4365076,0.536972,8129050
3,2021-04-20,98020,7010863,50792,3597841,47213,3164485,15,248537,47755,1511539,0.185943,50058,2902352,0.357035,48815,4413891,0.542977,8129050
3,2021-04-21,101158,7112021,55655,3653496,45438,3209923,65,248602,47933,1507587,0.185457,52938,2955290,0.363547,48986,4462877,0.549004,8129050
3,2021-04-22,108904,7220925,60652,3714148,48232,3258155,20,248622,46967,1493876,0.18377,61651,3016941,0.371131,47940,4510817,0.554901,8129050
3,2021-04-23,103306,7324231,58468,3772616,44815,3302970,23,248645,45340,1482583,0.182381,57653,3074594,0.378223,46360,4557177,0.560604,8129050
3,2021-04-24,72927,7397158,45219,3817835,27648,3330618,60,248705,35598,1482133,0.182325,37091,3111685,0.382786,36641,4593818,0.565111,8129050
3,2021-04-25,36221,7433379,23345,3841180,12863,3343481,13,248718,18679,1483797,0.18253,17422,3129107,0.384929,19086,4612904,0.567459,8129050
3,2021-04-26,72240,7505619,40545,3881725,31310,3374791,385,249103,30906,1475355,0.181492,41106,3170213,0.389986,32664,4645568,0.571477,8129050
3,2021-04-27,89394,7595013,46574,3928299,41095,3415886,1725,250828,35514,1459778,0.179575,53611,3223824,0.396581,38034,4683602,0.576156,8129050
3,2021-04-28,84727,7679740,47645,3975944,34969,3450855,2113,252941,34724,1447399,0.178053,49748,3273572,0.4027,37369,4720971,0.580753,8129050
3,2021-04-29,86838,7766578,49195,4025139,35461,3486316,2182,255123,30945,1425385,0.175345,55621,3329193,0.409543,33607,4754578,0.584887,8129050
3,2021-04-30,88381,7854959,49567,4074706,36350,3522666,2464,257587,32764,1405733,0.172927,55336,3384529,0.41635,35684,4790262,0.589277,8129050
3,2021-05-01,54557,7909516,34403,4109109,18709,3541375,1445,259032,19642,1392572,0.171308,34733,3419262,0.420623,21572,4811834,0.591931,8129050
3,2021-05-02,26740,7936256,18245,4127354,7488,3548863,1007,260039,9812,1386643,0.170579,16849,3436111,0.422695,10920,4822754,0.593274,8129050
3,2021-05-03,58878,7995134,34474,4161828,22060,3570923,2344,262383,17273,1365007,0.167917,41433,3477544,0.427792,19797,4842551,0.595709,8129050
3,2021-05-04,75543,8070677,43188,4205016,29712,3600635,2643,265026,22079,1336803,0.164448,53206,3530750,0.434337,25002,4867553,0.598785,8129050
3,2021-05-05,76916,8147593,45764,4250780,28476,3629111,2676,267702,21451,1306000,0.160658,55187,3585937,0.441126,24384,4891937,0.601785,8129050
3,2021-05-06,81382,8228975,51102,4301882,27768,3656879,2512,270214,20304,1268719,0.156072,60650,3646587,0.448587,23369,4915306,0.604659,8129050
3,2021-05-07,80779,8309754,50115,4351997,28059,3684938,2605,272819,21569,1234277,0.151835,58904,3705491,0.455833,24462,4939768,0.607669,8129050
3,2021-05-08,50334,8360088,31015,4383012,17694,3702632,1625,274444,13485,1213021,0.149221,36625,3742116,0.460339,15369,4955137,0.609559,8129050
3,2021-05-09,20348,8380436,14783,4397795,4787,3707419,778,275222,5574,1204744,0.148202,14695,3756811,0.462146,6418,4961555,0.610349,8129050
3,2021-05-10,46702,8427138,24875,4422670,19940,3727359,1887,277109,11098,1182558,0.145473,35427,3792238,0.466504,13241,4974796,0.611978,8129050
3,2021-05-11,61386,8488524,33670,4456340,25539,3752898,2177,279286,15657,1155323,0.142123,45522,3837760,0.472104,18287,4993083,0.614227,8129050
3,2021-05-12,62765,8551289,35834,4492174,24550,3777448,2381,281667,17104,1129668,0.138967,45443,3883203,0.477695,19788,5012871,0.616661,8129050
3,2021-05-13,72814,8624103,45978,4538152,24958,3802406,1878,283545,27194,1113952,0.137033,45401,3928604,0.48328,29685,5042556,0.620313,8129050
3,2021-05-14,78067,8702170,49272,4587424,26684,3829090,2111,285656,30767,1100368,0.135362,47057,3975661,0.489068,33473,5076029,0.624431,8129050
3,2021-05-15,60783,8762953,41842,4629266,17740,3846830,1201,286857,25136,1091446,0.134265,35471,4011132,0.493432,26549,5102578,0.627697,8129050
3,2021-05-16,31635,8794588,23704,4652970,7248,3854078,683,287540,12728,1086125,0.13361,18812,4029944,0.495746,13491,5116069,0.629356,8129050
3,2021-05-17,56120,8850708,35758,4688728,18551,3872629,1811,289351,21124,1074507,0.132181,34752,4064696,0.500021,23134,5139203,0.632202,8129050
3,2021-05-18,63537,8914245,37533,4726261,24169,3896798,1835,291186,24373,1062190,0.130666,38916,4103612,0.504808,26599,5165802,0.635474,8129050
3,2021-05-19,62697,8976942,38306,4764567,22679,3919477,1712,292898,25134,1051975,0.129409,37336,4140948,0.509401,27121,5192923,0.638811,8129050
3,2021-05-20,60222,9037164,35318,4799885,23101,3942578,1803,294701,22239,1038676,0.127773,37726,4178674,0.514042,24427,5217350,0.641815,8129050
3,2021-05-21,64884,9102048,39534,4839419,23275,3965853,2075,296776,23942,1024358,0.126012,40676,4219350,0.519046,26358,5243708,0.645058,8129050
3,2021-05-22,44716,9146764,29583,4869002,13685,3979538,1448,298224,18603,1018784,0.125326,25930,4245280,0.522236,20356,5264064,0.647562,8129050
3,2021-05-23,20465,9167229,14196,4883198,5628,3985166,641,298865,8893,1016958,0.125102,11499,4256779,0.52365,9673,5273737,0.648752,8129050
3,2021-05-24,38450,9205679,22347,4905545,14368,3999534,1735,300600,14379,1009363,0.124167,23908,4280687,0.526591,16313,5290050,0.650759,8129050
3,2021-05-25,42260,9247939,23846,4929391,16764,4016298,1650,302250,15303,999809,0.122992,26731,4307418,0.52988,17177,5307227,0.652872,8129050
3,2021-05-26,41470,9289409,23620,4953011,16158,4032456,1692,303942,15889,992249,0.122062,25307,4332725,0.532993,17747,5324974,0.655055,8129050
3,2021-05-27,38795,9328204,21672,4974683,15380,4047836,1743,305685,15428,986467,0.121351,23227,4355952,0.53585,17445,5342419,0.657201,8129050
3,2021-05-28,42092,9370296,23871,4998554,16472,4064308,1749,307434,17723,982086,0.120812,24203,4380155,0.538827,19822,5362241,0.659639,8129050
3,2021-05-29,23129,9393425,14146,5012700,8161,4072469,822,308256,11150,982334,0.120842,11869,4392024,0.540287,12117,5374358,0.66113,8129050
3,2021-05-30,10495,9403920,6807,5019507,3055,4075524,633,308889,4563,981707,0.120765,5871,4397895,0.54101,5244,5379602,0.661775,8129050
3,2021-05-31,4610,9408530,2669,5022176,1674,4077198,267,309156,1497,980411,0.120606,3089,4400984,0.54139,1793,5381395,0.661996,8129050
3,2021-06-01,37310,9445840,21540,5043716,14352,4091550,1418,310574,13865,972685,0.119655,23257,4424241,0.544251,15531,5396926,0.663906,8129050
3,2021-06-02,31220,9477060,17984,5061700,11834,4103384,1402,311976,11940,967106,0.118969,19092,4443333,0.546599,13513,5410439,0.665568,8129050
3,2021-06-03,39199,9516259,26866,5088566,10922,4114306,1411,313387,11934,953610,0.117309,27102,4470435,0.549933,13606,5424045,0.667242,8129050
3,2021-06-04,45582,9561841,32307,5120873,11759,4126065,1516,314903,13604,937416,0.115317,31759,4502194,0.55384,15565,5439610,0.669157,8129050
3,2021-06-05,33913,9595754,25592,5146465,7146,4133211,1175,316078,8995,923069,0.113552,24727,4526921,0.556882,10380,5449990,0.670434,8129050
3,2021-06-06,14131,9609885,11782,5158247,1785,4134996,564,316642,4032,917792,0.112903,10049,4536970,0.558118,4772,5454762,0.671021,8129050
3,2021-06-07,29837,9639722,21693,5179940,6898,4141894,1246,317888,8808,907095,0.111587,20903,4557873,0.56069,10206,5464968,0.672276,8129050
3,2021-06-08,33330,9673052,23933,5203873,8140,4150034,1257,319145,9942,895369,0.110144,23191,4581064,0.563542,11465,5476433,0.673687,8129050
3,2021-06-09,23882,9696934,17085,5220958,5794,4155828,1003,320148,6158,885057,0.108876,17609,4598673,0.565709,7297,5483730,0.674584,8129050
3,2021-06-10,23718,9720652,17201,5238159,5329,4161157,1188,321336,6435,875650,0.107719,17171,4615844,0.567821,7764,5491494,0.675539,8129050
3,2021-06-11,16980,9737632,12239,5250398,3924,4165081,817,322153,4459,868591,0.10685,12406,4628250,0.569347,5347,5496841,0.676197,8129050
4,2020-12-15,450,450,450,450,0,0,0,0,450,450,5.6e-05,0,0,0.0,450,450,5.6e-05,8037679
4,2020-12-16,3006,3456,3006,3456,0,0,0,0,3006,3456,0.00043,0,0,0.0,3006,3456,0.00043,8037679
4,2020-12-17,8838,12294,8838,12294,0,0,0,0,8838,12294,0.00153,0,0,0.0,8838,12294,0.00153,8037679
4,2020-12-18,15941,28235,15932,28226,9,9,0,0,15941,28235,0.003513,0,0,0.0,15941,28235,0.003513,8037679
4,2020-12-19,10261,38496,10253,38479,8,17,0,0,10196,38431,0.004781,0,0,0.0,10196,38431,0.004781,8037679
4,2020-12-20,7373,45869,7366,45845,7,24,0,0,7328,45759,0.005693,0,0,0.0,7328,45759,0.005693,8037679
4,2020-12-21,16297,62166,16272,62117,25,49,0,0,16231,61989,0.007712,1,1,0.0,16231,61990,0.007712,8037679
4,2020-12-22,17121,79287,16384,78501,737,786,0,0,17075,79064,0.009837,0,1,0.0,17075,79065,0.009837,8037679
4,2020-12-23,17020,96307,14317,92818,2703,3489,0,0,16990,96052,0.01195,2,3,0.0,16990,96055,0.011951,8037679
4,2020-12-24,8550,104857,5961,98779,2589,6078,0,0,8548,104599,0.013014,1,4,0.0,8548,104603,0.013014,8037679
4,2020-12-25,900,105757,795,99574,105,6183,0,0,900,105499,0.013126,0,4,0.0,900,105503,0.013126,8037679
4,2020-12-26,6149,111906,3869,103443,2280,8463,0,0,6149,111648,0.013891,0,4,0.0,6149,111652,0.013891,8037679
4,2020-12-27,3422,115328,1991,105434,1431,9894,0,0,3422,115070,0.014316,0,4,0.0,3422,115074,0.014317,8037679
4,2020-12-28,15031,130359,9283,114717,5748,15642,0,0,15003,130072,0.016183,1,5,1e-06,15003,130077,0.016183,8037679
4,2020-12-29,15346,145705,8495,123212,6851,22493,0,0,15312,145383,0.018088,1,6,1e-06,15312,145389,0.018088,8037679
4,2020-12-30,18930,164635,11066,134278,7864,30357,0,0,18919,164300,0.020441,2,8,1e-06,18919,164308,0.020442,8037679
4,2020-12-31,8263,172898,3341,137619,4922,35279,0,0,8251,172542,0.021467,9,17,2e-06,8251,172559,0.021469,8037679
4,2021-01-01,1404,174302,619,138238,785,36064,0,0,1402,173942,0.021641,2,19,2e-06,1402,173961,0.021643,8037679
4,2021-01-02,5715,180017,3229,141467,2486,38550,0,0,5714,179655,0.022352,1,20,2e-06,5714,179675,0.022354,8037679
4,2021-01-03,2132,182149,1265,142732,867,39417,0,0,2116,181767,0.022614,4,24,3e-06,2116,181791,0.022617,8037679
4,2021-01-04,12966,195115,7050,149782,5916,45333,0,0,12919,194657,0.024218,29,53,7e-06,12919,194710,0.024225,8037679
4,2021-01-05,16883,211998,9987,159769,6896,52229,0,0,14771,207352,0.025797,2088,2141,0.000266,14783,209493,0.026064,8037679
4,2021-01-06,21533,233531,13203,172972,8330,60559,0,0,15543,216972,0.026994,5936,8077,0.001005,15556,225049,0.027999,8037679
4,2021-01-07,27904,261435,17001,189973,10903,71462,0,0,16831,222808,0.02772,11015,19092,0.002375,16851,241900,0.030096,8037679
4,2021-01-08,32783,294218,21028,211001,11755,83217,0,0,18292,226700,0.028205,14420,33512,0.004169,18312,260212,0.032374,8037679
4,2021-01-09,16263,310481,9623,220624,6640,89857,0,0,9438,229346,0.028534,6803,40315,0.005016,9449,269661,0.03355,8037679
4,2021-01-10,8747,319228,5653,226277,3094,92951,0,0,4130,228885,0.028477,4599,44914,0.005588,4138,273799,0.034064,8037679
4,2021-01-11,33362,352590,21882,248159,11480,104431,0,0,18795,233190,0.029012,14531,59445,0.007396,18836,292635,0.036408,8037679
4,2021-01-12,38513,391103,22203,270362,16310,120741,0,0,24326,243464,0.03029,14121,73566,0.009153,24395,317030,0.039443,8037679
4,2021-01-13,38717,429820,19104,289466,19613,140354,0,0,27397,259659,0.032305,11264,84830,0.010554,27459,344489,0.042859,8037679
4,2021-01-14,39213,469033,15065,304531,24148,164502,0,0,32041,284692,0.03542,7126,91956,0.011441,32159,376648,0.04686,8037679
4,2021-01-15,45327,514360,15753,320284,29574,194076,0,0,39805,319050,0.039694,5468,97424,0.012121,39826,416474,0.051815,8037679
4,2021-01-16,28691,543051,9405,329689,19286,213362,0,0,25568,341559,0.042495,3088,100512,0.012505,25597,442071,0.055,8037679
4,2021-01-17,19109,562160,6730,336419,12379,225741,0,0,17584,357660,0.044498,1498,102010,0.012691,17599,459670,0.057189,8037679
4,2021-01-18,29468,591628,13656,350075,15812,241553,0,0,23482,375278,0.04669,5890,107900,0.013424,23508,483178,0.060114,8037679
4,2021-01-19,46135,637763,23176,373251,22959,264512,0,0,36775,402824,0.050117,9303,117203,0.014582,36849,520027,0.064699,8037679
4,2021-01-20,51871,689634,27471,400722,24400,288912,0,0,41436,433981,0.053993,10336,127539,0.015868,41493,561520,0.069861,8037679
4,2021-01-21,56765,746399,25123,425845,31642,320554,0,0,50322,477975,0.059467,6375,133914,0.016661,50369,611889,0.076128,8037679
4,2021-01-22,55155,801554,22134,447979,33021,353575,0,0,50049,523040,0.065074,5012,138926,0.017284,50077,661966,0.082358,8037679
4,2021-01-23,39505,841059,17422,465401,22083,375658,0,0,35172,553917,0.068915,4324,143250,0.017822,35201,697167,0.086737,8037679
4,2021-01-24,23918,864977,10490,475891,13428,389086,0,0,22041,574106,0.071427,1869,145119,0.018055,22058,719225,0.089482,8037679
4,2021-01-25,47981,912958,22155,498046,25826,414912,0,0,36872,599955,0.074643,11078,156197,0.019433,36927,756152,0.094076,8037679
4,2021-01-26,56864,969822,29007,527053,27857,442769,0,0,44607,632424,0.078682,12203,168400,0.020951,44672,800824,0.099634,8037679
4,2021-01-27,56282,1026104,26798,553851,29484,472253,0,0,45302,666872,0.082968,10908,179308,0.022308,45356,846180,0.105277,8037679
4,2021-01-28,56609,1082713,25595,579446,31014,503267,0,0,46647,703695,0.08755,9875,189183,0.023537,46698,892878,0.111087,8037679
4,2021-01-29,56554,1139267,27160,606606,29394,532661,0,0,46218,739759,0.092036,10191,199374,0.024805,46255,939133,0.116841,8037679
4,2021-01-30,37834,1177101,17245,623851,20589,553250,0,0,32488,766976,0.095423,5297,204671,0.025464,32514,971647,0.120887,8037679
4,2021-01-31,23936,1201037,12591,636442,11345,564595,0,0,22320,787714,0.098003,1599,206270,0.025663,22337,993984,0.123666,8037679
4,2021-02-01,49718,1250755,24075,660517,25643,590238,0,0,38114,814306,0.101311,11562,217832,0.027101,38154,1032138,0.128412,8037679
4,2021-02-02,55373,1306128,25499,686016,29874,620112,0,0,42542,844125,0.105021,12766,230598,0.02869,42585,1074723,0.133711,8037679
4,2021-02-03,61990,1368118,30528,716544,31462,651574,0,0,47695,877691,0.109197,14185,244783,0.030454,47751,1122474,0.139652,8037679
4,2021-02-04,67441,1435559,31418,747962,36023,687597,0,0,50773,912052,0.113472,16518,261301,0.03251,50879,1173353,0.145982,8037679
4,2021-02-05,73137,1508696,33961,781923,39176,726773,0,0,50973,941255,0.117105,21909,283210,0.035235,51112,1224465,0.152341,8037679
4,2021-02-06,48379,1557075,26311,808234,22068,748841,0,0,36860,966830,0.120287,11485,294695,0.036664,37060,1261525,0.156951,8037679
4,2021-02-07,26533,1583608,17570,825804,8963,757804,0,0,20093,980748,0.122019,6414,301109,0.037462,20332,1281857,0.159481,8037679
4,2021-02-08,58588,1642196,30191,855995,28397,786201,0,0,38191,998935,0.124282,20269,321378,0.039984,38456,1320313,0.164265,8037679
4,2021-02-09,67168,1709364,34230,890225,32938,819139,0,0,39470,1011182,0.125805,27627,349005,0.043421,39874,1360187,0.169226,8037679
4,2021-02-10,77154,1786518,38639,928864,38515,857654,0,0,41023,1016845,0.12651,35903,384908,0.047888,41566,1401753,0.174398,8037679
4,2021-02-11,81189,1867707,42430,971294,38759,896413,0,0,41965,1020475,0.126961,39003,423911,0.05274,42633,1444386,0.179702,8037679
4,2021-02-12,84129,1951836,37696,1008990,46433,942846,0,0,43379,1024092,0.127411,40549,464460,0.057785,44166,1488552,0.185197,8037679
4,2021-02-13,58517,2010353,29723,1038713,28794,971640,0,0,29855,1026310,0.127687,28535,492995,0.061335,30753,1519305,0.189023,8037679
4,2021-02-14,36682,2047035,19030,1057743,17652,989292,0,0,18858,1028053,0.127904,17773,510768,0.063547,19516,1538821,0.191451,8037679
4,2021-02-15,46058,2093093,21581,1079324,24477,1013769,0,0,23676,1030589,0.12822,22317,533085,0.066323,24853,1563674,0.194543,8037679
4,2021-02-16,79946,2173039,36644,1115968,43302,1057071,0,0,40705,1033368,0.128565,39144,572229,0.071193,41923,1605597,0.199759,8037679
4,2021-02-17,81318,2254357,38406,1154374,42912,1099983,0,0,38768,1030877,0.128256,42388,614617,0.076467,39897,1645494,0.204723,8037679
4,2021-02-18,83080,2337437,45719,1200093,37361,1137344,0,0,38429,1026291,0.127685,44494,659111,0.082003,39908,1685402,0.209688,8037679
4,2021-02-19,82416,2419853,51807,1251900,30609,1167953,0,0,41297,1027307,0.127811,40979,700090,0.087101,41995,1727397,0.214912,8037679
4,2021-02-20,48919,2468772,32626,1284526,16293,1184246,0,0,26723,1032583,0.128468,22140,722230,0.089856,27416,1754813,0.218323,8037679
4,2021-02-21,29214,2497986,23469,1307995,5745,1189991,0,0,14076,1031871,0.128379,15072,737302,0.091731,14360,1769173,0.22011,8037679
4,2021-02-22,53078,2551064,36442,1344437,16636,1206627,0,0,25773,1030882,0.128256,27211,764513,0.095116,26222,1795395,0.223372,8037679
4,2021-02-23,73830,2624894,40972,1385409,32858,1239485,0,0,32555,1023963,0.127395,41145,805658,0.100235,34226,1829621,0.227631,8037679
4,2021-02-24,88717,2713611,46865,1432274,41852,1281337,0,0,40086,1017780,0.126626,48425,854083,0.10626,42242,1871863,0.232886,8037679
4,2021-02-25,99918,2813529,52185,1484459,47733,1329070,0,0,47945,1016460,0.126462,51821,905904,0.112707,50501,1922364,0.239169,8037679
4,2021-02-26,106397,2919926,53717,1538176,52680,1381750,0,0,54522,1021674,0.127111,51653,957557,0.119134,56867,1979231,0.246244,8037679
4,2021-02-27,77068,2996994,42043,1580219,35019,1416769,6,6,41331,1028896,0.128009,35599,993156,0.123563,42821,2022052,0.251572,8037679
4,2021-02-28,47405,3044399,29474,1609693,17926,1434695,5,11,26558,1035632,0.128847,20709,1013865,0.126139,27445,2049497,0.254986,8037679
4,2021-03-01,77782,3122181,45695,1655388,32056,1466751,31,42,42955,1045222,0.13004,34586,1048451,0.130442,44176,2093673,0.260482,8037679
4,2021-03-02,84983,3207164,48931,1704319,36046,1502797,6,48,50287,1062757,0.132222,34544,1082995,0.13474,52079,2145752,0.266962,8037679
4,2021-03-03,99547,3306711,52842,1757161,46692,1549489,13,61,55463,1076111,0.133883,43889,1126884,0.1402,57243,2202995,0.274083,8037679
4,2021-03-04,96850,3403561,53876,1811037,42957,1592446,17,78,53284,1087822,0.13534,43364,1170248,0.145595,55075,2258070,0.280936,8037679
4,2021-03-05,94268,3497829,50956,1861993,42998,1635444,314,392,55981,1107958,0.137846,38092,1208340,0.150334,58228,2316298,0.28818,8037679
4,2021-03-06,76093,3573922,42966,1904959,30513,1665957,2614,3006,46789,1129518,0.140528,29192,1237532,0.153966,50752,2367050,0.294494,8037679
4,2021-03-07,42669,3616591,27277,1932236,14210,1680167,1182,4188,25597,1140374,0.141879,17012,1254544,0.156083,27868,2394918,0.297961,8037679
4,2021-03-08,66331,3682922,34765,1967001,28371,1708538,3195,7383,43844,1166373,0.145113,22383,1276927,0.158868,48382,2443300,0.303981,8037679
4,2021-03-09,81110,3764032,41126,2008127,34853,1743391,5131,12514,43856,1179385,0.146732,37100,1314027,0.163483,50112,2493412,0.310215,8037679
4,2021-03-10,90843,3854875,46949,2055076,36445,1779836,7449,19963,45970,1189068,0.147937,44713,1358740,0.169046,54396,2547808,0.316983,8037679
4,2021-03-11,100405,3955280,52734,2107810,39281,1819117,8390,28353,46532,1191458,0.148234,53659,1412399,0.175722,56049,2603857,0.323956,8037679
4,2021-03-12,104461,4059741,51564,2159374,42626,1861743,10271,38624,44740,1187968,0.1478,59490,1471889,0.183124,56000,2659857,0.330924,8037679
4,2021-03-13,80971,4140712,37719,2197093,34859,1896602,8393,47017,38074,1192810,0.148402,42776,1514665,0.188446,47618,2707475,0.336848,8037679
4,2021-03-14,49558,4190270,28361,2225454,17560,1914162,3637,50654,23267,1194148,0.148569,26204,1540869,0.191706,27542,2735017,0.340274,8037679
4,2021-03-15,83589,4273859,44975,2270429,34370,1948532,4244,54898,42767,1201398,0.149471,40610,1581479,0.196758,47860,2782877,0.346229,8037679
4,2021-03-16,107457,4381316,55850,2326279,48209,1996741,3398,58296,57039,1212343,0.150832,50203,1631682,0.203004,61148,2844025,0.353837,8037679
4,2021-03-17,106141,4487457,57065,2383344,45626,2042367,3450,61746,62286,1235029,0.153655,43620,1675302,0.208431,66306,2910331,0.362086,8037679
4,2021-03-18,106291,4593748,58889,2442233,43755,2086122,3647,65393,60401,1253886,0.156001,45638,1720940,0.214109,64495,2974826,0.37011,8037679
4,2021-03-19,110720,4704468,63612,2505845,41923,2128045,5185,70578,63157,1275309,0.158666,47332,1768272,0.219998,68755,3043581,0.378664,8037679
4,2021-03-20,83287,4787755,48846,2554691,31443,2159488,2998,73576,51149,1297759,0.161459,32014,1800286,0.223981,54464,3098045,0.38544,8037679
4,2021-03-21,47922,4835677,34739,2589430,10921,2170409,2262,75838,28375,1309323,0.162898,19437,1819723,0.226399,31001,3129046,0.389297,8037679
4,2021-03-22,81811,4917488,53441,2642871,25651,2196060,2719,78557,50862,1332883,0.165829,30740,1850463,0.230224,54300,3183346,0.396053,8037679
4,2021-03-23,103969,5021457,62136,2705007,39689,2235749,2144,80701,61962,1355783,0.168678,41749,1892212,0.235418,64649,3247995,0.404096,8037679
4,2021-03-24,113129,5134586,73124,2778131,37598,2273347,2407,83108,64095,1374118,0.17096,48633,1940845,0.241468,66968,3314963,0.412428,8037679
4,2021-03-25,116665,5251251,71911,2850042,42368,2315715,2386,85494,66947,1394658,0.173515,49276,1990121,0.247599,69816,3384779,0.421114,8037679
4,2021-03-26,119355,5370606,72548,2922590,43764,2359479,3043,88537,65473,1410222,0.175451,53556,2043677,0.254262,69120,3453899,0.429713,8037679
4,2021-03-27,91321,5461927,54179,2976769,35361,2394840,1781,90318,46461,1414305,0.175959,44647,2088324,0.259817,48730,3502629,0.435776,8037679
4,2021-03-28,55549,5517476,36720,3013489,17957,2412797,872,91190,29623,1419351,0.176587,25786,2114110,0.263025,30832,3533461,0.439612,8037679
4,2021-03-29,93261,5610737,56048,3069537,35140,2447937,2073,93263,50639,1430217,0.177939,42404,2156514,0.268301,53270,3586731,0.44624,8037679
4,2021-03-30,116774,5727511,63800,3133337,48828,2496765,4146,97409,69482,1457205,0.181297,47085,2203599,0.274159,74073,3660804,0.455455,8037679
4,2021-03-31,120666,5848177,71369,3204706,42980,2539745,6317,103726,68012,1479410,0.184059,52341,2255940,0.280671,74546,3735350,0.46473,8037679
4,2021-04-01,142134,5990311,81219,3285925,47726,2587471,13189,116915,83994,1519076,0.188994,57755,2313695,0.287856,97421,3832771,0.47685,8037679
4,2021-04-02,136223,6126534,72937,3358862,49747,2637218,13539,130454,78885,1554791,0.193438,57069,2370764,0.294956,92784,3925555,0.488394,8037679
4,2021-04-03,100958,6227492,53934,3412796,33650,2670868,13374,143828,52715,1573099,0.195716,48056,2418820,0.300935,66364,3991919,0.496651,8037679
4,2021-04-04,46810,6274302,24696,3437492,14603,2685471,7511,151339,20436,1574822,0.19593,26277,2445097,0.304204,28000,4019919,0.500134,8037679
4,2021-04-05,108959,6383261,61359,3498851,34852,2720323,12748,164087,56920,1593240,0.198221,51852,2496949,0.310655,70270,4090189,0.508877,8037679
4,2021-04-06,138452,6521713,77959,3576810,40761,2761084,19732,183819,72044,1619485,0.201487,66191,2563140,0.318891,92436,4182625,0.520377,8037679
4,2021-04-07,137086,6658799,77698,3654508,38719,2799803,20669,204488,71148,1645929,0.204777,65706,2628846,0.327065,92150,4274775,0.531842,8037679
4,2021-04-08,139585,6798384,77810,3732318,36398,2836201,25377,229865,69502,1671649,0.207977,69821,2698667,0.335752,95541,4370316,0.543729,8037679
4,2021-04-09,137230,6935614,75308,3807626,38999,2875200,22923,252788,65668,1689950,0.210253,71355,2770022,0.34463,89656,4459972,0.554883,8037679
4,2021-04-10,103039,7038653,51029,3858655,33195,2908395,18815,271603,46458,1699921,0.211494,56382,2826404,0.351644,66353,4526325,0.563138,8037679
4,2021-04-11,62290,7100943,37976,3896631,13137,2921532,11177,282780,27341,1704680,0.212086,34856,2861260,0.355981,39615,4565940,0.568067,8037679
4,2021-04-12,102427,7203370,62294,3958925,30014,2951546,10119,292899,51783,1717443,0.213674,50367,2911627,0.362247,63130,4629070,0.575921,8037679
4,2021-04-13,129899,7333269,81497,4040422,48240,2999786,162,293061,78050,1744930,0.217094,51593,2963220,0.368666,79080,4708150,0.58576,8037679
4,2021-04-14,135025,7468294,86042,4126464,48906,3048692,77,293138,75155,1761825,0.219196,59573,3022793,0.376078,76468,4784618,0.595274,8037679
4,2021-04-15,155340,7623634,103432,4229896,51847,3100539,61,293199,95902,1799438,0.223875,59119,3081912,0.383433,96732,4881350,0.607308,8037679
4,2021-04-16,142205,7765839,90284,4320180,51844,3152383,77,293276,83097,1824517,0.226996,58856,3140768,0.390756,83935,4965285,0.617751,8037679
4,2021-04-17,99926,7865765,63059,4383239,36844,3189227,23,293299,58583,1843160,0.229315,41107,3181875,0.39587,59750,5025035,0.625185,8037679
4,2021-04-18,54027,7919792,36125,4419364,17899,3207126,3,293302,30706,1851604,0.230366,23212,3205087,0.398758,31656,5056691,0.629123,8037679
4,2021-04-19,100183,8019975,66220,4485584,33947,3241073,16,293318,51312,1854860,0.230771,48659,3253746,0.404812,51915,5108606,0.635582,8037679
4,2021-04-20,127155,8147130,74703,4560287,52438,3293511,14,293332,66748,1862536,0.231726,60148,3313894,0.412295,67824,5176430,0.64402,8037679
4,2021-04-21,127393,8274523,81695,4641982,45647,3339158,51,293383,64385,1865271,0.232066,62714,3376608,0.420097,65449,5241879,0.652163,8037679
4,2021-04-22,137126,8411649,90338,4732320,46767,3385925,21,293404,61420,1852424,0.230468,75393,3452001,0.429477,62546,5304425,0.659945,8037679
4,2021-04-23,130542,8542191,84291,4816611,46228,3432153,23,293427,56675,1836717,0.228513,73557,3525558,0.438629,57850,5362275,0.667142,8037679
4,2021-04-24,97319,8639510,66015,4882626,31254,3463407,50,293477,44793,1830358,0.227722,52261,3577819,0.445131,45902,5408177,0.672853,8037679
4,2021-04-25,49434,8688944,35163,4917789,14246,3477653,25,293502,26144,1833803,0.228151,23164,3600983,0.448013,26609,5434786,0.676164,8037679
4,2021-04-26,89307,8778251,58252,4976041,30662,3508315,393,293895,35236,1816977,0.226057,53807,3654790,0.454707,36981,5471767,0.680765,8037679
4,2021-04-27,111404,8889655,67739,5043780,41365,3549680,2300,296195,40112,1789197,0.222601,71004,3725794,0.463541,43224,5514991,0.686142,8037679
4,2021-04-28,101163,8990818,65659,5109439,33002,3582682,2502,298697,37045,1765522,0.219656,63856,3789650,0.471486,40181,5555172,0.691141,8037679
4,2021-04-29,102487,9093305,64937,5174376,35039,3617721,2511,301208,32993,1732404,0.215535,69197,3858847,0.480095,36079,5591251,0.69563,8037679
4,2021-04-30,101670,9194975,63927,5238303,35074,3652795,2669,303877,34537,1703431,0.211931,66804,3925651,0.488406,37831,5629082,0.700337,8037679
4,2021-05-01,68530,9263505,45667,5283970,21108,3673903,1755,305632,19884,1677255,0.208674,48440,3974091,0.494433,22264,5651346,0.703107,8037679
4,2021-05-02,37373,9300878,26528,5310498,9565,3683468,1280,306912,10500,1662404,0.206826,26774,4000865,0.497764,11923,5663269,0.70459,8037679
4,2021-05-03,77928,9378806,54346,5364844,21126,3704594,2456,309368,19143,1625770,0.202269,58571,4059436,0.505051,21937,5685206,0.707319,8037679
4,2021-05-04,98321,9477127,66723,5431567,28853,3733447,2745,312113,22308,1575414,0.196004,75774,4135210,0.514478,25418,5710624,0.710482,8037679
4,2021-05-05,99097,9576224,69438,5501005,26945,3760392,2714,314827,21574,1522755,0.189452,77230,4212440,0.524087,24571,5735195,0.713539,8037679
4,2021-05-06,109157,9685381,81526,5582531,24708,3785100,2923,317750,19406,1456872,0.181255,89330,4301770,0.535201,23447,5758642,0.716456,8037679
4,2021-05-07,102859,9788240,73802,5656333,26382,3811482,2675,320425,20377,1398170,0.173952,82155,4383925,0.545422,23453,5782095,0.719374,8037679
4,2021-05-08,66076,9854316,45214,5701547,18996,3830478,1866,322291,13153,1360816,0.169305,52723,4436648,0.551981,15369,5797464,0.721286,8037679
4,2021-05-09,33393,9887709,27265,5728812,5188,3835666,940,323231,7834,1344219,0.16724,25464,4462112,0.555149,8867,5806331,0.722389,8037679
4,2021-05-10,62956,9950665,41860,5770672,18822,3854488,2274,325505,11056,1306133,0.162501,51722,4513834,0.561584,13636,5819967,0.724086,8037679
4,2021-05-11,78696,10029361,48088,5818760,28446,3882934,2162,327667,15523,1261310,0.156925,62967,4576801,0.569418,18144,5838111,0.726343,8037679
4,2021-05-12,77287,10106648,51148,5869908,23694,3906628,2445,330112,18029,1223170,0.15218,59007,4635808,0.57676,20867,5858978,0.728939,8037679
4,2021-05-13,101770,10208418,74900,5944808,25353,3931981,1517,331629,40177,1204582,0.149867,61299,4697107,0.584386,42711,5901689,0.734253,8037679
4,2021-05-14,102108,10310526,71943,6016751,28077,3960058,2088,333717,40119,1185594,0.147505,61717,4758824,0.592064,42729,5944418,0.739569,8037679
4,2021-05-15,83841,10394367,64788,6081539,17735,3977793,1318,335035,37018,1177590,0.146509,46623,4805447,0.597865,38619,5983037,0.744374,8037679
4,2021-05-16,49091,10443458,39878,6121417,8527,3986320,686,335721,20138,1169723,0.14553,28827,4834274,0.601451,20960,6003997,0.746981,8037679
4,2021-05-17,69884,10513342,51016,6172433,17030,4003350,1838,337559,28185,1158446,0.144127,41518,4875792,0.606617,30241,6034238,0.750744,8037679
4,2021-05-18,80700,10594042,52466,6224899,26488,4029838,1746,339305,29442,1139084,0.141718,50914,4926706,0.612951,31552,6065790,0.754669,8037679
4,2021-05-19,75774,10669816,51343,6276242,22508,4052346,1923,341228,31579,1128915,0.140453,43951,4970657,0.618419,33782,6099572,0.758872,8037679
4,2021-05-20,67302,10737118,43196,6319438,22123,4074469,1983,343211,25710,1115640,0.138801,41344,5012001,0.623563,28069,6127641,0.762364,8037679
4,2021-05-21,72695,10809813,48101,6367539,22743,4097212,1851,345062,26638,1098607,0.136682,45806,5057807,0.629262,28773,6156414,0.765944,8037679
4,2021-05-22,48822,10858635,34183,6401722,13380,4110592,1259,346321,21183,1093814,0.136086,27496,5085303,0.632683,22703,6179117,0.768769,8037679
4,2021-05-23,22599,10881234,16168,6417890,5712,4116304,719,347040,9459,1091092,0.135747,13035,5098338,0.634305,10313,6189430,0.770052,8037679
4,2021-05-24,41482,10922716,26148,6444038,12359,4128663,2975,350015,14626,1082214,0.134643,26672,5125010,0.637623,17794,6207224,0.772266,8037679
4,2021-05-25,44446,10967162,27694,6471732,13959,4142622,2793,352808,16124,1073250,0.133527,28112,5153122,0.641121,19148,6226372,0.774648,8037679
4,2021-05-26,43746,11010908,26264,6497996,14927,4157549,2555,355363,15851,1064160,0.132396,27714,5180836,0.644569,18624,6244996,0.776965,8037679
4,2021-05-27,38524,11049432,23193,6521189,12202,4169751,3129,358492,14855,1058860,0.131737,23501,5204337,0.647493,18201,6263197,0.77923,8037679
4,2021-05-28,42699,11092131,27307,6548496,13805,4183556,1587,360079,18909,1056022,0.131384,23593,5227930,0.650428,20755,6283952,0.781812,8037679
4,2021-05-29,23331,11115462,15227,6563723,7176,4190732,928,361007,11228,1056327,0.131422,11995,5239925,0.65192,12300,6296252,0.783342,8037679
4,2021-05-30,11893,11127355,8354,6572077,3015,4193747,524,361531,5100,1055297,0.131294,6741,5246666,0.652759,5711,6301963,0.784053,8037679
4,2021-05-31,3563,11130918,2281,6574358,1125,4194872,157,361688,1190,1054326,0.131173,2346,5249012,0.653051,1375,6303338,0.784224,8037679
4,2021-06-01,39101,11170019,24435,6598793,12245,4207117,2421,364109,13860,1045792,0.130111,25066,5274078,0.656169,16532,6319870,0.78628,8037679
4,2021-06-02,32175,11202194,20130,6618923,9266,4216383,2779,366888,11140,1039014,0.129268,20876,5294954,0.658767,14098,6333968,0.788034,8037679
4,2021-06-03,47450,11249644,36413,6655336,8588,4224971,2449,369337,11144,1016794,0.126503,36168,5331122,0.663266,13948,6347916,0.78977,8037679
4,2021-06-04,54124,11303768,43659,6698995,9160,4234131,1305,370642,13638,992309,0.123457,40285,5371407,0.668278,15800,6363716,0.791736,8037679
4,2021-06-05,43781,11347549,37477,6736472,5309,4239440,995,371637,9200,968375,0.120479,34436,5405843,0.672563,10502,6374218,0.793042,8037679
4,2021-06-06,20384,11367933,18135,6754607,1695,4241135,554,372191,4648,958354,0.119233,15641,5421484,0.674509,5620,6379838,0.793741,8037679
4,2021-06-07,37799,11405732,30572,6785179,5332,4246467,1895,374086,8787,940451,0.117005,28893,5450377,0.678103,10990,6390828,0.795109,8037679
4,2021-06-08,39278,11445010,30776,6815955,6000,4252467,2502,376588,9534,923275,0.114868,29579,5479956,0.681783,12403,6403231,0.796652,8037679
4,2021-06-09,27982,11472992,22011,6837966,3932,4256399,2039,378627,5527,908652,0.113049,22345,5502301,0.684563,7722,6410953,0.797612,8037679
4,2021-06-10,26469,11499461,20758,6858724,3442,4259841,2269,380896,6256,897225,0.111627,20119,5522420,0.687067,8692,6419645,0.798694,8037679
4,2021-06-11,18679,11518140,14904,6873628,2392,4262233,1383,382279,4285,888655,0.110561,14328,5536748,0.688849,5758,6425403,0.79941,8037679
