vemquartile,administered_date,total_doses,cumulative_total_doses,pfizer_doses,cumulative_pfizer_doses,moderna_doses,cumulative_moderna_doses,jj_doses,cumulative_jj_doses,partially_vaccinated,total_partially_vaccinated,pct_age12pop_partially_vaccinated,fully_vaccinated,cumulative_fully_vaccinated,pct_age12pop_fully_vaccinated,at_least_one_dose,cumulative_at_least_one_dose,pct_age12pop_at_least_one_dose,age12_population
1,2020-12-15,154,154,154,154,0,0,0,0,154,154,1.8e-05,0,0,0.0,154,154,1.8e-05,8700223
1,2020-12-16,1226,1380,1226,1380,0,0,0,0,1226,1380,0.000159,0,0,0.0,1226,1380,0.000159,8700223
1,2020-12-17,4181,5561,4181,5561,0,0,0,0,4182,5562,0.000639,0,0,0.0,4182,5562,0.000639,8700223
1,2020-12-18,6377,11938,6354,11915,23,23,0,0,6379,11940,0.001372,1,1,0.0,6379,11941,0.001372,8700223
1,2020-12-19,2877,14815,2874,14789,3,26,0,0,2876,14815,0.001703,1,2,0.0,2876,14817,0.001703,8700223
1,2020-12-20,2127,16942,2118,16907,9,35,0,0,2128,16943,0.001947,0,2,0.0,2128,16945,0.001948,8700223
1,2020-12-21,7648,24590,7627,24534,21,56,0,0,7697,24640,0.002832,1,3,0.0,7698,24643,0.002832,8700223
1,2020-12-22,7312,31902,6970,31504,342,398,0,0,7313,31951,0.003672,2,5,1e-06,7313,31956,0.003673,8700223
1,2020-12-23,7835,39737,6578,38082,1257,1655,0,0,7830,39780,0.004572,2,7,1e-06,7831,39787,0.004573,8700223
1,2020-12-24,3301,43038,2361,40443,940,2595,0,0,3303,43083,0.004952,0,7,1e-06,3303,43090,0.004953,8700223
1,2020-12-25,239,43277,155,40598,84,2679,0,0,239,43322,0.004979,0,7,1e-06,239,43329,0.00498,8700223
1,2020-12-26,1363,44640,972,41570,391,3070,0,0,1362,44683,0.005136,1,8,1e-06,1362,44691,0.005137,8700223
1,2020-12-27,872,45512,539,42109,333,3403,0,0,872,45554,0.005236,1,9,1e-06,872,45563,0.005237,8700223
1,2020-12-28,7094,52606,4753,46862,2341,5744,0,0,7092,52646,0.006051,0,9,1e-06,7092,52655,0.006052,8700223
1,2020-12-29,8905,61511,4979,51841,3926,9670,0,0,8902,61546,0.007074,2,11,1e-06,8902,61557,0.007075,8700223
1,2020-12-30,11568,73079,6439,58280,5129,14799,0,0,11568,73114,0.008404,0,11,1e-06,11568,73125,0.008405,8700223
1,2020-12-31,5979,79058,1953,60233,4026,18825,0,0,5977,79088,0.00909,4,15,2e-06,5978,79103,0.009092,8700223
1,2021-01-01,586,79644,222,60455,364,19189,0,0,584,79670,0.009157,2,17,2e-06,584,79687,0.009159,8700223
1,2021-01-02,2916,82560,1766,62221,1150,20339,0,0,2916,82586,0.009492,0,17,2e-06,2916,82603,0.009494,8700223
1,2021-01-03,1039,83599,550,62771,489,20828,0,0,1037,83620,0.009611,3,20,2e-06,1037,83640,0.009614,8700223
1,2021-01-04,7381,90980,3586,66357,3795,24623,0,0,7385,91004,0.01046,1,21,2e-06,7385,91025,0.010462,8700223
1,2021-01-05,10870,101850,5249,71606,5621,30244,0,0,10074,100322,0.011531,778,799,9.2e-05,10096,101121,0.011623,8700223
1,2021-01-06,14077,115927,7065,78671,7012,37256,0,0,12153,110600,0.012712,1888,2687,0.000309,12166,113287,0.013021,8700223
1,2021-01-07,17539,133466,9169,87840,8370,45626,0,0,13021,119206,0.013701,4425,7112,0.000817,13031,126318,0.014519,8700223
1,2021-01-08,20202,153668,10495,98335,9707,55333,0,0,14255,127540,0.014659,5930,13042,0.001499,14264,140582,0.016158,8700223
1,2021-01-09,6694,160362,3398,101733,3296,58629,0,0,4839,130530,0.015003,1852,14894,0.001712,4842,145424,0.016715,8700223
1,2021-01-10,3096,163458,1766,103499,1330,59959,0,0,1908,131255,0.015086,1184,16078,0.001848,1909,147333,0.016934,8700223
1,2021-01-11,18072,181530,11843,115342,6229,66188,0,0,11529,136294,0.015666,6533,22611,0.002599,11572,158905,0.018264,8700223
1,2021-01-12,19129,200659,10957,126299,8172,74360,0,0,13139,143511,0.016495,5963,28574,0.003284,13180,172085,0.019779,8700223
1,2021-01-13,19853,220512,10745,137044,9108,83468,0,0,14692,153081,0.017595,5140,33714,0.003875,14710,186795,0.02147,8700223
1,2021-01-14,22032,242544,9454,146498,12578,96046,0,0,19279,169720,0.019508,2699,36413,0.004185,19338,206133,0.023693,8700223
1,2021-01-15,25194,267738,9246,155744,15948,111994,0,0,23248,191121,0.021967,1908,38321,0.004405,23309,229442,0.026372,8700223
1,2021-01-16,13887,281625,4541,160285,9346,121340,0,0,13010,203260,0.023363,874,39195,0.004505,13013,242455,0.027868,8700223
1,2021-01-17,5221,286846,2038,162323,3183,124523,0,0,4852,207747,0.023878,368,39563,0.004547,4855,247310,0.028426,8700223
1,2021-01-18,14338,301184,8606,170929,5732,130255,0,0,11156,215789,0.024803,3169,42732,0.004912,11211,258521,0.029714,8700223
1,2021-01-19,24691,325875,12767,183696,11924,142179,0,0,19534,230240,0.026464,5137,47869,0.005502,19588,278109,0.031966,8700223
1,2021-01-20,29447,355322,14724,198420,14723,156902,0,0,23527,247963,0.028501,5843,53712,0.006174,23566,301675,0.034674,8700223
1,2021-01-21,31225,386547,14658,213078,16567,173469,0,0,27951,272800,0.031356,3209,56921,0.006542,28046,329721,0.037898,8700223
1,2021-01-22,28397,414944,11285,224363,17112,190581,0,0,26328,297158,0.034155,2003,58924,0.006773,26361,356082,0.040928,8700223
1,2021-01-23,18733,433677,8197,232560,10536,201117,0,0,16772,312009,0.035862,1931,60855,0.006995,16782,372864,0.042857,8700223
1,2021-01-24,6686,440363,4159,236719,2527,203644,0,0,6027,317388,0.03648,654,61509,0.00707,6033,378897,0.04355,8700223
1,2021-01-25,25446,465809,10491,247210,14955,218599,0,0,19653,331402,0.038091,5746,67255,0.00773,19760,398657,0.045821,8700223
1,2021-01-26,28827,494636,13484,260694,15343,233942,0,0,22133,346924,0.039875,6632,73887,0.008493,22154,420811,0.048368,8700223
1,2021-01-27,32679,527315,15560,276254,17119,251061,0,0,24555,363456,0.041775,8057,81944,0.009419,24589,445400,0.051194,8700223
1,2021-01-28,35009,562324,16420,292674,18589,269650,0,0,28041,384665,0.044213,6899,88843,0.010212,28108,473508,0.054425,8700223
1,2021-01-29,33700,596024,16458,309132,17242,286892,0,0,27108,405366,0.046593,6447,95290,0.010953,27148,500656,0.057545,8700223
1,2021-01-30,20170,616194,8708,317840,11462,298354,0,0,18033,421303,0.048424,2107,97397,0.011195,18044,518700,0.059619,8700223
1,2021-01-31,7697,623891,5013,322853,2684,301038,0,0,6984,427581,0.049146,709,98106,0.011276,6987,525687,0.060422,8700223
1,2021-02-01,29028,652919,12540,335393,16488,317526,0,0,21187,440982,0.050686,7791,105897,0.012172,21192,546879,0.062858,8700223
1,2021-02-02,32763,685682,11831,347224,20932,338458,0,0,24494,457326,0.052565,8187,114084,0.013113,24531,571410,0.065678,8700223
1,2021-02-03,39687,725369,15268,362492,24419,362877,0,0,28573,474991,0.054595,10946,125030,0.014371,28611,600021,0.068966,8700223
1,2021-02-04,44063,769432,17151,379643,26912,389789,0,0,31762,494625,0.056852,12177,137207,0.015771,31811,631832,0.072623,8700223
1,2021-02-05,46803,816235,17167,396810,29636,419425,0,0,30666,509358,0.058545,15986,153193,0.017608,30719,662551,0.076153,8700223
1,2021-02-06,26549,842784,10488,407298,16061,435486,0,0,20630,524133,0.060244,5871,159064,0.018283,20646,683197,0.078526,8700223
1,2021-02-07,6270,849054,4033,411331,2237,437723,0,0,4623,527147,0.06059,1627,160691,0.01847,4641,687838,0.07906,8700223
1,2021-02-08,31626,880680,14438,425769,17188,454911,0,0,21069,537852,0.06182,10461,171152,0.019672,21166,709004,0.081493,8700223
1,2021-02-09,38588,919268,16978,442747,21610,476521,0,0,23790,547007,0.062873,14715,185867,0.021363,23870,732874,0.084236,8700223
1,2021-02-10,47353,966621,22259,465006,25094,501615,0,0,26957,553772,0.06365,20271,206138,0.023693,27036,759910,0.087344,8700223
1,2021-02-11,51845,1018466,25436,490442,26409,528024,0,0,30955,564259,0.064856,20573,226711,0.026058,31060,790970,0.090914,8700223
1,2021-02-12,50044,1068510,21527,511969,28517,556541,0,0,28705,571922,0.065736,21182,247893,0.028493,28845,819815,0.094229,8700223
1,2021-02-13,26384,1094894,11534,523503,14850,571391,0,0,15263,576211,0.066229,11050,258943,0.029763,15339,835154,0.095992,8700223
1,2021-02-14,11787,1106681,5561,529064,6226,577617,0,0,6708,577936,0.066428,5048,263991,0.030343,6773,841927,0.096771,8700223
1,2021-02-15,23913,1130594,9389,538453,14524,592141,0,0,14551,583365,0.067052,9238,273229,0.031405,14667,856594,0.098457,8700223
1,2021-02-16,47170,1177764,22516,560969,24654,616795,0,0,27529,591451,0.067981,19557,292786,0.033653,27643,884237,0.101634,8700223
1,2021-02-17,48517,1226281,24575,585544,23942,640737,0,0,26118,595473,0.068443,22244,315030,0.036209,26266,910503,0.104653,8700223
1,2021-02-18,51175,1277456,25600,611144,25575,666312,0,0,26504,597783,0.068709,24427,339457,0.039017,26737,937240,0.107726,8700223
1,2021-02-19,46625,1324081,25292,636436,21333,687645,0,0,26095,603568,0.069374,20373,359830,0.041359,26158,963398,0.110733,8700223
1,2021-02-20,27654,1351735,16852,653288,10802,698447,0,0,15776,607607,0.069838,11815,371645,0.042717,15854,979252,0.112555,8700223
1,2021-02-21,12355,1364090,10638,663926,1717,700164,0,0,7423,610207,0.070137,4872,376517,0.043277,7472,986724,0.113414,8700223
1,2021-02-22,31589,1395679,20805,684731,10784,710948,0,0,18171,615157,0.070706,13322,389839,0.044808,18272,1004996,0.115514,8700223
1,2021-02-23,45692,1441371,22138,706869,23554,734502,0,0,25077,620272,0.071294,20324,410163,0.047144,25439,1030435,0.118438,8700223
1,2021-02-24,55772,1497143,26937,733806,28835,763337,0,0,30675,626510,0.072011,24890,435053,0.050005,31128,1061563,0.122016,8700223
1,2021-02-25,68413,1565556,33230,767036,35183,798520,0,0,42284,643336,0.073945,25959,461012,0.052989,42785,1104348,0.126933,8700223
1,2021-02-26,76429,1641985,35818,802854,40611,839131,0,0,49914,667455,0.076717,26272,487284,0.056008,50391,1154739,0.132725,8700223
1,2021-02-27,52614,1694599,24161,827015,28444,867575,9,9,34496,684253,0.078648,17973,505257,0.058074,34771,1189510,0.136722,8700223
1,2021-02-28,20159,1714758,11965,838980,8192,875767,2,11,14766,693856,0.079752,5305,510562,0.058684,14908,1204418,0.138435,8700223
1,2021-03-01,45786,1760544,21202,860182,24536,900303,48,59,29389,707315,0.081298,16216,526778,0.060548,29675,1234093,0.141846,8700223
1,2021-03-02,63955,1824499,27686,887868,36260,936563,9,68,40684,725539,0.083393,23089,549867,0.063201,41313,1275406,0.146595,8700223
1,2021-03-03,70448,1894947,33744,921612,36678,973241,26,94,43105,742083,0.085295,27180,577047,0.066326,43724,1319130,0.15162,8700223
1,2021-03-04,78677,1973624,37170,958782,41471,1014712,36,130,50755,765652,0.088004,27732,604779,0.069513,51301,1370431,0.157517,8700223
1,2021-03-05,78044,2051668,35367,994149,42470,1057182,207,337,52284,793254,0.091176,25514,630293,0.072446,53116,1423547,0.163622,8700223
1,2021-03-06,57500,2109168,27496,1021645,28653,1085835,1351,1688,39112,815770,0.093764,18308,648601,0.07455,40824,1464371,0.168314,8700223
1,2021-03-07,20937,2130105,13029,1034674,6719,1092554,1189,2877,15499,827300,0.09509,5411,654012,0.075172,16941,1481312,0.170261,8700223
1,2021-03-08,45989,2176094,22481,1057155,21550,1114104,1958,4835,32218,848146,0.097486,13666,667678,0.076743,34512,1515824,0.174228,8700223
1,2021-03-09,66676,2242770,32248,1089403,31922,1146026,2506,7341,41006,866478,0.099593,25516,693194,0.079675,43848,1559672,0.179268,8700223
1,2021-03-10,73674,2316444,36692,1126095,32489,1178515,4493,11834,45330,888431,0.102116,28235,721429,0.082921,50188,1609860,0.185037,8700223
1,2021-03-11,90128,2406572,41410,1167505,40706,1219221,8012,19846,52466,911926,0.104816,37430,758859,0.087223,60925,1670785,0.192039,8700223
1,2021-03-12,98893,2505465,43581,1211086,42900,1262121,12412,32258,57780,941663,0.108234,40903,799762,0.091924,70640,1741425,0.200159,8700223
1,2021-03-13,65301,2570766,29535,1240621,28093,1290214,7673,39931,41661,967805,0.111239,23506,823268,0.094626,49648,1791073,0.205865,8700223
1,2021-03-14,27898,2598664,14920,1255541,9406,1299620,3572,43503,15624,974986,0.112064,12203,835471,0.096029,19384,1810457,0.208093,8700223
1,2021-03-15,65253,2663917,28775,1284316,29728,1329348,6750,50253,38361,993780,0.114225,26670,862141,0.099094,45464,1855921,0.213319,8700223
1,2021-03-16,85814,2749731,39122,1323438,41051,1370399,5641,55894,53196,1020585,0.117306,32391,894532,0.102817,59196,1915117,0.220123,8700223
1,2021-03-17,93056,2842787,45371,1368809,41145,1411544,6540,62434,59809,1054282,0.121179,33008,927540,0.106611,66705,1981822,0.22779,8700223
1,2021-03-18,98841,2941628,50955,1419764,42164,1453708,5722,68156,59765,1081536,0.124311,38718,966258,0.111061,65972,2047794,0.235373,8700223
1,2021-03-19,103704,3045332,53710,1473474,43692,1497400,6302,74458,60615,1106174,0.127143,42792,1009050,0.11598,67430,2115224,0.243123,8700223
1,2021-03-20,72507,3117839,37287,1510761,30004,1527404,5216,79674,46511,1132374,0.130155,25808,1034858,0.118946,52008,2167232,0.249101,8700223
1,2021-03-21,27250,3145089,19026,1529787,6416,1533820,1808,81482,16970,1141057,0.131153,10186,1045044,0.120117,18869,2186101,0.25127,8700223
1,2021-03-22,59253,3204342,30620,1560407,25328,1559148,3305,84787,39898,1165507,0.133963,19126,1064170,0.122315,43576,2229677,0.256278,8700223
1,2021-03-23,83381,3287723,42431,1602838,37313,1596461,3637,88424,51320,1189110,0.136676,31811,1095981,0.125972,55414,2285091,0.262647,8700223
1,2021-03-24,88293,3376016,44654,1647492,39272,1635733,4367,92791,52788,1211220,0.139217,35211,1131192,0.130019,57321,2342412,0.269236,8700223
1,2021-03-25,97127,3473143,49642,1697134,41652,1677385,5833,98624,53956,1228375,0.141189,42837,1174029,0.134942,59992,2402404,0.276131,8700223
1,2021-03-26,104862,3578005,51125,1748259,47416,1724801,6321,104945,56161,1242824,0.14285,48327,1222356,0.140497,62776,2465180,0.283347,8700223
1,2021-03-27,74242,3652247,38367,1786626,31657,1756458,4218,109163,38134,1249499,0.143617,35875,1258231,0.144621,42550,2507730,0.288237,8700223
1,2021-03-28,32807,3685054,21487,1808113,10101,1766559,1219,110382,16449,1251369,0.143832,16246,1274477,0.146488,18116,2525846,0.29032,8700223
1,2021-03-29,67376,3752430,33479,1841592,30727,1797286,3170,113552,37057,1261697,0.145019,30102,1304579,0.149948,40430,2566276,0.294967,8700223
1,2021-03-30,92278,3844708,45455,1887047,40430,1837716,6393,119945,47376,1270866,0.146073,44681,1349260,0.155083,53850,2620126,0.301156,8700223
1,2021-03-31,101076,3945784,52785,1939832,42082,1879798,6209,126154,55431,1287247,0.147956,45322,1394582,0.160293,61703,2681829,0.308248,8700223
1,2021-04-01,112075,4057859,53650,1993482,49630,1929428,8795,134949,57082,1298616,0.149262,54549,1449131,0.166563,65918,2747747,0.315825,8700223
1,2021-04-02,111462,4169321,51021,2044503,50734,1980162,9707,144656,56468,1310430,0.15062,54563,1503694,0.172834,66377,2814124,0.323454,8700223
1,2021-04-03,78114,4247435,39340,2083843,29135,2009297,9639,154295,36546,1315287,0.151179,41382,1545076,0.17759,46239,2860363,0.328769,8700223
1,2021-04-04,23788,4271223,11834,2095677,8483,2017780,3471,157766,9953,1314930,0.151138,13767,1558843,0.179173,13410,2873773,0.33031,8700223
1,2021-04-05,76445,4347668,36711,2132388,30407,2048187,9327,167093,34281,1316736,0.151345,41955,1600798,0.183995,43761,2917534,0.33534,8700223
1,2021-04-06,103796,4451464,49312,2181700,37873,2086060,16611,183704,46835,1323548,0.152128,56659,1657457,0.190507,63471,2981005,0.342635,8700223
1,2021-04-07,112057,4563521,54466,2236166,40008,2126068,17583,201287,50467,1330340,0.152909,61275,1718732,0.19755,68067,3049072,0.350459,8700223
1,2021-04-08,122538,4686059,58075,2294241,43452,2169520,21011,222298,54132,1337561,0.153739,67972,1786704,0.205363,75193,3124265,0.359102,8700223
1,2021-04-09,123798,4809857,56552,2350793,46395,2215915,20851,243149,54298,1343610,0.154434,69138,1855842,0.21331,75187,3199452,0.367744,8700223
1,2021-04-10,95874,4905731,42626,2393419,30517,2246432,22731,265880,37457,1345560,0.154658,58199,1914041,0.219999,60149,3259601,0.374657,8700223
1,2021-04-11,36684,4942415,20399,2413818,9431,2255863,6854,272734,14856,1345605,0.154663,21764,1935805,0.222501,21809,3281410,0.377164,8700223
1,2021-04-12,74521,5016936,33307,2447125,31203,2287066,10011,282745,31570,1344674,0.154556,42656,1978461,0.227403,41725,3323135,0.38196,8700223
1,2021-04-13,97435,5114371,52179,2499304,44916,2331982,340,283085,52488,1353203,0.155537,44645,2023106,0.232535,53174,3376309,0.388072,8700223
1,2021-04-14,105088,5219459,54470,2553774,50544,2382526,74,283159,53395,1355731,0.155827,51312,2074418,0.238433,53840,3430149,0.39426,8700223
1,2021-04-15,105920,5325379,57499,2611273,48331,2430857,90,283249,56276,1363222,0.156688,49050,2123468,0.244071,56541,3486690,0.400759,8700223
1,2021-04-16,110807,5436186,56805,2668078,53914,2484771,88,283337,55338,1363904,0.156767,54928,2178396,0.250384,55610,3542300,0.40715,8700223
1,2021-04-17,83470,5519656,45328,2713406,38131,2522902,11,283348,46645,1374139,0.157943,36584,2214980,0.254589,46819,3589119,0.412532,8700223
1,2021-04-18,30275,5549931,20448,2733854,9820,2532722,7,283355,15232,1374627,0.157999,14953,2229933,0.256308,15441,3604560,0.414307,8700223
1,2021-04-19,67176,5617107,34008,2767862,33156,2565878,12,283367,30380,1368714,0.157319,36433,2266366,0.260495,30520,3635080,0.417815,8700223
1,2021-04-20,88619,5705726,44638,2812500,43958,2609836,23,283390,41526,1363735,0.156747,46731,2313097,0.265866,41752,3676832,0.422614,8700223
1,2021-04-21,97827,5803553,51038,2863538,46688,2656524,101,283491,43736,1354290,0.155662,53517,2366614,0.272018,44072,3720904,0.427679,8700223
1,2021-04-22,97566,5901119,50982,2914520,46567,2703091,17,283508,44707,1346891,0.154811,52341,2418955,0.278034,44942,3765846,0.432845,8700223
1,2021-04-23,102504,6003623,52966,2967486,49511,2752602,27,283535,48970,1343107,0.154376,53008,2471963,0.284126,49224,3815070,0.438503,8700223
1,2021-04-24,76374,6079997,47364,3014850,28983,2781585,27,283562,43163,1353495,0.15557,33058,2505021,0.287926,43446,3858516,0.443496,8700223
1,2021-04-25,27329,6107326,17424,3032274,9891,2791476,14,283576,15625,1357687,0.156052,11587,2516608,0.289258,15779,3874295,0.44531,8700223
1,2021-04-26,66411,6173737,34833,3067107,31177,2822653,401,283977,31739,1355809,0.155836,34357,2550965,0.293207,32479,3906774,0.449043,8700223
1,2021-04-27,81711,6255448,43455,3110562,36952,2859605,1304,285281,35669,1347382,0.154868,45741,2596706,0.298464,37314,3944088,0.453332,8700223
1,2021-04-28,81471,6336919,43346,3153908,36626,2896231,1499,286780,35923,1339846,0.154001,45189,2641895,0.303658,37653,3981741,0.45766,8700223
1,2021-04-29,84869,6421788,46697,3200605,36548,2932779,1624,288404,34970,1327079,0.152534,49524,2691419,0.309351,36757,4018498,0.461884,8700223
1,2021-04-30,92476,6514264,50134,3250739,40465,2973244,1877,290281,38962,1314923,0.151137,53162,2744581,0.315461,41006,4059504,0.466598,8700223
1,2021-05-01,63100,6577364,40768,3291507,20909,2994153,1423,291704,26609,1306939,0.150219,36232,2780813,0.319625,28248,4087752,0.469845,8700223
1,2021-05-02,23408,6600772,16566,3308073,6264,3000417,578,292282,9462,1303169,0.149786,13837,2794650,0.321216,10067,4097819,0.471002,8700223
1,2021-05-03,56217,6656989,31168,3339241,23210,3023627,1839,294121,20746,1290594,0.14834,35215,2829865,0.325264,22640,4120459,0.473604,8700223
1,2021-05-04,75652,6732641,43556,3382797,30006,3053633,2090,296211,27477,1272382,0.146247,47863,2877728,0.330765,29651,4150110,0.477012,8700223
1,2021-05-05,78084,6810725,45255,3428052,30536,3084169,2293,298504,26619,1250264,0.143705,51111,2928839,0.33664,28993,4179103,0.480344,8700223
1,2021-05-06,79674,6890399,48423,3476475,29078,3113247,2173,300677,24907,1223128,0.140586,54370,2983209,0.342889,27234,4206337,0.483475,8700223
1,2021-05-07,83163,6973562,47333,3523808,33634,3146881,2196,302873,27939,1198562,0.137762,54765,3037974,0.349183,30199,4236536,0.486946,8700223
1,2021-05-08,56922,7030484,35703,3559511,19587,3166468,1632,304505,19469,1182638,0.135932,37117,3075091,0.35345,21193,4257729,0.489382,8700223
1,2021-05-09,18241,7048725,13073,3572584,4689,3171157,479,304984,5567,1176122,0.135183,12596,3087687,0.354897,6080,4263809,0.49008,8700223
1,2021-05-10,44156,7092881,22313,3594897,20029,3191186,1814,306798,14910,1163977,0.133787,28961,3116648,0.358226,16816,4280625,0.492013,8700223
1,2021-05-11,62312,7155193,33822,3628719,26337,3217523,2153,308951,20607,1145443,0.131657,41412,3158060,0.362986,22878,4303503,0.494643,8700223
1,2021-05-12,62570,7217763,33257,3661976,27257,3244780,2056,311007,20570,1126463,0.129475,41674,3199734,0.367776,22694,4326197,0.497251,8700223
1,2021-05-13,66475,7284238,38955,3700931,25531,3270311,1989,312996,25305,1113252,0.127957,40779,3240513,0.372463,27568,4353765,0.50042,8700223
1,2021-05-14,76071,7360309,45886,3746817,27799,3298110,2386,315382,30751,1101752,0.126635,44913,3285426,0.377625,33413,4387178,0.50426,8700223
1,2021-05-15,66148,7426457,43372,3790189,21024,3319134,1752,317134,26310,1090346,0.125324,39534,3324960,0.38217,28128,4415306,0.507493,8700223
1,2021-05-16,24937,7451394,18367,3808556,5950,3325084,620,317754,10178,1086545,0.124887,14646,3339606,0.383853,10845,4426151,0.50874,8700223
1,2021-05-17,54007,7505401,33020,3841576,19223,3344307,1764,319518,22898,1080417,0.124183,30847,3370453,0.387398,24719,4450870,0.511581,8700223
1,2021-05-18,64855,7570256,39071,3880647,23953,3368260,1831,321349,28126,1074011,0.123446,36448,3406901,0.391588,30042,4480912,0.515034,8700223
1,2021-05-19,66217,7636473,40322,3920969,23971,3392231,1924,323273,29570,1069229,0.122897,36358,3443259,0.395767,31576,4512488,0.518663,8700223
1,2021-05-20,64428,7700901,37344,3958313,24877,3417108,2207,325480,26487,1060533,0.121897,37594,3480853,0.400088,28898,4541386,0.521985,8700223
1,2021-05-21,69831,7770732,41764,4000077,26227,3443335,1840,327320,28817,1050678,0.120764,40608,3521461,0.404755,30753,4572139,0.52552,8700223
1,2021-05-22,55887,7826619,36709,4036786,17454,3460789,1724,329044,24306,1045492,0.120168,31312,3552773,0.408354,26126,4598265,0.528523,8700223
1,2021-05-23,20479,7847098,14312,4051098,5581,3466370,586,329630,9488,1044702,0.120078,10887,3563660,0.409606,10097,4608362,0.529683,8700223
1,2021-05-24,43712,7890810,24365,4075463,17512,3483882,1835,331465,17684,1038523,0.119367,25779,3589439,0.412569,19600,4627962,0.531936,8700223
1,2021-05-25,50805,7941615,29233,4104696,19880,3503762,1692,333157,21077,1031949,0.118612,29443,3618882,0.415953,22869,4650831,0.534565,8700223
1,2021-05-26,48439,7990054,27460,4132156,19089,3522851,1890,335047,20514,1026776,0.118017,27624,3646506,0.419128,22451,4673282,0.537145,8700223
1,2021-05-27,46971,8037025,26350,4158506,18709,3541560,1912,336959,20139,1022399,0.117514,26544,3673050,0.422179,22167,4695449,0.539693,8700223
1,2021-05-28,52342,8089367,29160,4187666,21359,3562919,1823,338782,23420,1019175,0.117144,28593,3701643,0.425465,25369,4720818,0.542609,8700223
1,2021-05-29,30664,8120031,18576,4206242,11127,3574046,961,339743,14635,1018955,0.117118,15870,3717513,0.427289,15650,4736468,0.544408,8700223
1,2021-05-30,11671,8131702,7526,4213768,3590,3577636,555,340298,5527,1018988,0.117122,6073,3723586,0.427987,6106,4742574,0.545109,8700223
1,2021-05-31,5728,8137430,3257,4217025,2217,3579853,254,340552,1992,1017570,0.116959,3678,3727264,0.42841,2260,4744834,0.545369,8700223
1,2021-06-01,45851,8183281,25920,4242945,18363,3598216,1568,342120,17373,1008440,0.11591,28145,3755409,0.431645,19015,4763849,0.547555,8700223
1,2021-06-02,39976,8223257,23178,4266123,15284,3613500,1514,343634,16132,1002608,0.115239,23547,3778956,0.434352,17715,4781564,0.549591,8700223
1,2021-06-03,41356,8264613,25902,4292025,13770,3627270,1684,345318,15818,994952,0.114359,25232,3804188,0.437252,17576,4799140,0.551611,8700223
1,2021-06-04,50192,8314805,32093,4324118,16291,3643561,1808,347126,17976,982959,0.112981,31856,3836044,0.440913,19863,4819003,0.553894,8700223
1,2021-06-05,40344,8355149,27512,4351630,10834,3654395,1998,349124,14225,973334,0.111875,25901,3861945,0.44389,16276,4835279,0.555765,8700223
1,2021-06-06,13201,8368350,10561,4362191,2127,3656522,513,349637,4590,969970,0.111488,8527,3870472,0.44487,5163,4840442,0.556358,8700223
1,2021-06-07,33991,8402341,23421,4385612,9223,3665745,1347,350984,12104,961802,0.110549,21671,3892143,0.447361,13503,4853945,0.55791,8700223
1,2021-06-08,42247,8444588,29235,4414847,11361,3677106,1651,352635,14741,951055,0.109314,27230,3919373,0.450491,16483,4870428,0.559805,8700223
1,2021-06-09,42190,8486778,29265,4444112,11276,3688382,1649,354284,13772,938424,0.107862,28110,3947483,0.453722,15479,4885907,0.561584,8700223
1,2021-06-10,39116,8525894,26331,4470443,11085,3699467,1700,355984,13372,928106,0.106676,25494,3972977,0.456652,15176,4901083,0.563328,8700223
1,2021-06-11,43999,8569893,29187,4499630,13129,3712596,1683,357667,15698,917569,0.105465,27995,4000972,0.45987,17458,4918541,0.565335,8700223
1,2021-06-12,33732,8603625,24401,4524031,8132,3720728,1199,358866,11113,907549,0.104313,22400,4023372,0.462445,12380,4930921,0.566758,8700223
1,2021-06-13,11625,8615250,8443,4532474,2702,3723430,480,359346,3386,903279,0.103823,8169,4031541,0.463384,3899,4934820,0.567206,8700223
1,2021-06-14,30928,8646178,20826,4553300,8796,3732226,1306,360652,11592,897068,0.103109,19139,4050680,0.465583,12928,4947748,0.568692,8700223
1,2021-06-15,37240,8683418,24421,4577721,10966,3743192,1853,362505,13817,889676,0.102259,23155,4073835,0.468245,15763,4963511,0.570504,8700223
1,2021-06-16,35436,8718854,23921,4601642,9684,3752876,1831,364336,13285,882966,0.101488,21885,4095720,0.47076,15175,4978686,0.572248,8700223
1,2021-06-17,33576,8752430,22197,4623839,9435,3762311,1944,366280,13118,877904,0.100906,20220,4115940,0.473084,15158,4993844,0.57399,8700223
1,2021-06-18,39635,8792065,25740,4649579,11037,3773348,2858,369138,15432,872330,0.100265,23922,4139862,0.475834,18348,5012192,0.576099,8700223
1,2021-06-19,23991,8816056,16660,4666239,6131,3779479,1200,370338,9791,869321,0.099919,14030,4153892,0.477447,11021,5023213,0.577366,8700223
1,2021-06-20,8151,8824207,5968,4672207,1907,3781386,276,370614,3240,868002,0.099768,4846,4158738,0.478004,3527,5026740,0.577771,8700223
1,2021-06-21,20949,8845156,11858,4684065,6907,3788293,2184,372798,10924,871251,0.100141,9910,4168648,0.479143,13159,5039899,0.579284,8700223
1,2021-06-22,30793,8875949,20100,4704165,8554,3796847,2139,374937,12913,868698,0.099848,17669,4186317,0.481174,15116,5055015,0.581021,8700223
1,2021-06-23,29367,8905316,19709,4723874,7841,3804688,1817,376754,12831,867042,0.099657,16323,4202640,0.48305,14667,5069682,0.582707,8700223
1,2021-06-24,28365,8933681,18908,4742782,7795,3812483,1662,378416,12041,864695,0.099388,16119,4218759,0.484902,13772,5083454,0.58429,8700223
1,2021-06-25,31677,8965358,21470,4764252,8811,3821294,1396,379812,13938,862583,0.099145,17498,4236257,0.486914,15386,5098840,0.586059,8700223
1,2021-06-26,22209,8987567,16473,4780725,4910,3826204,826,380638,9700,860770,0.098937,12389,4248646,0.488338,10576,5109416,0.587274,8700223
1,2021-06-27,9148,8996715,6800,4787525,1916,3828120,432,381070,4059,860252,0.098877,5024,4253670,0.488915,4506,5113922,0.587792,8700223
1,2021-06-28,21094,9017809,15660,4803185,4185,3832305,1249,382319,9784,860214,0.098873,11121,4264791,0.490193,11083,5125005,0.589066,8700223
1,2021-06-29,26550,9044359,18159,4821344,7020,3839325,1371,383690,11692,858658,0.098694,14679,4279470,0.49188,13123,5138128,0.590574,8700223
1,2021-06-30,25851,9070210,17875,4839219,6928,3846253,1048,384738,12293,858731,0.098702,13343,4292813,0.493414,13416,5151544,0.592116,8700223
1,2021-07-01,23601,9093811,16428,4855647,5909,3852162,1264,386002,10929,858480,0.098673,12525,4305338,0.494854,12274,5163818,0.593527,8700223
1,2021-07-02,26319,9120130,18076,4873723,7206,3859368,1037,387039,12300,858071,0.098626,13829,4319167,0.496443,13420,5177238,0.59507,8700223
1,2021-07-03,14577,9134707,10193,4883916,3944,3863312,440,387479,6917,857932,0.09861,7529,4326696,0.497309,7390,5184628,0.595919,8700223
1,2021-07-04,1262,9135969,707,4884623,490,3863802,65,387544,606,857963,0.098614,647,4327343,0.497383,678,5185306,0.595997,8700223
1,2021-07-05,11006,9146975,7581,4892204,3061,3866863,364,387908,5221,857877,0.098604,5716,4333059,0.49804,5630,5190936,0.596644,8700223
1,2021-07-06,27062,9174037,19122,4911326,6809,3873672,1131,389039,10800,853831,0.098139,16078,4349137,0.499888,12032,5202968,0.598027,8700223
1,2021-07-07,23569,9197606,16525,4927851,5918,3879590,1126,390165,10138,851938,0.097921,13244,4362381,0.50141,11351,5214319,0.599332,8700223
1,2021-07-08,22642,9220248,15618,4943469,5942,3885532,1082,391247,9774,850153,0.097716,12732,4375113,0.502874,10947,5225266,0.60059,8700223
1,2021-07-09,26737,9246985,18921,4962390,6663,3892195,1153,392400,12052,848912,0.097574,14509,4389622,0.504541,13268,5238534,0.602115,8700223
1,2021-07-10,17659,9264644,12747,4975137,4155,3896350,757,393157,7856,847897,0.097457,9677,4399299,0.505654,8662,5247196,0.603111,8700223
1,2021-07-11,6740,9271384,4922,4980059,1617,3897967,201,393358,3249,847926,0.09746,3439,4402738,0.506049,3468,5250664,0.603509,8700223
1,2021-07-12,20052,9291436,14386,4994445,4789,3902756,877,394235,8885,846754,0.097326,11028,4413766,0.507316,9856,5260520,0.604642,8700223
1,2021-07-13,22064,9313500,15408,5009853,5864,3908620,792,395027,10315,846340,0.097278,11608,4425374,0.508651,11194,5271714,0.605929,8700223
1,2021-07-14,22048,9335548,15124,5024977,5952,3914572,972,395999,9908,845356,0.097165,11979,4437353,0.510028,10995,5282709,0.607192,8700223
1,2021-07-15,21461,9357009,15277,5040254,5465,3920037,719,396718,10312,845484,0.09718,11007,4448360,0.511293,11135,5293844,0.608472,8700223
1,2021-07-16,26450,9383459,18516,5058770,6952,3926989,982,397700,13044,846356,0.09728,13242,4461602,0.512815,14114,5307958,0.610094,8700223
1,2021-07-17,18066,9401525,12957,5071727,4412,3931401,697,398397,8845,846831,0.097334,9101,4470703,0.513861,9576,5317534,0.611195,8700223
1,2021-07-18,7138,9408663,5299,5077026,1553,3932954,286,398683,3662,847377,0.097397,3419,4474122,0.514254,3965,5321499,0.611651,8700223
1,2021-07-19,20692,9429355,15016,5092042,4861,3937815,815,399498,10395,848522,0.097529,10166,4484288,0.515422,11311,5332810,0.612951,8700223
1,2021-07-20,24396,9453751,16894,5108936,6649,3944464,853,400351,12545,850345,0.097738,11667,4495955,0.516763,13490,5346300,0.614501,8700223
1,2021-07-21,24776,9478527,17437,5126373,6153,3950617,1186,401537,12680,852378,0.097972,11949,4507904,0.518137,13982,5360282,0.616109,8700223
1,2021-07-22,23861,9502388,16867,5143240,6182,3956799,812,402349,13025,855648,0.098348,10655,4518559,0.519361,13925,5374207,0.617709,8700223
1,2021-07-23,28118,9530506,19824,5163064,7304,3964103,990,403339,15621,860002,0.098848,12322,4530881,0.520778,16676,5390883,0.619626,8700223
1,2021-07-24,17755,9548261,12526,5175590,4675,3968778,554,403893,10473,863880,0.099294,7172,4538053,0.521602,11050,5401933,0.620896,8700223
1,2021-07-25,7326,9555587,5251,5180841,1969,3970747,106,403999,5465,867644,0.099727,1825,4539878,0.521812,5589,5407522,0.621538,8700223
1,2021-07-26,20536,9576123,14242,5195083,5645,3976392,649,404648,13276,874498,0.100514,7142,4547020,0.522633,13996,5421518,0.623147,8700223
1,2021-07-27,25457,9601580,18151,5213234,6462,3982854,844,405492,15109,880321,0.101184,10185,4557205,0.523803,16008,5437526,0.624987,8700223
1,2021-07-28,16962,9618542,11972,5225206,4399,3987253,591,406083,10339,884786,0.101697,6516,4563721,0.524552,10981,5448507,0.626249,8700223
2,2020-12-15,248,248,248,248,0,0,0,0,248,248,2.9e-05,0,0,0.0,248,248,2.9e-05,8407551
2,2020-12-16,2122,2370,2122,2370,0,0,0,0,2121,2369,0.000282,0,0,0.0,2121,2369,0.000282,8407551
2,2020-12-17,6929,9299,6929,9299,0,0,0,0,6930,9299,0.001106,0,0,0.0,6930,9299,0.001106,8407551
2,2020-12-18,11100,20399,11080,20379,20,20,0,0,11100,20399,0.002426,0,0,0.0,11100,20399,0.002426,8407551
2,2020-12-19,5630,26029,5624,26003,6,26,0,0,5631,26030,0.003096,0,0,0.0,5631,26030,0.003096,8407551
2,2020-12-20,4261,30290,4250,30253,11,37,0,0,4256,30285,0.003602,1,1,0.0,4256,30286,0.003602,8407551
2,2020-12-21,12810,43100,12781,43034,29,66,0,0,12765,43050,0.00512,0,1,0.0,12765,43051,0.005121,8407551
2,2020-12-22,12165,55265,11646,54680,519,585,0,0,12163,55213,0.006567,0,1,0.0,12163,55214,0.006567,8407551
2,2020-12-23,11730,66995,9505,64185,2225,2810,0,0,11733,66946,0.007963,1,2,0.0,11734,66948,0.007963,8407551
2,2020-12-24,5908,72903,3495,67680,2413,5223,0,0,5904,72849,0.008665,3,5,1e-06,5906,72854,0.008665,8407551
2,2020-12-25,486,73389,407,68087,79,5302,0,0,488,73337,0.008723,0,5,1e-06,488,73342,0.008723,8407551
2,2020-12-26,2559,75948,1662,69749,897,6199,0,0,2560,75896,0.009027,1,6,1e-06,2560,75902,0.009028,8407551
2,2020-12-27,2231,78179,1212,70961,1019,7218,0,0,2228,78122,0.009292,2,8,1e-06,2228,78130,0.009293,8407551
2,2020-12-28,11036,89215,7175,78136,3861,11079,0,0,11035,89155,0.010604,2,10,1e-06,11035,89165,0.010605,8407551
2,2020-12-29,12738,101953,7159,85295,5579,16658,0,0,12742,101897,0.01212,0,10,1e-06,12742,101907,0.012121,8407551
2,2020-12-30,15467,117420,8675,93970,6792,23450,0,0,15461,117355,0.013958,5,15,2e-06,15463,117370,0.01396,8407551
2,2020-12-31,7588,125008,2831,96801,4757,28207,0,0,7581,124931,0.014859,5,20,2e-06,7581,124951,0.014862,8407551
2,2021-01-01,1249,126257,619,97420,630,28837,0,0,1248,126175,0.015007,4,24,3e-06,1248,126199,0.01501,8407551
2,2021-01-02,4856,131113,2769,100189,2087,30924,0,0,4853,131026,0.015584,2,26,3e-06,4853,131052,0.015587,8407551
2,2021-01-03,1414,132527,795,100984,619,31543,0,0,1406,132428,0.015751,4,30,4e-06,1406,132458,0.015755,8407551
2,2021-01-04,11698,144225,5564,106548,6134,37677,0,0,11688,144113,0.017141,3,33,4e-06,11688,144146,0.017145,8407551
2,2021-01-05,13894,158119,6950,113498,6944,44621,0,0,12669,155601,0.018507,1216,1249,0.000149,12704,156850,0.018656,8407551
2,2021-01-06,19044,177163,10500,123998,8544,53165,0,0,15215,167057,0.01987,3770,5019,0.000597,15226,172076,0.020467,8407551
2,2021-01-07,23323,200486,13152,137150,10171,63336,0,0,15623,174992,0.020814,7704,12723,0.001513,15639,187715,0.022327,8407551
2,2021-01-08,26909,227395,16225,153375,10684,74020,0,0,16570,181305,0.021565,10283,23006,0.002736,16596,204311,0.024301,8407551
2,2021-01-09,9878,237273,5781,159156,4097,78117,0,0,6290,184023,0.021888,3579,26585,0.003162,6297,210608,0.02505,8407551
2,2021-01-10,5315,242588,2972,162128,2343,80460,0,0,3045,184804,0.021981,2270,28855,0.003432,3051,213659,0.025413,8407551
2,2021-01-11,26066,268654,18033,180161,8033,88493,0,0,14942,188677,0.022441,11120,39975,0.004755,14993,228652,0.027196,8407551
2,2021-01-12,26379,295033,16379,196540,10000,98493,0,0,16764,195910,0.023302,9617,49592,0.005899,16850,245502,0.0292,8407551
2,2021-01-13,28597,323630,15164,211704,13433,111926,0,0,20582,208526,0.024802,7996,57588,0.00685,20612,266114,0.031652,8407551
2,2021-01-14,30608,354238,11663,223367,18945,130871,0,0,26304,230597,0.027427,4310,61898,0.007362,26381,292495,0.03479,8407551
2,2021-01-15,35105,389343,12699,236066,22406,153277,0,0,31807,259207,0.03083,3289,65187,0.007753,31899,324394,0.038584,8407551
2,2021-01-16,18116,407459,5997,242063,12119,165396,0,0,16777,274642,0.032666,1354,66541,0.007914,16789,341183,0.040581,8407551
2,2021-01-17,10547,418006,3551,245614,6996,172392,0,0,9815,283719,0.033746,747,67288,0.008003,9824,351007,0.041749,8407551
2,2021-01-18,19767,437773,11046,256660,8721,181113,0,0,14949,293892,0.034956,4837,72125,0.008579,15010,366017,0.043534,8407551
2,2021-01-19,32633,470406,16956,273616,15677,196790,0,0,24589,310555,0.036938,8041,80166,0.009535,24704,390721,0.046473,8407551
2,2021-01-20,37649,508055,18990,292606,18659,215449,0,0,29020,331068,0.039377,8598,88764,0.010558,29111,419832,0.049935,8407551
2,2021-01-21,41019,549074,17431,310037,23588,239037,0,0,36503,363263,0.043207,4484,93248,0.011091,36679,456511,0.054298,8407551
2,2021-01-22,39636,588710,16564,326601,23072,262109,0,0,36274,396186,0.047123,3379,96627,0.011493,36302,492813,0.058616,8407551
2,2021-01-23,24139,612849,10787,337388,13352,275461,0,0,21161,414419,0.049291,2958,99585,0.011845,21191,514004,0.061136,8407551
2,2021-01-24,12445,625294,6103,343491,6342,281803,0,0,11525,425054,0.050556,904,100489,0.011952,11539,525543,0.062508,8407551
2,2021-01-25,33928,659222,15611,359102,18317,300120,0,0,25081,441478,0.05251,8796,109285,0.012998,25220,550763,0.065508,8407551
2,2021-01-26,40409,699631,19787,378889,20622,320742,0,0,31167,463515,0.055131,9217,118502,0.014095,31254,582017,0.069226,8407551
2,2021-01-27,45668,745299,22659,401548,23009,343751,0,0,35316,488668,0.058123,10224,128726,0.015311,35377,617394,0.073433,8407551
2,2021-01-28,47923,793222,22378,423926,25545,369296,0,0,39174,519235,0.061758,8682,137408,0.016343,39249,656643,0.078102,8407551
2,2021-01-29,45574,838796,21992,445918,23582,392878,0,0,36816,547483,0.065118,8632,146040,0.01737,36880,693523,0.082488,8407551
2,2021-01-30,31282,870078,13317,459235,17965,410843,0,0,27875,572021,0.068037,3369,149409,0.017771,27907,721430,0.085807,8407551
2,2021-01-31,17168,887246,10216,469451,6952,417795,0,0,15956,586808,0.069795,1191,150600,0.017912,15978,737408,0.087708,8407551
2,2021-02-01,41105,928351,19704,489155,21401,439196,0,0,29956,605713,0.072044,11091,161691,0.019232,29996,767404,0.091276,8407551
2,2021-02-02,47915,976266,19471,508626,28444,467640,0,0,36369,630716,0.075018,11461,173152,0.020595,36464,803868,0.095613,8407551
2,2021-02-03,54038,1030304,23797,532423,30241,497881,0,0,39777,656431,0.078076,14158,187310,0.022279,39873,843741,0.100355,8407551
2,2021-02-04,56225,1086529,24157,556580,32068,529949,0,0,40940,682295,0.081153,15175,202485,0.024084,41039,884780,0.105236,8407551
2,2021-02-05,60113,1146642,26213,582793,33900,563849,0,0,40540,703658,0.083694,19363,221848,0.026387,40726,925506,0.11008,8407551
2,2021-02-06,39351,1185993,18356,601149,20995,584844,0,0,31358,727192,0.086493,7918,229766,0.027329,31452,956958,0.113821,8407551
2,2021-02-07,15718,1201711,10436,611585,5282,590126,0,0,11939,735450,0.087475,3750,233516,0.027775,12008,968966,0.115249,8407551
2,2021-02-08,43053,1244764,21871,633456,21182,611308,0,0,29459,751669,0.089404,13449,246965,0.029374,29668,998634,0.118778,8407551
2,2021-02-09,49602,1294366,23420,656876,26182,637490,0,0,30635,763983,0.090869,18665,265630,0.031594,30979,1029613,0.122463,8407551
2,2021-02-10,59609,1353975,27889,684765,31720,669210,0,0,34369,773752,0.092031,24954,290584,0.034562,34723,1064336,0.126593,8407551
2,2021-02-11,64301,1418276,29532,714297,34769,703979,0,0,35801,781919,0.093002,28137,318721,0.037909,36304,1100640,0.130911,8407551
2,2021-02-12,65591,1483867,28184,742481,37407,741386,0,0,34819,786938,0.093599,30460,349181,0.041532,35479,1136119,0.135131,8407551
2,2021-02-13,38125,1521992,15907,758388,22218,763604,0,0,22001,793296,0.094355,16023,365204,0.043438,22381,1158500,0.137793,8407551
2,2021-02-14,20128,1542120,9345,767733,10783,774387,0,0,11184,795951,0.094671,8894,374098,0.044495,11549,1170049,0.139166,8407551
2,2021-02-15,33249,1575369,14970,782703,18279,792666,0,0,18429,800554,0.095218,14682,388780,0.046242,19285,1189334,0.14146,8407551
2,2021-02-16,56511,1631880,27710,810413,28801,821467,0,0,29752,804338,0.095669,26641,415421,0.04941,30425,1219759,0.145079,8407551
2,2021-02-17,61826,1693706,31806,842219,30020,851487,0,0,30700,804836,0.095728,31026,446447,0.053101,31524,1251283,0.148828,8407551
2,2021-02-18,66480,1760186,33500,875719,32980,884467,0,0,32370,804510,0.095689,33845,480292,0.057126,33519,1284802,0.152815,8407551
2,2021-02-19,59829,1820015,33129,908848,26700,911167,0,0,29688,804859,0.09573,29944,510236,0.060688,30293,1315095,0.156418,8407551
2,2021-02-20,37824,1857839,24553,933401,13271,924438,0,0,20543,808907,0.096212,17176,527412,0.062731,21224,1336319,0.158943,8407551
2,2021-02-21,21733,1879572,17586,950987,4147,928585,0,0,10772,809611,0.096296,10870,538282,0.064024,11574,1347893,0.160319,8407551
2,2021-02-22,39436,1919008,26942,977929,12494,941079,0,0,18656,808319,0.096142,20626,558908,0.066477,19334,1367227,0.162619,8407551
2,2021-02-23,53791,1972799,27423,1005352,26368,967447,0,0,23567,803826,0.095608,29959,588867,0.07004,25466,1392693,0.165648,8407551
2,2021-02-24,71097,2043896,36621,1041973,34476,1001923,0,0,32587,800493,0.095211,38294,627161,0.074595,34961,1427654,0.169806,8407551
2,2021-02-25,77170,2121066,36467,1078440,40703,1042626,0,0,39157,804736,0.095716,37737,664898,0.079083,41980,1469634,0.174799,8407551
2,2021-02-26,85743,2206809,36734,1115174,49009,1091635,0,0,46072,813647,0.096776,39357,704255,0.083765,48268,1517902,0.18054,8407551
2,2021-02-27,62746,2269555,29194,1144368,33545,1125180,7,7,33970,820428,0.097582,28532,732787,0.087158,35313,1553215,0.18474,8407551
2,2021-02-28,30901,2300456,18525,1162893,12375,1137555,1,8,17964,826423,0.098295,12806,745593,0.088681,18801,1572016,0.186977,8407551
2,2021-03-01,58443,2358899,30543,1193436,27852,1165407,48,56,31834,833222,0.099104,26285,771878,0.091808,33084,1605100,0.190912,8407551
2,2021-03-02,69719,2428618,33464,1226900,36244,1201651,11,67,39014,844064,0.100394,30519,802397,0.095438,41361,1646461,0.195831,8407551
2,2021-03-03,80107,2508725,38752,1265652,41340,1242991,15,82,45413,857595,0.102003,34479,836876,0.099539,48010,1694471,0.201542,8407551
2,2021-03-04,88161,2596886,43280,1308932,44850,1287841,31,113,50923,873941,0.103947,36989,873865,0.103938,53335,1747806,0.207885,8407551
2,2021-03-05,82234,2679120,38667,1347599,43258,1331099,309,422,50241,895116,0.106466,31761,905626,0.107716,52936,1800742,0.214182,8407551
2,2021-03-06,63005,2742125,30811,1378410,30493,1361592,1701,2123,38740,912863,0.108577,24127,929753,0.110585,41874,1842616,0.219162,8407551
2,2021-03-07,28614,2770739,16254,1394664,10817,1372409,1543,3666,18147,923265,0.109814,10396,940149,0.111822,20798,1863414,0.221636,8407551
2,2021-03-08,50807,2821546,23308,1417972,24934,1397343,2565,6231,31929,940630,0.111879,18768,958917,0.114054,36133,1899547,0.225933,8407551
2,2021-03-09,70678,2892224,32185,1450157,34648,1431991,3845,10076,39123,953524,0.113413,31411,990328,0.11779,44305,1943852,0.231203,8407551
2,2021-03-10,78518,2970742,37140,1487297,34839,1466830,6539,16615,41693,966476,0.114953,36597,1026925,0.122143,49549,1993401,0.237097,8407551
2,2021-03-11,93380,3064122,43071,1530368,41932,1508762,8377,24992,48720,980633,0.116637,44332,1071257,0.127416,58489,2051890,0.244053,8407551
2,2021-03-12,94234,3158356,38748,1569116,43516,1552278,11970,36962,46882,993805,0.118204,47086,1118343,0.133016,60258,2112148,0.25122,8407551
2,2021-03-13,69315,3227671,29009,1598125,32310,1584588,7996,44958,38073,1010066,0.120138,31100,1149443,0.136716,47361,2159509,0.256854,8407551
2,2021-03-14,37061,3264732,18320,1616445,14219,1598807,4522,49480,18594,1015567,0.120792,18359,1167802,0.138899,23860,2183369,0.259691,8407551
2,2021-03-15,67524,3332256,30469,1646914,32040,1630847,5015,54495,37194,1028767,0.122362,30100,1197902,0.142479,43300,2226669,0.264842,8407551
2,2021-03-16,86438,3418694,38254,1685168,44155,1675002,4029,58524,52250,1052198,0.125149,33974,1231876,0.14652,57405,2284074,0.271669,8407551
2,2021-03-17,92993,3511687,44557,1729725,44245,1719247,4191,62715,58910,1082320,0.128732,33802,1265678,0.150541,63924,2347998,0.279273,8407551
2,2021-03-18,98342,3610029,46907,1776632,46838,1766085,4597,67312,59697,1108852,0.131888,38321,1303999,0.155099,64853,2412851,0.286986,8407551
2,2021-03-19,97684,3707713,46227,1822859,45325,1811410,6132,73444,57738,1133610,0.134832,39630,1343629,0.159812,64388,2477239,0.294645,8407551
2,2021-03-20,70062,3777775,33964,1856823,32130,1843540,3968,77412,45713,1159547,0.137917,24108,1367737,0.16268,50045,2527284,0.300597,8407551
2,2021-03-21,33459,3811234,21610,1878433,9851,1853391,1998,79410,19964,1168593,0.138993,13346,1381083,0.164267,22392,2549676,0.30326,8407551
2,2021-03-22,62974,3874208,34666,1913099,25673,1879064,2635,82045,41713,1192818,0.141875,21017,1402100,0.166767,45242,2594918,0.308641,8407551
2,2021-03-23,84070,3958278,44672,1957771,36478,1915542,2920,84965,52365,1217529,0.144814,31414,1433514,0.170503,56125,2651043,0.315317,8407551
2,2021-03-24,92011,4050289,49405,2007176,39431,1954973,3175,88140,53882,1237614,0.147203,37786,1471300,0.174997,57871,2708914,0.3222,8407551
2,2021-03-25,101670,4151959,51264,2058440,46504,2001477,3902,92042,57426,1255839,0.14937,43864,1515164,0.180215,62089,2771003,0.329585,8407551
2,2021-03-26,103724,4255683,51408,2109848,48817,2050294,3499,95541,56542,1270149,0.151072,46777,1561941,0.185778,61087,2832090,0.336851,8407551
2,2021-03-27,75894,4331577,37837,2147685,34751,2085045,3306,98847,37942,1274570,0.151598,37685,1599626,0.190261,42106,2874196,0.341859,8407551
2,2021-03-28,37823,4369400,23354,2171039,13658,2098703,811,99658,20154,1278849,0.152107,17535,1617161,0.192346,21814,2896010,0.344453,8407551
2,2021-03-29,71588,4440988,36382,2207421,32928,2131631,2278,101936,40636,1291934,0.153664,30731,1647892,0.196001,43816,2939826,0.349665,8407551
2,2021-03-30,92227,4533215,45189,2252610,42654,2174285,4384,106320,51781,1308472,0.155631,40229,1688121,0.200786,56767,2996593,0.356417,8407551
2,2021-03-31,101435,4634650,52285,2304895,44035,2218320,5115,111435,57554,1327931,0.157945,43556,1731677,0.205967,63015,3059608,0.363912,8407551
2,2021-04-01,117725,4752375,56869,2361764,51606,2269926,9250,120685,64116,1348512,0.160393,53190,1784867,0.212293,73771,3133379,0.372686,8407551
2,2021-04-02,111803,4864178,51501,2413265,50095,2320021,10207,130892,59994,1367764,0.162683,51410,1836277,0.218408,70662,3204041,0.381091,8407551
2,2021-04-03,76912,4941090,37779,2451044,29302,2349323,9831,140723,38097,1377474,0.163838,38600,1874877,0.222999,48310,3252351,0.386837,8407551
2,2021-04-04,29027,4970117,14934,2465978,10233,2359556,3860,144583,13024,1378494,0.163959,15892,1890769,0.224889,16912,3269263,0.388848,8407551
2,2021-04-05,79224,5049341,38838,2504816,31539,2391095,8847,153430,38217,1385478,0.16479,40819,1931588,0.229744,47803,3317066,0.394534,8407551
2,2021-04-06,104041,5153382,50682,2555498,38632,2429727,14727,168157,49252,1395346,0.165963,54499,1986087,0.236227,64367,3381433,0.40219,8407551
2,2021-04-07,110666,5264048,55196,2610694,39192,2468919,16278,184435,52048,1405613,0.167185,58312,2044399,0.243162,68579,3450012,0.410347,8407551
2,2021-04-08,119492,5383540,57522,2668216,43221,2512140,18749,203184,55429,1416660,0.168499,63683,2108082,0.250737,74730,3524742,0.419235,8407551
2,2021-04-09,118964,5502504,57275,2725491,43551,2555691,18138,221322,56248,1429547,0.170031,62331,2170413,0.25815,75218,3599960,0.428182,8407551
2,2021-04-10,87706,5590210,37840,2763331,31426,2587117,18440,239762,36113,1433443,0.170495,51328,2221741,0.264255,55224,3655184,0.43475,8407551
2,2021-04-11,44520,5634730,23084,2786415,12956,2600073,8480,248242,18221,1434710,0.170645,26153,2247894,0.267366,27420,3682604,0.438011,8407551
2,2021-04-12,80152,5714882,37315,2823730,33411,2633484,9426,257668,35666,1436583,0.170868,44208,2292102,0.272624,46081,3728685,0.443492,8407551
2,2021-04-13,101973,5816855,52915,2876645,48797,2682281,261,257929,55791,1447621,0.172181,45907,2338009,0.278084,56945,3785630,0.450265,8407551
2,2021-04-14,106895,5923750,55992,2932637,50850,2733131,53,257982,54559,1451651,0.17266,52018,2390027,0.284271,56048,3841678,0.456932,8407551
2,2021-04-15,113296,6037046,60125,2992762,53085,2786216,86,258068,59031,1457979,0.173413,53858,2443885,0.290677,60186,3901864,0.46409,8407551
2,2021-04-16,110921,6147967,57482,3050244,53384,2839600,55,258123,56261,1460843,0.173754,54302,2498187,0.297136,57166,3959030,0.47089,8407551
2,2021-04-17,83648,6231615,42552,3092796,41081,2880681,15,258138,46753,1471838,0.175061,36640,2534827,0.301494,47635,4006665,0.476556,8407551
2,2021-04-18,35690,6267305,21656,3114452,14027,2894708,7,258145,16995,1471262,0.174993,18560,2553387,0.303702,17984,4024649,0.478695,8407551
2,2021-04-19,74953,6342258,40330,3154782,34605,2929313,18,258163,34101,1465423,0.174298,40578,2593965,0.308528,34739,4059388,0.482826,8407551
2,2021-04-20,97834,6440092,49549,3204331,48259,2977572,26,258189,47349,1463412,0.174059,50131,2644096,0.314491,48120,4107508,0.48855,8407551
2,2021-04-21,103910,6544002,56244,3260575,47606,3025178,60,258249,48987,1458994,0.173534,54437,2698533,0.320965,50019,4157527,0.494499,8407551
2,2021-04-22,108399,6652401,56048,3316623,52326,3077504,25,258274,47381,1446713,0.172073,60581,2759114,0.328171,48300,4205827,0.500244,8407551
2,2021-04-23,108004,6760405,57442,3374065,50544,3128048,18,258292,49891,1439859,0.171258,57684,2816798,0.335032,50830,4256657,0.50629,8407551
2,2021-04-24,81035,6841440,47713,3421778,33282,3161330,40,258332,42200,1444554,0.171816,38475,2855273,0.339608,43170,4299827,0.511424,8407551
2,2021-04-25,36596,6878036,22534,3444312,14047,3175377,15,258347,19906,1448401,0.172274,16540,2871813,0.341575,20387,4320214,0.513849,8407551
2,2021-04-26,74358,6952394,41186,3485498,32864,3208241,308,258655,34208,1444492,0.171809,39872,2911685,0.346318,35963,4356177,0.518127,8407551
2,2021-04-27,88418,7040812,46638,3532136,40414,3248655,1366,260021,37936,1434946,0.170673,50089,2961774,0.352275,40543,4396720,0.522949,8407551
2,2021-04-28,88302,7129114,47189,3579325,39243,3287898,1870,261891,38974,1427724,0.169814,48978,3010752,0.358101,41756,4438476,0.527915,8407551
2,2021-04-29,91222,7220336,49684,3629009,39827,3327725,1711,263602,35441,1410093,0.167717,55384,3066136,0.364688,37753,4476229,0.532406,8407551
2,2021-04-30,94992,7315328,52503,3681512,40486,3368211,2003,265605,36956,1392147,0.165583,57561,3123697,0.371535,39615,4515844,0.537118,8407551
2,2021-05-01,62513,7377841,38128,3719640,22800,3391011,1585,267190,24356,1381109,0.16427,37832,3161529,0.376034,26794,4542638,0.540305,8407551
2,2021-05-02,29230,7407071,20322,3739962,7932,3398943,976,268166,11091,1375260,0.163574,18004,3179533,0.378176,12155,4554793,0.54175,8407551
2,2021-05-03,60650,7467721,35999,3775961,22592,3421535,2059,270225,20410,1358033,0.161525,39962,3219495,0.382929,22735,4577528,0.544454,8407551
2,2021-05-04,79858,7547579,47664,3823625,29813,3451348,2381,272606,25973,1333249,0.158578,53532,3273027,0.389296,28748,4606276,0.547874,8407551
2,2021-05-05,80550,7628129,47968,3871593,30232,3481580,2350,274956,25236,1306278,0.15537,54922,3327949,0.395829,27951,4634227,0.551198,8407551
2,2021-05-06,83059,7711188,50454,3922047,29681,3511261,2924,277880,25305,1277880,0.151992,57263,3385212,0.402639,28865,4663092,0.554631,8407551
2,2021-05-07,83692,7794880,48311,3970358,32954,3544215,2427,280307,25746,1248961,0.148552,57550,3442762,0.409485,28631,4691723,0.558037,8407551
2,2021-05-08,55446,7850326,33587,4003945,20142,3564357,1717,282024,17419,1231041,0.146421,37786,3480548,0.413979,19866,4711589,0.5604,8407551
2,2021-05-09,21834,7872160,15709,4019654,5375,3569732,750,282774,6353,1222978,0.145462,15397,3495945,0.41581,7334,4718923,0.561272,8407551
2,2021-05-10,50204,7922364,27342,4046996,20985,3590717,1877,284651,14170,1203853,0.143187,35778,3531723,0.420066,16653,4735576,0.563253,8407551
2,2021-05-11,65960,7988324,35651,4082647,28191,3618908,2118,286769,19909,1180823,0.140448,45745,3577468,0.425507,22715,4758291,0.565954,8407551
2,2021-05-12,64958,8053282,34624,4117271,28116,3647024,2218,288987,19146,1157073,0.137623,45502,3622970,0.430919,21752,4780043,0.568542,8407551
2,2021-05-13,70601,8123883,41005,4158276,27655,3674679,1941,290928,25843,1141119,0.135725,44472,3667442,0.436208,28518,4808561,0.571934,8407551
2,2021-05-14,79549,8203432,47662,4205938,29626,3704305,2261,293189,30536,1125921,0.133918,48639,3716081,0.441993,33441,4842002,0.575911,8407551
2,2021-05-15,66036,8269468,43346,4249284,20976,3725281,1714,294903,25537,1113313,0.132418,40252,3756333,0.446781,27644,4869646,0.579199,8407551
2,2021-05-16,31520,8300988,23563,4272847,7033,3732314,924,295827,12814,1108602,0.131858,18577,3774910,0.44899,13866,4883512,0.580848,8407551
2,2021-05-17,57844,8358832,36648,4309495,19258,3751572,1938,297765,22778,1098849,0.130698,34829,3809739,0.453133,25076,4908588,0.583831,8407551
2,2021-05-18,70015,8428847,40978,4350473,27073,3778645,1964,299729,27806,1087223,0.129315,41936,3851675,0.458121,30310,4938898,0.587436,8407551
2,2021-05-19,68759,8497606,40687,4391160,26064,3804709,2008,301737,27181,1075612,0.127934,41268,3892943,0.463029,29657,4968555,0.590963,8407551
2,2021-05-20,69412,8567018,40241,4431401,26985,3831694,2186,303923,26369,1062049,0.126321,42707,3935650,0.468109,29144,4997699,0.59443,8407551
2,2021-05-21,72787,8639805,42950,4474351,27680,3859374,2157,306080,27611,1047552,0.124597,44818,3980468,0.47344,30321,5028020,0.598036,8407551
2,2021-05-22,53385,8693190,33817,4508168,17794,3877168,1774,307854,22282,1041275,0.12385,30871,4011339,0.477111,24594,5052614,0.600961,8407551
2,2021-05-23,24408,8717598,16653,4524821,7030,3884198,725,308579,10260,1038380,0.123506,14020,4025359,0.478779,11125,5063739,0.602285,8407551
2,2021-05-24,44749,8762347,25413,4550234,17568,3901766,1768,310347,17165,1030289,0.122543,27364,4052723,0.482034,19273,5083012,0.604577,8407551
2,2021-05-25,50710,8813057,29678,4579912,19168,3920934,1864,312211,19255,1020800,0.121415,31147,4083870,0.485738,21658,5104670,0.607153,8407551
2,2021-05-26,48657,8861714,27239,4607151,19731,3940665,1687,313898,18977,1012455,0.120422,29351,4113221,0.489229,21006,5125676,0.609651,8407551
2,2021-05-27,46532,8908246,26360,4633511,18433,3959098,1739,315637,18550,1005511,0.119596,27737,4140958,0.492528,20793,5146469,0.612125,8407551
2,2021-05-28,49930,8958176,27552,4661063,20403,3979501,1975,317612,20931,1000105,0.118953,28740,4169698,0.495947,23334,5169803,0.6149,8407551
2,2021-05-29,28957,8987133,17350,4678413,10550,3990051,1057,318669,13249,999027,0.118825,15554,4185252,0.497797,14476,5184279,0.616622,8407551
2,2021-05-30,12642,8999775,8145,4686558,3734,3993785,763,319432,5526,998318,0.118741,7064,4192316,0.498637,6355,5190634,0.617378,8407551
2,2021-05-31,5871,9005646,3428,4689986,2140,3995925,303,319735,1821,996498,0.118524,3993,4196309,0.499112,2173,5192807,0.617636,8407551
2,2021-06-01,44713,9050359,25678,4715664,17375,4013300,1660,321395,15573,985265,0.117188,28842,4225151,0.502542,17609,5210416,0.619731,8407551
2,2021-06-02,38167,9088526,22454,4738118,14309,4027609,1404,322799,14940,978937,0.116435,22967,4248118,0.505274,16639,5227055,0.62171,8407551
2,2021-06-03,41333,9129859,26604,4764722,13264,4040873,1465,324264,13918,967526,0.115078,27176,4275294,0.508506,15765,5242820,0.623585,8407551
2,2021-06-04,47948,9177807,31315,4796037,15095,4055968,1538,325802,15504,952946,0.113344,32146,4307440,0.51233,17566,5260386,0.625674,8407551
2,2021-06-05,37828,9215635,26968,4823005,9398,4065366,1462,327264,11840,940905,0.111912,25761,4333201,0.515394,13720,5274106,0.627306,8407551
2,2021-06-06,14889,9230524,12214,4835219,2096,4067462,579,327843,4693,936234,0.111356,10132,4343333,0.516599,5461,5279567,0.627955,8407551
2,2021-06-07,33229,9263753,23245,4858464,8710,4076172,1274,329117,10796,926261,0.11017,22288,4365621,0.51925,12315,5291882,0.62942,8407551
2,2021-06-08,40590,9304343,28723,4887187,10496,4086668,1371,330488,12463,912588,0.108544,27879,4393500,0.522566,14206,5306088,0.63111,8407551
2,2021-06-09,38112,9342455,26607,4913794,10010,4096678,1495,331983,11535,899559,0.106994,26383,4419883,0.525704,13354,5319442,0.632698,8407551
2,2021-06-10,37734,9380189,26231,4940025,9978,4106656,1525,333508,11589,887198,0.105524,25945,4445828,0.52879,13584,5333026,0.634314,8407551
2,2021-06-11,41207,9421396,27341,4967366,12201,4118857,1665,335173,13210,874635,0.10403,27735,4473563,0.532089,15172,5348198,0.636118,8407551
2,2021-06-12,29370,9450766,21605,4988971,6853,4125710,912,336085,8662,863861,0.102748,20570,4494133,0.534535,9796,5357994,0.637284,8407551
2,2021-06-13,12208,9462974,8912,4997883,2678,4128388,618,336703,3103,858707,0.102135,9042,4503175,0.535611,3888,5361882,0.637746,8407551
2,2021-06-14,29847,9492821,21179,5019062,7474,4135862,1194,337897,10344,851115,0.101232,19337,4522512,0.537911,11745,5373627,0.639143,8407551
2,2021-06-15,35506,9528327,23622,5042684,9838,4145700,2046,339943,11931,842131,0.100164,23337,4545849,0.540686,14353,5387980,0.64085,8407551
2,2021-06-16,32880,9561207,22665,5065349,8427,4154127,1788,341731,11298,834116,0.09921,21413,4567262,0.543233,13398,5401378,0.642444,8407551
2,2021-06-17,30776,9591983,20543,5085892,8438,4162565,1795,343526,10878,827270,0.098396,19724,4586986,0.545579,12878,5414256,0.643975,8407551
2,2021-06-18,34654,9626637,22832,5108724,9951,4172516,1871,345397,12645,820254,0.097562,21789,4608775,0.548171,14773,5429029,0.645733,8407551
2,2021-06-19,20879,9647516,14541,5123265,5080,4177596,1258,346655,7895,816769,0.097147,12825,4621600,0.549696,9340,5438369,0.646843,8407551
2,2021-06-20,8262,9655778,5903,5129168,1895,4179491,464,347119,3056,815190,0.096959,5166,4626766,0.550311,3587,5441956,0.64727,8407551
2,2021-06-21,19290,9675068,11806,5140974,6168,4185659,1316,348435,9865,817244,0.097204,9308,4636074,0.551418,11362,5453318,0.648621,8407551
2,2021-06-22,26820,9701888,18368,5159342,7079,4192738,1373,349808,10517,813268,0.096731,16138,4652212,0.553337,12162,5465480,0.650068,8407551
2,2021-06-23,25850,9727738,17850,5177192,6384,4199122,1616,351424,10529,810527,0.096405,15179,4667391,0.555143,12438,5477918,0.651547,8407551
2,2021-06-24,25278,9753016,17208,5194400,6562,4205684,1508,352932,10445,808021,0.096107,14686,4682077,0.55689,12180,5490098,0.652996,8407551
2,2021-06-25,28636,9781652,19413,5213813,7742,4213426,1481,354413,11973,805198,0.095771,16504,4698581,0.558853,13681,5503779,0.654623,8407551
2,2021-06-26,18476,9800128,13613,5227426,3936,4217362,927,355340,7527,803034,0.095513,10862,4709443,0.560144,8698,5512477,0.655658,8407551
2,2021-06-27,8761,9808889,6689,5234115,1626,4218988,446,355786,3511,801913,0.09538,5201,4714644,0.560763,4080,5516557,0.656143,8407551
2,2021-06-28,19696,9828585,14961,5249076,3497,4222485,1238,357024,8674,801120,0.095286,10893,4725537,0.562059,10100,5526657,0.657344,8407551
2,2021-06-29,22573,9851158,15730,5264806,5773,4228258,1070,358094,9608,799201,0.095058,12832,4738369,0.563585,10913,5537570,0.658642,8407551
2,2021-06-30,21817,9872975,15472,5280278,5323,4233581,1022,359116,9710,798189,0.094937,11972,4750341,0.565009,10960,5548530,0.659946,8407551
2,2021-07-01,19677,9892652,13909,5294187,4898,4238479,870,359986,8737,797177,0.094817,10822,4761163,0.566296,9810,5558340,0.661113,8407551
2,2021-07-02,22621,9915273,15609,5309796,5991,4244470,1021,361007,9983,795896,0.094664,12483,4773646,0.567781,11202,5569542,0.662445,8407551
2,2021-07-03,12427,9927700,8961,5318757,2997,4247467,469,361476,5679,795506,0.094618,6658,4780304,0.568573,6268,5575810,0.663191,8407551
2,2021-07-04,987,9928687,581,5319338,339,4247806,67,361543,422,795464,0.094613,554,4780858,0.568639,512,5576322,0.663252,8407551
2,2021-07-05,10965,9939652,8022,5327360,2535,4250341,408,361951,5033,795157,0.094577,5873,4786731,0.569337,5566,5581888,0.663914,8407551
2,2021-07-06,23488,9963140,17085,5344445,5435,4255776,968,362919,9085,791222,0.094108,14262,4800993,0.571033,10327,5592215,0.665142,8407551
2,2021-07-07,20378,9983518,14544,5358989,4753,4260529,1081,364000,8660,789643,0.093921,11583,4812576,0.572411,10004,5602219,0.666332,8407551
2,2021-07-08,18992,10002510,13234,5372223,4733,4265262,1025,365025,8024,788033,0.093729,10866,4823442,0.573704,9256,5611475,0.667433,8407551
2,2021-07-09,22278,10024788,15433,5387656,5627,4270889,1218,366243,9407,786132,0.093503,12734,4836176,0.575218,10833,5622308,0.668721,8407551
2,2021-07-10,14083,10038871,10382,5398038,3014,4273903,687,366930,6167,785319,0.093406,7823,4843999,0.576149,7010,5629318,0.669555,8407551
2,2021-07-11,6528,10045399,4794,5402832,1385,4275288,349,367279,3076,785405,0.093417,3407,4847406,0.576554,3493,5632811,0.66997,8407551
2,2021-07-12,18073,10063472,13283,5416115,3926,4279214,864,368143,7776,784064,0.093257,10186,4857592,0.577765,8845,5641656,0.671023,8407551
2,2021-07-13,19299,10082771,13614,5429729,4806,4284020,879,369022,8631,783242,0.093159,10528,4868120,0.579018,9706,5651362,0.672177,8407551
2,2021-07-14,18437,10101208,13169,5442898,4493,4288513,775,369797,8235,782373,0.093056,10084,4878204,0.580217,9215,5660577,0.673273,8407551
2,2021-07-15,18582,10119790,13499,5456397,4403,4292916,680,370477,8448,781689,0.092975,10023,4888227,0.581409,9339,5669916,0.674384,8407551
2,2021-07-16,22507,10142297,16209,5472606,5484,4298400,814,371291,10772,781875,0.092997,11605,4899832,0.582789,11791,5681707,0.675786,8407551
2,2021-07-17,13920,10156217,10102,5482708,3313,4301713,505,371796,6731,782142,0.093029,7100,4906932,0.583634,7367,5689074,0.676662,8407551
2,2021-07-18,6712,10162929,5035,5487743,1353,4303066,324,372120,3407,782678,0.093092,3264,4910196,0.584022,3800,5692874,0.677114,8407551
2,2021-07-19,18177,10181106,13553,5501296,3898,4306964,726,372846,9019,783567,0.093198,9044,4919240,0.585098,9933,5702807,0.678296,8407551
2,2021-07-20,20506,10201612,14616,5515912,5067,4312031,823,373669,10386,785001,0.093369,9992,4929232,0.586286,11426,5714233,0.679655,8407551
2,2021-07-21,19986,10221598,14555,5530467,4681,4316712,750,374419,10359,786799,0.093582,9501,4938733,0.587416,11299,5725532,0.680999,8407551
2,2021-07-22,19924,10241522,14254,5544721,4835,4321547,835,375254,10674,789367,0.093888,9108,4947841,0.5885,11676,5737208,0.682388,8407551
2,2021-07-23,23797,10265319,16688,5561409,6098,4327645,1011,376265,12993,792898,0.094308,10656,4958497,0.589767,14187,5751395,0.684075,8407551
2,2021-07-24,14462,10279781,10436,5571845,3536,4331181,490,376755,8073,795269,0.09459,6285,4964782,0.590515,8656,5760051,0.685104,8407551
2,2021-07-25,6551,10286332,4801,5576646,1614,4332795,136,376891,4844,798621,0.094989,1665,4966447,0.590713,5017,5765068,0.685701,8407551
2,2021-07-26,18383,10304715,13060,5589706,4649,4337444,674,377565,11701,804538,0.095692,6570,4973017,0.591494,12487,5777555,0.687186,8407551
2,2021-07-27,21597,10326312,15673,5605379,5132,4342576,792,378357,12665,809356,0.096265,8791,4981808,0.59254,13609,5791164,0.688805,8407551
2,2021-07-28,13844,10340156,9806,5615185,3366,4345942,672,379029,7964,812364,0.096623,5789,4987597,0.593228,8797,5799961,0.689851,8407551
3,2020-12-15,326,326,326,326,0,0,0,0,326,326,4e-05,0,0,0.0,326,326,4e-05,8129050
3,2020-12-16,2468,2794,2468,2794,0,0,0,0,2469,2795,0.000344,0,0,0.0,2469,2795,0.000344,8129050
3,2020-12-17,7853,10647,7853,10647,0,0,0,0,7853,10648,0.00131,0,0,0.0,7853,10648,0.00131,8129050
3,2020-12-18,13433,24080,13415,24062,18,18,0,0,13432,24080,0.002962,0,0,0.0,13432,24080,0.002962,8129050
3,2020-12-19,7257,31337,7244,31306,13,31,0,0,7320,31400,0.003863,0,0,0.0,7320,31400,0.003863,8129050
3,2020-12-20,5665,37002,5656,36962,9,40,0,0,5712,37111,0.004565,1,1,0.0,5712,37112,0.004565,8129050
3,2020-12-21,14391,51393,14365,51327,26,66,0,0,14455,51565,0.006343,1,2,0.0,14455,51567,0.006344,8129050
3,2020-12-22,14836,66229,14255,65582,581,647,0,0,14873,66435,0.008173,3,5,1e-06,14873,66440,0.008173,8129050
3,2020-12-23,14840,81069,12241,77823,2599,3246,0,0,14856,81290,0.01,2,7,1e-06,14857,81297,0.010001,8129050
3,2020-12-24,6784,87853,4867,82690,1917,5163,0,0,6781,88069,0.010834,2,9,1e-06,6781,88078,0.010835,8129050
3,2020-12-25,722,88575,665,83355,57,5220,0,0,720,88789,0.010922,0,9,1e-06,720,88798,0.010924,8129050
3,2020-12-26,4625,93200,3000,86355,1625,6845,0,0,4623,93412,0.011491,0,9,1e-06,4623,93421,0.011492,8129050
3,2020-12-27,2984,96184,1855,88210,1129,7974,0,0,2984,96396,0.011858,0,9,1e-06,2984,96405,0.011859,8129050
3,2020-12-28,13636,109820,8720,96930,4916,12890,0,0,13661,110056,0.013539,1,10,1e-06,13661,110066,0.01354,8129050
3,2020-12-29,15040,124860,8469,105399,6571,19461,0,0,15067,125121,0.015392,2,12,1e-06,15067,125133,0.015393,8129050
3,2020-12-30,18053,142913,10066,115465,7987,27448,0,0,18058,143178,0.017613,2,14,2e-06,18059,143192,0.017615,8129050
3,2020-12-31,8457,151370,3246,118711,5211,32659,0,0,8456,151632,0.018653,2,16,2e-06,8456,151648,0.018655,8129050
3,2021-01-01,1569,152939,747,119458,822,33481,0,0,1566,153197,0.018846,1,17,2e-06,1566,153214,0.018848,8129050
3,2021-01-02,4936,157875,2421,121879,2515,35996,0,0,4936,158133,0.019453,0,17,2e-06,4936,158150,0.019455,8129050
3,2021-01-03,1618,159493,849,122728,769,36765,0,0,1609,159740,0.019651,2,19,2e-06,1609,159759,0.019653,8129050
3,2021-01-04,12058,171551,5975,128703,6083,42848,0,0,12029,171761,0.021129,8,27,3e-06,12029,171788,0.021133,8129050
3,2021-01-05,15746,187297,8152,136855,7594,50442,0,0,14073,184205,0.02266,1658,1685,0.000207,14102,185890,0.022867,8129050
3,2021-01-06,20618,207915,10911,147766,9707,60149,0,0,16063,195768,0.024083,4509,6194,0.000762,16072,201962,0.024844,8129050
3,2021-01-07,26659,234574,15241,163007,11418,71567,0,0,17182,203527,0.025037,9440,15634,0.001923,17199,219161,0.02696,8129050
3,2021-01-08,30690,265264,18755,181762,11935,83502,0,0,18200,209283,0.025745,12467,28101,0.003457,18223,237384,0.029202,8129050
3,2021-01-09,12465,277729,7048,188810,5417,88919,0,0,7931,212696,0.026165,4527,32628,0.004014,7940,245324,0.030179,8129050
3,2021-01-10,7227,284956,4485,193295,2742,91661,0,0,4070,213617,0.026278,3155,35783,0.004402,4076,249400,0.03068,8129050
3,2021-01-11,29151,314107,19082,212377,10069,101730,0,0,16493,217504,0.026756,12651,48434,0.005958,16538,265938,0.032715,8129050
3,2021-01-12,32636,346743,19496,231873,13140,114870,0,0,19987,225012,0.02768,12627,61061,0.007511,20135,286073,0.035191,8129050
3,2021-01-13,34568,381311,18047,249920,16521,131391,0,0,24340,239159,0.02942,10213,71274,0.008768,24360,310433,0.038188,8129050
3,2021-01-14,34762,416073,14218,264138,20544,151935,0,0,28836,262148,0.032248,5885,77159,0.009492,28874,339307,0.04174,8129050
3,2021-01-15,39012,455085,14450,278588,24562,176497,0,0,34326,291878,0.035906,4668,81827,0.010066,34398,373705,0.045972,8129050
3,2021-01-16,21790,476875,7429,286017,14361,190858,0,0,19454,309028,0.038015,2325,84152,0.010352,19475,393180,0.048367,8129050
3,2021-01-17,13153,490028,4460,290477,8693,199551,0,0,12112,320119,0.03938,1040,85192,0.01048,12131,405311,0.04986,8129050
3,2021-01-18,24800,514828,12958,303435,11842,211393,0,0,19188,333750,0.041056,5600,90792,0.011169,19231,424542,0.052225,8129050
3,2021-01-19,41118,555946,20901,324336,20217,231610,0,0,31986,356727,0.043883,9096,99888,0.012288,32073,456615,0.056171,8129050
3,2021-01-20,46232,602178,23034,347370,23198,254808,0,0,36656,383939,0.04723,9528,109416,0.01346,36740,493355,0.06069,8129050
3,2021-01-21,48112,650290,20867,368237,27245,282053,0,0,42589,421151,0.051808,5455,114871,0.014131,42667,536022,0.065939,8129050
3,2021-01-22,49833,700123,19851,388088,29982,312035,0,0,45603,462626,0.05691,4201,119072,0.014648,45676,581698,0.071558,8129050
3,2021-01-23,30377,730500,12803,400891,17574,329609,0,0,27078,486467,0.059843,3291,122363,0.015053,27132,608830,0.074896,8129050
3,2021-01-24,17902,748402,8494,409385,9408,339017,0,0,16714,502027,0.061757,1185,123548,0.015198,16745,625575,0.076955,8129050
3,2021-01-25,40909,789311,18238,427623,22671,361688,0,0,30908,523053,0.064344,9972,133520,0.016425,30998,656573,0.080769,8129050
3,2021-01-26,47397,836708,22631,450254,24766,386454,0,0,37200,550194,0.067682,10163,143683,0.017675,37304,693877,0.085358,8129050
3,2021-01-27,51544,888252,24536,474790,27008,413462,0,0,40859,580521,0.071413,10614,154297,0.018981,40941,734818,0.090394,8129050
3,2021-01-28,51969,940221,24121,498911,27848,441310,0,0,43007,614710,0.075619,8877,163174,0.020073,43066,777884,0.095692,8129050
3,2021-01-29,51085,991306,24510,523421,26575,467885,0,0,41304,646460,0.079525,9604,172778,0.021254,41354,819238,0.100779,8129050
3,2021-01-30,37412,1028718,17758,541179,19654,487539,0,0,32686,674560,0.082981,4671,177449,0.021829,32771,852009,0.10481,8129050
3,2021-01-31,22493,1051211,12794,553973,9699,497238,0,0,21070,694243,0.085403,1408,178857,0.022002,21091,873100,0.107405,8129050
3,2021-02-01,45973,1097184,21016,574989,24957,522195,0,0,35041,718439,0.088379,10879,189736,0.02334,35075,908175,0.11172,8129050
3,2021-02-02,54563,1151747,22766,597755,31797,553992,0,0,42067,748156,0.092035,12400,202136,0.024866,42117,950292,0.116901,8129050
3,2021-02-03,60163,1211910,26702,624457,33461,587453,0,0,44731,777659,0.095664,15301,217437,0.026748,44804,995096,0.122412,8129050
3,2021-02-04,64501,1276411,27926,652383,36575,624028,0,0,47222,807913,0.099386,17082,234519,0.028849,47336,1042432,0.128235,8129050
3,2021-02-05,70483,1346894,29791,682174,40692,664720,0,0,48656,835167,0.102739,21583,256102,0.031505,48837,1091269,0.134243,8129050
3,2021-02-06,43730,1390624,20967,703141,22763,687483,0,0,34067,859800,0.105769,9617,265719,0.032688,34250,1125519,0.138456,8129050
3,2021-02-07,19749,1410373,12557,715698,7192,694675,0,0,15154,870503,0.107085,4576,270295,0.033251,15279,1140798,0.140336,8129050
3,2021-02-08,51605,1461978,24946,740644,26659,721334,0,0,33816,886860,0.109098,17649,287944,0.035422,34006,1174804,0.144519,8129050
3,2021-02-09,58857,1520835,28510,769154,30347,751681,0,0,34412,897452,0.110401,24168,312112,0.038395,34760,1209564,0.148795,8129050
3,2021-02-10,68455,1589290,31864,801018,36591,788272,0,0,36682,903169,0.111104,31473,343585,0.042266,37190,1246754,0.15337,8129050
3,2021-02-11,70859,1660149,34856,835874,36003,824275,0,0,37638,908475,0.111757,32874,376459,0.04631,38180,1284934,0.158067,8129050
3,2021-02-12,75772,1735921,32686,868560,43086,867361,0,0,41754,917293,0.112841,33709,410168,0.050457,42527,1327461,0.163298,8129050
3,2021-02-13,45297,1781218,20523,889083,24774,892135,0,0,26068,924829,0.113768,19115,429283,0.052809,26651,1354112,0.166577,8129050
3,2021-02-14,27443,1808661,13724,902807,13719,905854,0,0,15230,928358,0.114203,12153,441436,0.054304,15682,1369794,0.168506,8129050
3,2021-02-15,40311,1848972,17356,920163,22955,928809,0,0,22261,933621,0.11485,17939,459375,0.05651,23202,1392996,0.17136,8129050
3,2021-02-16,70490,1919462,33360,953523,37130,965939,0,0,36590,937482,0.115325,33757,493132,0.060663,37618,1430614,0.175988,8129050
3,2021-02-17,72335,1991797,36549,990072,35786,1001725,0,0,34254,934966,0.115015,37842,530974,0.065318,35326,1465940,0.180333,8129050
3,2021-02-18,77459,2069256,40455,1030527,37004,1038729,0,0,35794,930635,0.114483,41469,572443,0.070419,37138,1503078,0.184902,8129050
3,2021-02-19,69565,2138821,40101,1070628,29464,1068193,0,0,35091,932114,0.114665,34311,606754,0.07464,35790,1538868,0.189305,8129050
3,2021-02-20,43189,2182010,27291,1097919,15898,1084091,0,0,22521,934594,0.11497,20545,627299,0.077168,23025,1561893,0.192137,8129050
3,2021-02-21,24282,2206292,19525,1117444,4757,1088848,0,0,11822,934443,0.114951,12363,639662,0.078688,12212,1574105,0.193639,8129050
3,2021-02-22,47507,2253799,30940,1148384,16567,1105415,0,0,22204,931975,0.114647,25155,664817,0.081783,22687,1596792,0.19643,8129050
3,2021-02-23,63446,2317245,34447,1182831,28999,1134414,0,0,27626,926002,0.113913,35591,700408,0.086161,29618,1626410,0.200074,8129050
3,2021-02-24,79695,2396940,39145,1221976,40550,1174964,0,0,35190,919468,0.113109,44243,744651,0.091604,37709,1664119,0.204713,8129050
3,2021-02-25,89338,2486278,43509,1265485,45829,1220793,0,0,44444,921932,0.113412,44580,789231,0.097088,47044,1711163,0.2105,8129050
3,2021-02-26,100350,2586628,45916,1311401,54434,1275227,0,0,52942,930106,0.114418,46978,836209,0.102867,55152,1766315,0.217284,8129050
3,2021-02-27,71064,2657692,32663,1344064,38397,1313624,4,4,37521,935643,0.115099,33299,869508,0.106963,38836,1805151,0.222062,8129050
3,2021-02-28,41475,2699167,23956,1368020,17515,1331139,4,8,21282,937894,0.115376,19988,889496,0.109422,22239,1827390,0.224797,8129050
3,2021-03-01,69703,2768870,36993,1405013,32672,1363811,38,46,38670,947158,0.116515,30783,920279,0.113209,40047,1867437,0.229724,8129050
3,2021-03-02,80195,2849065,39627,1444640,40560,1404371,8,54,46300,961813,0.118318,33733,954012,0.117358,48388,1915825,0.235676,8129050
3,2021-03-03,89675,2938740,43046,1487686,46606,1450977,23,77,50227,975126,0.119956,39208,993220,0.122182,52521,1968346,0.242137,8129050
3,2021-03-04,94147,3032887,46101,1533787,48025,1499002,21,98,53409,990345,0.121828,40487,1033707,0.127162,55706,2024052,0.24899,8129050
3,2021-03-05,91090,3123977,44648,1578435,46149,1545151,293,391,55555,1013166,0.124635,35258,1068965,0.131499,58079,2082131,0.256135,8129050
3,2021-03-06,65587,3189564,33306,1611741,30121,1575272,2160,2551,37593,1026544,0.126281,27836,1096801,0.134924,41214,2123345,0.261205,8129050
3,2021-03-07,39242,3228806,22684,1634425,14659,1589931,1899,4450,22057,1034559,0.127267,17102,1113903,0.137027,25117,2148462,0.264294,8129050
3,2021-03-08,60087,3288893,28663,1663088,28418,1618349,3006,7456,38011,1055199,0.129806,21907,1135810,0.139722,42547,2191009,0.269528,8129050
3,2021-03-09,77329,3366222,35714,1698802,37154,1655503,4461,11917,41546,1066721,0.131223,35629,1171439,0.144105,47151,2238160,0.275329,8129050
3,2021-03-10,83198,3449420,41417,1740219,35686,1691189,6095,18012,43507,1078247,0.132641,39455,1210894,0.148959,50981,2289141,0.2816,8129050
3,2021-03-11,97616,3547036,47673,1787892,41292,1732481,8651,26663,47852,1086327,0.133635,49474,1260368,0.155045,57554,2346695,0.28868,8129050
3,2021-03-12,102360,3649396,45569,1833461,44880,1777361,11911,38574,46961,1091159,0.13423,55146,1315514,0.161829,59978,2406673,0.296058,8129050
3,2021-03-13,70738,3720134,29764,1863225,33690,1811051,7284,45858,37394,1103970,0.135806,33205,1348719,0.165913,46016,2452689,0.301719,8129050
3,2021-03-14,41408,3761542,21629,1884854,16215,1827266,3564,49422,20846,1108526,0.136366,20473,1369192,0.168432,25029,2477718,0.304798,8129050
3,2021-03-15,76001,3837543,36036,1920890,35399,1862665,4566,53988,40022,1118364,0.137576,35737,1404929,0.172828,45575,2523293,0.310404,8129050
3,2021-03-16,95404,3932947,43991,1964881,47070,1909735,4343,58331,53659,1135780,0.139719,41486,1446415,0.177932,58902,2582195,0.31765,8129050
3,2021-03-17,98703,4031650,47960,2012841,46187,1955922,4556,62887,59945,1162416,0.142995,38503,1484918,0.182668,65139,2647334,0.325663,8129050
3,2021-03-18,104047,4135697,52892,2065733,46622,2002544,4533,67420,59650,1183049,0.145533,44086,1529004,0.188091,64719,2712053,0.333625,8129050
3,2021-03-19,103622,4239319,55559,2121292,43588,2046132,4475,71895,57643,1200018,0.147621,45685,1574689,0.193711,62654,2774707,0.341332,8129050
3,2021-03-20,72173,4311492,37205,2158497,31300,2077432,3668,75563,44469,1221159,0.150222,27492,1602181,0.197093,48633,2823340,0.347315,8129050
3,2021-03-21,36406,4347898,24748,2183245,10150,2087582,1508,77071,21866,1230580,0.151381,14429,1616610,0.198868,23850,2847190,0.350249,8129050
3,2021-03-22,70811,4418709,41625,2224870,26658,2114240,2528,79599,45095,1253751,0.154231,25465,1642075,0.202001,48636,2895826,0.356232,8129050
3,2021-03-23,90175,4508884,49894,2274764,37737,2151977,2544,82143,55278,1277657,0.157172,34616,1676691,0.206259,58522,2954348,0.363431,8129050
3,2021-03-24,99206,4608090,57079,2331843,39192,2191169,2935,85078,56440,1295247,0.159336,42384,1719075,0.211473,59974,3014322,0.370809,8129050
3,2021-03-25,107868,4715958,59905,2391748,44983,2236152,2980,88058,60796,1312943,0.161512,46714,1765789,0.21722,64410,3078732,0.378732,8129050
3,2021-03-26,111205,4827163,59653,2451401,48200,2284352,3352,91410,57271,1320826,0.162482,53576,1819365,0.22381,61459,3140191,0.386292,8129050
3,2021-03-27,74985,4902148,38104,2489505,34324,2318676,2557,93967,36221,1321754,0.162596,38516,1857881,0.228548,39444,3179635,0.391145,8129050
3,2021-03-28,44573,4946721,28078,2517583,15681,2334357,814,94781,22440,1323642,0.162829,22006,1879887,0.231255,23894,3203529,0.394084,8129050
3,2021-03-29,81002,5027723,42290,2559873,36850,2371207,1862,96643,44261,1334113,0.164117,36464,1916351,0.235741,46935,3250464,0.399858,8129050
3,2021-03-30,100674,5128397,49471,2609344,47555,2418762,3648,100291,56436,1350823,0.166172,43972,1960323,0.24115,60682,3311146,0.407323,8129050
3,2021-03-31,105367,5233764,56835,2666179,43666,2462428,4866,105157,56306,1363511,0.167733,48802,2009125,0.247154,61490,3372636,0.414887,8129050
3,2021-04-01,123945,5357709,62656,2728835,51505,2513933,9784,114941,66848,1383752,0.170223,56668,2065793,0.254125,76909,3449545,0.424348,8129050
3,2021-04-02,118208,5475917,57686,2786521,50160,2564093,10362,125303,62347,1401377,0.172391,55547,2121340,0.260958,73172,3522717,0.433349,8129050
3,2021-04-03,76262,5552179,39011,2825532,27995,2592088,9256,134559,37923,1410663,0.173534,38181,2159521,0.265655,47467,3570184,0.439188,8129050
3,2021-04-04,32487,5584666,17382,2842914,10876,2602964,4229,138788,14181,1410865,0.173558,18225,2177746,0.267897,18427,3588611,0.441455,8129050
3,2021-04-05,89735,5674401,45563,2888477,34914,2637878,9258,148046,43603,1418640,0.174515,45889,2223635,0.273542,53664,3642275,0.448057,8129050
3,2021-04-06,113759,5788160,55335,2943812,43190,2681068,15234,163280,53366,1427826,0.175645,60097,2283732,0.280935,69283,3711558,0.45658,8129050
3,2021-04-07,116591,5904751,60297,3004109,39950,2721018,16344,179624,56217,1440536,0.177208,60093,2343825,0.288327,72803,3784361,0.465535,8129050
3,2021-04-08,121686,6026437,60574,3064683,40900,2761918,20212,199836,56303,1452735,0.178709,65057,2408882,0.29633,77256,3861617,0.475039,8129050
3,2021-04-09,118731,6145168,59175,3123858,40347,2802265,19209,219045,52084,1458518,0.17942,66378,2475260,0.304496,72161,3933778,0.483916,8129050
3,2021-04-10,84585,6229753,37929,3161787,31349,2833614,15307,234352,34339,1458912,0.179469,50045,2525305,0.310652,50439,3984217,0.490121,8129050
3,2021-04-11,45408,6275161,24322,3186109,13055,2846669,8031,242383,17230,1456914,0.179223,28077,2553382,0.314106,26079,4010296,0.493329,8129050
3,2021-04-12,84176,6359337,42521,3228630,32819,2879488,8836,251219,38021,1458946,0.179473,45905,2599287,0.319753,47937,4058233,0.499226,8129050
3,2021-04-13,105709,6465046,57244,3285874,48256,2927744,209,251428,55624,1465841,0.180321,49823,2649110,0.325882,56718,4114951,0.506203,8129050
3,2021-04-14,107874,6572920,58943,3344817,48828,2976572,103,251531,53581,1466975,0.180461,53987,2703097,0.332523,55121,4170072,0.512984,8129050
3,2021-04-15,119585,6692505,67199,3412016,52308,3028880,78,251609,63706,1476026,0.181574,55542,2758639,0.339356,64593,4234665,0.52093,8129050
3,2021-04-16,115848,6808353,64947,3476963,50807,3079687,94,251703,60290,1481846,0.18229,55232,2813871,0.34615,61052,4295717,0.52844,8129050
3,2021-04-17,79710,6888063,43409,3520372,36287,3115974,14,251717,44327,1492014,0.183541,35142,2849013,0.350473,45310,4341027,0.534014,8129050
3,2021-04-18,38835,6926898,23425,3543797,15403,3131377,7,251724,18186,1490555,0.183362,20525,2869538,0.352998,19066,4360093,0.536359,8129050
3,2021-04-19,79443,7006341,44193,3587990,35194,3166571,56,251780,35730,1483353,0.182476,43496,2913034,0.358349,36294,4396387,0.540824,8129050
3,2021-04-20,101206,7107547,53264,3641254,47924,3214495,18,251798,48950,1481359,0.18223,51986,2965020,0.364744,49992,4446379,0.546974,8129050
3,2021-04-21,106171,7213718,59617,3700871,46483,3260978,71,251869,50031,1476786,0.181668,55758,3020778,0.371603,51185,4497564,0.553271,8129050
3,2021-04-22,112292,7326010,63066,3763937,49199,3310177,27,251896,48186,1462215,0.179875,63742,3084520,0.379444,49171,4546735,0.559319,8129050
3,2021-04-23,106656,7432666,60998,3824935,45628,3355805,30,251926,46718,1450406,0.178423,59569,3144089,0.386772,47760,4594495,0.565195,8129050
3,2021-04-24,74143,7506809,45784,3870719,28287,3384092,72,251998,36057,1449729,0.178339,37799,3181888,0.391422,37122,4631617,0.569761,8129050
3,2021-04-25,37046,7543855,23651,3894370,13378,3397470,17,252015,18905,1451071,0.178504,17987,3199875,0.393635,19329,4650946,0.572139,8129050
3,2021-04-26,74235,7618090,41984,3936354,31843,3429313,408,252423,31677,1442225,0.177416,42274,3242149,0.398835,33428,4684374,0.576251,8129050
3,2021-04-27,91391,7709481,47959,3984313,41687,3471000,1745,254168,36244,1426154,0.175439,54827,3296976,0.405579,38756,4723130,0.581019,8129050
3,2021-04-28,87079,7796560,49477,4033790,35458,3506458,2144,256312,35549,1413153,0.17384,51221,3348197,0.41188,38220,4761350,0.58572,8129050
3,2021-04-29,89319,7885879,51055,4084845,36048,3542506,2216,258528,31863,1390610,0.171067,57111,3405308,0.418906,34568,4795918,0.589973,8129050
3,2021-04-30,91023,7976902,51360,4136205,37181,3579687,2482,261010,33906,1370718,0.16862,56746,3462054,0.425887,36854,4832772,0.594506,8129050
3,2021-05-01,55481,8032383,34818,4171023,19186,3598873,1477,262487,19991,1357459,0.166989,35218,3497272,0.430219,21959,4854731,0.597208,8129050
3,2021-05-02,27003,8059386,18442,4189465,7545,3606418,1016,263503,9897,1351472,0.166252,16996,3514268,0.43231,11009,4865740,0.598562,8129050
3,2021-05-03,60018,8119404,35222,4224687,22422,3628840,2374,265877,17560,1329368,0.163533,42221,3556489,0.437504,20117,4885857,0.601037,8129050
3,2021-05-04,77780,8197184,44955,4269642,30139,3658979,2686,268563,22631,1300120,0.159935,54845,3611334,0.44425,25597,4911454,0.604185,8129050
3,2021-05-05,79253,8276437,47584,4317226,28961,3687940,2708,271271,22011,1268230,0.156012,56895,3668229,0.451249,25005,4936459,0.607261,8129050
3,2021-05-06,83619,8360056,52929,4370155,28160,3716100,2530,273801,20736,1229646,0.151266,62395,3730624,0.458925,23811,4960270,0.610191,8129050
3,2021-05-07,82519,8442575,51415,4421570,28481,3744581,2623,276424,21920,1194246,0.146911,60237,3790861,0.466335,24837,4985107,0.613246,8129050
3,2021-05-08,52478,8495053,32501,4454071,18258,3762839,1719,278143,13923,1171867,0.144158,38282,3829143,0.471044,15903,5001010,0.615202,8129050
3,2021-05-09,20987,8516040,15336,4469407,4863,3767702,788,278931,5531,1162892,0.143054,15361,3844504,0.472934,6386,5007396,0.615988,8129050
3,2021-05-10,48169,8564209,25869,4495276,20392,3788094,1908,280839,11188,1139480,0.140174,36769,3881273,0.477457,13357,5020753,0.617631,8129050
3,2021-05-11,63971,8628180,35772,4531048,25978,3814072,2221,283060,16139,1110722,0.136636,47583,3928856,0.483311,18825,5039578,0.619947,8129050
3,2021-05-12,64776,8692956,37215,4568263,25165,3839237,2396,285456,16557,1082011,0.133104,47961,3976817,0.489211,19250,5058828,0.622315,8129050
3,2021-05-13,75239,8768195,47425,4615688,25907,3865144,1907,287363,27505,1064545,0.130956,47488,4024305,0.495052,30022,5088850,0.626008,8129050
3,2021-05-14,80228,8848423,50703,4666391,27391,3892535,2134,289497,31089,1049519,0.129107,48847,4073152,0.501061,33821,5122671,0.630168,8129050
3,2021-05-15,61975,8910398,42740,4709131,18026,3910561,1209,290706,25600,1040376,0.127982,36169,4109321,0.505511,27026,5149697,0.633493,8129050
3,2021-05-16,33083,8943481,24723,4733854,7669,3918230,691,291397,13344,1034880,0.127306,19618,4128939,0.507924,14122,5163819,0.63523,8129050
3,2021-05-17,56815,9000296,36205,4770059,18775,3937005,1835,293232,20940,1022258,0.125754,35601,4164540,0.512303,22979,5186798,0.638057,8129050
3,2021-05-18,64459,9064755,38050,4808109,24550,3961555,1859,295091,24221,1008771,0.124095,39962,4204502,0.517219,26475,5213273,0.641314,8129050
3,2021-05-19,63883,9128638,38834,4846943,23307,3984862,1742,296833,24730,996617,0.122599,38898,4243400,0.522004,26744,5240017,0.644604,8129050
3,2021-05-20,61696,9190334,36101,4883044,23756,4008618,1839,298672,22155,981691,0.120763,39259,4282659,0.526834,24333,5264350,0.647597,8129050
3,2021-05-21,65826,9256160,39981,4923025,23747,4032365,2098,300770,23518,965619,0.118786,41990,4324649,0.531999,25918,5290268,0.650786,8129050
3,2021-05-22,45648,9301808,30253,4953278,13923,4046288,1472,302242,19052,960016,0.118097,26384,4351033,0.535245,20781,5311049,0.653342,8129050
3,2021-05-23,21734,9323542,15040,4968318,6043,4052331,651,302893,9190,957512,0.117789,12456,4363489,0.536777,9952,5321001,0.654566,8129050
3,2021-05-24,39480,9363022,23090,4991408,14634,4066965,1756,304649,14633,949457,0.116798,24649,4388138,0.539809,16594,5337595,0.656607,8129050
3,2021-05-25,42701,9405723,24015,5015423,17009,4083974,1677,306326,15154,939230,0.11554,27283,4415421,0.543166,17056,5354651,0.658706,8129050
3,2021-05-26,42387,9448110,24263,5039686,16407,4100381,1717,308043,15860,930711,0.114492,26231,4441652,0.546393,17712,5372363,0.660884,8129050
3,2021-05-27,39334,9487444,22060,5061746,15524,4115905,1750,309793,15436,924398,0.113715,23739,4465391,0.549313,17426,5389789,0.663028,8129050
3,2021-05-28,42724,9530168,24128,5085874,16799,4132704,1797,311590,17758,919512,0.113114,24762,4490153,0.552359,19876,5409665,0.665473,8129050
3,2021-05-29,23460,9553628,14326,5100200,8297,4141001,837,312427,11000,919147,0.113069,12328,4502481,0.553875,11963,5421628,0.666945,8129050
3,2021-05-30,10596,9564224,6869,5107069,3091,4144092,636,313063,4455,918216,0.112955,6063,4508544,0.554621,5132,5426760,0.667576,8129050
3,2021-05-31,4627,9568851,2673,5109742,1689,4145781,265,313328,1455,916831,0.112785,3134,4511678,0.555007,1749,5428509,0.667791,8129050
3,2021-06-01,37668,9606519,21678,5131420,14554,4160335,1436,314764,13178,907381,0.111622,24256,4535934,0.557991,14806,5443315,0.669613,8129050
3,2021-06-02,31459,9637978,18070,5149490,11981,4172316,1408,316172,11645,900960,0.110832,19607,4555541,0.560403,13186,5456501,0.671235,8129050
3,2021-06-03,39574,9677552,27076,5176566,11065,4183381,1433,317605,11439,886100,0.109004,27953,4583494,0.563841,13093,5469594,0.672845,8129050
3,2021-06-04,46142,9723694,32642,5209208,11955,4195336,1545,319150,13134,868410,0.106828,32770,4616264,0.567873,15080,5484674,0.6747,8129050
3,2021-06-05,34316,9758010,25871,5235079,7259,4202595,1186,320336,8742,853156,0.104952,25366,4641630,0.570993,10112,5494786,0.675944,8129050
3,2021-06-06,14616,9772626,12197,5247276,1838,4204433,581,320917,3751,846847,0.104175,10804,4652434,0.572322,4495,5499281,0.676497,8129050
3,2021-06-07,30375,9803001,22083,5269359,7010,4211443,1282,322199,8724,835469,0.102776,21503,4673937,0.574967,10125,5509406,0.677743,8129050
3,2021-06-08,34291,9837292,24627,5293986,8380,4219823,1284,323483,9964,822811,0.101219,24117,4698054,0.577934,11459,5520865,0.679153,8129050
3,2021-06-09,32956,9870248,23908,5317894,7749,4227572,1299,324782,8869,809228,0.099548,23907,4721961,0.580875,10324,5531189,0.680423,8129050
3,2021-06-10,32444,9902692,23396,5341290,7522,4235094,1526,326308,8943,796546,0.097988,23345,4745306,0.583747,10663,5541852,0.681734,8129050
3,2021-06-11,35525,9938217,25118,5366408,9043,4244137,1364,327672,10582,783919,0.096434,24747,4770053,0.586791,12120,5553972,0.683225,8129050
3,2021-06-12,25135,9963352,18936,5385344,5307,4249444,892,328564,6695,773333,0.095132,18325,4788378,0.589045,7739,5561711,0.684177,8129050
3,2021-06-13,10132,9973484,7579,5392923,2063,4251507,490,329054,2367,768550,0.094544,7711,4796089,0.589994,2928,5564639,0.684537,8129050
3,2021-06-14,25763,9999247,18461,5411384,5885,4257392,1417,330471,8074,760623,0.093568,17557,4813646,0.592154,9630,5574269,0.685722,8129050
3,2021-06-15,28694,10027941,19411,5430795,7783,4265175,1500,331971,9648,753121,0.092646,18818,4832464,0.594468,11316,5585585,0.687114,8129050
3,2021-06-16,25832,10053773,18333,5449128,6089,4271264,1410,333381,8701,746439,0.091824,16948,4849412,0.596553,10266,5595851,0.688377,8129050
3,2021-06-17,24813,10078586,17771,5466899,5755,4277019,1287,334668,8609,740417,0.091083,16053,4865465,0.598528,10031,5605882,0.689611,8129050
3,2021-06-18,27961,10106547,19749,5486648,6643,4283662,1569,336237,9808,734036,0.090298,17926,4883391,0.600733,11545,5617427,0.691031,8129050
3,2021-06-19,15990,10122537,11752,5498400,3381,4287043,857,337094,5718,730570,0.089872,10146,4893537,0.601981,6680,5624107,0.691853,8129050
3,2021-06-20,6858,10129395,5142,5503542,1417,4288460,299,337393,2599,729313,0.089717,4207,4897744,0.602499,2950,5627057,0.692216,8129050
3,2021-06-21,16198,10145593,10213,5513755,4588,4293048,1397,338790,8073,730868,0.089908,8033,4905777,0.603487,9588,5636645,0.693395,8129050
3,2021-06-22,22061,10167654,15468,5529223,5301,4298349,1292,340082,8265,726900,0.08942,13678,4919455,0.60517,9710,5646355,0.69459,8129050
3,2021-06-23,20219,10187873,14168,5543391,4723,4303072,1328,341410,8016,724290,0.089099,12091,4931546,0.606657,9481,5655836,0.695756,8129050
3,2021-06-24,19914,10207787,13861,5557252,4609,4307681,1444,342854,7776,721651,0.088774,11970,4943516,0.60813,9331,5665167,0.696904,8129050
3,2021-06-25,23252,10231039,16496,5573748,5333,4313014,1423,344277,9092,718259,0.088357,14030,4957546,0.609856,10638,5675805,0.698213,8129050
3,2021-06-26,13851,10244890,10277,5584025,2802,4315816,772,345049,5781,716965,0.088198,8001,4965547,0.61084,6707,5682512,0.699038,8129050
3,2021-06-27,6684,10251574,5166,5589191,1210,4317026,308,345357,2860,716377,0.088126,3788,4969335,0.611306,3200,5685712,0.699431,8129050
3,2021-06-28,15848,10267422,12179,5601370,2594,4319620,1075,346432,6689,715188,0.087979,9050,4978385,0.612419,7861,5693573,0.700398,8129050
3,2021-06-29,17927,10285349,12633,5614003,4302,4323922,992,347424,7339,713179,0.087732,10470,4988855,0.613707,8461,5702034,0.701439,8129050
3,2021-06-30,16926,10302275,11981,5625984,3911,4327833,1034,348458,7286,712132,0.087603,9510,4998365,0.614877,8463,5710497,0.70248,8129050
3,2021-07-01,16134,10318409,11498,5637482,3576,4331409,1060,349518,6781,710820,0.087442,9254,5007619,0.616015,7942,5718439,0.703457,8129050
3,2021-07-02,18327,10336736,13050,5650532,4179,4335588,1098,350616,7799,709401,0.087267,10418,5018037,0.617297,8999,5727438,0.704564,8129050
3,2021-07-03,9980,10346716,7222,5657754,2332,4337920,426,351042,4274,708559,0.087164,5644,5023681,0.617991,4802,5732240,0.705155,8129050
3,2021-07-04,702,10347418,406,5658160,209,4338129,87,351129,266,708499,0.087156,429,5024110,0.618044,369,5732609,0.7052,8129050
3,2021-07-05,9476,10356894,6928,5665088,2125,4340254,423,351552,4293,708156,0.087114,5120,5029230,0.618674,4777,5737386,0.705788,8129050
3,2021-07-06,18892,10375786,13705,5678793,4076,4344330,1111,352663,6841,704314,0.086642,11913,5041143,0.620139,8071,5745457,0.706781,8129050
3,2021-07-07,15559,10391345,11040,5689833,3414,4347744,1105,353768,6288,702641,0.086436,9170,5050313,0.621267,7497,5752954,0.707703,8129050
3,2021-07-08,15195,10406540,10965,5700798,3242,4350986,988,354756,6167,700950,0.086228,8933,5059246,0.622366,7242,5760196,0.708594,8129050
3,2021-07-09,17439,10423979,12164,5712962,4072,4355058,1203,355959,7191,699315,0.086027,10137,5069383,0.623613,8502,5768698,0.70964,8129050
3,2021-07-10,10743,10434722,7901,5720863,2181,4357239,661,356620,4566,698517,0.085928,6112,5075495,0.624365,5314,5774012,0.710294,8129050
3,2021-07-11,5085,10439807,3761,5724624,1048,4358287,276,356896,2292,698359,0.085909,2746,5078241,0.624703,2588,5776600,0.710612,8129050
3,2021-07-12,14275,10454082,10402,5735026,2873,4361160,1000,357896,5693,696619,0.085695,8504,5086745,0.625749,6764,5783364,0.711444,8129050
3,2021-07-13,15019,10469101,10606,5745632,3508,4364668,905,358801,6573,695828,0.085598,8347,5095092,0.626776,7556,5790920,0.712374,8129050
3,2021-07-14,14285,10483386,10133,5755765,3233,4367901,919,359720,6352,695329,0.085536,7832,5102924,0.627739,7333,5798253,0.713276,8129050
3,2021-07-15,14526,10497912,10497,5766262,3201,4371102,828,360548,6663,695121,0.085511,7771,5110695,0.628695,7563,5805816,0.714206,8129050
3,2021-07-16,17531,10515443,12615,5778877,4037,4375139,879,361427,8376,695394,0.085544,9053,5119748,0.629809,9326,5815142,0.715353,8129050
3,2021-07-17,10960,10526403,7997,5786874,2436,4377575,527,361954,5204,695505,0.085558,5688,5125436,0.630509,5799,5820941,0.716067,8129050
3,2021-07-18,5455,10531858,4118,5790992,1087,4378662,250,362204,2676,695717,0.085584,2740,5128176,0.630846,2952,5823893,0.71643,8129050
3,2021-07-19,14744,10546602,10773,5801765,3102,4381764,869,363073,7229,696475,0.085677,7416,5135592,0.631758,8174,5832067,0.717435,8129050
3,2021-07-20,16288,10562890,11324,5813089,4070,4385834,894,363967,8375,698017,0.085867,7806,5143398,0.632718,9348,5841415,0.718585,8129050
3,2021-07-21,15770,10578660,11167,5824256,3748,4389582,855,364822,7938,699174,0.086009,7709,5151107,0.633667,8866,5850281,0.719676,8129050
3,2021-07-22,16119,10594779,11401,5835657,3772,4393354,946,365768,8370,700923,0.086224,7634,5158741,0.634606,9383,5859664,0.72083,8129050
3,2021-07-23,18939,10613718,13509,5849166,4437,4397791,993,366761,10188,703570,0.08655,8612,5167353,0.635665,11259,5870923,0.722215,8129050
3,2021-07-24,11453,10625171,8249,5857415,2630,4400421,574,367335,6328,705455,0.086782,5049,5172402,0.636286,6934,5877857,0.723068,8129050
3,2021-07-25,5524,10630695,4143,5861558,1176,4401597,205,367540,4000,708228,0.087123,1481,5173883,0.636468,4254,5882111,0.723591,8129050
3,2021-07-26,14964,10645659,10541,5872099,3638,4405235,785,368325,9140,712505,0.087649,5720,5179603,0.637172,9997,5892108,0.724821,8129050
3,2021-07-27,16432,10662091,11714,5883813,3939,4409174,779,369104,9502,716063,0.088087,6809,5186412,0.63801,10367,5902475,0.726097,8129050
3,2021-07-28,10440,10672531,7435,5891248,2304,4411478,701,369805,5940,718325,0.088365,4421,5190833,0.638553,6683,5909158,0.726919,8129050
4,2020-12-15,456,456,456,456,0,0,0,0,456,456,5.7e-05,0,0,0.0,456,456,5.7e-05,8037679
4,2020-12-16,3051,3507,3051,3507,0,0,0,0,3051,3507,0.000436,0,0,0.0,3051,3507,0.000436,8037679
4,2020-12-17,8969,12476,8969,12476,0,0,0,0,8969,12476,0.001552,0,0,0.0,8969,12476,0.001552,8037679
4,2020-12-18,16218,28694,16206,28682,12,12,0,0,16218,28694,0.00357,0,0,0.0,16218,28694,0.00357,8037679
4,2020-12-19,10394,39088,10385,39067,9,21,0,0,10330,39024,0.004855,0,0,0.0,10330,39024,0.004855,8037679
4,2020-12-20,7430,46518,7423,46490,7,28,0,0,7385,46409,0.005774,0,0,0.0,7385,46409,0.005774,8037679
4,2020-12-21,16418,62936,16392,62882,26,54,0,0,16351,62759,0.007808,1,1,0.0,16351,62760,0.007808,8037679
4,2020-12-22,17223,80159,16473,79355,750,804,0,0,17178,79933,0.009945,4,5,1e-06,17178,79938,0.009945,8037679
4,2020-12-23,17143,97302,14407,93762,2736,3540,0,0,17121,97051,0.012075,3,8,1e-06,17121,97059,0.012076,8037679
4,2020-12-24,8574,105876,5979,99741,2595,6135,0,0,8573,105624,0.013141,0,8,1e-06,8573,105632,0.013142,8037679
4,2020-12-25,907,106783,801,100542,106,6241,0,0,907,106531,0.013254,0,8,1e-06,907,106539,0.013255,8037679
4,2020-12-26,6181,112964,3900,104442,2281,8522,0,0,6181,112712,0.014023,0,8,1e-06,6181,112720,0.014024,8037679
4,2020-12-27,3429,116393,1994,106436,1435,9957,0,0,3429,116141,0.01445,0,8,1e-06,3429,116149,0.014451,8037679
4,2020-12-28,15176,131569,9383,115819,5793,15750,0,0,15147,131285,0.016334,3,11,1e-06,15147,131296,0.016335,8037679
4,2020-12-29,15440,147009,8541,124360,6899,22649,0,0,15406,146690,0.01825,1,12,1e-06,15406,146702,0.018252,8037679
4,2020-12-30,19016,166025,11098,135458,7918,30567,0,0,19005,165693,0.020615,2,14,2e-06,19005,165707,0.020616,8037679
4,2020-12-31,8317,174342,3367,138825,4950,35517,0,0,8304,173988,0.021647,9,23,3e-06,8304,174011,0.021649,8037679
4,2021-01-01,1643,175985,745,139570,898,36415,0,0,1639,175624,0.02185,3,26,3e-06,1639,175650,0.021853,8037679
4,2021-01-02,5740,181725,3243,142813,2497,38912,0,0,5738,181361,0.022564,1,27,3e-06,5738,181388,0.022567,8037679
4,2021-01-03,2147,183872,1270,144083,877,39789,0,0,2133,183491,0.022829,3,30,4e-06,2133,183521,0.022833,8037679
4,2021-01-04,12999,196871,7039,151122,5960,45749,0,0,12950,196412,0.024436,29,59,7e-06,12950,196471,0.024444,8037679
4,2021-01-05,16980,213851,10062,161184,6918,52667,0,0,14762,208999,0.026002,2189,2248,0.00028,14776,211247,0.026282,8037679
4,2021-01-06,21691,235542,13296,174480,8395,61062,0,0,15571,218513,0.027186,6071,8319,0.001035,15585,226832,0.028221,8037679
4,2021-01-07,28048,263590,17099,191579,10949,72011,0,0,16748,224043,0.027874,11239,19558,0.002433,16769,243601,0.030307,8037679
4,2021-01-08,33007,296597,21190,212769,11817,83828,0,0,18398,227920,0.028356,14542,34100,0.004243,18419,262020,0.032599,8037679
4,2021-01-09,16338,312935,9668,222437,6670,90498,0,0,9487,230579,0.028687,6840,40940,0.005094,9499,271519,0.033781,8037679
4,2021-01-10,8800,321735,5684,228121,3116,93614,0,0,4177,230152,0.028634,4612,45552,0.005667,4185,275704,0.034301,8037679
4,2021-01-11,33600,355335,22069,250190,11531,105145,0,0,18909,234445,0.029168,14663,60215,0.007492,18956,294660,0.03666,8037679
4,2021-01-12,38690,394025,22317,272507,16373,121518,0,0,24350,244551,0.030426,14285,74500,0.009269,24391,319051,0.039694,8037679
4,2021-01-13,39030,433055,19335,291842,19695,141213,0,0,27613,260815,0.032449,11376,85876,0.010684,27640,346691,0.043133,8037679
4,2021-01-14,39558,472613,15233,307075,24325,165538,0,0,32317,285959,0.035577,7202,93078,0.01158,32346,379037,0.047158,8037679
4,2021-01-15,45609,518222,15950,323025,29659,195197,0,0,40006,320456,0.039869,5535,98613,0.012269,40032,419069,0.052138,8037679
4,2021-01-16,28862,547084,9422,332447,19440,214637,0,0,25732,343106,0.042687,3100,101713,0.012655,25750,444819,0.055342,8037679
4,2021-01-17,19189,566273,6761,339208,12428,227065,0,0,17655,359263,0.044697,1512,103225,0.012843,17669,462488,0.05754,8037679
4,2021-01-18,29559,595832,13685,352893,15874,242939,0,0,23556,376910,0.046893,5935,109160,0.013581,23582,486070,0.060474,8037679
4,2021-01-19,46277,642109,23125,376018,23152,266091,0,0,36858,404472,0.050322,9371,118531,0.014747,36933,523003,0.065069,8037679
4,2021-01-20,52808,694917,28278,404296,24530,290621,0,0,42204,436232,0.054273,10506,129037,0.016054,42266,565269,0.070327,8037679
4,2021-01-21,58022,752939,26156,430452,31866,322487,0,0,51219,480775,0.059815,6721,135758,0.01689,51264,616533,0.076705,8037679
4,2021-01-22,55596,808535,22346,452798,33250,355737,0,0,50399,526073,0.065451,5128,140886,0.017528,50426,666959,0.082979,8037679
4,2021-01-23,39771,848306,17455,470253,22316,378053,0,0,35410,557161,0.069319,4351,145237,0.01807,35439,702398,0.087388,8037679
4,2021-01-24,24067,872373,10517,480770,13550,391603,0,0,22156,577434,0.071841,1902,147139,0.018306,22175,724573,0.090147,8037679
4,2021-01-25,48193,920566,22302,503072,25891,417494,0,0,36995,603321,0.075062,11166,158305,0.019695,37053,761626,0.094757,8037679
4,2021-01-26,57171,977737,29181,532253,27990,445484,0,0,44825,635899,0.079115,12309,170614,0.021227,44887,806513,0.100342,8037679
4,2021-01-27,56497,1034234,26895,559148,29602,475086,0,0,45363,670261,0.08339,11054,181668,0.022602,45416,851929,0.105992,8037679
4,2021-01-28,56941,1091175,25770,584918,31171,506257,0,0,46854,707172,0.087982,9990,191658,0.023845,46901,898830,0.111827,8037679
4,2021-01-29,56872,1148047,27298,612216,29574,535831,0,0,46357,743250,0.092471,10314,201972,0.025128,46392,945222,0.117599,8037679
4,2021-01-30,38253,1186300,17293,629509,20960,556791,0,0,32860,770801,0.095898,5336,207308,0.025792,32887,978109,0.12169,8037679
4,2021-01-31,24096,1210396,12703,642212,11393,568184,0,0,22384,791511,0.098475,1692,209000,0.026003,22402,1000511,0.124478,8037679
4,2021-02-01,49887,1260283,24050,666262,25837,594021,0,0,38159,818044,0.101776,11671,220671,0.027455,38204,1038715,0.129231,8037679
4,2021-02-02,55788,1316071,25662,691924,30126,624147,0,0,42806,847993,0.105502,12902,233573,0.02906,42851,1081566,0.134562,8037679
4,2021-02-03,62459,1378530,30682,722606,31777,655924,0,0,47870,881478,0.109668,14438,248011,0.030856,47923,1129489,0.140524,8037679
4,2021-02-04,67864,1446394,31476,754082,36388,692312,0,0,50944,915784,0.113936,16746,264757,0.032939,51052,1180541,0.146876,8037679
4,2021-02-05,73669,1520063,34155,788237,39514,731826,0,0,51119,944772,0.117543,22266,287023,0.03571,51254,1231795,0.153253,8037679
4,2021-02-06,48956,1569019,26335,814572,22621,754447,0,0,37289,970668,0.120765,11597,298620,0.037153,37493,1269288,0.157917,8037679
4,2021-02-07,26630,1595649,17609,832181,9021,763468,0,0,20102,984513,0.122487,6495,305115,0.037961,20340,1289628,0.160448,8037679
4,2021-02-08,58939,1654588,30396,862577,28543,792011,0,0,38284,1002548,0.124731,20514,325629,0.040513,38549,1328177,0.165244,8037679
4,2021-02-09,67651,1722239,34273,896850,33378,825389,0,0,39594,1014723,0.126246,27862,353491,0.043979,40037,1368214,0.170225,8037679
4,2021-02-10,77844,1800083,38965,935815,38879,864268,0,0,40875,1019427,0.126831,36716,390207,0.048547,41420,1409634,0.175378,8037679
4,2021-02-11,81988,1882071,42875,978690,39113,903381,0,0,41646,1021687,0.127112,40064,430271,0.053532,42324,1451958,0.180644,8037679
4,2021-02-12,85056,1967127,38161,1016851,46895,950276,0,0,43656,1025018,0.127527,41114,471385,0.058647,44445,1496403,0.186174,8037679
4,2021-02-13,59266,2026393,30036,1046887,29230,979506,0,0,30150,1027102,0.127786,28969,500354,0.062251,31053,1527456,0.190037,8037679
4,2021-02-14,37110,2063503,19302,1066189,17808,997314,0,0,18989,1028686,0.127983,18062,518416,0.064498,19646,1547102,0.192481,8037679
4,2021-02-15,46553,2110056,21837,1088026,24716,1022030,0,0,23829,1031064,0.128279,22634,541050,0.067314,25012,1572114,0.195593,8037679
4,2021-02-16,80845,2190901,37118,1125144,43727,1065757,0,0,41048,1033681,0.128604,39650,580700,0.072247,42267,1614381,0.200852,8037679
4,2021-02-17,82155,2273056,38866,1164010,43289,1109046,0,0,39035,1030941,0.128264,42903,623603,0.077585,40163,1654544,0.205848,8037679
4,2021-02-18,84047,2357103,46278,1210288,37769,1146815,0,0,38770,1026117,0.127663,45073,668676,0.083193,40249,1694793,0.210856,8037679
4,2021-02-19,83442,2440545,52605,1262893,30837,1177652,0,0,41603,1026754,0.127743,41658,710334,0.088376,42295,1737088,0.216118,8037679
4,2021-02-20,49963,2490508,33279,1296172,16684,1194336,0,0,27014,1031601,0.128346,22862,733196,0.09122,27709,1764797,0.219565,8037679
4,2021-02-21,30331,2520839,24087,1320259,6244,1200580,0,0,14628,1030900,0.128258,15615,748811,0.093163,14914,1779711,0.221421,8037679
4,2021-02-22,55520,2576359,38167,1358426,17353,1217933,0,0,26697,1029389,0.12807,28659,777470,0.096728,27148,1806859,0.224799,8037679
4,2021-02-23,76719,2653078,42490,1400916,34229,1252162,0,0,33550,1021653,0.127108,42958,820428,0.102073,35222,1842081,0.229181,8037679
4,2021-02-24,91985,2745063,48610,1449526,43375,1295537,0,0,41302,1014710,0.126244,50403,870831,0.108344,43460,1885541,0.234588,8037679
4,2021-02-25,103586,2848649,54189,1503715,49397,1344934,0,0,49346,1012611,0.125983,54001,924832,0.115062,51902,1937443,0.241045,8037679
4,2021-02-26,109888,2958537,55528,1559243,54360,1399294,0,0,56051,1017499,0.126591,53524,978356,0.121721,58412,1995855,0.248312,8037679
4,2021-02-27,79982,3038519,43570,1602813,36402,1435696,10,10,42604,1024445,0.127455,37154,1015510,0.126344,44100,2039955,0.253799,8037679
4,2021-02-28,49491,3088010,30588,1633401,18896,1454592,7,17,27246,1030540,0.128214,22044,1037554,0.129086,28139,2068094,0.2573,8037679
4,2021-03-01,80432,3168442,47130,1680531,33256,1487848,46,63,44264,1040215,0.129417,35829,1073383,0.133544,45504,2113598,0.262961,8037679
4,2021-03-02,87531,3255973,50288,1730819,37234,1525082,9,72,51177,1057034,0.13151,36154,1109537,0.138042,52973,2166571,0.269552,8037679
4,2021-03-03,101108,3357081,53832,1784651,47260,1572342,16,88,56436,1070814,0.133224,44444,1153981,0.143571,58224,2224795,0.276796,8037679
4,2021-03-04,98451,3455532,54608,1839259,43826,1616168,17,105,53839,1082080,0.134626,44365,1198346,0.149091,55631,2280426,0.283717,8037679
4,2021-03-05,96005,3551537,51939,1891198,43746,1659914,320,425,56607,1101778,0.137077,39168,1237514,0.153964,58866,2339292,0.291041,8037679
4,2021-03-06,76881,3628418,43340,1934538,30895,1690809,2646,3071,47160,1123331,0.139758,29580,1267094,0.157644,51133,2390425,0.297402,8037679
4,2021-03-07,44909,3673327,27572,1962110,15146,1705955,2191,5262,26100,1133987,0.141084,18720,1285814,0.159973,29376,2419801,0.301057,8037679
4,2021-03-08,68053,3741380,35622,1997732,29056,1735011,3375,8637,44706,1160166,0.144341,23213,1309027,0.162861,49392,2469193,0.307202,8037679
4,2021-03-09,82109,3823489,41477,2039209,35379,1770390,5253,13890,44289,1173151,0.145956,37626,1346653,0.167543,50611,2519804,0.313499,8037679
4,2021-03-10,91653,3915142,47257,2086466,36906,1807296,7490,21380,46253,1182607,0.147133,45188,1391841,0.173165,54644,2574448,0.320297,8037679
4,2021-03-11,101247,4016389,53068,2139534,39669,1846965,8510,29890,46720,1184633,0.147385,54254,1446095,0.179915,56280,2630728,0.327299,8037679
4,2021-03-12,104996,4121385,51705,2191239,42961,1889926,10330,40220,44891,1180911,0.146922,59805,1505900,0.187355,56083,2686811,0.334277,8037679
4,2021-03-13,81894,4203279,37921,2229160,35472,1925398,8501,48721,38683,1186088,0.147566,43062,1548962,0.192713,48239,2735050,0.340279,8037679
4,2021-03-14,50060,4253339,28495,2257655,17915,1943313,3650,52371,23361,1187094,0.147691,26594,1575556,0.196021,27600,2762650,0.343712,8037679
4,2021-03-15,84038,4337377,45223,2302878,34551,1977864,4264,56635,42606,1193633,0.148505,41156,1616712,0.201142,47695,2810345,0.349646,8037679
4,2021-03-16,108297,4445674,56305,2359183,48567,2026431,3425,60060,57091,1203891,0.149781,50935,1667647,0.207479,61193,2871538,0.35726,8037679
4,2021-03-17,107648,4553322,58017,2417200,46124,2072555,3507,63567,62940,1226435,0.152586,44425,1712072,0.213006,66969,2938507,0.365591,8037679
4,2021-03-18,107650,4660972,59737,2476937,44208,2116763,3705,67272,60861,1244913,0.154885,46496,1758568,0.218791,64974,3003481,0.373675,8037679
4,2021-03-19,112154,4773126,64521,2541458,42402,2159165,5231,72503,63573,1265795,0.157483,48287,1806855,0.224798,69169,3072650,0.382281,8037679
4,2021-03-20,84495,4857621,49417,2590875,32060,2191225,3018,75521,51645,1288078,0.160255,32677,1839532,0.228864,54960,3127610,0.389119,8037679
4,2021-03-21,48436,4906057,35095,2625970,11080,2202305,2261,77782,28212,1298812,0.16159,20083,1859615,0.231362,30817,3158427,0.392953,8037679
4,2021-03-22,82952,4989009,54213,2680183,26000,2228305,2739,80521,51259,1322091,0.164487,31420,1891035,0.235271,54699,3213126,0.399758,8037679
4,2021-03-23,105533,5094542,63175,2743358,40210,2268515,2148,82669,62527,1344591,0.167286,42717,1933752,0.240586,65217,3278343,0.407872,8037679
4,2021-03-24,114329,5208871,73734,2817092,38167,2306682,2428,85097,64271,1362128,0.169468,49602,1983354,0.246757,67139,3345482,0.416225,8037679
4,2021-03-25,117872,5326743,72490,2889582,42972,2349654,2410,87507,67194,1382024,0.171943,50175,2033529,0.253,70071,3415553,0.424943,8037679
4,2021-03-26,120634,5447377,73145,2962727,44439,2394093,3050,90557,65738,1396889,0.173793,54506,2088035,0.259781,69371,3484924,0.433573,8037679
4,2021-03-27,92615,5539992,54565,3017292,36253,2430346,1797,92354,46927,1400666,0.174262,45422,2133457,0.265432,49199,3534123,0.439694,8037679
4,2021-03-28,56049,5596041,36987,3054279,18187,2448533,875,93229,29618,1405291,0.174838,26240,2159697,0.268697,30865,3564988,0.443535,8037679
4,2021-03-29,94200,5690241,56449,3110728,35664,2484197,2087,95316,50662,1415324,0.176086,43251,2202948,0.274078,53284,3618272,0.450164,8037679
4,2021-03-30,117787,5808028,64302,3175030,49320,2533517,4165,99481,69862,1442091,0.179416,47666,2250614,0.280008,74433,3692705,0.459424,8037679
4,2021-03-31,121674,5929702,71805,3246835,43548,2577065,6321,105802,68146,1463599,0.182092,53150,2303764,0.286621,74658,3767363,0.468713,8037679
4,2021-04-01,143015,6072717,81547,3328382,48164,2625229,13304,119106,84125,1502689,0.186956,58381,2362145,0.293884,97471,3864834,0.48084,8037679
4,2021-04-02,137174,6209891,73291,3401673,50262,2675491,13621,132727,79148,1537975,0.191346,57705,2419850,0.301063,92991,3957825,0.492409,8037679
4,2021-04-03,101496,6311387,54224,3455897,33797,2709288,13475,146202,52769,1555871,0.193572,48509,2468359,0.307098,66405,4024230,0.500671,8037679
4,2021-04-04,46993,6358380,24804,3480701,14654,2723942,7535,153737,20399,1557291,0.193749,26479,2494838,0.310393,27899,4052129,0.504142,8037679
4,2021-04-05,109886,6468266,61705,3542406,35309,2759251,12872,166609,56932,1574890,0.195938,52716,2547554,0.316951,70315,4122444,0.51289,8037679
4,2021-04-06,139293,6607559,78377,3620783,41082,2800333,19834,186443,72227,1600660,0.199145,66807,2614361,0.325263,92577,4215021,0.524408,8037679
4,2021-04-07,138040,6745599,78219,3699002,39045,2839378,20776,207219,71350,1626581,0.202369,66418,2680779,0.333527,92339,4307360,0.535896,8037679
4,2021-04-08,140510,6886109,78277,3777279,36684,2876062,25549,232768,69800,1652060,0.205539,70392,2751171,0.342284,95871,4403231,0.547824,8037679
4,2021-04-09,138106,7024215,75730,3853009,39259,2915321,23117,255885,65815,1669918,0.207761,72025,2823196,0.351245,89883,4493114,0.559006,8037679
4,2021-04-10,104064,7128279,51310,3904319,33828,2949149,18926,274811,46880,1679745,0.208984,56963,2880159,0.358332,66790,4559904,0.567316,8037679
4,2021-04-11,62830,7191109,38142,3942461,13491,2962640,11197,286008,27395,1684056,0.20952,35316,2915475,0.362726,39627,4599531,0.572246,8037679
4,2021-04-12,103156,7294265,62710,4005171,30224,2992864,10222,296230,51960,1696561,0.211076,50879,2966354,0.369056,63384,4662915,0.580132,8037679
4,2021-04-13,130802,7425067,82071,4087242,48562,3041426,169,296399,78198,1723496,0.214427,52293,3018647,0.375562,79228,4742143,0.589989,8037679
4,2021-04-14,135919,7560986,86586,4173828,49256,3090682,77,296476,75045,1739321,0.216396,60527,3079174,0.383092,76352,4818495,0.599488,8037679
4,2021-04-15,156459,7717445,104006,4277834,52383,3143065,70,296546,95763,1775630,0.220913,60292,3139466,0.390594,96601,4915096,0.611507,8037679
4,2021-04-16,143875,7861320,91209,4369043,52587,3195652,79,296625,83419,1799735,0.223912,60114,3199580,0.398073,84219,4999315,0.621985,8037679
4,2021-04-17,101799,7963119,63938,4432981,37837,3233489,24,296649,59583,1818571,0.226256,41920,3241500,0.403288,60756,5060071,0.629544,8037679
4,2021-04-18,56935,8020054,38467,4471448,18465,3251954,3,296652,32044,1826831,0.227283,24747,3266247,0.406367,33007,5093078,0.63365,8037679
4,2021-04-19,101626,8121680,66961,4538409,34647,3286601,18,296670,51646,1829376,0.2276,49721,3315968,0.412553,52266,5145344,0.640153,8037679
4,2021-04-20,132086,8253766,78744,4617153,53326,3339927,16,296686,68645,1836010,0.228425,63100,3379068,0.420403,69734,5215078,0.648829,8037679
4,2021-04-21,134875,8388641,88040,4705193,46780,3386707,55,296741,67885,1838497,0.228735,66566,3445634,0.428685,69053,5284131,0.65742,8037679
4,2021-04-22,141894,8530535,94171,4799364,47700,3434407,23,296764,63334,1824835,0.227035,78149,3523783,0.438408,64487,5348618,0.665443,8037679
4,2021-04-23,135401,8665936,88110,4887474,47267,3481674,24,296788,58740,1808502,0.225003,76287,3600070,0.447899,59954,5408572,0.672902,8037679
4,2021-04-24,99071,8765007,66872,4954346,32150,3513824,49,296837,45616,1802098,0.224206,53140,3653210,0.454511,46736,5455308,0.678717,8037679
4,2021-04-25,50454,8815461,35568,4989914,14859,3528683,27,296864,26349,1804975,0.224564,23952,3677162,0.457491,26829,5482137,0.682055,8037679
4,2021-04-26,92254,8907715,60511,5050425,31345,3560028,398,297262,36327,1787420,0.22238,55616,3732778,0.46441,38061,5520198,0.68679,8037679
4,2021-04-27,114073,9021788,69717,5120142,42038,3602066,2318,299580,41095,1758990,0.218843,72641,3805419,0.473447,44211,5564409,0.692291,8037679
4,2021-04-28,104591,9126379,68353,5188495,33707,3635773,2531,302111,38276,1734497,0.215796,65963,3871382,0.481654,41470,5605879,0.69745,8037679
4,2021-04-29,105917,9232296,67661,5256156,35725,3671498,2531,304642,34255,1700589,0.211577,71299,3942681,0.490525,37391,5643270,0.702102,8037679
4,2021-04-30,105657,9337953,66945,5323101,36008,3707506,2704,307346,36344,1671392,0.207945,68908,4011589,0.499098,39711,5682981,0.707043,8037679
4,2021-05-01,69520,9407473,46145,5369246,21601,3729107,1774,309120,20264,1645095,0.204673,48976,4060565,0.505191,22679,5705660,0.709864,8037679
4,2021-05-02,37660,9445133,26726,5395972,9643,3738750,1291,310411,10572,1630139,0.202812,26966,4087531,0.508546,12010,5717670,0.711358,8037679
4,2021-05-03,79390,9524523,55395,5451367,21503,3760253,2492,312903,19333,1592541,0.198134,59793,4147324,0.515985,22195,5739865,0.71412,8037679
4,2021-05-04,101492,9626015,69469,5520836,29254,3789507,2769,315672,22776,1540065,0.191606,78417,4225741,0.525741,25941,5765806,0.717347,8037679
4,2021-05-05,102394,9728409,72202,5593038,27454,3816961,2738,318410,22223,1485506,0.184818,79824,4305565,0.535673,25265,5791071,0.72049,8037679
4,2021-05-06,112217,9840626,84099,5677137,25176,3842137,2942,321352,19780,1417401,0.176345,91948,4397513,0.547112,23843,5814914,0.723457,8037679
4,2021-05-07,104889,9945515,75400,5752537,26805,3868942,2684,324036,20732,1357455,0.168886,83780,4481293,0.557536,23834,5838748,0.726422,8037679
4,2021-05-08,69672,10015187,47999,5800536,19743,3888685,1930,325966,13821,1317967,0.163974,55597,4536890,0.564453,16109,5854857,0.728426,8037679
4,2021-05-09,34259,10049446,28013,5828549,5300,3893985,946,326912,7529,1299914,0.161728,26622,4563512,0.567765,8569,5863426,0.729492,8037679
4,2021-05-10,65095,10114541,43547,5872096,19224,3913209,2324,329236,11064,1259803,0.156737,53810,4617322,0.57446,13699,5877125,0.731197,8037679
4,2021-05-11,82745,10197286,51645,5923741,28912,3942121,2188,331424,15833,1211664,0.150748,66660,4683982,0.582753,18521,5895646,0.733501,8037679
4,2021-05-12,79603,10276889,52926,5976667,24212,3966333,2465,333889,16656,1168508,0.145379,62651,4746633,0.590548,19495,5915141,0.735927,8037679
4,2021-05-13,104369,10381258,76829,6053496,26006,3992339,1534,335423,40440,1147896,0.142814,63598,4810231,0.59846,42986,5958127,0.741275,8037679
4,2021-05-14,104857,10486115,74051,6127547,28681,4021020,2125,337548,40389,1126803,0.14019,64143,4874374,0.60644,43050,6001177,0.746631,8037679
4,2021-05-15,85406,10571521,66026,6193573,18053,4039073,1327,338875,37669,1118602,0.13917,47487,4921861,0.612349,39286,6040463,0.751518,8037679
4,2021-05-16,51502,10623023,41511,6235084,9280,4048353,711,339586,21105,1110311,0.138138,30245,4952106,0.616111,21954,6062417,0.75425,8037679
4,2021-05-17,71017,10694040,51871,6286955,17304,4065657,1842,341428,28074,1097718,0.136572,42739,4994845,0.621429,30146,6092563,0.758,8037679
4,2021-05-18,81657,10775697,53108,6340063,26795,4092452,1754,343182,29173,1076888,0.13398,52123,5046968,0.627914,31293,6123856,0.761894,8037679
4,2021-05-19,76814,10852511,51913,6391976,22958,4115410,1943,345125,30846,1064295,0.132413,45671,5092639,0.633596,33078,6156934,0.766009,8037679
4,2021-05-20,69078,10921589,44416,6436392,22666,4138076,1996,347121,25602,1049054,0.130517,43183,5135822,0.638968,27942,6184876,0.769485,8037679
4,2021-05-21,73586,10995175,48525,6484917,23202,4161278,1859,348980,25962,1029815,0.128123,47327,5183149,0.644856,28088,6212964,0.77298,8037679
4,2021-05-22,49833,11045008,34926,6519843,13633,4174911,1274,350254,21672,1024993,0.127524,27995,5211144,0.648339,23173,6236137,0.775863,8037679
4,2021-05-23,23970,11068978,17102,6536945,6145,4181056,723,350977,9758,1021497,0.127089,14087,5225231,0.650092,10591,6246728,0.777181,8037679
4,2021-05-24,43053,11112031,27380,6564325,12671,4193727,3002,353979,15060,1011985,0.125905,27773,5253004,0.653547,18261,6264989,0.779453,8037679
4,2021-05-25,44878,11156909,27879,6592204,14173,4207900,2826,356805,15862,1002125,0.124678,28779,5281783,0.657128,18919,6283908,0.781806,8037679
4,2021-05-26,44596,11201505,26714,6618918,15281,4223181,2601,359406,15836,992197,0.123443,28540,5310323,0.660679,18612,6302520,0.784122,8037679
4,2021-05-27,38900,11240405,23326,6642244,12435,4235616,3139,362545,14641,986092,0.122684,24052,5334375,0.663671,17947,6320467,0.786355,8037679
4,2021-05-28,43256,11283661,27544,6669788,14108,4249724,1604,364149,18853,982634,0.122253,24138,5358513,0.666674,20680,6341147,0.788928,8037679
4,2021-05-29,23687,11307348,15367,6685155,7387,4257111,933,365082,10905,981968,0.122171,12634,5371147,0.668246,11968,6353115,0.790417,8037679
4,2021-05-30,12084,11319432,8494,6693649,3064,4260175,526,365608,5026,980600,0.122,6989,5378136,0.669116,5621,6358736,0.791116,8037679
4,2021-05-31,3573,11323005,2270,6695919,1142,4261317,161,365769,1139,979537,0.121868,2383,5380519,0.669412,1320,6360056,0.79128,8037679
4,2021-06-01,39431,11362436,24504,6720423,12487,4273804,2440,368209,13021,969025,0.12056,26189,5406708,0.67267,15677,6375733,0.793231,8037679
4,2021-06-02,32600,11395036,20363,6740786,9442,4283246,2795,371004,10877,961307,0.1196,21540,5428248,0.67535,13822,6389555,0.79495,8037679
4,2021-06-03,48042,11443078,36854,6777640,8735,4291981,2453,373457,10360,936913,0.116565,37512,5465760,0.680017,13118,6402673,0.796582,8037679
4,2021-06-04,54792,11497870,44108,6821748,9356,4301337,1328,374785,12751,909989,0.113215,41806,5507566,0.685218,14882,6417555,0.798434,8037679
4,2021-06-05,44790,11542660,38349,6860097,5445,4306782,996,375781,8779,884186,0.110005,35857,5543423,0.68968,10054,6427609,0.799685,8037679
4,2021-06-06,21229,11563889,18944,6879041,1721,4308503,564,376345,3974,871964,0.108485,17155,5560578,0.691814,4933,6432542,0.800298,8037679
4,2021-06-07,38682,11602571,31304,6910345,5459,4313962,1919,378264,8443,852510,0.106064,30103,5590681,0.695559,10649,6443191,0.801623,8037679
4,2021-06-08,40582,11643153,31833,6942178,6204,4320166,2545,380809,9445,833889,0.103747,30946,5621627,0.699409,12325,6455516,0.803157,8037679
4,2021-06-09,38935,11682088,30860,6973038,5714,4325880,2361,383170,7938,813714,0.101237,30827,5652454,0.703245,10652,6466168,0.804482,8037679
4,2021-06-10,37131,11719219,29255,7002293,5251,4331131,2625,385795,8413,796459,0.099091,28557,5681011,0.706797,11302,6477470,0.805888,8037679
4,2021-06-11,38285,11757504,30045,7032338,6228,4337359,2012,387807,9896,780488,0.097104,28231,5709242,0.71031,12260,6489730,0.807413,8037679
4,2021-06-12,26542,11784046,22080,7054418,3750,4341109,712,388519,6046,767075,0.095435,20389,5729631,0.712846,6976,6496706,0.808281,8037679
4,2021-06-13,10830,11794876,8557,7062975,1797,4342906,476,388995,2278,761449,0.094735,8487,5738118,0.713902,2861,6499567,0.808637,8037679
4,2021-06-14,28578,11823454,21372,7084347,4397,4347303,2809,391804,7802,751641,0.093515,20637,5758755,0.71647,10829,6510396,0.809985,8037679
4,2021-06-15,29933,11853387,21160,7105507,5370,4352673,3403,395207,8284,742093,0.092327,21490,5780245,0.719144,11942,6522338,0.81147,8037679
4,2021-06-16,26571,11879958,20027,7125534,3922,4356595,2622,397829,8000,734525,0.091385,18396,5798641,0.721432,10828,6533166,0.812817,8037679
4,2021-06-17,25122,11905080,18548,7144082,3680,4360275,2894,400723,7609,727891,0.09056,17328,5815969,0.723588,10694,6543860,0.814148,8037679
4,2021-06-18,26765,11931845,21107,7165189,4425,4364700,1233,401956,8258,719334,0.089495,18302,5834271,0.725865,9745,6553605,0.81536,8037679
4,2021-06-19,15734,11947579,12724,7177913,2308,4367008,702,402658,5050,714721,0.088921,10535,5844806,0.727176,5922,6559527,0.816097,8037679
4,2021-06-20,7366,11954945,6069,7183982,990,4367998,307,402965,2621,713046,0.088713,4685,5849491,0.727759,3010,6562537,0.816472,8037679
4,2021-06-21,14569,11969514,10532,7194514,2899,4370897,1138,404103,7342,714545,0.088899,7143,5856634,0.728647,8642,6571179,0.817547,8037679
4,2021-06-22,20454,11989968,15954,7210468,3426,4374323,1074,405177,7109,709662,0.088292,13219,5869853,0.730292,8336,6579515,0.818584,8037679
4,2021-06-23,18388,12008356,14435,7224903,2967,4377290,986,406163,6710,705935,0.087828,11544,5881397,0.731728,7817,6587332,0.819556,8037679
4,2021-06-24,17569,12025925,13584,7238487,2998,4380288,987,407150,6552,702755,0.087433,10859,5892256,0.733079,7679,6595011,0.820512,8037679
4,2021-06-25,21522,12047447,16920,7255407,3559,4383847,1043,408193,7793,698165,0.086862,13593,5905849,0.73477,9003,6604014,0.821632,8037679
4,2021-06-26,13013,12060460,10587,7265994,1810,4385657,616,408809,4796,695564,0.086538,8118,5913967,0.73578,5517,6609531,0.822318,8037679
4,2021-06-27,6837,12067297,5535,7271529,959,4386616,343,409152,2881,694923,0.086458,3918,5917885,0.736268,3277,6612808,0.822726,8037679
4,2021-06-28,15020,12082317,12612,7284141,1556,4388172,852,410004,6033,693025,0.086222,8905,5926790,0.737376,7007,6619815,0.823598,8037679
4,2021-06-29,16430,12098747,12754,7296895,2876,4391048,800,410804,6352,690329,0.085887,9969,5936759,0.738616,7273,6627088,0.824503,8037679
4,2021-06-30,14524,12113271,11319,7308214,2465,4393513,740,411544,6035,688836,0.085701,8378,5945137,0.739658,6885,6633973,0.825359,8037679
4,2021-07-01,14414,12127685,11372,7319586,2299,4395812,743,412287,5896,687208,0.085498,8406,5953543,0.740704,6778,6640751,0.826203,8037679
4,2021-07-02,16729,12144414,13281,7332867,2690,4398502,758,413045,6835,685131,0.08524,9800,5963343,0.741924,7723,6648474,0.827163,8037679
4,2021-07-03,9147,12153561,7265,7340132,1473,4399975,409,413454,3963,684450,0.085155,5110,5968453,0.742559,4429,6652903,0.827714,8037679
4,2021-07-04,425,12153986,262,7340394,104,4400079,59,413513,187,684473,0.085158,234,5968687,0.742588,257,6653160,0.827746,8037679
4,2021-07-05,9177,12163163,7470,7347864,1293,4401372,414,413927,4161,684161,0.085119,4936,5973623,0.743202,4624,6657784,0.828322,8037679
4,2021-07-06,16430,12179593,12949,7360813,2681,4404053,800,414727,6050,680859,0.084708,10263,5983886,0.744479,6961,6664745,0.829188,8037679
4,2021-07-07,13671,12193264,10671,7371484,2225,4406278,775,415502,5165,678497,0.084415,8419,5992305,0.745527,6057,6670802,0.829941,8037679
4,2021-07-08,13157,12206421,10297,7381781,2036,4408314,824,416326,5136,676645,0.084184,7905,6000210,0.74651,6053,6676855,0.830694,8037679
4,2021-07-09,15320,12221741,11760,7393541,2628,4410942,932,417258,6218,674945,0.083973,8967,6009177,0.747626,7267,6684122,0.831599,8037679
4,2021-07-10,8787,12230528,6946,7400487,1443,4412385,398,417656,3685,674068,0.083864,5020,6014197,0.74825,4143,6688265,0.832114,8037679
4,2021-07-11,4970,12235498,3982,7404469,787,4413172,201,417857,2235,673838,0.083835,2695,6016892,0.748586,2465,6690730,0.832421,8037679
4,2021-07-12,12988,12248486,10300,7414769,1973,4415145,715,418572,5036,671824,0.083584,7873,6024765,0.749565,5859,6696589,0.83315,8037679
4,2021-07-13,12669,12261155,9707,7424476,2333,4417478,629,419201,5382,670753,0.083451,7182,6031947,0.750459,6111,6702700,0.83391,8037679
4,2021-07-14,11643,12272798,9172,7433648,1927,4419405,544,419745,5049,669907,0.083346,6510,6038457,0.751269,5664,6708364,0.834615,8037679
4,2021-07-15,12359,12285157,9819,7443467,1958,4421363,582,420327,5637,669604,0.083308,6597,6045054,0.75209,6294,6714658,0.835398,8037679
4,2021-07-16,14867,12300024,11589,7455056,2612,4423975,666,420993,6844,669298,0.08327,7923,6052977,0.753075,7617,6722275,0.836345,8037679
4,2021-07-17,9098,12309122,7156,7462212,1623,4425598,319,421312,4301,669263,0.083266,4697,6057674,0.75366,4662,6726937,0.836925,8037679
4,2021-07-18,5118,12314240,4133,7466345,787,4426385,198,421510,2418,669258,0.083265,2644,6060318,0.753989,2639,6729576,0.837254,8037679
4,2021-07-19,12709,12326949,10095,7476440,1977,4428362,637,422147,6029,669428,0.083286,6589,6066907,0.754808,6759,6736335,0.838095,8037679
4,2021-07-20,13615,12340564,10503,7486943,2459,4430821,653,422800,6713,670116,0.083372,6759,6073666,0.755649,7447,6743782,0.839021,8037679
4,2021-07-21,12716,12353280,9879,7496822,2210,4433031,627,423427,6332,670878,0.083467,6254,6079920,0.756427,7016,6750798,0.839894,8037679
4,2021-07-22,13334,12366614,10417,7507239,2277,4435308,640,424067,6939,672247,0.083637,6270,6086190,0.757207,7639,6758437,0.840844,8037679
4,2021-07-23,15472,12382086,11957,7519196,2845,4438153,670,424737,8132,673954,0.083849,7181,6093371,0.758101,8888,6767325,0.84195,8037679
4,2021-07-24,9534,12391620,7471,7526667,1741,4439894,322,425059,4903,674731,0.083946,4495,6097866,0.75866,5272,6772597,0.842606,8037679
4,2021-07-25,4741,12396361,3736,7530403,852,4440746,153,425212,3348,676909,0.084217,1338,6099204,0.758827,3516,6776113,0.843043,8037679
4,2021-07-26,12733,12409094,10036,7540439,2090,4442836,607,425819,7442,679861,0.084584,5153,6104357,0.759468,8105,6784218,0.844052,8037679
4,2021-07-27,13761,12422855,10559,7550998,2491,4445327,711,426530,7434,681879,0.084835,6184,6110541,0.760237,8202,6792420,0.845072,8037679
4,2021-07-28,8199,12431054,6142,7557140,1535,4446862,522,427052,4476,683295,0.085011,3626,6114167,0.760688,5042,6797462,0.8457,8037679
