vemquartile,administered_date,total_doses,cumulative_total_doses,pfizer_doses,cumulative_pfizer_doses,moderna_doses,cumulative_moderna_doses,jj_doses,cumulative_jj_doses,partially_vaccinated,total_partially_vaccinated,pct_age12pop_partially_vaccinated,fully_vaccinated,cumulative_fully_vaccinated,pct_age12pop_fully_vaccinated,at_least_one_dose,cumulative_at_least_one_dose,pct_age12pop_at_least_one_dose,age12_population
1,2020-12-15,150,150,150,150,0,0,0,0,150,150,1.7e-05,0,0,0.0,150,150,1.7e-05,8700223
1,2020-12-16,1180,1330,1180,1330,0,0,0,0,1180,1330,0.000153,0,0,0.0,1180,1330,0.000153,8700223
1,2020-12-17,4163,5493,4163,5493,0,0,0,0,4164,5494,0.000631,0,0,0.0,4164,5494,0.000631,8700223
1,2020-12-18,6326,11819,6306,11799,20,20,0,0,6328,11821,0.001359,1,1,0.0,6328,11822,0.001359,8700223
1,2020-12-19,2877,14696,2876,14675,1,21,0,0,2876,14696,0.001689,1,2,0.0,2876,14698,0.001689,8700223
1,2020-12-20,2132,16828,2125,16800,7,28,0,0,2133,16829,0.001934,0,2,0.0,2133,16831,0.001935,8700223
1,2020-12-21,7639,24467,7625,24425,14,42,0,0,7688,24517,0.002818,1,3,0.0,7689,24520,0.002818,8700223
1,2020-12-22,7277,31744,6935,31360,342,384,0,0,7279,31794,0.003654,2,5,1e-06,7279,31799,0.003655,8700223
1,2020-12-23,7838,39582,6584,37944,1254,1638,0,0,7832,39625,0.004554,2,7,1e-06,7833,39632,0.004555,8700223
1,2020-12-24,3301,42883,2366,40310,935,2573,0,0,3303,42928,0.004934,0,7,1e-06,3303,42935,0.004935,8700223
1,2020-12-25,236,43119,152,40462,84,2657,0,0,236,43164,0.004961,0,7,1e-06,236,43171,0.004962,8700223
1,2020-12-26,1358,44477,967,41429,391,3048,0,0,1357,44520,0.005117,1,8,1e-06,1357,44528,0.005118,8700223
1,2020-12-27,869,45346,533,41962,336,3384,0,0,869,45388,0.005217,1,9,1e-06,869,45397,0.005218,8700223
1,2020-12-28,7085,52431,4761,46723,2324,5708,0,0,7083,52471,0.006031,0,9,1e-06,7083,52480,0.006032,8700223
1,2020-12-29,8874,61305,4979,51702,3895,9603,0,0,8871,61340,0.00705,2,11,1e-06,8871,61351,0.007052,8700223
1,2020-12-30,11585,72890,6448,58150,5137,14740,0,0,11584,72924,0.008382,0,11,1e-06,11584,72935,0.008383,8700223
1,2020-12-31,5951,78841,1959,60109,3992,18732,0,0,5949,78871,0.009065,3,14,2e-06,5950,78885,0.009067,8700223
1,2021-01-01,566,79407,196,60305,370,19102,0,0,565,79435,0.00913,1,15,2e-06,565,79450,0.009132,8700223
1,2021-01-02,2906,82313,1761,62066,1145,20247,0,0,2908,82343,0.009464,0,15,2e-06,2908,82358,0.009466,8700223
1,2021-01-03,1021,83334,547,62613,474,20721,0,0,1019,83360,0.009581,2,17,2e-06,1019,83377,0.009583,8700223
1,2021-01-04,7341,90675,3579,66192,3762,24483,0,0,7345,90704,0.010425,1,18,2e-06,7345,90722,0.010428,8700223
1,2021-01-05,10793,101468,5198,71390,5595,30078,0,0,10038,100024,0.011497,740,758,8.7e-05,10060,100782,0.011584,8700223
1,2021-01-06,14006,115474,7034,78424,6972,37050,0,0,12111,110285,0.012676,1859,2617,0.000301,12120,112902,0.012977,8700223
1,2021-01-07,17469,132943,9111,87535,8358,45408,0,0,12986,118896,0.013666,4385,7002,0.000805,12996,125898,0.014471,8700223
1,2021-01-08,20125,153068,10421,97956,9704,55112,0,0,14225,127245,0.014625,5882,12884,0.001481,14231,140129,0.016106,8700223
1,2021-01-09,6687,159755,3372,101328,3315,58427,0,0,4834,130245,0.01497,1838,14722,0.001692,4838,144967,0.016662,8700223
1,2021-01-10,3078,162833,1756,103084,1322,59749,0,0,1883,130948,0.015051,1181,15903,0.001828,1884,146851,0.016879,8700223
1,2021-01-11,18057,180890,11830,114914,6227,65976,0,0,11514,135984,0.01563,6516,22419,0.002577,11552,158403,0.018207,8700223
1,2021-01-12,18942,199832,10749,125663,8193,74169,0,0,12966,143050,0.016442,5935,28354,0.003259,13001,171404,0.019701,8700223
1,2021-01-13,19783,219615,10682,136345,9101,83270,0,0,14627,152562,0.017535,5131,33485,0.003849,14643,186047,0.021384,8700223
1,2021-01-14,21976,241591,9447,145792,12529,95799,0,0,19224,169138,0.019441,2694,36179,0.004158,19270,205317,0.023599,8700223
1,2021-01-15,25173,266764,9235,155027,15938,111737,0,0,23231,190528,0.021899,1894,38073,0.004376,23284,228601,0.026275,8700223
1,2021-01-16,13893,280657,4555,159582,9338,121075,0,0,13027,202696,0.023298,862,38935,0.004475,13030,241631,0.027773,8700223
1,2021-01-17,5190,285847,1999,161581,3191,124266,0,0,4821,207158,0.023811,364,39299,0.004517,4826,246457,0.028328,8700223
1,2021-01-18,14295,300142,8585,170166,5710,129976,0,0,11122,215166,0.024731,3162,42461,0.00488,11170,257627,0.029612,8700223
1,2021-01-19,24728,324870,12892,183058,11836,141812,0,0,19529,229566,0.026386,5183,47644,0.005476,19583,277210,0.031862,8700223
1,2021-01-20,28788,353658,14091,197149,14697,156509,0,0,23123,247115,0.028403,5609,53253,0.006121,23158,300368,0.034524,8700223
1,2021-01-21,30944,384602,14301,211450,16643,173152,0,0,27766,271857,0.031247,3110,56363,0.006478,27852,328220,0.037725,8700223
1,2021-01-22,28277,412879,11180,222630,17097,190249,0,0,26270,296198,0.034045,1958,58321,0.006703,26299,354519,0.040748,8700223
1,2021-01-23,18741,431620,8206,230836,10535,200784,0,0,16808,311098,0.035757,1917,60238,0.006924,16817,371336,0.042681,8700223
1,2021-01-24,6658,438278,4150,234986,2508,203292,0,0,6002,316454,0.036373,651,60889,0.006999,6007,377343,0.043372,8700223
1,2021-01-25,25283,463561,10422,245408,14861,218153,0,0,19579,330449,0.037982,5680,66569,0.007651,19675,397018,0.045633,8700223
1,2021-01-26,28585,492146,13345,258753,15240,233393,0,0,21966,345869,0.039754,6566,73135,0.008406,21986,419004,0.04816,8700223
1,2021-01-27,32345,524491,15331,274084,17014,250407,0,0,24351,362320,0.041645,7925,81060,0.009317,24376,443380,0.050962,8700223
1,2021-01-28,34714,559205,16244,290328,18470,268877,0,0,27855,383437,0.044072,6796,87856,0.010098,27913,471293,0.05417,8700223
1,2021-01-29,33446,592651,16340,306668,17106,285983,0,0,26944,404054,0.046442,6360,94216,0.010829,26977,498270,0.057271,8700223
1,2021-01-30,20126,612777,8719,315387,11407,297390,0,0,18038,420036,0.048279,2063,96279,0.011066,18045,516315,0.059345,8700223
1,2021-01-31,7564,620341,4900,320287,2664,300054,0,0,6863,426202,0.048987,700,96979,0.011147,6866,523181,0.060134,8700223
1,2021-02-01,28672,649013,12323,332610,16349,316403,0,0,20978,439540,0.050521,7645,104624,0.012025,20983,544164,0.062546,8700223
1,2021-02-02,32294,681307,11561,344171,20733,337136,0,0,24308,455972,0.052409,7911,112535,0.012935,24343,568507,0.065344,8700223
1,2021-02-03,39341,720648,15075,359246,24266,361402,0,0,28446,473690,0.054446,10762,123297,0.014172,28480,596987,0.068617,8700223
1,2021-02-04,43732,764380,17013,376259,26719,388121,0,0,31779,493674,0.056743,11841,135138,0.015533,31825,628812,0.072275,8700223
1,2021-02-05,46857,811237,17377,393636,29480,417601,0,0,30796,508597,0.058458,15928,151066,0.017363,30851,659663,0.075821,8700223
1,2021-02-06,26458,837695,10477,404113,15981,433582,0,0,20602,523395,0.060159,5821,156887,0.018033,20619,680282,0.078191,8700223
1,2021-02-07,6219,843914,3987,408100,2232,435814,0,0,4623,526458,0.060511,1578,158465,0.018214,4641,684923,0.078725,8700223
1,2021-02-08,31246,875160,14150,422250,17096,452910,0,0,20841,537056,0.061729,10337,168802,0.019402,20935,705858,0.081131,8700223
1,2021-02-09,38257,913417,16799,439049,21458,474368,0,0,23629,546087,0.062767,14672,183474,0.021088,23703,729561,0.083855,8700223
1,2021-02-10,46868,960285,21974,461023,24894,499262,0,0,27015,553414,0.063609,19765,203239,0.02336,27092,756653,0.086969,8700223
1,2021-02-11,51478,1011763,25178,486201,26300,525562,0,0,30953,564239,0.064853,20228,223467,0.025685,31053,787706,0.090539,8700223
1,2021-02-12,49696,1061459,21367,507568,28329,553891,0,0,28654,572091,0.065756,20937,244404,0.028092,28789,816495,0.093848,8700223
1,2021-02-13,26116,1087575,11394,518962,14722,568613,0,0,15102,576320,0.066242,10948,255352,0.02935,15177,831672,0.095592,8700223
1,2021-02-14,11680,1099255,5513,524475,6167,574780,0,0,6657,578047,0.06644,4995,260347,0.029924,6722,838394,0.096365,8700223
1,2021-02-15,23603,1122858,9286,533761,14317,589097,0,0,14383,583431,0.067059,9117,269464,0.030972,14501,852895,0.098031,8700223
1,2021-02-16,46589,1169447,22185,555946,24404,613501,0,0,27448,591920,0.068035,19070,288534,0.033164,27559,880454,0.101199,8700223
1,2021-02-17,47851,1217298,24122,580068,23729,637230,0,0,25955,596252,0.068533,21769,310303,0.035666,26101,906555,0.104199,8700223
1,2021-02-18,50515,1267813,25051,605119,25464,662694,0,0,26335,598828,0.068829,23980,334283,0.038422,26556,933111,0.107251,8700223
1,2021-02-19,45694,1313507,24616,629735,21078,683772,0,0,25826,604951,0.069533,19766,354049,0.040694,25889,959000,0.110227,8700223
1,2021-02-20,26951,1340458,16415,646150,10536,694308,0,0,15527,609169,0.070018,11384,365433,0.042003,15602,974602,0.11202,8700223
1,2021-02-21,11462,1351920,10211,656361,1251,695559,0,0,6841,611485,0.070284,4574,370007,0.042528,6890,981492,0.112812,8700223
1,2021-02-22,30085,1382005,19689,676050,10396,705955,0,0,17703,616959,0.070913,12328,382335,0.043945,17802,999294,0.114858,8700223
1,2021-02-23,43117,1425122,20922,696972,22195,728150,0,0,24194,622731,0.071576,18784,401119,0.046104,24556,1023850,0.117681,8700223
1,2021-02-24,53051,1478173,25678,722650,27373,755523,0,0,29743,629718,0.07238,23203,424322,0.048771,30190,1054040,0.121151,8700223
1,2021-02-25,65226,1543399,31651,754301,33575,789098,0,0,40906,646907,0.074355,24217,448539,0.051555,41406,1095446,0.12591,8700223
1,2021-02-26,73332,1616731,34398,788699,38934,828032,0,0,48365,670937,0.077117,24810,473349,0.054407,48840,1144286,0.131524,8700223
1,2021-02-27,50107,1666838,23159,811858,26940,854972,8,8,33366,687952,0.079073,16624,489973,0.056317,33639,1177925,0.13539,8700223
1,2021-02-28,19368,1686206,11481,823339,7885,862857,2,10,14306,697399,0.080159,5000,494973,0.056892,14447,1192372,0.137051,8700223
1,2021-03-01,44320,1730526,20314,843653,23967,886824,39,49,28674,710837,0.081703,15508,510481,0.058674,28946,1221318,0.140378,8700223
1,2021-03-02,62043,1792569,26941,870594,35095,921919,7,56,40090,729720,0.083874,21830,532311,0.061184,40713,1262031,0.145057,8700223
1,2021-03-03,69771,1862340,33254,903848,36495,958414,22,78,42688,746072,0.085753,26951,559262,0.064281,43303,1305334,0.150035,8700223
1,2021-03-04,77997,1940337,36654,940502,41308,999722,35,113,50408,769592,0.088457,27433,586695,0.067434,50953,1356287,0.155891,8700223
1,2021-03-05,77020,2017357,34822,975324,41992,1041714,206,319,51685,796987,0.091605,25124,611819,0.070322,52519,1408806,0.161928,8700223
1,2021-03-06,57165,2074522,27289,1002613,28536,1070250,1340,1659,38947,819489,0.094192,18153,629972,0.072409,40655,1449461,0.1666,8700223
1,2021-03-07,20118,2094640,12817,1015430,6490,1076740,811,2470,15124,830713,0.095482,4974,634946,0.07298,16198,1465659,0.168462,8700223
1,2021-03-08,45550,2140190,22391,1037821,21288,1098028,1871,4341,32052,851558,0.097878,13417,648363,0.074523,34262,1499921,0.1724,8700223
1,2021-03-09,66267,2206457,32015,1069836,31775,1129803,2477,6818,40883,869989,0.099996,25273,673636,0.077427,43704,1543625,0.177424,8700223
1,2021-03-10,72945,2279402,36412,1106248,32148,1161951,4385,11203,45176,892286,0.102559,27633,701269,0.080604,49930,1593555,0.183163,8700223
1,2021-03-11,89450,2368852,40966,1147214,40557,1202508,7927,19130,52439,916334,0.105323,36776,738045,0.084831,60824,1654379,0.190154,8700223
1,2021-03-12,98353,2467205,43278,1190492,42715,1245223,12360,31490,57627,946266,0.108763,40538,778583,0.08949,70470,1724849,0.198253,8700223
1,2021-03-13,65110,2532315,29425,1219917,27922,1273145,7763,39253,41527,972420,0.11177,23471,802054,0.092188,49625,1774474,0.203957,8700223
1,2021-03-14,27580,2559895,14873,1234790,9136,1282281,3571,42824,15650,979963,0.112637,11875,813929,0.093553,19418,1793892,0.206189,8700223
1,2021-03-15,64937,2624832,28550,1263340,29699,1311980,6688,49512,38572,999388,0.114869,26184,840113,0.096562,45609,1839501,0.211431,8700223
1,2021-03-16,85377,2710209,38807,1302147,40965,1352945,5605,55117,53296,1026757,0.118015,31895,872008,0.100228,59264,1898765,0.218243,8700223
1,2021-03-17,92331,2802540,44856,1347003,40952,1393897,6523,61640,59650,1060789,0.121927,32508,904516,0.103965,66540,1965305,0.225891,8700223
1,2021-03-18,98365,2900905,50662,1397665,41982,1435879,5721,67361,60219,1089363,0.125211,37826,942342,0.108312,66400,2031705,0.233523,8700223
1,2021-03-19,103051,3003956,53389,1451054,43513,1479392,6149,73510,61086,1115361,0.128199,41708,984050,0.113106,67706,2099411,0.241305,8700223
1,2021-03-20,72090,3076046,37086,1488140,29760,1509152,5244,78754,46552,1142044,0.131266,25366,1009416,0.116022,52049,2151460,0.247288,8700223
1,2021-03-21,27002,3103048,18875,1507015,6316,1515468,1811,80565,17429,1151874,0.132396,9493,1018909,0.117113,19323,2170783,0.249509,8700223
1,2021-03-22,59029,3162077,30354,1537369,25400,1540868,3275,83840,40175,1177013,0.135285,18661,1037570,0.119258,43800,2214583,0.254543,8700223
1,2021-03-23,82788,3244865,42073,1579442,37099,1577967,3616,87456,51436,1201370,0.138085,31145,1068715,0.122838,55502,2270085,0.260923,8700223
1,2021-03-24,87476,3332341,44167,1623609,38951,1616918,4358,91814,52865,1224393,0.140731,34372,1103087,0.126788,57395,2327480,0.26752,8700223
1,2021-03-25,96227,3428568,49025,1672634,41379,1658297,5823,97637,54039,1242569,0.14282,41902,1144989,0.131605,60078,2387558,0.274425,8700223
1,2021-03-26,103988,3532556,50664,1723298,47029,1705326,6295,103932,56495,1258463,0.144647,47195,1192184,0.137029,63089,2450647,0.281676,8700223
1,2021-03-27,73786,3606342,38105,1761403,31502,1736828,4179,108111,38263,1265798,0.14549,35311,1227495,0.141088,42646,2493293,0.286578,8700223
1,2021-03-28,32481,3638823,21275,1782678,10001,1746829,1205,109316,16576,1268111,0.145756,15806,1243301,0.142904,18119,2511412,0.288661,8700223
1,2021-03-29,66650,3705473,33132,1815810,30433,1777262,3085,112401,37149,1279216,0.147033,29333,1272634,0.146276,40438,2551850,0.293309,8700223
1,2021-03-30,91486,3796959,45092,1860902,40089,1817351,6305,118706,47381,1289054,0.148163,43942,1316576,0.151327,53780,2605630,0.29949,8700223
1,2021-03-31,100099,3897058,52384,1913286,41773,1859124,5942,124648,55259,1305763,0.150084,44568,1361144,0.156449,61277,2666907,0.306533,8700223
1,2021-04-01,111138,4008196,53334,1966620,49345,1908469,8459,133107,57044,1317615,0.151446,53719,1414863,0.162624,65571,2732478,0.31407,8700223
1,2021-04-02,110588,4118784,50710,2017330,50290,1958759,9588,142695,56438,1330103,0.152881,53766,1468629,0.168804,66254,2798732,0.321685,8700223
1,2021-04-03,77863,4196647,39172,2056502,29080,1987839,9611,152306,36495,1335085,0.153454,41201,1509830,0.173539,46183,2844915,0.326993,8700223
1,2021-04-04,23675,4220322,11787,2068289,8430,1996269,3458,155764,9936,1334789,0.15342,13681,1523511,0.175112,13385,2858300,0.328532,8700223
1,2021-04-05,75892,4296214,36522,2104811,30202,2026471,9168,164932,34480,1337387,0.153719,41228,1564739,0.17985,43826,2902126,0.333569,8700223
1,2021-04-06,103193,4399407,48951,2153762,37713,2064184,16529,181461,46848,1344726,0.154562,56090,1620829,0.186297,63429,2965555,0.34086,8700223
1,2021-04-07,111083,4510490,53982,2207744,39661,2103845,17440,198901,50365,1352108,0.155411,60460,1681289,0.193247,67842,3033397,0.348657,8700223
1,2021-04-08,121743,4632233,57705,2265449,43204,2147049,20834,219735,53929,1359496,0.15626,67453,1748742,0.201,74841,3108238,0.35726,8700223
1,2021-04-09,122611,4754844,56198,2321647,45854,2192903,20559,240294,54139,1366147,0.157024,68129,1816871,0.20883,74780,3183018,0.365855,8700223
1,2021-04-10,95269,4850113,42364,2364011,30285,2223188,22620,262914,37204,1368086,0.157247,57882,1874753,0.215483,59821,3242839,0.372731,8700223
1,2021-04-11,36235,4886348,20260,2384271,9337,2232525,6638,269552,14840,1368336,0.157276,21339,1896092,0.217936,21589,3264428,0.375212,8700223
1,2021-04-12,74079,4960427,33144,2417415,30970,2263495,9965,279517,31410,1367472,0.157177,42399,1938491,0.222809,41535,3305963,0.379986,8700223
1,2021-04-13,96996,5057423,51953,2469368,44703,2308198,340,279857,52497,1376419,0.158205,44233,1982724,0.227893,53180,3359143,0.386098,8700223
1,2021-04-14,104755,5162178,54252,2523620,50433,2358631,70,279927,53438,1379326,0.158539,50972,2033696,0.233752,53879,3413022,0.392291,8700223
1,2021-04-15,105966,5268144,57679,2581299,48196,2406827,91,280018,56852,1387882,0.159523,48559,2082255,0.239334,57115,3470137,0.398856,8700223
1,2021-04-16,110337,5378481,56759,2638058,53491,2460318,87,280105,55489,1389286,0.159684,54353,2136608,0.245581,55757,3525894,0.405265,8700223
1,2021-04-17,83200,5461681,45233,2683291,37955,2498273,12,280117,46939,1400350,0.160956,36049,2172657,0.249724,47113,3573007,0.41068,8700223
1,2021-04-18,29187,5490868,19488,2702779,9692,2507965,7,280124,14872,1401193,0.161053,14235,2186892,0.25136,15078,3588085,0.412413,8700223
1,2021-04-19,66746,5557614,33673,2736452,33059,2541024,14,280138,30547,1396015,0.160457,35868,2222760,0.255483,30690,3618775,0.41594,8700223
1,2021-04-20,86722,5644336,43114,2779566,43584,2584608,24,280162,41032,1391893,0.159984,45381,2268141,0.260699,41259,3660034,0.420683,8700223
1,2021-04-21,93851,5738187,47620,2827186,46132,2630740,99,280261,42402,1383662,0.159038,50944,2319085,0.266555,42713,3702747,0.425592,8700223
1,2021-04-22,94957,5833144,49001,2876187,45940,2676680,16,280277,43752,1376897,0.15826,50751,2369836,0.272388,43986,3746733,0.430648,8700223
1,2021-04-23,99722,5932866,50917,2927104,48780,2725460,25,280302,47777,1373440,0.157863,51483,2421319,0.278305,48026,3794759,0.436168,8700223
1,2021-04-24,75229,6008095,46661,2973765,28542,2754002,26,280328,42696,1383975,0.159074,32442,2453761,0.282034,42977,3837736,0.441108,8700223
1,2021-04-25,26909,6035004,17147,2990912,9749,2763751,13,280341,15425,1388164,0.159555,11382,2465143,0.283343,15571,3853307,0.442897,8700223
1,2021-04-26,65064,6100068,33883,3024795,30780,2794531,401,280742,31145,1386405,0.159353,33643,2498786,0.287209,31884,3885191,0.446562,8700223
1,2021-04-27,80212,6180280,42293,3067088,36625,2831156,1294,282036,35015,1378125,0.158401,44930,2543716,0.292374,36650,3921841,0.450775,8700223
1,2021-04-28,79274,6259554,41622,3108710,36169,2867325,1483,283519,34960,1370789,0.157558,44004,2587720,0.297431,36668,3958509,0.454989,8700223
1,2021-04-29,82542,6342096,44937,3153647,36001,2903326,1604,285123,33939,1358201,0.156111,48291,2636011,0.302982,35703,3994212,0.459093,8700223
1,2021-04-30,90297,6432393,48555,3202202,39895,2943221,1847,286970,37971,1346157,0.154727,52033,2688044,0.308963,39989,4034201,0.463689,8700223
1,2021-05-01,61958,6494351,40106,3242308,20479,2963700,1373,288343,26134,1338275,0.153821,35628,2723672,0.313058,27746,4061947,0.466878,8700223
1,2021-05-02,23186,6517537,16384,3258692,6233,2969933,569,288912,9415,1334624,0.153401,13668,2737340,0.314629,10017,4071964,0.46803,8700223
1,2021-05-03,55511,6573048,30646,3289338,23031,2992964,1834,290746,20557,1322341,0.151989,34739,2772079,0.318622,22456,4094420,0.470611,8700223
1,2021-05-04,73732,6646780,42100,3331438,29555,3022519,2077,292823,26882,1304807,0.149974,46584,2818663,0.323976,29050,4123470,0.47395,8700223
1,2021-05-05,75661,6722441,43423,3374861,29951,3052470,2287,295110,25931,1283671,0.147545,49429,2868092,0.329657,28293,4151763,0.477202,8700223
1,2021-05-06,76560,6799001,45751,3420612,28641,3081111,2168,297278,23874,1257519,0.144539,52347,2920439,0.335674,26195,4177958,0.480213,8700223
1,2021-05-07,81648,6880649,46196,3466808,33272,3114383,2180,299458,27380,1233273,0.141752,53872,2974311,0.341866,29626,4207584,0.483618,8700223
1,2021-05-08,54614,6935263,34049,3500857,18999,3133382,1566,301024,18286,1217193,0.139904,36032,3010343,0.346008,19952,4227536,0.485911,8700223
1,2021-05-09,17622,6952885,12547,3513404,4603,3137985,472,301496,5409,1210973,0.139189,12139,3022482,0.347403,5919,4233455,0.486592,8700223
1,2021-05-10,42445,6995330,21234,3534638,19434,3157419,1777,303273,14237,1199115,0.137826,27967,3050449,0.350617,16109,4249564,0.488443,8700223
1,2021-05-11,60112,7055442,32120,3566758,25871,3183290,2121,305394,19798,1181096,0.135755,40062,3090511,0.355222,22043,4271607,0.490977,8700223
1,2021-05-12,61378,7116820,32487,3599245,26884,3210174,2007,307401,20796,1163675,0.133752,40295,3130806,0.359854,22874,4294481,0.493606,8700223
1,2021-05-13,64953,7181773,37763,3637008,25215,3235389,1975,309376,24811,1150952,0.13229,39795,3170601,0.364428,27072,4321553,0.496717,8700223
1,2021-05-14,73925,7255698,44381,3681389,27200,3262589,2344,311720,30013,1140036,0.131035,43553,3214154,0.369434,32637,4354190,0.500469,8700223
1,2021-05-15,64410,7320108,42174,3723563,20546,3283135,1690,313410,25435,1128521,0.129712,38715,3252869,0.373883,27200,4381390,0.503595,8700223
1,2021-05-16,24035,7344143,17548,3741111,5871,3289006,616,314026,9682,1124622,0.129264,14247,3267116,0.375521,10348,4391738,0.504785,8700223
1,2021-05-17,53695,7397838,32821,3773932,19119,3308125,1755,315781,23116,1119215,0.128642,30336,3297452,0.379008,24929,4416667,0.50765,8700223
1,2021-05-18,64048,7461886,38508,3812440,23723,3331848,1817,317598,28106,1113544,0.12799,35684,3333136,0.383109,30013,4446680,0.5111,8700223
1,2021-05-19,65709,7527595,40051,3852491,23744,3355592,1914,319512,29983,1110067,0.127591,35463,3368599,0.387185,31986,4478666,0.514776,8700223
1,2021-05-20,63407,7591002,36827,3889318,24417,3380009,2163,321675,26718,1102773,0.126752,36376,3404975,0.391366,29082,4507748,0.518119,8700223
1,2021-05-21,69422,7660424,41485,3930803,26086,3406095,1851,323526,29284,1094248,0.125772,39758,3444733,0.395936,31233,4538981,0.521709,8700223
1,2021-05-22,55173,7715597,36376,3967179,17092,3423187,1705,325231,24144,1089418,0.125217,30777,3475510,0.399474,25947,4564928,0.524691,8700223
1,2021-05-23,19521,7735118,13593,3980772,5342,3428529,586,325817,9249,1089100,0.125181,10177,3485687,0.400643,9859,4574787,0.525824,8700223
1,2021-05-24,42581,7777699,23418,4004190,17353,3445882,1810,327627,17221,1083088,0.12449,25129,3510816,0.403532,19117,4593904,0.528021,8700223
1,2021-05-25,50403,7828102,29097,4033287,19652,3465534,1654,329281,21175,1077056,0.123796,28960,3539776,0.40686,22928,4616832,0.530657,8700223
1,2021-05-26,48116,7876218,27323,4060610,18913,3484447,1880,331161,20807,1072785,0.123305,27011,3566787,0.409965,22740,4639572,0.53327,8700223
1,2021-05-27,46601,7922819,26229,4086839,18497,3502944,1875,333036,20579,1069614,0.122941,25746,3592533,0.412924,22575,4662147,0.535865,8700223
1,2021-05-28,51901,7974720,28956,4115795,21164,3524108,1781,334817,23565,1067050,0.122646,28040,3620573,0.416147,25476,4687623,0.538793,8700223
1,2021-05-29,30186,8004906,18277,4134072,10979,3535087,930,335747,14728,1067466,0.122694,15304,3635877,0.417906,15720,4703343,0.5406,8700223
1,2021-05-30,11516,8016422,7434,4141506,3537,3538624,545,336292,5598,1067798,0.122732,5850,3641727,0.418579,6182,4709525,0.541311,8700223
1,2021-05-31,5647,8022069,3220,4144726,2181,3540805,246,336538,1990,1066445,0.122577,3607,3645334,0.418993,2254,4711779,0.54157,8700223
1,2021-06-01,45334,8067403,25664,4170390,18167,3558972,1503,338041,17948,1058888,0.121708,27090,3672424,0.422107,19533,4731312,0.543815,8700223
1,2021-06-02,39584,8106987,23006,4193396,15114,3574086,1464,339505,16370,1053861,0.12113,22938,3695362,0.424743,17911,4749223,0.545874,8700223
1,2021-06-03,40916,8147903,25669,4219065,13598,3587684,1649,341154,16183,1047319,0.120378,24452,3719814,0.427554,17910,4767133,0.547932,8700223
1,2021-06-04,49483,8197386,31773,4250838,15970,3603654,1740,342894,18430,1036826,0.119172,30742,3750556,0.431087,20249,4787382,0.55026,8700223
1,2021-06-05,39616,8237002,27058,4277896,10621,3614275,1937,344831,14458,1028332,0.118196,24945,3775501,0.433955,16451,4803833,0.552151,8700223
1,2021-06-06,12964,8249966,10385,4288281,2082,3616357,497,345328,4805,1025618,0.117884,8082,3783583,0.434883,5368,4809201,0.552768,8700223
1,2021-06-07,33668,8283634,23231,4311512,9097,3625454,1340,346668,12146,1017835,0.11699,21327,3804910,0.437335,13544,4822745,0.554324,8700223
1,2021-06-08,41701,8325335,28910,4340422,11210,3636664,1581,348249,14863,1007787,0.115835,26586,3831496,0.440391,16538,4839283,0.556225,8700223
1,2021-06-09,41585,8366920,28950,4369372,11039,3647703,1596,349845,13613,995358,0.114406,27701,3859197,0.443574,15272,4854555,0.557981,8700223
1,2021-06-10,38543,8405463,26078,4395450,10846,3658549,1619,351464,13353,985467,0.113269,24968,3884165,0.446444,15077,4869632,0.559713,8700223
1,2021-06-11,43191,8448654,28699,4424149,12869,3671418,1623,353087,15422,975117,0.11208,27476,3911641,0.449602,17126,4886758,0.561682,8700223
1,2021-06-12,33188,8481842,24009,4448158,8004,3679422,1175,354262,10998,965374,0.11096,21987,3933628,0.45213,12244,4899002,0.563089,8700223
1,2021-06-13,11539,8493381,8385,4456543,2680,3682102,474,354736,3514,961440,0.110508,7959,3941587,0.453044,4025,4903027,0.563552,8700223
1,2021-06-14,30451,8523832,20520,4477063,8645,3690747,1286,356022,11773,956037,0.109886,18501,3960088,0.455171,13098,4916125,0.565057,8700223
1,2021-06-15,36751,8560583,24150,4501213,10799,3701546,1802,357824,13692,948806,0.109055,22817,3982905,0.457793,15586,4931711,0.566849,8700223
1,2021-06-16,34815,8595398,23562,4524775,9473,3711019,1780,359604,13151,942378,0.108317,21424,4004329,0.460256,14996,4946707,0.568572,8700223
1,2021-06-17,32472,8627870,21568,4546343,9127,3720146,1777,361381,12822,937636,0.107771,19428,4023757,0.462489,14686,4961393,0.57026,8700223
1,2021-06-18,38114,8665984,24764,4571107,10681,3730827,2669,364050,14905,932308,0.107159,22962,4046719,0.465128,17634,4979027,0.572287,8700223
1,2021-06-19,22983,8688967,15987,4587094,5922,3736749,1074,365124,9477,929555,0.106843,13340,4060059,0.466661,10587,4989614,0.573504,8700223
1,2021-06-20,8043,8697010,5869,4592963,1903,3738652,271,365395,3193,928240,0.106692,4789,4064848,0.467212,3474,4993088,0.573903,8700223
1,2021-06-21,20155,8717165,11415,4604378,6712,3745364,2028,367423,10561,931388,0.107053,9492,4074340,0.468303,12640,5005728,0.575356,8700223
1,2021-06-22,29262,8746427,19175,4623553,8195,3753559,1892,369315,12403,929074,0.106787,16677,4091017,0.47022,14363,5020091,0.577007,8700223
1,2021-06-23,15491,8761918,10295,4633848,3785,3757344,1411,370726,6167,927459,0.106602,9208,4100225,0.471278,7593,5027684,0.57788,8700223
2,2020-12-15,240,240,240,240,0,0,0,0,240,240,2.9e-05,0,0,0.0,240,240,2.9e-05,8407551
2,2020-12-16,2080,2320,2080,2320,0,0,0,0,2079,2319,0.000276,0,0,0.0,2079,2319,0.000276,8407551
2,2020-12-17,6839,9159,6839,9159,0,0,0,0,6840,9159,0.001089,0,0,0.0,6840,9159,0.001089,8407551
2,2020-12-18,11078,20237,11059,20218,19,19,0,0,11077,20236,0.002407,0,0,0.0,11077,20236,0.002407,8407551
2,2020-12-19,5622,25859,5616,25834,6,25,0,0,5623,25859,0.003076,0,0,0.0,5623,25859,0.003076,8407551
2,2020-12-20,4250,30109,4241,30075,9,34,0,0,4246,30105,0.003581,0,0,0.0,4246,30105,0.003581,8407551
2,2020-12-21,12783,42892,12758,42833,25,59,0,0,12738,42843,0.005096,0,0,0.0,12738,42843,0.005096,8407551
2,2020-12-22,12151,55043,11639,54472,512,571,0,0,12151,54994,0.006541,0,0,0.0,12151,54994,0.006541,8407551
2,2020-12-23,11692,66735,9479,63951,2213,2784,0,0,11695,66689,0.007932,1,1,0.0,11696,66690,0.007932,8407551
2,2020-12-24,5905,72640,3496,67447,2409,5193,0,0,5901,72589,0.008634,3,4,0.0,5903,72593,0.008634,8407551
2,2020-12-25,480,73120,403,67850,77,5270,0,0,481,73070,0.008691,0,4,0.0,481,73074,0.008691,8407551
2,2020-12-26,2567,75687,1674,69524,893,6163,0,0,2568,75637,0.008996,1,5,1e-06,2568,75642,0.008997,8407551
2,2020-12-27,2220,77907,1206,70730,1014,7177,0,0,2217,77852,0.00926,2,7,1e-06,2217,77859,0.009261,8407551
2,2020-12-28,11001,88908,7162,77892,3839,11016,0,0,11001,88852,0.010568,1,8,1e-06,11001,88860,0.010569,8407551
2,2020-12-29,12700,101608,7143,85035,5557,16573,0,0,12704,101556,0.012079,0,8,1e-06,12704,101564,0.01208,8407551
2,2020-12-30,15400,117008,8664,93699,6736,23309,0,0,15414,116967,0.013912,5,13,2e-06,15416,116980,0.013914,8407551
2,2020-12-31,7556,124564,2822,96521,4734,28043,0,0,7549,124511,0.014809,5,18,2e-06,7549,124529,0.014812,8407551
2,2021-01-01,1186,125750,576,97097,610,28653,0,0,1186,125694,0.01495,3,21,2e-06,1186,125715,0.014953,8407551
2,2021-01-02,4839,130589,2763,99860,2076,30729,0,0,4836,130529,0.015525,1,22,3e-06,4836,130551,0.015528,8407551
2,2021-01-03,1383,131972,788,100648,595,31324,0,0,1378,131904,0.015689,3,25,3e-06,1378,131929,0.015692,8407551
2,2021-01-04,11636,143608,5551,106199,6085,37409,0,0,11623,143523,0.017071,4,29,3e-06,11623,143552,0.017074,8407551
2,2021-01-05,13868,157476,6921,113120,6947,44356,0,0,12674,155042,0.018441,1187,1216,0.000145,12706,156258,0.018585,8407551
2,2021-01-06,18968,176444,10457,123577,8511,52867,0,0,15203,166537,0.019808,3717,4933,0.000587,15212,171470,0.020395,8407551
2,2021-01-07,23106,199550,13015,136592,10091,62958,0,0,15553,174536,0.020759,7568,12501,0.001487,15567,187037,0.022246,8407551
2,2021-01-08,26430,225980,15983,152575,10447,73405,0,0,16326,180813,0.021506,10070,22571,0.002685,16347,203384,0.024191,8407551
2,2021-01-09,9760,235740,5676,158251,4084,77489,0,0,6259,183557,0.021832,3521,26092,0.003103,6265,209649,0.024936,8407551
2,2021-01-10,5285,241025,2920,161171,2365,79854,0,0,3072,184400,0.021933,2234,28326,0.003369,3077,212726,0.025302,8407551
2,2021-01-11,25969,266994,17849,179020,8120,87974,0,0,15001,188451,0.022414,11000,39326,0.004677,15051,227777,0.027092,8407551
2,2021-01-12,26262,293256,16361,195381,9901,97875,0,0,16652,195543,0.023258,9637,48963,0.005824,16729,244506,0.029082,8407551
2,2021-01-13,28531,321787,15141,210522,13390,111265,0,0,20578,208198,0.024763,7947,56910,0.006769,20602,265108,0.031532,8407551
2,2021-01-14,30189,351976,11459,221981,18730,129995,0,0,25957,229965,0.027352,4253,61163,0.007275,26020,291128,0.034627,8407551
2,2021-01-15,35123,387099,12824,234805,22299,152294,0,0,31859,258630,0.030762,3273,64436,0.007664,31938,323066,0.038426,8407551
2,2021-01-16,17625,404724,5630,240435,11995,164289,0,0,16304,273596,0.032542,1348,65784,0.007824,16314,339380,0.040366,8407551
2,2021-01-17,10669,415393,3628,244063,7041,171330,0,0,9954,282816,0.033638,742,66526,0.007913,9962,349342,0.041551,8407551
2,2021-01-18,19696,435089,11027,255090,8669,179999,0,0,14906,292969,0.034846,4807,71333,0.008484,14960,364302,0.04333,8407551
2,2021-01-19,32466,467555,16948,272038,15518,195517,0,0,24491,309598,0.036824,7978,79311,0.009433,24607,388909,0.046257,8407551
2,2021-01-20,37243,504798,18636,290674,18607,214124,0,0,28598,329667,0.039211,8619,87930,0.010458,28688,417597,0.049669,8407551
2,2021-01-21,40687,545485,17226,307900,23461,237585,0,0,36254,361673,0.043018,4413,92343,0.010983,36419,454016,0.054001,8407551
2,2021-01-22,39448,584933,16483,324383,22965,260550,0,0,36125,394496,0.046922,3327,95670,0.011379,36150,490166,0.058301,8407551
2,2021-01-23,24089,609022,10806,335189,13283,273833,0,0,21125,412709,0.049088,2940,98610,0.011729,21153,511319,0.060817,8407551
2,2021-01-24,12404,621426,6109,341298,6295,280128,0,0,11487,423304,0.050348,904,99514,0.011836,11499,522818,0.062184,8407551
2,2021-01-25,33857,655283,15637,356935,18220,298348,0,0,25083,439800,0.05231,8717,108231,0.012873,25213,548031,0.065183,8407551
2,2021-01-26,40383,695666,19931,376866,20452,318800,0,0,31359,462237,0.054979,9002,117233,0.013944,31439,579470,0.068923,8407551
2,2021-01-27,45889,741555,22954,399820,22935,341735,0,0,35685,487894,0.05803,10084,127317,0.015143,35741,615211,0.073174,8407551
2,2021-01-28,48147,789702,22736,422556,25411,367146,0,0,39518,518907,0.061719,8571,135888,0.016163,39584,654795,0.077882,8407551
2,2021-01-29,45721,835423,22310,444866,23411,390557,0,0,37067,547486,0.065118,8548,144436,0.017179,37127,691922,0.082298,8407551
2,2021-01-30,31512,866935,13736,458602,17776,408333,0,0,28153,572353,0.068076,3318,147754,0.017574,28185,720107,0.08565,8407551
2,2021-01-31,17415,884350,10465,469067,6950,415283,0,0,16222,587416,0.069868,1177,148931,0.017714,16240,736347,0.087582,8407551
2,2021-02-01,41025,925375,19799,488866,21226,436509,0,0,30184,606835,0.072177,10802,159733,0.018999,30221,766568,0.091176,8407551
2,2021-02-02,47763,973138,19477,508343,28286,464795,0,0,36387,632006,0.075171,11312,171045,0.020344,36483,803051,0.095515,8407551
2,2021-02-03,54254,1027392,24217,532560,30037,494832,0,0,40164,658269,0.078295,13992,185037,0.022008,40255,843306,0.100303,8407551
2,2021-02-04,56086,1083478,24283,556843,31803,526635,0,0,41057,684486,0.081413,14937,199974,0.023785,41154,884460,0.105198,8407551
2,2021-02-05,59886,1143364,26398,583241,33488,560123,0,0,40580,706111,0.083985,19123,219097,0.02606,40748,925208,0.110045,8407551
2,2021-02-06,38898,1182262,18172,601413,20726,580849,0,0,31242,729859,0.08681,7583,226680,0.026961,31331,956539,0.113771,8407551
2,2021-02-07,16004,1198266,10716,612129,5288,586137,0,0,12150,738243,0.087807,3832,230512,0.027417,12216,968755,0.115224,8407551
2,2021-02-08,43422,1241688,22417,634546,21005,607142,0,0,29911,754993,0.089799,13369,243881,0.029007,30119,998874,0.118807,8407551
2,2021-02-09,49369,1291057,23532,658078,25837,632979,0,0,30729,767661,0.091306,18386,262267,0.031194,31054,1029928,0.1225,8407551
2,2021-02-10,59623,1350680,28150,686228,31473,664452,0,0,34769,778206,0.09256,24576,286843,0.034117,35121,1065049,0.126678,8407551
2,2021-02-11,64161,1414841,29744,715972,34417,698869,0,0,36107,787031,0.09361,27773,314616,0.037421,36598,1101647,0.131031,8407551
2,2021-02-12,65163,1480004,28183,744155,36980,735849,0,0,34702,792216,0.094227,30171,344787,0.041009,35356,1137003,0.135236,8407551
2,2021-02-13,37714,1517718,15835,759990,21879,757728,0,0,21831,798625,0.094989,15798,360585,0.042888,22207,1159210,0.137877,8407551
2,2021-02-14,20025,1537743,9404,769394,10621,768349,0,0,11242,801488,0.09533,8739,369324,0.043928,11602,1170812,0.139257,8407551
2,2021-02-15,33061,1570804,14966,784360,18095,786444,0,0,18327,806054,0.095873,14615,383939,0.045666,19181,1189993,0.141539,8407551
2,2021-02-16,56086,1626890,27694,812054,28392,814836,0,0,29558,809846,0.096324,26439,410378,0.048811,30231,1220224,0.145134,8407551
2,2021-02-17,61498,1688388,31751,843805,29747,844583,0,0,30562,810363,0.096385,30871,441249,0.052482,31388,1251612,0.148868,8407551
2,2021-02-18,66020,1754408,33473,877278,32547,877130,0,0,32138,809987,0.09634,33658,474907,0.056486,33282,1284894,0.152826,8407551
2,2021-02-19,59152,1813560,32965,910243,26187,903317,0,0,29348,810286,0.096376,29649,504556,0.060012,29948,1314842,0.156388,8407551
2,2021-02-20,37284,1850844,24339,934582,12945,916262,0,0,20267,814300,0.096853,16934,521490,0.062026,20948,1335790,0.15888,8407551
2,2021-02-21,20791,1871635,17314,951896,3477,919739,0,0,9986,814354,0.09686,10731,532221,0.063303,10785,1346575,0.160163,8407551
2,2021-02-22,37669,1909304,25787,977683,11882,931621,0,0,18042,813530,0.096762,19538,551759,0.065627,18714,1365289,0.162388,8407551
2,2021-02-23,51790,1961094,26512,1004195,25278,956899,0,0,22857,809534,0.096287,28746,580505,0.069046,24750,1390039,0.165332,8407551
2,2021-02-24,68539,2029633,35309,1039504,33230,990129,0,0,31565,806631,0.095941,36833,617338,0.073427,33930,1423969,0.169368,8407551
2,2021-02-25,74426,2104059,35078,1074582,39348,1029477,0,0,37955,811133,0.096477,36262,653600,0.07774,40764,1464733,0.174216,8407551
2,2021-02-26,82647,2186706,35322,1109904,47325,1076802,0,0,44726,820387,0.097577,37664,691264,0.082219,46918,1511651,0.179797,8407551
2,2021-02-27,60357,2247063,27978,1137882,32372,1109174,7,7,32966,827500,0.098423,27193,718457,0.085454,34306,1545957,0.183877,8407551
2,2021-02-28,29784,2276847,17925,1155807,11858,1121032,1,8,17507,833660,0.099156,12178,730635,0.086902,18338,1564295,0.186058,8407551
2,2021-03-01,57111,2333958,30054,1185861,27022,1148054,35,43,31073,840181,0.099932,25778,756413,0.089968,32299,1596594,0.1899,8407551
2,2021-03-02,67924,2401882,32724,1218585,35193,1183247,7,50,38495,851727,0.101305,29292,785705,0.093452,40838,1637432,0.194757,8407551
2,2021-03-03,79815,2481697,38762,1257347,41039,1224286,14,64,45139,864948,0.102878,34494,820199,0.097555,47715,1685147,0.200433,8407551
2,2021-03-04,87369,2569066,43110,1300457,44229,1268515,30,94,50457,881093,0.104798,36721,856920,0.101923,52866,1738013,0.20672,8407551
2,2021-03-05,80732,2649798,38287,1338744,42140,1310655,305,399,49604,902436,0.107336,30939,887859,0.105603,52282,1790295,0.212939,8407551
2,2021-03-06,62487,2712285,30550,1369294,30249,1340904,1688,2087,38501,920192,0.109448,23873,911732,0.108442,41629,1831924,0.21789,8407551
2,2021-03-07,27600,2739885,16164,1385458,10463,1351367,973,3060,17810,930354,0.110657,9731,921463,0.109599,19893,1851817,0.220256,8407551
2,2021-03-08,49984,2789869,23050,1408508,24465,1375832,2469,5529,31662,947906,0.112745,18219,939682,0.111766,35771,1887588,0.224511,8407551
2,2021-03-09,69918,2859787,31995,1440503,34140,1409972,3783,9312,38844,960929,0.114294,30956,970638,0.115448,43979,1931567,0.229742,8407551
2,2021-03-10,77727,2937514,36891,1477394,34288,1444260,6548,15860,41354,973989,0.115847,36182,1006820,0.119752,49242,1980809,0.235599,8407551
2,2021-03-11,92586,3030100,42763,1520157,41483,1485743,8340,24200,48480,988394,0.11756,43827,1050647,0.124965,58232,2039041,0.242525,8407551
2,2021-03-12,93617,3123717,38586,1558743,43040,1528783,11991,36191,46737,1001887,0.119165,46671,1097318,0.130516,60164,2099205,0.249681,8407551
2,2021-03-13,68617,3192334,28894,1587637,31808,1560591,7915,44106,37784,1018178,0.121103,30716,1128034,0.134169,47007,2146212,0.255272,8407551
2,2021-03-14,36566,3228900,18268,1605905,13773,1574364,4525,48631,18649,1024280,0.121829,17829,1145863,0.13629,23931,2170143,0.258118,8407551
2,2021-03-15,67177,3296077,30395,1636300,31743,1606107,5039,53670,37260,1037963,0.123456,29719,1175582,0.139825,43402,2213545,0.263281,8407551
2,2021-03-16,86042,3382119,38092,1674392,43943,1650050,4007,57677,52416,1062049,0.126321,33468,1209050,0.143805,57554,2271099,0.270126,8407551
2,2021-03-17,92315,3474434,44238,1718630,43925,1693975,4152,61829,58851,1092677,0.129964,33221,1242271,0.147757,63849,2334948,0.27772,8407551
2,2021-03-18,97688,3572122,46613,1765243,46504,1740479,4571,66400,59941,1120278,0.133247,37464,1279735,0.152213,65065,2400013,0.285459,8407551
2,2021-03-19,97103,3669225,45957,1811200,45011,1785490,6135,72535,58047,1146183,0.136328,38791,1318526,0.156826,64696,2464709,0.293154,8407551
2,2021-03-20,69500,3738725,33687,1844887,31891,1817381,3922,76457,45711,1172606,0.139471,23564,1342090,0.159629,49987,2514696,0.2991,8407551
2,2021-03-21,33101,3771826,21442,1866329,9678,1827059,1981,78438,20490,1183005,0.140707,12493,1354583,0.161115,22892,2537588,0.301822,8407551
2,2021-03-22,62431,3834257,34300,1900629,25487,1852546,2644,81082,41622,1207563,0.143628,20598,1375181,0.163565,45156,2582744,0.307193,8407551
2,2021-03-23,83535,3917792,44445,1945074,36183,1888729,2907,83989,52493,1233003,0.146654,30793,1405974,0.167228,56233,2638977,0.313882,8407551
2,2021-03-24,91324,4009116,49131,1994205,39043,1927772,3150,87139,53922,1253790,0.149127,37106,1443080,0.171641,57893,2696870,0.320768,8407551
2,2021-03-25,100931,4110047,50901,2045106,46131,1973903,3899,91038,57492,1272811,0.151389,43131,1486211,0.176771,62152,2759022,0.32816,8407551
2,2021-03-26,103021,4213068,51158,2096264,48371,2022274,3492,94530,56792,1288259,0.153226,45889,1532100,0.182229,61337,2820359,0.335455,8407551
2,2021-03-27,75197,4288265,37514,2133778,34374,2056648,3309,97839,37892,1293233,0.153818,37088,1569188,0.18664,42062,2862421,0.340458,8407551
2,2021-03-28,37490,4325755,23153,2156931,13529,2070177,808,98647,20322,1298039,0.15439,17051,1586239,0.188668,21857,2884278,0.343058,8407551
2,2021-03-29,71036,4396791,36160,2193091,32606,2102783,2270,100917,40687,1311720,0.156017,30171,1616410,0.192257,43852,2928130,0.348274,8407551
2,2021-03-30,91620,4488411,44826,2237917,42440,2145223,4354,105271,51741,1328730,0.15804,39688,1656098,0.196977,56698,2984828,0.355018,8407551
2,2021-03-31,100987,4589398,52055,2289972,43826,2189049,5106,110377,57625,1348742,0.16042,43068,1699166,0.2021,63080,3047908,0.36252,8407551
2,2021-04-01,117218,4706616,56626,2346598,51422,2240471,9170,119547,64136,1369752,0.162919,52743,1751909,0.208373,73753,3121661,0.371293,8407551
2,2021-04-02,111378,4817994,51359,2397957,49879,2290350,10140,129687,60186,1389720,0.165294,50842,1802751,0.21442,70810,3192471,0.379715,8407551
2,2021-04-03,76629,4894623,37593,2435550,29224,2319574,9812,139499,38078,1399665,0.166477,38352,1841103,0.218982,48297,3240768,0.385459,8407551
2,2021-04-04,29007,4923630,14902,2450452,10252,2329826,3853,143352,13081,1400802,0.166612,15838,1856941,0.220866,16975,3257743,0.387478,8407551
2,2021-04-05,78846,5002476,38686,2489138,31391,2361217,8769,152121,38335,1408317,0.167506,40354,1897295,0.225666,47869,3305612,0.393172,8407551
2,2021-04-06,103669,5106145,50465,2539603,38513,2399730,14691,166812,49386,1418777,0.16875,54034,1951329,0.232092,64494,3370106,0.400843,8407551
2,2021-04-07,110169,5216314,54997,2594600,38957,2438687,16215,183027,52098,1429572,0.170034,57808,2009137,0.238968,68603,3438709,0.409002,8407551
2,2021-04-08,119193,5335507,57377,2651977,43117,2481804,18699,201726,55459,1440928,0.171385,63409,2072546,0.24651,74765,3513474,0.417895,8407551
2,2021-04-09,118645,5454152,57075,2709052,43434,2525238,18136,219862,56172,1454000,0.17294,62122,2134668,0.253899,75194,3588668,0.426839,8407551
2,2021-04-10,87101,5541253,37770,2746822,31003,2556241,18328,238190,36078,1458322,0.173454,50771,2185439,0.259938,55093,3643761,0.433391,8407551
2,2021-04-11,44355,5585608,23031,2769853,12863,2569104,8461,246651,18274,1459836,0.173634,25951,2211390,0.263024,27465,3671226,0.436658,8407551
2,2021-04-12,79920,5665528,37226,2807079,33322,2602426,9372,256023,35876,1462303,0.173927,43788,2255178,0.268232,46255,3717481,0.44216,8407551
2,2021-04-13,101822,5767350,52797,2859876,48764,2651190,261,256284,55942,1473759,0.17529,45637,2300815,0.273661,57093,3774574,0.44895,8407551
2,2021-04-14,106644,5873994,55822,2915698,50771,2701961,51,256335,54743,1478366,0.175838,51615,2352430,0.2798,56222,3830796,0.455638,8407551
2,2021-04-15,113253,5987247,60190,2975888,52988,2754949,75,256410,59511,1485637,0.176703,53374,2405804,0.286148,60645,3891441,0.462851,8407551
2,2021-04-16,110601,6097848,57482,3033370,53069,2808018,50,256460,56411,1489085,0.177113,53858,2459662,0.292554,57306,3948747,0.469667,8407551
2,2021-04-17,83186,6181034,42334,3075704,40835,2848853,17,256477,46803,1500633,0.178486,36132,2495794,0.296851,47680,3996427,0.475338,8407551
2,2021-04-18,34467,6215501,20639,3096343,13822,2862675,6,256483,16511,1500300,0.178447,17822,2513616,0.298971,17489,4013916,0.477418,8407551
2,2021-04-19,74440,6289941,40069,3136412,34357,2897032,14,256497,34160,1495076,0.177825,40015,2553631,0.303731,34791,4048707,0.481556,8407551
2,2021-04-20,95799,6385740,47829,3184241,47944,2944976,26,256523,46685,1493724,0.177665,48802,2602433,0.309535,47450,4096157,0.4872,8407551
2,2021-04-21,100020,6485760,52919,3237160,47047,2992023,54,256577,47536,1490132,0.177237,52069,2654502,0.315728,48477,4144634,0.492966,8407551
2,2021-04-22,105716,6591476,54098,3291258,51597,3043620,21,256598,46384,1478460,0.175849,58959,2713461,0.322741,47287,4191921,0.49859,8407551
2,2021-04-23,105035,6696511,55279,3346537,49738,3093358,18,256616,48566,1471879,0.175066,56081,2769542,0.329411,49500,4241421,0.504478,8407551
2,2021-04-24,79510,6776021,46973,3393510,32498,3125856,39,256655,41533,1476715,0.175642,37666,2807208,0.333891,42502,4283923,0.509533,8407551
2,2021-04-25,36069,6812090,22270,3415780,13785,3139641,14,256669,19704,1480648,0.176109,16246,2823454,0.335824,20179,4304102,0.511933,8407551
2,2021-04-26,72592,6884682,39899,3455679,32399,3172040,294,256963,33500,1477034,0.175679,38846,2862300,0.340444,35232,4339334,0.516123,8407551
2,2021-04-27,86833,6971515,45422,3501101,40050,3212090,1361,258324,37306,1467740,0.174574,49183,2911483,0.346294,39889,4379223,0.520868,8407551
2,2021-04-28,86150,7057665,45555,3546656,38737,3250827,1858,260182,38024,1460698,0.173736,47822,2959305,0.351982,40780,4420003,0.525718,8407551
2,2021-04-29,88896,7146561,47907,3594563,39296,3290123,1693,261875,34470,1443357,0.171674,54092,3013397,0.358416,36751,4456754,0.530089,8407551
2,2021-04-30,92478,7239039,50696,3645259,39806,3329929,1976,263851,35749,1425401,0.169538,56327,3069724,0.365115,38371,4495125,0.534653,8407551
2,2021-05-01,61555,7300594,37638,3682897,22363,3352292,1554,265405,23946,1414422,0.168232,37325,3107049,0.369555,26346,4521471,0.537787,8407551
2,2021-05-02,29097,7329691,20186,3703083,7938,3360230,973,266378,11074,1408671,0.167548,17889,3124938,0.371682,12138,4533609,0.539231,8407551
2,2021-05-03,59759,7389450,35372,3738455,22350,3382580,2037,268415,20107,1391692,0.165529,39389,3164327,0.376367,22410,4556019,0.541896,8407551
2,2021-05-04,78082,7467532,46188,3784643,29525,3412105,2369,270784,25459,1367607,0.162664,52316,3216643,0.38259,28231,4584250,0.545254,8407551
2,2021-05-05,78325,7545857,46232,3830875,29759,3441864,2334,273118,24511,1341347,0.159541,53449,3270092,0.388947,27189,4611439,0.548488,8407551
2,2021-05-06,80838,7626695,48550,3879425,29389,3471253,2899,276017,24659,1313786,0.156263,55753,3325845,0.395578,28192,4639631,0.551841,8407551
2,2021-05-07,82263,7708958,47206,3926631,32636,3503889,2421,278438,25340,1285414,0.152888,56591,3382436,0.402309,28219,4667850,0.555197,8407551
2,2021-05-08,53748,7762706,32298,3958929,19749,3523638,1701,280139,16802,1267918,0.150807,36724,3419160,0.406677,19228,4687078,0.557484,8407551
2,2021-05-09,21311,7784017,15286,3974215,5284,3528922,741,280880,6372,1260405,0.149913,14862,3434022,0.408445,7349,4694427,0.558358,8407551
2,2021-05-10,49015,7833032,26529,4000744,20635,3549557,1851,282731,13960,1241990,0.147723,34837,3468859,0.412589,16422,4710849,0.560312,8407551
2,2021-05-11,63818,7896850,33835,4034579,27895,3577452,2088,284819,19360,1219920,0.145098,44193,3513052,0.417845,22123,4732972,0.562943,8407551
2,2021-05-12,63827,7960677,33914,4068493,27717,3605169,2196,287015,19558,1198075,0.1425,43987,3557039,0.423077,22142,4755114,0.565577,8407551
2,2021-05-13,69311,8029988,40147,4108640,27236,3632405,1928,288943,25721,1183112,0.14072,43333,3600372,0.428231,28370,4783484,0.568951,8407551
2,2021-05-14,78019,8108007,46634,4155274,29158,3661563,2227,291170,30289,1168900,0.13903,47380,3647752,0.433866,33168,4816652,0.572896,8407551
2,2021-05-15,65216,8173223,42794,4198068,20712,3682275,1710,292880,25221,1156434,0.137547,39778,3687530,0.438597,27312,4843964,0.576144,8407551
2,2021-05-16,30579,8203802,22757,4220825,6903,3689178,919,293799,12335,1151686,0.136982,18131,3705661,0.440754,13383,4857347,0.577736,8407551
2,2021-05-17,57358,8261160,36313,4257138,19110,3708288,1935,295734,22935,1142703,0.135914,34217,3739878,0.444824,25234,4882581,0.580738,8407551
2,2021-05-18,69276,8330436,40422,4297560,26898,3735186,1956,297690,27795,1131758,0.134612,41234,3781112,0.449728,30289,4912870,0.58434,8407551
2,2021-05-19,68157,8398593,40388,4337948,25788,3760974,1981,299671,27665,1121651,0.13341,40215,3821327,0.454511,30108,4942978,0.587921,8407551
2,2021-05-20,68278,8466871,39494,4377442,26616,3787590,2168,301839,26466,1109358,0.131948,41518,3862845,0.459449,29225,4972203,0.591397,8407551
2,2021-05-21,71839,8538710,42357,4419799,27353,3814943,2129,303968,28161,1096838,0.130459,43355,3906200,0.464606,30835,5003038,0.595065,8407551
2,2021-05-22,52926,8591636,33486,4453285,17677,3832620,1763,305731,22142,1090682,0.129726,30583,3936783,0.468244,24427,5027465,0.59797,8407551
2,2021-05-23,23346,8614982,15896,4469181,6728,3839348,722,306453,10034,1088376,0.129452,13194,3949977,0.469813,10888,5038353,0.599265,8407551
2,2021-05-24,43566,8658548,24466,4493647,17349,3856697,1751,308204,16707,1080519,0.128518,26654,3976631,0.472983,18797,5057150,0.601501,8407551
2,2021-05-25,50419,8708967,29563,4523210,18998,3875695,1858,310062,19439,1071659,0.127464,30699,4007330,0.476635,21839,5078989,0.604099,8407551
2,2021-05-26,48436,8757403,27199,4550409,19576,3895271,1661,311723,19312,1064164,0.126572,28811,4036141,0.480061,21316,5100305,0.606634,8407551
2,2021-05-27,46379,8803782,26273,4576682,18367,3913638,1739,313462,18925,1058104,0.125852,27227,4063368,0.4833,21167,5121472,0.609151,8407551
2,2021-05-28,49584,8853366,27424,4604106,20211,3933849,1949,315411,21084,1053300,0.12528,28260,4091628,0.486661,23456,5144928,0.611941,8407551
2,2021-05-29,28816,8882182,17261,4621367,10510,3944359,1045,316456,13528,1052899,0.125233,15143,4106771,0.488462,14742,5159670,0.613695,8407551
2,2021-05-30,12502,8894684,8045,4629412,3701,3948060,756,317212,5593,1052458,0.12518,6865,4113636,0.489279,6424,5166094,0.614459,8407551
2,2021-05-31,5858,8900542,3413,4632825,2143,3950203,302,317514,1835,1050668,0.124967,3978,4117614,0.489752,2188,5168282,0.614719,8407551
2,2021-06-01,44399,8944941,25588,4658413,17238,3967441,1573,319087,16206,1040907,0.123806,27924,4145538,0.493073,18163,5186445,0.616879,8407551
2,2021-06-02,37932,8982873,22301,4680714,14243,3981684,1388,320475,15261,1035419,0.123153,22430,4167968,0.495741,16942,5203387,0.618894,8407551
2,2021-06-03,41130,9024003,26537,4707251,13154,3994838,1439,321914,14291,1024917,0.121904,26612,4194580,0.498906,16110,5219497,0.620811,8407551
2,2021-06-04,47648,9071651,31097,4738348,15020,4009858,1531,323445,15859,1011311,0.120286,31517,4226097,0.502655,17911,5237408,0.622941,8407551
2,2021-06-05,37389,9109040,26681,4765029,9272,4019130,1436,324881,12037,1000058,0.118948,25137,4251234,0.505645,13884,5251292,0.624592,8407551
2,2021-06-06,14699,9123739,12035,4777064,2084,4021214,580,325461,5001,996177,0.118486,9643,4260877,0.506792,5762,5257054,0.625278,8407551
2,2021-06-07,32980,9156719,23071,4800135,8641,4029855,1268,326729,10917,986668,0.117355,21928,4282805,0.5094,12419,5269473,0.626755,8407551
2,2021-06-08,40289,9197008,28569,4828704,10361,4040216,1359,328088,12719,973777,0.115822,27337,4310142,0.512651,14446,5283919,0.628473,8407551
2,2021-06-09,37768,9234776,26412,4855116,9865,4050081,1491,329579,11521,961049,0.114308,26061,4336203,0.515751,13333,5297252,0.630059,8407551
2,2021-06-10,37437,9272213,26069,4881185,9874,4059955,1494,331073,11799,949360,0.112918,25441,4361644,0.518777,13752,5311004,0.631695,8407551
2,2021-06-11,40915,9313128,27179,4908364,12084,4072039,1652,332725,13264,937154,0.111466,27405,4389049,0.522037,15199,5326203,0.633502,8407551
2,2021-06-12,29125,9342253,21448,4929812,6769,4078808,908,333633,8740,926753,0.110229,20258,4409307,0.524446,9857,5336060,0.634675,8407551
2,2021-06-13,12050,9354303,8788,4938600,2655,4081463,607,334240,3157,921852,0.109646,8831,4418138,0.525496,3930,5339990,0.635142,8407551
2,2021-06-14,29570,9383873,20981,4959581,7415,4088878,1174,335414,10621,915051,0.108837,18800,4436938,0.527733,11999,5351989,0.636569,8407551
2,2021-06-15,35246,9419119,23489,4983070,9730,4098608,2027,337441,12058,906545,0.107825,22965,4459903,0.530464,14459,5366448,0.638289,8407551
2,2021-06-16,32615,9451734,22520,5005590,8336,4106944,1759,339200,11346,898834,0.106908,21107,4481010,0.532974,13396,5379844,0.639882,8407551
2,2021-06-17,30094,9481828,20176,5025766,8216,4115160,1702,340902,10725,892260,0.106126,19200,4500210,0.535258,12626,5392470,0.641384,8407551
2,2021-06-18,33704,9515532,22213,5047979,9703,4124863,1788,342690,12404,885618,0.105336,21098,4521308,0.537768,14456,5406926,0.643104,8407551
2,2021-06-19,20423,9535955,14278,5062257,4958,4129821,1187,343877,7777,882275,0.104938,12484,4533792,0.539252,9141,5416067,0.644191,8407551
2,2021-06-20,8166,9544121,5822,5068079,1882,4131703,462,344339,3049,880777,0.10476,5075,4538867,0.539856,3577,5419644,0.644616,8407551
2,2021-06-21,18814,9562935,11525,5079604,6054,4137757,1235,345574,9735,882963,0.10502,8965,4547832,0.540922,11151,5430795,0.645943,8407551
2,2021-06-22,25865,9588800,17788,5097392,6826,4144583,1251,346825,10217,879197,0.104572,15488,4563320,0.542764,11722,5442517,0.647337,8407551
2,2021-06-23,12995,9601795,8833,5106225,2994,4147577,1168,347993,4870,877320,0.104349,8064,4571384,0.543724,6187,5448704,0.648073,8407551
3,2020-12-15,304,304,304,304,0,0,0,0,304,304,3.7e-05,0,0,0.0,304,304,3.7e-05,8129050
3,2020-12-16,2310,2614,2310,2614,0,0,0,0,2311,2615,0.000322,0,0,0.0,2311,2615,0.000322,8129050
3,2020-12-17,7783,10397,7783,10397,0,0,0,0,7783,10398,0.001279,0,0,0.0,7783,10398,0.001279,8129050
3,2020-12-18,13390,23787,13377,23774,13,13,0,0,13390,23788,0.002926,0,0,0.0,13390,23788,0.002926,8129050
3,2020-12-19,7215,31002,7204,30978,11,24,0,0,7279,31067,0.003822,0,0,0.0,7279,31067,0.003822,8129050
3,2020-12-20,5655,36657,5648,36626,7,31,0,0,5702,36768,0.004523,1,1,0.0,5702,36769,0.004523,8129050
3,2020-12-21,14340,50997,14315,50941,25,56,0,0,14403,51170,0.006295,1,2,0.0,14403,51172,0.006295,8129050
3,2020-12-22,14777,65774,14197,65138,580,636,0,0,14815,65984,0.008117,1,3,0.0,14815,65987,0.008117,8129050
3,2020-12-23,14817,80591,12209,77347,2608,3244,0,0,14845,80829,0.009943,1,4,0.0,14846,80833,0.009944,8129050
3,2020-12-24,6779,87370,4864,82211,1915,5159,0,0,6777,87605,0.010777,1,5,1e-06,6777,87610,0.010777,8129050
3,2020-12-25,720,88090,663,82874,57,5216,0,0,719,88324,0.010865,0,5,1e-06,719,88329,0.010866,8129050
3,2020-12-26,4609,92699,2993,85867,1616,6832,0,0,4607,92931,0.011432,0,5,1e-06,4607,92936,0.011433,8129050
3,2020-12-27,2979,95678,1849,87716,1130,7962,0,0,2979,95910,0.011798,0,5,1e-06,2979,95915,0.011799,8129050
3,2020-12-28,13584,109262,8687,96403,4897,12859,0,0,13610,109519,0.013473,1,6,1e-06,13610,109525,0.013473,8129050
3,2020-12-29,15006,124268,8466,104869,6540,19399,0,0,15033,124550,0.015322,2,8,1e-06,15033,124558,0.015323,8129050
3,2020-12-30,18016,142284,10020,114889,7996,27395,0,0,18002,142551,0.017536,2,10,1e-06,18003,142561,0.017537,8129050
3,2020-12-31,8447,150731,3241,118130,5206,32601,0,0,8447,150997,0.018575,1,11,1e-06,8447,151008,0.018576,8129050
3,2021-01-01,1356,152087,627,118757,729,33330,0,0,1352,152348,0.018741,1,12,1e-06,1352,152360,0.018743,8129050
3,2021-01-02,4944,157031,2426,121183,2518,35848,0,0,4944,157292,0.019349,0,12,1e-06,4944,157304,0.019351,8129050
3,2021-01-03,1611,158642,847,122030,764,36612,0,0,1600,158888,0.019546,4,16,2e-06,1600,158904,0.019548,8129050
3,2021-01-04,11978,170620,5950,127980,6028,42640,0,0,11952,170833,0.021015,7,23,3e-06,11952,170856,0.021018,8129050
3,2021-01-05,15658,186278,8098,136078,7560,50200,0,0,14034,183283,0.022547,1610,1633,0.000201,14060,184916,0.022748,8129050
3,2021-01-06,20513,206791,10812,146890,9701,59901,0,0,16046,194911,0.023977,4426,6059,0.000745,16054,200970,0.024722,8129050
3,2021-01-07,26476,233267,15137,162027,11339,71240,0,0,17102,202685,0.024933,9344,15403,0.001895,17118,218088,0.026828,8129050
3,2021-01-08,30375,263642,18538,180565,11837,83077,0,0,18028,208410,0.025638,12325,27728,0.003411,18050,236138,0.029049,8129050
3,2021-01-09,12367,276009,6985,187550,5382,88459,0,0,7861,211779,0.026052,4500,32228,0.003965,7869,244007,0.030017,8129050
3,2021-01-10,7169,283178,4464,192014,2705,91164,0,0,4030,212677,0.026163,3137,35365,0.00435,4035,248042,0.030513,8129050
3,2021-01-11,28961,312139,18962,210976,9999,101163,0,0,16380,216525,0.026636,12575,47940,0.005897,16423,264465,0.032533,8129050
3,2021-01-12,32309,344448,19360,230336,12949,114112,0,0,19793,223907,0.027544,12497,60437,0.007435,19879,284344,0.034979,8129050
3,2021-01-13,34410,378858,17976,248312,16434,130546,0,0,24224,237964,0.029273,10186,70623,0.008688,24243,308587,0.037961,8129050
3,2021-01-14,34602,413460,14214,262526,20388,150934,0,0,28711,260845,0.032088,5864,76487,0.009409,28745,337332,0.041497,8129050
3,2021-01-15,38822,452282,14458,276984,24364,175298,0,0,34153,290406,0.035724,4657,81144,0.009982,34218,371550,0.045706,8129050
3,2021-01-16,21807,474089,7601,284585,14206,189504,0,0,19489,307612,0.037841,2305,83449,0.010266,19511,391061,0.048107,8129050
3,2021-01-17,13119,487208,4433,289018,8686,198190,0,0,12082,318678,0.039202,1035,84484,0.010393,12101,403162,0.049595,8129050
3,2021-01-18,24699,511907,12898,301916,11801,209991,0,0,19149,332305,0.040879,5565,90049,0.011077,19192,422354,0.051956,8129050
3,2021-01-19,40931,552838,20901,322817,20030,230021,0,0,31838,355161,0.04369,9067,99116,0.012193,31923,454277,0.055883,8129050
3,2021-01-20,45218,598056,22178,344995,23040,253061,0,0,35867,381801,0.046967,9308,108424,0.013338,35948,490225,0.060305,8129050
3,2021-01-21,47770,645826,20640,365635,27130,280191,0,0,42302,418779,0.051516,5392,113816,0.014001,42370,532595,0.065517,8129050
3,2021-01-22,49660,695486,19778,385413,29882,310073,0,0,45505,460198,0.056612,4156,117972,0.014512,45575,578170,0.071124,8129050
3,2021-01-23,30222,725708,12815,398228,17407,327480,0,0,26931,483897,0.059527,3282,121254,0.014916,26981,605151,0.074443,8129050
3,2021-01-24,17636,743344,8463,406691,9173,336653,0,0,16476,499247,0.061415,1157,122411,0.015058,16507,621658,0.076474,8129050
3,2021-01-25,40661,784005,18124,424815,22537,359190,0,0,30727,520149,0.063986,9911,132322,0.016278,30813,652471,0.080264,8129050
3,2021-01-26,46999,831004,22457,447272,24542,383732,0,0,36918,547100,0.067302,10072,142394,0.017517,37023,689494,0.084819,8129050
3,2021-01-27,51216,882220,24384,471656,26832,410564,0,0,40634,577302,0.071017,10511,152905,0.01881,40713,730207,0.089827,8129050
3,2021-01-28,51556,933776,23924,495580,27632,438196,0,0,42630,611145,0.07518,8841,161746,0.019897,42684,772891,0.095078,8129050
3,2021-01-29,50688,984464,24357,519937,26331,464527,0,0,41059,642812,0.079076,9441,171187,0.021059,41108,813999,0.100135,8129050
3,2021-01-30,36984,1021448,17612,537549,19372,483899,0,0,32284,670531,0.082486,4647,175834,0.02163,32366,846365,0.104116,8129050
3,2021-01-31,22097,1043545,12654,550203,9443,493342,0,0,20709,689882,0.084866,1376,177210,0.0218,20727,867092,0.106666,8129050
3,2021-02-01,45631,1089176,20813,571016,24818,518160,0,0,34855,714036,0.087838,10734,187944,0.02312,34888,901980,0.110958,8129050
3,2021-02-02,54213,1143389,22548,593564,31665,549825,0,0,41804,743568,0.09147,12320,200264,0.024636,41852,943832,0.116106,8129050
3,2021-02-03,59955,1203344,26752,620316,33203,583028,0,0,44590,773026,0.095094,15204,215468,0.026506,44662,988494,0.1216,8129050
3,2021-02-04,64172,1267516,27876,648192,36296,619324,0,0,47062,803275,0.098815,16923,232391,0.028588,47172,1035666,0.127403,8129050
3,2021-02-05,70069,1337585,29800,677992,40269,659593,0,0,48415,830439,0.102157,21423,253814,0.031223,48587,1084253,0.13338,8129050
3,2021-02-06,43521,1381106,21185,699177,22336,681929,0,0,33790,854714,0.105143,9697,263511,0.032416,33972,1118225,0.137559,8129050
3,2021-02-07,19497,1400603,12358,711535,7139,689068,0,0,15007,865373,0.106454,4476,267987,0.032967,15135,1133360,0.139421,8129050
3,2021-02-08,51015,1451618,24636,736171,26379,715447,0,0,33460,881568,0.108447,17448,285435,0.035113,33643,1167003,0.14356,8129050
3,2021-02-09,58287,1509905,28374,764545,29913,745360,0,0,34197,892196,0.109754,23917,309352,0.038055,34545,1201548,0.147809,8129050
3,2021-02-10,67727,1577632,31493,796038,36234,781594,0,0,36709,898651,0.110548,30786,340138,0.041842,37241,1238789,0.15239,8129050
3,2021-02-11,70432,1648064,34731,830769,35701,817295,0,0,37675,904455,0.111262,32408,372546,0.045829,38212,1277001,0.157091,8129050
3,2021-02-12,75187,1723251,32593,863362,42594,859889,0,0,41570,913477,0.112372,33322,405868,0.049928,42344,1319345,0.1623,8129050
3,2021-02-13,44668,1767919,20364,883726,24304,884193,0,0,25718,920931,0.113289,18846,424714,0.052246,26300,1345645,0.165535,8129050
3,2021-02-14,27211,1795130,13593,897319,13618,897811,0,0,15166,924550,0.113734,11996,436710,0.053722,15615,1361260,0.167456,8129050
3,2021-02-15,39854,1834984,17133,914452,22721,920532,0,0,22077,929870,0.114389,17691,454401,0.055898,23011,1384271,0.170287,8129050
3,2021-02-16,69666,1904650,32949,947401,36717,957249,0,0,36245,933857,0.114879,33287,487688,0.059993,37274,1421545,0.174872,8129050
3,2021-02-17,71354,1976004,36100,983501,35254,992503,0,0,34007,931800,0.114626,37136,524824,0.064562,35079,1456624,0.179187,8129050
3,2021-02-18,76454,2052458,39940,1023441,36514,1029017,0,0,35469,927772,0.11413,40839,565663,0.069585,36811,1493435,0.183716,8129050
3,2021-02-19,68326,2120784,39369,1062810,28957,1057974,0,0,34551,929347,0.114324,33668,599331,0.073727,35243,1528678,0.188051,8129050
3,2021-02-20,42034,2162818,26577,1089387,15457,1073431,0,0,22256,932413,0.114701,19685,619016,0.076149,22751,1551429,0.19085,8129050
3,2021-02-21,22753,2185571,18919,1108306,3834,1077265,0,0,10858,931835,0.11463,11817,630833,0.077602,11239,1562668,0.192233,8129050
3,2021-02-22,45315,2230886,29513,1137819,15802,1093067,0,0,21485,930055,0.114411,23747,654580,0.080524,21967,1584635,0.194935,8129050
3,2021-02-23,60836,2291722,33173,1170992,27663,1120730,0,0,26856,925059,0.113797,33836,688416,0.084686,28840,1613475,0.198483,8129050
3,2021-02-24,76710,2368432,37589,1208581,39121,1159851,0,0,34248,919518,0.113115,42298,730714,0.089889,36757,1650232,0.203004,8129050
3,2021-02-25,86132,2454564,41939,1250520,44193,1204044,0,0,43201,922620,0.113497,42692,773406,0.095141,45794,1696026,0.208638,8129050
3,2021-02-26,96955,2551519,44346,1294866,52609,1256653,0,0,51542,931296,0.114564,45068,818474,0.100685,53744,1749770,0.215249,8129050
3,2021-02-27,68430,2619949,31555,1326421,36872,1293525,3,3,36401,937164,0.115286,31846,850320,0.104603,37714,1787484,0.219888,8129050
3,2021-02-28,39236,2659185,22939,1349360,16295,1309820,2,5,20707,940443,0.115689,18378,868698,0.106863,21657,1809141,0.222553,8129050
3,2021-03-01,67500,2726685,35847,1385207,31631,1341451,22,27,37780,950035,0.116869,29549,898247,0.110498,39141,1848282,0.227368,8129050
3,2021-03-02,77965,2804650,38550,1423757,39407,1380858,8,35,45684,965642,0.118789,32150,930397,0.114453,47757,1896039,0.233242,8129050
3,2021-03-03,88959,2893609,42687,1466444,46254,1427112,18,53,49945,979046,0.120438,38823,969220,0.119229,52227,1948266,0.239667,8129050
3,2021-03-04,92887,2986496,45577,1512021,47291,1474403,19,72,52943,994538,0.122344,39742,1008962,0.124118,55234,2003500,0.246462,8129050
3,2021-03-05,89343,3075839,43925,1555946,45128,1519531,290,362,54609,1017145,0.125125,34515,1043477,0.128364,57122,2060622,0.253489,8129050
3,2021-03-06,64917,3140756,32906,1588852,29866,1549397,2145,2507,37295,1030571,0.126776,27489,1070966,0.131746,40915,2101537,0.258522,8129050
3,2021-03-07,37467,3178223,22371,1611223,13952,1563349,1144,3651,21623,1038716,0.127778,15788,1086754,0.133688,23933,2125470,0.261466,8129050
3,2021-03-08,58933,3237156,28204,1639427,27868,1591217,2861,6512,37453,1059245,0.130304,21335,1108089,0.136312,41864,2167334,0.266616,8129050
3,2021-03-09,76396,3313552,35448,1674875,36583,1627800,4365,10877,41243,1070992,0.131749,35034,1143123,0.140622,46781,2214115,0.272371,8129050
3,2021-03-10,82523,3396075,41297,1716172,35156,1662956,6070,16947,43152,1082449,0.133158,39171,1182294,0.145441,50628,2264743,0.278599,8129050
3,2021-03-11,96543,3492618,47236,1763408,40764,1703720,8543,25490,47410,1090613,0.134162,48885,1231179,0.151454,57049,2321792,0.285617,8129050
3,2021-03-12,101665,3594283,45392,1808800,44428,1748148,11845,37335,46643,1095461,0.134759,54815,1285994,0.158197,59663,2381455,0.292956,8129050
3,2021-03-13,69724,3664007,29659,1838459,32840,1780988,7225,44560,36663,1107770,0.136273,32953,1318947,0.162251,45262,2426717,0.298524,8129050
3,2021-03-14,40773,3704780,21542,1860001,15674,1796662,3557,48117,20817,1112892,0.136903,19885,1338832,0.164697,25007,2451724,0.3016,8129050
3,2021-03-15,75341,3780121,35814,1895815,34995,1831657,4532,52649,39858,1122996,0.138146,35291,1374123,0.169039,45395,2497119,0.307185,8129050
3,2021-03-16,94766,3874887,43717,1939532,46734,1878391,4315,56964,53605,1140892,0.140348,40954,1415077,0.174077,58850,2555969,0.314424,8129050
3,2021-03-17,97936,3972823,47648,1987180,45786,1924177,4502,61466,59795,1167928,0.143673,37927,1453004,0.178742,64963,2620932,0.322416,8129050
3,2021-03-18,103220,4076043,52545,2039725,46181,1970358,4494,65960,59754,1189509,0.146328,43218,1496222,0.184059,64799,2685731,0.330387,8129050
3,2021-03-19,102802,4178845,55183,2094908,43183,2013541,4436,70396,57837,1207613,0.148555,44711,1540933,0.189559,62815,2748546,0.338114,8129050
3,2021-03-20,71347,4250192,36895,2131803,30840,2044381,3612,74008,44278,1229108,0.151199,26896,1567829,0.192867,48391,2796937,0.344067,8129050
3,2021-03-21,35978,4286170,24579,2156382,9899,2054280,1500,75508,22494,1240180,0.152561,13394,1581223,0.194515,24466,2821403,0.347077,8129050
3,2021-03-22,70139,4356309,41196,2197578,26429,2080709,2514,78022,45024,1263816,0.155469,24912,1606135,0.19758,48548,2869951,0.353049,8129050
3,2021-03-23,89510,4445819,49553,2247131,37442,2118151,2515,80537,55283,1288330,0.158485,33988,1640123,0.201761,58502,2928453,0.360245,8129050
3,2021-03-24,98428,4544247,56679,2303810,38862,2157013,2887,83424,56463,1306659,0.160739,41630,1681753,0.206882,59959,2988412,0.367621,8129050
3,2021-03-25,107002,4651249,59474,2363284,44587,2201600,2941,86365,60747,1325048,0.163002,45947,1727700,0.212534,64336,3052748,0.375536,8129050
3,2021-03-26,110134,4761383,59159,2422443,47716,2249316,3259,89624,57386,1334089,0.164114,52451,1780151,0.218986,61492,3114240,0.3831,8129050
3,2021-03-27,74185,4835568,37829,2460272,33814,2283130,2542,92166,36165,1335646,0.164305,37821,1817972,0.223639,39378,3153618,0.387944,8129050
3,2021-03-28,43986,4879554,27825,2488097,15351,2298481,810,92976,22427,1337930,0.164586,21453,1839425,0.226278,23737,3177355,0.390864,8129050
3,2021-03-29,80405,4959959,42015,2530112,36550,2335031,1840,94816,44333,1349071,0.165957,35844,1875269,0.230687,46985,3224340,0.396644,8129050
3,2021-03-30,99916,5059875,49111,2579223,47189,2382220,3616,98432,56243,1366099,0.168051,43433,1918702,0.23603,60461,3284801,0.404082,8129050
3,2021-03-31,104808,5164683,56542,2635765,43438,2425658,4828,103260,56176,1379001,0.169639,48436,1967138,0.241989,61338,3346139,0.411627,8129050
3,2021-04-01,123308,5287991,62380,2698145,51229,2476887,9699,112959,66853,1399784,0.172195,56102,2023240,0.24889,76885,3423024,0.421085,8129050
3,2021-04-02,117716,5405707,57507,2755652,49922,2526809,10287,123246,62472,1418046,0.174442,54991,2078231,0.255655,73253,3496277,0.430097,8129050
3,2021-04-03,75956,5481663,38840,2794492,27897,2554706,9219,132465,37960,1427691,0.175628,37862,2116093,0.260312,47507,3543784,0.435941,8129050
3,2021-04-04,32373,5514036,17293,2811785,10871,2565577,4209,136674,14225,1428093,0.175678,18071,2134164,0.262535,18473,3562257,0.438213,8129050
3,2021-04-05,88866,5602902,45133,2856918,34630,2600207,9103,145777,43531,1436430,0.176703,45134,2179298,0.268088,53471,3615728,0.444791,8129050
3,2021-04-06,113209,5716111,55101,2912019,42970,2643177,15138,160915,53453,1446239,0.17791,59505,2238803,0.275408,69314,3685042,0.453318,8129050
3,2021-04-07,116049,5832160,60088,2972107,39687,2682864,16274,177189,56361,1459696,0.179565,59450,2298253,0.282721,72907,3757949,0.462286,8129050
3,2021-04-08,121265,5953425,60373,3032480,40788,2723652,20104,197293,56369,1472345,0.181121,64611,2362864,0.290669,77260,3835209,0.471791,8129050
3,2021-04-09,118177,6071602,58936,3091416,40144,2763796,19097,216390,52039,1478491,0.181877,65906,2428770,0.298777,72052,3907261,0.480654,8129050
3,2021-04-10,83645,6155247,37834,3129250,30583,2794379,15228,231618,34183,1479428,0.181993,49306,2478076,0.304842,50243,3957504,0.486835,8129050
3,2021-04-11,45083,6200330,24264,3153514,12861,2807240,7958,239576,17299,1477825,0.181796,27700,2505776,0.30825,26097,3983601,0.490045,8129050
3,2021-04-12,83868,6284198,42403,3195917,32705,2839945,8760,248336,38237,1480498,0.182124,45411,2551187,0.313836,48084,4031685,0.49596,8129050
3,2021-04-13,105340,6389538,57078,3252995,48047,2887992,215,248551,55820,1488107,0.18306,49305,2600492,0.319901,56914,4088599,0.502961,8129050
3,2021-04-14,107511,6497049,58793,3311788,48621,2936613,97,248648,53641,1489678,0.183254,53598,2654090,0.326494,55169,4143768,0.509748,8129050
3,2021-04-15,119239,6616288,67151,3378939,52018,2988631,70,248718,64063,1499734,0.184491,54879,2708969,0.333245,64935,4208703,0.517736,8129050
3,2021-04-16,115286,6731574,64718,3443657,50473,3039104,95,248813,60383,1506259,0.185293,54616,2763585,0.339964,61141,4269844,0.525257,8129050
3,2021-04-17,78946,6810520,43231,3486888,35703,3074807,12,248825,44054,1516603,0.186566,34688,2798273,0.344231,45032,4314876,0.530797,8129050
3,2021-04-18,37407,6847927,22215,3509103,15189,3089996,3,248828,17657,1515479,0.186428,19654,2817927,0.346649,18530,4333406,0.533077,8129050
3,2021-04-19,78752,6926679,43930,3553033,34769,3124765,53,248881,35682,1508813,0.185608,42905,2860832,0.351927,36239,4369645,0.537535,8129050
3,2021-04-20,98810,7025489,51191,3604224,47604,3172369,15,248896,48166,1507602,0.185459,50418,2911250,0.358129,49207,4418852,0.543588,8129050
3,2021-04-21,101893,7127382,55912,3660136,45914,3218283,67,248963,48333,1503754,0.184985,53239,2964489,0.364678,49391,4468243,0.549664,8129050
3,2021-04-22,109203,7236585,60768,3720904,48415,3266698,20,248983,47047,1489931,0.183285,61845,3026334,0.372286,48022,4516265,0.555571,8129050
3,2021-04-23,103428,7340013,58503,3779407,44900,3311598,25,249008,45405,1478649,0.181897,57712,3084046,0.379386,46430,4562695,0.561283,8129050
3,2021-04-24,72992,7413005,45205,3824612,27725,3339323,62,249070,35624,1478198,0.181841,37121,3121167,0.383952,36670,4599365,0.565794,8129050
3,2021-04-25,36339,7449344,23391,3848003,12931,3352254,17,249087,18744,1479883,0.182049,17465,3138632,0.386101,19150,4618515,0.568149,8129050
3,2021-04-26,72448,7521792,40546,3888549,31505,3383759,397,249484,31018,1471444,0.181011,41190,3179822,0.391168,32751,4651266,0.572178,8129050
3,2021-04-27,89732,7611524,46738,3935287,41258,3425017,1736,251220,35644,1455785,0.179084,53803,3233625,0.397786,38144,4689410,0.576871,8129050
3,2021-04-28,84926,7696450,47709,3982996,35099,3460116,2118,253338,34760,1443286,0.177547,49906,3283531,0.403926,37407,4726817,0.581472,8129050
3,2021-04-29,87008,7783458,49234,4032230,35580,3495696,2194,255532,30974,1421189,0.174828,55747,3339278,0.410783,33650,4760467,0.585612,8129050
3,2021-04-30,88709,7872167,49647,4081877,36585,3532281,2477,258009,32849,1401406,0.172395,55571,3394849,0.417619,35788,4796255,0.590014,8129050
3,2021-05-01,54691,7926858,34449,4116326,18794,3551075,1448,259457,19684,1388204,0.170771,34817,3429666,0.421902,21615,4817870,0.592673,8129050
3,2021-05-02,26783,7953641,18272,4134598,7500,3558575,1011,260468,9826,1382260,0.17004,16881,3446547,0.423979,10937,4828807,0.594019,8129050
3,2021-05-03,59027,8012668,34521,4169119,22154,3580729,2352,262820,17323,1360589,0.167374,41529,3488076,0.429088,19858,4848665,0.596461,8129050
3,2021-05-04,75781,8088449,43310,4212429,29831,3610560,2640,265460,22126,1332251,0.163888,53388,3541464,0.435655,25050,4873715,0.599543,8129050
3,2021-05-05,77115,8165564,45821,4258250,28608,3639168,2686,268146,21448,1301269,0.160076,55377,3596841,0.442468,24395,4898110,0.602544,8129050
3,2021-05-06,81560,8247124,51182,4309432,27862,3667030,2516,270662,20344,1263894,0.155479,60783,3657624,0.449945,23408,4921518,0.605424,8129050
3,2021-05-07,81209,8328333,50391,4359823,28204,3695234,2614,273276,21582,1229072,0.151195,59307,3716931,0.457241,24485,4946003,0.608436,8129050
3,2021-05-08,50748,8379081,31248,4391071,17804,3713038,1696,274972,13470,1207464,0.148537,37036,3753967,0.461797,15428,4961431,0.610333,8129050
3,2021-05-09,20368,8399449,14798,4405869,4786,3717824,784,275756,5554,1199141,0.147513,14729,3768696,0.463608,6406,4967837,0.611121,8129050
3,2021-05-10,46957,8446406,25017,4430886,20042,3737866,1898,277654,11103,1176734,0.144757,35671,3804367,0.467997,13264,4981101,0.612753,8129050
3,2021-05-11,61769,8508175,33914,4464800,25663,3763529,2192,279846,15712,1149249,0.141376,45841,3850208,0.473636,18356,4999457,0.615011,8129050
3,2021-05-12,63502,8571677,36397,4501197,24716,3788245,2389,282235,17133,1122921,0.138137,46146,3896354,0.479312,19818,5019275,0.617449,8129050
3,2021-05-13,73579,8645256,46337,4547534,25360,3813605,1882,284117,27308,1106675,0.136138,46041,3942395,0.484976,29795,5049070,0.621114,8129050
3,2021-05-14,78467,8723723,49513,4597047,26838,3840443,2116,286233,30893,1092959,0.134451,47321,3989716,0.490797,33605,5082675,0.625248,8129050
3,2021-05-15,61048,8784771,42010,4639057,17834,3858277,1204,287437,25194,1083893,0.133336,35672,4025388,0.495186,26606,5109281,0.628521,8129050
3,2021-05-16,31768,8816539,23814,4662871,7270,3865547,684,288121,12762,1078519,0.132675,18903,4044291,0.497511,13529,5122810,0.630186,8129050
3,2021-05-17,56360,8872899,35839,4698710,18694,3884241,1827,289948,21123,1066681,0.131218,34988,4079279,0.501815,23150,5145960,0.633033,8129050
3,2021-05-18,63715,8936614,37638,4736348,24239,3908480,1838,291786,24356,1054154,0.129677,39107,4118386,0.506626,26580,5172540,0.636303,8129050
3,2021-05-19,63011,8999625,38490,4774838,22794,3931274,1727,293513,25212,1043799,0.128404,37568,4155954,0.511247,27213,5199753,0.639651,8129050
3,2021-05-20,60476,9060101,35408,4810246,23253,3954527,1815,295328,22330,1030396,0.126755,37884,4193838,0.515908,24481,5224234,0.642662,8129050
3,2021-05-21,65133,9125234,39682,4849928,23371,3977898,2080,297408,24017,1015940,0.124976,40836,4234674,0.520931,26380,5250614,0.645907,8129050
3,2021-05-22,45164,9170398,29910,4879838,13790,3991688,1464,298872,18853,1010379,0.124292,26122,4260796,0.524144,20561,5271175,0.648437,8129050
3,2021-05-23,20639,9191037,14322,4894160,5670,3997358,647,299519,8990,1008555,0.124068,11570,4272366,0.525568,9746,5280921,0.649636,8129050
3,2021-05-24,38464,9229501,22272,4916432,14458,4011816,1734,301253,14279,1000751,0.123108,24014,4296380,0.528522,16210,5297131,0.65163,8129050
3,2021-05-25,42389,9271890,23908,4940340,16830,4028646,1651,302904,15322,991115,0.121923,26829,4323209,0.531822,17193,5314324,0.653745,8129050
3,2021-05-26,42061,9313951,24105,4964445,16245,4044891,1711,304615,16153,983476,0.120983,25634,4348843,0.534976,17995,5332319,0.655958,8129050
3,2021-05-27,39099,9353050,21952,4986397,15406,4060297,1741,306356,15657,977811,0.120286,23295,4372138,0.537841,17630,5349949,0.658127,8129050
3,2021-05-28,42392,9395442,24017,5010414,16594,4076891,1781,308137,17850,973397,0.119743,24362,4396500,0.540838,19948,5369897,0.660581,8129050
3,2021-05-29,23256,9418698,14199,5024613,8228,4085119,829,308966,11164,973531,0.11976,11978,4408478,0.542312,12112,5382009,0.662071,8129050
3,2021-05-30,10504,9429202,6807,5031420,3063,4088182,634,309600,4536,972843,0.119675,5901,4414379,0.543038,5213,5387222,0.662712,8129050
3,2021-05-31,4592,9433794,2652,5034072,1672,4089854,268,309868,1459,971490,0.119508,3106,4417485,0.54342,1753,5388975,0.662928,8129050
3,2021-06-01,37421,9471215,21581,5055653,14420,4104274,1420,311288,13806,963499,0.118525,23412,4440897,0.5463,15421,5404396,0.664825,8129050
3,2021-06-02,31363,9502578,18046,5073699,11903,4116177,1414,312702,11952,957774,0.117821,19217,4460114,0.548664,13492,5417888,0.666485,8129050
3,2021-06-03,39343,9541921,26936,5100635,10988,4127165,1419,314121,11920,944081,0.116137,27255,4487369,0.552016,13562,5431450,0.668153,8129050
3,2021-06-04,45824,9587745,32435,5133070,11860,4139025,1529,315650,13586,927587,0.114108,32014,4519383,0.555955,15520,5446970,0.670062,8129050
3,2021-06-05,34022,9621767,25664,5158734,7180,4146205,1178,316828,9001,913107,0.112326,24828,4544211,0.559009,10348,5457318,0.671335,8129050
3,2021-06-06,14402,9636169,12021,5170755,1803,4148008,578,317406,4076,907651,0.111655,10272,4554483,0.560272,4816,5462134,0.671928,8129050
3,2021-06-07,30137,9666306,21926,5192681,6947,4154955,1264,318670,8855,896739,0.110313,21152,4575635,0.562875,10240,5472374,0.673187,8129050
3,2021-06-08,34114,9700420,24531,5217212,8304,4163259,1279,319949,10167,884645,0.108825,23743,4599378,0.565795,11649,5484023,0.67462,8129050
3,2021-06-09,32521,9732941,23572,5240784,7667,4170926,1282,321231,8853,871425,0.107199,23510,4622888,0.568687,10290,5494313,0.675886,8129050
3,2021-06-10,32215,9765156,23269,5264053,7438,4178364,1508,322739,9106,859255,0.105702,22973,4645861,0.571513,10803,5505116,0.677215,8129050
3,2021-06-11,35136,9800292,24834,5288887,8947,4187311,1355,324094,10530,846887,0.10418,24421,4670282,0.574518,12053,5517169,0.678698,8129050
3,2021-06-12,24958,9825250,18825,5307712,5238,4192549,895,324989,6731,836539,0.102907,18119,4688401,0.576746,7771,5524940,0.679654,8129050
3,2021-06-13,10002,9835252,7462,5315174,2048,4194597,492,325481,2422,831987,0.102347,7533,4695934,0.577673,2981,5527921,0.680021,8129050
3,2021-06-14,25551,9860803,18303,5333477,5853,4200450,1395,326876,8349,824788,0.101462,17073,4713007,0.579773,9874,5537795,0.681235,8129050
3,2021-06-15,28464,9889267,19294,5352771,7688,4208138,1482,328358,9720,817617,0.10058,18529,4731536,0.582053,11358,5549153,0.682632,8129050
3,2021-06-16,25369,9914636,17972,5370743,6025,4214163,1372,329730,8671,811280,0.0998,16532,4748068,0.584086,10195,5559348,0.683887,8129050
3,2021-06-17,24285,9938921,17523,5388266,5631,4219794,1131,330861,8552,805508,0.09909,15588,4763656,0.586004,9816,5569164,0.685094,8129050
3,2021-06-18,27302,9966223,19407,5407673,6518,4226312,1377,332238,9692,799332,0.09833,17403,4781059,0.588145,11227,5580391,0.686475,8129050
3,2021-06-19,15579,9981802,11512,5419185,3318,4229630,749,332987,5676,796093,0.097932,9768,4790827,0.589346,6529,5586920,0.687278,8129050
3,2021-06-20,6815,9988617,5123,5424308,1396,4231026,296,333283,2603,794880,0.097783,4164,4794991,0.589859,2951,5589871,0.687641,8129050
3,2021-06-21,15774,10004391,10056,5434364,4501,4235527,1217,334500,7992,796507,0.097983,7702,4802693,0.590806,9329,5599200,0.688789,8129050
3,2021-06-22,21187,10025578,15025,5449389,5126,4240653,1036,335536,8061,792732,0.097518,13016,4815709,0.592407,9241,5608441,0.689926,8129050
3,2021-06-23,10003,10035581,6985,5456374,2201,4242854,817,336353,3699,791047,0.097311,6254,4821963,0.593177,4569,5613010,0.690488,8129050
4,2020-12-15,453,453,453,453,0,0,0,0,453,453,5.6e-05,0,0,0.0,453,453,5.6e-05,8037679
4,2020-12-16,3004,3457,3004,3457,0,0,0,0,3004,3457,0.00043,0,0,0.0,3004,3457,0.00043,8037679
4,2020-12-17,8890,12347,8890,12347,0,0,0,0,8890,12347,0.001536,0,0,0.0,8890,12347,0.001536,8037679
4,2020-12-18,16112,28459,16101,28448,11,11,0,0,16112,28459,0.003541,0,0,0.0,16112,28459,0.003541,8037679
4,2020-12-19,10343,38802,10334,38782,9,20,0,0,10278,38737,0.004819,0,0,0.0,10278,38737,0.004819,8037679
4,2020-12-20,7388,46190,7381,46163,7,27,0,0,7343,46080,0.005733,0,0,0.0,7343,46080,0.005733,8037679
4,2020-12-21,16349,62539,16323,62486,26,53,0,0,16283,62362,0.007759,1,1,0.0,16283,62363,0.007759,8037679
4,2020-12-22,17164,79703,16428,78914,736,789,0,0,17118,79479,0.009888,1,2,0.0,17118,79481,0.009889,8037679
4,2020-12-23,17060,96763,14354,93268,2706,3495,0,0,17029,96507,0.012007,1,3,0.0,17029,96510,0.012007,8037679
4,2020-12-24,8524,105287,5953,99221,2571,6066,0,0,8523,105029,0.013067,1,4,0.0,8523,105033,0.013068,8037679
4,2020-12-25,907,106194,801,100022,106,6172,0,0,907,105936,0.01318,0,4,0.0,907,105940,0.01318,8037679
4,2020-12-26,6162,112356,3885,103907,2277,8449,0,0,6162,112098,0.013947,0,4,0.0,6162,112102,0.013947,8037679
4,2020-12-27,3432,115788,1999,105906,1433,9882,0,0,3432,115530,0.014374,0,4,0.0,3432,115534,0.014374,8037679
4,2020-12-28,15053,130841,9293,115199,5760,15642,0,0,15025,130554,0.016243,1,5,1e-06,15025,130559,0.016243,8037679
4,2020-12-29,15342,146183,8499,123698,6843,22485,0,0,15309,145863,0.018147,0,5,1e-06,15309,145868,0.018148,8037679
4,2020-12-30,18911,165094,11067,134765,7844,30329,0,0,18900,164761,0.020499,2,7,1e-06,18900,164768,0.020499,8037679
4,2020-12-31,8251,173345,3339,138104,4912,35241,0,0,8239,172991,0.021523,9,16,2e-06,8239,173007,0.021524,8037679
4,2021-01-01,1467,174812,644,138748,823,36064,0,0,1465,174454,0.021705,2,18,2e-06,1465,174472,0.021707,8037679
4,2021-01-02,5708,180520,3221,141969,2487,38551,0,0,5707,180160,0.022414,1,19,2e-06,5707,180179,0.022417,8037679
4,2021-01-03,2138,182658,1267,143236,871,39422,0,0,2122,182278,0.022678,4,23,3e-06,2122,182301,0.022681,8037679
4,2021-01-04,12920,195578,6996,150232,5924,45346,0,0,12872,195121,0.024276,29,52,6e-06,12872,195173,0.024282,8037679
4,2021-01-05,16867,212445,9987,160219,6880,52226,0,0,14686,207664,0.025836,2155,2207,0.000275,14698,209871,0.026111,8037679
4,2021-01-06,21547,233992,13202,173421,8345,60571,0,0,15492,217166,0.027018,6002,8209,0.001021,15504,225375,0.02804,8037679
4,2021-01-07,27892,261884,16996,190417,10896,71467,0,0,16670,222691,0.027706,11162,19371,0.00241,16687,242062,0.030116,8037679
4,2021-01-08,32736,294620,21001,211418,11735,83202,0,0,18260,226564,0.028188,14405,33776,0.004202,18278,260340,0.03239,8037679
4,2021-01-09,16258,310878,9619,221037,6639,89841,0,0,9443,229228,0.028519,6790,40566,0.005047,9454,269794,0.033566,8037679
4,2021-01-10,8739,319617,5644,226681,3095,92936,0,0,4126,228770,0.028462,4592,45158,0.005618,4134,273928,0.03408,8037679
4,2021-01-11,33362,352979,21868,248549,11494,104430,0,0,18805,233102,0.029001,14514,59672,0.007424,18846,292774,0.036425,8037679
4,2021-01-12,38502,391481,22211,270760,16291,120721,0,0,24214,243137,0.03025,14218,73890,0.009193,24253,317027,0.039443,8037679
4,2021-01-13,38670,430151,19082,289842,19588,140309,0,0,27302,259155,0.032243,11311,85201,0.0106,27329,344356,0.042843,8037679
4,2021-01-14,39147,469298,15015,304857,24132,164441,0,0,31983,284052,0.03534,7114,92315,0.011485,32011,376367,0.046825,8037679
4,2021-01-15,45299,514597,15720,320577,29579,194020,0,0,39669,318171,0.039585,5571,97886,0.012178,39690,416057,0.051763,8037679
4,2021-01-16,28665,543262,9383,329960,19282,213302,0,0,25516,340592,0.042374,3111,100997,0.012565,25532,441589,0.05494,8037679
4,2021-01-17,19050,562312,6671,336631,12379,225681,0,0,17524,356631,0.04437,1499,102496,0.012752,17538,459127,0.057122,8037679
4,2021-01-18,29444,591756,13640,350271,15804,241485,0,0,23458,374222,0.046558,5893,108389,0.013485,23484,482611,0.060044,8037679
4,2021-01-19,46090,637846,23170,373441,22920,264405,0,0,36723,401707,0.049978,9311,117700,0.014644,36796,519407,0.064622,8037679
4,2021-01-20,51904,689750,27492,400933,24412,288817,0,0,41441,432842,0.053852,10364,128064,0.015933,41499,560906,0.069785,8037679
4,2021-01-21,56663,746413,25014,425947,31649,320466,0,0,50194,476677,0.059305,6403,134467,0.01673,50238,611144,0.076035,8037679
4,2021-01-22,55211,801624,22139,448086,33072,353538,0,0,50081,521749,0.064913,5036,139503,0.017356,50108,661252,0.082269,8037679
4,2021-01-23,39522,841146,17409,465495,22113,375651,0,0,35186,552637,0.068756,4327,143830,0.017894,35215,696467,0.08665,8037679
4,2021-01-24,23915,865061,10470,475965,13445,389096,0,0,22017,572782,0.071262,1889,145719,0.018129,22034,718501,0.089392,8037679
4,2021-01-25,47909,912970,22093,498058,25816,414912,0,0,36804,598568,0.07447,11073,156792,0.019507,36859,755360,0.093977,8037679
4,2021-01-26,56762,969732,28903,526961,27859,442771,0,0,44508,630936,0.078497,12200,168992,0.021025,44568,799928,0.099522,8037679
4,2021-01-27,56149,1025881,26710,553671,29439,472210,0,0,45156,665224,0.082763,10920,179912,0.022384,45208,845136,0.105147,8037679
4,2021-01-28,56502,1082383,25486,579157,31016,503226,0,0,46512,701876,0.087323,9904,189816,0.023616,46556,891692,0.110939,8037679
4,2021-01-29,56502,1138885,27106,606263,29396,532622,0,0,46127,737810,0.091794,10226,200042,0.024888,46160,937852,0.116682,8037679
4,2021-01-30,37748,1176633,17176,623439,20572,553194,0,0,32404,764944,0.09517,5295,205337,0.025547,32429,970281,0.120717,8037679
4,2021-01-31,23866,1200499,12513,635952,11353,564547,0,0,22242,785596,0.097739,1607,206944,0.025747,22259,992540,0.123486,8037679
4,2021-02-01,49716,1250215,24029,659981,25687,590234,0,0,38068,812099,0.101037,11603,218547,0.02719,38106,1030646,0.128227,8037679
4,2021-02-02,55419,1305634,25514,685495,29905,620139,0,0,42565,841918,0.104746,12787,231334,0.028781,42606,1073252,0.133528,8037679
4,2021-02-03,62023,1367657,30434,715929,31589,651728,0,0,47752,875563,0.108932,14162,245496,0.030543,47807,1121059,0.139475,8037679
4,2021-02-04,67531,1435188,31440,747369,36091,687819,0,0,50792,909874,0.113201,16586,262082,0.032607,50897,1171956,0.145808,8037679
4,2021-02-05,72996,1508184,33780,781149,39216,727035,0,0,50936,939146,0.116843,21801,283883,0.035319,51073,1223029,0.152162,8037679
4,2021-02-06,48198,1556382,26117,807266,22081,749116,0,0,36708,964600,0.12001,11455,295338,0.036744,36909,1259938,0.156754,8037679
4,2021-02-07,26360,1582742,17392,824658,8968,758084,0,0,19970,978443,0.121732,6363,301701,0.037536,20206,1280144,0.159268,8037679
4,2021-02-08,58440,1641182,30054,854712,28386,786470,0,0,38023,996439,0.123971,20287,321988,0.04006,38283,1318427,0.164031,8037679
4,2021-02-09,67037,1708219,34137,888849,32900,819370,0,0,39360,1008599,0.125484,27604,349592,0.043494,39764,1358191,0.168978,8037679
4,2021-02-10,77204,1785423,38604,927453,38600,857970,0,0,40974,1014121,0.126171,35994,385586,0.047972,41516,1399707,0.174143,8037679
4,2021-02-11,81075,1866498,42266,969719,38809,896779,0,0,41896,1017733,0.12662,38952,424538,0.052818,42564,1442271,0.179439,8037679
4,2021-02-12,84276,1950774,37768,1007487,46508,943287,0,0,43398,1021247,0.127057,40674,465212,0.057879,44188,1486459,0.184936,8037679
4,2021-02-13,58481,2009255,29683,1037170,28798,972085,0,0,29793,1023379,0.127323,28559,493771,0.061432,30691,1517150,0.188755,8037679
4,2021-02-14,36740,2045995,19060,1056230,17680,989765,0,0,18857,1025064,0.127532,17830,511601,0.06365,19515,1536665,0.191183,8037679
4,2021-02-15,46046,2092041,21543,1077773,24503,1014268,0,0,23690,1027644,0.127853,22287,533888,0.066423,24867,1561532,0.194276,8037679
4,2021-02-16,79778,2171819,36522,1114295,43256,1057524,0,0,40670,1030521,0.128211,39009,572897,0.071276,41886,1603418,0.199488,8037679
4,2021-02-17,81135,2252954,38275,1152570,42860,1100384,0,0,38643,1027967,0.127894,42324,615221,0.076542,39770,1643188,0.204436,8037679
4,2021-02-18,82956,2335910,45620,1198190,37336,1137720,0,0,38412,1023479,0.127335,44378,659599,0.082063,39890,1683078,0.209399,8037679
4,2021-02-19,82253,2418163,51700,1249890,30553,1168273,0,0,41198,1024456,0.127457,40913,700512,0.087154,41890,1724968,0.21461,8037679
4,2021-02-20,48829,2466992,32532,1282422,16297,1184570,0,0,26716,1029814,0.128123,22051,722563,0.089897,27409,1752377,0.21802,8037679
4,2021-02-21,29158,2496150,23423,1305845,5735,1190305,0,0,14077,1029163,0.128042,15013,737576,0.091765,14362,1766739,0.219807,8037679
4,2021-02-22,53036,2549186,36429,1342274,16607,1206912,0,0,25751,1028172,0.127919,27186,764762,0.095147,26195,1792934,0.223066,8037679
4,2021-02-23,73782,2622968,40910,1383184,32872,1239784,0,0,32522,1021241,0.127057,41126,805888,0.100264,34195,1827129,0.22732,8037679
4,2021-02-24,88588,2711556,46764,1429948,41824,1281608,0,0,40061,1015136,0.126297,48320,854208,0.106275,42215,1869344,0.232573,8037679
4,2021-02-25,99789,2811345,52081,1482029,47708,1329316,0,0,47854,1013771,0.126127,51779,905987,0.112717,50414,1919758,0.238845,8037679
4,2021-02-26,106282,2917627,53652,1535681,52630,1381946,0,0,54509,1019088,0.126789,51543,957530,0.11913,56860,1976618,0.245919,8037679
4,2021-02-27,76939,2994566,41891,1577572,35042,1416988,6,6,41330,1026434,0.127703,35469,992999,0.123543,42815,2019433,0.251246,8037679
4,2021-02-28,47336,3041902,29384,1606956,17945,1434933,7,13,26535,1033206,0.128545,20655,1013654,0.126113,27427,2046860,0.254658,8037679
4,2021-03-01,77696,3119598,45612,1652568,32049,1466982,35,48,42934,1042854,0.129746,34509,1048163,0.130406,44157,2091017,0.260152,8037679
4,2021-03-02,85038,3204636,48944,1701512,36086,1503068,8,56,50336,1060437,0.131933,34544,1082707,0.134704,52127,2143144,0.266637,8037679
4,2021-03-03,100136,3304772,53298,1754810,46825,1549893,13,69,55994,1074270,0.133654,43940,1126647,0.140171,57773,2200917,0.273825,8037679
4,2021-03-04,96943,3401715,53802,1808612,43123,1593016,18,87,53396,1086121,0.135129,43339,1169986,0.145563,55190,2256107,0.280691,8037679
4,2021-03-05,94292,3496007,50905,1859517,43072,1636088,315,402,55981,1106239,0.137632,38106,1208092,0.150304,58224,2314331,0.287935,8037679
4,2021-03-06,76122,3572129,42931,1902448,30575,1666663,2616,3018,46833,1127854,0.140321,29176,1237268,0.153933,50791,2365122,0.294254,8037679
4,2021-03-07,42644,3614773,27242,1929690,14217,1680880,1185,4203,25595,1138737,0.141675,16985,1254253,0.156047,27868,2392990,0.297722,8037679
4,2021-03-08,66465,3681238,34877,1964567,28397,1709277,3191,7394,43927,1164776,0.144914,22419,1276672,0.158836,48458,2441448,0.30375,8037679
4,2021-03-09,81137,3762375,41166,2005733,34840,1744117,5131,12525,43826,1177699,0.146522,37151,1313823,0.163458,50074,2491522,0.30998,8037679
4,2021-03-10,90940,3853315,46953,2052686,36558,1780675,7429,19954,45970,1187264,0.147712,44802,1358625,0.169032,54367,2545889,0.316744,8037679
4,2021-03-11,100440,3953755,52774,2105460,39278,1819953,8388,28342,46463,1189486,0.147989,53754,1412379,0.17572,55976,2601865,0.323708,8037679
4,2021-03-12,104503,4058258,51552,2157012,42699,1862652,10252,38594,44660,1185784,0.147528,59597,1471976,0.183134,55895,2657760,0.330663,8037679
4,2021-03-13,81074,4139332,37827,2194839,34845,1897497,8402,46996,38133,1190645,0.148133,42819,1514795,0.188462,47680,2705440,0.336595,8037679
4,2021-03-14,49556,4188888,28367,2223206,17571,1915068,3618,50614,23265,1191961,0.148297,26204,1540999,0.191722,27520,2732960,0.340019,8037679
4,2021-03-15,83598,4272486,45004,2268210,34350,1949418,4244,54858,42728,1199127,0.149188,40652,1581651,0.19678,47818,2780778,0.345968,8037679
4,2021-03-16,107507,4379993,55892,2324102,48222,1997640,3393,58251,57120,1210172,0.150562,50171,1631822,0.203022,61216,2841994,0.353584,8037679
4,2021-03-17,106618,4486611,57487,2381589,45643,2043283,3488,61739,62638,1233131,0.153419,43732,1675554,0.208462,66691,2908685,0.361881,8037679
4,2021-03-18,106836,4593447,59216,2440805,43942,2087225,3678,65417,60905,1252474,0.155825,45676,1721230,0.214145,65019,2973704,0.36997,8037679
4,2021-03-19,111220,4704667,63951,2504756,42089,2129314,5180,70597,63629,1274325,0.158544,47363,1768593,0.220038,69214,3042918,0.378582,8037679
4,2021-03-20,83399,4788066,48944,2553700,31460,2160774,2995,73592,51240,1296848,0.161346,32026,1800619,0.224022,54549,3097467,0.385368,8037679
4,2021-03-21,47998,4836064,34834,2588534,10906,2171680,2258,75850,28440,1308457,0.16279,19444,1820063,0.226441,31053,3128520,0.389232,8037679
4,2021-03-22,82076,4918140,53583,2642117,25762,2197442,2731,78581,51120,1332279,0.165754,30741,1850804,0.230266,54563,3183083,0.39602,8037679
4,2021-03-23,104682,5022822,62652,2704769,39877,2237319,2153,80734,62573,1355693,0.168667,41851,1892655,0.235473,65265,3248348,0.40414,8037679
4,2021-03-24,113362,5136184,73198,2777967,37758,2275077,2406,83140,64162,1373928,0.170936,48790,1941445,0.241543,67025,3315373,0.412479,8037679
4,2021-03-25,116909,5253093,71996,2849963,42528,2317605,2385,85525,67138,1394618,0.17351,49315,1990760,0.247678,70005,3385378,0.421189,8037679
4,2021-03-26,119556,5372649,72596,2922559,43923,2361528,3037,88562,65636,1410307,0.175462,53583,2044343,0.254345,69272,3454650,0.429807,8037679
4,2021-03-27,91514,5464163,54237,2976796,35495,2397023,1782,90344,46421,1414138,0.175939,44859,2089202,0.259926,48690,3503340,0.435865,8037679
4,2021-03-28,55563,5519726,36713,3013509,17981,2415004,869,91213,29630,1419172,0.176565,25783,2114985,0.263134,30817,3534157,0.439699,8037679
4,2021-03-29,93460,5613186,56019,3069528,35364,2450368,2077,93290,50812,1430192,0.177936,42422,2157407,0.268412,53442,3587599,0.446348,8037679
4,2021-03-30,117001,5730187,63825,3133353,49015,2499383,4161,97451,69597,1457203,0.181296,47191,2204598,0.274283,74202,3661801,0.455579,8037679
4,2021-03-31,120875,5851062,71346,3204699,43213,2542596,6316,103767,67895,1478985,0.184006,52648,2257246,0.280833,74430,3736231,0.46484,8037679
4,2021-04-01,142310,5993372,81213,3285912,47901,2590497,13196,116963,83973,1518444,0.188916,57931,2315177,0.28804,97390,3833621,0.476956,8037679
4,2021-04-02,136442,6129814,72932,3358844,49974,2640471,13536,130499,79031,1554234,0.193369,57131,2372308,0.295148,92921,3926542,0.488517,8037679
4,2021-04-03,101120,6230934,54070,3412914,33667,2674138,13383,143882,52715,1572388,0.195627,48215,2420523,0.301147,66369,3992911,0.496774,8037679
4,2021-04-04,46822,6277756,24715,3437629,14596,2688734,7511,151393,20435,1574091,0.195839,26285,2446808,0.304417,27988,4020899,0.500256,8037679
4,2021-04-05,109160,6386916,61425,3499054,34970,2723704,12765,164158,57016,1592518,0.198132,51951,2498759,0.310881,70378,4091277,0.509012,8037679
4,2021-04-06,138615,6525531,78038,3577092,40859,2764563,19718,183876,72132,1618750,0.201395,66260,2565019,0.319124,92492,4183769,0.52052,8037679
4,2021-04-07,137281,6662812,77817,3654909,38785,2803348,20679,204555,71165,1645044,0.204667,65877,2630896,0.32732,92171,4275940,0.531987,8037679
4,2021-04-08,139825,6802637,77970,3732879,36452,2839800,25403,229958,69562,1670681,0.207856,69986,2700882,0.336028,95623,4371563,0.543884,8037679
4,2021-04-09,137460,6940097,75492,3808371,39043,2878843,22925,252883,65699,1688807,0.210111,71549,2772431,0.344929,89675,4461238,0.555041,8037679
4,2021-04-10,103186,7043283,51173,3859544,33195,2912038,18818,271701,46437,1698593,0.211329,56542,2828973,0.351964,66328,4527566,0.563293,8037679
4,2021-04-11,62328,7105611,38020,3897564,13149,2925187,11159,282860,27377,1703370,0.211923,34853,2863826,0.3563,39630,4567196,0.568223,8037679
4,2021-04-12,102665,7208276,62442,3960006,30097,2955284,10126,292986,51819,1715985,0.213493,50557,2914383,0.36259,63172,4630368,0.576083,8037679
4,2021-04-13,130131,7338407,81632,4041638,48335,3003619,164,293150,78041,1743225,0.216882,51818,2966201,0.369037,79058,4709426,0.585919,8037679
4,2021-04-14,135295,7473702,86234,4127872,48984,3052603,77,293227,75026,1759602,0.218919,59950,3026151,0.376496,76327,4785753,0.595415,8037679
4,2021-04-15,155978,7629680,103865,4231737,52051,3104654,62,293289,95938,1796658,0.223529,59701,3085852,0.383923,96757,4882510,0.607453,8037679
4,2021-04-16,143336,7773016,90931,4322668,52327,3156981,78,293367,83560,1821526,0.226623,59487,3145339,0.391324,84355,4966865,0.617948,8037679
4,2021-04-17,100759,7873775,63659,4386327,37076,3194057,24,293391,59185,1840565,0.228992,41313,3186652,0.396464,60352,5027217,0.625456,8037679
4,2021-04-18,54482,7928257,36476,4422803,18003,3212060,3,293394,31008,1849169,0.230063,23360,3210012,0.399371,31964,5059181,0.629433,8037679
4,2021-04-19,100855,8029112,66500,4489303,34337,3246397,18,293412,51654,1852462,0.230472,48973,3258985,0.405463,52266,5111447,0.635936,8037679
4,2021-04-20,128055,8157167,75130,4564433,52909,3299306,16,293428,67074,1859927,0.231401,60697,3319682,0.413015,68162,5179609,0.644416,8037679
4,2021-04-21,128137,8285304,82018,4646451,46066,3345372,53,293481,64772,1862762,0.231754,63021,3382703,0.420856,65856,5245465,0.652609,8037679
4,2021-04-22,137406,8422710,90456,4736907,46928,3392300,22,293503,61528,1849882,0.230151,75545,3458248,0.430255,62665,5308130,0.660406,8037679
4,2021-04-23,130762,8553472,84368,4821275,46371,3438671,23,293526,56714,1834051,0.228182,73733,3531981,0.439428,57902,5366032,0.66761,8037679
4,2021-04-24,97316,8650788,66039,4887314,31227,3469898,50,293576,44764,1827647,0.227385,52281,3584262,0.445932,45877,5411909,0.673317,8037679
4,2021-04-25,49576,8700364,35251,4922565,14300,3484198,25,293601,26190,1831050,0.227808,23252,3607514,0.448825,26655,5438564,0.676634,8037679
4,2021-04-26,89724,8790088,58390,4980955,30938,3515136,396,293997,35323,1813960,0.225682,54126,3661640,0.455559,37036,5475600,0.681241,8037679
4,2021-04-27,111809,8901897,67901,5048856,41606,3556742,2302,296299,40212,1785963,0.222199,71303,3732943,0.46443,43306,5518906,0.686629,8037679
4,2021-04-28,101340,9003237,65632,5114488,33203,3589945,2505,298804,37019,1762091,0.219229,64043,3796986,0.472398,40171,5559077,0.691627,8037679
4,2021-04-29,102796,9106033,65069,5179557,35211,3625156,2516,301320,33024,1728771,0.215083,69460,3866446,0.48104,36140,5595217,0.696123,8037679
4,2021-04-30,102548,9208581,64487,5244044,35393,3660549,2668,303988,34930,1699744,0.211472,67270,3933716,0.489409,38243,5633460,0.700881,8037679
4,2021-05-01,68595,9277176,45706,5289750,21138,3681687,1751,305739,19895,1673550,0.208213,48478,3982194,0.495441,22284,5655744,0.703654,8037679
4,2021-05-02,37363,9314539,26523,5316273,9562,3691249,1278,307017,10473,1658667,0.206361,26784,4008978,0.498773,11901,5667645,0.705135,8037679
4,2021-05-03,78049,9392588,54364,5370637,21225,3712474,2460,309477,19118,1621906,0.201788,58701,4067679,0.506076,21940,5689585,0.707864,8037679
4,2021-05-04,98460,9491048,66774,5437411,28936,3741410,2750,312227,22312,1571457,0.195511,75895,4143574,0.515519,25446,5715031,0.71103,8037679
4,2021-05-05,99161,9590209,69424,5506835,27021,3768431,2716,314943,21574,1518747,0.188953,77284,4220858,0.525134,24574,5739605,0.714087,8037679
4,2021-05-06,109307,9699516,81598,5588433,24784,3793215,2925,317868,19373,1452657,0.180731,89504,4310362,0.536269,23414,5763019,0.717,8037679
4,2021-05-07,102986,9802502,73837,5662270,26474,3819689,2675,320543,20352,1393797,0.173408,82299,4392661,0.546509,23439,5786458,0.719917,8037679
4,2021-05-08,66442,9868944,45488,5707758,19037,3838726,1917,322460,13112,1356061,0.168713,53120,4445781,0.553118,15384,5801842,0.721831,8037679
4,2021-05-09,33402,9902346,27281,5735039,5183,3843909,938,323398,7789,1339367,0.166636,25516,4471297,0.556292,8822,5810664,0.722928,8037679
4,2021-05-10,63181,9965527,42003,5777042,18874,3862783,2304,325702,11058,1301105,0.161876,51936,4523233,0.562754,13674,5824338,0.724629,8037679
4,2021-05-11,79099,10044626,48405,5825447,28522,3891305,2172,327874,15556,1255958,0.156259,63331,4586564,0.570633,18184,5842522,0.726892,8037679
4,2021-05-12,78120,10122746,51884,5877331,23744,3915049,2492,330366,18042,1217055,0.151419,59818,4646382,0.578075,20915,5863437,0.729494,8037679
4,2021-05-13,102282,10225028,75190,5952521,25575,3940624,1517,331883,40347,1198286,0.149084,61635,4708017,0.585743,42866,5906303,0.734827,8037679
4,2021-05-14,102577,10327605,72276,6024797,28184,3968808,2117,334000,40316,1179258,0.146716,61985,4770002,0.593455,42957,5949260,0.740171,8037679
4,2021-05-15,84164,10411769,65000,6089797,17844,3986652,1320,335320,37095,1171106,0.145702,46850,4816852,0.599284,38698,5987958,0.744986,8037679
4,2021-05-16,49238,10461007,39959,6129756,8583,3995235,696,336016,20110,1163048,0.144699,28995,4845847,0.602891,20937,6008895,0.747591,8037679
4,2021-05-17,70052,10531059,51123,6180879,17089,4012324,1840,337856,28192,1151625,0.143278,41675,4887522,0.608076,30252,6039147,0.751355,8037679
4,2021-05-18,80853,10611912,52563,6233442,26548,4038872,1742,339598,29450,1132115,0.140851,51057,4938579,0.614428,31547,6070694,0.755279,8037679
4,2021-05-19,76024,10687936,51518,6284960,22569,4061441,1937,341535,31677,1121918,0.139582,44089,4982668,0.619914,33892,6104586,0.759496,8037679
4,2021-05-20,67509,10755445,43261,6328221,22264,4083705,1984,343519,25793,1108565,0.137921,41462,5024130,0.625072,28109,6132695,0.762993,8037679
4,2021-05-21,72880,10828325,48194,6376415,22828,4106533,1858,345377,26774,1091606,0.135811,45846,5069976,0.630776,28887,6161582,0.766587,8037679
4,2021-05-22,49226,10877551,34553,6410968,13395,4119928,1278,346655,21494,1087004,0.135239,27587,5097563,0.634208,22985,6184567,0.769447,8037679
4,2021-05-23,22699,10900250,16252,6427220,5730,4125658,717,347372,9512,1084269,0.134898,13070,5110633,0.635834,10335,6194902,0.770733,8037679
4,2021-05-24,41632,10941882,26202,6453422,12441,4138099,2989,350361,14629,1075271,0.133779,26811,5137444,0.63917,17813,6212715,0.772949,8037679
4,2021-05-25,44578,10986460,27757,6481179,14012,4152111,2809,353170,16125,1066197,0.13265,28239,5165683,0.642683,19165,6231880,0.775333,8037679
4,2021-05-26,44188,11030648,26576,6507755,15025,4167136,2587,355757,16094,1057147,0.131524,27905,5193588,0.646155,18855,6250735,0.777679,8037679
4,2021-05-27,38586,11069234,23244,6530999,12217,4179353,3125,358882,14847,1051723,0.130849,23563,5217151,0.649087,18139,6268874,0.779936,8037679
4,2021-05-28,42925,11112159,27445,6558444,13886,4193239,1594,360476,19014,1048846,0.130491,23701,5240852,0.652035,20824,6289698,0.782527,8037679
4,2021-05-29,23415,11135574,15268,6573712,7214,4200453,933,361409,11239,1049081,0.13052,12065,5252917,0.653537,12300,6301998,0.784057,8037679
4,2021-05-30,11901,11147475,8362,6582074,3016,4203469,523,361932,5076,1047983,0.130384,6771,5259688,0.654379,5673,6307671,0.784763,8037679
4,2021-05-31,3527,11151002,2246,6584320,1123,4204592,158,362090,1140,1046949,0.130255,2356,5262044,0.654672,1322,6308993,0.784927,8037679
4,2021-06-01,39139,11190141,24393,6608713,12308,4216900,2438,364528,13778,1038200,0.129167,25175,5287219,0.657804,16426,6325419,0.786971,8037679
4,2021-06-02,32268,11222409,20188,6628901,9302,4226202,2778,367306,11161,1031342,0.128313,20944,5308163,0.66041,14086,6339505,0.788723,8037679
4,2021-06-03,47673,11270082,36597,6665498,8626,4234828,2450,369756,11097,1008759,0.125504,36430,5344593,0.664942,13847,6353352,0.790446,8037679
4,2021-06-04,54367,11324449,43839,6709337,9212,4244040,1316,371072,13560,983827,0.122402,40599,5385192,0.669993,15667,6369019,0.792395,8037679
4,2021-06-05,44315,11368764,37976,6747313,5347,4249387,992,372064,9173,959263,0.119346,34999,5420191,0.674348,10435,6379454,0.793694,8037679
4,2021-06-06,20974,11389738,18715,6766028,1703,4251090,556,372620,4671,948667,0.118027,16206,5436397,0.676364,5610,6385064,0.794392,8037679
4,2021-06-07,38381,11428119,31082,6797110,5392,4256482,1907,374527,8886,930348,0.115748,29375,5465772,0.680019,11056,6396120,0.795767,8037679
4,2021-06-08,40253,11468372,31613,6828723,6113,4262595,2527,377054,9678,912482,0.113526,30403,5496175,0.683801,12537,6408657,0.797327,8037679
4,2021-06-09,38644,11507016,30655,6859378,5639,4268234,2350,379404,7996,892688,0.111063,30492,5526667,0.687595,10698,6419355,0.798658,8037679
4,2021-06-10,36848,11543864,29071,6888449,5176,4273410,2601,382005,8676,876194,0.109011,28031,5554698,0.691082,11537,6430892,0.800093,8037679
4,2021-06-11,37943,11581807,29830,6918279,6107,4279517,2006,384011,9923,860583,0.107069,27881,5582579,0.694551,12270,6443162,0.80162,8037679
4,2021-06-12,26319,11608126,21927,6940206,3688,4283205,704,384715,6130,847538,0.105446,20091,5602670,0.697051,7046,6450208,0.802496,8037679
4,2021-06-13,10714,11618840,8457,6948663,1782,4284987,475,385190,2407,842271,0.10479,8252,5610922,0.698077,2985,6453193,0.802868,8037679
4,2021-06-14,28331,11647171,21228,6969891,4312,4289299,2791,387981,8166,833401,0.103687,20040,5630962,0.700571,11170,6464363,0.804257,8037679
4,2021-06-15,29706,11676877,21027,6990918,5290,4294589,3389,391370,8321,824111,0.102531,21248,5652210,0.703214,11958,6476321,0.805745,8037679
4,2021-06-16,26195,11703072,19757,7010675,3864,4298453,2574,393944,8037,816927,0.101637,17999,5670209,0.705454,10815,6487136,0.807091,8037679
4,2021-06-17,24670,11727742,18296,7028971,3593,4302046,2781,396725,7547,810487,0.100836,16946,5687155,0.707562,10506,6497642,0.808398,8037679
4,2021-06-18,26138,11753880,20660,7049631,4317,4306363,1161,397886,8142,802231,0.099809,17805,5704960,0.709777,9549,6507191,0.809586,8037679
4,2021-06-19,15524,11769404,12598,7062229,2255,4308618,671,398557,5022,797728,0.099249,10360,5715320,0.711066,5857,6513048,0.810315,8037679
4,2021-06-20,7321,11776725,6035,7068264,983,4309601,303,398860,2640,796122,0.099049,4625,5719945,0.711641,3019,6516067,0.81069,8037679
4,2021-06-21,14205,11790930,10345,7078609,2805,4312406,1055,399915,7267,797729,0.099249,6866,5726811,0.712496,8473,6524540,0.811744,8037679
4,2021-06-22,19631,11810561,15404,7094013,3275,4315681,952,400867,6901,793107,0.098674,12626,5739437,0.714066,8004,6532544,0.81274,8037679
4,2021-06-23,8884,11819445,6938,7100951,1309,4316990,637,401504,3038,791039,0.098416,5804,5745241,0.714789,3736,6536280,0.813205,8037679
