vemquartile,administered_date,total_doses,cumulative_total_doses,pfizer_doses,cumulative_pfizer_doses,moderna_doses,cumulative_moderna_doses,jj_doses,cumulative_jj_doses,partially_vaccinated,total_partially_vaccinated,pct_age12pop_partially_vaccinated,fully_vaccinated,cumulative_fully_vaccinated,pct_age12pop_fully_vaccinated,at_least_one_dose,cumulative_at_least_one_dose,pct_age12pop_at_least_one_dose,age12_population
1,2020-12-15,150,150,150,150,0,0,0,0,150,150,1.7e-05,0,0,0.0,150,150,1.7e-05,8700223
1,2020-12-16,1182,1332,1182,1332,0,0,0,0,1182,1332,0.000153,0,0,0.0,1182,1332,0.000153,8700223
1,2020-12-17,4158,5490,4158,5490,0,0,0,0,4159,5491,0.000631,0,0,0.0,4159,5491,0.000631,8700223
1,2020-12-18,6326,11816,6306,11796,20,20,0,0,6325,11812,0.001358,4,4,0.0,6325,11816,0.001358,8700223
1,2020-12-19,2874,14690,2873,14669,1,21,0,0,2873,14684,0.001688,1,5,1e-06,2873,14689,0.001688,8700223
1,2020-12-20,2138,16828,2130,16799,8,29,0,0,2138,16821,0.001933,1,6,1e-06,2138,16827,0.001934,8700223
1,2020-12-21,7641,24469,7626,24425,15,44,0,0,7690,24511,0.002817,1,7,1e-06,7691,24518,0.002818,8700223
1,2020-12-22,7282,31751,6938,31363,344,388,0,0,7283,31792,0.003654,2,9,1e-06,7283,31801,0.003655,8700223
1,2020-12-23,7839,39590,6583,37946,1256,1644,0,0,7834,39625,0.004554,2,11,1e-06,7835,39636,0.004556,8700223
1,2020-12-24,3302,42892,2367,40313,935,2579,0,0,3304,42929,0.004934,0,11,1e-06,3304,42940,0.004936,8700223
1,2020-12-25,236,43128,152,40465,84,2663,0,0,236,43165,0.004961,0,11,1e-06,236,43176,0.004963,8700223
1,2020-12-26,1360,44488,967,41432,393,3056,0,0,1359,44523,0.005117,1,12,1e-06,1359,44535,0.005119,8700223
1,2020-12-27,871,45359,535,41967,336,3392,0,0,871,45393,0.005217,1,13,1e-06,871,45406,0.005219,8700223
1,2020-12-28,7097,52456,4769,46736,2328,5720,0,0,7095,52488,0.006033,0,13,1e-06,7095,52501,0.006034,8700223
1,2020-12-29,8877,61333,4985,51721,3892,9612,0,0,8874,61360,0.007053,2,15,2e-06,8874,61375,0.007054,8700223
1,2020-12-30,11591,72924,6451,58172,5140,14752,0,0,11589,72948,0.008385,1,16,2e-06,11589,72964,0.008386,8700223
1,2020-12-31,5952,78876,1958,60130,3994,18746,0,0,5950,78896,0.009068,3,19,2e-06,5951,78915,0.00907,8700223
1,2021-01-01,573,79449,199,60329,374,19120,0,0,572,79467,0.009134,1,20,2e-06,572,79487,0.009136,8700223
1,2021-01-02,2908,82357,1762,62091,1146,20266,0,0,2910,82377,0.009468,0,20,2e-06,2910,82397,0.009471,8700223
1,2021-01-03,1019,83376,545,62636,474,20740,0,0,1016,83390,0.009585,3,23,3e-06,1016,83413,0.009587,8700223
1,2021-01-04,7342,90718,3582,66218,3760,24500,0,0,7346,90735,0.010429,1,24,3e-06,7346,90759,0.010432,8700223
1,2021-01-05,10816,101534,5216,71434,5600,30100,0,0,10060,100076,0.011503,741,765,8.8e-05,10082,100841,0.011591,8700223
1,2021-01-06,14022,115556,7046,78480,6976,37076,0,0,12123,110347,0.012683,1862,2627,0.000302,12133,112974,0.012985,8700223
1,2021-01-07,17490,133046,9135,87615,8355,45431,0,0,12991,118951,0.013672,4398,7025,0.000807,13002,125976,0.01448,8700223
1,2021-01-08,20158,153204,10457,98072,9701,55132,0,0,14240,127299,0.014632,5899,12924,0.001485,14247,140223,0.016117,8700223
1,2021-01-09,6697,159901,3387,101459,3310,58442,0,0,4846,130306,0.014977,1843,14767,0.001697,4850,145073,0.016675,8700223
1,2021-01-10,3088,162989,1762,103221,1326,59768,0,0,1893,131014,0.015059,1186,15953,0.001834,1894,146967,0.016892,8700223
1,2021-01-11,18073,181062,11840,115061,6233,66001,0,0,11529,136057,0.015638,6525,22478,0.002584,11568,158535,0.018222,8700223
1,2021-01-12,19105,200167,10909,125970,8196,74197,0,0,13129,143285,0.016469,5937,28415,0.003266,13165,171700,0.019735,8700223
1,2021-01-13,19870,220037,10766,136736,9104,83301,0,0,14714,152885,0.017573,5132,33547,0.003856,14732,186432,0.021428,8700223
1,2021-01-14,22107,242144,9560,146296,12547,95848,0,0,19339,169567,0.01949,2708,36255,0.004167,19390,205822,0.023657,8700223
1,2021-01-15,25186,267330,9253,155549,15933,111781,0,0,23239,190959,0.021949,1904,38159,0.004386,23296,229118,0.026335,8700223
1,2021-01-16,13906,281236,4559,160108,9347,121128,0,0,13041,203139,0.023349,864,39023,0.004485,13044,242162,0.027834,8700223
1,2021-01-17,5192,286428,2001,162109,3191,124319,0,0,4824,207601,0.023862,366,39389,0.004527,4828,246990,0.028389,8700223
1,2021-01-18,14316,300744,8588,170697,5728,130047,0,0,11128,215606,0.024782,3176,42565,0.004892,11181,258171,0.029674,8700223
1,2021-01-19,24684,325428,12829,183526,11855,141902,0,0,19531,230058,0.026443,5133,47698,0.005482,19585,277756,0.031925,8700223
1,2021-01-20,29468,354896,14749,198275,14719,156621,0,0,23548,247800,0.028482,5844,53542,0.006154,23586,301342,0.034636,8700223
1,2021-01-21,31237,386133,14582,212857,16655,173276,0,0,27966,272652,0.031339,3204,56746,0.006522,28056,329398,0.037861,8700223
1,2021-01-22,28356,414489,11226,224083,17130,190406,0,0,26316,297028,0.03414,1970,58716,0.006749,26346,355744,0.040889,8700223
1,2021-01-23,18777,433266,8208,232291,10569,200975,0,0,16820,311925,0.035853,1933,60649,0.006971,16830,372574,0.042824,8700223
1,2021-01-24,6674,439940,4158,236449,2516,203491,0,0,6016,317294,0.03647,652,61301,0.007046,6021,378595,0.043516,8700223
1,2021-01-25,25383,465323,10468,246917,14915,218406,0,0,19628,331304,0.03808,5719,67020,0.007703,19729,398324,0.045783,8700223
1,2021-01-26,28631,493954,13359,260276,15272,233678,0,0,21977,346707,0.03985,6594,73614,0.008461,21997,420321,0.048312,8700223
1,2021-01-27,32457,526411,15403,275679,17054,250732,0,0,24354,363055,0.041729,8031,81645,0.009384,24379,444700,0.051114,8700223
1,2021-01-28,34825,561236,16293,291972,18532,269264,0,0,27904,384172,0.044157,6850,88495,0.010172,27967,472667,0.054328,8700223
1,2021-01-29,33507,594743,16311,308283,17196,286460,0,0,26981,404807,0.046528,6381,94876,0.010905,27016,499683,0.057433,8700223
1,2021-01-30,20079,614822,8639,316922,11440,297900,0,0,17982,420729,0.048358,2070,96946,0.011143,17992,517675,0.059501,8700223
1,2021-01-31,7524,622346,4851,321773,2673,300573,0,0,6816,426844,0.049061,703,97649,0.011224,6818,524493,0.060285,8700223
1,2021-02-01,28958,651304,12529,334302,16429,317002,0,0,21191,440329,0.050611,7711,105360,0.01211,21196,545689,0.062721,8700223
1,2021-02-02,32461,683765,11641,345943,20820,337822,0,0,24293,456574,0.052478,8084,113444,0.013039,24329,570018,0.065518,8700223
1,2021-02-03,39660,723425,15217,361160,24443,362265,0,0,28634,474382,0.054525,10863,124307,0.014288,28671,598689,0.068813,8700223
1,2021-02-04,44125,767550,17231,378391,26894,389159,0,0,31951,494337,0.056819,12044,136351,0.015672,31999,630688,0.072491,8700223
1,2021-02-05,46950,814500,17417,395808,29533,418692,0,0,30794,509172,0.058524,16016,152367,0.017513,30851,661539,0.076037,8700223
1,2021-02-06,26511,841011,10488,406296,16023,434715,0,0,20607,523932,0.060221,5864,158231,0.018187,20624,682163,0.078408,8700223
1,2021-02-07,6229,847240,3994,410290,2235,436950,0,0,4624,526991,0.060572,1583,159814,0.018369,4642,686805,0.078941,8700223
1,2021-02-08,31325,878565,14177,424467,17148,454098,0,0,20852,537541,0.061785,10398,170212,0.019564,20948,707753,0.081349,8700223
1,2021-02-09,38383,916948,16822,441289,21561,475659,0,0,23667,546531,0.062818,14752,184964,0.02126,23742,731495,0.084078,8700223
1,2021-02-10,47114,964062,22043,463332,25071,500730,0,0,26762,553120,0.063575,20252,205216,0.023587,26841,758336,0.087163,8700223
1,2021-02-11,51666,1015728,25255,488587,26411,527141,0,0,30890,563657,0.064787,20456,225672,0.025939,30993,789329,0.090725,8700223
1,2021-02-12,49935,1065663,21445,510032,28490,555631,0,0,28704,571396,0.065676,21104,246776,0.028364,28843,818172,0.09404,8700223
1,2021-02-13,26351,1092014,11524,521556,14827,570458,0,0,15233,575667,0.066167,11037,257813,0.029633,15308,833480,0.0958,8700223
1,2021-02-14,11719,1103733,5536,527092,6183,576641,0,0,6674,577389,0.066365,5017,262830,0.03021,6739,840219,0.096574,8700223
1,2021-02-15,23771,1127504,9362,536454,14409,591050,0,0,14466,582784,0.066985,9188,272018,0.031266,14583,854802,0.098251,8700223
1,2021-02-16,46868,1174372,22322,558776,24546,615596,0,0,27538,591189,0.067951,19245,291263,0.033478,27650,882452,0.101429,8700223
1,2021-02-17,48219,1222591,24357,583133,23862,639458,0,0,26090,595443,0.06844,21986,313249,0.036005,26240,908692,0.104445,8700223
1,2021-02-18,51133,1273724,25409,608542,25724,665182,0,0,26545,597909,0.068723,24309,337558,0.038799,26775,935467,0.107522,8700223
1,2021-02-19,46393,1320117,25039,633581,21354,686536,0,0,26054,603876,0.069409,20153,357711,0.041115,26120,961587,0.110524,8700223
1,2021-02-20,27390,1347507,16672,650253,10718,697254,0,0,15666,607993,0.069882,11639,369350,0.042453,15756,977343,0.112335,8700223
1,2021-02-21,12081,1359588,10396,660649,1685,698939,0,0,7355,610741,0.070198,4661,374011,0.042989,7409,984752,0.113187,8700223
1,2021-02-22,30753,1390341,20171,680820,10582,709521,0,0,17832,615861,0.070787,12829,386840,0.044463,17949,1002701,0.11525,8700223
1,2021-02-23,44145,1434486,21401,702221,22744,732265,0,0,24536,621363,0.071419,19396,406236,0.046693,24898,1027599,0.118112,8700223
1,2021-02-24,53505,1487991,25835,728056,27670,759935,0,0,29871,628190,0.072204,23492,429728,0.049393,30319,1057918,0.121597,8700223
1,2021-02-25,65418,1553409,31790,759846,33628,793563,0,0,40979,645345,0.074176,24325,454053,0.052189,41480,1099398,0.126364,8700223
1,2021-02-26,73501,1626910,34480,794326,39021,832584,0,0,48387,669273,0.076926,24935,478988,0.055055,48863,1148261,0.131981,8700223
1,2021-02-27,50222,1677132,23212,817538,27001,859585,9,9,33433,686321,0.078885,16661,495649,0.05697,33709,1181970,0.135855,8700223
1,2021-02-28,19453,1696585,11508,829046,7943,867528,2,11,14335,695743,0.079968,5054,500703,0.057551,14476,1196446,0.137519,8700223
1,2021-03-01,44487,1741072,20394,849440,24054,891582,39,50,28733,709146,0.081509,15604,516307,0.059344,29007,1225453,0.140853,8700223
1,2021-03-02,62320,1803392,27142,876582,35170,926752,8,58,40279,728145,0.083693,21904,538211,0.061862,40903,1266356,0.145554,8700223
1,2021-03-03,70166,1873558,33572,910154,36572,963324,22,80,42980,744707,0.085596,27035,565246,0.064969,43597,1309953,0.150565,8700223
1,2021-03-04,78402,1951960,36963,947117,41404,1004728,35,115,50711,768444,0.088325,27519,592765,0.068132,51256,1361209,0.156457,8700223
1,2021-03-05,77436,2029396,35171,982288,42059,1046787,206,321,52029,796122,0.091506,25184,617949,0.071027,52862,1414071,0.162533,8700223
1,2021-03-06,57307,2086703,27388,1009676,28575,1075362,1344,1665,39018,818630,0.094093,18219,636168,0.073121,40727,1454798,0.167214,8700223
1,2021-03-07,20184,2106887,12867,1022543,6506,1081868,811,2476,15173,829890,0.095387,4988,641156,0.073694,16248,1471046,0.169081,8700223
1,2021-03-08,45716,2152603,22458,1045001,21383,1103251,1875,4351,32140,850763,0.097786,13482,654638,0.075244,34355,1505401,0.17303,8700223
1,2021-03-09,66538,2219141,32197,1077198,31865,1135116,2476,6827,41016,869196,0.099905,25402,680040,0.078164,43835,1549236,0.178069,8700223
1,2021-03-10,73399,2292540,36600,1113798,32337,1167453,4462,11289,45240,891207,0.102435,28061,708101,0.081389,50072,1599308,0.183824,8700223
1,2021-03-11,90007,2382547,41274,1155072,40732,1208185,8001,19290,52508,914904,0.105159,37276,745377,0.085673,60973,1660281,0.190832,8700223
1,2021-03-12,98843,2481390,43543,1198615,42876,1251061,12424,31714,57776,944721,0.108586,40858,786235,0.09037,70675,1730956,0.198955,8700223
1,2021-03-13,65201,2546591,29470,1228085,27964,1279025,7767,39481,41538,970837,0.111588,23522,809757,0.093073,49638,1780594,0.204661,8700223
1,2021-03-14,27653,2574244,14914,1242999,9166,1288191,3573,43054,15618,978256,0.11244,11968,821725,0.094449,19387,1799981,0.206889,8700223
1,2021-03-15,65258,2639502,28770,1271769,29747,1317938,6741,49795,38561,997434,0.114645,26482,848207,0.097493,45660,1845641,0.212137,8700223
1,2021-03-16,85738,2725240,39044,1310813,41045,1358983,5649,55444,53397,1024707,0.117779,32135,880342,0.101186,59408,1905049,0.218966,8700223
1,2021-03-17,92885,2818125,45284,1356097,41034,1400017,6567,62011,60003,1058965,0.121717,32680,913022,0.104942,66938,1971987,0.226659,8700223
1,2021-03-18,98771,2916896,50905,1407002,42117,1442134,5749,67760,60269,1087319,0.124976,38158,951180,0.109328,66512,2038499,0.234304,8700223
1,2021-03-19,103507,3020403,53624,1460626,43579,1485713,6304,74064,61099,1113105,0.12794,42132,993312,0.114171,67918,2106417,0.242111,8700223
1,2021-03-20,72379,3092782,37183,1497809,29929,1515642,5267,79331,46697,1139854,0.131014,25496,1018808,0.117101,52245,2158662,0.248116,8700223
1,2021-03-21,27150,3119932,18974,1516783,6360,1522002,1816,81147,17091,1148886,0.132052,9975,1028783,0.118248,19007,2177669,0.2503,8700223
1,2021-03-22,59216,3179148,30550,1547333,25389,1547391,3277,84424,40189,1173911,0.134929,18817,1047600,0.120411,43842,2221511,0.25534,8700223
1,2021-03-23,82998,3262146,42243,1589576,37136,1584527,3619,88043,51394,1198005,0.137698,31378,1078978,0.124017,55472,2276983,0.261715,8700223
1,2021-03-24,87831,3349977,44501,1634077,38973,1623500,4357,92400,52876,1220722,0.140309,34692,1113670,0.128005,57409,2334392,0.268314,8700223
1,2021-03-25,96652,3446629,49395,1683472,41430,1664930,5827,98227,54108,1238641,0.142369,42234,1155904,0.132859,60153,2394545,0.275228,8700223
1,2021-03-26,104386,3551015,50995,1734467,47054,1711984,6337,104564,56492,1254205,0.144158,47567,1203471,0.138326,63131,2457676,0.282484,8700223
1,2021-03-27,73904,3624919,38212,1772679,31499,1743483,4193,108757,38268,1261456,0.144991,35413,1238884,0.142397,42664,2500340,0.287388,8700223
1,2021-03-28,32578,3657497,21325,1794004,10040,1753523,1213,109970,16495,1263616,0.145239,15982,1254866,0.144234,18142,2518482,0.289473,8700223
1,2021-03-29,66906,3724403,33277,1827281,30465,1783988,3164,113134,37140,1274542,0.146495,29581,1284447,0.147634,40507,2558989,0.294129,8700223
1,2021-03-30,91780,3816183,45261,1872542,40144,1824132,6375,119509,47346,1284091,0.147593,44263,1328710,0.152721,53812,2612801,0.300314,8700223
1,2021-03-31,100545,3916728,52569,1925111,41837,1865969,6139,125648,55340,1300729,0.149505,44914,1373624,0.157884,61552,2674353,0.307389,8700223
1,2021-04-01,111630,4028358,53433,1978544,49407,1915376,8790,134438,57053,1312453,0.150853,54182,1427806,0.164111,65906,2740259,0.314964,8700223
1,2021-04-02,111119,4139477,50878,2029422,50551,1965927,9690,144128,56546,1324759,0.152267,54147,1481953,0.170335,66453,2806712,0.322602,8700223
1,2021-04-03,77961,4217438,39233,2068655,29098,1995025,9630,153758,36496,1329670,0.152832,41291,1523244,0.175081,46202,2852914,0.327913,8700223
1,2021-04-04,23710,4241148,11807,2080462,8442,2003467,3461,157219,9937,1329353,0.152795,13708,1536952,0.176657,13391,2866305,0.329452,8700223
1,2021-04-05,76271,4317419,36814,2117276,30224,2033691,9233,166452,34476,1331638,0.153058,41602,1578554,0.181438,43887,2910192,0.334496,8700223
1,2021-04-06,103559,4420978,49200,2166476,37760,2071451,16599,183051,46851,1338701,0.15387,56444,1634998,0.187926,63507,2973699,0.341796,8700223
1,2021-04-07,111642,4532620,54304,2220780,39823,2111274,17515,200566,50405,1345719,0.154676,60945,1695943,0.194931,67963,3041662,0.349607,8700223
1,2021-04-08,121980,4654600,57799,2278579,43258,2154532,20923,221489,53938,1353019,0.155515,67645,1763588,0.202706,74945,3116607,0.358222,8700223
1,2021-04-09,123241,4777841,56388,2334967,46126,2200658,20727,242216,54174,1359283,0.156235,68710,1832298,0.210604,74974,3191581,0.366839,8700223
1,2021-04-10,95464,4873305,42442,2377409,30341,2230999,22681,264897,37260,1361209,0.156457,58008,1890306,0.217271,59934,3251515,0.373728,8700223
1,2021-04-11,36284,4909589,20286,2397695,9365,2240364,6633,271530,14844,1361414,0.15648,21381,1911687,0.219729,21586,3273101,0.376209,8700223
1,2021-04-12,74168,4983757,33199,2430894,31000,2271364,9969,281499,31416,1360487,0.156374,42470,1954157,0.22461,41543,3314644,0.380984,8700223
1,2021-04-13,97084,5080841,52020,2482914,44725,2316089,339,281838,52464,1369289,0.157386,44342,1998499,0.229707,53144,3367788,0.387092,8700223
1,2021-04-14,104851,5185692,54329,2537243,50452,2366541,70,281908,53401,1372035,0.157701,51097,2049596,0.23558,53843,3421631,0.393281,8700223
1,2021-04-15,106084,5291776,57738,2594981,48255,2414796,91,281999,56768,1380314,0.158653,48749,2098345,0.241183,57028,3478659,0.399836,8700223
1,2021-04-16,110440,5402216,56777,2651758,53575,2468371,88,282087,55391,1381438,0.158782,54536,2152881,0.247451,55660,3534319,0.406233,8700223
1,2021-04-17,83359,5485575,45299,2697057,38048,2506419,12,282099,46821,1392118,0.160009,36316,2189197,0.251625,46996,3581315,0.411635,8700223
1,2021-04-18,30107,5515682,20374,2717431,9726,2516145,7,282106,15225,1392755,0.160083,14795,2203992,0.253326,15432,3596747,0.413409,8700223
1,2021-04-19,67035,5582717,33957,2751388,33065,2549210,13,282119,30495,1387192,0.159443,36200,2240192,0.257487,30637,3627384,0.41693,8700223
1,2021-04-20,88365,5671082,44543,2795931,43798,2593008,24,282143,41641,1382669,0.158923,46392,2286584,0.262819,41869,3669253,0.421742,8700223
1,2021-04-21,97020,5768102,50536,2846467,46386,2639394,98,282241,43732,1373972,0.157924,52760,2339344,0.268883,44063,3713316,0.426807,8700223
1,2021-04-22,96550,5864652,50400,2896867,46134,2685528,16,282257,44371,1366864,0.157107,51713,2391057,0.274827,44605,3757921,0.431934,8700223
1,2021-04-23,101224,5965876,52272,2949139,48927,2734455,25,282282,48455,1363287,0.156696,52282,2443339,0.280836,48705,3806626,0.437532,8700223
1,2021-04-24,75283,6041159,46676,2995815,28582,2763037,25,282307,42717,1373814,0.157906,32467,2475806,0.284568,42994,3849620,0.442474,8700223
1,2021-04-25,26951,6068110,17154,3012969,9784,2772821,13,282320,15423,1377964,0.158383,11420,2487226,0.285881,15570,3865190,0.444263,8700223
1,2021-04-26,65892,6134002,34611,3047580,30881,2803702,400,282720,31474,1376045,0.158162,34132,2521358,0.289804,32213,3897403,0.447966,8700223
1,2021-04-27,81091,6215093,43124,3090704,36670,2840372,1297,284017,35506,1367881,0.157224,45310,2566668,0.295012,37146,3934549,0.452235,8700223
1,2021-04-28,80665,6295758,42906,3133610,36273,2876645,1486,285503,35698,1360649,0.156392,44643,2611311,0.300143,37411,3971960,0.456535,8700223
1,2021-04-29,83748,6379506,46068,3179678,36073,2912718,1607,287110,34655,1348298,0.154973,48774,2660085,0.305749,36423,4008383,0.460722,8700223
1,2021-04-30,91341,6470847,49539,3229217,39951,2952669,1851,288961,38630,1336543,0.153622,52405,2712490,0.311772,40650,4049033,0.465394,8700223
1,2021-05-01,62146,6532993,40166,3269383,20570,2973239,1410,290371,26226,1328689,0.152719,35713,2748203,0.315877,27859,4076892,0.468596,8700223
1,2021-05-02,23201,6556194,16394,3285777,6232,2979471,575,290946,9395,1324987,0.152293,13700,2761903,0.317452,9998,4086890,0.469745,8700223
1,2021-05-03,55537,6611731,30697,3316474,23001,3002472,1839,292785,20552,1312669,0.150878,34764,2796667,0.321448,22446,4109336,0.472325,8700223
1,2021-05-04,74927,6686658,43151,3359625,29698,3032170,2078,294863,27263,1294709,0.148813,47390,2844057,0.326895,29430,4138766,0.475708,8700223
1,2021-05-05,77142,6763800,44767,3404392,30082,3062252,2293,297156,26416,1273092,0.146329,50411,2894468,0.332689,28794,4167560,0.479018,8700223
1,2021-05-06,78326,6842126,47429,3451821,28730,3090982,2167,299323,24623,1246689,0.143294,53347,2947815,0.338821,26944,4194504,0.482115,8700223
1,2021-05-07,82339,6924465,46793,3498614,33353,3124335,2193,301516,27712,1222435,0.140506,54223,3002038,0.345053,29969,4224473,0.485559,8700223
1,2021-05-08,56601,6981066,35518,3534132,19448,3143783,1635,303151,19361,1206599,0.138686,36927,3038965,0.349297,21091,4245564,0.487983,8700223
1,2021-05-09,18136,6999202,13050,3547182,4613,3148396,473,303624,5555,1200159,0.137946,12504,3051469,0.350735,6064,4251628,0.48868,8700223
1,2021-05-10,43655,7042857,22075,3569257,19778,3168174,1802,305426,14824,1188304,0.136583,28576,3080045,0.354019,16721,4268349,0.490602,8700223
1,2021-05-11,61586,7104443,33419,3602676,26032,3194206,2135,307561,20424,1170089,0.13449,40896,3120941,0.35872,22681,4291030,0.493209,8700223
1,2021-05-12,62116,7166559,33109,3635785,26999,3221205,2008,309569,20492,1151331,0.132334,41329,3162270,0.36347,22571,4313601,0.495803,8700223
1,2021-05-13,66088,7232647,38795,3674580,25316,3246521,1977,311546,25207,1138270,0.130832,40526,3202796,0.368128,27465,4341066,0.49896,8700223
1,2021-05-14,75702,7308349,45676,3720256,27641,3274162,2385,313931,30710,1127027,0.12954,44616,3247412,0.373256,33373,4374439,0.502796,8700223
1,2021-05-15,65872,7374221,43244,3763500,20893,3295055,1735,315666,26311,1115864,0.128257,39281,3286693,0.377771,28118,4402557,0.506028,8700223
1,2021-05-16,24827,7399048,18283,3781783,5923,3300978,621,316287,10189,1112190,0.127835,14529,3301222,0.379441,10855,4413412,0.507276,8700223
1,2021-05-17,53862,7452910,32963,3814746,19143,3320121,1756,318043,22947,1106287,0.127156,30669,3331891,0.382966,24766,4438178,0.510122,8700223
1,2021-05-18,64665,7517575,38984,3853730,23863,3343984,1818,319861,28103,1099992,0.126433,36300,3368191,0.387138,30005,4468183,0.513571,8700223
1,2021-05-19,65965,7583540,40189,3893919,23856,3367840,1920,321781,29490,1095286,0.125892,36204,3404395,0.3913,31498,4499681,0.517191,8700223
1,2021-05-20,63791,7647331,37045,3930964,24572,3392412,2174,323955,26299,1086790,0.124915,37170,3441565,0.395572,28674,4528355,0.520487,8700223
1,2021-05-21,69549,7716880,41540,3972504,26160,3418572,1849,325804,28758,1077099,0.123801,40397,3481962,0.400215,30706,4559061,0.524017,8700223
1,2021-05-22,55492,7772372,36496,4009000,17287,3435859,1709,327513,24234,1072133,0.123231,31006,3512968,0.403779,26040,4585101,0.52701,8700223
1,2021-05-23,20096,7792468,14139,4023139,5370,3441229,587,328100,9376,1071501,0.123158,10619,3523587,0.405,9987,4595088,0.528157,8700223
1,2021-05-24,43526,7835994,24294,4047433,17412,3458641,1820,329920,17693,1065505,0.122469,25591,3549178,0.407941,19595,4614683,0.53041,8700223
1,2021-05-25,50582,7886576,29140,4076573,19772,3478413,1670,331590,20994,1058953,0.121716,29316,3578494,0.411311,22764,4637447,0.533026,8700223
1,2021-05-26,48263,7934839,27386,4103959,18988,3497401,1889,333479,20498,1053921,0.121137,27465,3605959,0.414467,22433,4659880,0.535605,8700223
1,2021-05-27,46747,7981586,26272,4130231,18595,3515996,1880,335359,20112,1049677,0.120649,26354,3632313,0.417497,22110,4681990,0.538146,8700223
1,2021-05-28,52115,8033701,28990,4159221,21322,3537318,1803,337162,23366,1046525,0.120287,28445,3660758,0.420766,25293,4707283,0.541053,8700223
1,2021-05-29,30382,8064083,18372,4177593,11051,3548369,959,338121,14483,1046279,0.120259,15744,3676502,0.422576,15498,4722781,0.542834,8700223
1,2021-05-30,11558,8075641,7463,4185056,3549,3551918,546,338667,5461,1046283,0.120259,6028,3682530,0.423268,6032,4728813,0.543528,8700223
1,2021-05-31,5678,8081319,3237,4188293,2191,3554109,250,338917,1987,1044898,0.1201,3635,3686165,0.423686,2250,4731063,0.543786,8700223
1,2021-06-01,45607,8126926,25788,4214081,18262,3572371,1557,340474,17330,1035884,0.119064,27979,3714144,0.426902,18965,4750028,0.545966,8700223
1,2021-06-02,39801,8166727,23096,4237177,15203,3587574,1502,341976,16054,1030050,0.118394,23463,3737607,0.429599,17629,4767657,0.547993,8700223
1,2021-06-03,41100,8207827,25749,4262926,13666,3601240,1685,343661,15748,1022500,0.117526,25058,3762665,0.432479,17508,4785165,0.550005,8700223
1,2021-06-04,49850,8257677,31963,4294889,16089,3617329,1798,345459,17872,1010595,0.116157,31653,3794318,0.436117,19748,4804913,0.552275,8700223
1,2021-06-05,40111,8297788,27380,4322269,10741,3628070,1990,347449,14119,1000987,0.115053,25773,3820091,0.43908,16165,4821078,0.554133,8700223
1,2021-06-06,13028,8310816,10436,4332705,2092,3630162,500,347949,4505,997609,0.114665,8445,3828536,0.44005,5067,4826145,0.554715,8700223
1,2021-06-07,33790,8344606,23319,4356024,9129,3639291,1342,349291,12014,989448,0.113727,21573,3850109,0.44253,13412,4839557,0.556257,8700223
1,2021-06-08,42027,8386633,29108,4385132,11286,3650577,1633,350924,14643,978691,0.11249,27127,3877236,0.445648,16370,4855927,0.558138,8700223
1,2021-06-09,41866,8428499,29052,4414184,11191,3661768,1623,352547,13627,966056,0.111038,27947,3905183,0.44886,15312,4871239,0.559898,8700223
1,2021-06-10,38807,8467306,26217,4440401,10921,3672689,1669,354216,13378,956010,0.109883,25201,3930384,0.451757,15155,4886394,0.56164,8700223
1,2021-06-11,43407,8510713,28755,4469156,12996,3685685,1656,355872,15395,945426,0.108667,27716,3958100,0.454942,17132,4903526,0.563609,8700223
1,2021-06-12,33570,8544283,24288,4493444,8088,3693773,1194,357066,11067,935458,0.107521,22300,3980400,0.457506,12332,4915858,0.565027,8700223
1,2021-06-13,11598,8555881,8425,4501869,2691,3696464,482,357548,3416,931276,0.10704,8115,3988515,0.458438,3933,4919791,0.565479,8700223
1,2021-06-14,30637,8586518,20644,4522513,8703,3705167,1290,358838,11451,925059,0.106326,18998,4007513,0.460622,12781,4932572,0.566948,8700223
1,2021-06-15,36977,8623495,24248,4546761,10879,3716046,1850,360688,13696,917672,0.105477,23026,4030539,0.463268,15639,4948211,0.568745,8700223
1,2021-06-16,35165,8658660,23749,4570510,9587,3725633,1829,362517,13188,911021,0.104712,21734,4052273,0.465767,15083,4963294,0.570479,8700223
1,2021-06-17,33311,8691971,22045,4592555,9313,3734946,1953,364470,13054,906089,0.104145,20031,4072304,0.468069,15099,4978393,0.572214,8700223
1,2021-06-18,39113,8731084,25375,4617930,10903,3745849,2835,367305,15215,900556,0.10351,23642,4095946,0.470786,18109,4996502,0.574296,8700223
1,2021-06-19,23674,8754758,16404,4634334,6078,3751927,1192,368497,9796,897869,0.103201,13710,4109656,0.472362,11023,5007525,0.575563,8700223
1,2021-06-20,8061,8762819,5889,4640223,1900,3753827,272,368769,3195,896543,0.103048,4803,4114459,0.472914,3477,5011002,0.575962,8700223
1,2021-06-21,20746,8783565,11743,4651966,6828,3760655,2175,370944,10824,899772,0.103419,9818,4124277,0.474043,13047,5024049,0.577462,8700223
1,2021-06-22,30501,8814066,19936,4671902,8455,3769110,2110,373054,12850,897347,0.103141,17458,4141735,0.476049,15033,5039082,0.57919,8700223
1,2021-06-23,29056,8843122,19489,4691391,7761,3776871,1806,374860,12731,895789,0.102962,16127,4157862,0.477903,14569,5053651,0.580865,8700223
1,2021-06-24,27877,8870999,18609,4710000,7632,3784503,1636,376496,11859,893508,0.102699,15842,4173704,0.479724,13561,5067212,0.582423,8700223
1,2021-06-25,31260,8902259,21274,4731274,8616,3793119,1370,377866,13798,891485,0.102467,17247,4190951,0.481706,15224,5082436,0.584173,8700223
1,2021-06-26,22080,8924339,16408,4747682,4869,3797988,803,378669,9654,889678,0.102259,12313,4203264,0.483121,10506,5092942,0.585381,8700223
1,2021-06-27,9064,8933403,6750,4754432,1897,3799885,417,379086,4071,889245,0.102209,4938,4208202,0.483689,4505,5097447,0.585898,8700223
1,2021-06-28,20281,8953684,15071,4769503,4047,3803932,1163,380249,9486,889307,0.102217,10639,4218841,0.484912,10701,5108148,0.587128,8700223
1,2021-06-29,25123,8978807,17193,4786696,6715,3810647,1215,381464,11137,887882,0.102053,13828,4232669,0.486501,12403,5120551,0.588554,8700223
1,2021-06-30,17699,8996506,12445,4799141,4539,3815186,715,382179,8061,887158,0.10197,9545,4242214,0.487598,8821,5129372,0.589568,8700223
2,2020-12-15,242,242,242,242,0,0,0,0,242,242,2.9e-05,0,0,0.0,242,242,2.9e-05,8407551
2,2020-12-16,2090,2332,2090,2332,0,0,0,0,2089,2331,0.000277,0,0,0.0,2089,2331,0.000277,8407551
2,2020-12-17,6842,9174,6842,9174,0,0,0,0,6841,9170,0.001091,2,2,0.0,6841,9172,0.001091,8407551
2,2020-12-18,11074,20248,11054,20228,20,20,0,0,11072,20240,0.002407,2,4,0.0,11072,20244,0.002408,8407551
2,2020-12-19,5620,25868,5614,25842,6,26,0,0,5621,25861,0.003076,0,4,0.0,5621,25865,0.003076,8407551
2,2020-12-20,4255,30123,4245,30087,10,36,0,0,4251,30112,0.003582,0,4,0.0,4251,30116,0.003582,8407551
2,2020-12-21,12775,42898,12750,42837,25,61,0,0,12730,42842,0.005096,0,4,0.0,12730,42846,0.005096,8407551
2,2020-12-22,12157,55055,11644,54481,513,574,0,0,12157,54999,0.006542,0,4,0.0,12157,55003,0.006542,8407551
2,2020-12-23,11693,66748,9479,63960,2214,2788,0,0,11695,66694,0.007933,1,5,1e-06,11696,66699,0.007933,8407551
2,2020-12-24,5913,72661,3499,67459,2414,5202,0,0,5908,72600,0.008635,4,9,1e-06,5910,72609,0.008636,8407551
2,2020-12-25,481,73142,403,67862,78,5280,0,0,483,73083,0.008693,0,9,1e-06,483,73092,0.008694,8407551
2,2020-12-26,2564,75706,1669,69531,895,6175,0,0,2565,75647,0.008998,1,10,1e-06,2565,75657,0.008999,8407551
2,2020-12-27,2223,77929,1208,70739,1015,7190,0,0,2220,77865,0.009261,2,12,1e-06,2220,77877,0.009263,8407551
2,2020-12-28,11017,88946,7172,77911,3845,11035,0,0,11017,88881,0.010572,1,13,2e-06,11017,88894,0.010573,8407551
2,2020-12-29,12720,101666,7153,85064,5567,16602,0,0,12724,101605,0.012085,0,13,2e-06,12724,101618,0.012087,8407551
2,2020-12-30,15431,117097,8665,93729,6766,23368,0,0,15426,117028,0.013919,5,18,2e-06,15428,117046,0.013922,8407551
2,2020-12-31,7574,124671,2830,96559,4744,28112,0,0,7567,124590,0.014819,5,23,3e-06,7567,124613,0.014822,8407551
2,2021-01-01,1210,125881,587,97146,623,28735,0,0,1211,125798,0.014963,3,26,3e-06,1211,125824,0.014966,8407551
2,2021-01-02,4849,130730,2772,99918,2077,30812,0,0,4844,130640,0.015538,2,28,3e-06,4844,130668,0.015542,8407551
2,2021-01-03,1389,132119,793,100711,596,31408,0,0,1384,132021,0.015703,3,31,4e-06,1384,132052,0.015706,8407551
2,2021-01-04,11657,143776,5558,106269,6099,37507,0,0,11645,143663,0.017087,3,34,4e-06,11645,143697,0.017091,8407551
2,2021-01-05,13873,157649,6926,113195,6947,44454,0,0,12676,155183,0.018458,1190,1224,0.000146,12710,156407,0.018603,8407551
2,2021-01-06,18971,176620,10456,123651,8515,52969,0,0,15203,166682,0.019825,3713,4937,0.000587,15212,171619,0.020412,8407551
2,2021-01-07,23223,199843,13112,136763,10111,63080,0,0,15592,174649,0.020773,7640,12577,0.001496,15607,187226,0.022269,8407551
2,2021-01-08,26672,226515,16213,152976,10459,73539,0,0,16396,180841,0.021509,10227,22804,0.002712,16419,203645,0.024222,8407551
2,2021-01-09,9831,236346,5740,158716,4091,77630,0,0,6278,183564,0.021833,3562,26366,0.003136,6285,209930,0.024969,8407551
2,2021-01-10,5337,241683,2969,161685,2368,79998,0,0,3084,184389,0.021931,2264,28630,0.003405,3089,213019,0.025337,8407551
2,2021-01-11,26126,267809,17989,179674,8137,88135,0,0,15067,188432,0.022412,11074,39704,0.004722,15117,228136,0.027135,8407551
2,2021-01-12,26245,294054,16326,196000,9919,98054,0,0,16691,195627,0.023268,9578,49282,0.005862,16773,244909,0.02913,8407551
2,2021-01-13,28596,322650,15191,211191,13405,111459,0,0,20635,208336,0.02478,7953,57235,0.006808,20662,265571,0.031587,8407551
2,2021-01-14,30308,352958,11519,222710,18789,130248,0,0,26061,230196,0.02738,4270,61505,0.007315,26130,291701,0.034695,8407551
2,2021-01-15,35172,388130,12841,235551,22331,152579,0,0,31897,258899,0.030794,3280,64785,0.007706,31983,323684,0.038499,8407551
2,2021-01-16,17694,405824,5622,241173,12072,164651,0,0,16364,273925,0.032581,1349,66134,0.007866,16375,340059,0.040447,8407551
2,2021-01-17,10680,416504,3634,244807,7046,171697,0,0,9953,283141,0.033677,745,66879,0.007955,9961,350020,0.041632,8407551
2,2021-01-18,19706,436210,11021,255828,8685,180382,0,0,14910,293295,0.034885,4814,71693,0.008527,14968,364988,0.043412,8407551
2,2021-01-19,32480,468690,16947,272775,15533,195915,0,0,24488,309905,0.03686,7991,79684,0.009478,24601,389589,0.046338,8407551
2,2021-01-20,37645,506335,19002,291777,18643,214558,0,0,29032,330441,0.039303,8587,88271,0.010499,29123,418712,0.049802,8407551
2,2021-01-21,40921,547256,17429,309206,23492,238050,0,0,36445,362604,0.043128,4451,92722,0.011028,36614,455326,0.054157,8407551
2,2021-01-22,39579,586835,16567,325773,23012,261062,0,0,36243,395517,0.047043,3355,96077,0.011427,36268,491594,0.058471,8407551
2,2021-01-23,24135,610970,10797,336570,13338,274400,0,0,21145,413727,0.049209,2965,99042,0.01178,21175,512769,0.060989,8407551
2,2021-01-24,12443,623413,6115,342685,6328,280728,0,0,11517,424346,0.050472,910,99952,0.011888,11529,524298,0.06236,8407551
2,2021-01-25,33912,657325,15674,358359,18238,298966,0,0,25097,440819,0.052431,8759,108711,0.01293,25232,549530,0.065361,8407551
2,2021-01-26,40512,697837,19951,378310,20561,319527,0,0,31394,463199,0.055093,9096,117807,0.014012,31476,581006,0.069105,8407551
2,2021-01-27,45915,743752,22922,401232,22993,342520,0,0,35667,488801,0.058138,10123,127930,0.015216,35725,616731,0.073354,8407551
2,2021-01-28,48247,791999,22761,423993,25486,368006,0,0,39557,519797,0.061825,8632,136562,0.016243,39628,656359,0.078068,8407551
2,2021-01-29,45800,837799,22259,446252,23541,391547,0,0,37086,548350,0.065221,8598,145160,0.017265,37151,693510,0.082487,8407551
2,2021-01-30,31608,869407,13669,459921,17939,409486,0,0,28231,573278,0.068186,3337,148497,0.017662,28265,721775,0.085848,8407551
2,2021-01-31,17587,886994,10628,470549,6959,416445,0,0,16370,588473,0.069993,1193,149690,0.017804,16388,738163,0.087798,8407551
2,2021-02-01,41205,928199,19891,490440,21314,437759,0,0,30198,607754,0.072287,10955,160645,0.019107,30236,768399,0.091394,8407551
2,2021-02-02,47971,976170,19580,510020,28391,466150,0,0,36491,632933,0.075281,11409,172054,0.020464,36588,804987,0.095746,8407551
2,2021-02-03,54457,1030627,24302,534322,30155,496305,0,0,40232,659134,0.078398,14123,186177,0.022144,40324,845311,0.100542,8407551
2,2021-02-04,56284,1086911,24364,558686,31920,528225,0,0,41166,685384,0.08152,15014,201191,0.02393,41264,886575,0.10545,8407551
2,2021-02-05,60035,1146946,26453,585139,33582,561807,0,0,40646,707008,0.084092,19196,220387,0.026213,40820,927395,0.110305,8407551
2,2021-02-06,39066,1186012,18205,603344,20861,582668,0,0,31388,730889,0.086932,7598,227985,0.027117,31479,958874,0.114049,8407551
2,2021-02-07,16007,1202019,10714,614058,5293,587961,0,0,12147,739271,0.087929,3835,231820,0.027573,12217,971091,0.115502,8407551
2,2021-02-08,43515,1245534,22413,636471,21102,609063,0,0,29960,756032,0.089923,13408,245228,0.029168,30169,1001260,0.119091,8407551
2,2021-02-09,49481,1295015,23559,660030,25922,634985,0,0,30677,768500,0.091406,18539,263767,0.031373,31007,1032267,0.122779,8407551
2,2021-02-10,59847,1354862,28223,688253,31624,666609,0,0,34608,778523,0.092598,24939,288706,0.034339,34962,1067229,0.126937,8407551
2,2021-02-11,64416,1419278,29828,718081,34588,701197,0,0,36011,786942,0.093599,28086,316792,0.037679,36505,1103734,0.131279,8407551
2,2021-02-12,65416,1484694,28261,746342,37155,738352,0,0,34752,791995,0.0942,30358,347150,0.04129,35411,1139145,0.135491,8407551
2,2021-02-13,38096,1522790,15934,762276,22162,760514,0,0,22038,798463,0.09497,15948,363098,0.043187,22416,1161561,0.138157,8407551
2,2021-02-14,20093,1542883,9437,771713,10656,771170,0,0,11274,801331,0.095311,8767,371865,0.04423,11635,1173196,0.139541,8407551
2,2021-02-15,33294,1576177,15101,786814,18193,789363,0,0,18424,805880,0.095852,14732,386597,0.045982,19281,1192477,0.141834,8407551
2,2021-02-16,56439,1632616,27868,814682,28571,817934,0,0,29707,809646,0.0963,26622,413219,0.049149,30388,1222865,0.145448,8407551
2,2021-02-17,62063,1694679,32166,846848,29897,847831,0,0,30711,809935,0.096334,31254,444473,0.052866,31543,1254408,0.1492,8407551
2,2021-02-18,66574,1761253,33822,880670,32752,880583,0,0,32292,809372,0.096267,34003,478476,0.05691,33440,1287848,0.153178,8407551
2,2021-02-19,60066,1821319,33522,914192,26544,907127,0,0,29605,809391,0.09627,30193,508669,0.060501,30212,1318060,0.156771,8407551
2,2021-02-20,38027,1859346,24801,938993,13226,920353,0,0,20466,813129,0.096714,17425,526094,0.062574,21163,1339223,0.159288,8407551
2,2021-02-21,21952,1881298,17853,956846,4099,924452,0,0,10712,813503,0.096759,11143,537237,0.063899,11517,1350740,0.160658,8407551
2,2021-02-22,38537,1919835,26425,983271,12112,936564,0,0,18327,812469,0.096636,20053,557290,0.066284,19019,1369759,0.16292,8407551
2,2021-02-23,52691,1972526,27000,1010271,25691,962255,0,0,23110,808126,0.096119,29353,586643,0.069776,25010,1394769,0.165895,8407551
2,2021-02-24,68918,2041444,35495,1045766,33423,995678,0,0,31698,805140,0.095764,37051,623694,0.074183,34065,1428834,0.169947,8407551
2,2021-02-25,74563,2116007,35158,1080924,39405,1035083,0,0,37984,809576,0.096292,36359,660053,0.078507,40795,1469629,0.174799,8407551
2,2021-02-26,82773,2198780,35351,1116275,47422,1082505,0,0,44693,818652,0.097371,37810,697863,0.083004,46886,1516515,0.180375,8407551
2,2021-02-27,60560,2259340,28059,1144334,32494,1114999,7,7,33090,825829,0.098225,27256,725119,0.086246,34433,1550948,0.184471,8407551
2,2021-02-28,29993,2289333,17936,1162270,12056,1127055,1,8,17542,831857,0.098942,12348,737467,0.087715,18376,1569324,0.186656,8407551
2,2021-03-01,57251,2346584,30106,1192376,27107,1154162,38,46,31105,838325,0.099711,25868,763335,0.090792,32336,1601660,0.190503,8407551
2,2021-03-02,68062,2414646,32779,1225155,35275,1189437,8,54,38534,849834,0.10108,29371,792706,0.094285,40880,1642540,0.195365,8407551
2,2021-03-03,79933,2494579,38833,1263988,41086,1230523,14,68,45192,863065,0.102654,34542,827248,0.098393,47773,1690313,0.201047,8407551
2,2021-03-04,87533,2582112,43184,1307172,44318,1274841,31,99,50498,879156,0.104567,36814,864062,0.102772,52905,1743218,0.20734,8407551
2,2021-03-05,80966,2663078,38337,1345509,42322,1317163,307,406,49758,900593,0.107117,31003,895065,0.10646,52440,1795658,0.213577,8407551
2,2021-03-06,62574,2725652,30596,1376105,30291,1347454,1687,2093,38540,918352,0.109229,23907,918972,0.109303,41666,1837324,0.218533,8407551
2,2021-03-07,27758,2753410,16189,1392294,10592,1358046,977,3070,17842,928436,0.110429,9849,928821,0.110475,19933,1857257,0.220903,8407551
2,2021-03-08,50113,2803523,23124,1415418,24517,1382563,2472,5542,31687,945912,0.112507,18320,947141,0.112654,35796,1893053,0.225161,8407551
2,2021-03-09,70088,2873611,32063,1447481,34238,1416801,3787,9329,38879,958843,0.114045,31088,978229,0.116351,44019,1937072,0.230397,8407551
2,2021-03-10,77915,2951526,36988,1484469,34378,1451179,6549,15878,41428,971875,0.115595,36280,1014509,0.120666,49312,1986384,0.236262,8407551
2,2021-03-11,92843,3044369,42931,1527400,41554,1492733,8358,24236,48514,986129,0.117291,44027,1058536,0.125903,58281,2044665,0.243194,8407551
2,2021-03-12,93889,3138258,38632,1566032,43262,1535995,11995,36231,46793,999497,0.118881,46856,1105392,0.131476,60224,2104889,0.250357,8407551
2,2021-03-13,69011,3207269,28931,1594963,32162,1568157,7918,44149,38043,1015926,0.120835,30833,1136225,0.135143,47262,2152151,0.255978,8407551
2,2021-03-14,36712,3243981,18289,1613252,13898,1582055,4525,48674,18605,1021808,0.121535,18005,1154230,0.137285,23887,2176038,0.258819,8407551
2,2021-03-15,67263,3311244,30429,1643681,31785,1613840,5049,53723,37119,1035149,0.123121,29929,1184159,0.140845,43270,2219308,0.263966,8407551
2,2021-03-16,86171,3397415,38145,1681826,44012,1657852,4014,57737,52336,1058976,0.125955,33654,1217813,0.144848,57481,2276789,0.270803,8407551
2,2021-03-17,92555,3489970,44321,1726147,44078,1701930,4156,61893,58934,1089558,0.129593,33354,1251167,0.148815,63936,2340725,0.278407,8407551
2,2021-03-18,97919,3587889,46735,1772882,46598,1748528,4586,66479,59996,1117085,0.132867,37621,1288788,0.153289,65148,2405873,0.286156,8407551
2,2021-03-19,97367,3685256,46093,1818975,45131,1793659,6143,72622,58103,1142894,0.135937,38967,1327755,0.157924,64776,2470649,0.293861,8407551
2,2021-03-20,69785,3755041,33764,1852739,32096,1825755,3925,76547,45850,1169343,0.139082,23693,1351448,0.160742,50142,2520791,0.299825,8407551
2,2021-03-21,33243,3788284,21542,1874281,9719,1835474,1982,78529,20082,1178812,0.140209,13032,1364480,0.162292,22501,2543292,0.302501,8407551
2,2021-03-22,62741,3851025,34512,1908793,25576,1861050,2653,81182,41781,1203419,0.143135,20728,1385208,0.164758,45335,2588627,0.307893,8407551
2,2021-03-23,83654,3934679,44511,1953304,36232,1897282,2911,84093,52491,1228765,0.14615,30893,1416101,0.168432,56239,2644866,0.314582,8407551
2,2021-03-24,91462,4026141,49198,2002502,39112,1936394,3152,87245,53917,1249433,0.148608,37222,1453323,0.172859,57890,2702756,0.321468,8407551
2,2021-03-25,101070,4127211,50980,2053482,46197,1982591,3893,91138,57500,1268365,0.15086,43249,1496572,0.178003,62181,2764937,0.328864,8407551
2,2021-03-26,103166,4230377,51197,2104679,48472,2031063,3497,94635,56818,1283741,0.152689,45988,1542560,0.183473,61364,2826301,0.336162,8407551
2,2021-03-27,75442,4305819,37587,2142266,34547,2065610,3308,97943,38029,1288757,0.153286,37181,1579741,0.187896,42197,2868498,0.341181,8407551
2,2021-03-28,37559,4343378,23172,2165438,13577,2079187,810,98753,20247,1293426,0.153841,17193,1596934,0.18994,21862,2890360,0.343781,8407551
2,2021-03-29,71107,4414485,36195,2201633,32643,2111830,2269,101022,40695,1307070,0.155464,30222,1627156,0.193535,43866,2934226,0.348999,8407551
2,2021-03-30,91753,4506238,44897,2246530,42500,2154330,4356,105378,51734,1323950,0.157472,39820,1666976,0.198271,56700,2990926,0.355743,8407551
2,2021-03-31,101091,4607329,52035,2298565,43938,2198268,5118,110496,57585,1343798,0.159832,43203,1710179,0.20341,63051,3053977,0.363242,8407551
2,2021-04-01,117393,4724722,56698,2355263,51480,2249748,9215,119711,64149,1364730,0.162322,52880,1763059,0.209699,73812,3127789,0.372021,8407551
2,2021-04-02,111552,4836274,51390,2406653,49997,2299745,10165,129876,60218,1384643,0.16469,50969,1814028,0.215762,70882,3198671,0.380452,8407551
2,2021-04-03,76735,4913009,37648,2444301,29268,2329013,9819,139695,38109,1394553,0.165869,38421,1852449,0.220332,48331,3247002,0.386201,8407551
2,2021-04-04,29036,4942045,14916,2459217,10272,2339285,3848,143543,13093,1395683,0.166004,15852,1868301,0.222217,16982,3263984,0.388221,8407551
2,2021-04-05,79001,5021046,38757,2497974,31450,2370735,8794,152337,38354,1403164,0.166893,40484,1908785,0.227032,47965,3311949,0.393926,8407551
2,2021-04-06,103849,5124895,50578,2548552,38574,2409309,14697,167034,49354,1413470,0.168119,54238,1963023,0.233483,64544,3376493,0.401602,8407551
2,2021-04-07,110400,5235295,55065,2603617,39102,2448411,16233,183267,52082,1424099,0.169383,58043,2021066,0.240387,68672,3445165,0.40977,8407551
2,2021-04-08,119309,5354604,57421,2661038,43162,2491573,18726,201993,55415,1435352,0.170722,63555,2084621,0.247946,74808,3519973,0.418668,8407551
2,2021-04-09,118826,5473430,57163,2718201,43492,2535065,18171,220164,56203,1448349,0.172268,62261,2146882,0.255352,75258,3595231,0.427619,8407551
2,2021-04-10,87511,5560941,37784,2755985,31369,2566434,18358,238522,36181,1452506,0.172762,51072,2197954,0.261426,55229,3650460,0.434188,8407551
2,2021-04-11,44462,5605403,23048,2779033,12951,2579385,8463,246985,18265,1453903,0.172928,26064,2224018,0.264526,27461,3677921,0.437454,8407551
2,2021-04-12,79967,5685370,37247,2816280,33328,2612713,9392,256377,35850,1456293,0.173213,43854,2267872,0.269742,46244,3724165,0.442955,8407551
2,2021-04-13,101922,5787292,52874,2869154,48789,2661502,259,256636,55942,1467656,0.174564,45730,2313602,0.275181,57093,3781258,0.449745,8407551
2,2021-04-14,106712,5894004,55860,2925014,50800,2712302,52,256688,54703,1472127,0.175096,51715,2365317,0.281332,56186,3837444,0.456428,8407551
2,2021-04-15,113372,6007376,60253,2985267,53041,2765343,78,256766,59445,1479174,0.175934,53547,2418864,0.287701,60594,3898038,0.463635,8407551
2,2021-04-16,110676,6118052,57500,3042767,53126,2818469,50,256816,56350,1482439,0.176322,53983,2472847,0.294122,57248,3955286,0.470444,8407551
2,2021-04-17,83388,6201440,42426,3085193,40945,2859414,17,256833,46860,1493901,0.177686,36280,2509127,0.298437,47742,4003028,0.476123,8407551
2,2021-04-18,35559,6236999,21628,3106821,13925,2873339,6,256839,16949,1493358,0.177621,18474,2527601,0.300635,17931,4020959,0.478256,8407551
2,2021-04-19,74835,6311834,40313,3147134,34506,2907845,16,256855,34201,1487834,0.176964,40362,2567963,0.305435,34838,4055797,0.482399,8407551
2,2021-04-20,97556,6409390,49455,3196589,48074,2955919,27,256882,47474,1486321,0.176784,49755,2617718,0.311353,48242,4104039,0.488137,8407551
2,2021-04-21,103328,6512718,55961,3252550,47312,3003231,55,256937,48947,1482346,0.176311,53946,2671664,0.31777,49971,4154010,0.494081,8407551
2,2021-04-22,107350,6620068,55575,3308125,51754,3054985,21,256958,47078,1470451,0.174896,59887,2731551,0.324893,47992,4202002,0.499789,8407551
2,2021-04-23,106759,6726827,56781,3364906,49960,3104945,18,256976,49369,1463772,0.174102,56989,2788540,0.331671,50310,4252312,0.505773,8407551
2,2021-04-24,79729,6806556,47073,3411979,32616,3137561,40,257016,41662,1468654,0.174683,37749,2826289,0.336161,42631,4294943,0.510844,8407551
2,2021-04-25,36193,6842749,22279,3434258,13899,3151460,15,257031,19706,1472475,0.175137,16362,2842651,0.338107,20183,4315126,0.513244,8407551
2,2021-04-26,73573,6916322,40780,3475038,32490,3183950,303,257334,33911,1468726,0.174691,39406,2882057,0.342794,35657,4350783,0.517485,8407551
2,2021-04-27,87729,7004051,46237,3521275,40130,3224080,1362,258696,37720,1459384,0.17358,49654,2931711,0.3487,40312,4391095,0.52228,8407551
2,2021-04-28,87485,7091536,46763,3568038,38860,3262940,1862,260558,38635,1452256,0.172732,48536,2980247,0.354473,41408,4432503,0.527205,8407551
2,2021-04-29,90188,7181724,49121,3617159,39371,3302311,1696,262254,35095,1434907,0.170669,54739,3034986,0.360983,37390,4469893,0.531652,8407551
2,2021-04-30,93765,7275489,51844,3669003,39933,3342244,1988,264242,36479,1417164,0.168558,56862,3091848,0.367747,39119,4509012,0.536305,8407551
2,2021-05-01,61713,7337202,37678,3706681,22470,3364714,1565,265807,24020,1406197,0.167254,37399,3129247,0.372195,26432,4535444,0.539449,8407551
2,2021-05-02,29107,7366309,20192,3726873,7943,3372657,972,266779,11073,1400432,0.166568,17899,3147146,0.374324,12134,4547578,0.540892,8407551
2,2021-05-03,59887,7426196,35460,3762333,22383,3395040,2044,268823,20153,1383426,0.164546,39471,3186617,0.379018,22465,4570043,0.543564,8407551
2,2021-05-04,79400,7505596,47404,3809737,29628,3424668,2368,271191,25818,1358753,0.161611,53259,3239876,0.385353,28586,4598629,0.546964,8407551
2,2021-05-05,79810,7585406,47560,3857297,29907,3454575,2343,273534,25027,1332080,0.158439,54407,3294283,0.391824,27734,4626363,0.550263,8407551
2,2021-05-06,82080,7667486,49726,3907023,29455,3484030,2899,276433,25153,1304283,0.155132,56489,3350772,0.398543,28692,4655055,0.553675,8407551
2,2021-05-07,83044,7750530,47911,3954934,32708,3516738,2425,278858,25595,1275652,0.151727,57109,3407881,0.405336,28478,4683533,0.557063,8407551
2,2021-05-08,55132,7805662,33404,3988338,20019,3536757,1709,280567,17295,1257779,0.149601,37608,3445489,0.409809,19735,4703268,0.55941,8407551
2,2021-05-09,21690,7827352,15652,4003990,5297,3542054,741,281308,6333,1249804,0.148653,15280,3460769,0.411626,7305,4710573,0.560279,8407551
2,2021-05-10,49662,7877014,27110,4031100,20692,3562746,1860,283168,14017,1230872,0.146401,35421,3496190,0.415839,16489,4727062,0.56224,8407551
2,2021-05-11,65440,7942454,35304,4066404,28033,3590779,2103,285271,19803,1208110,0.143693,45359,3541549,0.421234,22597,4749659,0.564928,8407551
2,2021-05-12,64499,8006953,34493,4100897,27806,3618585,2200,287471,19032,1184553,0.140892,45176,3586725,0.426608,21619,4771278,0.567499,8407551
2,2021-05-13,70289,8077242,40971,4141868,27381,3645966,1937,289408,25848,1168899,0.13903,44167,3630892,0.431861,28513,4799791,0.570891,8407551
2,2021-05-14,79093,8156335,47503,4189371,29350,3675316,2240,291648,30472,1153995,0.137257,48266,3679158,0.437602,33362,4833153,0.574859,8407551
2,2021-05-15,65884,8222219,43306,4232677,20864,3696180,1714,293362,25550,1141543,0.135776,40106,3719264,0.442372,27654,4860807,0.578148,8407551
2,2021-05-16,31497,8253716,23549,4256226,7025,3703205,923,294285,12860,1136937,0.135228,18519,3737783,0.444575,13913,4874720,0.579803,8407551
2,2021-05-17,57636,8311352,36552,4292778,19146,3722351,1938,296223,22781,1127375,0.134091,34643,3772426,0.448695,25081,4899801,0.582786,8407551
2,2021-05-18,69776,8381128,40838,4333616,26978,3749329,1960,298183,27768,1115890,0.132725,41753,3814179,0.453661,30268,4930069,0.586386,8407551
2,2021-05-19,68337,8449465,40521,4374137,25832,3775161,1984,300167,27148,1104579,0.131379,40909,3855088,0.458527,29598,4959667,0.589906,8407551
2,2021-05-20,68727,8518192,39822,4413959,26733,3801894,2172,302339,26134,1091189,0.129787,42289,3897377,0.463557,28899,4988566,0.593344,8407551
2,2021-05-21,72173,8590365,42607,4456566,27434,3829328,2132,304471,27561,1077160,0.128118,44272,3941649,0.468822,30243,5018809,0.596941,8407551
2,2021-05-22,53165,8643530,33650,4490216,17750,3847078,1765,306236,22193,1070890,0.127372,30762,3972411,0.472481,24492,5043301,0.599854,8407551
2,2021-05-23,24052,8667582,16519,4506735,6809,3853887,724,306960,10172,1068162,0.127048,13758,3986169,0.474118,11030,5054331,0.601166,8407551
2,2021-05-24,44524,8712106,25338,4532073,17421,3871308,1765,308725,17159,1060272,0.126109,27154,4013323,0.477347,19264,5073595,0.603457,8407551
2,2021-05-25,50506,8762612,29600,4561673,19045,3890353,1861,310586,19244,1050944,0.125,30976,4044299,0.481032,21648,5095243,0.606032,8407551
2,2021-05-26,48528,8811140,27228,4588901,19633,3909986,1667,312253,19003,1042757,0.124026,29205,4073504,0.484505,21018,5116261,0.608532,8407551
2,2021-05-27,46464,8857604,26312,4615213,18410,3928396,1742,313995,18605,1035977,0.12322,27629,4101133,0.487792,20849,5137110,0.611011,8407551
2,2021-05-28,49747,8907351,27499,4642712,20294,3948690,1954,315949,20945,1030746,0.122598,28554,4129687,0.491188,23323,5160433,0.613786,8407551
2,2021-05-29,28905,8936256,17302,4660014,10555,3959245,1048,316997,13243,1029688,0.122472,15516,4145203,0.493033,14458,5174891,0.615505,8407551
2,2021-05-30,12555,8948811,8080,4668094,3715,3962960,760,317757,5494,1028995,0.122389,7013,4152216,0.493867,6320,5181211,0.616257,8407551
2,2021-05-31,5875,8954686,3423,4671517,2150,3965110,302,318059,1829,1027178,0.122173,3997,4156213,0.494343,2180,5183391,0.616516,8407551
2,2021-06-01,44463,8999149,25595,4697112,17296,3982406,1572,319631,15553,1016050,0.12085,28633,4184846,0.497749,17505,5200896,0.618598,8407551
2,2021-06-02,38062,9037211,22389,4719501,14280,3996686,1393,321024,14966,1009854,0.120113,22846,4207692,0.500466,16650,5217546,0.620579,8407551
2,2021-06-03,41221,9078432,26577,4746078,13198,4009884,1446,322470,13922,998535,0.118766,27066,4234758,0.503685,15747,5233293,0.622452,8407551
2,2021-06-04,47813,9126245,31219,4777297,15057,4024941,1537,324007,15478,984018,0.11704,32057,4266815,0.507498,17540,5250833,0.624538,8407551
2,2021-06-05,37663,9163908,26900,4804197,9316,4034257,1447,325454,11792,972019,0.115613,25653,4292468,0.510549,13654,5264487,0.626162,8407551
2,2021-06-06,14769,9178677,12100,4816297,2088,4036345,581,326035,4640,967351,0.115057,10070,4302538,0.511747,5402,5269889,0.626804,8407551
2,2021-06-07,33092,9211769,23154,4839451,8670,4045015,1268,327303,10737,957385,0.113872,22216,4324754,0.514389,12250,5282139,0.628261,8407551
2,2021-06-08,40414,9252183,28613,4868064,10439,4055454,1362,328665,12416,943772,0.112253,27759,4352513,0.517691,14146,5296285,0.629944,8407551
2,2021-06-09,37906,9290089,26510,4894574,9907,4065361,1489,330154,11502,930870,0.110718,26215,4378728,0.520809,13313,5309598,0.631527,8407551
2,2021-06-10,37560,9327649,26146,4920720,9898,4075259,1516,331670,11709,918909,0.109296,25650,4404378,0.52386,13689,5323287,0.633155,8407551
2,2021-06-11,41062,9368711,27251,4947971,12144,4087403,1667,333337,13212,906486,0.107818,27592,4431970,0.527142,15169,5338456,0.63496,8407551
2,2021-06-12,29258,9397969,21539,4969510,6805,4094208,914,334251,8692,895868,0.106555,20436,4452406,0.529572,9818,5348274,0.636127,8407551
2,2021-06-13,12139,9410108,8864,4978374,2665,4096873,610,334861,3089,890749,0.105946,8985,4461391,0.530641,3866,5352140,0.636587,8407551
2,2021-06-14,29712,9439820,21081,4999455,7443,4104316,1188,336049,10284,883157,0.105043,19272,4480663,0.532933,11680,5363820,0.637977,8407551
2,2021-06-15,35377,9475197,23561,5023016,9783,4114099,2033,338082,11999,874420,0.104004,23146,4503809,0.535686,14409,5378229,0.63969,8407551
2,2021-06-16,32731,9507928,22591,5045607,8357,4122456,1783,339865,11323,866586,0.103072,21244,4525053,0.538213,13410,5391639,0.641285,8407551
2,2021-06-17,30513,9538441,20420,5066027,8315,4130771,1778,341643,10812,859856,0.102272,19528,4544581,0.540536,12798,5404437,0.642808,8407551
2,2021-06-18,34284,9572725,22586,5088613,9834,4140605,1864,343507,12514,852932,0.101448,21563,4566144,0.5431,14639,5419076,0.644549,8407551
2,2021-06-19,20727,9593452,14437,5103050,5042,4145647,1248,344755,7894,849588,0.101051,12671,4578815,0.544607,9327,5428403,0.645658,8407551
2,2021-06-20,8195,9601647,5846,5108896,1885,4147532,464,345219,3037,848040,0.100866,5116,4583931,0.545216,3568,5431971,0.646082,8407551
2,2021-06-21,19138,9620785,11708,5120604,6128,4153660,1302,346521,9840,850181,0.101121,9181,4593112,0.546308,11322,5443293,0.647429,8407551
2,2021-06-22,26640,9647425,18277,5138881,7017,4160677,1346,347867,10490,846297,0.100659,15985,4609097,0.548209,12101,5455394,0.648868,8407551
2,2021-06-23,25614,9673039,17670,5156551,6339,4167016,1605,349472,10445,843603,0.100339,15032,4624129,0.549997,12338,5467732,0.650336,8407551
2,2021-06-24,25050,9698089,17094,5173645,6502,4173518,1454,350926,10410,841198,0.100053,14502,4638631,0.551722,12097,5479829,0.651775,8407551
2,2021-06-25,28213,9726302,19134,5192779,7624,4181142,1455,352381,11840,838501,0.099732,16218,4654849,0.553651,13521,5493350,0.653383,8407551
2,2021-06-26,18276,9744578,13482,5206261,3903,4185045,891,353272,7457,836350,0.099476,10733,4665582,0.554928,8582,5501932,0.654404,8407551
2,2021-06-27,8724,9753302,6654,5212915,1619,4186664,451,353723,3519,835276,0.099348,5162,4670744,0.555542,4088,5506020,0.65489,8407551
2,2021-06-28,19090,9772392,14574,5227489,3419,4190083,1097,354820,8541,834605,0.099269,10443,4681187,0.556784,9772,5515792,0.656052,8407551
2,2021-06-29,21686,9794078,15213,5242702,5531,4195614,942,355762,9371,832948,0.099071,12199,4693386,0.558235,10542,5526334,0.657306,8407551
2,2021-06-30,14688,9808766,10467,5253169,3457,4199071,764,356526,6376,831985,0.098957,8248,4701634,0.559216,7285,5533619,0.658173,8407551
3,2020-12-15,305,305,305,305,0,0,0,0,305,305,3.8e-05,0,0,0.0,305,305,3.8e-05,8129050
3,2020-12-16,2317,2622,2317,2622,0,0,0,0,2318,2623,0.000323,0,0,0.0,2318,2623,0.000323,8129050
3,2020-12-17,7795,10417,7795,10417,0,0,0,0,7792,10413,0.001281,2,2,0.0,7792,10415,0.001281,8129050
3,2020-12-18,13393,23810,13379,23796,14,14,0,0,13392,23805,0.002928,0,2,0.0,13392,23807,0.002929,8129050
3,2020-12-19,7223,31033,7212,31008,11,25,0,0,7287,31092,0.003825,0,2,0.0,7287,31094,0.003825,8129050
3,2020-12-20,5654,36687,5646,36654,8,33,0,0,5701,36792,0.004526,1,3,0.0,5701,36795,0.004526,8129050
3,2020-12-21,14346,51033,14321,50975,25,58,0,0,14410,51201,0.006299,1,4,0.0,14410,51205,0.006299,8129050
3,2020-12-22,14778,65811,14198,65173,580,638,0,0,14816,66016,0.008121,1,5,1e-06,14816,66021,0.008122,8129050
3,2020-12-23,14828,80639,12217,77390,2611,3249,0,0,14855,80871,0.009948,1,6,1e-06,14856,80877,0.009949,8129050
3,2020-12-24,6788,87427,4871,82261,1917,5166,0,0,6785,87654,0.010783,2,8,1e-06,6785,87662,0.010784,8129050
3,2020-12-25,723,88150,666,82927,57,5223,0,0,721,88375,0.010872,0,8,1e-06,721,88383,0.010872,8129050
3,2020-12-26,4615,92765,2994,85921,1621,6844,0,0,4613,92988,0.011439,0,8,1e-06,4613,92996,0.01144,8129050
3,2020-12-27,2983,95748,1853,87774,1130,7974,0,0,2983,95971,0.011806,0,8,1e-06,2983,95979,0.011807,8129050
3,2020-12-28,13629,109377,8728,96502,4901,12875,0,0,13655,109625,0.013486,1,9,1e-06,13655,109634,0.013487,8129050
3,2020-12-29,15006,124383,8466,104968,6540,19415,0,0,15033,124656,0.015335,2,11,1e-06,15033,124667,0.015336,8129050
3,2020-12-30,17997,142380,10025,114993,7972,27387,0,0,18001,142656,0.017549,2,13,2e-06,18002,142669,0.017551,8129050
3,2020-12-31,8444,150824,3233,118226,5211,32598,0,0,8442,151095,0.018587,3,16,2e-06,8442,151111,0.018589,8129050
3,2021-01-01,1383,152207,642,118868,741,33339,0,0,1379,152473,0.018757,1,17,2e-06,1379,152490,0.018759,8129050
3,2021-01-02,4940,157147,2422,121290,2518,35857,0,0,4940,157413,0.019364,0,17,2e-06,4940,157430,0.019366,8129050
3,2021-01-03,1611,158758,847,122137,764,36621,0,0,1600,159009,0.019561,4,21,3e-06,1600,159030,0.019563,8129050
3,2021-01-04,11986,170744,5946,128083,6040,42661,0,0,11959,170961,0.021031,7,28,3e-06,11959,170989,0.021034,8129050
3,2021-01-05,15661,186405,8103,136186,7558,50219,0,0,14033,183408,0.022562,1613,1641,0.000202,14060,185049,0.022764,8129050
3,2021-01-06,20545,206950,10826,147012,9719,59938,0,0,16072,195060,0.023995,4428,6069,0.000747,16080,201129,0.024742,8129050
3,2021-01-07,26532,233482,15175,162187,11357,71295,0,0,17111,202796,0.024947,9390,15459,0.001902,17126,218255,0.026849,8129050
3,2021-01-08,30489,263971,18638,180825,11851,83146,0,0,18069,208490,0.025648,12397,27856,0.003427,18091,236346,0.029074,8129050
3,2021-01-09,12424,276395,7027,187852,5397,88543,0,0,7890,211862,0.026062,4527,32383,0.003984,7899,244245,0.030046,8129050
3,2021-01-10,7191,283586,4476,192328,2715,91258,0,0,4040,212759,0.026173,3148,35531,0.004371,4045,248290,0.030544,8129050
3,2021-01-11,28997,312583,18988,211316,10009,101267,0,0,16412,216638,0.02665,12576,48107,0.005918,16455,264745,0.032568,8129050
3,2021-01-12,32377,344960,19413,230729,12964,114231,0,0,19849,224065,0.027563,12509,60616,0.007457,19936,284681,0.03502,8129050
3,2021-01-13,34466,379426,18021,248750,16445,130676,0,0,24265,238148,0.029296,10202,70818,0.008712,24285,308966,0.038008,8129050
3,2021-01-14,34689,414115,14260,263010,20429,151105,0,0,28781,261087,0.032118,5880,76698,0.009435,28819,337785,0.041553,8129050
3,2021-01-15,38859,452974,14463,277473,24396,175501,0,0,34184,290677,0.035758,4663,81361,0.010009,34253,372038,0.045766,8129050
3,2021-01-16,21908,474882,7599,285072,14309,189810,0,0,19586,307976,0.037886,2309,83670,0.010293,19608,391646,0.048179,8129050
3,2021-01-17,13132,488014,4436,289508,8696,198506,0,0,12091,319047,0.039248,1039,84709,0.010421,12110,403756,0.049668,8129050
3,2021-01-18,24703,512717,12895,302403,11808,210314,0,0,19126,332623,0.040918,5592,90301,0.011108,19168,422924,0.052026,8129050
3,2021-01-19,40954,553671,20900,323303,20054,230368,0,0,31854,355489,0.043731,9075,99376,0.012225,31941,454865,0.055955,8129050
3,2021-01-20,45885,599556,22824,346127,23061,253429,0,0,36345,382422,0.047044,9495,108871,0.013393,36428,491293,0.060437,8129050
3,2021-01-21,48017,647573,20874,367001,27143,280572,0,0,42507,419570,0.051614,5432,114303,0.014061,42580,533873,0.065675,8129050
3,2021-01-22,49695,697268,19817,386818,29878,310450,0,0,45519,460984,0.056708,4178,118481,0.014575,45592,579465,0.071283,8129050
3,2021-01-23,30338,727606,12799,399617,17539,327989,0,0,27028,484766,0.059634,3299,121780,0.014981,27081,606546,0.074615,8129050
3,2021-01-24,17819,745425,8472,408089,9347,337336,0,0,16646,500274,0.061542,1169,122949,0.015125,16677,623223,0.076666,8129050
3,2021-01-25,40704,786129,18140,426229,22564,359900,0,0,30752,521186,0.064114,9926,132875,0.016346,30838,654061,0.08046,8129050
3,2021-01-26,47055,833184,22494,448723,24561,384461,0,0,36955,548162,0.067432,10085,142960,0.017586,37061,691122,0.085019,8129050
3,2021-01-27,51273,884457,24379,473102,26894,411355,0,0,40648,578340,0.071145,10552,153512,0.018884,40730,731852,0.090029,8129050
3,2021-01-28,51620,936077,23920,497022,27700,439055,0,0,42671,612208,0.075311,8861,162373,0.019974,42729,774581,0.095286,8129050
3,2021-01-29,50730,986807,24305,521327,26425,465480,0,0,41046,643815,0.079199,9487,171860,0.021141,41094,815675,0.100341,8129050
3,2021-01-30,37240,1024047,17567,538894,19673,485153,0,0,32517,671753,0.082636,4663,176523,0.021715,32601,848276,0.104351,8129050
3,2021-01-31,22207,1046254,12579,551473,9628,494781,0,0,20796,691172,0.085025,1396,177919,0.021887,20815,869091,0.106912,8129050
3,2021-02-01,45709,1091963,20857,572330,24852,519633,0,0,34862,715273,0.08799,10795,188714,0.023215,34896,903987,0.111205,8129050
3,2021-02-02,54318,1146281,22580,594910,31738,551371,0,0,41872,744844,0.091627,12352,201066,0.024734,41923,945910,0.116362,8129050
3,2021-02-03,60120,1206401,26815,621725,33305,584676,0,0,44675,774317,0.095253,15275,216341,0.026613,44748,990658,0.121866,8129050
3,2021-02-04,64395,1270796,27970,649695,36425,621101,0,0,47205,804653,0.098985,16978,233319,0.028702,47314,1037972,0.127687,8129050
3,2021-02-05,70284,1341080,29883,679578,40401,661502,0,0,48534,831865,0.102332,21494,254813,0.031346,48706,1086678,0.133678,8129050
3,2021-02-06,43875,1384955,21189,700767,22686,684188,0,0,34117,856452,0.105357,9712,264525,0.032541,34299,1120977,0.137898,8129050
3,2021-02-07,19518,1404473,12366,713133,7152,691340,0,0,15009,867095,0.106666,4493,269018,0.033093,15136,1136113,0.13976,8129050
3,2021-02-08,51113,1455586,24637,737770,26476,717816,0,0,33497,883295,0.108659,17482,286500,0.035244,33682,1169795,0.143903,8129050
3,2021-02-09,58415,1514001,28391,766161,30024,747840,0,0,34227,893866,0.109959,24004,310504,0.038197,34575,1204370,0.148156,8129050
3,2021-02-10,67943,1581944,31564,797725,36379,784219,0,0,36483,899681,0.110675,31200,341704,0.042035,37015,1241385,0.15271,8129050
3,2021-02-11,70615,1652559,34795,832520,35820,820039,0,0,37452,904897,0.111316,32774,374478,0.046067,37990,1279375,0.157383,8129050
3,2021-02-12,75473,1728032,32687,865207,42786,862825,0,0,41622,913760,0.112407,33540,408018,0.050193,42403,1321778,0.162599,8129050
3,2021-02-13,45202,1773234,20486,885693,24716,887541,0,0,26014,921292,0.113333,19066,427084,0.052538,26598,1348376,0.165871,8129050
3,2021-02-14,27308,1800542,13660,899353,13648,901189,0,0,15194,924877,0.113774,12059,439143,0.054021,15644,1364020,0.167796,8129050
3,2021-02-15,40058,1840600,17214,916567,22844,924033,0,0,22160,930177,0.114426,17796,456939,0.056211,23096,1387116,0.170637,8129050
3,2021-02-16,70036,1910636,33141,949708,36895,960928,0,0,36405,934136,0.114913,33475,490414,0.060329,37434,1424550,0.175242,8129050
3,2021-02-17,71776,1982412,36347,986055,35429,996357,0,0,34143,931956,0.114645,37400,527814,0.064929,35220,1459770,0.179574,8129050
3,2021-02-18,76996,2059408,40246,1026301,36750,1033107,0,0,35636,927794,0.114133,41145,568959,0.069991,36983,1496753,0.184124,8129050
3,2021-02-19,69137,2128545,39812,1066113,29325,1062432,0,0,34872,929319,0.114321,34043,603002,0.074179,35568,1532321,0.188499,8129050
3,2021-02-20,42801,2171346,26968,1093081,15833,1078265,0,0,22434,932048,0.114656,20216,623218,0.076666,22945,1555266,0.191322,8129050
3,2021-02-21,23892,2195238,19211,1112292,4681,1082946,0,0,11776,932202,0.114675,12007,635225,0.078143,12161,1567427,0.192818,8129050
3,2021-02-22,46245,2241483,30152,1142444,16093,1099039,0,0,21761,930124,0.11442,24352,659577,0.081138,22274,1589701,0.195558,8129050
3,2021-02-23,61767,2303250,33691,1176135,28076,1127115,0,0,27132,924784,0.113763,34462,694039,0.085378,29122,1618823,0.19914,8129050
3,2021-02-24,77140,2380390,37773,1213908,39367,1166482,0,0,34362,919076,0.113061,42583,736622,0.090616,36875,1655698,0.203677,8129050
3,2021-02-25,86259,2466649,41997,1255905,44262,1210744,0,0,43218,922101,0.113433,42786,779408,0.095879,45811,1701509,0.209312,8129050
3,2021-02-26,97078,2563727,44399,1300304,52679,1263423,0,0,51543,930673,0.114487,45173,824581,0.101436,53745,1755254,0.215924,8129050
3,2021-02-27,68633,2632360,31582,1331886,37048,1300471,3,3,36526,936594,0.115216,31917,856498,0.105363,37838,1793092,0.220578,8129050
3,2021-02-28,39914,2672274,22976,1354862,16935,1317406,3,6,20753,939301,0.115549,18999,875497,0.1077,21706,1814798,0.223248,8129050
3,2021-03-01,67634,2739908,35907,1390769,31702,1349108,25,31,37824,948861,0.116725,29627,905124,0.111344,39187,1853985,0.228069,8129050
3,2021-03-02,78099,2818007,38597,1429366,39494,1388602,8,39,45729,964435,0.118641,32230,937354,0.115309,47804,1901789,0.23395,8129050
3,2021-03-03,89117,2907124,42762,1472128,46337,1434939,18,57,50036,977882,0.120295,38874,976228,0.120091,52321,1954110,0.240386,8129050
3,2021-03-04,93053,3000177,45600,1517728,47433,1482372,20,77,52976,993292,0.12219,39861,1016089,0.124995,55271,2009381,0.247185,8129050
3,2021-03-05,89682,3089859,43980,1561708,45412,1527784,290,367,54874,1016104,0.124997,34579,1050668,0.129249,57391,2066772,0.254245,8129050
3,2021-03-06,65003,3154862,32935,1594643,29920,1557704,2148,2515,37327,1029519,0.126647,27533,1078201,0.132636,40948,2107720,0.259282,8129050
3,2021-03-07,37826,3192688,22398,1617041,14279,1571983,1149,3664,21640,1037361,0.127612,16117,1094318,0.134618,23959,2131679,0.26223,8129050
3,2021-03-08,59067,3251755,28293,1645334,27910,1599893,2864,6528,37499,1057858,0.130133,21411,1115729,0.137252,41908,2173587,0.267385,8129050
3,2021-03-09,76543,3328298,35499,1680833,36675,1636568,4369,10897,41232,1069444,0.131558,35182,1150911,0.14158,46768,2220355,0.273138,8129050
3,2021-03-10,82696,3410994,41373,1722206,35236,1671804,6087,16984,43218,1080891,0.132966,39256,1190167,0.146409,50703,2271058,0.279376,8129050
3,2021-03-11,96841,3507835,47460,1769666,40809,1712613,8572,25556,47479,1088939,0.133956,49092,1239259,0.152448,57140,2328198,0.286405,8129050
3,2021-03-12,101964,3609799,45419,1815085,44693,1757306,11852,37408,46791,1093801,0.134555,54931,1294190,0.159206,59793,2387991,0.29376,8129050
3,2021-03-13,70409,3680208,29685,1844770,33486,1790792,7238,44646,37254,1106627,0.136132,33025,1327215,0.163268,45851,2433842,0.299401,8129050
3,2021-03-14,41037,3721245,21575,1866345,15898,1806690,3564,48210,20797,1111465,0.136728,20153,1347368,0.165747,24991,2458833,0.302475,8129050
3,2021-03-15,75440,3796685,35849,1902194,35051,1841741,4540,52750,39760,1121308,0.137938,35460,1382828,0.170109,45303,2504136,0.308048,8129050
3,2021-03-16,94894,3891579,43792,1945986,46781,1888522,4321,57071,53534,1138967,0.140111,41122,1423950,0.175168,58781,2562917,0.315279,8129050
3,2021-03-17,98170,3989749,47710,1993696,45950,1934472,4510,61581,59903,1166018,0.143438,38029,1461979,0.179846,65080,2627997,0.323285,8129050
3,2021-03-18,103541,4093290,52701,2046397,46326,1980798,4514,66095,59851,1187533,0.146085,43410,1505389,0.185186,64925,2692922,0.331271,8129050
3,2021-03-19,103242,4196532,55392,2101789,43392,2024190,4458,70553,57962,1205531,0.148299,44987,1550376,0.19072,62985,2755907,0.33902,8129050
3,2021-03-20,71817,4268349,37014,2138803,31172,2055362,3631,74184,44628,1227294,0.150976,27003,1577379,0.194042,48766,2804673,0.345019,8129050
3,2021-03-21,36171,4304520,24699,2163502,9969,2065331,1503,75687,21970,1237148,0.152189,14102,1591481,0.195777,23956,2828629,0.347966,8129050
3,2021-03-22,70449,4374969,41434,2204936,26497,2091828,2518,78205,45176,1260814,0.1551,25052,1616533,0.198859,48718,2877347,0.353959,8129050
3,2021-03-23,89631,4464600,49637,2254573,37477,2129305,2517,80722,55284,1285231,0.158103,34093,1650626,0.203053,58510,2935857,0.361156,8129050
3,2021-03-24,98541,4563141,56747,2311320,38903,2168208,2891,83613,56438,1303423,0.160341,41752,1692378,0.208189,59944,2995801,0.36853,8129050
3,2021-03-25,107114,4670255,59536,2370856,44633,2212841,2945,86558,60766,1321776,0.162599,46020,1738398,0.21385,64373,3060174,0.376449,8129050
3,2021-03-26,110346,4780601,59230,2430086,47811,2260652,3305,89863,57437,1330764,0.163705,52599,1790997,0.220321,61587,3121761,0.384025,8129050
3,2021-03-27,74436,4855037,37880,2467966,34012,2294664,2544,92407,36343,1332438,0.163911,37885,1828882,0.224981,39559,3161320,0.388892,8129050
3,2021-03-28,44222,4899259,27837,2495803,15574,2310238,811,93218,22502,1334700,0.164189,21610,1850492,0.227639,23872,3185192,0.391828,8129050
3,2021-03-29,80524,4979783,42067,2537870,36602,2346840,1855,95073,44353,1345799,0.165554,35924,1886416,0.232059,47023,3232215,0.397613,8129050
3,2021-03-30,100067,5079850,49173,2587043,47268,2394108,3626,98699,56261,1362732,0.167637,43560,1929976,0.237417,60493,3292708,0.405054,8129050
3,2021-03-31,104979,5184829,56610,2643653,43534,2437642,4835,103534,56197,1375532,0.169212,48569,1978545,0.243392,61369,3354077,0.412604,8129050
3,2021-04-01,123435,5308264,62430,2706083,51268,2488910,9737,113271,66804,1396144,0.171747,56264,2034809,0.250313,76876,3430953,0.422061,8129050
3,2021-04-02,117842,5426106,57544,2763627,49981,2538891,10317,123588,62483,1414367,0.173989,55090,2089899,0.25709,73313,3504266,0.431079,8129050
3,2021-04-03,76047,5502153,38866,2802493,27949,2566840,9232,132820,37990,1423988,0.175173,37918,2127817,0.261755,47539,3551805,0.436927,8129050
3,2021-04-04,32405,5534558,17326,2819819,10866,2577706,4213,137033,14228,1424367,0.175219,18096,2145913,0.263981,18475,3570280,0.4392,8129050
3,2021-04-05,89033,5623591,45197,2865016,34709,2612415,9127,146160,43543,1432654,0.176239,45276,2191189,0.26955,53563,3623843,0.445789,8129050
3,2021-04-06,113349,5736940,55169,2920185,43006,2655421,15174,161334,53392,1442346,0.177431,59696,2250885,0.276894,69388,3693231,0.454325,8129050
3,2021-04-07,116302,5853242,60162,2980347,39848,2695269,16292,177626,56301,1455579,0.179059,59754,2310639,0.284245,72987,3766218,0.463304,8129050
3,2021-04-08,121357,5974599,60410,3040757,40810,2736079,20137,197763,56268,1468082,0.180597,64797,2375436,0.292216,77300,3843518,0.472813,8129050
3,2021-04-09,118320,6092919,58988,3099745,40195,2776274,19137,216900,51984,1474017,0.181327,66097,2441533,0.300347,72032,3915550,0.481674,8129050
3,2021-04-10,84377,6177296,37869,3137614,31248,2807522,15260,232160,34328,1474548,0.181392,49881,2491414,0.306483,50412,3965962,0.487875,8129050
3,2021-04-11,45259,6222555,24290,3161904,13000,2820522,7969,240129,17266,1472716,0.181167,27903,2519317,0.309915,26071,3992033,0.491082,8129050
3,2021-04-12,83932,6306487,42423,3204327,32738,2853260,8771,248900,38200,1475277,0.181482,45505,2564822,0.315513,48066,4040099,0.496995,8129050
3,2021-04-13,105459,6411946,57142,3261469,48102,2901362,215,249115,55805,1482753,0.182402,49429,2614251,0.321594,56905,4097004,0.503995,8129050
3,2021-04-14,107636,6519582,58840,3320309,48699,2950061,97,249212,53618,1484169,0.182576,53737,2667988,0.328204,55153,4152157,0.51078,8129050
3,2021-04-15,119405,6638987,67201,3387510,52130,3002191,74,249286,64005,1493965,0.183781,55091,2723079,0.334981,64887,4217044,0.518762,8129050
3,2021-04-16,115487,6754474,64781,3452291,50611,3052802,95,249381,60382,1500297,0.18456,54810,2777889,0.341724,61142,4278186,0.526284,8129050
3,2021-04-17,79410,6833884,43321,3495612,36075,3088877,14,249395,44318,1510715,0.185842,34879,2812768,0.346014,45297,4323483,0.531856,8129050
3,2021-04-18,38696,6872580,23328,3518940,15365,3104242,3,249398,18221,1509438,0.185684,20373,2833141,0.348521,19096,4342579,0.534205,8129050
3,2021-04-19,79233,6951813,44162,3563102,35018,3139260,53,249451,35849,1502634,0.184847,43214,2876355,0.353837,36410,4378989,0.538684,8129050
3,2021-04-20,100870,7052683,53102,3616204,47752,3187012,16,249467,49049,1501144,0.184664,51582,2927937,0.360182,50092,4429081,0.544846,8129050
3,2021-04-21,105496,7158179,59231,3675435,46197,3233209,68,249535,49917,1496975,0.184151,55236,2983173,0.366977,51067,4480148,0.551128,8129050
3,2021-04-22,111196,7269375,62477,3737912,48698,3281907,21,249556,47907,1482903,0.18242,62961,3046134,0.374722,48889,4529037,0.557142,8129050
3,2021-04-23,105572,7374947,60404,3798316,45143,3327050,25,249581,46346,1471378,0.181002,58907,3105041,0.381968,47382,4576419,0.562971,8129050
3,2021-04-24,73143,7448090,45246,3843562,27834,3354884,63,249644,35723,1470983,0.180954,37170,3142211,0.386541,36775,4613194,0.567495,8129050
3,2021-04-25,36658,7484748,23397,3866959,13244,3368128,17,249661,18733,1472335,0.18112,17789,3160000,0.388729,19141,4632335,0.569849,8129050
3,2021-04-26,73419,7558167,41417,3908376,31598,3399726,404,250065,31413,1463737,0.180062,41756,3201756,0.393866,33158,4665493,0.573928,8129050
3,2021-04-27,90676,7648843,47597,3955973,41342,3441068,1737,251802,36067,1447989,0.178125,54320,3256076,0.400548,38572,4704065,0.578673,8129050
3,2021-04-28,86313,7735156,48989,4004962,35197,3476265,2127,253929,35338,1435285,0.176562,50700,3306776,0.406785,37996,4742061,0.583348,8129050
3,2021-04-29,88418,7823574,50544,4055506,35681,3511946,2193,256122,31604,1413060,0.173828,56507,3363283,0.413736,34282,4776343,0.587565,8129050
3,2021-04-30,90059,7913633,50801,4106307,36779,3548725,2479,258601,33553,1393357,0.171405,56202,3419485,0.42065,36499,4812842,0.592055,8129050
3,2021-05-01,54853,7968486,34497,4140804,18897,3567622,1459,260060,19738,1380130,0.169778,34908,3454393,0.424944,21681,4834523,0.594722,8129050
3,2021-05-02,26810,7995296,18293,4159097,7506,3575128,1011,261071,9833,1374177,0.169045,16895,3471288,0.427023,10942,4845465,0.596068,8129050
3,2021-05-03,59219,8054515,34590,4193687,22266,3597394,2363,263434,17384,1352457,0.166373,41646,3512934,0.432146,19926,4865391,0.598519,8129050
3,2021-05-04,77223,8131738,44632,4238319,29937,3627331,2654,266088,22493,1323433,0.162803,54454,3567388,0.438844,25430,4890821,0.601647,8129050
3,2021-05-05,78698,8210436,47281,4285600,28727,3656058,2690,268778,21877,1291766,0.158907,56519,3623907,0.445797,24852,4915673,0.604704,8129050
3,2021-05-06,82692,8293128,52214,4337814,27957,3684015,2521,271299,20645,1253881,0.154247,61599,3685506,0.453375,23714,4939387,0.607622,8129050
3,2021-05-07,82002,8375130,51079,4388893,28306,3712321,2617,273916,21821,1218760,0.149926,59852,3745358,0.460737,24731,4964118,0.610664,8129050
3,2021-05-08,52158,8427288,32314,4421207,18143,3730464,1701,275617,13868,1196548,0.147194,38042,3783400,0.465417,15830,4979948,0.612611,8129050
3,2021-05-09,20860,8448148,15268,4436475,4807,3735271,785,276402,5523,1187671,0.146102,15252,3798652,0.467293,6375,4986323,0.613396,8129050
3,2021-05-10,47630,8495778,25610,4462085,20119,3755390,1901,278303,11095,1164587,0.143262,36344,3834996,0.471764,13260,4999583,0.615027,8129050
3,2021-05-11,63587,8559365,35542,4497627,25839,3781229,2206,280509,16127,1136158,0.139765,47232,3882228,0.477575,18803,5018386,0.61734,8129050
3,2021-05-12,64285,8623650,37010,4534637,24885,3806114,2390,282899,16510,1107816,0.136279,47541,3929769,0.483423,19199,5037585,0.619702,8129050
3,2021-05-13,74636,8698286,47214,4581851,25528,3831642,1894,284793,27462,1090841,0.13419,46940,3976709,0.489197,29965,5067550,0.623388,8129050
3,2021-05-14,79643,8777929,50481,4632332,27037,3858679,2125,286918,31005,1076198,0.132389,48372,4025081,0.495148,33729,5101279,0.627537,8129050
3,2021-05-15,61680,8839609,42582,4674914,17894,3876573,1204,288122,25568,1067262,0.13129,35926,4061007,0.499567,26990,5128269,0.630857,8129050
3,2021-05-16,33000,8872609,24665,4699579,7648,3884221,687,288809,13361,1061866,0.130626,19531,4080538,0.50197,14135,5142404,0.632596,8129050
3,2021-05-17,56664,8929273,36099,4735678,18735,3902956,1830,290639,20966,1049428,0.129096,35438,4115976,0.506329,23000,5165404,0.635425,8129050
3,2021-05-18,64132,8993405,37973,4773651,24320,3927276,1839,292478,24229,1036247,0.127475,39643,4155619,0.511206,26462,5191866,0.638681,8129050
3,2021-05-19,63347,9056752,38656,4812307,22961,3950237,1730,294208,24715,1024568,0.126038,38395,4194014,0.515929,26716,5218582,0.641967,8129050
3,2021-05-20,60987,9117739,35759,4848066,23410,3973647,1818,296026,21993,1009995,0.124245,38731,4232745,0.520694,24158,5242740,0.644939,8129050
3,2021-05-21,65346,9183085,39765,4887831,23502,3997149,2079,298105,23465,994241,0.122307,41594,4274339,0.52581,25840,5268580,0.648118,8129050
3,2021-05-22,45432,9228517,30120,4917951,13850,4010999,1462,299567,19001,988721,0.121628,26240,4300579,0.529038,20720,5289300,0.650666,8129050
3,2021-05-23,21335,9249852,14934,4932885,5754,4016753,647,300214,9129,986483,0.121353,12124,4312703,0.53053,9886,5299186,0.651883,8129050
3,2021-05-24,39314,9289166,23019,4955904,14556,4031309,1739,301953,14649,978586,0.120381,24491,4337194,0.533543,16594,5315780,0.653924,8129050
3,2021-05-25,42468,9331634,23923,4979827,16890,4048199,1655,303608,15127,968496,0.11914,27093,4364287,0.536875,17003,5332783,0.656016,8129050
3,2021-05-26,42137,9373771,24153,5003980,16274,4064473,1710,305318,15843,960166,0.118115,26012,4390299,0.540075,17682,5350465,0.658191,8129050
3,2021-05-27,39219,9412990,21996,5025976,15481,4079954,1742,307060,15452,953981,0.117355,23618,4413917,0.542981,17433,5367898,0.660335,8129050
3,2021-05-28,42535,9455525,24037,5050013,16714,4096668,1784,308844,17707,949161,0.116762,24633,4438550,0.546011,19813,5387711,0.662773,8129050
3,2021-05-29,23336,9478861,14241,5064254,8259,4104927,836,309680,10931,948764,0.116713,12286,4450836,0.547522,11889,5399600,0.664235,8129050
3,2021-05-30,10530,9489391,6826,5071080,3073,4108000,631,310311,4432,947837,0.116599,6030,4456866,0.548264,5103,5404703,0.664863,8129050
3,2021-05-31,4607,9493998,2655,5073735,1684,4109684,268,310579,1447,946448,0.116428,3131,4459997,0.548649,1742,5406445,0.665077,8129050
3,2021-06-01,37531,9531529,21632,5095367,14469,4124153,1430,312009,13148,937050,0.115272,24174,4484171,0.551623,14776,5421221,0.666895,8129050
3,2021-06-02,31397,9562926,18040,5113407,11945,4136098,1412,313421,11632,930654,0.114485,19566,4503737,0.55403,13170,5434391,0.668515,8129050
3,2021-06-03,39463,9602389,27006,5140413,11035,4147133,1422,314843,11470,915951,0.112676,27815,4531552,0.557452,13112,5447503,0.670128,8129050
3,2021-06-04,45999,9648388,32552,5172965,11915,4159048,1532,316375,13102,898323,0.110508,32667,4564219,0.56147,15039,5462542,0.671978,8129050
3,2021-06-05,34174,9682562,25768,5198733,7218,4166266,1188,317563,8693,883103,0.108635,25282,4589501,0.56458,10062,5472604,0.673216,8129050
3,2021-06-06,14492,9697054,12100,5210833,1813,4168079,579,318142,3685,876775,0.107857,10752,4600253,0.565903,4424,5477028,0.67376,8129050
3,2021-06-07,30235,9727289,21993,5232826,6974,4175053,1268,319410,8666,865393,0.106457,21434,4621687,0.56854,10052,5487080,0.674996,8129050
3,2021-06-08,34209,9761498,24577,5257403,8348,4183401,1284,320694,9967,852821,0.10491,24032,4645719,0.571496,11460,5498540,0.676406,8129050
3,2021-06-09,32794,9794292,23797,5281200,7710,4191111,1287,321981,8844,839322,0.10325,23785,4669504,0.574422,10286,5508826,0.677672,8129050
3,2021-06-10,32307,9826599,23322,5304522,7457,4198568,1528,323509,9010,826894,0.101721,23160,4692664,0.577271,10732,5519558,0.678992,8129050
3,2021-06-11,35300,9861899,24961,5329483,8980,4207548,1359,324868,10488,814291,0.10017,24629,4717293,0.580301,12026,5531584,0.680471,8129050
3,2021-06-12,25049,9886948,18891,5348374,5267,4212815,891,325759,6698,803791,0.098879,18236,4735529,0.582544,7736,5539320,0.681423,8129050
3,2021-06-13,10091,9897039,7552,5355926,2047,4214862,492,326251,2369,799047,0.098295,7672,4743201,0.583488,2928,5542248,0.681783,8129050
3,2021-06-14,25640,9922679,18361,5374287,5874,4220736,1405,327656,8038,791152,0.097324,17473,4760674,0.585637,9578,5551826,0.682961,8129050
3,2021-06-15,28542,9951221,19338,5393625,7714,4228450,1490,329146,9684,783845,0.096425,18643,4779317,0.587931,11336,5563162,0.684356,8129050
3,2021-06-16,25686,9976907,18224,5411849,6070,4234520,1392,330538,8711,777300,0.09562,16801,4796118,0.589997,10256,5573418,0.685617,8129050
3,2021-06-17,24660,10001567,17693,5429542,5713,4240233,1254,331792,8583,771346,0.094888,15926,4812044,0.591957,9972,5583390,0.686844,8129050
3,2021-06-18,27739,10029306,19588,5449130,6594,4246827,1557,333349,9740,765019,0.094109,17788,4829832,0.594145,11461,5594851,0.688254,8129050
3,2021-06-19,15845,10045151,11619,5460749,3374,4250201,852,334201,5715,761683,0.093699,10007,4839839,0.595376,6671,5601522,0.689075,8129050
3,2021-06-20,6831,10051982,5133,5465882,1402,4251603,296,334497,2602,760455,0.093548,4178,4844017,0.59589,2950,5604472,0.689438,8129050
3,2021-06-21,16094,10068076,10185,5476067,4538,4256141,1371,335868,8047,762029,0.093741,7963,4851980,0.596869,9537,5614009,0.690611,8129050
3,2021-06-22,21891,10089967,15373,5491440,5262,4261403,1256,337124,8242,758141,0.093263,13534,4865514,0.598534,9646,5623655,0.691797,8129050
3,2021-06-23,20082,10110049,14119,5505559,4669,4266072,1294,338418,8018,755634,0.092955,11955,4877469,0.600005,9448,5633103,0.69296,8129050
3,2021-06-24,19809,10129858,13807,5519366,4576,4270648,1426,339844,7753,753031,0.092635,11896,4889365,0.601468,9293,5642396,0.694103,8129050
3,2021-06-25,23128,10152986,16411,5535777,5314,4275962,1403,341247,9089,749726,0.092228,13922,4903287,0.603181,10617,5653013,0.695409,8129050
3,2021-06-26,13720,10166706,10164,5545941,2791,4278753,765,342012,5733,748451,0.092071,7924,4911211,0.604156,6649,5659662,0.696227,8129050
3,2021-06-27,6659,10173365,5131,5551072,1219,4279972,309,342321,2862,747891,0.092002,3762,4914973,0.604618,3202,5662864,0.696621,8129050
3,2021-06-28,15447,10188812,11954,5563026,2578,4282550,915,343236,6627,746785,0.091866,8726,4923699,0.605692,7620,5670484,0.697558,8129050
3,2021-06-29,17435,10206247,12406,5575432,4177,4286727,852,344088,7324,745091,0.091658,10007,4933706,0.606923,8313,5678797,0.698581,8129050
3,2021-06-30,11475,10217722,8224,5583656,2546,4289273,705,344793,4868,744197,0.091548,6546,4940252,0.607728,5652,5684449,0.699276,8129050
4,2020-12-15,454,454,454,454,0,0,0,0,454,454,5.6e-05,0,0,0.0,454,454,5.6e-05,8037679
4,2020-12-16,3008,3462,3008,3462,0,0,0,0,3008,3462,0.000431,0,0,0.0,3008,3462,0.000431,8037679
4,2020-12-17,8904,12366,8904,12366,0,0,0,0,8903,12364,0.001538,1,1,0.0,8903,12365,0.001538,8037679
4,2020-12-18,16120,28486,16109,28475,11,11,0,0,16120,28484,0.003544,0,1,0.0,16120,28485,0.003544,8037679
4,2020-12-19,10352,38838,10343,38818,9,20,0,0,10287,38771,0.004824,0,1,0.0,10287,38772,0.004824,8037679
4,2020-12-20,7394,46232,7387,46205,7,27,0,0,7349,46120,0.005738,0,1,0.0,7349,46121,0.005738,8037679
4,2020-12-21,16362,62594,16336,62541,26,53,0,0,16295,62414,0.007765,1,2,0.0,16295,62416,0.007765,8037679
4,2020-12-22,17181,79775,16444,78985,737,790,0,0,17134,79545,0.009897,3,5,1e-06,17134,79550,0.009897,8037679
4,2020-12-23,17082,96857,14375,93360,2707,3497,0,0,17051,96594,0.012018,2,7,1e-06,17051,96601,0.012019,8037679
4,2020-12-24,8522,105379,5949,99309,2573,6070,0,0,8522,105116,0.013078,0,7,1e-06,8522,105123,0.013079,8037679
4,2020-12-25,903,106282,798,100107,105,6175,0,0,903,106019,0.01319,0,7,1e-06,903,106026,0.013191,8037679
4,2020-12-26,6169,112451,3893,104000,2276,8451,0,0,6169,112188,0.013958,0,7,1e-06,6169,112195,0.013959,8037679
4,2020-12-27,3434,115885,1999,105999,1435,9886,0,0,3434,115622,0.014385,0,7,1e-06,3434,115629,0.014386,8037679
4,2020-12-28,15082,130967,9319,115318,5763,15649,0,0,15054,130675,0.016258,1,8,1e-06,15054,130683,0.016259,8037679
4,2020-12-29,15355,146322,8510,123828,6845,22494,0,0,15321,145996,0.018164,0,8,1e-06,15321,146004,0.018165,8037679
4,2020-12-30,18919,165241,11065,134893,7854,30348,0,0,18909,164903,0.020516,2,10,1e-06,18909,164913,0.020517,8037679
4,2020-12-31,8268,173509,3356,138249,4912,35260,0,0,8256,173150,0.021542,9,19,2e-06,8256,173169,0.021545,8037679
4,2021-01-01,1507,175016,668,138917,839,36099,0,0,1504,174652,0.021729,2,21,3e-06,1504,174673,0.021732,8037679
4,2021-01-02,5721,180737,3229,142146,2492,38591,0,0,5720,180371,0.022441,1,22,3e-06,5720,180393,0.022443,8037679
4,2021-01-03,2137,182874,1265,143411,872,39463,0,0,2121,182488,0.022704,4,26,3e-06,2121,182514,0.022707,8037679
4,2021-01-04,12932,195806,7003,150414,5929,45392,0,0,12884,195343,0.024303,29,55,7e-06,12884,195398,0.02431,8037679
4,2021-01-05,16877,212683,9998,160412,6879,52271,0,0,14690,207885,0.025864,2161,2216,0.000276,14703,210101,0.02614,8037679
4,2021-01-06,21578,234261,13221,173633,8357,60628,0,0,15519,217406,0.027048,6010,8226,0.001023,15531,225632,0.028072,8037679
4,2021-01-07,27932,262193,17024,190657,10908,71536,0,0,16690,222933,0.027736,11184,19410,0.002415,16711,242343,0.030151,8037679
4,2021-01-08,32789,294982,21048,211705,11741,83277,0,0,18295,226813,0.028219,14433,33843,0.004211,18313,260656,0.032429,8037679
4,2021-01-09,16285,311267,9645,221350,6640,89917,0,0,9464,229487,0.028551,6801,40644,0.005057,9475,270131,0.033608,8037679
4,2021-01-10,8771,320038,5663,227013,3108,93025,0,0,4148,229044,0.028496,4599,45243,0.005629,4156,274287,0.034125,8037679
4,2021-01-11,33445,353483,21924,248937,11521,104546,0,0,18850,233392,0.029037,14546,59789,0.007439,18894,293181,0.036476,8037679
4,2021-01-12,38560,392043,22247,271184,16313,120859,0,0,24246,243434,0.030287,14243,74032,0.009211,24285,317466,0.039497,8037679
4,2021-01-13,38785,430828,19184,290368,19601,140460,0,0,27403,259540,0.03229,11325,85357,0.01062,27431,344897,0.04291,8037679
4,2021-01-14,39294,470122,15124,305492,24170,164630,0,0,32114,284553,0.035402,7130,92487,0.011507,32143,377040,0.046909,8037679
4,2021-01-15,45332,515454,15735,321227,29597,194227,0,0,39693,318688,0.039649,5580,98067,0.012201,39715,416755,0.05185,8037679
4,2021-01-16,28717,544171,9346,330573,19371,213598,0,0,25567,341158,0.042445,3116,101183,0.012589,25586,442341,0.055033,8037679
4,2021-01-17,19068,563239,6670,337243,12398,225996,0,0,17539,357205,0.044441,1506,102689,0.012776,17553,459894,0.057217,8037679
4,2021-01-18,29467,592706,13640,350883,15827,241823,0,0,23462,374780,0.046628,5913,108602,0.013512,23488,483382,0.06014,8037679
4,2021-01-19,46110,638816,23172,374055,22938,264761,0,0,36740,402279,0.050049,9314,117916,0.01467,36813,520195,0.06472,8037679
4,2021-01-20,52615,691431,28184,402239,24431,289192,0,0,42070,433964,0.053991,10445,128361,0.01597,42130,562325,0.069961,8037679
4,2021-01-21,57556,748987,25887,428126,31669,320861,0,0,50795,478112,0.059484,6690,135051,0.016802,50838,613163,0.076286,8037679
4,2021-01-22,55340,804327,22257,450383,33083,353944,0,0,50160,523214,0.065095,5085,140136,0.017435,50187,663350,0.08253,8037679
4,2021-01-23,39678,844005,17416,467799,22262,376206,0,0,35321,554221,0.068953,4344,144480,0.017975,35351,698701,0.086928,8037679
4,2021-01-24,23941,867946,10490,478289,13451,389657,0,0,22051,574410,0.071465,1879,146359,0.018209,22068,720769,0.089674,8037679
4,2021-01-25,47977,915923,22130,500419,25847,415504,0,0,36841,600205,0.074674,11101,157460,0.01959,36896,757665,0.094264,8037679
4,2021-01-26,56798,972721,28917,529336,27881,443385,0,0,44518,632557,0.078699,12226,169686,0.021111,44578,802243,0.09981,8037679
4,2021-01-27,56192,1028913,26701,556037,29491,472876,0,0,45164,666823,0.082962,10950,180636,0.022474,45216,847459,0.105436,8037679
4,2021-01-28,56579,1085492,25495,581532,31084,503960,0,0,46574,703527,0.087529,9915,190551,0.023707,46619,894078,0.111236,8037679
4,2021-01-29,56562,1142054,27111,608643,29451,533411,0,0,46128,739442,0.091997,10247,200798,0.024982,46162,940240,0.116979,8037679
4,2021-01-30,38009,1180063,17115,625758,20894,554305,0,0,32635,766790,0.095399,5311,206109,0.025643,32659,972899,0.121042,8037679
4,2021-01-31,23857,1203920,12495,638253,11362,565667,0,0,22147,787266,0.097947,1688,207797,0.025853,22164,995063,0.1238,8037679
4,2021-02-01,49728,1253648,24002,662255,25726,591393,0,0,38018,813676,0.101233,11648,219445,0.027302,38058,1033121,0.128535,8037679
4,2021-02-02,55449,1309097,25470,687725,29979,621372,0,0,42558,843461,0.104938,12817,232262,0.028897,42602,1075723,0.133835,8037679
4,2021-02-03,62137,1371234,30495,718220,31642,653014,0,0,47790,877080,0.109121,14226,246488,0.030667,47845,1123568,0.139788,8037679
4,2021-02-04,67693,1438927,31527,749747,36166,689180,0,0,50874,911399,0.113391,16659,263147,0.032739,50978,1174546,0.14613,8037679
4,2021-02-05,73123,1512050,33835,783582,39288,728468,0,0,50963,940594,0.117023,21904,285051,0.035464,51099,1225645,0.152487,8037679
4,2021-02-06,48632,1560682,26121,809703,22511,750979,0,0,37135,966504,0.120247,11428,296479,0.036886,37338,1262983,0.157133,8037679
4,2021-02-07,26380,1587062,17399,827102,8981,759960,0,0,19982,980356,0.12197,6365,302844,0.037678,20217,1283200,0.159648,8037679
4,2021-02-08,58507,1645569,30081,857183,28426,788386,0,0,38029,998305,0.124203,20341,323185,0.040209,38290,1321490,0.164412,8037679
4,2021-02-09,67194,1712763,34168,891351,33026,821412,0,0,39383,1010370,0.125704,27723,350908,0.043658,39788,1361278,0.169362,8037679
4,2021-02-10,77441,1790204,38702,930053,38739,860151,0,0,40619,1014963,0.126276,36571,387479,0.048208,41164,1402442,0.174483,8037679
4,2021-02-11,81244,1871448,42359,972412,38885,899036,0,0,41364,1017348,0.126572,39648,427127,0.053141,42033,1444475,0.179713,8037679
4,2021-02-12,84594,1956042,37916,1010328,46678,945714,0,0,43430,1020638,0.126982,40932,468059,0.058233,44222,1488697,0.185215,8037679
4,2021-02-13,59057,2015099,29902,1040230,29155,974869,0,0,30081,1022800,0.127251,28819,496878,0.061819,30981,1519678,0.189069,8037679
4,2021-02-14,36933,2052032,19196,1059426,17737,992606,0,0,18894,1024385,0.127448,17968,514846,0.064054,19553,1539231,0.191502,8037679
4,2021-02-15,46244,2098276,21627,1081053,24617,1017223,0,0,23734,1026869,0.127757,22429,537275,0.066845,24913,1564144,0.194601,8037679
4,2021-02-16,80131,2178407,36701,1117754,43430,1060653,0,0,40783,1029643,0.128102,39230,576505,0.071725,42004,1606148,0.199827,8037679
4,2021-02-17,81505,2259912,38512,1156266,42993,1103646,0,0,38753,1026974,0.12777,42552,619057,0.077019,39883,1646031,0.204789,8037679
4,2021-02-18,83472,2343384,45936,1202202,37536,1141182,0,0,38622,1022445,0.127206,44633,663690,0.082572,40104,1686135,0.209779,8037679
4,2021-02-19,82998,2426382,52169,1254371,30829,1172011,0,0,41416,1023232,0.127304,41320,705010,0.087713,42107,1728242,0.215018,8037679
4,2021-02-20,49505,2475887,32892,1287263,16613,1188624,0,0,26881,1028300,0.127935,22517,727527,0.090515,27585,1755827,0.21845,8037679
4,2021-02-21,29908,2505795,23783,1311046,6125,1194749,0,0,14552,1027876,0.127882,15263,742790,0.092413,14839,1770666,0.220296,8037679
4,2021-02-22,54201,2559996,37230,1348276,16971,1211720,0,0,26202,1026737,0.12774,27805,770595,0.095873,26666,1797332,0.223613,8037679
4,2021-02-23,74845,2634841,41478,1389754,33367,1245087,0,0,32910,1019551,0.126846,41769,812364,0.101069,34583,1831915,0.227916,8037679
4,2021-02-24,89003,2723844,46941,1436695,42062,1287149,0,0,40216,1013365,0.126077,48560,860924,0.107111,42374,1874289,0.233188,8037679
4,2021-02-25,99912,2823756,52143,1488838,47769,1334918,0,0,47858,1011897,0.125894,51888,912812,0.113567,50420,1924709,0.239461,8037679
4,2021-02-26,106398,2930154,53712,1542550,52686,1387604,0,0,54516,1017125,0.126545,51640,964452,0.119991,56868,1981577,0.246536,8037679
4,2021-02-27,77036,3007190,41918,1584468,35111,1422715,7,7,41385,1024492,0.127461,35503,999955,0.124408,42870,2024447,0.25187,8037679
4,2021-02-28,47705,3054895,29401,1613869,18297,1441012,7,14,26545,1030928,0.128262,21003,1020958,0.127021,27439,2051886,0.255283,8037679
4,2021-03-01,77850,3132745,45717,1659586,32095,1473107,38,52,42982,1040535,0.129457,34602,1055560,0.131326,44209,2096095,0.260784,8037679
4,2021-03-02,85180,3217925,49019,1708605,36153,1509260,8,60,50393,1058110,0.131644,34614,1090174,0.135633,52189,2148284,0.267277,8037679
4,2021-03-03,100254,3318179,53355,1761960,46885,1556145,14,74,56059,1071980,0.133369,43970,1134144,0.141103,57840,2206124,0.274473,8037679
4,2021-03-04,97071,3415250,53846,1815806,43207,1599352,18,92,53423,1083766,0.134836,43429,1177573,0.146507,55215,2261339,0.281342,8037679
4,2021-03-05,94373,3509623,50936,1866742,43121,1642473,316,408,55998,1103848,0.137334,38161,1215734,0.151254,58243,2319582,0.288589,8037679
4,2021-03-06,76212,3585835,42942,1909684,30650,1673123,2620,3028,46871,1125452,0.140022,29224,1244958,0.15489,50828,2370410,0.294912,8037679
4,2021-03-07,43096,3628931,27261,1936945,14647,1687770,1188,4216,25634,1135963,0.14133,17393,1262351,0.157054,27904,2398314,0.298384,8037679
4,2021-03-08,66549,3695480,34939,1971884,28419,1716189,3191,7407,43969,1162006,0.14457,22454,1284805,0.159848,48497,2446811,0.304418,8037679
4,2021-03-09,81254,3776734,41207,2013091,34912,1751101,5135,12542,43867,1174906,0.146175,37211,1322016,0.164477,50111,2496922,0.310652,8037679
4,2021-03-10,91108,3867842,47032,2060123,36646,1787747,7430,19972,46046,1184459,0.147363,44879,1366895,0.170061,54432,2551354,0.317424,8037679
4,2021-03-11,100555,3968397,52872,2112995,39289,1827036,8394,28366,46447,1186548,0.147623,53859,1420754,0.176762,55948,2607302,0.324385,8037679
4,2021-03-12,104542,4072939,51554,2164549,42735,1869771,10253,38619,44619,1182751,0.147151,59633,1480387,0.184181,55836,2663138,0.331332,8037679
4,2021-03-13,81464,4154403,37821,2202370,35232,1905003,8411,47030,38455,1187878,0.147789,42864,1523251,0.189514,47991,2711129,0.337302,8037679
4,2021-03-14,49773,4204176,28387,2230757,17761,1922764,3625,50655,23231,1188918,0.147918,26448,1549699,0.192804,27488,2738617,0.340722,8037679
4,2021-03-15,83652,4287828,45053,2275810,34351,1957115,4248,54903,42510,1195621,0.148752,40902,1590601,0.197893,47605,2786222,0.346645,8037679
4,2021-03-16,107613,4395441,55960,2331770,48252,2005367,3401,58304,57009,1206363,0.150088,50369,1640970,0.20416,61111,2847333,0.354248,8037679
4,2021-03-17,106901,4502342,57596,2389366,45810,2051177,3495,61799,62792,1229373,0.152951,43844,1684814,0.209614,66854,2914187,0.362566,8037679
4,2021-03-18,107056,4609398,59401,2448767,43966,2095143,3689,65488,61014,1248742,0.155361,45768,1730582,0.215309,65137,2979324,0.37067,8037679
4,2021-03-19,111572,4720970,64250,2513017,42135,2137278,5187,70675,63850,1270705,0.158094,47476,1778058,0.221215,69439,3048763,0.379309,8037679
4,2021-03-20,84034,4805004,49062,2562079,31970,2169248,3002,73677,51791,1293717,0.160957,32096,1810154,0.225209,55108,3103871,0.386165,8037679
4,2021-03-21,48166,4853170,34975,2597054,10935,2180183,2256,75933,28337,1304956,0.162355,19712,1829866,0.227661,30951,3134822,0.390016,8037679
4,2021-03-22,82474,4935644,53911,2650965,25828,2206011,2735,78668,51346,1328877,0.165331,30880,1860746,0.231503,54801,3189623,0.396834,8037679
4,2021-03-23,104815,5040459,62766,2713731,39894,2245905,2155,80823,62539,1352112,0.168222,42001,1902747,0.236728,65236,3254859,0.40495,8037679
4,2021-03-24,113456,5153915,73247,2786978,37799,2283704,2410,83233,64119,1370193,0.170471,48905,1951652,0.242813,66986,3321845,0.413284,8037679
4,2021-03-25,117019,5270934,72058,2859036,42572,2326276,2389,85622,67162,1390836,0.17304,49391,2001043,0.248958,70034,3391879,0.421997,8037679
4,2021-03-26,119626,5390560,72622,2931658,43964,2370240,3040,88662,65642,1406483,0.174986,53631,2054674,0.25563,69278,3461157,0.430616,8037679
4,2021-03-27,91984,5482544,54247,2985905,35951,2406191,1786,90448,46871,1410751,0.175517,44874,2099548,0.261213,49142,3510299,0.43673,8037679
4,2021-03-28,55671,5538215,36741,3022646,18058,2424249,872,91320,29636,1415720,0.176135,25871,2125419,0.264432,30840,3541139,0.440567,8037679
4,2021-03-29,93520,5631735,56058,3078704,35383,2459632,2079,93399,50823,1426711,0.177503,42459,2167878,0.269714,53450,3594589,0.447217,8037679
4,2021-03-30,117096,5748831,63878,3142582,49055,2508687,4163,97562,69623,1453684,0.180859,47245,2215123,0.275592,74218,3668807,0.456451,8037679
4,2021-03-31,121012,5869843,71406,3213988,43282,2551969,6324,103886,67914,1475377,0.183558,52760,2267883,0.282156,74453,3743260,0.465714,8037679
4,2021-04-01,142433,6012276,81234,3295222,47955,2599924,13244,117130,83988,1514780,0.18846,58016,2325899,0.289374,97419,3840679,0.477834,8037679
4,2021-04-02,136578,6148854,72974,3368196,50027,2649951,13577,130707,79089,1550575,0.192913,57200,2383099,0.296491,92995,3933674,0.489404,8037679
4,2021-04-03,101199,6250053,54102,3422298,33703,2683654,13394,144101,52741,1568701,0.195168,48261,2431360,0.302495,66387,4000061,0.497664,8037679
4,2021-04-04,46857,6296910,24731,3447029,14605,2698259,7521,151622,20469,1570434,0.195384,26283,2457643,0.305765,28016,4028077,0.501149,8037679
4,2021-04-05,109278,6406188,61470,3508499,35021,2733280,12787,164409,57053,1588850,0.197675,52020,2509663,0.312237,70436,4098513,0.509913,8037679
4,2021-04-06,138729,6544917,78114,3586613,40892,2774172,19723,184132,72192,1615085,0.200939,66309,2575972,0.320487,92544,4191057,0.521426,8037679
4,2021-04-07,137549,6682466,77934,3664547,38922,2813094,20693,204825,71253,1641321,0.204203,66049,2642021,0.328704,92285,4283342,0.532908,8037679
4,2021-04-08,139917,6822383,78011,3742558,36485,2849579,25421,230246,69579,1666912,0.207387,70057,2712078,0.337421,95648,4378990,0.544808,8037679
4,2021-04-09,137593,6959976,75542,3818100,39074,2888653,22977,253223,65653,1684857,0.20962,71718,2783796,0.346343,89663,4468653,0.555963,8037679
4,2021-04-10,103735,7063711,51189,3869289,33698,2922351,18848,272071,46802,1694834,0.210861,56724,2840520,0.353401,66701,4535354,0.564262,8037679
4,2021-04-11,62584,7126295,38025,3907314,13399,2935750,11160,283231,27341,1699273,0.211413,35139,2875659,0.357772,39578,4574932,0.569186,8037679
4,2021-04-12,102704,7228999,62471,3969785,30096,2965846,10137,293368,51787,1711795,0.212971,50626,2926285,0.364071,63148,4638080,0.577042,8037679
4,2021-04-13,130207,7359206,81690,4051475,48353,3014199,164,293532,78007,1738916,0.216346,51909,2978194,0.370529,79030,4717110,0.586875,8037679
4,2021-04-14,135376,7494582,86273,4137748,49028,3063227,75,293607,75001,1755174,0.218368,60047,3038241,0.378,76305,4793415,0.596368,8037679
4,2021-04-15,156092,7650674,103932,4241680,52096,3115323,64,293671,95879,1792023,0.222953,59853,3098094,0.385446,96702,4890117,0.608399,8037679
4,2021-04-16,143441,7794115,90959,4332639,52404,3167727,78,293749,83475,1816625,0.226014,59667,3157761,0.39287,84269,4974386,0.618883,8037679
4,2021-04-17,101369,7895484,63740,4396379,37605,3205332,24,293773,59620,1835933,0.228416,41481,3199242,0.398031,60789,5035175,0.626446,8037679
4,2021-04-18,56724,7952208,38331,4434710,18390,3223722,3,293776,32030,1844353,0.229463,24568,3223810,0.401087,32988,5068163,0.630551,8037679
4,2021-04-19,101434,8053642,66879,4501589,34537,3258259,18,293794,51857,1847485,0.229853,49339,3273149,0.407226,52471,5120634,0.637079,8037679
4,2021-04-20,131608,8185250,78552,4580141,53040,3311299,16,293810,68802,1854866,0.230771,62509,3335658,0.415003,69890,5190524,0.645774,8037679
4,2021-04-21,133917,8319167,87496,4667637,46368,3357667,53,293863,67652,1857785,0.231135,65895,3401553,0.423201,68814,5259338,0.654335,8037679
4,2021-04-22,140501,8459668,93338,4760975,47140,3404807,23,293886,62955,1844690,0.229505,77194,3478747,0.432805,64099,5323437,0.66231,8037679
4,2021-04-23,134021,8593689,87349,4848324,46648,3451455,24,293910,58273,1828760,0.227523,75416,3554163,0.442188,59486,5382923,0.669711,8037679
4,2021-04-24,97679,8691368,66088,4914412,31541,3482996,50,293960,45035,1822548,0.226751,52363,3606526,0.448702,46151,5429074,0.675453,8037679
4,2021-04-25,50044,8741412,35283,4949695,14736,3497732,25,293985,26203,1825513,0.227119,23703,3630229,0.451651,26668,5455742,0.678771,8037679
4,2021-04-26,91528,8832940,60016,5009711,31115,3528847,397,294382,36077,1808154,0.22496,55163,3685392,0.458514,37804,5493546,0.683474,8037679
4,2021-04-27,113336,8946276,69265,5078976,41769,3570616,2302,296684,40939,1780097,0.221469,72095,3757487,0.467484,44038,5537584,0.688953,8037679
4,2021-04-28,103568,9049844,67685,5146661,33373,3603989,2510,299194,37982,1755961,0.218466,65291,3822778,0.475607,41155,5578739,0.694073,8037679
4,2021-04-29,104987,9154831,67086,5213747,35380,3639369,2521,301715,34026,1722474,0.2143,70636,3893414,0.484395,37149,5615888,0.698695,8037679
4,2021-04-30,104639,9259470,66350,5280097,35617,3674986,2672,304387,36052,1693634,0.210712,68223,3961637,0.492883,39383,5655271,0.703595,8037679
4,2021-05-01,68831,9328301,45767,5325864,21309,3696295,1755,306142,20002,1667433,0.207452,48600,4010237,0.49893,22399,5677670,0.706382,8037679
4,2021-05-02,37411,9365712,26553,5352417,9578,3705873,1280,307422,10503,1652563,0.205602,26797,4037034,0.502264,11927,5689597,0.707866,8037679
4,2021-05-03,78234,9443946,54444,5406861,21324,3727197,2466,309888,19184,1615772,0.201025,58806,4095840,0.50958,22015,5711612,0.710605,8037679
4,2021-05-04,100726,9544672,68972,5475833,28999,3756196,2755,312643,22715,1563885,0.194569,77743,4173583,0.519252,25856,5737468,0.713821,8037679
4,2021-05-05,101460,9646132,71564,5547397,27175,3783371,2721,315364,22048,1509870,0.187849,79092,4252675,0.529092,25077,5762545,0.716941,8037679
4,2021-05-06,110990,9757122,83194,5630591,24867,3808238,2929,318293,19684,1442744,0.179498,90860,4343535,0.540397,23734,5786279,0.719894,8037679
4,2021-05-07,104155,9861277,74921,5705512,26558,3834796,2676,320969,20625,1383280,0.172099,83181,4426716,0.550746,23717,5809996,0.722845,8037679
4,2021-05-08,69192,9930469,47712,5753224,19558,3854354,1922,322891,13767,1344117,0.167227,55208,4481924,0.557614,16045,5826041,0.724841,8037679
4,2021-05-09,34059,9964528,27892,5781116,5229,3859583,938,323829,7486,1326166,0.164994,26470,4508394,0.560907,8519,5834560,0.725901,8037679
4,2021-05-10,64436,10028964,43146,5824262,18982,3878565,2308,326137,10981,1286509,0.16006,53262,4561656,0.567534,13605,5848165,0.727594,8037679
4,2021-05-11,82102,10111066,51272,5875534,28652,3907217,2178,328315,15796,1238901,0.154137,66082,4627738,0.575756,18474,5866639,0.729892,8037679
4,2021-05-12,79113,10190179,52710,5928244,23910,3931127,2493,330808,16651,1196230,0.148828,62189,4689927,0.583493,19518,5886157,0.73232,8037679
4,2021-05-13,103886,10294065,76599,6004843,25767,3956894,1520,332328,40394,1175973,0.146308,63180,4753107,0.591353,42923,5929080,0.737661,8037679
4,2021-05-14,104239,10398304,73700,6078543,28411,3985305,2128,334456,40238,1155160,0.143718,63709,4816816,0.599279,42896,5971976,0.742998,8037679
4,2021-05-15,85061,10483365,65817,6144360,17921,4003226,1323,335779,37626,1147199,0.142728,47201,4864017,0.605152,39240,6011216,0.74788,8037679
4,2021-05-16,51305,10534670,41357,6185717,9240,4012466,708,336487,21037,1138956,0.141702,30126,4894143,0.6089,21883,6033099,0.750602,8037679
4,2021-05-17,70811,10605481,51770,6237487,17201,4029667,1840,338327,28075,1126551,0.140159,42545,4936688,0.614193,30140,6063239,0.754352,8037679
4,2021-05-18,81274,10686755,52929,6290416,26600,4056267,1745,340072,29181,1106094,0.137614,51746,4988434,0.620631,31289,6094528,0.758245,8037679
4,2021-05-19,76299,10763054,51676,6342092,22683,4078950,1940,342012,30846,1093983,0.136107,45183,5033617,0.626253,33072,6127600,0.762359,8037679
4,2021-05-20,68403,10831457,43956,6386048,22454,4101404,1993,344005,25367,1078923,0.134233,42762,5076379,0.631573,27702,6155302,0.765806,8037679
4,2021-05-21,73112,10904569,48265,6434313,22986,4124390,1861,345866,25854,1059914,0.131868,46988,5123367,0.637419,27979,6183281,0.769287,8037679
4,2021-05-22,49451,10954020,34710,6469023,13461,4137851,1280,347146,21573,1055259,0.131289,27728,5151095,0.640868,23073,6206354,0.772157,8037679
4,2021-05-23,23742,10977762,17032,6486055,5992,4143843,718,347864,9747,1051956,0.130878,13876,5164971,0.642595,10573,6216927,0.773473,8037679
4,2021-05-24,42905,11020667,27331,6513386,12580,4156423,2994,350858,15073,1042596,0.129714,27628,5192599,0.646032,18268,6235195,0.775746,8037679
4,2021-05-25,44717,11065384,27809,6541195,14095,4170518,2813,353671,15894,1032933,0.128511,28603,5221202,0.649591,18940,6254135,0.778102,8037679
4,2021-05-26,44313,11109697,26627,6567822,15096,4185614,2590,356261,15806,1023196,0.1273,28307,5249509,0.653113,18570,6272705,0.780412,8037679
4,2021-05-27,38702,11148399,23276,6591098,12302,4197916,3124,359385,14607,1017181,0.126552,23914,5273423,0.656088,17899,6290604,0.782639,8037679
4,2021-05-28,43083,11191482,27490,6618588,13997,4211913,1596,360981,18814,1013783,0.126129,24034,5297457,0.659078,20636,6311240,0.785207,8037679
4,2021-05-29,23532,11215014,15320,6633908,7279,4219192,933,361914,10850,1013134,0.126048,12563,5310020,0.660641,11914,6323154,0.786689,8037679
4,2021-05-30,11970,11226984,8406,6642314,3039,4222231,525,362439,4999,1011812,0.125884,6914,5316934,0.661501,5592,6328746,0.787385,8037679
4,2021-05-31,3539,11230523,2249,6644563,1132,4223363,158,362597,1133,1010754,0.125752,2371,5319305,0.661796,1313,6330059,0.787548,8037679
4,2021-06-01,39264,11269787,24417,6668980,12406,4235769,2441,365038,12986,1000321,0.124454,26076,5345381,0.66504,15643,6345702,0.789494,8037679
4,2021-06-02,32407,11302194,20270,6689250,9357,4245126,2780,367818,10840,992687,0.123504,21402,5366783,0.667703,13768,6359470,0.791207,8037679
4,2021-06-03,47821,11350015,36706,6725956,8666,4253792,2449,370267,10345,968460,0.12049,37327,5404110,0.672347,13100,6372570,0.792837,8037679
4,2021-06-04,54545,11404560,43932,6769888,9293,4263085,1320,371587,12752,941764,0.117169,41571,5445681,0.677519,14875,6387445,0.794688,8037679
4,2021-06-05,44527,11449087,38143,6808031,5389,4268474,995,372582,8720,916094,0.113975,35662,5481343,0.681956,9992,6397437,0.795931,8037679
4,2021-06-06,21070,11470157,18809,6826840,1704,4270178,557,373139,3925,903918,0.11246,17044,5498387,0.684076,4868,6402305,0.796537,8037679
4,2021-06-07,38535,11508692,31199,6858039,5428,4275606,1908,375047,8432,884559,0.110052,29976,5528363,0.687806,10617,6412922,0.797857,8037679
4,2021-06-08,40387,11549079,31712,6889751,6149,4281755,2526,377573,9453,866121,0.107758,30749,5559112,0.691632,12311,6425233,0.799389,8037679
4,2021-06-09,38746,11587825,30734,6920485,5662,4287417,2350,379923,7919,846080,0.105264,30663,5589775,0.695446,10622,6435855,0.800711,8037679
4,2021-06-10,36958,11624783,29137,6949622,5207,4292624,2614,382537,8549,829246,0.10317,28258,5618033,0.698962,11424,6447279,0.802132,8037679
4,2021-06-11,38059,11662842,29895,6979517,6156,4298780,2008,384545,9846,813380,0.101196,28067,5646100,0.702454,12201,6459480,0.80365,8037679
4,2021-06-12,26414,11689256,22004,7001521,3701,4302481,709,385254,6058,800110,0.099545,20253,5666353,0.704974,6983,6466463,0.804519,8037679
4,2021-06-13,10800,11700056,8533,7010054,1790,4304271,477,385731,2288,794526,0.09885,8453,5674806,0.706025,2869,6469332,0.804876,8037679
4,2021-06-14,28436,11728492,21271,7031325,4366,4308637,2799,388530,7742,784720,0.09763,20564,5695370,0.708584,10758,6480090,0.806214,8037679
4,2021-06-15,29767,11758259,21059,7052384,5315,4313952,3393,391923,8284,775307,0.096459,21342,5716712,0.711239,11929,6492019,0.807698,8037679
4,2021-06-16,26373,11784632,19876,7072260,3898,4317850,2599,394522,8019,767939,0.095542,18192,5734904,0.713502,10824,6502843,0.809045,8037679
4,2021-06-17,24952,11809584,18435,7090695,3648,4321498,2869,397391,7567,761354,0.094723,17205,5752109,0.715643,10620,6513463,0.810366,8037679
4,2021-06-18,26546,11836130,20950,7111645,4376,4325874,1220,398611,8223,752920,0.093674,18127,5770236,0.717898,9693,6523156,0.811572,8037679
4,2021-06-19,15693,11851823,12702,7124347,2297,4328171,694,399305,5054,748338,0.093104,10494,5780730,0.719204,5912,6529068,0.812308,8037679
4,2021-06-20,7343,11859166,6053,7130400,983,4329154,307,399612,2617,746671,0.092896,4669,5785399,0.719785,3002,6532070,0.812681,8037679
4,2021-06-21,14425,11873591,10429,7140829,2865,4332019,1131,400743,7315,748241,0.093092,7035,5792434,0.72066,8605,6540675,0.813752,8037679
4,2021-06-22,20283,11893874,15829,7156658,3398,4335417,1056,401799,7068,743413,0.092491,13101,5805535,0.72229,8273,6548948,0.814781,8037679
4,2021-06-23,18235,11912109,14308,7170966,2948,4338365,979,402778,6684,739768,0.092038,11435,5816970,0.723713,7790,6556738,0.81575,8037679
4,2021-06-24,17407,11929516,13504,7184470,2922,4341287,981,403759,6507,736641,0.091648,10752,5827722,0.72505,7625,6564363,0.816699,8037679
4,2021-06-25,21335,11950851,16779,7201249,3529,4344816,1027,404786,7737,732101,0.091084,13470,5841192,0.726726,8930,6573293,0.81781,8037679
4,2021-06-26,12960,11963811,10559,7211808,1788,4346604,613,405399,4800,729556,0.090767,8062,5849254,0.727729,5517,6578810,0.818496,8037679
4,2021-06-27,6805,11970616,5513,7217321,951,4347555,341,405740,2883,728947,0.090691,3887,5853141,0.728213,3278,6582088,0.818904,8037679
4,2021-06-28,14861,11985477,12518,7229839,1535,4349090,808,406548,6024,727132,0.090465,8760,5861901,0.729303,6945,6589033,0.819768,8037679
4,2021-06-29,16070,12001547,12534,7242373,2788,4351878,748,407296,6383,724798,0.090175,9590,5871491,0.730496,7256,6596289,0.820671,8037679
4,2021-06-30,9819,12011366,7746,7250119,1587,4353465,486,407782,4058,723677,0.090036,5708,5877199,0.731206,4587,6600876,0.821242,8037679
