hpiquartile,administered_date,total_doses,cumulative_total_doses,pfizer_doses,cumulative_pfizer_doses,moderna_doses,cumulative_moderna_doses,jj_doses,cumulative_jj_doses,partially_vaccinated,total_partially_vaccinated,pct_age16pop_partially_vaccinated,fully_vaccinated,cumulative_fully_vaccinated,pct_age16pop_fully_vaccinated,at_least_one_dose,cumulative_at_least_one_dose,pct_age16pop_at_least_one_dose,age16_population
1,2020-12-15,144,144,144,144,0,0,0,0,144,144,1.8e-05,0,0,0.0,144,144,1.8e-05,8051741
1,2020-12-16,1279,1423,1279,1423,0,0,0,0,1279,1423,0.000177,0,0,0.0,1279,1423,0.000177,8051741
1,2020-12-17,4102,5525,4102,5525,0,0,0,0,4102,5525,0.000686,0,0,0.0,4102,5525,0.000686,8051741
1,2020-12-18,6071,11596,6028,11553,43,43,0,0,6076,11601,0.001441,0,0,0.0,6076,11601,0.001441,8051741
1,2020-12-19,2782,14378,2782,14335,0,43,0,0,2782,14382,0.001786,1,1,0.0,2782,14383,0.001786,8051741
1,2020-12-20,2038,16416,2035,16370,3,46,0,0,2040,16422,0.00204,0,1,0.0,2040,16423,0.00204,8051741
1,2020-12-21,7858,24274,7845,24215,13,59,0,0,7914,24336,0.003022,0,1,0.0,7914,24337,0.003023,8051741
1,2020-12-22,7388,31662,6945,31160,443,502,0,0,7392,31727,0.00394,1,2,0.0,7392,31729,0.003941,8051741
1,2020-12-23,7588,39250,6325,37485,1263,1765,0,0,7587,39314,0.004883,0,2,0.0,7587,39316,0.004883,8051741
1,2020-12-24,3264,42514,2322,39807,942,2707,0,0,3265,42579,0.005288,0,2,0.0,3265,42581,0.005288,8051741
1,2020-12-25,230,42744,147,39954,83,2790,0,0,230,42809,0.005317,0,2,0.0,230,42811,0.005317,8051741
1,2020-12-26,1328,44072,966,40920,362,3152,0,0,1328,44136,0.005482,1,3,0.0,1328,44139,0.005482,8051741
1,2020-12-27,854,44926,529,41449,325,3477,0,0,855,44991,0.005588,0,3,0.0,855,44994,0.005588,8051741
1,2020-12-28,7185,52111,4979,46428,2206,5683,0,0,7185,52176,0.00648,0,3,0.0,7185,52179,0.00648,8051741
1,2020-12-29,8754,60865,4965,51393,3789,9472,0,0,8750,60924,0.007567,2,5,1e-06,8750,60929,0.007567,8051741
1,2020-12-30,11282,72147,6252,57645,5030,14502,0,0,11302,72226,0.00897,0,5,1e-06,11302,72231,0.008971,8051741
1,2020-12-31,5761,77908,1873,59518,3888,18390,0,0,5939,78165,0.009708,0,5,1e-06,5939,78170,0.009708,8051741
1,2021-01-01,490,78398,159,59677,331,18721,0,0,490,78655,0.009769,0,5,1e-06,490,78660,0.009769,8051741
1,2021-01-02,2732,81130,1619,61296,1113,19834,0,0,2831,81486,0.01012,0,5,1e-06,2831,81491,0.010121,8051741
1,2021-01-03,994,82124,530,61826,464,20298,0,0,995,82480,0.010244,1,6,1e-06,995,82486,0.010244,8051741
1,2021-01-04,7266,89390,3537,65363,3729,24027,0,0,7294,89773,0.01115,1,7,1e-06,7294,89780,0.01115,8051741
1,2021-01-05,10860,100250,5212,70575,5648,29675,0,0,10129,99181,0.012318,782,789,9.8e-05,10190,99970,0.012416,8051741
1,2021-01-06,14012,114262,7109,77684,6903,36578,0,0,12215,109615,0.013614,1787,2576,0.00032,12221,112191,0.013934,8051741
1,2021-01-07,17690,131952,9282,86966,8408,44986,0,0,13326,118711,0.014744,4235,6811,0.000846,13331,125522,0.015589,8051741
1,2021-01-08,20068,152020,10317,97283,9751,54737,0,0,14356,127363,0.015818,5709,12520,0.001555,14361,139883,0.017373,8051741
1,2021-01-09,6484,158504,3261,100544,3223,57960,0,0,4782,130391,0.016194,1758,14278,0.001773,4786,144669,0.017967,8051741
1,2021-01-10,3005,161509,1707,102251,1298,59258,0,0,1851,131097,0.016282,1147,15425,0.001916,1853,146522,0.018198,8051741
1,2021-01-11,18341,179850,12082,114333,6259,65517,0,0,11443,135816,0.016868,6766,22191,0.002756,11485,158007,0.019624,8051741
1,2021-01-12,19197,199047,10755,125088,8442,73959,0,0,13118,142954,0.017754,6058,28249,0.003508,13196,171203,0.021263,8051741
1,2021-01-13,19803,218850,10471,135559,9332,83291,0,0,14837,152818,0.018979,4990,33239,0.004128,14854,186057,0.023108,8051741
1,2021-01-14,22379,241229,9327,144886,13052,96343,0,0,19702,169980,0.021111,2601,35840,0.004451,19763,205820,0.025562,8051741
1,2021-01-15,25363,266592,9512,154398,15851,112194,0,0,23388,191462,0.023779,1971,37811,0.004696,23453,229273,0.028475,8051741
1,2021-01-16,14126,280718,4517,158915,9609,121803,0,0,13379,204003,0.025337,840,38651,0.0048,13381,242654,0.030137,8051741
1,2021-01-17,5950,286668,1932,160847,4018,125821,0,0,5755,209393,0.026006,370,39021,0.004846,5760,248414,0.030852,8051741
1,2021-01-18,14806,301474,8972,169819,5834,131655,0,0,11484,217617,0.027027,3321,42342,0.005259,11545,259959,0.032286,8051741
1,2021-01-19,24161,325635,12846,182665,11315,142970,0,0,19038,231589,0.028763,5110,47452,0.005893,19082,279041,0.034656,8051741
1,2021-01-20,27453,353088,13286,195951,14167,157137,0,0,22114,248413,0.030852,5318,52770,0.006554,22142,301183,0.037406,8051741
1,2021-01-21,31005,384093,14972,210923,16033,173170,0,0,28183,273806,0.034006,2884,55654,0.006912,28277,329460,0.040918,8051741
1,2021-01-22,27218,411311,10887,221810,16331,189501,0,0,25392,297345,0.036929,1873,57527,0.007145,25412,354872,0.044074,8051741
1,2021-01-23,18310,429621,8081,229891,10229,199730,0,0,16461,311954,0.038744,1863,59390,0.007376,16472,371344,0.04612,8051741
1,2021-01-24,6434,436055,4081,233972,2353,202083,0,0,5805,317123,0.039386,640,60030,0.007456,5809,377153,0.046841,8051741
1,2021-01-25,25351,461406,10146,244118,15205,217288,0,0,19887,331628,0.041187,5523,65553,0.008141,20028,397181,0.049329,8051741
1,2021-01-26,28369,489775,13316,257434,15053,232341,0,0,21824,346949,0.04309,6537,72090,0.008953,21858,419039,0.052043,8051741
1,2021-01-27,30883,520658,15329,272763,15554,247895,0,0,23113,362285,0.044995,7808,79898,0.009923,23144,442183,0.054918,8051741
1,2021-01-28,34280,554938,16246,289009,18034,265929,0,0,27821,383460,0.047624,6704,86602,0.010756,27879,470062,0.05838,8051741
1,2021-01-29,33584,588522,16438,305447,17146,283075,0,0,27522,404700,0.050262,6329,92931,0.011542,27569,497631,0.061804,8051741
1,2021-01-30,20538,609060,8600,314047,11938,295013,0,0,18562,421294,0.052323,1976,94907,0.011787,18570,516201,0.06411,8051741
1,2021-01-31,8370,617430,5152,319199,3218,298231,0,0,7941,428500,0.053218,737,95644,0.011879,7943,524144,0.065097,8051741
1,2021-02-01,27880,645310,12061,331260,15819,314050,0,0,20817,442068,0.054903,7253,102897,0.012779,20821,544965,0.067683,8051741
1,2021-02-02,31378,676688,11337,342597,20041,334091,0,0,23654,458005,0.056883,7748,110645,0.013742,23685,568650,0.070624,8051741
1,2021-02-03,38862,715550,14705,357302,24157,358248,0,0,28269,475685,0.059079,10618,121263,0.01506,28298,596948,0.074139,8051741
1,2021-02-04,43942,759492,17003,374305,26939,385187,0,0,32094,495875,0.061586,11949,133212,0.016544,32139,629087,0.078131,8051741
1,2021-02-05,46523,806015,17271,391576,29252,414439,0,0,30815,510963,0.06346,15771,148983,0.018503,30859,659946,0.081963,8051741
1,2021-02-06,26168,832183,10495,402071,15673,430112,0,0,20389,525626,0.065281,5740,154723,0.019216,20403,680349,0.084497,8051741
1,2021-02-07,6025,838208,3837,405908,2188,432300,0,0,4493,528614,0.065652,1522,156245,0.019405,4510,684859,0.085057,8051741
1,2021-02-08,30900,869108,14035,419943,16865,449165,0,0,20577,538873,0.066926,10395,166640,0.020696,20654,705513,0.087622,8051741
1,2021-02-09,37774,906882,16351,436294,21423,470588,0,0,22975,547065,0.067944,14853,181493,0.022541,23045,728558,0.090485,8051741
1,2021-02-10,46223,953105,21688,457982,24535,495123,0,0,26925,554630,0.068883,19432,200925,0.024954,26997,755555,0.093837,8051741
1,2021-02-11,51152,1004257,25506,483488,25646,520769,0,0,30667,564574,0.070118,20815,221740,0.027539,30759,786314,0.097658,8051741
1,2021-02-12,49308,1053565,21026,504514,28282,549051,0,0,28671,572695,0.071127,20676,242416,0.030107,28797,815111,0.101234,8051741
1,2021-02-13,26590,1080155,11009,515523,15581,564632,0,0,15217,576672,0.071621,11316,253732,0.031513,15293,830404,0.103133,8051741
1,2021-02-14,12168,1092323,5297,520820,6871,571503,0,0,6488,577616,0.071738,5655,259387,0.032215,6599,837003,0.103953,8051741
1,2021-02-15,23409,1115732,9180,530000,14229,585732,0,0,14232,582819,0.072384,9191,268578,0.033357,14394,851397,0.105741,8051741
1,2021-02-16,45309,1161041,21619,551619,23690,609422,0,0,27232,592018,0.073527,18220,286798,0.035619,27419,878816,0.109146,8051741
1,2021-02-17,47218,1208259,24055,575674,23163,632585,0,0,26319,597618,0.074222,20932,307730,0.038219,26532,905348,0.112441,8051741
1,2021-02-18,49883,1258142,24825,600499,25058,657643,0,0,26407,600806,0.074618,23518,331248,0.04114,26706,932054,0.115758,8051741
1,2021-02-19,45204,1303346,24441,624940,20763,678406,0,0,26635,608894,0.075623,18610,349858,0.043451,26698,958752,0.119074,8051741
1,2021-02-20,25531,1328877,15525,640465,10006,688412,0,0,14951,613091,0.076144,10831,360689,0.044796,15028,973780,0.12094,8051741
1,2021-02-21,9404,1338281,8326,648791,1078,689490,0,0,5878,615405,0.076431,3711,364400,0.045257,6025,979805,0.121689,8051741
1,2021-02-22,30448,1368729,20660,669451,9788,699278,0,0,19101,622918,0.077364,11775,376175,0.04672,19288,999093,0.124084,8051741
1,2021-02-23,42796,1411525,20554,690005,22242,721520,0,0,24328,629165,0.07814,18477,394652,0.049014,24724,1023817,0.127155,8051741
1,2021-02-24,54234,1465759,26962,716967,27272,748792,0,0,32350,639839,0.079466,22170,416822,0.051768,32844,1056661,0.131234,8051741
1,2021-02-25,64878,1530637,31753,748720,33125,781917,0,0,41274,657827,0.0817,23827,440649,0.054727,41815,1098476,0.136427,8051741
1,2021-02-26,72326,1602963,33730,782450,38596,820513,0,0,48893,683321,0.084866,23862,464511,0.057691,49356,1147832,0.142557,8051741
1,2021-02-27,48367,1651330,20778,803228,27584,848097,5,5,31975,698769,0.086785,16802,481313,0.059778,32250,1180082,0.146562,8051741
1,2021-02-28,18702,1670032,10871,814099,7831,855928,0,5,13711,707299,0.087844,5414,486727,0.06045,13944,1194026,0.148294,8051741
1,2021-03-01,42980,1713012,19292,833391,23682,879610,6,11,28305,720790,0.08952,15109,501836,0.062326,28600,1222626,0.151846,8051741
1,2021-03-02,57316,1770328,23358,856749,33955,913565,3,14,37033,738043,0.091663,20544,522380,0.064878,37797,1260423,0.15654,8051741
1,2021-03-03,69099,1839427,33353,890102,35732,949297,14,28,42186,754306,0.093682,26711,549091,0.068195,42974,1303397,0.161878,8051741
1,2021-03-04,75926,1915353,35198,925300,40697,989994,31,59,49207,777512,0.096564,26582,575673,0.071497,49788,1353185,0.168061,8051741
1,2021-03-05,74353,1989706,32844,958144,41310,1031304,199,258,50142,804697,0.099941,23981,599654,0.074475,51166,1404351,0.174416,8051741
1,2021-03-06,55793,2045499,27246,985390,27216,1058520,1331,1589,38829,828466,0.102893,16971,616625,0.076583,40740,1445091,0.179476,8051741
1,2021-03-07,19155,2064654,12224,997614,6140,1064660,791,2380,14401,839222,0.104229,4736,621361,0.077171,15492,1460583,0.1814,8051741
1,2021-03-08,42209,2106863,20250,1017864,20111,1084771,1848,4228,29406,858161,0.106581,12646,634007,0.078742,31585,1492168,0.185322,8051741
1,2021-03-09,58963,2165826,25752,1043616,30786,1115557,2425,6653,35948,874287,0.108584,22923,656930,0.081589,39049,1531217,0.190172,8051741
1,2021-03-10,70845,2236671,35115,1078731,31627,1147184,4103,10756,44696,897599,0.111479,26028,682958,0.084821,49340,1580557,0.1963,8051741
1,2021-03-11,86357,2323028,40092,1118823,38910,1186094,7355,18111,51656,922715,0.114598,34483,717441,0.089104,59599,1640156,0.203702,8051741
1,2021-03-12,95822,2418850,41762,1160585,41120,1227214,12940,31051,54994,950422,0.118039,40707,758148,0.09416,68414,1708570,0.212199,8051741
1,2021-03-13,63170,2482020,28967,1189552,26617,1253831,7586,38637,40535,976365,0.121261,22540,780688,0.096959,48483,1757053,0.21822,8051741
1,2021-03-14,26759,2508779,14278,1203830,8893,1262724,3588,42225,15801,985004,0.122334,10960,791648,0.09832,19599,1776652,0.220654,8051741
1,2021-03-15,65311,2574090,29634,1233464,28978,1291702,6699,48924,37915,1002919,0.124559,27136,818784,0.10169,45051,1821703,0.22625,8051741
1,2021-03-16,85364,2659454,39309,1272773,40596,1332298,5459,54383,53773,1031222,0.128074,31446,850230,0.105596,59749,1881452,0.23367,8051741
1,2021-03-17,93168,2752622,45886,1318659,40889,1373187,6393,60776,59329,1063737,0.132113,33719,883949,0.109784,66234,1947686,0.241896,8051741
1,2021-03-18,95228,2847850,49704,1368363,39828,1413015,5696,66472,57993,1091260,0.135531,36963,920912,0.114374,64486,2012172,0.249905,8051741
1,2021-03-19,102774,2950624,53396,1421759,42985,1456000,6393,72865,61228,1118192,0.138876,41280,962192,0.119501,68212,2080384,0.258377,8051741
1,2021-03-20,68538,3019162,35864,1457623,27731,1483731,4943,77808,45171,1145386,0.142253,23258,985450,0.12239,50452,2130836,0.264643,8051741
1,2021-03-21,26046,3045208,18055,1475678,6255,1489986,1736,79544,16802,1155025,0.14345,9152,994602,0.123526,18791,2149627,0.266977,8051741
1,2021-03-22,57418,3102626,30305,1505983,24203,1514189,2910,82454,39543,1180168,0.146573,17731,1012333,0.125728,42874,2192501,0.272301,8051741
1,2021-03-23,81860,3184486,41893,1547876,36659,1550848,3308,85762,54037,1210491,0.150339,27665,1039998,0.129164,57988,2250489,0.279503,8051741
1,2021-03-24,87294,3271780,45123,1592999,38046,1588894,4125,89887,52852,1233634,0.153213,34270,1074268,0.133421,57413,2307902,0.286634,8051741
1,2021-03-25,93009,3364789,48139,1641138,39492,1628386,5378,95265,53807,1254179,0.155765,38970,1113238,0.138261,59515,2367417,0.294025,8051741
1,2021-03-26,102506,3467295,49584,1690722,46810,1675196,6112,101377,57651,1273743,0.158195,44615,1157853,0.143802,64179,2431596,0.301996,8051741
1,2021-03-27,71485,3538780,37835,1728557,30029,1705225,3621,104998,37046,1280348,0.159015,34271,1192124,0.148058,40876,2472472,0.307073,8051741
1,2021-03-28,31449,3570229,20591,1749148,9636,1714861,1222,106220,17001,1284522,0.159533,14380,1206504,0.149844,18554,2491026,0.309377,8051741
1,2021-03-29,63813,3634042,32351,1781499,28907,1743768,2555,108775,36852,1297424,0.161136,26838,1233342,0.153177,39740,2530766,0.314313,8051741
1,2021-03-30,89301,3723343,44443,1825942,39358,1783126,5500,114275,51854,1317569,0.163638,37435,1270777,0.157826,57580,2588346,0.321464,8051741
1,2021-03-31,98334,3821677,52476,1878418,40173,1823299,5685,119960,56461,1338181,0.166198,41659,1312436,0.163,62271,2650617,0.329198,8051741
1,2021-04-01,107038,3928715,51933,1930351,47217,1870516,7888,127848,56105,1351637,0.167869,50720,1363156,0.1693,64176,2714793,0.337168,8051741
1,2021-04-02,106388,4035103,48337,1978688,49028,1919544,9023,136871,54824,1364547,0.169472,51222,1414378,0.175661,64132,2778925,0.345133,8051741
1,2021-04-03,75831,4110934,38956,2017644,27855,1947399,9020,145891,36508,1371049,0.17028,39194,1453572,0.180529,45696,2824621,0.350809,8051741
1,2021-04-04,22729,4133663,11601,2029245,8062,1955461,3066,148957,9976,1371397,0.170323,12718,1466290,0.182108,13066,2837687,0.352431,8051741
1,2021-04-05,72691,4206354,35970,2065215,27918,1983379,8803,157760,35043,1378006,0.171144,37530,1503820,0.18677,44139,2881826,0.357913,8051741
1,2021-04-06,103158,4309512,50084,2115299,36859,2020238,16215,173975,47859,1387212,0.172287,55109,1558929,0.193614,64315,2946141,0.365901,8051741
1,2021-04-07,111220,4420732,54515,2169814,38920,2059158,17785,191760,51494,1397289,0.173539,59508,1618437,0.201005,69585,3015726,0.374543,8051741
1,2021-04-08,119211,4539943,57401,2227215,40898,2100056,20912,212672,54408,1408196,0.174893,64591,1683028,0.209027,75498,3091224,0.38392,8051741
1,2021-04-09,112633,4652576,50707,2277922,42698,2142754,19228,231900,50530,1416323,0.175903,61849,1744877,0.216708,69976,3161200,0.392611,8051741
1,2021-04-10,93356,4745932,41733,2319655,27817,2170571,23806,255706,36602,1420238,0.176389,56600,1801477,0.223738,60515,3221715,0.400127,8051741
1,2021-04-11,35643,4781575,19382,2339037,8917,2179488,7344,263050,14546,1421359,0.176528,21039,1822516,0.226351,22160,3243875,0.402879,8051741
1,2021-04-12,69505,4851080,31099,2370136,28468,2207956,9938,272988,30127,1422413,0.176659,39188,1861704,0.231218,40242,3284117,0.407877,8051741
1,2021-04-13,91666,4942746,48867,2419003,42509,2250465,290,273278,50104,1431825,0.177828,41447,1903151,0.236365,50859,3334976,0.414193,8051741
1,2021-04-14,89087,5031833,45644,2464647,43391,2293856,52,273330,45584,1434760,0.178193,43281,1946432,0.241741,46216,3381192,0.419933,8051741
1,2021-04-15,85457,5117290,46657,2511304,38744,2332600,56,273386,45953,1442169,0.179113,39133,1985565,0.246601,46542,3427734,0.425713,8051741
1,2021-04-16,92722,5210012,46504,2557808,46151,2378751,67,273453,46477,1442994,0.179215,46014,2031579,0.252315,46839,3474573,0.431531,8051741
1,2021-04-17,67303,5277315,37494,2595302,29806,2408557,3,273456,37637,1451366,0.180255,29539,2061118,0.255984,37911,3512484,0.436239,8051741
1,2021-04-18,19199,5296514,14067,2609369,5125,2413682,7,273463,10694,1453684,0.180543,8468,2069586,0.257036,10786,3523270,0.437579,8051741
2,2020-12-15,227,227,227,227,0,0,0,0,233,233,3e-05,0,0,0.0,233,233,3e-05,7897587
2,2020-12-16,1904,2131,1904,2131,0,0,0,0,1913,2146,0.000272,0,0,0.0,1913,2146,0.000272,7897587
2,2020-12-17,6600,8731,6600,8731,0,0,0,0,6646,8792,0.001113,0,0,0.0,6646,8792,0.001113,7897587
2,2020-12-18,10792,19523,10771,19502,21,21,0,0,10851,19643,0.002487,0,0,0.0,10851,19643,0.002487,7897587
2,2020-12-19,5553,25076,5548,25050,5,26,0,0,5555,25198,0.003191,0,0,0.0,5555,25198,0.003191,7897587
2,2020-12-20,4234,29310,4227,29277,7,33,0,0,4230,29428,0.003726,0,0,0.0,4230,29428,0.003726,7897587
2,2020-12-21,12443,41753,12405,41682,38,71,0,0,12434,41862,0.005301,0,0,0.0,12434,41862,0.005301,7897587
2,2020-12-22,11764,53517,11314,52996,450,521,0,0,11767,53629,0.006791,0,0,0.0,11767,53629,0.006791,7897587
2,2020-12-23,11505,65022,9344,62340,2161,2682,0,0,11514,65143,0.008248,0,0,0.0,11514,65143,0.008248,7897587
2,2020-12-24,5768,70790,3414,65754,2354,5036,0,0,5767,70910,0.008979,0,0,0.0,5767,70910,0.008979,7897587
2,2020-12-25,477,71267,401,66155,76,5112,0,0,478,71388,0.009039,0,0,0.0,478,71388,0.009039,7897587
2,2020-12-26,2529,73796,1663,67818,866,5978,0,0,2532,73920,0.00936,0,0,0.0,2532,73920,0.00936,7897587
2,2020-12-27,2204,76000,1193,69011,1011,6989,0,0,2203,76122,0.009639,1,1,0.0,2203,76123,0.009639,7897587
2,2020-12-28,10613,86613,6915,75926,3698,10687,0,0,10614,86735,0.010982,1,2,0.0,10614,86737,0.010983,7897587
2,2020-12-29,12635,99248,7162,83088,5473,16160,0,0,12640,99375,0.012583,0,2,0.0,12640,99377,0.012583,7897587
2,2020-12-30,15404,114652,8756,91844,6648,22808,0,0,15464,114839,0.014541,0,2,0.0,15464,114841,0.014541,7897587
2,2020-12-31,7417,122069,2804,94648,4613,27421,0,0,7505,122343,0.015491,1,3,0.0,7505,122346,0.015492,7897587
2,2021-01-01,1063,123132,513,95161,550,27971,0,0,1066,123408,0.015626,1,4,1e-06,1066,123412,0.015627,7897587
2,2021-01-02,4839,127971,2798,97959,2041,30012,0,0,4836,128244,0.016238,0,4,1e-06,4836,128248,0.016239,7897587
2,2021-01-03,1406,129377,779,98738,627,30639,0,0,1385,129626,0.016413,3,7,1e-06,1385,129633,0.016414,7897587
2,2021-01-04,11584,140961,5485,104223,6099,36738,0,0,11571,141192,0.017878,5,12,2e-06,11571,141204,0.017879,7897587
2,2021-01-05,13465,154426,6806,111029,6659,43397,0,0,12353,152421,0.0193,1133,1145,0.000145,12362,153566,0.019445,7897587
2,2021-01-06,18509,172935,10260,121289,8249,51646,0,0,14869,163631,0.020719,3665,4810,0.000609,14875,168441,0.021328,7897587
2,2021-01-07,22524,195459,12593,133882,9931,61577,0,0,15319,171684,0.021739,7278,12088,0.001531,15331,183772,0.023269,7897587
2,2021-01-08,25756,221215,15816,149698,9940,71517,0,0,15842,177661,0.022496,9880,21968,0.002782,15857,199629,0.025277,7897587
2,2021-01-09,9363,230578,5389,155087,3974,75491,0,0,6109,180475,0.022852,3299,25267,0.003199,6113,205742,0.026051,7897587
2,2021-01-10,5239,235817,2905,157992,2334,77825,0,0,3035,181284,0.022954,2230,27497,0.003482,3039,208781,0.026436,7897587
2,2021-01-11,25430,261247,17470,175462,7960,85785,0,0,14980,185655,0.023508,10626,38123,0.004827,14997,223778,0.028335,7897587
2,2021-01-12,25324,286571,15840,191302,9484,95269,0,0,16139,192548,0.024381,9282,47405,0.006002,16175,239953,0.030383,7897587
2,2021-01-13,27530,314101,14585,205887,12945,108214,0,0,19819,204613,0.025908,7772,55177,0.006987,19837,259790,0.032895,7897587
2,2021-01-14,28956,343057,11244,217131,17712,125926,0,0,24934,225486,0.028551,4076,59253,0.007503,24949,284739,0.036054,7897587
2,2021-01-15,33918,376975,12525,229656,21393,147319,0,0,30797,253144,0.032053,3166,62419,0.007904,30824,315563,0.039957,7897587
2,2021-01-16,17307,394282,5559,235215,11748,159067,0,0,16075,267897,0.033921,1332,63751,0.008072,16085,331648,0.041994,7897587
2,2021-01-17,9951,404233,3508,238723,6443,165510,0,0,9274,276460,0.035006,717,64468,0.008163,9280,340928,0.043169,7897587
2,2021-01-18,18759,422992,10561,249284,8198,173708,0,0,14247,286140,0.036231,4589,69057,0.008744,14269,355197,0.044975,7897587
2,2021-01-19,31393,454385,16582,265866,14811,188519,0,0,23607,301997,0.038239,7860,76917,0.009739,23717,378914,0.047978,7897587
2,2021-01-20,36200,490585,18020,283886,18180,206699,0,0,27667,321176,0.040668,8574,85491,0.010825,27753,406667,0.051493,7897587
2,2021-01-21,39036,529621,16118,300004,22918,229617,0,0,34568,351395,0.044494,4474,89965,0.011391,34693,441360,0.055885,7897587
2,2021-01-22,38725,568346,16219,316223,22506,252123,0,0,35477,383647,0.048578,3256,93221,0.011804,35508,476868,0.060381,7897587
2,2021-01-23,23818,592164,10764,326987,13054,265177,0,0,20908,401695,0.050863,2888,96109,0.012169,20936,497804,0.063032,7897587
2,2021-01-24,12231,604395,6032,333019,6199,271376,0,0,11336,412155,0.052187,886,96995,0.012282,11346,509150,0.064469,7897587
2,2021-01-25,31936,636331,15441,348460,16495,287871,0,0,23491,427249,0.054099,8457,105452,0.013352,23551,532701,0.067451,7897587
2,2021-01-26,38993,675324,19536,367996,19457,307328,0,0,30295,448897,0.05684,8710,114162,0.014455,30358,563059,0.071295,7897587
2,2021-01-27,44007,719331,22498,390494,21509,328837,0,0,34388,473795,0.059992,9542,123704,0.015664,34440,597499,0.075656,7897587
2,2021-01-28,46767,766098,21947,412441,24820,353657,0,0,38463,503982,0.063815,8326,132030,0.016718,38513,636012,0.080532,7897587
2,2021-01-29,44130,810228,21669,434110,22461,376118,0,0,35819,531508,0.0673,8323,140353,0.017772,35849,671861,0.085072,7897587
2,2021-01-30,30669,840897,13430,447540,17239,393357,0,0,27521,555936,0.070393,3123,143476,0.018167,27551,699412,0.08856,7897587
2,2021-01-31,16780,857677,10433,457973,6347,399704,0,0,15591,570366,0.07222,1179,144655,0.018316,15609,715021,0.090537,7897587
2,2021-02-01,39450,897127,19189,477162,20261,419965,0,0,29140,589162,0.0746,10375,155030,0.01963,29171,744192,0.09423,7897587
2,2021-02-02,47187,944314,19826,496988,27361,447326,0,0,35998,614002,0.077746,11252,166282,0.021055,36092,780284,0.0988,7897587
2,2021-02-03,52807,997121,23739,520727,29068,476394,0,0,39504,640183,0.081061,13399,179681,0.022751,39580,819864,0.103812,7897587
2,2021-02-04,54876,1051997,24002,544729,30874,507268,0,0,40338,665978,0.084327,14631,194312,0.024604,40426,860290,0.108931,7897587
2,2021-02-05,58176,1110173,25694,570423,32482,539750,0,0,39836,687592,0.087064,18406,212718,0.026935,40020,900310,0.113998,7897587
2,2021-02-06,38997,1149170,18098,588521,20899,560649,0,0,31537,711801,0.090129,7406,220124,0.027872,31615,931925,0.118001,7897587
2,2021-02-07,15766,1164936,10537,599058,5229,565878,0,0,11930,719972,0.091164,3822,223946,0.028356,11993,943918,0.11952,7897587
2,2021-02-08,41970,1206906,21443,620501,20527,586405,0,0,29194,736562,0.093264,12791,236737,0.029976,29381,973299,0.12324,7897587
2,2021-02-09,47877,1254783,22814,643315,25063,611468,0,0,30323,749519,0.094905,17676,254413,0.032214,30633,1003932,0.127119,7897587
2,2021-02-10,58696,1313479,27731,671046,30965,642433,0,0,34942,760970,0.096355,23833,278246,0.035232,35284,1039216,0.131587,7897587
2,2021-02-11,60355,1373834,27393,698439,32962,675395,0,0,35071,771237,0.097655,25276,303522,0.038432,35543,1074759,0.136087,7897587
2,2021-02-12,63109,1436943,27583,726022,35526,710921,0,0,34287,777230,0.098414,28934,332456,0.042096,34927,1109686,0.140509,7897587
2,2021-02-13,36672,1473615,15411,741433,21261,732182,0,0,21501,783745,0.099239,15360,347816,0.044041,21875,1131561,0.143279,7897587
2,2021-02-14,19162,1492777,9149,750582,10013,742195,0,0,11311,787410,0.099703,8069,355885,0.045062,11734,1143295,0.144765,7897587
2,2021-02-15,31932,1524709,14461,765043,17471,759666,0,0,18162,792701,0.100373,13709,369594,0.046798,19000,1162295,0.147171,7897587
2,2021-02-16,55060,1579769,27510,792553,27550,787216,0,0,29334,797242,0.100948,25674,395268,0.050049,30215,1192510,0.150997,7897587
2,2021-02-17,59826,1639595,30964,823517,28862,816078,0,0,29767,797978,0.101041,30188,425456,0.053872,30924,1223434,0.154912,7897587
2,2021-02-18,63695,1703290,32508,856025,31187,847265,0,0,31302,798236,0.101073,32555,458011,0.057994,32813,1256247,0.159067,7897587
2,2021-02-19,56703,1759993,31826,887851,24877,872142,0,0,28163,798362,0.101089,28737,486748,0.061632,28863,1285110,0.162722,7897587
2,2021-02-20,36415,1796408,23690,911541,12725,884867,0,0,20037,802849,0.101658,16556,503304,0.063729,21043,1306153,0.165386,7897587
2,2021-02-21,17373,1813781,13922,925463,3451,888318,0,0,8731,804209,0.10183,8791,512095,0.064842,10151,1316304,0.166672,7897587
2,2021-02-22,35242,1849023,24157,949620,11085,899403,0,0,16491,803162,0.101697,18811,530906,0.067224,17764,1334068,0.168921,7897587
2,2021-02-23,48081,1897104,25037,974657,23044,922447,0,0,21308,800014,0.101299,27228,558134,0.070671,24080,1358148,0.17197,7897587
2,2021-02-24,64960,1962064,33013,1007670,31947,954394,0,0,29456,797164,0.100938,35674,593808,0.075189,32824,1390972,0.176126,7897587
2,2021-02-25,70566,2032630,32508,1040178,38058,992452,0,0,35845,801595,0.101499,35076,628884,0.07963,39507,1430479,0.181129,7897587
2,2021-02-26,78558,2111188,33870,1074048,44688,1037140,0,0,42548,810226,0.102592,36195,665079,0.084213,44826,1475305,0.186805,7897587
2,2021-02-27,57010,2168198,26200,1100248,30806,1067946,4,4,31642,817493,0.103512,25876,690955,0.087489,33143,1508448,0.191001,7897587
2,2021-02-28,27653,2195851,17012,1117260,10640,1078586,1,5,16593,824203,0.104361,11505,702460,0.088946,18215,1526663,0.193308,7897587
2,2021-03-01,53407,2249258,27954,1145214,25441,1104027,12,17,29740,831832,0.105327,24014,726474,0.091987,31643,1558306,0.197314,7897587
2,2021-03-02,60652,2309910,28176,1173390,32473,1136500,3,20,34820,843453,0.106799,26289,752763,0.095316,37910,1596216,0.202114,7897587
2,2021-03-03,75302,2385212,35554,1208944,39746,1176246,2,22,41854,855069,0.10827,33431,786194,0.099549,45047,1641263,0.207818,7897587
2,2021-03-04,80577,2465789,38289,1247233,42266,1218512,22,44,46975,871272,0.110321,33605,819799,0.103804,49808,1691071,0.214125,7897587
2,2021-03-05,75478,2541267,35594,1282827,39594,1258106,290,334,45865,890601,0.112769,29552,849351,0.107546,48881,1739952,0.220314,7897587
2,2021-03-06,58187,2599454,28369,1311196,28168,1286274,1650,1984,35397,906785,0.114818,22726,872077,0.110423,38910,1778862,0.225241,7897587
2,2021-03-07,26800,2626254,15480,1326676,10389,1296663,931,2915,17113,916735,0.116078,9668,881745,0.111647,19618,1798480,0.227725,7897587
2,2021-03-08,47520,2673774,21595,1348271,23529,1320192,2396,5311,30304,933824,0.118242,17252,898997,0.113832,34341,1832821,0.232074,7897587
2,2021-03-09,61432,2735206,24792,1373063,32926,1353118,3714,9025,32703,943614,0.119481,28645,927642,0.117459,38435,1871256,0.23694,7897587
2,2021-03-10,72218,2807424,32942,1406005,33219,1386337,6057,15082,38222,955887,0.121035,33899,961541,0.121751,46172,1917428,0.242787,7897587
2,2021-03-11,88658,2896082,40049,1446054,40917,1427254,7692,22774,47010,971115,0.122964,41492,1003033,0.127005,56720,1974148,0.249969,7897587
2,2021-03-12,89349,2985431,36386,1482440,41890,1469144,11073,33847,45438,985274,0.124756,43754,1046787,0.132545,57913,2032061,0.257302,7897587
2,2021-03-13,66363,3051794,27363,1509803,31193,1500337,7807,41654,36588,1001209,0.126774,29779,1076566,0.136316,45714,2077775,0.26309,7897587
2,2021-03-14,35378,3087172,17717,1527520,13311,1513648,4350,46004,18832,1008739,0.127727,16440,1093006,0.138397,23970,2101745,0.266125,7897587
2,2021-03-15,64358,3151530,28079,1555599,31498,1545146,4781,50785,36336,1023443,0.129589,27990,1120996,0.141942,42694,2144439,0.271531,7897587
2,2021-03-16,83795,3235325,36334,1591933,43531,1588677,3930,54715,51519,1048609,0.132776,32170,1153166,0.146015,57336,2201775,0.278791,7897587
2,2021-03-17,87809,3323134,41621,1633554,42323,1631000,3865,58580,56841,1079774,0.136722,30817,1183983,0.149917,61982,2263757,0.286639,7897587
2,2021-03-18,93378,3416512,43570,1677124,45533,1676533,4275,62855,58328,1109117,0.140437,34911,1218894,0.154338,64254,2328011,0.294775,7897587
2,2021-03-19,92711,3509223,43599,1720723,43349,1719882,5763,68618,56415,1136057,0.143849,36139,1255033,0.158913,63079,2391090,0.302762,7897587
2,2021-03-20,68287,3577510,32224,1752947,32213,1752095,3850,72468,45902,1164187,0.14741,22281,1277314,0.161735,50411,2441501,0.309145,7897587
2,2021-03-21,32710,3610220,21032,1773979,9704,1761799,1974,74442,20994,1176615,0.148984,11751,1289065,0.163223,24179,2465680,0.312207,7897587
2,2021-03-22,61300,3671520,33312,1807291,24942,1786741,3046,77488,41268,1202405,0.15225,19917,1308982,0.165745,45707,2511387,0.317994,7897587
2,2021-03-23,80615,3752135,42389,1849680,35249,1821990,2977,80465,53422,1233333,0.156166,27011,1335993,0.169165,57939,2569326,0.325331,7897587
2,2021-03-24,87519,3839654,46462,1896142,37720,1859710,3337,83802,53288,1257721,0.159254,34039,1370032,0.173475,58427,2627753,0.332729,7897587
2,2021-03-25,97410,3937064,48109,1944251,45616,1905326,3685,87487,56963,1279434,0.162003,40241,1410273,0.17857,61954,2689707,0.340573,7897587
2,2021-03-26,97828,4034892,48084,1992335,46374,1951700,3370,90857,55380,1297625,0.164307,42165,1452438,0.183909,60356,2750063,0.348216,7897587
2,2021-03-27,72177,4107069,35340,2027675,33648,1985348,3189,94046,37738,1305169,0.165262,34264,1486702,0.188248,41808,2791871,0.353509,7897587
2,2021-03-28,36512,4143581,22175,2049850,13561,1998909,776,94822,20642,1311532,0.166067,15794,1502496,0.190247,22157,2814028,0.356315,7897587
2,2021-03-29,68484,4212065,34902,2084752,31326,2030235,2256,97078,40375,1327659,0.168109,27985,1530481,0.193791,44112,2858140,0.3619,7897587
2,2021-03-30,88185,4300250,42516,2127268,41703,2071938,3966,101044,54721,1354031,0.171449,33341,1563822,0.198013,59713,2917853,0.369461,7897587
2,2021-03-31,97105,4397355,49154,2176422,43147,2115085,4804,105848,58320,1378930,0.174601,38624,1602446,0.202903,63523,2981376,0.377505,7897587
2,2021-04-01,112106,4509461,53019,2229441,50571,2165656,8516,114364,62580,1401583,0.17747,49331,1651777,0.20915,71984,3053360,0.386619,7897587
2,2021-04-02,105693,4615154,49085,2278526,47191,2212847,9417,123781,58513,1423081,0.180192,46968,1698745,0.215097,68466,3121826,0.395289,7897587
2,2021-04-03,73250,4688404,34819,2313345,28991,2241838,9440,133221,37159,1434289,0.181611,35972,1734717,0.219652,47180,3169006,0.401263,7897587
2,2021-04-04,28562,4716966,14194,2327539,10660,2252498,3708,136929,13145,1435854,0.181809,15373,1750090,0.221598,16938,3185944,0.403407,7897587
2,2021-04-05,76708,4793674,37470,2365009,30807,2283305,8431,145360,38081,1444772,0.182938,38534,1788624,0.226477,47452,3233396,0.409416,7897587
2,2021-04-06,100069,4893743,48528,2413537,37395,2320700,14146,159506,48593,1457086,0.184498,51287,1839911,0.232971,63601,3296997,0.417469,7897587
2,2021-04-07,105981,4999724,52804,2466341,37910,2358610,15267,174773,51370,1470305,0.186171,54474,1894385,0.239869,67693,3364690,0.42604,7897587
2,2021-04-08,114173,5113897,55191,2521532,41508,2400118,17474,192247,53827,1482378,0.1877,60162,1954547,0.247487,72235,3436925,0.435187,7897587
2,2021-04-09,108231,5222128,51404,2572936,40787,2440905,16040,208287,51853,1495434,0.189353,56171,2010718,0.254599,69227,3506152,0.443952,7897587
2,2021-04-10,81724,5303852,35573,2608509,29630,2470535,16521,224808,34269,1500046,0.189937,47307,2058025,0.260589,51919,3558071,0.450526,7897587
2,2021-04-11,42603,5346455,22195,2630704,12440,2482975,7968,232776,17912,1502175,0.190207,24611,2082636,0.263705,26740,3584811,0.453912,7897587
2,2021-04-12,74327,5420782,33790,2664494,32220,2515195,8317,241093,33932,1505036,0.190569,40206,2122842,0.268796,43067,3627878,0.459365,7897587
2,2021-04-13,95423,5516205,48836,2713330,46361,2561556,226,241319,52117,1515640,0.191912,43126,2165968,0.274257,53730,3681608,0.466169,7897587
2,2021-04-14,93867,5610072,48252,2761582,45583,2607139,32,241351,48238,1520622,0.192543,45465,2211433,0.280014,50447,3732055,0.472556,7897587
2,2021-04-15,95296,5705368,50860,2812442,44390,2651529,46,241397,49833,1527119,0.193365,45257,2256690,0.285744,51754,3783809,0.47911,7897587
2,2021-04-16,96942,5802310,49874,2862316,47020,2698549,48,241445,49857,1531299,0.193895,46849,2303539,0.291676,51029,3834838,0.485571,7897587
2,2021-04-17,69796,5872106,35259,2897575,34536,2733085,1,241446,38059,1538985,0.194868,31618,2335157,0.29568,39304,3874142,0.490548,7897587
2,2021-04-18,19429,5891535,11483,2909058,7945,2741030,1,241447,11256,1542382,0.195298,8141,2343298,0.296711,11538,3885680,0.492009,7897587
3,2020-12-15,299,299,299,299,0,0,0,0,299,299,3.9e-05,0,0,0.0,299,299,3.9e-05,7688185
3,2020-12-16,2104,2403,2104,2403,0,0,0,0,2104,2403,0.000313,0,0,0.0,2104,2403,0.000313,7688185
3,2020-12-17,7472,9875,7472,9875,0,0,0,0,7471,9874,0.001284,0,0,0.0,7471,9874,0.001284,7688185
3,2020-12-18,12651,22526,12641,22516,10,10,0,0,12651,22525,0.00293,0,0,0.0,12651,22525,0.00293,7688185
3,2020-12-19,6931,29457,6920,29436,11,21,0,0,6995,29520,0.00384,0,0,0.0,6995,29520,0.00384,7688185
3,2020-12-20,5432,34889,5425,34861,7,28,0,0,5480,34999,0.004552,1,1,0.0,5480,35000,0.004552,7688185
3,2020-12-21,14010,48899,13999,48860,11,39,0,0,14075,49073,0.006383,1,2,0.0,14075,49075,0.006383,7688185
3,2020-12-22,14211,63110,13680,62540,531,570,0,0,14250,63323,0.008236,0,2,0.0,14250,63325,0.008237,7688185
3,2020-12-23,14347,77457,11793,74333,2554,3124,0,0,14375,77698,0.010106,0,2,0.0,14375,77700,0.010106,7688185
3,2020-12-24,6717,84174,4817,79150,1900,5024,0,0,6715,84412,0.010979,1,3,0.0,6715,84415,0.01098,7688185
3,2020-12-25,716,84890,662,79812,54,5078,0,0,715,85127,0.011072,0,3,0.0,715,85130,0.011073,7688185
3,2020-12-26,4572,89462,2981,82793,1591,6669,0,0,4570,89697,0.011667,0,3,0.0,4570,89700,0.011667,7688185
3,2020-12-27,2943,92405,1828,84621,1115,7784,0,0,2944,92641,0.01205,0,3,0.0,2944,92644,0.01205,7688185
3,2020-12-28,13254,105659,8477,93098,4777,12561,0,0,13281,105921,0.013777,1,4,1e-06,13281,105925,0.013778,7688185
3,2020-12-29,14701,120360,8294,101392,6407,18968,0,0,14732,120652,0.015693,1,5,1e-06,14732,120657,0.015694,7688185
3,2020-12-30,17712,138072,9922,111314,7790,26758,0,0,17702,138354,0.017996,0,5,1e-06,17702,138359,0.017996,7688185
3,2020-12-31,8012,146084,3017,114331,4995,31753,0,0,8011,146364,0.019038,1,6,1e-06,8011,146370,0.019038,7688185
3,2021-01-01,1103,147187,493,114824,610,32363,0,0,1100,147464,0.019181,0,6,1e-06,1100,147470,0.019181,7688185
3,2021-01-02,4892,152079,2406,117230,2486,34849,0,0,4893,152357,0.019817,0,6,1e-06,4893,152363,0.019818,7688185
3,2021-01-03,1549,153628,838,118068,711,35560,0,0,1556,153909,0.020019,4,10,1e-06,1556,153919,0.02002,7688185
3,2021-01-04,11735,165363,5906,123974,5829,41389,0,0,11710,165613,0.021541,6,16,2e-06,11710,165629,0.021543,7688185
3,2021-01-05,15269,180632,7867,131841,7402,48791,0,0,13761,177884,0.023137,1494,1510,0.000196,13765,179394,0.023334,7688185
3,2021-01-06,19638,200270,10244,142085,9394,58185,0,0,15510,189312,0.024624,4087,5597,0.000728,15515,194909,0.025352,7688185
3,2021-01-07,25470,225740,14525,156610,10945,69130,0,0,16581,197042,0.025629,8864,14461,0.001881,16594,211503,0.02751,7688185
3,2021-01-08,29547,255287,18116,174726,11431,80561,0,0,17601,202738,0.02637,11924,26385,0.003432,17620,229123,0.029802,7688185
3,2021-01-09,11900,267187,6691,181417,5209,85770,0,0,7666,206181,0.026818,4228,30613,0.003982,7671,236794,0.0308,7688185
3,2021-01-10,7115,274302,4443,185860,2672,88442,0,0,3990,207052,0.026931,3123,33736,0.004388,3994,240788,0.031319,7688185
3,2021-01-11,28122,302424,18340,204200,9782,98224,0,0,15962,210874,0.027428,12153,45889,0.005969,15975,256763,0.033397,7688185
3,2021-01-12,31291,333715,18652,222852,12639,110863,0,0,19202,218066,0.028364,12074,57963,0.007539,19266,276029,0.035903,7688185
3,2021-01-13,33787,367502,17733,240585,16054,126917,0,0,23925,232066,0.030185,9941,67904,0.008832,23941,299970,0.039017,7688185
3,2021-01-14,33755,401257,13945,254530,19810,146727,0,0,28012,254371,0.033086,5734,73638,0.009578,28039,328009,0.042664,7688185
3,2021-01-15,37942,439199,14218,268748,23724,170451,0,0,33427,283343,0.036854,4508,78146,0.010164,33480,361489,0.047019,7688185
3,2021-01-16,21355,460554,7580,276328,13775,184226,0,0,19063,300149,0.03904,2278,80424,0.010461,19084,380573,0.049501,7688185
3,2021-01-17,12599,473153,4453,280781,8146,192372,0,0,11585,310737,0.040417,1014,81438,0.010593,11602,392175,0.05101,7688185
3,2021-01-18,24362,497515,12663,293444,11699,204071,0,0,18942,324274,0.042178,5440,86878,0.0113,18977,411152,0.053478,7688185
3,2021-01-19,39812,537327,20529,313973,19283,223354,0,0,30957,346475,0.045066,8832,95710,0.012449,31033,442185,0.057515,7688185
3,2021-01-20,43843,581170,21577,335550,22266,245620,0,0,34757,372247,0.048418,9052,104762,0.013626,34824,477009,0.062044,7688185
3,2021-01-21,46004,627174,19714,355264,26290,271910,0,0,40806,407976,0.053065,5132,109894,0.014294,40861,517870,0.067359,7688185
3,2021-01-22,48212,675386,19219,374483,28993,300903,0,0,44175,448162,0.058292,4053,113947,0.014821,44239,562109,0.073113,7688185
3,2021-01-23,29566,704952,12609,387092,16957,317860,0,0,26309,471264,0.061297,3246,117193,0.015243,26348,588457,0.07654,7688185
3,2021-01-24,17258,722210,8413,395505,8845,326705,0,0,16120,486273,0.063249,1134,118327,0.015391,16143,604600,0.07864,7688185
3,2021-01-25,39493,761703,17602,413107,21891,348596,0,0,29861,506588,0.065892,9619,127946,0.016642,29934,634534,0.082534,7688185
3,2021-01-26,45702,807405,21860,434967,23842,372438,0,0,35948,532889,0.069313,9750,137696,0.01791,36051,670585,0.087223,7688185
3,2021-01-27,49366,856771,23986,458953,25380,397818,0,0,39150,561973,0.073096,10134,147830,0.019228,39218,709803,0.092324,7688185
3,2021-01-28,50137,906908,23411,482364,26726,424544,0,0,41607,595169,0.077413,8452,156282,0.020328,41648,751451,0.097741,7688185
3,2021-01-29,49175,956083,23740,506104,25435,449979,0,0,39944,626064,0.081432,9093,165375,0.02151,39988,791439,0.102942,7688185
3,2021-01-30,35674,991757,17124,523228,18550,468529,0,0,31431,653140,0.084954,4427,169802,0.022086,31503,822942,0.10704,7688185
3,2021-01-31,21727,1013484,12761,535989,8966,477495,0,0,20280,671995,0.087406,1438,171240,0.022273,20293,843235,0.109679,7688185
3,2021-02-01,44092,1057576,19938,555927,24154,501649,0,0,34149,696272,0.090564,9908,181148,0.023562,34185,877420,0.114126,7688185
3,2021-02-02,52744,1110320,22311,578238,30433,532082,0,0,40365,724313,0.094211,12372,193520,0.025171,40413,917833,0.119382,7688185
3,2021-02-03,58755,1169075,26284,604522,32471,564553,0,0,43861,753459,0.098002,14776,208296,0.027093,43922,961755,0.125095,7688185
3,2021-02-04,62742,1231817,27464,631986,35278,599831,0,0,46196,783212,0.101872,16540,224836,0.029244,46293,1008048,0.131117,7688185
3,2021-02-05,68675,1300492,29299,661285,39376,639207,0,0,47750,810231,0.105387,20895,245731,0.031962,47914,1055962,0.137349,7688185
3,2021-02-06,43038,1343530,20929,682214,22109,661316,0,0,33380,834165,0.1085,9631,255362,0.033215,33565,1089527,0.141714,7688185
3,2021-02-07,19253,1362783,12154,694368,7099,668415,0,0,14811,844670,0.109866,4431,259793,0.033791,14936,1104463,0.143657,7688185
3,2021-02-08,49974,1412757,23957,718325,26017,694432,0,0,32972,860734,0.111955,17097,276890,0.036015,33161,1137624,0.14797,7688185
3,2021-02-09,56868,1469625,27782,746107,29086,723518,0,0,33354,870926,0.113281,23502,300392,0.039072,33694,1171318,0.152353,7688185
3,2021-02-10,65607,1535232,30864,776971,34743,758261,0,0,35525,876975,0.114068,29993,330385,0.042973,36042,1207360,0.157041,7688185
3,2021-02-11,68008,1603240,33484,810455,34524,792785,0,0,36726,883125,0.114868,31104,361489,0.047019,37254,1244614,0.161887,7688185
3,2021-02-12,73043,1676283,31639,842094,41404,834189,0,0,40721,892309,0.116062,32285,393774,0.051218,41469,1286083,0.16728,7688185
3,2021-02-13,43609,1719892,20023,862117,23586,857775,0,0,25335,900083,0.117074,18141,411915,0.053578,25915,1311998,0.170651,7688185
3,2021-02-14,26474,1746366,13415,875532,13059,870834,0,0,15051,904211,0.11761,11382,423297,0.055058,15510,1327508,0.172669,7688185
3,2021-02-15,39157,1785523,16864,892396,22293,893127,0,0,21817,909702,0.118325,17280,440577,0.057306,22771,1350279,0.17563,7688185
3,2021-02-16,67629,1853152,32317,924713,35312,928439,0,0,35540,914200,0.11891,32089,472666,0.06148,36587,1386866,0.180389,7688185
3,2021-02-17,69165,1922317,35213,959926,33952,962391,0,0,33132,912532,0.118693,35899,508565,0.066149,34231,1421097,0.184842,7688185
3,2021-02-18,73760,1996077,38745,998671,35015,997406,0,0,34465,909116,0.118248,39249,547814,0.071254,35833,1456930,0.189502,7688185
3,2021-02-19,65680,2061757,37984,1036655,27696,1025102,0,0,33643,911325,0.118536,32124,579938,0.075432,34333,1491263,0.193968,7688185
3,2021-02-20,40402,2102159,25656,1062311,14746,1039848,0,0,21612,914713,0.118976,18716,598654,0.077867,22104,1513367,0.196843,7688185
3,2021-02-21,18937,2121096,15530,1077841,3407,1043255,0,0,8925,914117,0.118899,9956,608610,0.079162,9360,1522727,0.198061,7688185
3,2021-02-22,43330,2164426,28105,1105946,15225,1058480,0,0,20261,911903,0.118611,23028,631638,0.082157,20814,1543541,0.200768,7688185
3,2021-02-23,57506,2221932,31327,1137273,26179,1084659,0,0,25164,906811,0.117949,32290,663928,0.086357,27198,1570739,0.204306,7688185
3,2021-02-24,73344,2295276,35589,1172862,37755,1122414,0,0,32337,900779,0.117164,40929,704857,0.091681,34897,1605636,0.208845,7688185
3,2021-02-25,81398,2376674,39168,1212030,42230,1164644,0,0,40565,903310,0.117493,40662,745519,0.096969,43193,1648829,0.214463,7688185
3,2021-02-26,92946,2469620,42294,1254324,50652,1215296,0,0,49286,911390,0.118544,43389,788908,0.102613,51469,1700298,0.221157,7688185
3,2021-02-27,64935,2534555,29454,1283778,35478,1250774,3,3,34622,917131,0.119291,30191,819099,0.10654,35932,1736230,0.225831,7688185
3,2021-02-28,36554,2571109,21463,1305241,15091,1265865,0,3,18954,919599,0.119612,17488,836587,0.108815,19956,1756186,0.228427,7688185
3,2021-03-01,63555,2634664,33759,1339000,29794,1295659,2,5,35540,928658,0.12079,27897,864484,0.112443,36956,1793142,0.233233,7688185
3,2021-03-02,70504,2705168,33964,1372964,36539,1332198,1,6,41387,943157,0.122676,29004,893488,0.116216,43503,1836645,0.238892,7688185
3,2021-03-03,84495,2789663,39771,1412735,44714,1376912,10,16,46740,954634,0.124169,37606,931094,0.121107,49083,1885728,0.245276,7688185
3,2021-03-04,86971,2876634,42671,1455406,44284,1421196,16,32,49622,969402,0.12609,37197,968291,0.125945,51965,1937693,0.252035,7688185
3,2021-03-05,84569,2961203,41218,1496624,43069,1464265,282,314,51752,991094,0.128911,32640,1000931,0.130191,54332,1992025,0.259102,7688185
3,2021-03-06,61463,3022666,30712,1527336,28634,1492899,2117,2431,35103,1003610,0.130539,26259,1027190,0.133606,38775,2030800,0.264146,7688185
3,2021-03-07,36250,3058916,21324,1548660,13837,1506736,1089,3520,20858,1011903,0.131618,15351,1042541,0.135603,23644,2054444,0.267221,7688185
3,2021-03-08,56106,3115022,26737,1575397,26565,1533301,2804,6324,35485,1031250,0.134134,20528,1063069,0.138273,39875,2094319,0.272407,7688185
3,2021-03-09,67621,3182643,28751,1604148,34576,1567877,4294,10618,35225,1040287,0.13531,32324,1095393,0.142477,41361,2135680,0.277787,7688185
3,2021-03-10,77276,3259919,37897,1642045,33580,1601457,5799,16417,40423,1051823,0.13681,36721,1132114,0.147254,48257,2183937,0.284064,7688185
3,2021-03-11,91827,3351746,44997,1687042,38666,1640123,8164,24581,45165,1060277,0.13791,46482,1178596,0.1533,54936,2238873,0.29121,7688185
3,2021-03-12,98056,3449802,43447,1730489,42993,1683116,11616,36197,44726,1064600,0.138472,53177,1231773,0.160216,57500,2296373,0.298689,7688185
3,2021-03-13,67574,3517376,28356,1758845,32114,1715230,7104,43301,35592,1076789,0.140058,31903,1263676,0.164366,44092,2340465,0.304424,7688185
3,2021-03-14,39729,3557105,20901,1779746,15401,1730631,3427,46728,21672,1084617,0.141076,18006,1281682,0.166708,25834,2366299,0.307784,7688185
3,2021-03-15,72937,3630042,34157,1813903,34407,1765038,4373,51101,39016,1095601,0.142505,33787,1315469,0.171103,44771,2411070,0.313607,7688185
3,2021-03-16,91115,3721157,41781,1855684,45247,1810285,4087,55188,52183,1114541,0.144968,38781,1354250,0.176147,57721,2468791,0.321115,7688185
3,2021-03-17,93771,3814928,45028,1900712,44446,1854731,4297,59485,57990,1142017,0.148542,35645,1389895,0.180783,63121,2531912,0.329325,7688185
3,2021-03-18,97645,3912573,49128,1949840,44326,1899057,4191,63676,57501,1165184,0.151555,39974,1429869,0.185983,63141,2595053,0.337538,7688185
3,2021-03-19,97884,4010457,51815,2001655,41886,1940943,4183,67859,55902,1184141,0.154021,41827,1471696,0.191423,60784,2655837,0.345444,7688185
3,2021-03-20,69347,4079804,35609,2037264,30258,1971201,3480,71339,43954,1207027,0.156998,25257,1496953,0.194708,48143,2703980,0.351706,7688185
3,2021-03-21,34708,4114512,23660,2060924,9626,1980827,1422,72761,22707,1220340,0.158729,11936,1508889,0.196261,25249,2729229,0.35499,7688185
3,2021-03-22,67606,4182118,39552,2100476,25817,2006644,2237,74998,44608,1245808,0.162042,22853,1531742,0.199233,48321,2777550,0.361275,7688185
3,2021-03-23,86193,4268311,47457,2147933,36398,2043042,2338,77336,56364,1276246,0.166001,29662,1561404,0.203091,60100,2837650,0.369092,7688185
3,2021-03-24,95150,4363461,54995,2202928,37655,2080697,2500,79836,56366,1297963,0.168826,38535,1599939,0.208104,60252,2897902,0.376929,7688185
3,2021-03-25,102483,4465944,56892,2259820,42807,2123504,2784,82620,59514,1318743,0.171529,42737,1642676,0.213662,63517,2961419,0.385191,7688185
3,2021-03-26,106049,4571993,57157,2316977,45737,2169241,3155,85775,56954,1331426,0.173178,48885,1691561,0.220021,61568,3022987,0.393199,7688185
3,2021-03-27,71805,4643798,36199,2353176,33088,2202329,2518,88293,36299,1335560,0.173716,35368,1726929,0.224621,39502,3062489,0.398337,7688185
3,2021-03-28,42631,4686429,26759,2379935,15077,2217406,795,89088,22838,1339965,0.174289,19729,1746658,0.227187,24134,3086623,0.401476,7688185
3,2021-03-29,77755,4764184,40753,2420688,35306,2252712,1696,90784,44714,1354905,0.176232,32875,1779533,0.231463,47815,3134438,0.407695,7688185
3,2021-03-30,96971,4861155,47735,2468423,45910,2298622,3326,94110,59708,1381836,0.179735,37085,1816618,0.236287,64016,3198454,0.416022,7688185
3,2021-03-31,101822,4962977,54831,2523254,42305,2340927,4686,98796,57229,1399658,0.182053,44448,1861066,0.242068,62270,3260724,0.424121,7688185
3,2021-04-01,117884,5080861,59609,2582863,49022,2389949,9253,108049,65464,1422951,0.185083,52244,1913310,0.248864,75537,3336261,0.433947,7688185
3,2021-04-02,112883,5193744,55261,2638124,47971,2437920,9651,117700,61132,1442730,0.187655,51558,1964868,0.25557,71337,3407598,0.443225,7688185
3,2021-04-03,73390,5267134,37236,2675360,27329,2465249,8825,126525,37305,1453350,0.189037,35965,2000833,0.260248,46585,3454183,0.449285,7688185
3,2021-04-04,31255,5298389,16778,2692138,10597,2475846,3880,130405,13888,1453872,0.189105,17312,2018145,0.2625,17834,3472017,0.451604,7688185
3,2021-04-05,86249,5384638,43976,2736114,33544,2509390,8729,139134,43445,1464277,0.190458,42673,2060818,0.26805,53078,3525095,0.458508,7688185
3,2021-04-06,109635,5494273,53410,2789524,41469,2550859,14756,153890,52766,1476117,0.191998,56677,2117495,0.275422,68517,3593612,0.46742,7688185
3,2021-04-07,111920,5606193,58300,2847824,38340,2589199,15280,169170,55599,1491507,0.194,56132,2173627,0.282723,71522,3665134,0.476723,7688185
3,2021-04-08,115361,5721554,58439,2906263,38062,2627261,18860,188030,55042,1506292,0.195923,60113,2233740,0.290542,74898,3740032,0.486465,7688185
3,2021-04-09,108117,5829671,53805,2960068,37188,2664449,17124,205154,48803,1514215,0.196954,59144,2292884,0.298235,67067,3807099,0.495188,7688185
3,2021-04-10,80067,5909738,36343,2996411,29393,2693842,14331,219485,33067,1515847,0.197166,46871,2339755,0.304331,48503,3855602,0.501497,7688185
3,2021-04-11,42921,5952659,23159,3019570,12344,2706186,7418,226903,16481,1514205,0.196952,26371,2366126,0.307761,24729,3880331,0.504714,7688185
3,2021-04-12,77977,6030636,38977,3058547,31103,2737289,7897,234800,36282,1517781,0.197417,41539,2407665,0.313164,45115,3925446,0.510582,7688185
3,2021-04-13,97041,6127677,52771,3111318,44082,2781371,188,234988,51583,1525478,0.198418,45296,2452961,0.319056,52993,3978439,0.517474,7688185
3,2021-04-14,93282,6220959,50027,3161345,43173,2824544,82,235070,47065,1528648,0.198831,46020,2498981,0.325042,49190,4027629,0.523873,7688185
3,2021-04-15,98263,6319222,55593,3216938,42629,2867173,41,235111,53206,1538412,0.200101,44864,2543845,0.330877,54628,4082257,0.530978,7688185
3,2021-04-16,98980,6418202,54455,3271393,44441,2911614,84,235195,50647,1541912,0.200556,48107,2591952,0.337134,51607,4133864,0.53769,7688185
3,2021-04-17,65327,6483529,35270,3306663,30048,2941662,9,235204,35378,1548673,0.201435,29856,2621808,0.341018,36617,4170481,0.542453,7688185
3,2021-04-18,20846,6504375,12516,3319179,8330,2949992,0,235204,11000,1550042,0.201614,9814,2631622,0.342294,11183,4181664,0.543908,7688185
4,2020-12-15,443,443,443,443,0,0,0,0,443,443,5.8e-05,0,0,0.0,443,443,5.8e-05,7584050
4,2020-12-16,2917,3360,2917,3360,0,0,0,0,2917,3360,0.000443,0,0,0.0,2917,3360,0.000443,7584050
4,2020-12-17,8429,11789,8429,11789,0,0,0,0,8429,11789,0.001554,0,0,0.0,8429,11789,0.001554,7584050
4,2020-12-18,15251,27040,15242,27031,9,9,0,0,15251,27040,0.003565,0,0,0.0,15251,27040,0.003565,7584050
4,2020-12-19,10171,37211,10164,37195,7,16,0,0,10106,37146,0.004898,0,0,0.0,10106,37146,0.004898,7584050
4,2020-12-20,7332,44543,7320,44515,12,28,0,0,7285,44431,0.005858,0,0,0.0,7285,44431,0.005858,7584050
4,2020-12-21,16147,60690,16127,60642,20,48,0,0,16080,60511,0.007979,0,0,0.0,16080,60511,0.007979,7584050
4,2020-12-22,16944,77634,16236,76878,708,756,0,0,16901,77412,0.010207,0,0,0.0,16901,77412,0.010207,7584050
4,2020-12-23,16743,94377,14080,90958,2663,3419,0,0,16714,94126,0.012411,0,0,0.0,16714,94126,0.012411,7584050
4,2020-12-24,8492,102869,5923,96881,2569,5988,0,0,8492,102618,0.013531,0,0,0.0,8492,102618,0.013531,7584050
4,2020-12-25,897,103766,792,97673,105,6093,0,0,897,103515,0.013649,0,0,0.0,897,103515,0.013649,7584050
4,2020-12-26,6154,109920,3859,101532,2295,8388,0,0,6154,109669,0.01446,0,0,0.0,6154,109669,0.01446,7584050
4,2020-12-27,3412,113332,1993,103525,1419,9807,0,0,3412,113081,0.01491,0,0,0.0,3412,113081,0.01491,7584050
4,2020-12-28,14848,128180,9189,112714,5659,15466,0,0,14819,127899,0.016864,1,1,0.0,14819,127900,0.016864,7584050
4,2020-12-29,15142,143322,8385,121099,6757,22223,0,0,15108,143007,0.018856,0,1,0.0,15108,143008,0.018856,7584050
4,2020-12-30,18760,162082,11021,132120,7739,29962,0,0,18749,161754,0.021328,2,3,0.0,18749,161757,0.021329,7584050
4,2020-12-31,8131,170213,3301,135421,4830,34792,0,0,8126,169878,0.022399,2,5,1e-06,8126,169883,0.0224,7584050
4,2021-01-01,1124,171337,465,135886,659,35451,0,0,1123,171000,0.022547,1,6,1e-06,1123,171006,0.022548,7584050
4,2021-01-02,5616,176953,3178,139064,2438,37889,0,0,5615,176614,0.023288,1,7,1e-06,5615,176621,0.023288,7584050
4,2021-01-03,2102,179055,1248,140312,854,38743,0,0,2088,178698,0.023562,4,11,1e-06,2088,178709,0.023564,7584050
4,2021-01-04,12876,191931,7024,147336,5852,44595,0,0,12828,191495,0.02525,31,42,6e-06,12828,191537,0.025255,7584050
4,2021-01-05,16561,208492,9792,157128,6769,51364,0,0,14575,204116,0.026914,1964,2006,0.000265,14585,206122,0.027178,7584050
4,2021-01-06,21294,229786,13069,170197,8225,59589,0,0,15508,213903,0.028204,5732,7738,0.00102,15519,221641,0.029225,7584050
4,2021-01-07,27502,257288,16766,186963,10736,70325,0,0,16934,220234,0.029039,10614,18352,0.00242,16945,238586,0.031459,7584050
4,2021-01-08,32405,289693,20798,207761,11607,81932,0,0,18374,224656,0.029622,13966,32318,0.004261,18388,256974,0.033883,7584050
4,2021-01-09,15945,305638,9407,217168,6538,88470,0,0,9352,227446,0.02999,6572,38890,0.005128,9362,266336,0.035118,7584050
4,2021-01-10,8666,314304,5600,222768,3066,91536,0,0,4080,226966,0.029927,4566,43456,0.00573,4086,270422,0.035657,7584050
4,2021-01-11,32995,347299,21561,244329,11434,102970,0,0,18635,231301,0.030498,14320,57776,0.007618,18655,289077,0.038116,7584050
4,2021-01-12,37710,385009,21565,265894,16145,119115,0,0,23853,241332,0.031821,13858,71634,0.009445,23889,312966,0.041266,7584050
4,2021-01-13,38138,423147,18760,284654,19378,138493,0,0,27058,257383,0.033937,11028,82662,0.010899,27079,340045,0.044837,7584050
4,2021-01-14,38603,461750,14735,299389,23868,162361,0,0,31596,282041,0.037189,6965,89627,0.011818,31623,371668,0.049007,7584050
4,2021-01-15,44748,506498,15499,314888,29249,191610,0,0,39279,315924,0.041656,5415,95042,0.012532,39298,410966,0.054188,7584050
4,2021-01-16,28404,534902,9306,324194,19098,210708,0,0,25309,338187,0.044592,3059,98101,0.012935,25322,436288,0.057527,7584050
4,2021-01-17,18843,553745,6619,330813,12224,222932,0,0,17340,354063,0.046685,1478,99579,0.01313,17354,453642,0.059815,7584050
4,2021-01-18,29029,582774,13334,344147,15695,238627,0,0,23097,371354,0.048965,5836,105415,0.0139,23127,476769,0.062865,7584050
4,2021-01-19,45586,628360,23106,367253,22480,261107,0,0,36352,398596,0.052557,9178,114593,0.01511,36420,513189,0.067667,7584050
4,2021-01-20,50890,679250,26904,394157,23986,285093,0,0,40610,429068,0.056575,10188,124781,0.016453,40660,553849,0.073028,7584050
4,2021-01-21,55634,734884,24554,418711,31080,316173,0,0,49376,472281,0.062273,6196,130977,0.01727,49409,603258,0.079543,7584050
4,2021-01-22,54302,789186,21829,440540,32473,348646,0,0,49271,516651,0.068123,4931,135908,0.01792,49301,652559,0.086044,7584050
4,2021-01-23,39221,828407,17356,457896,21865,370511,0,0,34958,547383,0.072176,4254,140162,0.018481,34986,687545,0.090657,7584050
4,2021-01-24,23722,852129,10421,468317,13301,383812,0,0,21870,567421,0.074818,1846,142008,0.018725,21884,709429,0.093542,7584050
4,2021-01-25,47133,899262,21757,490074,25376,409188,0,0,36236,592838,0.078169,10873,152881,0.020158,36290,745719,0.098327,7584050
4,2021-01-26,55692,954954,28454,518528,27238,436426,0,0,43751,624759,0.082378,11886,164767,0.021725,43807,789526,0.104103,7584050
4,2021-01-27,54621,1009575,26463,544991,28158,464584,0,0,43803,657930,0.086752,10685,175452,0.023134,43856,833382,0.109886,7584050
4,2021-01-28,55735,1065310,25306,570297,30429,495013,0,0,45908,694140,0.091526,9739,185191,0.024418,45949,879331,0.115945,7584050
4,2021-01-29,55576,1120886,26716,597013,28860,523873,0,0,45412,729553,0.096196,10024,195215,0.02574,45437,924768,0.121936,7584050
4,2021-01-30,37230,1158116,16952,613965,20278,544151,0,0,32034,756460,0.099744,5149,200364,0.026419,32056,956824,0.126163,7584050
4,2021-01-31,23683,1181799,12438,626403,11245,555396,0,0,22110,777022,0.102455,1559,201923,0.026625,22121,978945,0.129079,7584050
4,2021-02-01,47796,1229595,22596,648999,25200,580596,0,0,37619,804524,0.106081,10156,212079,0.027964,37658,1016603,0.134045,7584050
4,2021-02-02,55422,1285017,26331,675330,29091,609687,0,0,41806,832884,0.10982,13487,225566,0.029742,41847,1058450,0.139563,7584050
4,2021-02-03,61355,1346372,30191,705521,31164,640851,0,0,47311,866310,0.114228,13938,239504,0.03158,47364,1105814,0.145808,7584050
4,2021-02-04,66684,1413056,31157,736678,35527,676378,0,0,50199,900279,0.118707,16330,255834,0.033733,50299,1156113,0.15244,7584050
4,2021-02-05,72003,1485059,33401,770079,38602,714980,0,0,50326,929295,0.122533,21438,277272,0.03656,50454,1206567,0.159093,7584050
4,2021-02-06,47847,1532906,25899,795978,21948,736928,0,0,36481,954638,0.125874,11339,288611,0.038055,36682,1243249,0.163929,7584050
4,2021-02-07,26177,1559083,17261,813239,8916,745844,0,0,19850,968430,0.127693,6291,294902,0.038885,20083,1263332,0.166577,7584050
4,2021-02-08,57572,1616655,29564,842803,28008,773852,0,0,37434,986112,0.130024,20014,314916,0.041523,37696,1301028,0.171548,7584050
4,2021-02-09,66239,1682894,33837,876640,32402,806254,0,0,38840,998004,0.131592,27344,342260,0.045129,39236,1340264,0.176721,7584050
4,2021-02-10,76327,1759221,38241,914881,38086,844340,0,0,40782,1003992,0.132382,35323,377583,0.049786,41311,1381575,0.182168,7584050
4,2021-02-11,79674,1838895,41548,956429,38126,882466,0,0,41369,1007911,0.132899,38106,415689,0.054811,42025,1423600,0.18771,7584050
4,2021-02-12,83108,1922003,37237,993666,45871,928337,0,0,42991,1011710,0.1334,39968,455657,0.060081,43767,1467367,0.193481,7584050
4,2021-02-13,57991,1979994,29428,1023094,28563,956900,0,0,29705,1014076,0.133712,28223,483880,0.063802,30589,1497956,0.197514,7584050
4,2021-02-14,36426,2016420,18948,1042042,17478,974378,0,0,18804,1015923,0.133955,17629,501509,0.066127,19476,1517432,0.200082,7584050
4,2021-02-15,45498,2061918,21308,1063350,24190,998568,0,0,23560,1018802,0.134335,21876,523385,0.069011,24755,1542187,0.203346,7584050
4,2021-02-16,78645,2140563,36047,1099397,42598,1041166,0,0,40356,1022210,0.134784,38213,561598,0.07405,41621,1583808,0.208834,7584050
4,2021-02-17,79699,2220262,37642,1137039,42057,1083223,0,0,38323,1020461,0.134554,41238,602836,0.079487,39489,1623297,0.214041,7584050
4,2021-02-18,81711,2301973,45158,1182197,36553,1119776,0,0,38099,1016567,0.13404,43489,646325,0.085222,39595,1662892,0.219262,7584050
4,2021-02-19,80269,2382242,50566,1232763,29703,1149479,0,0,40566,1018248,0.134262,39577,685902,0.09044,41258,1704150,0.224702,7584050
4,2021-02-20,47428,2429670,31940,1264703,15488,1164967,0,0,26308,1024068,0.135029,21178,707080,0.093233,26998,1731148,0.228262,7584050
4,2021-02-21,25336,2455006,19847,1284550,5489,1170456,0,0,11658,1022281,0.134794,13767,720847,0.095048,11980,1743128,0.229841,7584050
4,2021-02-22,51636,2506642,35612,1320162,16024,1186480,0,0,25141,1021511,0.134692,26421,747268,0.098532,25651,1768779,0.233224,7584050
4,2021-02-23,71541,2578183,39592,1359754,31949,1218429,0,0,31462,1014733,0.133798,39973,787241,0.103802,33195,1801974,0.2376,7584050
4,2021-02-24,86552,2664735,45474,1405228,41078,1259507,0,0,39288,1009115,0.133058,47096,834337,0.110012,41478,1843452,0.24307,7584050
4,2021-02-25,96436,2761171,50160,1455388,46276,1305783,0,0,46221,1007842,0.13289,50079,884416,0.116615,48806,1892258,0.249505,7584050
4,2021-02-26,102812,2863983,51752,1507140,51060,1356843,0,0,53061,1013675,0.133659,49554,933970,0.123149,55387,1947645,0.256808,7584050
4,2021-02-27,74128,2938111,40157,1547297,33966,1390809,5,5,39668,1020422,0.134548,34407,968377,0.127686,41154,1988799,0.262234,7584050
4,2021-02-28,44539,2982650,27663,1574960,16875,1407684,1,6,24841,1026568,0.135359,19637,988014,0.130275,25783,2014582,0.265634,7584050
4,2021-03-01,73519,3056169,42895,1617855,30620,1438304,4,10,40729,1035925,0.136593,32628,1020642,0.134577,41985,2056567,0.27117,7584050
4,2021-03-02,76626,3132795,42881,1660736,33742,1472046,3,13,45922,1053109,0.138858,30583,1051225,0.13861,47767,2104334,0.277468,7584050
4,2021-03-03,96215,3229010,50597,1711333,45612,1517658,6,19,53260,1065410,0.14048,42792,1094017,0.144252,55093,2159427,0.284733,7584050
4,2021-03-04,93082,3322092,51765,1763098,41305,1558963,12,31,51355,1077021,0.142011,41568,1135585,0.149733,53179,2212606,0.291745,7584050
4,2021-03-05,90489,3412581,48423,1811521,41759,1600722,307,338,53641,1096425,0.14457,36700,1172285,0.154572,56104,2268710,0.299142,7584050
4,2021-03-06,72656,3485237,40810,1852331,29250,1629972,2596,2934,44394,1116694,0.147242,28178,1200463,0.158288,48447,2317157,0.30553,7584050
4,2021-03-07,41082,3526319,26124,1878455,13820,1643792,1138,4072,24339,1127356,0.148648,16685,1217148,0.160488,27347,2344504,0.309136,7584050
4,2021-03-08,64194,3590513,33259,1911714,27826,1671618,3109,7181,42264,1152239,0.151929,21842,1238990,0.163368,46725,2391229,0.315297,7584050
4,2021-03-09,72294,3662807,33384,1945098,33845,1705463,5065,12246,37399,1161564,0.153159,34769,1273759,0.167952,44094,2435323,0.321111,7584050
4,2021-03-10,86799,3749606,44152,1989250,35430,1740893,7217,19463,43443,1170465,0.154332,43240,1316999,0.173654,52141,2487464,0.327986,7584050
4,2021-03-11,98325,3847931,51740,2040990,38491,1779384,8094,27557,45478,1172961,0.154662,52665,1369664,0.180598,55161,2542625,0.33526,7584050
4,2021-03-12,102165,3950096,50255,2091245,41821,1821205,10089,37646,43628,1169297,0.154178,58347,1428011,0.188291,54683,2597308,0.34247,7584050
4,2021-03-13,78995,4029091,36678,2127923,34079,1855284,8238,45884,36915,1173650,0.154752,41973,1469984,0.193826,46326,2643634,0.348578,7584050
4,2021-03-14,48692,4077783,27843,2155766,17307,1872591,3542,49426,24915,1179050,0.155464,23713,1493697,0.196952,29113,2672747,0.352417,7584050
4,2021-03-15,82152,4159935,43918,2199684,34091,1906682,4143,53569,42395,1187801,0.156618,39602,1533299,0.202174,48353,2721100,0.358792,7584050
4,2021-03-16,104934,4264869,54477,2254161,47136,1953818,3321,56890,56240,1200486,0.158291,48513,1581812,0.208571,61198,2782298,0.366862,7584050
4,2021-03-17,103129,4367998,55476,2309637,44317,1998135,3336,60226,60543,1222635,0.161211,42394,1624206,0.214161,64543,2846841,0.375372,7584050
4,2021-03-18,102905,4470903,57056,2366693,42299,2040434,3550,63776,58874,1242951,0.16389,43839,1668045,0.219941,64155,2910996,0.383831,7584050
4,2021-03-19,107074,4577977,61126,2427819,40912,2081346,5036,68812,61775,1265200,0.166824,45117,1713162,0.22589,67366,2978362,0.392714,7584050
4,2021-03-20,81339,4659316,47549,2475368,30827,2112173,2963,71775,50692,1288861,0.169944,30495,1743657,0.229911,54156,3032518,0.399855,7584050
4,2021-03-21,46733,4706049,33806,2509174,10671,2122844,2256,74031,28393,1302814,0.171783,18232,1761889,0.232315,32185,3064703,0.404098,7584050
4,2021-03-22,79355,4785404,52179,2561353,24656,2147500,2520,76551,50608,1328927,0.175227,28598,1790487,0.236086,54711,3119414,0.411312,7584050
4,2021-03-23,101134,4886538,60269,2621622,38838,2186338,2027,78578,63470,1358502,0.179126,37450,1827937,0.241024,67025,3186439,0.42015,7584050
4,2021-03-24,110056,4996594,71131,2692753,36655,2222993,2270,80848,63223,1378940,0.181821,46519,1874456,0.247158,66957,3253396,0.428979,7584050
4,2021-03-25,112686,5109280,69174,2761927,41258,2264251,2254,83102,65545,1401209,0.184757,46776,1921232,0.253325,69045,3322441,0.438083,7584050
4,2021-03-26,115693,5224973,70211,2832138,42507,2306758,2975,86077,64810,1419821,0.187211,50636,1971868,0.260002,69248,3391689,0.447213,7584050
4,2021-03-27,88964,5313937,52646,2884784,34549,2341307,1769,87846,46381,1426054,0.188033,42408,2014276,0.265594,48641,3440330,0.453627,7584050
4,2021-03-28,54183,5368120,35576,2920360,17744,2359051,863,88709,30197,1433535,0.18902,23894,2038170,0.268744,31375,3471705,0.457764,7584050
4,2021-03-29,90889,5459009,54570,2974930,34345,2393396,1974,90683,50817,1448019,0.19093,39912,2078082,0.274007,54396,3526101,0.464936,7584050
4,2021-03-30,113793,5572802,61838,3036768,47912,2441308,4043,94726,73194,1485829,0.195915,40446,2118528,0.27934,78256,3604357,0.475255,7584050
4,2021-03-31,117841,5690643,69627,3106395,42070,2483378,6144,100870,68786,1512182,0.19939,48829,2167357,0.285778,75182,3679539,0.485168,7584050
4,2021-04-01,137648,5828291,78553,3184948,46393,2529771,12702,113572,82243,1552777,0.204742,55207,2222564,0.293058,95802,3775341,0.4978,7584050
4,2021-04-02,132247,5960538,70917,3255865,48448,2578219,12882,126454,77448,1588957,0.209513,54609,2277173,0.300258,90789,3866130,0.509771,7584050
4,2021-04-03,97953,6058491,52145,3308010,32897,2611116,12911,139365,52117,1608701,0.212116,45705,2322878,0.306285,65449,3931579,0.518401,7584050
4,2021-04-04,45137,6103628,23827,3331837,14246,2625362,7064,146429,19789,1610336,0.212332,25294,2348172,0.30962,26929,3958508,0.521952,7584050
4,2021-04-05,105453,6209081,59749,3391586,33440,2658802,12264,158693,55635,1629241,0.214825,49702,2397874,0.316173,68607,4027115,0.530998,7584050
4,2021-04-06,134653,6343734,75614,3467200,39707,2698509,19332,178025,70339,1655784,0.218325,64146,2462020,0.324631,90689,4117804,0.542956,7584050
4,2021-04-07,133041,6476775,75568,3542768,37549,2736058,19924,197949,69331,1682175,0.221804,63520,2525540,0.333007,89911,4207715,0.554811,7584050
4,2021-04-08,133648,6610423,74993,3617761,34531,2770589,24124,222073,66903,1707519,0.225146,66545,2592085,0.341781,91889,4299604,0.566927,7584050
4,2021-04-09,127480,6737903,69668,3687429,37077,2807666,20735,242808,61890,1726029,0.227587,65422,2657507,0.350407,83932,4383536,0.577994,7584050
4,2021-04-10,99467,6837370,49236,3736665,32371,2840037,17860,260668,45296,1736464,0.228963,54028,2711535,0.357531,64463,4447999,0.586494,7584050
4,2021-04-11,59901,6897271,36489,3773154,12792,2852829,10620,271288,26483,1741086,0.229572,33353,2744888,0.361929,37975,4485974,0.591501,7584050
4,2021-04-12,95889,6993160,57935,3831089,28721,2881550,9233,280521,49172,1753843,0.231254,46499,2791387,0.36806,59256,4545230,0.599314,7584050
4,2021-04-13,123775,7116935,77700,3908789,45924,2927474,151,280672,74863,1781409,0.234889,48709,2840096,0.374483,76275,4621505,0.609372,7584050
4,2021-04-14,122261,7239196,77073,3985862,45132,2972606,56,280728,68397,1798253,0.23711,53665,2893761,0.381559,70509,4692014,0.618669,7584050
4,2021-04-15,137053,7376249,91883,4077745,45140,3017746,30,280758,85125,1833093,0.241704,51714,2945475,0.388378,86554,4778568,0.630081,7584050
4,2021-04-16,125502,7501751,78675,4156420,46763,3064509,64,280822,71721,1852308,0.244237,53592,2999067,0.395444,72807,4851375,0.639681,7584050
4,2021-04-17,85728,7587479,52874,4209294,32853,3097362,1,280823,48010,1864187,0.245804,37542,3036609,0.400394,49421,4900796,0.646198,7584050
4,2021-04-18,29404,7616883,18412,4227706,10992,3108354,0,280823,17742,1870561,0.246644,11618,3048227,0.401926,17992,4918788,0.64857,7584050
