vemquartile,administered_date,total_doses,cumulative_total_doses,pfizer_doses,cumulative_pfizer_doses,moderna_doses,cumulative_moderna_doses,jj_doses,cumulative_jj_doses,partially_vaccinated,total_partially_vaccinated,pct_age12pop_partially_vaccinated,fully_vaccinated,cumulative_fully_vaccinated,pct_age12pop_fully_vaccinated,at_least_one_dose,cumulative_at_least_one_dose,pct_age12pop_at_least_one_dose,age12_population
1,2020-12-15,150,150,150,150,0,0,0,0,150,150,1.7e-05,0,0,0.0,150,150,1.7e-05,8700223
1,2020-12-16,1227,1377,1227,1377,0,0,0,0,1227,1377,0.000158,0,0,0.0,1227,1377,0.000158,8700223
1,2020-12-17,4183,5560,4183,5560,0,0,0,0,4184,5561,0.000639,0,0,0.0,4184,5561,0.000639,8700223
1,2020-12-18,6363,11923,6342,11902,21,21,0,0,6365,11925,0.001371,1,1,0.0,6365,11926,0.001371,8700223
1,2020-12-19,2882,14805,2879,14781,3,24,0,0,2881,14805,0.001702,1,2,0.0,2881,14807,0.001702,8700223
1,2020-12-20,2131,16936,2123,16904,8,32,0,0,2132,16937,0.001947,0,2,0.0,2132,16939,0.001947,8700223
1,2020-12-21,7661,24597,7645,24549,16,48,0,0,7710,24647,0.002833,1,3,0.0,7711,24650,0.002833,8700223
1,2020-12-22,7298,31895,6954,31503,344,392,0,0,7299,31944,0.003672,2,5,1e-06,7299,31949,0.003672,8700223
1,2020-12-23,7839,39734,6579,38082,1260,1652,0,0,7834,39777,0.004572,2,7,1e-06,7835,39784,0.004573,8700223
1,2020-12-24,3304,43038,2368,40450,936,2588,0,0,3306,43083,0.004952,0,7,1e-06,3306,43090,0.004953,8700223
1,2020-12-25,237,43275,153,40603,84,2672,0,0,237,43320,0.004979,0,7,1e-06,237,43327,0.00498,8700223
1,2020-12-26,1362,44637,968,41571,394,3066,0,0,1361,44680,0.005136,1,8,1e-06,1361,44688,0.005136,8700223
1,2020-12-27,872,45509,536,42107,336,3402,0,0,872,45551,0.005236,1,9,1e-06,872,45560,0.005237,8700223
1,2020-12-28,7099,52608,4763,46870,2336,5738,0,0,7097,52648,0.006051,0,9,1e-06,7097,52657,0.006052,8700223
1,2020-12-29,8896,61504,4986,51856,3910,9648,0,0,8892,61537,0.007073,3,12,1e-06,8892,61549,0.007074,8700223
1,2020-12-30,11584,73088,6446,58302,5138,14786,0,0,11584,73121,0.008404,0,12,1e-06,11584,73133,0.008406,8700223
1,2020-12-31,5972,79060,1955,60257,4017,18803,0,0,5970,79089,0.00909,3,15,2e-06,5971,79104,0.009092,8700223
1,2021-01-01,574,79634,204,60461,370,19173,0,0,573,79661,0.009156,1,16,2e-06,573,79677,0.009158,8700223
1,2021-01-02,2911,82545,1764,62225,1147,20320,0,0,2913,82574,0.009491,0,16,2e-06,2913,82590,0.009493,8700223
1,2021-01-03,1032,83577,545,62770,487,20807,0,0,1031,83603,0.009609,2,18,2e-06,1031,83621,0.009611,8700223
1,2021-01-04,7354,90931,3587,66357,3767,24574,0,0,7358,90960,0.010455,1,19,2e-06,7358,90979,0.010457,8700223
1,2021-01-05,10867,101798,5255,71612,5612,30186,0,0,10077,100285,0.011527,774,793,9.1e-05,10099,101078,0.011618,8700223
1,2021-01-06,14060,115858,7067,78679,6993,37179,0,0,12138,110550,0.012707,1884,2677,0.000308,12149,113227,0.013014,8700223
1,2021-01-07,17532,133390,9164,87843,8368,45547,0,0,13014,119149,0.013695,4425,7102,0.000816,13024,126251,0.014511,8700223
1,2021-01-08,20205,153595,10486,98329,9719,55266,0,0,14262,127491,0.014654,5928,13030,0.001498,14270,140521,0.016151,8700223
1,2021-01-09,6691,160286,3390,101719,3301,58567,0,0,4840,130491,0.014999,1844,14874,0.00171,4844,145365,0.016708,8700223
1,2021-01-10,3088,163374,1763,103482,1325,59892,0,0,1895,131202,0.01508,1185,16059,0.001846,1896,147261,0.016926,8700223
1,2021-01-11,18093,181467,11854,115336,6239,66131,0,0,11542,136248,0.01566,6536,22595,0.002597,11582,158843,0.018257,8700223
1,2021-01-12,19157,200624,10928,126264,8229,74360,0,0,13165,143495,0.016493,5959,28554,0.003282,13206,172049,0.019775,8700223
1,2021-01-13,19881,220505,10747,137011,9134,83494,0,0,14723,153101,0.017597,5135,33689,0.003872,14741,186790,0.02147,8700223
1,2021-01-14,22153,242658,9526,146537,12627,96121,0,0,19393,169845,0.019522,2703,36392,0.004183,19447,206237,0.023705,8700223
1,2021-01-15,25231,267889,9251,155788,15980,112101,0,0,23283,191279,0.021986,1907,38299,0.004402,23341,229578,0.026388,8700223
1,2021-01-16,13904,281793,4546,160334,9358,121459,0,0,13037,203454,0.023385,865,39164,0.004501,13040,242618,0.027886,8700223
1,2021-01-17,5192,286985,2002,162336,3190,124649,0,0,4825,207918,0.023898,365,39529,0.004543,4829,247447,0.028441,8700223
1,2021-01-18,14325,301310,8590,170926,5735,130384,0,0,11140,215939,0.02482,3172,42701,0.004908,11193,258640,0.029728,8700223
1,2021-01-19,24745,326055,12778,183704,11967,142351,0,0,19596,230457,0.026489,5132,47833,0.005498,19650,278290,0.031987,8700223
1,2021-01-20,29520,355575,14755,198459,14765,157116,0,0,23597,248244,0.028533,5848,53681,0.00617,23635,301925,0.034703,8700223
1,2021-01-21,31281,386856,14585,213044,16696,173812,0,0,28010,273142,0.031395,3205,56886,0.006538,28103,330028,0.037933,8700223
1,2021-01-22,28403,415259,11237,224281,17166,190978,0,0,26342,297521,0.034197,1995,58881,0.006768,26374,356402,0.040965,8700223
1,2021-01-23,18768,434027,8207,232488,10561,201539,0,0,16806,312407,0.035908,1930,60811,0.00699,16816,373218,0.042898,8700223
1,2021-01-24,6673,440700,4157,236645,2516,204055,0,0,6018,317781,0.036526,650,61461,0.007064,6024,379242,0.04359,8700223
1,2021-01-25,25477,466177,10486,247131,14991,219046,0,0,19703,331857,0.038144,5730,67191,0.007723,19806,399048,0.045866,8700223
1,2021-01-26,28712,494889,13360,260491,15352,234398,0,0,22029,347284,0.039917,6622,73813,0.008484,22049,421097,0.048401,8700223
1,2021-01-27,32552,527441,15424,275915,17128,251526,0,0,24427,363686,0.041802,8057,81870,0.00941,24459,445556,0.051212,8700223
1,2021-01-28,34888,562329,16294,292209,18594,270120,0,0,27950,384831,0.044232,6870,88740,0.0102,28015,473571,0.054432,8700223
1,2021-01-29,33586,595915,16326,308535,17260,287380,0,0,27022,405473,0.046605,6417,95157,0.010937,27059,500630,0.057542,8700223
1,2021-01-30,20098,616013,8659,317194,11439,298819,0,0,17992,421396,0.048435,2079,97236,0.011176,18002,518632,0.059611,8700223
1,2021-01-31,7532,623545,4854,322048,2678,301497,0,0,6824,427517,0.049139,705,97941,0.011257,6826,525458,0.060396,8700223
1,2021-02-01,28919,652464,12467,334515,16452,317949,0,0,21148,440950,0.050683,7720,105661,0.012145,21153,546611,0.062827,8700223
1,2021-02-02,32627,685091,11736,346251,20891,338840,0,0,24400,457242,0.052555,8144,113805,0.013081,24436,571047,0.065636,8700223
1,2021-02-03,39560,724651,15117,361368,24443,363283,0,0,28498,474878,0.054582,10899,124704,0.014333,28535,599582,0.068916,8700223
1,2021-02-04,44053,768704,17123,378491,26930,390213,0,0,31808,494613,0.056851,12121,136825,0.015727,31856,631438,0.072577,8700223
1,2021-02-05,46964,815668,17356,395847,29608,419821,0,0,30757,509362,0.058546,16066,152891,0.017573,30815,662253,0.076119,8700223
1,2021-02-06,26539,842207,10486,406333,16053,435874,0,0,20639,524159,0.060247,5859,158750,0.018247,20656,682909,0.078493,8700223
1,2021-02-07,6242,848449,4005,410338,2237,438111,0,0,4635,527226,0.060599,1586,160336,0.018429,4653,687562,0.079028,8700223
1,2021-02-08,31370,879819,14191,424529,17179,455290,0,0,20864,537756,0.061809,10430,170766,0.019628,20960,708522,0.081437,8700223
1,2021-02-09,38463,918282,16774,441303,21689,476979,0,0,23696,546791,0.062848,14738,185504,0.021322,23773,732295,0.08417,8700223
1,2021-02-10,47161,965443,22055,463358,25106,502085,0,0,26769,553349,0.063602,20289,205793,0.023654,26847,759142,0.087255,8700223
1,2021-02-11,51751,1017194,25275,488633,26476,528561,0,0,30903,563838,0.064807,20518,226311,0.026012,31007,790149,0.090819,8700223
1,2021-02-12,50128,1067322,21456,510089,28672,557233,0,0,28792,571567,0.065696,21202,247513,0.028449,28931,819080,0.094145,8700223
1,2021-02-13,26354,1093676,11525,521614,14829,572062,0,0,15233,575824,0.066185,11052,258565,0.029719,15309,834389,0.095904,8700223
1,2021-02-14,11751,1105427,5541,527155,6210,578272,0,0,6685,577536,0.066382,5038,263603,0.030298,6750,841139,0.09668,8700223
1,2021-02-15,23835,1129262,9367,536522,14468,592740,0,0,14502,582936,0.067002,9216,272819,0.031358,14616,855755,0.09836,8700223
1,2021-02-16,47132,1176394,22322,558844,24810,617550,0,0,27563,591123,0.067943,19487,292306,0.033598,27674,883429,0.101541,8700223
1,2021-02-17,48374,1224768,24382,583226,23992,641542,0,0,26131,595309,0.068425,22092,314398,0.036137,26278,909707,0.104561,8700223
1,2021-02-18,51208,1275976,25420,608646,25788,667330,0,0,26606,597778,0.068708,24365,338763,0.038937,26834,936541,0.107646,8700223
1,2021-02-19,46511,1322487,25082,633728,21429,688759,0,0,26146,603770,0.069397,20217,358980,0.041261,26209,962750,0.110658,8700223
1,2021-02-20,27487,1349974,16718,650446,10769,699528,0,0,15744,607906,0.069872,11684,370664,0.042604,15820,978570,0.112476,8700223
1,2021-02-21,12208,1362182,10509,660955,1699,701227,0,0,7421,610645,0.070187,4732,375396,0.043148,7471,986041,0.113335,8700223
1,2021-02-22,31465,1393647,20654,681609,10811,712038,0,0,18140,615644,0.070762,13242,388638,0.04467,18241,1004282,0.115432,8700223
1,2021-02-23,45335,1438982,21828,703437,23507,735545,0,0,24930,620817,0.071356,20119,408757,0.046982,25292,1029574,0.118339,8700223
1,2021-02-24,55232,1494214,26641,730078,28591,764136,0,0,30510,627246,0.072095,24533,433290,0.049802,30962,1060536,0.121898,8700223
1,2021-02-25,67121,1561335,32511,762589,34610,798746,0,0,41718,644210,0.074045,25254,458544,0.052705,42218,1102754,0.12675,8700223
1,2021-02-26,74653,1635988,34961,797550,39692,838438,0,0,48987,668207,0.076803,25465,484009,0.055632,49462,1152216,0.132435,8700223
1,2021-02-27,50727,1686715,23293,820843,27425,865863,9,9,33587,685064,0.078741,17004,501013,0.057586,33861,1186077,0.136327,8700223
1,2021-02-28,19471,1706186,11523,832366,7946,873809,2,11,14331,694467,0.079822,5070,506083,0.058169,14473,1200550,0.137991,8700223
1,2021-03-01,44650,1750836,20444,852810,24167,897976,39,50,28819,707894,0.081365,15666,521749,0.05997,29093,1229643,0.141335,8700223
1,2021-03-02,62589,1813425,27237,880047,35344,933320,8,58,40374,726826,0.083541,22067,543816,0.062506,40999,1270642,0.146047,8700223
1,2021-03-03,70307,1883732,33603,913650,36681,970001,23,81,43086,743467,0.085454,27062,570878,0.065616,43703,1314345,0.15107,8700223
1,2021-03-04,78673,1962405,37048,950698,41590,1011591,35,116,50850,767220,0.088184,27643,598521,0.068794,51396,1365741,0.156978,8700223
1,2021-03-05,77824,2040229,35269,985967,42349,1053940,206,322,52206,794875,0.091363,25384,623905,0.071711,53039,1418780,0.163074,8700223
1,2021-03-06,57416,2097645,27439,1013406,28625,1082565,1352,1674,39063,817373,0.093949,18280,642185,0.073812,40778,1459558,0.167761,8700223
1,2021-03-07,20805,2118450,12928,1026334,6693,1089258,1184,2858,15374,828778,0.095259,5407,647592,0.074434,16812,1476370,0.169693,8700223
1,2021-03-08,45961,2164411,22503,1048837,21505,1110763,1953,4811,32239,849683,0.097662,13622,661214,0.076,34527,1510897,0.173662,8700223
1,2021-03-09,66690,2231101,32203,1081040,31988,1142751,2499,7310,41053,868084,0.099777,25493,686707,0.07893,43894,1554791,0.178707,8700223
1,2021-03-10,73560,2304661,36649,1117689,32444,1175195,4467,11777,45302,890064,0.102304,28156,714863,0.082166,50136,1604927,0.18447,8700223
1,2021-03-11,90170,2394831,41334,1159023,40824,1216019,8012,19789,52541,913674,0.105017,37402,752265,0.086465,61012,1665939,0.191482,8700223
1,2021-03-12,98894,2493725,43562,1202585,42907,1258926,12425,32214,57770,943417,0.108436,40916,793181,0.091168,70659,1736598,0.199604,8700223
1,2021-03-13,65314,2559039,29498,1232083,28047,1286973,7769,39983,41580,969491,0.111433,23604,816785,0.093881,49678,1786276,0.205314,8700223
1,2021-03-14,27869,2586908,14917,1247000,9378,1296351,3574,43557,15608,976675,0.112259,12192,828977,0.095282,19376,1805652,0.207541,8700223
1,2021-03-15,65304,2652212,28764,1275764,29803,1326154,6737,50294,38444,995575,0.114431,26646,855623,0.098345,45546,1851198,0.212776,8700223
1,2021-03-16,85792,2738004,39059,1314823,41085,1367239,5648,55942,53209,1022432,0.117518,32361,887984,0.102065,59218,1910416,0.219582,8700223
1,2021-03-17,92944,2830948,45295,1360118,41078,1408317,6571,62513,59778,1056197,0.121399,32948,920932,0.105852,66713,1977129,0.22725,8700223
1,2021-03-18,98808,2929756,50906,1411024,42160,1450477,5742,68255,59945,1083860,0.124578,38518,959450,0.110279,66181,2043310,0.234857,8700223
1,2021-03-19,103612,3033368,53676,1464700,43630,1494107,6306,74561,60810,1108971,0.127465,42519,1001969,0.115166,67630,2110940,0.242631,8700223
1,2021-03-20,72441,3105809,37193,1501893,29981,1524088,5267,79828,46695,1135655,0.130532,25557,1027526,0.118103,52241,2163181,0.248635,8700223
1,2021-03-21,27209,3133018,19000,1520893,6393,1530481,1816,81644,17107,1144662,0.131567,10013,1037539,0.119254,19020,2182201,0.250821,8700223
1,2021-03-22,59275,3192293,30564,1551457,25435,1555916,3276,84920,40120,1169499,0.134422,18935,1056474,0.121431,43772,2225973,0.255852,8700223
1,2021-03-23,83028,3275321,42255,1593712,37151,1593067,3622,88542,51257,1193305,0.137158,31537,1088011,0.125056,55343,2281316,0.262214,8700223
1,2021-03-24,87928,3363249,44535,1638247,39032,1632099,4361,92903,52689,1215574,0.139718,34951,1122962,0.129073,57220,2338536,0.26879,8700223
1,2021-03-25,96736,3459985,49426,1687673,41480,1673579,5830,98733,53930,1233060,0.141727,42485,1165447,0.133956,59971,2398507,0.275683,8700223
1,2021-03-26,104507,3564492,51010,1738683,47157,1720736,6340,105073,56209,1247970,0.143441,47939,1213386,0.139466,62849,2461356,0.282907,8700223
1,2021-03-27,74018,3638510,38214,1776897,31614,1752350,4190,109263,38278,1255126,0.144264,35514,1248900,0.143548,42670,2504026,0.287812,8700223
1,2021-03-28,32616,3671126,21358,1798255,10044,1762394,1214,110477,16492,1257261,0.144509,16020,1264920,0.145389,18155,2522181,0.289898,8700223
1,2021-03-29,67035,3738161,33295,1831550,30573,1792967,3167,113644,37132,1268054,0.14575,29710,1294630,0.148804,40503,2562684,0.294554,8700223
1,2021-03-30,91869,3830030,45277,1876827,40211,1833178,6381,120025,47329,1277508,0.146836,44345,1338975,0.153901,53799,2616483,0.300737,8700223
1,2021-03-31,100626,3930656,52600,1929427,41867,1875045,6159,126184,55261,1293937,0.148725,45057,1384032,0.15908,61486,2677969,0.307805,8700223
1,2021-04-01,111702,4042358,53485,1982912,49442,1924487,8775,134959,56988,1305453,0.150048,54300,1438332,0.165321,65816,2743785,0.31537,8700223
1,2021-04-02,111171,4153529,50890,2033802,50594,1975081,9687,144646,56491,1317595,0.151444,54241,1492573,0.171556,66383,2810168,0.323,8700223
1,2021-04-03,77976,4231505,39243,2073045,29100,2004181,9633,154279,36480,1322459,0.152003,41318,1533891,0.176305,46182,2856350,0.328308,8700223
1,2021-04-04,23751,4255256,11825,2084870,8462,2012643,3464,157743,9933,1322093,0.151961,13754,1547645,0.177886,13388,2869738,0.329846,8700223
1,2021-04-05,76401,4331657,36816,2121686,30313,2042956,9272,167015,34401,1324139,0.152196,41802,1589447,0.18269,43848,2913586,0.334886,8700223
1,2021-04-06,103678,4435335,49215,2170901,37855,2080811,16608,183623,46829,1331052,0.152991,56564,1646011,0.189192,63477,2977063,0.342182,8700223
1,2021-04-07,111699,4547034,54327,2225228,39853,2120664,17519,201142,50396,1337995,0.153789,61001,1707012,0.196203,67944,3045007,0.349992,8700223
1,2021-04-08,122066,4669100,57834,2283062,43293,2163957,20939,222081,53941,1345228,0.15462,67714,1774726,0.203986,74947,3119954,0.358606,8700223
1,2021-04-09,123407,4792507,56438,2339500,46210,2210167,20759,242840,54226,1351457,0.155336,68814,1843540,0.211896,75043,3194997,0.367232,8700223
1,2021-04-10,95490,4887997,42450,2381950,30349,2240516,22691,265531,37261,1353363,0.155555,58025,1901565,0.218565,59931,3254928,0.37412,8700223
1,2021-04-11,36303,4924300,20301,2402251,9370,2249886,6632,272163,14784,1353431,0.155563,21458,1923023,0.221031,21526,3276454,0.376594,8700223
1,2021-04-12,74257,4998557,33225,2435476,31051,2280937,9981,282144,31414,1352424,0.155447,42557,1965580,0.225923,41550,3318004,0.38137,8700223
1,2021-04-13,97133,5095690,52034,2487510,44760,2325697,339,282483,52463,1361189,0.156454,44381,2009961,0.231024,53146,3371150,0.387479,8700223
1,2021-04-14,104896,5200586,54359,2541869,50466,2376163,71,282554,53403,1363900,0.156766,51135,2061096,0.236902,53846,3424996,0.393668,8700223
1,2021-04-15,106167,5306753,57757,2599626,48319,2424482,91,282645,56760,1372092,0.157708,48830,2109926,0.242514,57022,3482018,0.400222,8700223
1,2021-04-16,110555,5417308,56783,2656409,53684,2478166,88,282733,55438,1373208,0.157836,54594,2164520,0.248789,55710,3537728,0.406625,8700223
1,2021-04-17,83428,5500736,45300,2701709,38117,2516283,11,282744,46820,1383822,0.159056,36379,2200899,0.25297,46993,3584721,0.412026,8700223
1,2021-04-18,30138,5530874,20396,2722105,9735,2526018,7,282751,15219,1384417,0.159124,14832,2215731,0.254675,15427,3600148,0.4138,8700223
1,2021-04-19,67135,5598009,33983,2756088,33139,2559157,13,282764,30532,1378835,0.158483,36255,2251986,0.258842,30673,3630821,0.417325,8700223
1,2021-04-20,88385,5686394,44552,2800640,43809,2602966,24,282788,41641,1374297,0.157961,46405,2298391,0.264176,41867,3672688,0.422137,8700223
1,2021-04-21,97265,5783659,50721,2851361,46447,2649413,97,282885,43761,1365427,0.156942,52961,2351352,0.270263,44091,3716779,0.427205,8700223
1,2021-04-22,96717,5880376,50451,2901812,46250,2695663,16,282901,44462,1358351,0.156128,51773,2403125,0.276214,44697,3761476,0.432342,8700223
1,2021-04-23,101280,5981656,52298,2954110,48956,2744619,26,282927,48457,1354725,0.155712,52336,2455461,0.28223,48710,3810186,0.437941,8700223
1,2021-04-24,75360,6057016,46728,3000838,28607,2773226,25,282952,42658,1365069,0.1569,32592,2488053,0.285976,42936,3853122,0.442876,8700223
1,2021-04-25,26960,6083976,17161,3017999,9785,2783011,14,282966,15413,1369198,0.157375,11437,2499490,0.28729,15566,3868688,0.444665,8700223
1,2021-04-26,65947,6149923,34645,3052644,30902,2813913,400,283366,31495,1367276,0.157154,34155,2533645,0.291216,32233,3900921,0.44837,8700223
1,2021-04-27,81188,6231111,43143,3095787,36747,2850660,1298,284664,35540,1359087,0.156213,45370,2579015,0.296431,37181,3938102,0.452644,8700223
1,2021-04-28,80730,6311841,42969,3138756,36272,2886932,1489,286153,35696,1351795,0.155375,44706,2623721,0.301569,37414,3975516,0.456944,8700223
1,2021-04-29,83791,6395632,46105,3184861,36081,2923013,1605,287758,34662,1339422,0.153953,48799,2672520,0.307178,36426,4011942,0.461131,8700223
1,2021-04-30,91421,6487053,49587,3234448,39976,2962989,1858,289616,38655,1327649,0.152599,52455,2724975,0.313207,40682,4052624,0.465807,8700223
1,2021-05-01,62221,6549274,40206,3274654,20600,2983589,1415,291031,26264,1319810,0.151698,35737,2760712,0.317315,27898,4080522,0.469013,8700223
1,2021-05-02,23218,6572492,16397,3291051,6245,2989834,576,291607,9395,1316095,0.151271,13715,2774427,0.318891,10000,4090522,0.470163,8700223
1,2021-05-03,55576,6628068,30734,3321785,23007,3012841,1835,293442,20558,1303758,0.149853,34786,2809213,0.32289,22449,4112971,0.472743,8700223
1,2021-05-04,74976,6703044,43172,3364957,29725,3042566,2079,295521,27277,1285791,0.147788,47412,2856625,0.328339,29445,4142416,0.476128,8700223
1,2021-05-05,77210,6780254,44793,3409750,30126,3072692,2291,297812,26435,1264146,0.1453,50454,2907079,0.334138,28809,4171225,0.479439,8700223
1,2021-05-06,78377,6858631,47463,3457213,28748,3101440,2166,299978,24635,1237722,0.142263,53381,2960460,0.340274,26957,4198182,0.482537,8700223
1,2021-05-07,82485,6941116,46910,3504123,33382,3134822,2193,302171,27737,1213388,0.139466,54330,3014790,0.346519,29996,4228178,0.485985,8700223
1,2021-05-08,56610,6997726,35525,3539648,19450,3154272,1635,303806,19366,1197563,0.137647,36920,3051710,0.350762,21095,4249273,0.48841,8700223
1,2021-05-09,18150,7015876,13053,3552701,4622,3158894,475,304281,5557,1191112,0.136906,12518,3064228,0.352201,6067,4255340,0.489107,8700223
1,2021-05-10,43695,7059571,22084,3574785,19806,3178700,1805,306086,14830,1179237,0.135541,28604,3092832,0.355489,16729,4272069,0.49103,8700223
1,2021-05-11,61673,7121244,33458,3608243,26075,3204775,2140,308226,20459,1161005,0.133445,40950,3133782,0.360196,22718,4294787,0.493641,8700223
1,2021-05-12,62176,7183420,33120,3641363,27045,3231820,2011,310237,20484,1142184,0.131282,41387,3175169,0.364953,22566,4317353,0.496235,8700223
1,2021-05-13,66208,7249628,38836,3680199,25388,3257208,1984,312221,25231,1129069,0.129775,40608,3215777,0.36962,27493,4344846,0.499395,8700223
1,2021-05-14,75818,7325446,45715,3725914,27719,3284927,2384,314605,30733,1117764,0.128475,44700,3260477,0.374758,33395,4378241,0.503233,8700223
1,2021-05-15,65922,7391368,43269,3769183,20915,3305842,1738,316343,26323,1106576,0.127189,39318,3299795,0.379277,28130,4406371,0.506466,8700223
1,2021-05-16,24847,7416215,18294,3787477,5934,3311776,619,316962,10200,1102901,0.126767,14540,3314335,0.380948,10865,4417236,0.507715,8700223
1,2021-05-17,53905,7470120,32977,3820454,19168,3330944,1760,318722,22952,1096971,0.126085,30702,3345037,0.384477,24772,4442008,0.510563,8700223
1,2021-05-18,64728,7534848,39017,3859471,23894,3354838,1817,320539,28117,1090648,0.125359,36342,3381379,0.388654,30019,4472027,0.514013,8700223
1,2021-05-19,66082,7600930,40253,3899724,23907,3378745,1922,322461,29533,1085919,0.124815,36272,3417651,0.392823,31543,4503570,0.517638,8700223
1,2021-05-20,63891,7664821,37083,3936807,24624,3403369,2184,324645,26300,1077351,0.12383,37256,3454907,0.397106,28688,4532258,0.520936,8700223
1,2021-05-21,69641,7734462,41618,3978425,26176,3429545,1847,326492,28806,1067670,0.122718,40434,3495341,0.401753,30753,4563011,0.524471,8700223
1,2021-05-22,55630,7790092,36593,4015018,17323,3446868,1714,328206,24325,1062759,0.122153,31049,3526390,0.405322,26138,4589149,0.527475,8700223
1,2021-05-23,20168,7810260,14207,4029225,5372,3452240,589,328795,9451,1062204,0.122089,10619,3537009,0.406542,10064,4599213,0.528632,8700223
1,2021-05-24,43547,7853807,24315,4053540,17414,3469654,1818,330613,17691,1056185,0.121397,25610,3562619,0.409486,19591,4618804,0.530883,8700223
1,2021-05-25,50647,7904454,29159,4082699,19817,3489471,1671,332284,21020,1049625,0.120643,29352,3591971,0.41286,22792,4641596,0.533503,8700223
1,2021-05-26,48274,7952728,27384,4110083,19001,3508472,1889,334173,20506,1044597,0.120066,27471,3619442,0.416017,22443,4664039,0.536083,8700223
1,2021-05-27,46807,7999535,26286,4136369,18630,3527102,1891,336064,20128,1040333,0.119575,26400,3645842,0.419052,22136,4686175,0.538627,8700223
1,2021-05-28,52178,8051713,29045,4165414,21327,3548429,1806,337870,23393,1037190,0.119214,28468,3674310,0.422324,25325,4711500,0.541538,8700223
1,2021-05-29,30501,8082214,18456,4183870,11082,3559511,963,338833,14580,1037016,0.119194,15772,3690082,0.424136,15598,4727098,0.543331,8700223
1,2021-05-30,11594,8093808,7479,4191349,3566,3563077,549,339382,5486,1037036,0.119196,6039,3696121,0.424831,6059,4733157,0.544027,8700223
1,2021-05-31,5689,8099497,3247,4194596,2192,3565269,250,339632,1987,1035643,0.119036,3643,3699764,0.425249,2250,4735407,0.544286,8700223
1,2021-06-01,45649,8145146,25809,4220405,18284,3583553,1556,341188,17346,1026621,0.117999,28001,3727765,0.428468,18979,4754386,0.546467,8700223
1,2021-06-02,39827,8184973,23109,4243514,15214,3598767,1504,342692,16069,1020797,0.11733,23470,3751235,0.431165,17646,4772032,0.548495,8700223
1,2021-06-03,41180,8226153,25794,4269308,13698,3612465,1688,344380,15789,1013250,0.116463,25096,3776331,0.43405,17549,4789581,0.550512,8700223
1,2021-06-04,49983,8276136,32002,4301310,16182,3628647,1799,346179,17916,1001311,0.11509,31731,3808062,0.437697,19792,4809373,0.552787,8700223
1,2021-06-05,40185,8316321,27439,4328749,10756,3639403,1990,348169,14181,991744,0.113991,25794,3833856,0.440662,16227,4825600,0.554652,8700223
1,2021-06-06,13138,8329459,10521,4339270,2115,3641518,502,348671,4579,988407,0.113607,8479,3842335,0.441636,5142,4830742,0.555243,8700223
1,2021-06-07,33891,8363350,23385,4362655,9160,3650678,1346,350017,12071,980256,0.11267,21618,3863953,0.444121,13467,4844209,0.556791,8700223
1,2021-06-08,42112,8405462,29149,4391804,11326,3662004,1637,351654,14688,969513,0.111435,27160,3891113,0.447243,16417,4860626,0.558678,8700223
1,2021-06-09,42032,8447494,29177,4420981,11229,3673233,1626,353280,13739,956946,0.109991,27994,3919107,0.450461,15427,4876053,0.560451,8700223
1,2021-06-10,38898,8486392,26238,4447219,10986,3684219,1674,354954,13393,946860,0.108832,25261,3944368,0.453364,15175,4891228,0.562196,8700223
1,2021-06-11,43523,8529915,28832,4476051,13031,3697250,1660,356614,15419,936210,0.107608,27810,3972178,0.45656,17160,4908388,0.564168,8700223
1,2021-06-12,33618,8563533,24333,4500384,8091,3705341,1194,357808,11089,926243,0.106462,22320,3994498,0.459126,12353,4920741,0.565588,8700223
1,2021-06-13,11620,8575153,8433,4508817,2706,3708047,481,358289,3400,922006,0.105975,8154,4002652,0.460063,3917,4924658,0.566038,8700223
1,2021-06-14,30768,8605921,20722,4529539,8750,3716797,1296,359585,11521,915803,0.105262,19053,4021705,0.462253,12850,4937508,0.567515,8700223
1,2021-06-15,37081,8643002,24322,4553861,10909,3727706,1850,361435,13758,908439,0.104416,23064,4044769,0.464904,15700,4953208,0.56932,8700223
1,2021-06-16,35240,8678242,23793,4577654,9614,3737320,1833,363268,13215,901772,0.103649,21776,4066545,0.467407,15109,4968317,0.571056,8700223
1,2021-06-17,33412,8711654,22083,4599737,9371,3746691,1958,365226,13071,896787,0.103076,20108,4086653,0.469718,15123,4983440,0.572795,8700223
1,2021-06-18,39177,8750831,25419,4625156,10920,3757611,2838,368064,15195,891158,0.102429,23721,4110374,0.472445,18092,5001532,0.574874,8700223
1,2021-06-19,23711,8774542,16434,4641590,6080,3763691,1197,369261,9768,888381,0.10211,13779,4124153,0.474028,11002,5012534,0.576139,8700223
1,2021-06-20,8080,8782622,5907,4647497,1898,3765589,275,369536,3213,887072,0.10196,4807,4128960,0.474581,3498,5016032,0.576541,8700223
1,2021-06-21,20819,8803441,11795,4659292,6844,3772433,2180,371716,10864,890317,0.102333,9847,4138807,0.475713,13092,5029124,0.578045,8700223
1,2021-06-22,30567,8834008,19972,4679264,8478,3780911,2117,373833,12862,887860,0.10205,17509,4156316,0.477725,15052,5044176,0.579775,8700223
1,2021-06-23,29169,8863177,19577,4698841,7780,3788691,1812,375645,12762,886251,0.101865,16214,4172530,0.479589,14605,5058781,0.581454,8700223
1,2021-06-24,27982,8891159,18659,4717500,7677,3796368,1646,377291,11883,883928,0.101598,15917,4188447,0.481418,13594,5072375,0.583017,8700223
1,2021-06-25,31414,8922573,21303,4738803,8712,3805080,1399,378690,13814,881816,0.101356,17378,4205825,0.483416,15266,5087641,0.584771,8700223
1,2021-06-26,22119,8944692,16421,4755224,4886,3809966,812,379502,9656,879986,0.101145,12348,4218173,0.484835,10518,5098159,0.58598,8700223
1,2021-06-27,9097,8953789,6766,4761990,1904,3811870,427,379929,4060,879515,0.101091,4975,4223148,0.485407,4504,5102663,0.586498,8700223
1,2021-06-28,20908,8974697,15529,4777519,4120,3815990,1259,381188,9709,879493,0.101089,11041,4234189,0.486676,11019,5113682,0.587764,8700223
1,2021-06-29,26323,9001020,17997,4795516,6964,3822954,1362,382550,11584,877931,0.100909,14569,4248758,0.48835,13007,5126689,0.589259,8700223
1,2021-06-30,25501,9026521,17661,4813177,6810,3829764,1030,383580,12104,877932,0.100909,13203,4261961,0.489868,13204,5139893,0.590777,8700223
1,2021-07-01,23267,9049788,16204,4829381,5816,3835580,1247,384827,10769,877670,0.100879,12354,4274315,0.491288,12092,5151985,0.592167,8700223
1,2021-07-02,25979,9075767,17832,4847213,7124,3842704,1023,385850,12230,877439,0.100852,13562,4287877,0.492847,13331,5165316,0.593699,8700223
1,2021-07-03,14428,9090195,10085,4857298,3911,3846615,432,386282,6850,877303,0.100837,7454,4295331,0.493704,7318,5172634,0.59454,8700223
1,2021-07-04,1257,9091452,706,4858004,486,3847101,65,386347,605,877335,0.100841,644,4295975,0.493778,676,5173310,0.594618,8700223
1,2021-07-05,10895,9102347,7516,4865520,3017,3850118,362,386709,5192,877288,0.100835,5644,4301619,0.494426,5597,5178907,0.595261,8700223
1,2021-07-06,26542,9128889,18753,4884273,6684,3856802,1105,387814,10588,873305,0.100377,15779,4317398,0.49624,11796,5190703,0.596617,8700223
1,2021-07-07,22654,9151543,15945,4900218,5703,3862505,1006,388820,9784,871474,0.100167,12707,4330105,0.4977,10876,5201579,0.597867,8700223
1,2021-07-08,11657,9163200,8250,4908468,2666,3865171,741,389561,4785,870264,0.100028,6801,4336906,0.498482,5591,5207170,0.59851,8700223
2,2020-12-15,242,242,242,242,0,0,0,0,242,242,2.9e-05,0,0,0.0,242,242,2.9e-05,8407551
2,2020-12-16,2129,2371,2129,2371,0,0,0,0,2128,2370,0.000282,0,0,0.0,2128,2370,0.000282,8407551
2,2020-12-17,6854,9225,6854,9225,0,0,0,0,6855,9225,0.001097,0,0,0.0,6855,9225,0.001097,8407551
2,2020-12-18,11101,20326,11081,20306,20,20,0,0,11101,20326,0.002418,0,0,0.0,11101,20326,0.002418,8407551
2,2020-12-19,5623,25949,5617,25923,6,26,0,0,5624,25950,0.003087,0,0,0.0,5624,25950,0.003087,8407551
2,2020-12-20,4258,30207,4248,30171,10,36,0,0,4253,30202,0.003592,1,1,0.0,4253,30203,0.003592,8407551
2,2020-12-21,12783,42990,12757,42928,26,62,0,0,12738,42940,0.005107,0,1,0.0,12738,42941,0.005107,8407551
2,2020-12-22,12154,55144,11642,54570,512,574,0,0,12153,55093,0.006553,0,1,0.0,12153,55094,0.006553,8407551
2,2020-12-23,11710,66854,9492,64062,2218,2792,0,0,11712,66805,0.007946,1,2,0.0,11713,66807,0.007946,8407551
2,2020-12-24,5913,72767,3502,67564,2411,5203,0,0,5909,72713,0.008649,3,5,1e-06,5911,72718,0.008649,8407551
2,2020-12-25,484,73251,406,67970,78,5281,0,0,486,73199,0.008706,0,5,1e-06,486,73204,0.008707,8407551
2,2020-12-26,2562,75813,1669,69639,893,6174,0,0,2563,75761,0.009011,1,6,1e-06,2563,75767,0.009012,8407551
2,2020-12-27,2226,78039,1211,70850,1015,7189,0,0,2223,77982,0.009275,2,8,1e-06,2223,77990,0.009276,8407551
2,2020-12-28,11032,89071,7169,78019,3863,11052,0,0,11032,89013,0.010587,1,9,1e-06,11032,89022,0.010588,8407551
2,2020-12-29,12726,101797,7150,85169,5576,16628,0,0,12730,101743,0.012101,0,9,1e-06,12730,101752,0.012102,8407551
2,2020-12-30,15433,117230,8660,93829,6773,23401,0,0,15428,117168,0.013936,5,14,2e-06,15430,117182,0.013938,8407551
2,2020-12-31,7588,124818,2832,96661,4756,28157,0,0,7581,124744,0.014837,5,19,2e-06,7581,124763,0.014839,8407551
2,2021-01-01,1198,126016,592,97253,606,28763,0,0,1199,125940,0.014979,3,22,3e-06,1199,125962,0.014982,8407551
2,2021-01-02,4851,130867,2767,100020,2084,30847,0,0,4846,130784,0.015556,2,24,3e-06,4846,130808,0.015558,8407551
2,2021-01-03,1407,132274,792,100812,615,31462,0,0,1400,132181,0.015722,3,27,3e-06,1400,132208,0.015725,8407551
2,2021-01-04,11667,143941,5561,106373,6106,37568,0,0,11656,143834,0.017108,3,30,4e-06,11656,143864,0.017111,8407551
2,2021-01-05,13888,157829,6927,113300,6961,44529,0,0,12678,155343,0.018477,1204,1234,0.000147,12713,156577,0.018623,8407551
2,2021-01-06,19014,176843,10487,123787,8527,53056,0,0,15227,166847,0.019845,3733,4967,0.000591,15237,171814,0.020436,8407551
2,2021-01-07,23257,200100,13119,136906,10138,63194,0,0,15609,174818,0.020793,7654,12621,0.001501,15625,187439,0.022294,8407551
2,2021-01-08,26765,226865,16242,153148,10523,73717,0,0,16463,181052,0.021534,10253,22874,0.002721,16487,203926,0.024255,8407551
2,2021-01-09,9846,236711,5749,158897,4097,77814,0,0,6291,183788,0.02186,3562,26436,0.003144,6298,210224,0.025004,8407551
2,2021-01-10,5339,242050,2969,161866,2370,80184,0,0,3084,184613,0.021958,2264,28700,0.003414,3089,213313,0.025372,8407551
2,2021-01-11,26156,268206,18002,179868,8154,88338,0,0,15076,188650,0.022438,11089,39789,0.004733,15126,228439,0.027171,8407551
2,2021-01-12,26319,294525,16352,196220,9967,98305,0,0,16741,195885,0.023299,9590,49379,0.005873,16825,245264,0.029172,8407551
2,2021-01-13,28630,323155,15184,211404,13446,111751,0,0,20652,208601,0.024811,7965,57344,0.006821,20681,265945,0.031632,8407551
2,2021-01-14,30398,353553,11498,222902,18900,130651,0,0,26129,230518,0.027418,4282,61626,0.00733,26199,292144,0.034748,8407551
2,2021-01-15,35203,388756,12832,235734,22371,153022,0,0,31924,259250,0.030835,3281,64907,0.00772,32013,324157,0.038555,8407551
2,2021-01-16,17739,406495,5648,241382,12091,165113,0,0,16405,274315,0.032627,1351,66258,0.007881,16416,340573,0.040508,8407551
2,2021-01-17,10679,417174,3629,245011,7050,172163,0,0,9949,283525,0.033723,747,67005,0.00797,9957,350530,0.041692,8407551
2,2021-01-18,19732,436906,11023,256034,8709,180872,0,0,14927,293688,0.034931,4824,71829,0.008543,14987,365517,0.043475,8407551
2,2021-01-19,32522,469428,16858,272892,15664,196536,0,0,24530,310341,0.036912,7990,79819,0.009494,24643,390160,0.046406,8407551
2,2021-01-20,37671,507099,18989,291881,18682,215218,0,0,29057,330904,0.039358,8585,88404,0.010515,29148,419308,0.049873,8407551
2,2021-01-21,40972,548071,17426,309307,23546,238764,0,0,36491,363115,0.043189,4452,92856,0.011044,36663,455971,0.054234,8407551
2,2021-01-22,39618,587689,16555,325862,23063,261827,0,0,36273,396048,0.047106,3366,96222,0.011445,36299,492270,0.058551,8407551
2,2021-01-23,24120,611809,10785,336647,13335,275162,0,0,21148,414274,0.049274,2952,99174,0.011796,21178,513448,0.06107,8407551
2,2021-01-24,12435,624244,6109,342756,6326,281488,0,0,11513,424894,0.050537,905,100079,0.011903,11525,524973,0.062441,8407551
2,2021-01-25,33950,658194,15690,358446,18260,299748,0,0,25129,441390,0.052499,8771,108850,0.012947,25267,550240,0.065446,8407551
2,2021-01-26,40605,698799,19972,378418,20633,320381,0,0,31452,463797,0.055164,9128,117978,0.014032,31535,581775,0.069197,8407551
2,2021-01-27,46000,744799,22967,401385,23033,343414,0,0,35699,489377,0.058207,10179,128157,0.015243,35759,617534,0.07345,8407551
2,2021-01-28,48228,793027,22734,424119,25494,368908,0,0,39527,520337,0.061889,8639,136796,0.016271,39599,657133,0.07816,8407551
2,2021-01-29,45862,838889,22269,446388,23593,392501,0,0,37098,548850,0.065281,8649,145445,0.017299,37162,694295,0.08258,8407551
2,2021-01-30,31648,870537,13691,460079,17957,410458,0,0,28244,573761,0.068244,3366,148811,0.0177,28277,722572,0.085943,8407551
2,2021-01-31,17566,888103,10598,470677,6968,417426,0,0,16360,588956,0.070051,1185,149996,0.017841,16380,738952,0.087891,8407551
2,2021-02-01,41191,929294,19865,490542,21326,438752,0,0,30138,608128,0.072331,11004,161000,0.019149,30176,769128,0.091481,8407551
2,2021-02-02,48103,977397,19627,510169,28476,467228,0,0,36567,633331,0.075329,11459,172459,0.020512,36662,805790,0.095841,8407551
2,2021-02-03,54355,1031752,24177,534346,30178,497406,0,0,40079,659331,0.078421,14173,186632,0.022198,40173,845963,0.100619,8407551
2,2021-02-04,56260,1088012,24276,558622,31984,529390,0,0,41090,685456,0.081529,15064,201696,0.02399,41189,887152,0.105518,8407551
2,2021-02-05,60336,1148348,26604,585226,33732,563122,0,0,40831,707158,0.08411,19305,221001,0.026286,41007,928159,0.110396,8407551
2,2021-02-06,39148,1187496,18214,603440,20934,584056,0,0,31433,731050,0.086952,7633,228634,0.027194,31525,959684,0.114145,8407551
2,2021-02-07,16030,1203526,10736,614176,5294,589350,0,0,12166,739446,0.08795,3839,232473,0.027651,12235,971919,0.115601,8407551
2,2021-02-08,43526,1247052,22396,636572,21130,610480,0,0,29957,756201,0.089943,13412,245885,0.029246,30167,1002086,0.119189,8407551
2,2021-02-09,49546,1296598,23491,660063,26055,636535,0,0,30669,768667,0.091426,18531,264416,0.03145,30997,1033083,0.122876,8407551
2,2021-02-10,59928,1356526,28236,688299,31692,668227,0,0,34658,778710,0.09262,24969,289385,0.03442,35012,1068095,0.12704,8407551
2,2021-02-11,64525,1421051,29855,718154,34670,702897,0,0,36058,787123,0.093621,28142,317527,0.037767,36555,1104650,0.131388,8407551
2,2021-02-12,65588,1486639,28237,746391,37351,740248,0,0,34804,792130,0.094216,30453,347980,0.041389,35460,1140110,0.135605,8407551
2,2021-02-13,38133,1524772,15948,762339,22185,762433,0,0,22066,798606,0.094987,15968,363948,0.043288,22444,1162554,0.138275,8407551
2,2021-02-14,20205,1544977,9433,771772,10772,773205,0,0,11280,801374,0.095316,8873,372821,0.044344,11641,1174195,0.13966,8407551
2,2021-02-15,33349,1578326,15107,786879,18242,791447,0,0,18443,805904,0.095855,14770,387591,0.0461,19300,1193495,0.141955,8407551
2,2021-02-16,56544,1634870,27873,814752,28671,820118,0,0,29728,809593,0.096294,26709,414300,0.049277,30398,1223893,0.145571,8407551
2,2021-02-17,62175,1697045,32188,846940,29987,850105,0,0,30729,809794,0.096317,31355,445655,0.053007,31556,1255449,0.149324,8407551
2,2021-02-18,66632,1763677,33804,880744,32828,882933,0,0,32323,809207,0.096248,34057,479712,0.057057,33470,1288919,0.153305,8407551
2,2021-02-19,60128,1823805,33521,914265,26607,909540,0,0,29675,809230,0.09625,30256,509968,0.060656,30279,1319198,0.156906,8407551
2,2021-02-20,38068,1861873,24808,939073,13260,922800,0,0,20494,812928,0.09669,17476,527444,0.062735,21174,1340372,0.159425,8407551
2,2021-02-21,22100,1883973,17979,957052,4121,926921,0,0,10783,813285,0.096733,11229,538673,0.06407,11586,1351958,0.160803,8407551
2,2021-02-22,39340,1923313,26990,984042,12350,939271,0,0,18602,811955,0.096574,20604,559277,0.066521,19274,1371232,0.163095,8407551
2,2021-02-23,53677,1976990,27456,1011498,26221,965492,0,0,23419,807263,0.096016,30004,589281,0.070089,25312,1396544,0.166106,8407551
2,2021-02-24,70760,2047750,36557,1048055,34203,999695,0,0,32315,803694,0.095592,38253,627534,0.074639,34684,1431228,0.170231,8407551
2,2021-02-25,76076,2123826,35963,1084018,40113,1039808,0,0,38589,807868,0.096088,37229,664763,0.079067,41403,1472631,0.175156,8407551
2,2021-02-26,84015,2207841,36080,1120098,47935,1087743,0,0,45172,816686,0.097137,38548,703311,0.083652,47366,1519997,0.18079,8407551
2,2021-02-27,60991,2268832,28174,1148272,32810,1120553,7,7,33240,823750,0.097977,27517,730828,0.086925,34581,1554578,0.184903,8407551
2,2021-02-28,30003,2298835,17937,1166209,12065,1132618,1,8,17537,829764,0.098693,12357,743185,0.088395,18371,1572949,0.187088,8407551
2,2021-03-01,57348,2356183,30118,1196327,27189,1159807,41,49,31180,836295,0.09947,25883,769068,0.091473,32414,1605363,0.190943,8407551
2,2021-03-02,68899,2425082,33069,1229396,35821,1195628,9,58,38648,847202,0.100767,30085,799153,0.095052,40992,1646355,0.195819,8407551
2,2021-03-03,80102,2505184,38872,1268268,41216,1236844,14,72,45296,860485,0.102347,34597,833750,0.099167,47880,1694235,0.201513,8407551
2,2021-03-04,88151,2593335,43444,1311712,44677,1281521,30,102,50785,876552,0.104258,37126,870876,0.103583,53193,1747428,0.20784,8407551
2,2021-03-05,82074,2675409,38654,1350366,43114,1324635,306,408,50233,897848,0.106791,31622,902498,0.107344,52918,1800346,0.214134,8407551
2,2021-03-06,62833,2738242,30743,1381109,30392,1355027,1698,2106,38668,915613,0.108904,24036,926534,0.110203,41801,1842147,0.219106,8407551
2,2021-03-07,28675,2766917,16299,1397408,10834,1365861,1542,3648,18126,925912,0.110129,10478,937012,0.111449,20777,1862924,0.221577,8407551
2,2021-03-08,50795,2817712,23294,1420702,24919,1390780,2582,6230,31904,943258,0.112192,18777,955789,0.113682,36123,1899047,0.225874,8407551
2,2021-03-09,70545,2888257,32119,1452821,34560,1425340,3866,10096,39041,956142,0.113724,31368,987157,0.117413,44252,1943299,0.231137,8407551
2,2021-03-10,78320,2966577,37062,1489883,34706,1460046,6552,16648,41556,969025,0.115257,36551,1023708,0.121761,49434,1992733,0.237017,8407551
2,2021-03-11,93219,3059796,43000,1532883,41843,1501889,8376,25024,48630,983152,0.116937,44281,1067989,0.127027,58408,2051141,0.243964,8407551
2,2021-03-12,94009,3153805,38658,1571541,43365,1545254,11986,37010,46788,996381,0.11851,46972,1114961,0.132614,60201,2111342,0.251124,8407551
2,2021-03-13,69209,3223014,28957,1600498,32338,1577592,7914,44924,38110,1012735,0.120455,30966,1145927,0.136297,47320,2158662,0.256753,8407551
2,2021-03-14,37034,3260048,18306,1618804,14203,1591795,4525,49449,18577,1018240,0.12111,18351,1164278,0.13848,23856,2182518,0.25959,8407551
2,2021-03-15,67485,3327533,30448,1649252,31981,1623776,5056,54505,37187,1031502,0.122688,30077,1194355,0.142057,43339,2225857,0.264745,8407551
2,2021-03-16,86271,3413804,38162,1687414,44095,1667871,4014,58519,52231,1055027,0.125486,33851,1228206,0.146084,57376,2283233,0.271569,8407551
2,2021-03-17,92637,3506441,44344,1731758,44130,1712001,4163,62682,58797,1085266,0.129082,33565,1261771,0.150076,63804,2347037,0.279158,8407551
2,2021-03-18,97990,3604431,46762,1778520,46641,1758642,4587,67269,59737,1112221,0.132288,37935,1299706,0.154588,64890,2411927,0.286876,8407551
2,2021-03-19,97418,3701849,46101,1824621,45177,1803819,6140,73409,57868,1137508,0.135296,39250,1338956,0.159256,64537,2476464,0.294552,8407551
2,2021-03-20,69830,3771679,33786,1858407,32118,1835937,3926,77335,45798,1163815,0.138425,23786,1362742,0.162085,50093,2526557,0.30051,8407551
2,2021-03-21,33394,3805073,21559,1879966,9849,1845786,1986,79321,20103,1173184,0.139539,13152,1375894,0.16365,22521,2549078,0.303189,8407551
2,2021-03-22,62779,3867852,34538,1914504,25596,1871382,2645,81966,41700,1197575,0.14244,20851,1396745,0.16613,45242,2594320,0.30857,8407551
2,2021-03-23,83667,3951519,44525,1959029,36233,1907615,2909,84875,52353,1222635,0.145421,31040,1427785,0.169822,56100,2650420,0.315243,8407551
2,2021-03-24,91497,4043016,49196,2008225,39141,1946756,3160,88035,53704,1242848,0.147825,37466,1465251,0.174278,57679,2708099,0.322103,8407551
2,2021-03-25,101090,4144106,50985,2059210,46214,1992970,3891,91926,57258,1261275,0.150017,43483,1508734,0.17945,61910,2770009,0.329467,8407551
2,2021-03-26,103283,4247389,51224,2110434,48563,2041533,3496,95422,56571,1276062,0.151776,46327,1555061,0.18496,61114,2831123,0.336736,8407551
2,2021-03-27,75495,4322884,37623,2148057,34562,2076095,3310,98732,37928,1280836,0.152344,37323,1592384,0.189399,42097,2873220,0.341743,8407551
2,2021-03-28,37662,4360546,23246,2171303,13607,2089702,809,99541,20217,1285392,0.152885,17322,1609706,0.19146,21878,2895098,0.344345,8407551
2,2021-03-29,71267,4431813,36208,2207511,32793,2122495,2266,101807,40676,1298846,0.154486,30389,1640095,0.195074,43843,2938941,0.34956,8407551
2,2021-03-30,91867,4523680,44979,2252490,42528,2165023,4360,106167,51705,1315556,0.156473,39957,1680052,0.199827,56667,2995608,0.3563,8407551
2,2021-03-31,101167,4624847,52074,2304564,43969,2208992,5124,111291,57492,1335152,0.158804,43366,1723418,0.204985,62962,3058570,0.363788,8407551
2,2021-04-01,117445,4742292,56690,2361254,51533,2260525,9222,120513,63994,1355735,0.161252,53068,1776486,0.211296,73651,3132221,0.372549,8407551
2,2021-04-02,111600,4853892,51394,2412648,50031,2310556,10175,130688,59954,1375073,0.163552,51268,1827754,0.217394,70606,3202827,0.380946,8407551
2,2021-04-03,76740,4930632,37660,2450308,29260,2339816,9820,140508,38033,1384816,0.164711,38499,1866253,0.221973,48242,3251069,0.386684,8407551
2,2021-04-04,28989,4959621,14897,2465205,10241,2350057,3851,144359,13012,1385835,0.164832,15876,1882129,0.223862,16895,3267964,0.388694,8407551
2,2021-04-05,79156,5038777,38775,2503980,31539,2381596,8842,153201,38227,1392908,0.165673,40749,1922878,0.228708,47822,3315786,0.394382,8407551
2,2021-04-06,103946,5142723,50601,2554581,38642,2420238,14703,167904,49283,1402919,0.166864,54382,1977260,0.235177,64393,3380179,0.402041,8407551
2,2021-04-07,110430,5253153,55066,2609647,39118,2459356,16246,184150,52062,1413422,0.168113,58086,2035346,0.242085,68589,3448768,0.410199,8407551
2,2021-04-08,119327,5372480,57417,2667064,43185,2502541,18725,202875,55382,1424531,0.169435,63586,2098932,0.249648,74695,3523463,0.419083,8407551
2,2021-04-09,118844,5491324,57131,2724195,43528,2546069,18185,221060,56205,1437499,0.170977,62268,2161200,0.257055,75236,3598699,0.428032,8407551
2,2021-04-10,87551,5578875,37786,2761981,31379,2577448,18386,239446,36143,1441570,0.171461,51145,2212345,0.263138,55216,3653915,0.434599,8407551
2,2021-04-11,44483,5623358,23057,2785038,12955,2590403,8471,247917,18224,1442868,0.171616,26123,2238468,0.266245,27421,3681336,0.437861,8407551
2,2021-04-12,80005,5703363,37243,2822281,33356,2623759,9406,257323,35685,1444912,0.171859,44046,2282514,0.271484,46090,3727426,0.443343,8407551
2,2021-04-13,101946,5805309,52885,2875166,48801,2672560,260,257583,55901,1456182,0.173199,45784,2328298,0.276929,57054,3784480,0.450129,8407551
2,2021-04-14,106767,5912076,55879,2931045,50836,2723396,52,257635,54689,1460584,0.173723,51771,2380069,0.283087,56173,3840653,0.45681,8407551
2,2021-04-15,113429,6025505,60277,2991322,53074,2776470,78,257713,59438,1467566,0.174553,53602,2433671,0.289463,60584,3901237,0.464016,8407551
2,2021-04-16,110697,6136202,57501,3048823,53145,2829615,51,257764,56327,1470785,0.174936,54008,2487679,0.295886,57227,3958464,0.470822,8407551
2,2021-04-17,83420,6219622,42467,3091290,40940,2870555,13,257777,46839,1482175,0.176291,36325,2524004,0.300207,47715,4006179,0.476498,8407551
2,2021-04-18,35577,6255199,21633,3112923,13938,2884493,6,257783,16948,1481621,0.176225,18489,2542493,0.302406,17935,4024114,0.478631,8407551
2,2021-04-19,74915,6330114,40344,3153267,34555,2919048,16,257799,34225,1476074,0.175565,40410,2582903,0.307212,34863,4058977,0.482778,8407551
2,2021-04-20,97618,6427732,49507,3202774,48085,2967133,26,257825,47478,1474517,0.17538,49802,2632705,0.313136,48245,4107222,0.488516,8407551
2,2021-04-21,103429,6531161,55989,3258763,47384,3014517,56,257881,48974,1470505,0.174903,54013,2686718,0.31956,50001,4157223,0.494463,8407551
2,2021-04-22,107395,6638556,55584,3314347,51788,3066305,23,257904,47104,1458629,0.17349,59894,2746612,0.326684,48018,4205241,0.500174,8407551
2,2021-04-23,106770,6745326,56782,3371129,49970,3116275,18,257922,49338,1451886,0.172688,57017,2803629,0.333466,50274,4255515,0.506154,8407551
2,2021-04-24,79737,6825063,47078,3418207,32619,3148894,40,257962,41635,1456710,0.173262,37778,2841407,0.337959,42602,4298117,0.511221,8407551
2,2021-04-25,36215,6861278,22287,3440494,13914,3162808,14,257976,19714,1460534,0.173717,16370,2857777,0.339906,20194,4318311,0.513623,8407551
2,2021-04-26,73659,6934937,40840,3481334,32515,3195323,304,258280,33934,1456755,0.173267,39463,2897240,0.3446,35684,4353995,0.517867,8407551
2,2021-04-27,87799,7022736,46271,3527605,40167,3235490,1361,259641,37741,1447403,0.172155,49692,2946932,0.35051,40340,4394335,0.522665,8407551
2,2021-04-28,87536,7110272,46804,3574409,38871,3274361,1861,261502,38653,1440271,0.171307,48557,2995489,0.356286,41425,4435760,0.527592,8407551
2,2021-04-29,90238,7200510,49141,3623550,39399,3313760,1698,263200,35101,1422904,0.169241,54766,3050255,0.362799,37399,4473159,0.532041,8407551
2,2021-04-30,93890,7294400,51930,3675480,39969,3353729,1991,265191,36539,1405181,0.167133,56908,3107163,0.369568,39185,4512344,0.536701,8407551
2,2021-05-01,61809,7356209,37752,3713232,22493,3376222,1564,266755,24054,1394196,0.165827,37452,3144615,0.374023,26467,4538811,0.539849,8407551
2,2021-05-02,29123,7385332,20212,3733444,7937,3384159,974,267729,11081,1388432,0.165141,17906,3162521,0.376152,12142,4550953,0.541294,8407551
2,2021-05-03,59941,7445273,35476,3768920,22415,3406574,2050,269779,20167,1371411,0.163117,39506,3202027,0.380851,22485,4573438,0.543968,8407551
2,2021-05-04,79419,7524692,47410,3816330,29639,3436213,2370,272149,25809,1346703,0.160178,53284,3255311,0.387189,28576,4602014,0.547367,8407551
2,2021-05-05,79852,7604544,47589,3863919,29917,3466130,2346,274495,25030,1320007,0.157003,54436,3309747,0.393664,27740,4629754,0.550666,8407551
2,2021-05-06,82123,7686667,49758,3913677,29465,3495595,2900,277395,25148,1292177,0.153692,56519,3366266,0.400386,28689,4658443,0.554078,8407551
2,2021-05-07,83184,7769851,48021,3961698,32741,3528336,2422,279817,25622,1263469,0.150278,57209,3423475,0.407191,28501,4686944,0.557468,8407551
2,2021-05-08,55169,7825020,33414,3995112,20044,3548380,1711,281528,17288,1245548,0.148146,37650,3461125,0.411669,19729,4706673,0.559815,8407551
2,2021-05-09,21719,7846739,15667,4010779,5304,3553684,748,282276,6332,1237552,0.147195,15308,3476433,0.413489,7312,4713985,0.560685,8407551
2,2021-05-10,49803,7896542,27121,4037900,20820,3574504,1862,284138,14051,1218552,0.144935,35525,3511958,0.417715,16525,4730510,0.56265,8407551
2,2021-05-11,65484,7962026,35335,4073235,28044,3602548,2105,286243,19804,1195766,0.142225,45386,3557344,0.423113,22600,4753110,0.565338,8407551
2,2021-05-12,64712,8026738,34507,4107742,28000,3630548,2205,288448,19073,1172097,0.13941,45338,3602682,0.428506,21669,4774779,0.567916,8407551
2,2021-05-13,70562,8097300,40986,4148728,27638,3658186,1938,290386,25863,1156205,0.13752,44422,3647104,0.433789,28530,4803309,0.571309,8407551
2,2021-05-14,79281,8176581,47535,4196263,29507,3687693,2239,292625,30500,1141164,0.135731,48426,3695530,0.439549,33385,4836694,0.57528,8407551
2,2021-05-15,65924,8242505,43317,4239580,20890,3708583,1717,294342,25569,1128718,0.134251,40123,3735653,0.444321,27677,4864371,0.578572,8407551
2,2021-05-16,31504,8274009,23545,4263125,7035,3715618,924,295266,12856,1124101,0.133701,18525,3754178,0.446525,13908,4878279,0.580226,8407551
2,2021-05-17,57696,8331705,36598,4299723,19159,3734777,1939,297205,22791,1114509,0.13256,34684,3788862,0.45065,25092,4903371,0.58321,8407551
2,2021-05-18,69857,8401562,40875,4340598,27019,3761796,1963,299168,27786,1102982,0.131189,41813,3830675,0.455623,30286,4933657,0.586813,8407551
2,2021-05-19,68566,8470128,40585,4381183,25994,3787790,1987,301155,27226,1091614,0.129837,41050,3871725,0.460506,29682,4963339,0.590343,8407551
2,2021-05-20,68808,8538936,39852,4421035,26779,3814569,2177,303332,26153,1078196,0.128241,42343,3914068,0.465542,28925,4992264,0.593783,8407551
2,2021-05-21,72347,8611283,42710,4463745,27500,3842069,2137,305469,27562,1064008,0.126554,44439,3958507,0.470828,30251,5022515,0.597381,8407551
2,2021-05-22,53301,8664584,33751,4497496,17785,3859854,1765,307234,22321,1057864,0.125823,30765,3989272,0.474487,24621,5047136,0.60031,8407551
2,2021-05-23,24161,8688745,16608,4514104,6831,3866685,722,307956,10250,1055186,0.125505,13784,4003056,0.476126,11106,5058242,0.601631,8407551
2,2021-05-24,44571,8733316,25349,4539453,17453,3884138,1769,309725,17196,1047326,0.12457,27165,4030221,0.479357,19305,5077547,0.603927,8407551
2,2021-05-25,50536,8783852,29620,4569073,19053,3903191,1863,311588,19263,1038003,0.123461,30988,4061209,0.483043,21665,5099212,0.606504,8407551
2,2021-05-26,48565,8832417,27232,4596305,19658,3922849,1675,313263,19013,1029805,0.122486,29229,4090438,0.48652,21031,5120243,0.609005,8407551
2,2021-05-27,46492,8878909,26327,4622632,18415,3941264,1750,315013,18606,1023012,0.121678,27650,4118088,0.489808,20857,5141100,0.611486,8407551
2,2021-05-28,49795,8928704,27527,4650159,20311,3961575,1957,316970,20952,1017756,0.121053,28590,4146678,0.493209,23334,5164434,0.614261,8407551
2,2021-05-29,28954,8957658,17339,4667498,10568,3972143,1047,318017,13273,1016710,0.120928,15535,4162213,0.495057,14489,5178923,0.615985,8407551
2,2021-05-30,12600,8970258,8119,4675617,3720,3975863,761,318778,5523,1016034,0.120848,7026,4169239,0.495892,6350,5185273,0.61674,8407551
2,2021-05-31,5871,8976129,3423,4679040,2146,3978009,302,319080,1826,1014215,0.120631,3996,4173235,0.496367,2177,5187450,0.616999,8407551
2,2021-06-01,44575,9020704,25618,4704658,17313,3995322,1644,320724,15567,1003083,0.119307,28721,4201956,0.499784,17589,5205039,0.619091,8407551
2,2021-06-02,38083,9058787,22405,4727063,14285,4009607,1393,322117,14970,996876,0.118569,22863,4224819,0.502503,16656,5221695,0.621072,8407551
2,2021-06-03,41287,9100074,26601,4753664,13215,4022822,1471,323588,13944,985562,0.117223,27109,4251928,0.505727,15795,5237490,0.622951,8407551
2,2021-06-04,47864,9147938,31246,4784910,15078,4037900,1540,325128,15501,971052,0.115498,32076,4284004,0.509542,17566,5255056,0.62504,8407551
2,2021-06-05,37715,9185653,26925,4811835,9341,4047241,1449,326577,11825,959074,0.114073,25666,4309670,0.512595,13688,5268744,0.626668,8407551
2,2021-06-06,14860,9200513,12182,4824017,2096,4049337,582,327159,4694,954432,0.113521,10106,4319776,0.513797,5464,5274208,0.627318,8407551
2,2021-06-07,33154,9233667,23189,4847206,8695,4058032,1270,328429,10753,944441,0.112332,22259,4342035,0.516445,12268,5286476,0.628777,8407551
2,2021-06-08,40443,9274110,28628,4875834,10452,4068484,1363,329792,12425,930819,0.110712,27782,4369817,0.519749,14160,5300636,0.630461,8407551
2,2021-06-09,37989,9312099,26553,4902387,9942,4078426,1494,331286,11507,917849,0.10917,26293,4396110,0.522876,13323,5313959,0.632046,8407551
2,2021-06-10,37628,9349727,26178,4928565,9934,4088360,1516,332802,11739,905870,0.107745,25696,4421806,0.525933,13717,5327676,0.633678,8407551
2,2021-06-11,41144,9390871,27301,4955866,12173,4100533,1670,334472,13248,893443,0.106267,27634,4449440,0.52922,15207,5342883,0.635486,8407551
2,2021-06-12,29291,9420162,21561,4977427,6816,4107349,914,335386,8673,882758,0.104996,20488,4469928,0.531656,9803,5352686,0.636652,8407551
2,2021-06-13,12178,9432340,8900,4986327,2667,4110016,611,335997,3098,877619,0.104385,9017,4478945,0.532729,3878,5356564,0.637113,8407551
2,2021-06-14,29753,9462093,21112,5007439,7451,4117467,1190,337187,10313,870047,0.103484,19284,4498229,0.535023,11712,5368276,0.638507,8407551
2,2021-06-15,35400,9497493,23572,5031011,9792,4127259,2036,339223,11968,861225,0.102435,23203,4521432,0.537782,14381,5382657,0.640217,8407551
2,2021-06-16,32774,9530267,22629,5053640,8362,4135621,1783,341006,11305,853313,0.101494,21305,4542737,0.540316,13393,5396050,0.64181,8407551
2,2021-06-17,30657,9560924,20478,5074118,8388,4144009,1791,342797,10879,846581,0.100693,19609,4562346,0.542649,12877,5408927,0.643342,8407551
2,2021-06-18,34376,9595300,22636,5096754,9875,4153884,1865,344662,12559,839655,0.099869,21609,4583955,0.545219,14683,5423610,0.645088,8407551
2,2021-06-19,20762,9616062,14462,5111216,5049,4158933,1251,345913,7884,836255,0.099465,12721,4596676,0.546732,9321,5432931,0.646197,8407551
2,2021-06-20,8202,9624264,5855,5117071,1883,4160816,464,346377,3036,834697,0.099279,5125,4601801,0.547341,3567,5436498,0.646621,8407551
2,2021-06-21,19193,9643457,11738,5128809,6147,4166963,1308,347685,9834,836775,0.099527,9244,4611045,0.548441,11322,5447820,0.647968,8407551
2,2021-06-22,26684,9670141,18292,5147101,7040,4174003,1352,349037,10501,832880,0.099063,16016,4627061,0.550346,12121,5459941,0.649409,8407551
2,2021-06-23,25741,9695882,17769,5164870,6362,4180365,1610,350647,10492,830164,0.09874,15110,4642171,0.552143,12394,5472335,0.650883,8407551
2,2021-06-24,25122,9721004,17122,5181992,6521,4186886,1479,352126,10414,827720,0.09845,14566,4656737,0.553876,12122,5484457,0.652325,8407551
2,2021-06-25,28451,9749455,19280,5201272,7703,4194589,1468,353594,11874,824867,0.09811,16421,4673158,0.555829,13568,5498025,0.653939,8407551
2,2021-06-26,18346,9767801,13515,5214787,3916,4198505,915,354509,7484,822722,0.097855,10779,4683937,0.557111,8634,5506659,0.654966,8407551
2,2021-06-27,8726,9776527,6660,5221447,1617,4200122,449,354958,3503,821614,0.097723,5179,4689116,0.557727,4071,5510730,0.65545,8407551
2,2021-06-28,19579,9796106,14886,5236333,3468,4203590,1225,356183,8670,820898,0.097638,10796,4699912,0.559011,10080,5520810,0.656649,8407551
2,2021-06-29,22394,9818500,15592,5251925,5747,4209337,1055,357238,9548,819011,0.097414,12719,4712631,0.560524,10832,5531642,0.657937,8407551
2,2021-06-30,21614,9840114,15359,5267284,5239,4214576,1016,358254,9606,817967,0.09729,11886,4724517,0.561937,10842,5542484,0.659227,8407551
2,2021-07-01,19490,9859604,13806,5281090,4829,4219405,855,359109,8669,816973,0.097171,10713,4735230,0.563212,9719,5552203,0.660383,8407551
2,2021-07-02,22443,9882047,15517,5296607,5929,4225334,997,360106,9909,815690,0.097019,12385,4747615,0.564685,11102,5563305,0.661703,8407551
2,2021-07-03,12316,9894363,8913,5305520,2943,4228277,460,360566,5644,815317,0.096974,6589,4754204,0.565468,6216,5569521,0.662443,8407551
2,2021-07-04,980,9895343,577,5306097,338,4228615,65,360631,418,815271,0.096969,552,4754756,0.565534,506,5570027,0.662503,8407551
2,2021-07-05,10871,9906214,7960,5314057,2513,4231128,398,361029,4995,814961,0.096932,5824,4760580,0.566227,5514,5575541,0.663159,8407551
2,2021-07-06,23164,9929378,16871,5330928,5354,4236482,939,361968,8971,811082,0.096471,14058,4774638,0.567899,10179,5585720,0.664369,8407551
2,2021-07-07,19810,9949188,14169,5345097,4586,4241068,1055,363023,8472,809628,0.096298,11232,4785870,0.569235,9778,5595498,0.665532,8407551
2,2021-07-08,8984,9958172,6469,5351566,1859,4242927,656,363679,3677,808863,0.096207,5263,4791133,0.569861,4498,5599996,0.666067,8407551
3,2020-12-15,308,308,308,308,0,0,0,0,308,308,3.8e-05,0,0,0.0,308,308,3.8e-05,8129050
3,2020-12-16,2440,2748,2440,2748,0,0,0,0,2441,2749,0.000338,0,0,0.0,2441,2749,0.000338,8129050
3,2020-12-17,7813,10561,7813,10561,0,0,0,0,7813,10562,0.001299,0,0,0.0,7813,10562,0.001299,8129050
3,2020-12-18,13421,23982,13403,23964,18,18,0,0,13420,23982,0.00295,0,0,0.0,13420,23982,0.00295,8129050
3,2020-12-19,7248,31230,7235,31199,13,31,0,0,7312,31294,0.00385,0,0,0.0,7312,31294,0.00385,8129050
3,2020-12-20,5654,36884,5646,36845,8,39,0,0,5701,36994,0.004551,1,1,0.0,5701,36995,0.004551,8129050
3,2020-12-21,14370,51254,14345,51190,25,64,0,0,14434,51427,0.006326,1,2,0.0,14434,51429,0.006327,8129050
3,2020-12-22,14792,66046,14221,65411,571,635,0,0,14830,66256,0.008151,1,3,0.0,14830,66259,0.008151,8129050
3,2020-12-23,14812,80858,12215,77626,2597,3232,0,0,14838,81093,0.009976,2,5,1e-06,14839,81098,0.009976,8129050
3,2020-12-24,6784,87642,4872,82498,1912,5144,0,0,6781,87872,0.01081,2,7,1e-06,6781,87879,0.01081,8129050
3,2020-12-25,721,88363,664,83162,57,5201,0,0,719,88591,0.010898,0,7,1e-06,719,88598,0.010899,8129050
3,2020-12-26,4617,92980,2994,86156,1623,6824,0,0,4615,93206,0.011466,0,7,1e-06,4615,93213,0.011467,8129050
3,2020-12-27,2982,95962,1852,88008,1130,7954,0,0,2982,96188,0.011833,0,7,1e-06,2982,96195,0.011833,8129050
3,2020-12-28,13623,109585,8720,96728,4903,12857,0,0,13648,109835,0.013511,1,8,1e-06,13648,109843,0.013512,8129050
3,2020-12-29,15015,124600,8466,105194,6549,19406,0,0,15043,124876,0.015362,2,10,1e-06,15043,124886,0.015363,8129050
3,2020-12-30,18005,142605,10035,115229,7970,27376,0,0,18009,142884,0.017577,2,12,1e-06,18010,142896,0.017578,8129050
3,2020-12-31,8459,151064,3237,118466,5222,32598,0,0,8458,151340,0.018617,2,14,2e-06,8458,151354,0.018619,8129050
3,2021-01-01,1432,152496,663,119129,769,33367,0,0,1429,152768,0.018793,1,15,2e-06,1429,152783,0.018795,8129050
3,2021-01-02,4943,157439,2422,121551,2521,35888,0,0,4943,157711,0.019401,0,15,2e-06,4943,157726,0.019403,8129050
3,2021-01-03,1614,159053,847,122398,767,36655,0,0,1603,159310,0.019598,4,19,2e-06,1603,159329,0.0196,8129050
3,2021-01-04,12005,171058,5957,128355,6048,42703,0,0,11978,171281,0.02107,7,26,3e-06,11978,171307,0.021073,8129050
3,2021-01-05,15716,186774,8142,136497,7574,50277,0,0,14045,183698,0.022598,1656,1682,0.000207,14073,185380,0.022805,8129050
3,2021-01-06,20587,207361,10875,147372,9712,59989,0,0,16068,195300,0.024025,4475,6157,0.000757,16077,201457,0.024782,8129050
3,2021-01-07,26585,233946,15217,162589,11368,71357,0,0,17132,203028,0.024976,9418,15575,0.001916,17146,218603,0.026892,8129050
3,2021-01-08,30573,264519,18701,181290,11872,83229,0,0,18103,208706,0.025674,12447,28022,0.003447,18125,236728,0.029121,8129050
3,2021-01-09,12433,276952,7032,188322,5401,88630,0,0,7898,212085,0.02609,4529,32551,0.004004,7908,244636,0.030094,8129050
3,2021-01-10,7193,284145,4473,192795,2720,91350,0,0,4044,212987,0.026201,3147,35698,0.004391,4049,248685,0.030592,8129050
3,2021-01-11,29010,313155,18988,211783,10022,101372,0,0,16411,216850,0.026676,12591,48289,0.00594,16454,265139,0.032616,8129050
3,2021-01-12,32526,345681,19448,231231,13078,114450,0,0,19898,224291,0.027591,12606,60895,0.007491,20047,285186,0.035082,8129050
3,2021-01-13,34513,380194,18030,249261,16483,130933,0,0,24309,238417,0.029329,10203,71098,0.008746,24329,309515,0.038075,8129050
3,2021-01-14,34760,414954,14240,263501,20520,151453,0,0,28857,261437,0.032161,5875,76973,0.009469,28895,338410,0.04163,8129050
3,2021-01-15,38926,453880,14461,277962,24465,175918,0,0,34248,291088,0.035808,4667,81640,0.010043,34318,372728,0.045851,8129050
3,2021-01-16,21924,475804,7593,285555,14331,190249,0,0,19597,308392,0.037937,2315,83955,0.010328,19619,392347,0.048265,8129050
3,2021-01-17,13142,488946,4443,289998,8699,198948,0,0,12103,319476,0.039301,1038,84993,0.010455,12122,404469,0.049756,8129050
3,2021-01-18,24700,513646,12890,302888,11810,210758,0,0,19120,333043,0.040969,5595,90588,0.011144,19162,423631,0.052113,8129050
3,2021-01-19,41028,554674,20849,323737,20179,230937,0,0,31916,355962,0.043789,9084,99672,0.012261,32003,455634,0.05605,8129050
3,2021-01-20,45958,600632,22828,346565,23130,254067,0,0,36424,382978,0.047112,9491,109163,0.013429,36507,492141,0.060541,8129050
3,2021-01-21,48081,648713,20883,367448,27198,281265,0,0,42574,420196,0.051691,5431,114594,0.014097,42649,534790,0.065788,8129050
3,2021-01-22,49737,698450,19801,387249,29936,311201,0,0,45547,461625,0.056787,4192,118786,0.014613,45621,580411,0.0714,8129050
3,2021-01-23,30340,728790,12789,400038,17551,328752,0,0,27039,485424,0.059715,3294,122080,0.015018,27093,607504,0.074732,8129050
3,2021-01-24,17818,746608,8473,408511,9345,338097,0,0,16643,500926,0.061622,1172,123252,0.015162,16674,624178,0.076784,8129050
3,2021-01-25,40780,787388,18171,426682,22609,360706,0,0,30810,521877,0.064199,9946,133198,0.016385,30897,655075,0.080584,8129050
3,2021-01-26,47142,834530,22496,449178,24646,385352,0,0,37001,548858,0.067518,10126,143324,0.017631,37107,692182,0.085149,8129050
3,2021-01-27,51314,885844,24383,473561,26931,412283,0,0,40656,579009,0.071227,10584,153908,0.018933,40735,732917,0.09016,8129050
3,2021-01-28,51718,937562,23936,497497,27782,440065,0,0,42759,612959,0.075404,8867,162775,0.020024,42817,775734,0.095427,8129050
3,2021-01-29,50851,988413,24351,521848,26500,466565,0,0,41118,644589,0.079295,9535,172310,0.021197,41165,816899,0.100491,8129050
3,2021-01-30,37230,1025643,17556,539404,19674,486239,0,0,32501,672499,0.082728,4675,176985,0.021772,32585,849484,0.1045,8129050
3,2021-01-31,22215,1047858,12566,551970,9649,495888,0,0,20808,691931,0.085118,1396,178381,0.021944,20828,870312,0.107062,8129050
3,2021-02-01,45707,1093565,20838,572808,24869,520757,0,0,34852,716013,0.088081,10804,189185,0.023273,34886,905198,0.111353,8129050
3,2021-02-02,54351,1147916,22584,595392,31767,552524,0,0,41896,745598,0.09172,12362,201547,0.024793,41947,947145,0.116514,8129050
3,2021-02-03,60056,1207972,26679,622071,33377,585901,0,0,44578,774933,0.095329,15315,216862,0.026677,44650,991795,0.122006,8129050
3,2021-02-04,64366,1272338,27905,649976,36461,622362,0,0,47138,805165,0.099048,17017,233879,0.028771,47249,1039044,0.127819,8129050
3,2021-02-05,70377,1342715,29848,679824,40529,662891,0,0,48556,832337,0.10239,21557,255436,0.031423,48729,1087773,0.133813,8129050
3,2021-02-06,43949,1386664,21224,701048,22725,685616,0,0,34167,856952,0.105418,9735,265171,0.03262,34350,1122123,0.138039,8129050
3,2021-02-07,19556,1406220,12392,713440,7164,692780,0,0,15040,867620,0.106731,4498,269669,0.033173,15166,1137289,0.139904,8129050
3,2021-02-08,51194,1457414,24660,738100,26534,719314,0,0,33540,883830,0.108725,17516,287185,0.035328,33726,1171015,0.144053,8129050
3,2021-02-09,58538,1515952,28345,766445,30193,749507,0,0,34296,894486,0.110036,23970,311155,0.038277,34626,1205641,0.148313,8129050
3,2021-02-10,68039,1583991,31547,797992,36492,785999,0,0,36502,900255,0.110745,31231,342386,0.042119,37000,1242641,0.152864,8129050
3,2021-02-11,70660,1654651,34786,832778,35874,821873,0,0,37454,905434,0.111383,32813,375199,0.046155,37992,1280633,0.157538,8129050
3,2021-02-12,75611,1730262,32670,865448,42941,864814,0,0,41669,914279,0.112471,33605,408804,0.050289,42450,1323083,0.16276,8129050
3,2021-02-13,45220,1775482,20488,885936,24732,889546,0,0,26019,921790,0.113395,19092,427896,0.052638,26603,1349686,0.166032,8129050
3,2021-02-14,27386,1802868,13674,899610,13712,903258,0,0,15190,925289,0.113825,12140,440036,0.054131,15639,1365325,0.167956,8129050
3,2021-02-15,40095,1842963,17224,916834,22871,926129,0,0,22175,930587,0.114477,17815,457851,0.056323,23113,1388438,0.1708,8129050
3,2021-02-16,70159,1913122,33170,950004,36989,963118,0,0,36451,934511,0.114959,33554,491405,0.06045,37478,1425916,0.17541,8129050
3,2021-02-17,71977,1985099,36366,986370,35611,998729,0,0,34185,932226,0.114678,37546,528951,0.065069,35261,1461177,0.179748,8129050
3,2021-02-18,77124,2062223,40272,1026642,36852,1035581,0,0,35687,928010,0.11416,41248,570199,0.070143,37032,1498209,0.184303,8129050
3,2021-02-19,69246,2131469,39854,1066496,29392,1064973,0,0,34951,929516,0.114345,34143,604342,0.074343,35649,1533858,0.188688,8129050
3,2021-02-20,42850,2174319,27000,1093496,15850,1080823,0,0,22467,932218,0.114677,20266,624608,0.076837,22968,1556826,0.191514,8129050
3,2021-02-21,23992,2198311,19294,1112790,4698,1085521,0,0,11800,932303,0.114688,12098,636706,0.078325,12183,1569009,0.193013,8129050
3,2021-02-22,47053,2245364,30668,1143458,16385,1101906,0,0,22069,930009,0.114406,24850,661556,0.081382,22556,1591565,0.195787,8129050
3,2021-02-23,62831,2308195,34171,1177629,28660,1130566,0,0,27475,924330,0.113707,35141,696697,0.085705,29462,1621027,0.199412,8129050
3,2021-02-24,78829,2387024,38697,1216326,40132,1170698,0,0,34920,918090,0.112939,43673,740370,0.091077,37433,1658460,0.204016,8129050
3,2021-02-25,87783,2474807,42784,1259110,44999,1215697,0,0,43827,920851,0.113279,43658,784028,0.096448,46419,1704879,0.209727,8129050
3,2021-02-26,98066,2572873,44852,1303962,53214,1268911,0,0,51961,929305,0.114319,45710,829738,0.102071,54164,1759043,0.21639,8129050
3,2021-02-27,69205,2642078,31779,1335741,37422,1306333,4,4,36674,934974,0.115016,32315,862053,0.106046,37984,1797027,0.221062,8129050
3,2021-02-28,39954,2682032,22980,1358721,16971,1323304,3,7,20748,937638,0.115344,19038,881091,0.108388,21702,1818729,0.223732,8129050
3,2021-03-01,67836,2749868,35928,1394649,31877,1355181,31,38,37896,947179,0.116518,29725,910816,0.112045,39266,1857995,0.228562,8129050
3,2021-03-02,79025,2828893,39005,1433654,40012,1395193,8,46,45830,962047,0.118347,33043,943859,0.116109,47911,1905906,0.234456,8129050
3,2021-03-03,89277,2918170,42781,1476435,46477,1441670,19,65,50117,975521,0.120004,38931,982790,0.120899,52405,1958311,0.240903,8129050
3,2021-03-04,93703,3011873,45848,1522283,47835,1489505,20,85,53234,990819,0.121886,40232,1023022,0.125848,55530,2013841,0.247734,8129050
3,2021-03-05,90591,3102464,44327,1566610,45973,1535478,291,376,55363,1013734,0.124705,34966,1057988,0.130149,57881,2071722,0.254854,8129050
3,2021-03-06,65262,3167726,33069,1599679,30038,1565516,2155,2531,37503,1027248,0.126368,27608,1085596,0.133545,41122,2112844,0.259913,8129050
3,2021-03-07,39043,3206769,22544,1622223,14601,1580117,1898,4429,21955,1035256,0.127353,17018,1102614,0.135639,25026,2137870,0.262991,8129050
3,2021-03-08,59813,3266582,28501,1650724,28313,1608430,2999,7428,37849,1055847,0.129886,21797,1124411,0.13832,42388,2180258,0.268206,8129050
3,2021-03-09,77015,3343597,35551,1686275,37025,1645455,4439,11867,41407,1067397,0.131306,35459,1159870,0.142682,47009,2227267,0.273989,8129050
3,2021-03-10,83037,3426634,41396,1727671,35543,1680998,6098,17965,43391,1078854,0.132716,39421,1199291,0.147532,50878,2278145,0.280247,8129050
3,2021-03-11,97269,3523903,47575,1775246,41090,1722088,8604,26569,47654,1086844,0.133699,49342,1248633,0.153601,57332,2335477,0.2873,8129050
3,2021-03-12,102059,3625962,45453,1820699,44726,1766814,11880,38449,46785,1091614,0.134286,55034,1303667,0.160371,59804,2395281,0.294657,8129050
3,2021-03-13,70604,3696566,29699,1850398,33658,1800472,7247,45696,37364,1104462,0.135866,33112,1336779,0.164445,45960,2441241,0.300311,8129050
3,2021-03-14,41376,3737942,21606,1872004,16201,1816673,3569,49265,20833,1109039,0.136429,20452,1357231,0.166961,25029,2466270,0.30339,8129050
3,2021-03-15,75694,3813636,35886,1907890,35263,1851936,4545,53810,39859,1118830,0.137634,35610,1392841,0.171341,45401,2511671,0.308975,8129050
3,2021-03-16,95077,3908713,43811,1951701,46941,1898877,4325,58135,53479,1136203,0.139771,41349,1434190,0.176428,58722,2570393,0.316198,8129050
3,2021-03-17,98296,4007009,47743,1999444,46037,1944914,4516,62651,59721,1162782,0.14304,38323,1472513,0.181142,64902,2635295,0.324182,8129050
3,2021-03-18,103644,4110653,52726,2052170,46398,1991312,4520,67171,59632,1183764,0.145621,43720,1516233,0.18652,64702,2699997,0.332142,8129050
3,2021-03-19,103326,4213979,55417,2107587,43453,2034765,4456,71627,57729,1201199,0.147766,45311,1561544,0.192094,62746,2762743,0.339861,8129050
3,2021-03-20,71911,4285890,37040,2144627,31232,2065997,3639,75266,44624,1222871,0.150432,27095,1588639,0.195427,48767,2811510,0.34586,8129050
3,2021-03-21,36353,4322243,24721,2169348,10131,2076128,1501,76767,22009,1232617,0.151631,14241,1602880,0.197179,23987,2835497,0.34881,8129050
3,2021-03-22,70499,4392742,41440,2210788,26542,2102670,2517,79284,45123,1256127,0.154523,25146,1628026,0.200273,48656,2884153,0.354796,8129050
3,2021-03-23,89702,4482444,49653,2260441,37529,2140199,2520,81804,55200,1280317,0.157499,34234,1662260,0.204484,58424,2942577,0.361983,8129050
3,2021-03-24,98621,4581065,56775,2317216,38949,2179148,2897,84701,56280,1298113,0.159688,41985,1704245,0.209649,59781,3002358,0.369337,8129050
3,2021-03-25,107209,4688274,59569,2376785,44691,2223839,2949,87650,60565,1315971,0.161885,46299,1750544,0.215344,64157,3066515,0.377229,8129050
3,2021-03-26,110513,4798787,59276,2436061,47932,2271771,3305,90955,57220,1324381,0.16292,52957,1803501,0.221859,61367,3127882,0.384778,8129050
3,2021-03-27,74474,4873261,37898,2473959,34032,2305803,2544,93499,36254,1325853,0.163101,37998,1841499,0.226533,39470,3167352,0.389634,8129050
3,2021-03-28,44328,4917589,27920,2501879,15594,2321397,814,94313,22445,1327984,0.163363,21770,1863269,0.229211,23901,3191253,0.392574,8129050
3,2021-03-29,80639,4998228,42078,2543957,36701,2358098,1860,96173,44317,1338913,0.164707,36060,1899329,0.233647,46989,3238242,0.398354,8129050
3,2021-03-30,100158,5098386,49215,2593172,47315,2405413,3628,99801,56267,1355775,0.166781,43635,1942964,0.239015,60497,3298739,0.405796,8129050
3,2021-03-31,105056,5203442,56632,2649804,43579,2448992,4845,104646,56157,1368440,0.168339,48667,1991631,0.245002,61332,3360071,0.413341,8129050
3,2021-04-01,123562,5327004,62464,2712268,51349,2500341,9749,114395,66664,1388662,0.170827,56501,2048132,0.251952,76723,3436794,0.422779,8129050
3,2021-04-02,117959,5444963,57569,2769837,50056,2550397,10334,124729,62252,1406320,0.172999,55408,2103540,0.258768,73066,3509860,0.431768,8129050
3,2021-04-03,76066,5521029,38884,2808721,27951,2578348,9231,133960,37897,1415735,0.174157,38019,2141559,0.263445,47434,3557294,0.437603,8129050
3,2021-04-04,32408,5553437,17340,2826061,10857,2589205,4211,138171,14150,1415945,0.174183,18180,2159739,0.265682,18390,3575684,0.439865,8129050
3,2021-04-05,89260,5642697,45235,2871296,34825,2624030,9200,147371,43344,1423633,0.175129,45679,2205418,0.271301,53367,3629051,0.44643,8129050
3,2021-04-06,113441,5756138,55182,2926478,43077,2667107,15182,162553,53325,1433003,0.176282,59837,2265255,0.278662,69207,3698258,0.454943,8129050
3,2021-04-07,116337,5872475,60163,2986641,39859,2706966,16315,178868,56242,1446001,0.177881,59830,2325085,0.286022,72828,3771086,0.463902,8129050
3,2021-04-08,121413,5993888,60422,3047063,40831,2747797,20160,199028,56215,1458252,0.179388,64887,2389972,0.294004,77138,3848224,0.473392,8129050
3,2021-04-09,118399,6112287,59009,3106072,40238,2788035,19152,218180,51940,1464038,0.1801,66204,2456176,0.302148,71990,3920214,0.482247,8129050
3,2021-04-10,84412,6196699,37866,3143938,31279,2819314,15267,233447,34289,1464470,0.180153,49941,2506117,0.308291,50373,3970587,0.488444,8129050
3,2021-04-11,45243,6241942,24270,3168208,13005,2832319,7968,241415,17141,1462400,0.179898,28012,2534129,0.311737,25942,3996529,0.491635,8129050
3,2021-04-12,84014,6325956,42449,3210657,32762,2865081,8803,250218,38023,1464556,0.180163,45752,2579881,0.317366,47908,4044437,0.497529,8129050
3,2021-04-13,105548,6431504,57171,3267828,48164,2913245,213,250431,55681,1471704,0.181043,49628,2629509,0.323471,56776,4101213,0.504513,8129050
3,2021-04-14,107668,6539172,58853,3326681,48717,2961962,98,250529,53579,1473022,0.181205,53794,2683303,0.330088,55112,4156325,0.511293,8129050
3,2021-04-15,119475,6658647,67240,3393921,52161,3014123,74,250603,63957,1482657,0.18239,55202,2738505,0.336879,64837,4221162,0.519269,8129050
3,2021-04-16,115593,6774240,64822,3458743,50677,3064800,94,250697,60368,1488869,0.183154,54916,2793421,0.343634,61128,4282290,0.526788,8129050
3,2021-04-17,79459,6853699,43335,3502078,36111,3100911,13,250710,44303,1499217,0.184427,34936,2828357,0.347932,45284,4327574,0.532359,8129050
3,2021-04-18,38728,6892427,23355,3525433,15370,3116281,3,250713,18194,1497864,0.184261,20424,2848781,0.350445,19071,4346645,0.534705,8129050
3,2021-04-19,79344,6971771,44213,3569646,35077,3151358,54,250767,35911,1491078,0.183426,43259,2892040,0.355766,36473,4383118,0.539192,8129050
3,2021-04-20,100933,7072704,53131,3622777,47784,3199142,18,250785,49018,1489472,0.183228,51667,2943707,0.362122,50061,4433179,0.54535,8129050
3,2021-04-21,105617,7178321,59272,3682049,46277,3245419,68,250853,49936,1485232,0.182707,55326,2999033,0.368928,51086,4484265,0.551635,8129050
3,2021-04-22,111312,7289633,62522,3744571,48768,3294187,22,250875,47883,1471002,0.180956,63093,3062126,0.376689,48863,4533128,0.557645,8129050
3,2021-04-23,105640,7395273,60444,3805015,45169,3339356,27,250902,46325,1459381,0.179527,58984,3121110,0.383945,47363,4580491,0.563472,8129050
3,2021-04-24,73199,7468472,45265,3850280,27871,3367227,63,250965,35730,1458962,0.179475,37205,3158315,0.388522,36786,4617277,0.567997,8129050
3,2021-04-25,36656,7505128,23409,3873689,13230,3380457,17,250982,18720,1460307,0.179641,17798,3176113,0.390711,19143,4636420,0.570352,8129050
3,2021-04-26,73533,7578661,41491,3915180,31636,3412093,406,251388,31457,1451693,0.178581,41819,3217932,0.395856,33205,4669625,0.574437,8129050
3,2021-04-27,90772,7669433,47641,3962821,41393,3453486,1738,253126,36080,1435884,0.176636,54397,3272329,0.402548,38588,4708213,0.579184,8129050
3,2021-04-28,86394,7755827,49047,4011868,35219,3488705,2128,255254,35326,1423079,0.175061,50788,3323117,0.408795,37983,4746196,0.583856,8129050
3,2021-04-29,88491,7844318,50557,4062425,35730,3524435,2204,257458,31609,1400818,0.172322,56560,3379677,0.415753,34299,4780495,0.588075,8129050
3,2021-04-30,90147,7934465,50858,4113283,36810,3561245,2479,259937,33603,1381142,0.169902,56225,3435902,0.42267,36549,4817044,0.592572,8129050
3,2021-05-01,54896,7989361,34520,4147803,18919,3580164,1457,261394,19741,1367899,0.168273,34926,3470828,0.426966,21683,4838727,0.595239,8129050
3,2021-05-02,26833,8016194,18300,4166103,7520,3587684,1013,262407,9843,1361949,0.167541,16902,3487730,0.429045,10952,4849679,0.596586,8129050
3,2021-05-03,59232,8075426,34603,4200706,22267,3609951,2362,264769,17382,1340223,0.164868,41648,3529378,0.434169,19922,4869601,0.599037,8129050
3,2021-05-04,77263,8152689,44661,4245367,29942,3639893,2660,267429,22499,1311175,0.161295,54489,3583867,0.440872,25441,4895042,0.602167,8129050
3,2021-05-05,78715,8231404,47293,4292660,28727,3668620,2695,270124,21872,1279496,0.157398,56532,3640399,0.447826,24853,4919895,0.605224,8129050
3,2021-05-06,82720,8314124,52223,4344883,27972,3696592,2525,272649,20622,1241550,0.15273,61640,3702039,0.455409,23694,4943589,0.608139,8129050
3,2021-05-07,82037,8396161,51110,4395993,28310,3724902,2617,275266,21827,1206412,0.148408,59875,3761914,0.462774,24737,4968326,0.611182,8129050
3,2021-05-08,52197,8448358,32329,4428322,18164,3743066,1704,276970,13859,1184155,0.14567,38084,3799998,0.467459,15827,4984153,0.613129,8129050
3,2021-05-09,20883,8469241,15290,4443612,4805,3747871,788,277758,5526,1175267,0.144576,15268,3815266,0.469337,6380,4990533,0.613913,8129050
3,2021-05-10,47830,8517071,25622,4469234,20304,3768175,1904,279662,11120,1152038,0.141719,36516,3851782,0.473829,13287,5003820,0.615548,8129050
3,2021-05-11,63592,8580663,35542,4504776,25841,3794016,2209,281871,16114,1123577,0.138218,47253,3899035,0.479642,18792,5022612,0.61786,8129050
3,2021-05-12,64478,8645141,37040,4541816,25050,3819066,2388,284259,16516,1095060,0.134709,47721,3946756,0.485513,19204,5041816,0.620222,8129050
3,2021-05-13,74920,8720061,47212,4589028,25810,3844876,1898,286157,27474,1077828,0.13259,47213,3993969,0.491321,29981,5071797,0.62391,8129050
3,2021-05-14,79944,8800005,50516,4639544,27299,3872175,2129,288286,31012,1062915,0.130755,48650,4042619,0.497305,33737,5105534,0.62806,8129050
3,2021-05-15,61723,8861728,42620,4682164,17900,3890075,1203,289489,25587,1053975,0.129655,35945,4078564,0.501727,27005,5132539,0.631382,8129050
3,2021-05-16,33018,8894746,24676,4706840,7655,3897730,687,290176,13360,1048569,0.12899,19541,4098105,0.504131,14135,5146674,0.633121,8129050
3,2021-05-17,56703,8951449,36107,4742947,18768,3916498,1828,292004,20952,1036068,0.127453,35485,4133590,0.508496,22984,5169658,0.635949,8129050
3,2021-05-18,64278,9015727,37991,4780938,24446,3940944,1841,293845,24245,1022781,0.125818,39766,4173356,0.513388,26479,5196137,0.639206,8129050
3,2021-05-19,63633,9079360,38696,4819634,23206,3964150,1731,295576,24726,1010847,0.12435,38664,4212020,0.518144,26730,5222867,0.642494,8129050
3,2021-05-20,61114,9140474,35787,4855421,23506,3987656,1821,297397,22003,996177,0.122545,38840,4250860,0.522922,24170,5247037,0.645467,8129050
3,2021-05-21,65363,9205837,39792,4895213,23491,4011147,2080,299477,23449,980389,0.120603,41618,4292478,0.528042,25830,5272867,0.648645,8129050
3,2021-05-22,45545,9251382,30201,4925414,13880,4025027,1464,300941,19092,974947,0.119934,26254,4318732,0.531271,20812,5293679,0.651205,8129050
3,2021-05-23,21394,9272776,14979,4940393,5767,4030794,648,301589,9175,972744,0.119663,12137,4330869,0.532764,9934,5303613,0.652427,8129050
3,2021-05-24,39344,9312120,23031,4963424,14567,4045361,1746,303335,14648,964831,0.118689,24512,4355381,0.53578,16599,5320212,0.654469,8129050
3,2021-05-25,42526,9354646,23940,4987364,16921,4062282,1665,305000,15135,954717,0.117445,27139,4382520,0.539118,17025,5337237,0.656563,8129050
3,2021-05-26,42176,9396822,24173,5011537,16295,4078577,1708,306708,15850,946372,0.116419,26036,4408556,0.542321,17691,5354928,0.65874,8129050
3,2021-05-27,39253,9436075,22019,5033556,15491,4094068,1743,308451,15452,940163,0.115655,23643,4432199,0.54523,17434,5372362,0.660884,8129050
3,2021-05-28,42579,9478654,24058,5057614,16730,4110798,1791,310242,17717,935326,0.11506,24663,4456862,0.548264,19826,5392188,0.663323,8129050
3,2021-05-29,23397,9502051,14277,5071891,8284,4119082,836,311078,10973,934964,0.115015,12296,4469158,0.549776,11934,5404122,0.664791,8129050
3,2021-05-30,10562,9512613,6848,5078739,3080,4122162,634,311712,4452,934050,0.114903,6040,4475198,0.550519,5126,5409248,0.665422,8129050
3,2021-05-31,4618,9517231,2664,5081403,1687,4123849,267,311979,1455,932668,0.114733,3132,4478330,0.550904,1750,5410998,0.665637,8129050
3,2021-06-01,37581,9554812,21663,5103066,14485,4138334,1433,313412,13176,923285,0.113578,24187,4502517,0.55388,14804,5425802,0.667458,8129050
3,2021-06-02,31430,9586242,18061,5121127,11957,4150291,1412,314824,11656,916909,0.112794,19569,4522086,0.556287,13193,5438995,0.669081,8129050
3,2021-06-03,39489,9625731,27023,5148150,11040,4161331,1426,316250,11471,902191,0.110984,27836,4549922,0.559711,13118,5452113,0.670695,8129050
3,2021-06-04,46037,9671768,32557,5180707,11941,4173272,1539,317789,13133,884588,0.108818,32676,4582598,0.563731,15073,5467186,0.672549,8129050
3,2021-06-05,34213,9705981,25806,5206513,7221,4180493,1186,318975,8726,869399,0.10695,25284,4607882,0.566841,10095,5477281,0.673791,8129050
3,2021-06-06,14597,9720578,12176,5218689,1839,4182332,582,319557,3753,863107,0.106176,10788,4618670,0.568168,4496,5481777,0.674344,8129050
3,2021-06-07,30292,9750870,22028,5240717,6989,4189321,1275,320832,8683,851714,0.104774,21468,4640138,0.570809,10075,5491852,0.675583,8129050
3,2021-06-08,34234,9785104,24600,5265317,8348,4197669,1286,322118,9968,839126,0.103226,24054,4664192,0.573768,11466,5503318,0.676994,8129050
3,2021-06-09,32859,9817963,23846,5289163,7724,4205393,1289,323407,8862,825605,0.101562,23827,4688019,0.576699,10306,5513624,0.678262,8129050
3,2021-06-10,32382,9850345,23360,5312523,7494,4212887,1528,324935,9035,813161,0.100031,23203,4711222,0.579554,10759,5524383,0.679585,8129050
3,2021-06-11,35371,9885716,25014,5337537,8993,4221880,1364,326299,10537,800595,0.098486,24643,4735865,0.582585,12077,5536460,0.681071,8129050
3,2021-06-12,25067,9910783,18907,5356444,5270,4227150,890,327189,6680,790042,0.097187,18272,4754137,0.584833,7719,5544179,0.682021,8129050
3,2021-06-13,10105,9920888,7561,5364005,2052,4229202,492,327681,2361,785272,0.096601,7692,4761829,0.585779,2922,5547101,0.68238,8129050
3,2021-06-14,25683,9946571,18400,5382405,5879,4235081,1404,329085,8063,777388,0.095631,17490,4779319,0.587931,9606,5556707,0.683562,8129050
3,2021-06-15,28550,9975121,19335,5401740,7723,4242804,1492,330577,9639,769991,0.094721,18691,4798010,0.59023,11294,5568001,0.684951,8129050
3,2021-06-16,25759,10000880,18289,5420029,6073,4248877,1397,331974,8714,763389,0.093909,16865,4814875,0.592305,10263,5578264,0.686214,8129050
3,2021-06-17,24700,10025580,17716,5437745,5727,4254604,1257,333231,8595,757426,0.093175,15948,4830823,0.594267,9985,5588249,0.687442,8129050
3,2021-06-18,27779,10053359,19611,5457356,6608,4261212,1560,334791,9744,751076,0.092394,17818,4848641,0.596459,11468,5599717,0.688853,8129050
3,2021-06-19,15866,10069225,11640,5468996,3374,4264586,852,335643,5694,747680,0.091976,10049,4858690,0.597695,6653,5606370,0.689671,8129050
3,2021-06-20,6837,10076062,5138,5474134,1403,4265989,296,335939,2598,746442,0.091824,4185,4862875,0.59821,2947,5609317,0.690034,8129050
3,2021-06-21,16102,10092164,10182,5484316,4544,4270533,1376,337315,8030,747983,0.092014,7985,4870860,0.599192,9526,5618843,0.691205,8129050
3,2021-06-22,21906,10114070,15383,5499699,5269,4275802,1254,338569,8225,744050,0.09153,13565,4884425,0.60086,9632,5628475,0.69239,8129050
3,2021-06-23,20096,10134166,14128,5513827,4667,4280469,1301,339870,7981,741464,0.091212,12004,4896429,0.602337,9418,5637893,0.693549,8129050
3,2021-06-24,19814,10153980,13803,5527630,4579,4285048,1432,341302,7736,738832,0.090888,11913,4908342,0.603803,9281,5647174,0.694691,8129050
3,2021-06-25,23129,10177109,16406,5544036,5313,4290361,1410,342712,9053,735469,0.090474,13953,4922295,0.605519,10590,5657764,0.695993,8129050
3,2021-06-26,13747,10190856,10191,5554227,2791,4293152,765,343477,5738,734179,0.090315,7944,4930239,0.606496,6654,5664418,0.696812,8129050
3,2021-06-27,6666,10197522,5142,5559369,1215,4294367,309,343786,2850,733586,0.090243,3782,4934021,0.606962,3189,5667607,0.697204,8129050
3,2021-06-28,15746,10213268,12095,5571464,2590,4296957,1061,344847,6653,732406,0.090097,8992,4943013,0.608068,7812,5675419,0.698165,8129050
3,2021-06-29,17838,10231106,12582,5584046,4277,4301234,979,345826,7315,730419,0.089853,10410,4953423,0.609348,8423,5683842,0.699201,8129050
3,2021-06-30,16788,10247894,11904,5595950,3848,4305082,1036,346862,7219,729366,0.089723,9447,4962870,0.61051,8394,5692236,0.700234,8129050
3,2021-07-01,16041,10263935,11468,5607418,3537,4308619,1036,347898,6755,728056,0.089562,9198,4972068,0.611642,7888,5700124,0.701204,8129050
3,2021-07-02,18181,10282116,12935,5620353,4157,4312776,1089,348987,7752,726670,0.089392,10325,4982393,0.612912,8939,5709063,0.702304,8129050
3,2021-07-03,9922,10292038,7177,5627530,2324,4315100,421,349408,4269,725864,0.089293,5592,4987985,0.6136,4786,5713849,0.702893,8129050
3,2021-07-04,698,10292736,403,5627933,207,4315307,88,349496,267,725809,0.089286,427,4988412,0.613653,372,5714221,0.702938,8129050
3,2021-07-05,9426,10302162,6900,5634833,2109,4317416,417,349913,4275,725472,0.089244,5089,4993501,0.614279,4752,5718973,0.703523,8129050
3,2021-07-06,18678,10320840,13576,5648409,4026,4321442,1076,350989,6794,721707,0.088781,11752,5005253,0.615724,7987,5726960,0.704505,8129050
3,2021-07-07,15193,10336033,10827,5659236,3294,4324736,1072,352061,6160,720097,0.088583,8940,5014193,0.616824,7330,5734290,0.705407,8129050
3,2021-07-08,7479,10343512,5445,5664681,1356,4326092,678,352739,2877,719185,0.088471,4554,5018747,0.617384,3642,5737932,0.705855,8129050
4,2020-12-15,456,456,456,456,0,0,0,0,456,456,5.7e-05,0,0,0.0,456,456,5.7e-05,8037679
4,2020-12-16,3026,3482,3026,3482,0,0,0,0,3026,3482,0.000433,0,0,0.0,3026,3482,0.000433,8037679
4,2020-12-17,8921,12403,8921,12403,0,0,0,0,8921,12403,0.001543,0,0,0.0,8921,12403,0.001543,8037679
4,2020-12-18,16149,28552,16138,28541,11,11,0,0,16149,28552,0.003552,0,0,0.0,16149,28552,0.003552,8037679
4,2020-12-19,10364,38916,10355,38896,9,20,0,0,10299,38851,0.004834,0,0,0.0,10299,38851,0.004834,8037679
4,2020-12-20,7402,46318,7395,46291,7,27,0,0,7357,46208,0.005749,0,0,0.0,7357,46208,0.005749,8037679
4,2020-12-21,16364,62682,16338,62629,26,53,0,0,16297,62504,0.007776,1,1,0.0,16297,62505,0.007776,8037679
4,2020-12-22,17197,79879,16446,79075,751,804,0,0,17151,79652,0.00991,3,4,0.0,17151,79656,0.00991,8037679
4,2020-12-23,17101,96980,14381,93456,2720,3524,0,0,17070,96720,0.012033,2,6,1e-06,17070,96726,0.012034,8037679
4,2020-12-24,8532,105512,5949,99405,2583,6107,0,0,8532,105252,0.013095,0,6,1e-06,8532,105258,0.013096,8037679
4,2020-12-25,904,106416,799,100204,105,6212,0,0,904,106156,0.013207,0,6,1e-06,904,106162,0.013208,8037679
4,2020-12-26,6173,112589,3896,104100,2277,8489,0,0,6173,112329,0.013975,0,6,1e-06,6173,112335,0.013976,8037679
4,2020-12-27,3435,116024,2000,106100,1435,9924,0,0,3435,115764,0.014403,0,6,1e-06,3435,115770,0.014403,8037679
4,2020-12-28,15111,131135,9337,115437,5774,15698,0,0,15083,130845,0.016279,2,8,1e-06,15083,130853,0.01628,8037679
4,2020-12-29,15378,146513,8511,123948,6867,22565,0,0,15344,146189,0.018188,0,8,1e-06,15344,146197,0.018189,8037679
4,2020-12-30,18951,165464,11071,135019,7880,30445,0,0,18940,165127,0.020544,2,10,1e-06,18940,165137,0.020545,8037679
4,2020-12-31,8277,173741,3357,138376,4920,35365,0,0,8265,173383,0.021571,9,19,2e-06,8265,173402,0.021574,8037679
4,2021-01-01,1544,175285,692,139068,852,36217,0,0,1539,174919,0.021762,3,22,3e-06,1539,174941,0.021765,8037679
4,2021-01-02,5727,181012,3233,142301,2494,38711,0,0,5725,180643,0.022475,1,23,3e-06,5725,180666,0.022477,8037679
4,2021-01-03,2144,183156,1269,143570,875,39586,0,0,2128,182767,0.022739,4,27,3e-06,2128,182794,0.022742,8037679
4,2021-01-04,12948,196104,7014,150584,5934,45520,0,0,12899,195637,0.02434,29,56,7e-06,12899,195693,0.024347,8037679
4,2021-01-05,16902,213006,10015,160599,6887,52407,0,0,14700,208174,0.0259,2176,2232,0.000278,14713,210406,0.026177,8037679
4,2021-01-06,21609,234615,13232,173831,8377,60784,0,0,15537,217700,0.027085,6024,8256,0.001027,15550,225956,0.028112,8037679
4,2021-01-07,27972,262587,17044,190875,10928,71712,0,0,16717,223242,0.027774,11196,19452,0.00242,16738,242694,0.030195,8037679
4,2021-01-08,32830,295417,21077,211952,11753,83465,0,0,18301,227097,0.028254,14465,33917,0.00422,18320,261014,0.032474,8037679
4,2021-01-09,16282,311699,9642,221594,6640,90105,0,0,9456,229757,0.028585,6807,40724,0.005067,9467,270481,0.033652,8037679
4,2021-01-10,8767,320466,5660,227254,3107,93212,0,0,4149,229312,0.02853,4602,45326,0.005639,4157,274638,0.034169,8037679
4,2021-01-11,33450,353916,21925,249179,11525,104737,0,0,18869,233678,0.029073,14547,59873,0.007449,18913,293551,0.036522,8037679
4,2021-01-12,38598,392514,22278,271457,16320,121057,0,0,24279,243748,0.030326,14250,74123,0.009222,24320,317871,0.039548,8037679
4,2021-01-13,38792,431306,19180,290637,19612,140669,0,0,27411,259859,0.03233,11327,85450,0.010631,27438,345309,0.042961,8037679
4,2021-01-14,39325,470631,15117,305754,24208,164877,0,0,32149,284908,0.035447,7129,92579,0.011518,32178,377487,0.046965,8037679
4,2021-01-15,45380,516011,15753,321507,29627,194504,0,0,39726,319063,0.039696,5594,98173,0.012214,39749,417236,0.05191,8037679
4,2021-01-16,28754,544765,9360,330867,19394,213898,0,0,25603,341566,0.042496,3118,101291,0.012602,25621,442857,0.055098,8037679
4,2021-01-17,19069,563834,6674,337541,12395,226293,0,0,17539,357612,0.044492,1507,102798,0.01279,17553,460410,0.057281,8037679
4,2021-01-18,29479,593313,13639,351180,15840,242133,0,0,23465,375183,0.046678,5920,108718,0.013526,23491,483901,0.060204,8037679
4,2021-01-19,46146,639459,23091,374271,23055,265188,0,0,36764,402696,0.050101,9325,118043,0.014686,36838,520739,0.064787,8037679
4,2021-01-20,52655,692114,28199,402470,24456,289644,0,0,42088,434377,0.054043,10467,128510,0.015988,42148,562887,0.070031,8037679
4,2021-01-21,57587,749701,25881,428351,31706,321350,0,0,50808,478519,0.059534,6710,135220,0.016823,50852,613739,0.076358,8037679
4,2021-01-22,55381,805082,22257,450608,33124,354474,0,0,50192,523649,0.065149,5089,140309,0.017456,50219,663958,0.082606,8037679
4,2021-01-23,39660,844742,17410,468018,22250,376724,0,0,35311,554651,0.069006,4339,144648,0.017996,35341,699299,0.087003,8037679
4,2021-01-24,23949,868691,10496,478514,13453,390177,0,0,22055,574840,0.071518,1884,146532,0.018231,22073,721372,0.089749,8037679
4,2021-01-25,47968,916659,22134,500648,25834,416011,0,0,36810,600585,0.074721,11121,157653,0.019614,36866,758238,0.094335,8037679
4,2021-01-26,56823,973482,28906,529554,27917,443928,0,0,44499,632874,0.078738,12271,169924,0.021141,44560,802798,0.099879,8037679
4,2021-01-27,56180,1029662,26685,556239,29495,473423,0,0,45110,667045,0.08299,10990,180914,0.022508,45161,847959,0.105498,8037679
4,2021-01-28,56585,1086247,25495,581734,31090,504513,0,0,46557,703711,0.087552,9936,190850,0.023744,46602,894561,0.111296,8037679
4,2021-01-29,56571,1142818,27109,608843,29462,533975,0,0,46134,739626,0.09202,10253,201103,0.02502,46168,940729,0.11704,8037679
4,2021-01-30,38012,1180830,17110,625953,20902,554877,0,0,32636,766966,0.095421,5320,206423,0.025682,32660,973389,0.121103,8037679
4,2021-01-31,23866,1204696,12499,638452,11367,566244,0,0,22158,787453,0.09797,1688,208111,0.025892,22175,995564,0.123862,8037679
4,2021-02-01,49699,1254395,23938,662390,25761,592005,0,0,37994,813838,0.101253,11651,219762,0.027341,38036,1033600,0.128594,8037679
4,2021-02-02,55466,1309861,25451,687841,30015,622020,0,0,42544,843580,0.104953,12845,232607,0.02894,42587,1076187,0.133893,8037679
4,2021-02-03,62027,1371888,30330,718171,31697,653717,0,0,47639,877003,0.109111,14270,246877,0.030715,47693,1123880,0.139826,8037679
4,2021-02-04,67687,1439575,31410,749581,36277,689994,0,0,50819,911222,0.113369,16707,263584,0.032794,50926,1174806,0.146162,8037679
4,2021-02-05,73146,1512721,33785,783366,39361,729355,0,0,50931,940330,0.11699,21957,285541,0.035525,51065,1225871,0.152516,8037679
4,2021-02-06,48695,1561416,26140,809506,22555,751910,0,0,37160,966223,0.120212,11467,297008,0.036952,37360,1263231,0.157164,8037679
4,2021-02-07,26469,1587885,17465,826971,9004,760914,0,0,20035,980094,0.121937,6399,303407,0.037748,20270,1283501,0.159686,8037679
4,2021-02-08,58572,1646457,30129,857100,28443,789357,0,0,38060,998038,0.12417,20378,323785,0.040283,38322,1321823,0.164453,8037679
4,2021-02-09,67256,1713713,34083,891183,33173,822530,0,0,39406,1010190,0.125682,27661,351446,0.043725,39813,1361636,0.169407,8037679
4,2021-02-10,77507,1791220,38723,929906,38784,861314,0,0,40666,1014798,0.126255,36601,388047,0.048278,41209,1402845,0.174534,8037679
4,2021-02-11,81308,1872528,42382,972288,38926,900240,0,0,41387,1017161,0.126549,39695,427742,0.053217,42058,1444903,0.179766,8037679
4,2021-02-12,84664,1957192,37902,1010190,46762,947002,0,0,43482,1020480,0.126962,40953,468695,0.058312,44272,1489175,0.185274,8037679
4,2021-02-13,59065,2016257,29914,1040104,29151,976153,0,0,30064,1022581,0.127223,28862,497557,0.061903,30963,1520138,0.189126,8037679
4,2021-02-14,37015,2053272,19222,1059326,17793,993946,0,0,18911,1024103,0.127413,18047,515604,0.064148,19569,1539707,0.191561,8037679
4,2021-02-15,46299,2099571,21655,1080981,24644,1018590,0,0,23756,1026579,0.127721,22461,538065,0.066943,24937,1564644,0.194664,8037679
4,2021-02-16,80159,2179730,36712,1117693,43447,1062037,0,0,40805,1029366,0.128068,39236,577301,0.071824,42023,1606667,0.199892,8037679
4,2021-02-17,81537,2261267,38509,1156202,43028,1105065,0,0,38778,1026698,0.127736,42573,619874,0.077121,39905,1646572,0.204857,8037679
4,2021-02-18,83520,2344787,45948,1202150,37572,1142637,0,0,38647,1022140,0.127169,44686,664560,0.082681,40128,1686700,0.209849,8037679
4,2021-02-19,83038,2427825,52174,1254324,30864,1173501,0,0,41479,1022923,0.127266,41387,705947,0.08783,42170,1728870,0.215096,8037679
4,2021-02-20,49564,2477389,32938,1287262,16626,1190127,0,0,26901,1027938,0.12789,22581,728528,0.090639,27596,1756466,0.218529,8037679
4,2021-02-21,30004,2507393,23852,1311114,6152,1196279,0,0,14577,1027454,0.12783,15346,743874,0.092548,14862,1771328,0.220378,8037679
4,2021-02-22,55088,2562481,37869,1348983,17219,1213498,0,0,26514,1025989,0.127647,28427,772301,0.096085,26962,1798290,0.223732,8037679
4,2021-02-23,76017,2638498,42105,1391088,33912,1247410,0,0,33343,1018526,0.126719,42478,814779,0.10137,35015,1833305,0.228089,8037679
4,2021-02-24,90883,2729381,47979,1439067,42904,1290314,0,0,40909,1011862,0.12589,49725,864504,0.107556,43061,1876366,0.233446,8037679
4,2021-02-25,101759,2831140,53150,1492217,48609,1338923,0,0,48575,1010017,0.12566,52979,917483,0.114148,51134,1927500,0.239808,8037679
4,2021-02-26,107479,2938619,54240,1546457,53239,1392162,0,0,55044,1015252,0.126312,52164,969647,0.120638,57399,1984899,0.246949,8037679
4,2021-02-27,77612,3016231,42180,1588637,35423,1427585,9,9,41555,1022438,0.127206,35863,1005510,0.1251,43049,2027948,0.252305,8037679
4,2021-02-28,47722,3063953,29402,1618039,18313,1445898,7,16,26536,1028843,0.128002,21022,1026532,0.127715,27427,2055375,0.255717,8037679
4,2021-03-01,78018,3141971,45782,1663821,32195,1478093,41,57,43091,1038521,0.129207,34645,1061177,0.132025,44323,2099698,0.261232,8037679
4,2021-03-02,86102,3228073,49511,1713332,36582,1514675,9,66,50512,1055419,0.131309,35411,1096588,0.136431,52309,2152007,0.26774,8037679
4,2021-03-03,100395,3328468,53399,1766731,46982,1561657,14,80,56139,1069302,0.133036,44040,1140628,0.14191,57923,2209930,0.274946,8037679
4,2021-03-04,97875,3426343,54291,1821022,43566,1605223,18,98,53613,1080678,0.134452,44031,1184659,0.147388,55407,2265337,0.28184,8037679
4,2021-03-05,95510,3521853,51615,1872637,43578,1648801,317,415,56408,1100457,0.136912,38883,1223542,0.152226,58662,2323999,0.289138,8037679
4,2021-03-06,76571,3598424,43126,1915763,30805,1679606,2640,3055,47058,1122106,0.139606,29383,1252925,0.155881,51032,2375031,0.295487,8037679
4,2021-03-07,44712,3643136,27462,1943225,15063,1694669,2187,5242,26006,1132771,0.140933,18625,1271550,0.158199,29290,2404321,0.299131,8037679
4,2021-03-08,67771,3710907,35465,1978690,28946,1723615,3360,8602,44530,1158879,0.144181,23112,1294662,0.161074,49220,2453541,0.305255,8037679
4,2021-03-09,81711,3792618,41329,2020019,35137,1758752,5245,13847,44087,1171861,0.145796,37444,1332106,0.165733,50426,2503967,0.311529,8037679
4,2021-03-10,91305,3883923,47092,2067111,36766,1795518,7447,21294,46123,1181373,0.146979,44992,1377098,0.17133,54504,2558471,0.31831,8037679
4,2021-03-11,100790,3984713,52967,2120078,39404,1834922,8419,29713,46498,1183343,0.147224,54043,1431141,0.178054,56013,2614484,0.325278,8037679
4,2021-03-12,104611,4089324,51562,2171640,42784,1877706,10265,39978,44644,1179502,0.146747,59685,1490826,0.18548,55844,2670328,0.332226,8037679
4,2021-03-13,81561,4170885,37848,2209488,35287,1912993,8426,48404,38527,1184657,0.147388,42894,1533720,0.190816,48049,2718377,0.338204,8037679
4,2021-03-14,49915,4220800,28406,2237894,17880,1930873,3629,52033,23262,1185606,0.147506,26557,1560277,0.19412,27506,2745883,0.341626,8037679
4,2021-03-15,83718,4304518,45075,2282969,34398,1965271,4245,56278,42445,1192107,0.148315,41027,1601304,0.199225,47528,2793411,0.34754,8037679
4,2021-03-16,107753,4412271,56042,2339011,48309,2013580,3402,59680,56884,1202466,0.149604,50621,1651925,0.205523,60980,2854391,0.355126,8037679
4,2021-03-17,107023,4519294,57659,2396670,45872,2059452,3492,63172,62580,1224921,0.152397,44178,1696103,0.211019,66633,2921024,0.363416,8037679
4,2021-03-18,107150,4626444,59453,2456123,44007,2103459,3690,66862,60766,1243706,0.154734,46101,1742204,0.216755,64886,2985910,0.371489,8037679
4,2021-03-19,111655,4738099,64291,2520414,42173,2145632,5191,72053,63592,1265089,0.157395,47793,1789997,0.222701,69176,3055086,0.380096,8037679
4,2021-03-20,84078,4822177,49095,2569509,31980,2177612,3003,75056,51764,1288017,0.160247,32148,1822145,0.2267,55076,3110162,0.386948,8037679
4,2021-03-21,48303,4870480,35011,2604520,11034,2188646,2258,77314,28388,1299223,0.161642,19792,1841937,0.229163,30998,3141160,0.390804,8037679
4,2021-03-22,82555,4953035,53959,2658479,25860,2214506,2736,80050,51314,1322987,0.164598,31000,1872937,0.23302,54764,3195924,0.397618,8037679
4,2021-03-23,104850,5057885,62795,2721274,39903,2254409,2152,82202,62373,1345853,0.167443,42203,1915140,0.23827,65069,3260993,0.405713,8037679
4,2021-03-24,113497,5171382,73267,2794541,37816,2292225,2414,84616,63894,1363449,0.169632,49163,1964303,0.244387,66759,3327752,0.414019,8037679
4,2021-03-25,117038,5288420,72071,2866612,42575,2334800,2392,87008,66910,1383583,0.172137,49645,2013948,0.250563,69779,3397531,0.422701,8037679
4,2021-03-26,119725,5408145,72638,2939250,44047,2378847,3040,90048,65479,1398818,0.174033,53876,2067824,0.257266,69111,3466642,0.431299,8037679
4,2021-03-27,92027,5500172,54264,2993514,35977,2414824,1786,91834,46782,1402873,0.174537,44994,2112818,0.262864,49049,3515691,0.437401,8037679
4,2021-03-28,55765,5555937,36815,3030329,18077,2432901,873,92707,29626,1407779,0.175147,25965,2138783,0.266095,30871,3546562,0.441242,8037679
4,2021-03-29,93578,5649515,56078,3086407,35424,2468325,2076,94783,50694,1418464,0.176477,42633,2181416,0.271399,53318,3599880,0.447876,8037679
4,2021-03-30,117145,5766660,63891,3150298,49092,2517417,4162,98945,69578,1445307,0.179816,47321,2228737,0.277286,74164,3674044,0.457103,8037679
4,2021-03-31,121073,5887733,71434,3221732,43333,2560750,6306,105251,67881,1466861,0.182498,52837,2281574,0.28386,74391,3748435,0.466358,8037679
4,2021-04-01,142500,6030233,81264,3302996,47981,2608731,13255,118506,83812,1505847,0.187348,58226,2339800,0.291104,97212,3845647,0.478452,8037679
4,2021-04-02,136598,6166831,72983,3375979,50033,2658764,13582,132088,78769,1540962,0.191717,57525,2397325,0.298261,92640,3938287,0.489978,8037679
4,2021-04-03,101188,6268019,54073,3430052,33709,2692473,13406,145494,52630,1558865,0.193945,48353,2445678,0.304277,66256,4004543,0.498221,8037679
4,2021-04-04,46868,6314887,24730,3454782,14617,2707090,7521,153015,20345,1560330,0.194127,26414,2472092,0.307563,27879,4032422,0.50169,8037679
4,2021-04-05,109500,6424387,61523,3516305,35144,2742234,12833,165848,56719,1577883,0.196311,52559,2524651,0.314102,70112,4102534,0.510413,8037679
4,2021-04-06,138806,6563193,78145,3594450,40913,2783147,19748,185596,72044,1603743,0.199528,66524,2591175,0.322379,92384,4194918,0.521907,8037679
4,2021-04-07,137594,6700787,77951,3672401,38940,2822087,20703,206299,71246,1629876,0.202779,66091,2657266,0.330601,92224,4287142,0.533381,8037679
4,2021-04-08,139974,6840761,78045,3750446,36497,2858584,25432,231731,69543,1655318,0.205945,70135,2727401,0.339327,95577,4382719,0.545272,8037679
4,2021-04-09,137639,6978400,75540,3825986,39113,2897697,22986,254717,65619,1673139,0.208162,71786,2799187,0.348258,89607,4472326,0.55642,8037679
4,2021-04-10,103818,7082218,51211,3877197,33747,2931444,18860,273577,46840,1683098,0.209401,56767,2855954,0.355321,66726,4539052,0.564722,8037679
4,2021-04-11,62643,7144861,38045,3915242,13426,2944870,11172,284749,27289,1687380,0.209934,35243,2891197,0.359705,39525,4578577,0.569639,8037679
4,2021-04-12,102763,7247624,62473,3977715,30121,2974991,10169,294918,51756,1699812,0.21148,50709,2941906,0.366014,63141,4641718,0.577495,8037679
4,2021-04-13,130210,7377834,81694,4059409,48351,3023342,165,295083,77955,1726834,0.214842,51957,2993863,0.372479,78979,4720697,0.587321,8037679
4,2021-04-14,135400,7513234,86295,4145704,49031,3072373,74,295157,74980,1743036,0.216858,60082,3053945,0.379954,76284,4796981,0.596812,8037679
4,2021-04-15,156151,7669385,103952,4249656,52135,3124508,64,295221,95872,1779826,0.221435,59906,3113851,0.387407,96696,4893677,0.608842,8037679
4,2021-04-16,143480,7812865,90980,4340636,52422,3176930,78,295299,83455,1804355,0.224487,59721,3173572,0.394837,84250,4977927,0.619324,8037679
4,2021-04-17,101409,7914274,63759,4404395,37626,3214556,24,295323,59615,1823621,0.226884,41518,3215090,0.400002,60784,5038711,0.626886,8037679
4,2021-04-18,56740,7971014,38339,4442734,18398,3232954,3,295326,32006,1831990,0.227925,24602,3239692,0.403063,32971,5071682,0.630988,8037679
4,2021-04-19,101454,8072468,66875,4509609,34562,3267516,17,295343,51834,1835066,0.228308,49373,3289065,0.409206,52449,5124131,0.637514,8037679
4,2021-04-20,131673,8204141,78577,4588186,53081,3320597,15,295358,68777,1842349,0.229214,62581,3351646,0.416992,69864,5193995,0.646206,8037679
4,2021-04-21,134029,8338170,87525,4675711,46449,3367046,55,295413,67703,1845276,0.229578,65939,3417585,0.425196,68866,5262861,0.654774,8037679
4,2021-04-22,140614,8478784,93384,4769095,47207,3414253,23,295436,62984,1832147,0.227945,77256,3494841,0.434807,64127,5326988,0.662752,8037679
4,2021-04-23,134055,8612839,87363,4856458,46668,3460921,24,295460,58261,1816170,0.225957,75450,3570291,0.444194,59473,5386461,0.670151,8037679
4,2021-04-24,97710,8710549,66091,4922549,31569,3492490,50,295510,45043,1809953,0.225184,52380,3622671,0.450711,46163,5432624,0.675895,8037679
4,2021-04-25,50068,8760617,35284,4957833,14759,3507249,25,295535,26191,1812887,0.225549,23732,3646403,0.453664,26666,5459290,0.679212,8037679
4,2021-04-26,91610,8852227,60092,5017925,31121,3538370,397,295932,36102,1795505,0.223386,55214,3701617,0.460533,37832,5497122,0.683919,8037679
4,2021-04-27,113390,8965617,69281,5087206,41802,3580172,2307,298239,40940,1767414,0.219891,72133,3773750,0.469507,44042,5541164,0.689399,8037679
4,2021-04-28,103610,9069227,67701,5154907,33397,3613569,2512,300751,37982,1743256,0.216885,65315,3839065,0.477634,41157,5582321,0.694519,8037679
4,2021-04-29,105035,9174262,67124,5222031,35391,3648960,2520,303271,34027,1709736,0.212715,70667,3909732,0.486425,37147,5619468,0.699141,8037679
4,2021-04-30,104699,9278961,66384,5288415,35637,3684597,2678,305949,36062,1680880,0.209125,68258,3977990,0.494918,39402,5658870,0.704043,8037679
4,2021-05-01,68866,9347827,45784,5334199,21326,3705923,1756,307705,19991,1654629,0.205859,48640,4026630,0.500969,22389,5681259,0.706828,8037679
4,2021-05-02,37441,9385268,26562,5360761,9602,3715525,1277,308982,10515,1639758,0.204009,26808,4053438,0.504305,11937,5693196,0.708313,8037679
4,2021-05-03,78260,9463528,54456,5415217,21332,3736857,2472,311454,19171,1602928,0.199427,58840,4112278,0.511625,22010,5715206,0.711052,8037679
4,2021-05-04,100737,9564265,68972,5484189,29011,3765868,2754,314208,22705,1551021,0.192969,77757,4190035,0.521299,25850,5741056,0.714268,8037679
4,2021-05-05,101483,9665748,71582,5555771,27175,3793043,2726,316934,22038,1496971,0.186244,79120,4269155,0.531143,25070,5766126,0.717387,8037679
4,2021-05-06,111016,9776764,83210,5638981,24877,3817920,2929,319863,19670,1429797,0.177887,90893,4360048,0.542451,23719,5789845,0.720338,8037679
4,2021-05-07,104190,9880954,74953,5713934,26560,3844480,2677,322540,20613,1370283,0.170482,83221,4443269,0.552805,23707,5813552,0.723287,8037679
4,2021-05-08,69237,9950191,47726,5761660,19586,3864066,1925,324465,13747,1331052,0.165602,55257,4498526,0.55968,16026,5829578,0.725281,8037679
4,2021-05-09,34088,9984279,27899,5789559,5248,3869314,941,325406,7496,1313096,0.163368,26488,4525014,0.562975,8532,5838110,0.726343,8037679
4,2021-05-10,64515,10048794,43156,5832715,19047,3888361,2312,327718,10977,1273360,0.158424,53338,4578352,0.569611,13602,5851712,0.728035,8037679
4,2021-05-11,82122,10130916,51271,5883986,28672,3917033,2179,329897,15780,1225710,0.152496,66105,4644457,0.577836,18455,5870167,0.730331,8037679
4,2021-05-12,79196,10210112,52719,5936705,23977,3941010,2500,332397,16662,1182989,0.14718,62256,4706713,0.585581,19535,5889702,0.732762,8037679
4,2021-05-13,103938,10314050,76606,6013311,25809,3966819,1523,333920,40389,1162680,0.144654,63232,4769945,0.593448,42923,5932625,0.738102,8037679
4,2021-05-14,104344,10418394,73733,6087044,28483,3995302,2128,336048,40251,1141798,0.142056,63792,4833737,0.601385,42910,5975535,0.74344,8037679
4,2021-05-15,85068,10503462,65816,6152860,17932,4013234,1320,337368,37616,1133814,0.141062,47211,4880948,0.607258,39227,6014762,0.748321,8037679
4,2021-05-16,51338,10554800,41372,6194232,9257,4022491,709,338077,21050,1125568,0.140036,30142,4911090,0.611008,21896,6036658,0.751045,8037679
4,2021-05-17,70828,10625628,51787,6246019,17201,4039692,1840,339917,28054,1113109,0.138486,42578,4953668,0.616306,30119,6066777,0.754792,8037679
4,2021-05-18,81312,10706940,52935,6298954,26631,4066323,1746,341663,29188,1092630,0.135938,51775,5005443,0.622747,31296,6098073,0.758686,8037679
4,2021-05-19,76410,10783350,51725,6350679,22747,4089070,1938,343601,30862,1080446,0.134423,45275,5050718,0.62838,33091,6131164,0.762803,8037679
4,2021-05-20,68458,10851808,43955,6394634,22510,4111580,1993,345594,25374,1065350,0.132544,42806,5093524,0.633706,27710,6158874,0.76625,8037679
4,2021-05-21,73160,10924968,48304,6442938,22994,4134574,1862,347456,25882,1046359,0.130182,47001,5140525,0.639553,28010,6186884,0.769735,8037679
4,2021-05-22,49542,10974510,34780,6477718,13482,4148056,1280,348736,21649,1041769,0.129611,27741,5168266,0.643005,23151,6210035,0.772615,8037679
4,2021-05-23,23792,10998302,17069,6494787,6002,4154058,721,349457,9772,1038471,0.1292,13899,5182165,0.644734,10601,6220636,0.773934,8037679
4,2021-05-24,42916,11041218,27331,6522118,12590,4166648,2995,352452,15061,1029082,0.128032,27644,5209809,0.648173,18255,6238891,0.776206,8037679
4,2021-05-25,44717,11085935,27805,6549923,14098,4180746,2814,355266,15886,1019411,0.126829,28602,5238411,0.651732,18931,6257822,0.778561,8037679
4,2021-05-26,44355,11130290,26645,6576568,15117,4195863,2593,357859,15826,1009682,0.125619,28324,5266735,0.655256,18595,6276417,0.780874,8037679
4,2021-05-27,38729,11169019,23281,6599849,12317,4208180,3131,360990,14616,1003672,0.124871,23925,5290660,0.658232,17915,6294332,0.783103,8037679
4,2021-05-28,43102,11212121,27488,6627337,14015,4222195,1599,362589,18809,1000254,0.124446,24049,5314709,0.661224,20631,6314963,0.78567,8037679
4,2021-05-29,23574,11235695,15347,6642684,7294,4229489,933,363522,10864,999602,0.124365,12581,5327290,0.66279,11929,6326892,0.787154,8037679
4,2021-05-30,12007,11247702,8431,6651115,3051,4232540,525,364047,5008,998268,0.124199,6936,5334226,0.663653,5602,6332494,0.787851,8037679
4,2021-05-31,3545,11251247,2256,6653371,1130,4233670,159,364206,1135,997213,0.124067,2370,5336596,0.663947,1315,6333809,0.788015,8037679
4,2021-06-01,39284,11290531,24426,6677797,12418,4246088,2440,366646,13002,986797,0.122771,26074,5362670,0.667191,15658,6349467,0.789963,8037679
4,2021-06-02,32432,11322963,20290,6698087,9362,4255450,2780,369426,10853,979174,0.121823,21405,5384075,0.669854,13782,6363249,0.791677,8037679
4,2021-06-03,47855,11370818,36723,6734810,8681,4264131,2451,371877,10359,954948,0.118809,37343,5421418,0.6745,13117,6376366,0.793309,8037679
4,2021-06-04,54586,11425404,43967,6778777,9300,4273431,1319,373196,12762,928236,0.115486,41599,5463017,0.679676,14887,6391253,0.795162,8037679
4,2021-06-05,44586,11469990,38197,6816974,5394,4278825,995,374191,8758,902587,0.112294,35682,5498699,0.684115,10033,6401286,0.79641,8037679
4,2021-06-06,21169,11491159,18893,6835867,1714,4280539,562,374753,3984,890439,0.110783,17086,5515785,0.686241,4938,6406224,0.797024,8037679
4,2021-06-07,38563,11529722,31218,6867085,5434,4285973,1911,376664,8442,871083,0.108375,29994,5545779,0.689973,10638,6416862,0.798348,8037679
4,2021-06-08,40423,11570145,31734,6898819,6159,4292132,2530,379194,9460,852628,0.106079,30775,5576554,0.693802,12320,6429182,0.79988,8037679
4,2021-06-09,38789,11608934,30770,6929589,5667,4297799,2352,381546,7926,832564,0.103583,30698,5607252,0.697621,10634,6439816,0.801203,8037679
4,2021-06-10,36968,11645902,29149,6958738,5205,4303004,2614,384160,8549,815723,0.101487,28266,5635518,0.701137,11425,6451241,0.802625,8037679
4,2021-06-11,38097,11683999,29926,6988664,6165,4309169,2006,386166,9859,799852,0.099513,28084,5663602,0.704632,12213,6463454,0.804144,8037679
4,2021-06-12,26429,11710428,22013,7010677,3706,4312875,710,386876,6043,786542,0.097857,20281,5683883,0.707155,6971,6470425,0.805012,8037679
4,2021-06-13,10815,11721243,8543,7019220,1795,4314670,477,387353,2282,780941,0.09716,8467,5692350,0.708208,2866,6473291,0.805368,8037679
4,2021-06-14,28493,11749736,21317,7040537,4374,4319044,2802,390155,7778,771158,0.095943,20579,5712929,0.710768,10796,6484087,0.806711,8037679
4,2021-06-15,29832,11779568,21108,7061645,5330,4324374,3394,393549,8305,761735,0.094771,21376,5734305,0.713428,11953,6496040,0.808198,8037679
4,2021-06-16,26427,11805995,19916,7081561,3910,4328284,2601,396150,8023,754325,0.093849,18240,5752545,0.715697,10830,6506870,0.809546,8037679
4,2021-06-17,24996,11830991,18459,7100020,3664,4331948,2873,399023,7583,747737,0.093029,17229,5769774,0.717841,10641,6517511,0.81087,8037679
4,2021-06-18,26563,11857554,20947,7120967,4392,4336340,1224,400247,8221,739291,0.091978,18141,5787915,0.720098,9695,6527206,0.812076,8037679
4,2021-06-19,15694,11873248,12704,7133671,2296,4338636,694,400941,5053,734704,0.091407,10499,5798414,0.721404,5912,6533118,0.812812,8037679
4,2021-06-20,7350,11880598,6055,7139726,988,4339624,307,401248,2618,733036,0.0912,4673,5803087,0.721985,3005,6536123,0.813185,8037679
4,2021-06-21,14474,11895072,10464,7150190,2873,4342497,1137,402385,7330,734597,0.091394,7067,5810154,0.722865,8628,6544751,0.814259,8037679
4,2021-06-22,20361,11915433,15888,7166078,3406,4345903,1067,403452,7084,729742,0.09079,13157,5823311,0.724502,8302,6553053,0.815292,8037679
4,2021-06-23,18309,11933742,14368,7180446,2960,4348863,981,404433,6701,726067,0.090333,11481,5834792,0.72593,7806,6560859,0.816263,8037679
4,2021-06-24,17473,11951215,13529,7193975,2956,4351819,988,405421,6529,722930,0.089943,10794,5845586,0.727273,7657,6568516,0.817216,8037679
4,2021-06-25,21443,11972658,16865,7210840,3538,4355357,1040,406461,7759,718346,0.089372,13550,5859136,0.728959,8966,6577482,0.818331,8037679
4,2021-06-26,12964,11985622,10557,7221397,1792,4357149,615,407076,4790,715780,0.089053,8074,5867210,0.729963,5508,6582990,0.819016,8037679
4,2021-06-27,6810,11992432,5517,7226914,952,4358101,341,407417,2876,715152,0.088975,3899,5871109,0.730448,3271,6586261,0.819423,8037679
4,2021-06-28,14966,12007398,12578,7239492,1547,4359648,841,408258,6024,713274,0.088741,8863,5879972,0.731551,6985,6593246,0.820292,8037679
4,2021-06-29,16356,12023754,12697,7252189,2861,4362509,798,409056,6350,710640,0.088414,9901,5889873,0.732783,7267,6600513,0.821196,8037679
4,2021-06-30,14405,12038159,11245,7263434,2438,4364947,722,409778,5982,709126,0.088225,8326,5898199,0.733819,6812,6607325,0.822044,8037679
4,2021-07-01,14259,12052418,11263,7274697,2273,4367220,723,410501,5841,707514,0.088025,8311,5906510,0.734853,6699,6614024,0.822877,8037679
4,2021-07-02,16524,12068942,13133,7287830,2648,4369868,743,411244,6750,705450,0.087768,9683,5916193,0.736057,7619,6621643,0.823825,8037679
4,2021-07-03,9086,12078028,7216,7295046,1464,4371332,406,411650,3938,704774,0.087684,5078,5921271,0.736689,4402,6626045,0.824373,8037679
4,2021-07-04,420,12078448,256,7295302,104,4371436,60,411710,184,704796,0.087687,233,5921504,0.736718,255,6626300,0.824405,8037679
4,2021-07-05,9138,12087586,7447,7302749,1286,4372722,405,412115,4155,704500,0.08765,4909,5926413,0.737329,4613,6630913,0.824979,8037679
4,2021-07-06,16239,12103825,12822,7315571,2637,4375359,780,412895,6005,701273,0.087248,10117,5936530,0.738588,6890,6637803,0.825836,8037679
4,2021-07-07,13322,12117147,10415,7325986,2168,4377527,739,413634,5075,699038,0.08697,8168,5944698,0.739604,5933,6643736,0.826574,8037679
4,2021-07-08,6310,12123457,4972,7330958,784,4378311,554,414188,2313,698063,0.086849,3951,5948649,0.740095,2976,6646712,0.826944,8037679
