vemquartile,administered_date,total_doses,cumulative_total_doses,pfizer_doses,cumulative_pfizer_doses,moderna_doses,cumulative_moderna_doses,jj_doses,cumulative_jj_doses,partially_vaccinated,total_partially_vaccinated,pct_age16pop_partially_vaccinated,fully_vaccinated,cumulative_fully_vaccinated,pct_age16pop_fully_vaccinated,at_least_one_dose,cumulative_at_least_one_dose,pct_age16pop_at_least_one_dose,age16_population
1,2020-12-15,147,147,147,147,0,0,0,0,147,147,1.8e-05,0,0,0.0,147,147,1.8e-05,8051741
1,2020-12-16,1154,1301,1154,1301,0,0,0,0,1154,1301,0.000162,0,0,0.0,1154,1301,0.000162,8051741
1,2020-12-17,4106,5407,4106,5407,0,0,0,0,4107,5408,0.000672,0,0,0.0,4107,5408,0.000672,8051741
1,2020-12-18,6247,11654,6227,11634,20,20,0,0,6249,11657,0.001448,0,0,0.0,6249,11657,0.001448,8051741
1,2020-12-19,2866,14520,2865,14499,1,21,0,0,2864,14520,0.001803,1,1,0.0,2864,14521,0.001803,8051741
1,2020-12-20,2081,16601,2077,16576,4,25,0,0,2082,16602,0.002062,0,1,0.0,2082,16603,0.002062,8051741
1,2020-12-21,7594,24195,7583,24159,11,36,0,0,7645,24247,0.003011,0,1,0.0,7645,24248,0.003012,8051741
1,2020-12-22,7269,31464,6930,31089,339,375,0,0,7272,31518,0.003914,1,2,0.0,7272,31520,0.003915,8051741
1,2020-12-23,7779,39243,6561,37650,1218,1593,0,0,7775,39293,0.00488,0,2,0.0,7775,39295,0.00488,8051741
1,2020-12-24,3291,42534,2354,40004,937,2530,0,0,3293,42586,0.005289,0,2,0.0,3293,42588,0.005289,8051741
1,2020-12-25,232,42766,149,40153,83,2613,0,0,232,42818,0.005318,0,2,0.0,232,42820,0.005318,8051741
1,2020-12-26,1354,44120,965,41118,389,3002,0,0,1353,44170,0.005486,1,3,0.0,1353,44173,0.005486,8051741
1,2020-12-27,853,44973,527,41645,326,3328,0,0,853,45023,0.005592,0,3,0.0,853,45026,0.005592,8051741
1,2020-12-28,6995,51968,4739,46384,2256,5584,0,0,6994,52017,0.00646,0,3,0.0,6994,52020,0.006461,8051741
1,2020-12-29,8825,60793,4974,51358,3851,9435,0,0,8822,60838,0.007556,1,4,0.0,8822,60842,0.007556,8051741
1,2020-12-30,11562,72355,6467,57825,5095,14530,0,0,11562,72400,0.008992,0,4,0.0,11562,72404,0.008992,8051741
1,2020-12-31,5916,78271,1952,59777,3964,18494,0,0,5915,78314,0.009726,1,5,1e-06,5915,78319,0.009727,8051741
1,2021-01-01,518,78789,174,59951,344,18838,0,0,518,78832,0.009791,0,5,1e-06,518,78837,0.009791,8051741
1,2021-01-02,2876,81665,1743,61694,1133,19971,0,0,2878,81710,0.010148,0,5,1e-06,2878,81715,0.010149,8051741
1,2021-01-03,1007,82672,539,62233,468,20439,0,0,1006,82715,0.010273,1,6,1e-06,1006,82721,0.010274,8051741
1,2021-01-04,7284,89956,3548,65781,3736,24175,0,0,7289,90003,0.011178,1,7,1e-06,7289,90010,0.011179,8051741
1,2021-01-05,10689,100645,5153,70934,5536,29711,0,0,9948,99243,0.012326,728,735,9.1e-05,9968,99978,0.012417,8051741
1,2021-01-06,13817,114462,6961,77895,6856,36567,0,0,11954,109378,0.013584,1825,2560,0.000318,11960,111938,0.013902,8051741
1,2021-01-07,17338,131800,9068,86963,8270,44837,0,0,12926,117997,0.014655,4313,6873,0.000854,12932,124870,0.015508,8051741
1,2021-01-08,20000,151800,10390,97353,9610,54447,0,0,14152,126323,0.015689,5831,12704,0.001578,14157,139027,0.017267,8051741
1,2021-01-09,6600,158400,3341,100694,3259,57706,0,0,4775,129293,0.016058,1809,14513,0.001802,4779,143806,0.01786,8051741
1,2021-01-10,3023,161423,1716,102410,1307,59013,0,0,1854,129995,0.016145,1153,15666,0.001946,1855,145661,0.018091,8051741
1,2021-01-11,18002,179425,11790,114200,6212,65225,0,0,11490,135036,0.016771,6485,22151,0.002751,11526,157187,0.019522,8051741
1,2021-01-12,18771,198196,10615,124815,8156,73381,0,0,12823,141985,0.017634,5906,28057,0.003485,12855,170042,0.021119,8051741
1,2021-01-13,19611,217807,10562,135377,9049,82430,0,0,14487,151382,0.018801,5101,33158,0.004118,14498,184540,0.022919,8051741
1,2021-01-14,21837,239644,9402,144779,12435,94865,0,0,19110,167863,0.020848,2667,35825,0.004449,19148,203688,0.025297,8051741
1,2021-01-15,25061,264705,9280,154059,15781,110646,0,0,23148,189192,0.023497,1862,37687,0.004681,23191,226879,0.028178,8051741
1,2021-01-16,13835,278540,4537,158596,9298,119944,0,0,12996,201353,0.025007,837,38524,0.004785,12998,239877,0.029792,8051741
1,2021-01-17,5161,283701,1984,160580,3177,123121,0,0,4795,205791,0.025559,362,38886,0.00483,4800,244677,0.030388,8051741
1,2021-01-18,14149,297850,8508,169088,5641,128762,0,0,11024,213738,0.026546,3113,41999,0.005216,11060,255737,0.031762,8051741
1,2021-01-19,24510,322360,12772,181860,11738,140500,0,0,19384,228060,0.028324,5111,47110,0.005851,19433,275170,0.034175,8051741
1,2021-01-20,27918,350278,13514,195374,14404,154904,0,0,22522,245239,0.030458,5375,52485,0.006518,22554,297724,0.036976,8051741
1,2021-01-21,30349,380627,14031,209405,16318,171222,0,0,27289,269583,0.033481,3006,55491,0.006892,27350,325074,0.040373,8051741
1,2021-01-22,27976,408603,11105,220510,16871,188093,0,0,26026,293726,0.03648,1908,57399,0.007129,26051,351125,0.043609,8051741
1,2021-01-23,18611,427214,8177,228687,10434,198527,0,0,16692,308525,0.038318,1904,59303,0.007365,16703,367828,0.045683,8051741
1,2021-01-24,6646,433860,4155,232842,2491,201018,0,0,5999,313886,0.038984,642,59945,0.007445,6003,373831,0.046429,8051741
1,2021-01-25,24718,458578,10248,243090,14470,215488,0,0,19289,327842,0.040717,5413,65358,0.008117,19369,393200,0.048834,8051741
1,2021-01-26,28259,486837,13287,256377,14972,230460,0,0,21789,343218,0.042627,6429,71787,0.008916,21805,415005,0.051542,8051741
1,2021-01-27,31330,518167,15308,271685,16022,246482,0,0,23570,359108,0.0446,7703,79490,0.009872,23593,438598,0.054472,8051741
1,2021-01-28,34235,552402,16002,287687,18233,264715,0,0,27565,380100,0.047207,6614,86104,0.010694,27606,466204,0.057901,8051741
1,2021-01-29,33182,585584,16308,303995,16874,281589,0,0,26772,400619,0.049756,6284,92388,0.011474,26803,493007,0.06123,8051741
1,2021-01-30,19961,605545,8626,312621,11335,292924,0,0,17977,416643,0.051746,1960,94348,0.011718,17984,510991,0.063463,8051741
1,2021-01-31,7583,613128,4984,317605,2599,295523,0,0,6852,422767,0.052506,730,95078,0.011808,6854,517845,0.064315,8051741
1,2021-02-01,28064,641192,12105,329710,15959,311482,0,0,20703,436158,0.054169,7317,102395,0.012717,20708,538553,0.066887,8051741
1,2021-02-02,31766,672958,11453,341163,20313,331795,0,0,23924,452330,0.056178,7784,110179,0.013684,23956,562509,0.069862,8051741
1,2021-02-03,38832,711790,14823,355986,24009,355804,0,0,28205,470055,0.058379,10507,120686,0.014989,28232,590741,0.073368,8051741
1,2021-02-04,43531,755321,17030,373016,26501,382305,0,0,31660,489993,0.060856,11769,132455,0.01645,31707,622448,0.077306,8051741
1,2021-02-05,46566,801887,17309,390325,29257,411562,0,0,30695,504971,0.062716,15759,148214,0.018408,30737,653185,0.081123,8051741
1,2021-02-06,26410,828297,10444,400769,15966,427528,0,0,20623,519866,0.064566,5743,153957,0.019121,20638,673823,0.083687,8051741
1,2021-02-07,6153,834450,3943,404712,2210,429738,0,0,4598,522942,0.064948,1539,155496,0.019312,4615,678438,0.08426,8051741
1,2021-02-08,30955,865405,14015,418727,16940,446678,0,0,20674,533509,0.06626,10183,165679,0.020577,20750,699188,0.086837,8051741
1,2021-02-09,37832,903237,16557,435284,21275,467953,0,0,23255,542366,0.06736,14467,180146,0.022374,23324,722512,0.089734,8051741
1,2021-02-10,46434,949671,21983,457267,24451,492404,0,0,26907,549955,0.068303,19392,199538,0.024782,26981,749493,0.093085,8051741
1,2021-02-11,50289,999960,24741,482008,25548,517952,0,0,30738,561429,0.069728,19360,218898,0.027186,30834,780327,0.096914,8051741
1,2021-02-12,49209,1049169,21264,503272,27945,545897,0,0,28407,569291,0.070704,20675,239573,0.029754,28537,808864,0.100458,8051741
1,2021-02-13,25984,1075153,11297,514569,14687,560584,0,0,15072,573593,0.071238,10846,250419,0.031101,15148,824012,0.10234,8051741
1,2021-02-14,11567,1086720,5460,520029,6107,566691,0,0,6603,575366,0.071459,4936,255355,0.031714,6709,830721,0.103173,8051741
1,2021-02-15,23257,1109977,9214,529243,14043,580734,0,0,14173,580701,0.072121,8998,264353,0.032832,14333,845054,0.104953,8051741
1,2021-02-16,46251,1156228,22085,551328,24166,604900,0,0,27392,589481,0.073212,18799,283152,0.035167,27579,872633,0.108378,8051741
1,2021-02-17,47432,1203660,23985,575313,23447,628347,0,0,25887,594125,0.073788,21448,304600,0.03783,26092,898725,0.111619,8051741
1,2021-02-18,49899,1253559,24926,600239,24973,653320,0,0,26107,596918,0.074135,23605,328205,0.040762,26398,925123,0.114897,8051741
1,2021-02-19,45166,1298725,24463,624702,20703,674023,0,0,25639,603180,0.074913,19437,347642,0.043176,25699,950822,0.118089,8051741
1,2021-02-20,26361,1325086,15946,640648,10415,684438,0,0,15105,607140,0.075405,11221,358863,0.04457,15181,966003,0.119974,8051741
1,2021-02-21,9602,1334688,8384,649032,1218,685656,0,0,5852,609414,0.075687,3713,362576,0.045031,5987,971990,0.120718,8051741
1,2021-02-22,29670,1364358,19503,668535,10167,695823,0,0,17488,614945,0.076374,12138,374714,0.046538,17669,989659,0.122912,8051741
1,2021-02-23,41801,1406159,20065,688600,21736,717559,0,0,23274,620193,0.077026,18419,393133,0.048826,23667,1013326,0.125852,8051741
1,2021-02-24,52184,1458343,25195,713795,26989,744548,0,0,29423,627436,0.077926,22672,415805,0.051642,29915,1043241,0.129567,8051741
1,2021-02-25,63411,1521754,30442,744237,32969,777517,0,0,39567,643784,0.079956,23757,439562,0.054592,40105,1083346,0.134548,8051741
1,2021-02-26,71297,1593051,33553,777790,37744,815261,0,0,47341,667771,0.082935,23822,463384,0.057551,47809,1131155,0.140486,8051741
1,2021-02-27,48072,1641123,21375,799165,26691,841952,6,6,31875,683819,0.084928,16099,479483,0.05955,32147,1163302,0.144478,8051741
1,2021-02-28,18865,1659988,11190,810355,7675,849627,0,6,13992,693215,0.086095,4825,484308,0.060149,14221,1177523,0.146245,8051741
1,2021-03-01,42917,1702905,19566,829921,23343,872970,8,14,27982,706642,0.087763,14845,499153,0.061993,28272,1205795,0.149756,8051741
1,2021-03-02,58203,1761108,23888,853809,34310,907280,5,19,37047,723380,0.089841,21064,520217,0.064609,37802,1243597,0.154451,8051741
1,2021-03-03,67508,1828616,31723,885532,35774,943054,11,30,40946,738663,0.09174,26446,546663,0.067894,41729,1285326,0.159633,8051741
1,2021-03-04,75072,1903688,34605,920137,40435,983489,32,62,48066,760449,0.094445,26865,573528,0.07123,48651,1333977,0.165676,8051741
1,2021-03-05,73666,1977354,32765,952902,40702,1024191,199,261,49012,785997,0.097618,24480,598008,0.074271,50028,1384005,0.171889,8051741
1,2021-03-06,56059,2033413,26526,979428,28208,1052399,1325,1586,38095,808077,0.100361,17910,615918,0.076495,39990,1423995,0.176856,8051741
1,2021-03-07,19353,2052766,12212,991640,6355,1058754,786,2372,14492,818798,0.101692,4847,620765,0.077097,15568,1439563,0.178789,8051741
1,2021-03-08,42897,2095663,20254,1011894,20793,1079547,1850,4222,29910,837973,0.104074,12923,633688,0.078702,32098,1471661,0.182776,8051741
1,2021-03-09,59524,2155187,25845,1037739,31222,1110769,2457,6679,35666,852950,0.105934,23782,657470,0.081656,38759,1510420,0.187589,8051741
1,2021-03-10,69946,2225133,34352,1072091,31367,1142136,4227,10906,43213,874269,0.108581,26633,684103,0.084963,47952,1558372,0.193545,8051741
1,2021-03-11,87091,2312224,39503,1111594,39803,1181939,7785,18691,51004,897733,0.111496,35889,719992,0.089421,59353,1617725,0.200916,8051741
1,2021-03-12,93406,2405630,40163,1151757,41006,1222945,12237,30928,53854,924925,0.114873,39391,759383,0.094313,66583,1684308,0.209186,8051741
1,2021-03-13,62795,2468425,28118,1179875,27018,1249963,7659,38587,40038,950312,0.118026,22663,782046,0.097128,48050,1732358,0.215153,8051741
1,2021-03-14,26708,2495133,14237,1194112,9010,1258973,3461,42048,15832,958979,0.119102,10831,792877,0.098473,19498,1751856,0.217575,8051741
1,2021-03-15,63137,2558270,27370,1221482,29194,1288167,6573,48621,37433,977793,0.121439,25562,818439,0.101647,44376,1796232,0.223086,8051741
1,2021-03-16,83052,2641322,37158,1258640,40416,1328583,5478,54099,52235,1005297,0.124855,30669,849108,0.105456,58173,1854405,0.230311,8051741
1,2021-03-17,89270,2730592,42639,1301279,40136,1368719,6495,60594,57370,1037856,0.128898,31771,880879,0.109402,64330,1918735,0.238301,8051741
1,2021-03-18,94483,2825075,47736,1349015,41257,1409976,5490,66084,58542,1066927,0.132509,35670,916549,0.113832,64741,1983476,0.246341,8051741
1,2021-03-19,99642,2924717,51112,1400127,42473,1452449,6057,72141,59514,1093149,0.135766,39897,956446,0.118787,66119,2049595,0.254553,8051741
1,2021-03-20,69682,2994399,35872,1435999,28640,1481089,5170,77311,45885,1120858,0.139207,23667,980113,0.121727,51376,2100971,0.260934,8051741
1,2021-03-21,25766,3020165,17768,1453767,6240,1487329,1758,79069,16753,1130603,0.140417,8953,989066,0.122839,18698,2119669,0.263256,8051741
1,2021-03-22,56654,3076819,29409,1483176,24070,1511399,3175,82244,38794,1155203,0.143472,17724,1006790,0.12504,42324,2161993,0.268512,8051741
1,2021-03-23,79825,3156644,40450,1523626,35934,1547333,3441,85685,51947,1183368,0.14697,27720,1034510,0.128483,55885,2217878,0.275453,8051741
1,2021-03-24,83902,3240546,42259,1565885,37458,1584791,4185,89870,51388,1206948,0.149899,32328,1066838,0.132498,55908,2273786,0.282397,8051741
1,2021-03-25,91956,3332502,46313,1612198,40108,1624899,5535,95405,53421,1227838,0.152493,38303,1105141,0.137255,59193,2332979,0.289748,8051741
1,2021-03-26,100024,3432526,48186,1660384,45720,1670619,6118,101523,56109,1246736,0.154841,43664,1148805,0.142678,62562,2395541,0.297518,8051741
1,2021-03-27,70459,3502985,36601,1696985,30172,1700791,3686,105209,37048,1254438,0.155797,33242,1182047,0.146806,40944,2436485,0.302603,8051741
1,2021-03-28,31163,3534148,20040,1717025,9926,1710717,1197,106406,16637,1258157,0.156259,14446,1196493,0.148601,18165,2454650,0.30486,8051741
1,2021-03-29,64531,3598679,32185,1749210,29576,1740293,2770,109176,36966,1270682,0.157815,27436,1223929,0.152008,39961,2494611,0.309823,8051741
1,2021-03-30,88288,3686967,43073,1792283,39327,1779620,5888,115064,50482,1289502,0.160152,37700,1261629,0.15669,56520,2551131,0.316842,8051741
1,2021-03-31,96448,3783415,50292,1842575,40467,1820087,5689,120753,55308,1309685,0.162659,40920,1302549,0.161772,61103,2612234,0.324431,8051741
1,2021-04-01,105687,3889102,50700,1893275,47055,1867142,7932,128685,55206,1322686,0.164273,50239,1352788,0.168012,63240,2675474,0.332285,8051741
1,2021-04-02,105433,3994535,48011,1941286,48261,1915403,9161,137846,54810,1336628,0.166005,50293,1403081,0.174258,64235,2739709,0.340263,8051741
1,2021-04-03,74859,4069394,37247,1978533,28401,1943804,9211,147057,35495,1342248,0.166703,39231,1442312,0.17913,44851,2784560,0.345833,8051741
1,2021-04-04,23411,4092805,11634,1990167,8354,1952158,3423,150480,10163,1342639,0.166751,13211,1455523,0.180771,13602,2798162,0.347523,8051741
1,2021-04-05,72990,4165795,34903,2025070,29247,1981405,8840,159320,34083,1347052,0.167299,38773,1494296,0.185587,43186,2841348,0.352886,8051741
1,2021-04-06,100813,4266608,47607,2072677,36945,2018350,16261,175581,46340,1355562,0.168356,54284,1548580,0.192329,62794,2904142,0.360685,8051741
1,2021-04-07,107515,4374123,51807,2124484,38605,2056955,17103,192684,49710,1365046,0.169534,57607,1606187,0.199483,67091,2971233,0.369017,8051741
1,2021-04-08,117894,4492017,55401,2179885,42161,2099116,20332,213016,53096,1374113,0.17066,64513,1670700,0.207495,73580,3044813,0.378156,8051741
1,2021-04-09,115652,4607669,52166,2232051,43493,2142609,19993,233009,51687,1382300,0.171677,63684,1734384,0.215405,71871,3116684,0.387082,8051741
1,2021-04-10,92424,4700093,41355,2273406,28901,2171510,22168,255177,36452,1385200,0.172037,55806,1790190,0.222336,58706,3175390,0.394373,8051741
1,2021-04-11,34705,4734798,19063,2292469,9187,2180697,6455,261632,14287,1385846,0.172118,20364,1810554,0.224865,21010,3196400,0.396982,8051741
1,2021-04-12,71855,4806653,32007,2324476,30062,2210759,9786,271418,30933,1386038,0.172141,40722,1851276,0.229922,40914,3237314,0.402064,8051741
1,2021-04-13,93289,4899942,49269,2373745,43690,2254449,330,271748,50110,1393956,0.173125,42974,1894250,0.23526,50892,3288206,0.408384,8051741
1,2021-04-14,99399,4999341,51422,2425167,47915,2302364,62,271810,50718,1396883,0.173488,48392,1942642,0.24127,51319,3339525,0.414758,8051741
1,2021-04-15,100150,5099491,54082,2479249,45988,2348352,80,271890,53641,1405002,0.174497,46053,1988695,0.246989,54172,3393697,0.421486,8051741
1,2021-04-16,103696,5203187,53363,2532612,50247,2398599,86,271976,52269,1406528,0.174686,51085,2039780,0.253334,52611,3446308,0.42802,8051741
1,2021-04-17,78441,5281628,42581,2575193,35853,2434452,7,271983,44187,1416866,0.17597,34099,2073879,0.257569,44437,3490745,0.433539,8051741
1,2021-04-18,27709,5309337,18319,2593512,9384,2443836,6,271989,14543,1418590,0.176184,13097,2086976,0.259196,14821,3505566,0.43538,8051741
1,2021-04-19,63616,5372953,32514,2626026,31078,2474914,24,272013,29078,1413660,0.175572,34270,2121246,0.263452,29340,3534906,0.439024,8051741
1,2021-04-20,83626,5456579,41881,2667907,41729,2516643,16,272029,39896,1410606,0.175193,43476,2164722,0.268851,40422,3575328,0.444044,8051741
1,2021-04-21,90219,5546798,46057,2713964,44074,2560717,88,272117,41185,1404047,0.174378,48635,2213357,0.274892,42076,3617404,0.44927,8051741
1,2021-04-22,91668,5638466,47580,2761544,44069,2604786,19,272136,42788,1399089,0.173762,48504,2261861,0.280916,43546,3660950,0.454678,8051741
1,2021-04-23,93909,5732375,48196,2809740,45688,2650474,25,272161,45339,1396866,0.173486,48215,2310076,0.286904,45992,3706942,0.46039,8051741
1,2021-04-24,71972,5804347,45737,2855477,26224,2676698,11,272172,41511,1408631,0.174947,30275,2340351,0.290664,42040,3748982,0.465611,8051741
1,2021-04-25,26683,5831030,17098,2872575,9577,2686275,8,272180,15401,1413033,0.175494,11210,2351561,0.292056,15612,3764594,0.46755,8051741
1,2021-04-26,57085,5888115,30619,2903194,26121,2712396,345,272525,27070,1411284,0.175277,29799,2381360,0.295757,28050,3792644,0.471034,8051741
1,2021-04-27,72297,5960412,38386,2941580,32802,2745198,1109,273634,31101,1403074,0.174257,40925,2422285,0.30084,32715,3825359,0.475097,8051741
1,2021-04-28,72083,6032495,37869,2979449,32862,2778060,1352,274986,31497,1396219,0.173406,40344,2462629,0.30585,33489,3858848,0.479256,8051741
1,2021-04-29,65571,6098066,34889,3014338,29390,2807450,1292,276278,26235,1385208,0.172038,39123,2501752,0.310709,28112,3886960,0.482748,8051741
1,2021-04-30,63316,6161382,34515,3048853,27623,2835073,1178,277456,25110,1374232,0.170675,38026,2539778,0.315432,27050,3914010,0.486107,8051741
1,2021-05-01,44905,6206287,29890,3078743,14086,2849159,929,278385,18146,1367232,0.169806,26636,2566414,0.31874,19636,3933646,0.488546,8051741
1,2021-05-02,12263,6218550,9652,3088395,2472,2851631,139,278524,5648,1366601,0.169727,6567,2572981,0.319556,5936,3939582,0.489283,8051741
2,2020-12-15,232,232,232,232,0,0,0,0,232,232,2.9e-05,0,0,0.0,232,232,2.9e-05,7897587
2,2020-12-16,1925,2157,1925,2157,0,0,0,0,1925,2157,0.000273,0,0,0.0,1925,2157,0.000273,7897587
2,2020-12-17,6659,8816,6659,8816,0,0,0,0,6660,8817,0.001116,0,0,0.0,6660,8817,0.001116,7897587
2,2020-12-18,10827,19643,10808,19624,19,19,0,0,10828,19645,0.002487,0,0,0.0,10828,19645,0.002487,7897587
2,2020-12-19,5572,25215,5567,25191,5,24,0,0,5574,25219,0.003193,0,0,0.0,5574,25219,0.003193,7897587
2,2020-12-20,4216,29431,4209,29400,7,31,0,0,4213,29432,0.003727,0,0,0.0,4213,29432,0.003727,7897587
2,2020-12-21,12762,42193,12739,42139,23,54,0,0,12717,42149,0.005337,0,0,0.0,12717,42149,0.005337,7897587
2,2020-12-22,12036,54229,11529,53668,507,561,0,0,12036,54185,0.006861,0,0,0.0,12036,54185,0.006861,7897587
2,2020-12-23,11604,65833,9416,63084,2188,2749,0,0,11606,65791,0.008331,0,0,0.0,11606,65791,0.008331,7897587
2,2020-12-24,5841,71674,3488,66572,2353,5102,0,0,5838,71629,0.00907,0,0,0.0,5838,71629,0.00907,7897587
2,2020-12-25,477,72151,401,66973,76,5178,0,0,478,72107,0.00913,0,0,0.0,478,72107,0.00913,7897587
2,2020-12-26,2565,74716,1669,68642,896,6074,0,0,2567,74674,0.009455,0,0,0.0,2567,74674,0.009455,7897587
2,2020-12-27,2210,76926,1196,69838,1014,7088,0,0,2208,76881,0.009735,1,1,0.0,2208,76882,0.009735,7897587
2,2020-12-28,10901,87827,7083,76921,3818,10906,0,0,10901,87781,0.011115,1,2,0.0,10901,87783,0.011115,7897587
2,2020-12-29,12681,100508,7186,84107,5495,16401,0,0,12685,100466,0.012721,0,2,0.0,12685,100468,0.012721,7897587
2,2020-12-30,15315,115823,8632,92739,6683,23084,0,0,15331,115796,0.014662,1,3,0.0,15331,115799,0.014663,7897587
2,2020-12-31,7496,123319,2802,95541,4694,27778,0,0,7493,123288,0.015611,1,4,1e-06,7493,123292,0.015611,7897587
2,2021-01-01,1092,124411,526,96067,566,28344,0,0,1093,124380,0.015749,1,5,1e-06,1093,124385,0.01575,7897587
2,2021-01-02,4805,129216,2751,98818,2054,30398,0,0,4803,129183,0.016357,0,5,1e-06,4803,129188,0.016358,7897587
2,2021-01-03,1380,130596,789,99607,591,30989,0,0,1375,130555,0.016531,3,8,1e-06,1375,130563,0.016532,7897587
2,2021-01-04,11487,142083,5433,105040,6054,37043,0,0,11474,142025,0.017983,4,12,2e-06,11474,142037,0.017985,7897587
2,2021-01-05,13763,155846,6870,111910,6893,43936,0,0,12590,153478,0.019434,1166,1178,0.000149,12619,154656,0.019583,7897587
2,2021-01-06,18845,174691,10421,122331,8424,52360,0,0,15138,164959,0.020887,3662,4840,0.000613,15143,169799,0.0215,7897587
2,2021-01-07,22827,197518,12832,135163,9995,62355,0,0,15558,173238,0.021936,7292,12132,0.001536,15571,185370,0.023472,7897587
2,2021-01-08,26258,223776,15951,151114,10307,72662,0,0,16234,179494,0.022728,9993,22125,0.002801,16249,201619,0.025529,7897587
2,2021-01-09,9547,233323,5547,156661,4000,76662,0,0,6176,182282,0.023081,3392,25517,0.003231,6180,207799,0.026312,7897587
2,2021-01-10,5257,238580,2913,159574,2344,79006,0,0,3050,183106,0.023185,2230,27747,0.003513,3054,210853,0.026698,7897587
2,2021-01-11,25905,264485,17813,177387,8092,87098,0,0,14990,187193,0.023703,10949,38696,0.0049,15036,225889,0.028602,7897587
2,2021-01-12,25927,290412,16102,193489,9825,96923,0,0,16478,194259,0.024597,9479,48175,0.0061,16545,242434,0.030697,7897587
2,2021-01-13,28210,318622,14866,208355,13344,110267,0,0,20314,206705,0.026173,7890,56065,0.007099,20336,262770,0.033272,7897587
2,2021-01-14,29985,348607,11382,219737,18603,128870,0,0,25811,228359,0.028915,4202,60267,0.007631,25856,288626,0.036546,7897587
2,2021-01-15,35075,383682,12925,232662,22150,151020,0,0,31863,257058,0.032549,3225,63492,0.008039,31924,320550,0.040588,7897587
2,2021-01-16,17540,401222,5609,238271,11931,162951,0,0,16232,271966,0.034437,1334,64826,0.008208,16242,336792,0.042645,7897587
2,2021-01-17,10547,411769,3517,241788,7030,169981,0,0,9845,281092,0.035592,727,65553,0.0083,9853,346645,0.043893,7897587
2,2021-01-18,19619,431388,10982,252770,8637,178618,0,0,14899,291298,0.036884,4736,70289,0.0089,14942,361587,0.045784,7897587
2,2021-01-19,32179,463567,16780,269550,15399,194017,0,0,24219,307661,0.038956,7965,78254,0.009909,24328,385915,0.048865,7897587
2,2021-01-20,36363,499930,17983,287533,18380,212397,0,0,27879,327161,0.041425,8464,86718,0.01098,27964,413879,0.052406,7897587
2,2021-01-21,40374,540304,17158,304691,23216,235613,0,0,36008,358974,0.045454,4345,91063,0.01153,36158,450037,0.056984,7897587
2,2021-01-22,38995,579299,16284,320975,22711,258324,0,0,35720,391447,0.049565,3279,94342,0.011946,35752,485789,0.061511,7897587
2,2021-01-23,23896,603195,10807,331782,13089,271413,0,0,20950,409505,0.051852,2921,97263,0.012316,20979,506768,0.064167,7897587
2,2021-01-24,12429,615624,6156,337938,6273,277686,0,0,11516,420131,0.053197,900,98163,0.012429,11526,518294,0.065627,7897587
2,2021-01-25,33453,649077,15496,353434,17957,295643,0,0,24781,436379,0.055255,8650,106813,0.013525,24898,543192,0.068779,7897587
2,2021-01-26,40017,689094,19798,373232,20219,315862,0,0,31134,458727,0.058084,8862,115675,0.014647,31210,574402,0.072731,7897587
2,2021-01-27,44759,733853,22844,396076,21915,337777,0,0,34941,483996,0.061284,9725,125400,0.015878,34994,609396,0.077162,7897587
2,2021-01-28,47720,781573,22500,418576,25220,362997,0,0,39250,514884,0.065195,8419,133819,0.016944,39307,648703,0.082139,7897587
2,2021-01-29,45252,826825,22134,440710,23118,386115,0,0,36753,543281,0.068791,8402,142221,0.018008,36799,685502,0.086799,7897587
2,2021-01-30,31085,857910,13494,454204,17591,403706,0,0,27871,568004,0.071921,3175,145396,0.01841,27898,713400,0.090331,7897587
2,2021-01-31,17539,875449,10642,464846,6897,410603,0,0,16329,583161,0.07384,1192,146588,0.018561,16349,729749,0.092402,7897587
2,2021-02-01,40047,915496,19138,483984,20909,431512,0,0,29718,602610,0.076303,10300,156888,0.019865,29749,759498,0.096168,7897587
2,2021-02-02,47684,963180,19718,503702,27966,459478,0,0,36298,627691,0.079479,11312,168200,0.021298,36393,795891,0.100776,7897587
2,2021-02-03,53487,1016667,23754,527456,29733,489211,0,0,39742,653858,0.082792,13657,181857,0.023027,39824,835715,0.105819,7897587
2,2021-02-04,55674,1072341,24205,551661,31469,520680,0,0,40815,679991,0.086101,14770,196627,0.024897,40903,876618,0.110998,7897587
2,2021-02-05,59381,1131722,26303,577964,33078,553758,0,0,40324,701614,0.088839,18891,215518,0.027289,40514,917132,0.116128,7897587
2,2021-02-06,38745,1170467,18134,596098,20611,574369,0,0,31237,725489,0.091862,7441,222959,0.028231,31316,948448,0.120093,7897587
2,2021-02-07,15886,1186353,10643,606741,5243,579612,0,0,12035,733760,0.092909,3828,226787,0.028716,12099,960547,0.121625,7897587
2,2021-02-08,42921,1229274,22053,628794,20868,600480,0,0,29610,750356,0.095011,13207,239994,0.030388,29803,990350,0.125399,7897587
2,2021-02-09,48984,1278258,23368,652162,25616,626096,0,0,30818,763405,0.096663,18084,258078,0.032678,31133,1021483,0.129341,7897587
2,2021-02-10,59173,1337431,27993,680155,31180,657276,0,0,34730,774242,0.098035,24234,282312,0.035747,35071,1056554,0.133782,7897587
2,2021-02-11,63408,1400839,29411,709566,33997,691273,0,0,35859,783310,0.099183,27268,309580,0.039199,36336,1092890,0.138383,7897587
2,2021-02-12,64505,1465344,27923,737489,36582,727855,0,0,34542,788732,0.09987,29768,339348,0.042969,35190,1128080,0.142839,7897587
2,2021-02-13,37367,1502711,15687,753176,21680,749535,0,0,21658,795141,0.100682,15625,354973,0.044947,22034,1150114,0.145629,7897587
2,2021-02-14,19861,1522572,9313,762489,10548,760083,0,0,11200,798137,0.101061,8624,363597,0.046039,11620,1161734,0.1471,7897587
2,2021-02-15,32738,1555310,14795,777284,17943,778026,0,0,18278,802900,0.101664,14353,377950,0.047856,19116,1180850,0.14952,7897587
2,2021-02-16,55702,1611012,27578,804862,28124,806150,0,0,29400,806943,0.102176,26226,404176,0.051177,30269,1211119,0.153353,7897587
2,2021-02-17,60852,1671864,31533,836395,29319,835469,0,0,30281,807839,0.102289,30525,434701,0.055042,31421,1242540,0.157332,7897587
2,2021-02-18,65382,1737246,33294,869689,32088,867557,0,0,32037,808223,0.102338,33148,467849,0.059239,33532,1276072,0.161577,7897587
2,2021-02-19,58525,1795771,32617,902306,25908,893465,0,0,29138,808792,0.10241,29270,497119,0.062946,29839,1305911,0.165356,7897587
2,2021-02-20,36716,1832487,23978,926284,12738,906203,0,0,19957,813047,0.102949,16691,513810,0.065059,20946,1326857,0.168008,7897587
2,2021-02-21,17791,1850278,14371,940655,3420,909623,0,0,8742,814179,0.103092,8988,522798,0.066197,10120,1336977,0.169289,7897587
2,2021-02-22,37053,1887331,25457,966112,11596,921219,0,0,17805,814067,0.103078,19158,541956,0.068623,19046,1356023,0.171701,7897587
2,2021-02-23,50618,1937949,25792,991904,24826,946045,0,0,22335,811010,0.102691,28121,570077,0.072184,25064,1381087,0.174875,7897587
2,2021-02-24,67678,2005627,34846,1026750,32832,978877,0,0,31309,809389,0.102486,36242,606319,0.076773,34621,1415708,0.179258,7897587
2,2021-02-25,72806,2078433,34061,1060811,38745,1017622,0,0,36996,814381,0.103118,35617,641936,0.081283,40609,1456317,0.1844,7897587
2,2021-02-26,81030,2159463,34730,1095541,46300,1063922,0,0,43987,823808,0.104311,36825,678761,0.085945,46252,1502569,0.190257,7897587
2,2021-02-27,58487,2217950,26602,1122143,31881,1095803,4,4,31929,830851,0.105203,26385,705146,0.089286,33428,1535997,0.194489,7897587
2,2021-02-28,28826,2246776,17290,1139433,11535,1107338,1,5,16863,837412,0.106034,11886,717032,0.090791,18447,1554444,0.196825,7897587
2,2021-03-01,55060,2301836,28899,1168332,26146,1133484,15,20,30181,844775,0.106966,24693,741725,0.093918,32056,1586500,0.200884,7897587
2,2021-03-02,64312,2366148,29802,1198134,34505,1167989,5,25,35925,855470,0.10832,28290,770015,0.0975,38985,1625485,0.20582,7897587
2,2021-03-03,77448,2443596,37472,1235606,39970,1207959,6,31,43589,868506,0.109971,33703,803718,0.101768,46739,1672224,0.211739,7897587
2,2021-03-04,85253,2528849,41783,1277389,43444,1251403,26,57,49272,884777,0.112031,35825,839543,0.106304,52096,1724320,0.218335,7897587
2,2021-03-05,78235,2607084,36654,1314043,41287,1292690,294,351,47849,905142,0.11461,30222,869765,0.11013,50587,1774907,0.22474,7897587
2,2021-03-06,61136,2668220,29783,1343826,29698,1322388,1655,2006,37537,922424,0.116798,23504,893269,0.113107,40786,1815693,0.229905,7897587
2,2021-03-07,26748,2694968,15473,1359299,10336,1332724,939,2945,17132,932337,0.118053,9561,902830,0.114317,19474,1835167,0.232371,7897587
2,2021-03-08,48744,2743712,22214,1381513,24111,1356835,2419,5364,30726,949201,0.120189,17922,920752,0.116586,34786,1869953,0.236775,7897587
2,2021-03-09,62987,2806699,25822,1407335,33427,1390262,3738,9102,33605,959215,0.121457,29270,950022,0.120293,39284,1909237,0.241749,7897587
2,2021-03-10,74486,2881185,34912,1442247,33395,1423657,6179,15281,39489,971865,0.123058,34836,984858,0.124704,47486,1956723,0.247762,7897587
2,2021-03-11,90501,2971686,41531,1483778,40825,1464482,8145,23426,47618,986902,0.124962,42645,1027503,0.130103,57682,2014405,0.255066,7897587
2,2021-03-12,91393,3063079,37609,1521387,41965,1506447,11819,35245,45839,1000553,0.126691,45390,1072893,0.135851,59041,2073446,0.262542,7897587
2,2021-03-13,67066,3130145,28090,1549477,31173,1537620,7803,43048,37050,1016797,0.128748,29916,1102809,0.139639,46160,2119606,0.268387,7897587
2,2021-03-14,35860,3166005,17749,1567226,13680,1551300,4431,47479,19179,1024582,0.129734,16607,1119416,0.141742,24392,2143998,0.271475,7897587
2,2021-03-15,65988,3231993,29729,1596955,31324,1582624,4935,52414,36693,1038228,0.131461,29114,1148530,0.145428,42760,2186758,0.276889,7897587
2,2021-03-16,84840,3316833,37419,1634374,43488,1626112,3933,56347,52040,1062970,0.134594,32660,1181190,0.149563,57402,2244160,0.284158,7897587
2,2021-03-17,90298,3407131,43284,1677658,43061,1669173,3953,60300,57732,1093392,0.138446,32364,1213554,0.153661,62786,2306946,0.292108,7897587
2,2021-03-18,94981,3502112,44771,1722429,45807,1714980,4403,64703,58778,1121649,0.142024,35948,1249502,0.158213,64205,2371151,0.300237,7897587
2,2021-03-19,95073,3597185,44787,1767216,44271,1759251,6015,70718,57296,1148125,0.145377,37549,1287051,0.162968,64025,2435176,0.308344,7897587
2,2021-03-20,68253,3665438,32743,1799959,31648,1790899,3862,74580,45562,1175577,0.148853,22511,1309562,0.165818,49963,2485139,0.314671,7897587
2,2021-03-21,32429,3697867,20842,1820801,9636,1800535,1951,76531,20610,1187324,0.15034,11735,1321297,0.167304,23482,2508621,0.317644,7897587
2,2021-03-22,61331,3759198,33614,1854415,25170,1825705,2547,79078,41540,1212871,0.153575,19634,1340931,0.16979,45181,2553802,0.323365,7897587
2,2021-03-23,81516,3840714,42950,1897365,35764,1861469,2802,81880,53807,1242936,0.157382,27494,1368425,0.173271,57559,2611361,0.330653,7897587
2,2021-03-24,89678,3930392,48272,1945637,38356,1899825,3050,84930,53745,1265407,0.160227,35687,1404112,0.17779,58158,2669519,0.338017,7897587
2,2021-03-25,98462,4028854,49294,1994931,45437,1945262,3731,88661,56788,1285291,0.162745,41410,1445522,0.183033,61294,2730813,0.345778,7897587
2,2021-03-26,100573,4129427,49919,2044850,47253,1992515,3401,92062,56866,1303251,0.165019,43409,1488931,0.18853,61369,2792182,0.353549,7897587
2,2021-03-27,73684,4203111,36643,2081493,33791,2026306,3250,95312,38014,1309900,0.165861,35487,1524418,0.193023,42136,2834318,0.358884,7897587
2,2021-03-28,36727,4239838,22469,2103962,13455,2039761,803,96115,20741,1316285,0.166669,15897,1540315,0.195036,22282,2856600,0.361705,7897587
2,2021-03-29,69672,4309510,35522,2139484,31975,2071736,2175,98290,40874,1331575,0.168605,28655,1568970,0.198664,43945,2900545,0.36727,7897587
2,2021-03-30,89464,4398974,43538,2183022,41927,2113663,3999,102289,55108,1357093,0.171836,34204,1603174,0.202995,59722,2960267,0.374832,7897587
2,2021-03-31,98690,4497664,50793,2233815,43018,2156681,4879,107168,58351,1380578,0.17481,40135,1643309,0.208077,63620,3023887,0.382887,7897587
2,2021-04-01,113774,4611438,54756,2288571,50410,2207091,8608,115776,62675,1401473,0.177456,50871,1694180,0.214519,71766,3095653,0.391975,7897587
2,2021-04-02,108617,4720055,50136,2338707,48783,2255874,9698,125474,59276,1421893,0.180041,49049,1743229,0.220729,69469,3165122,0.400771,7897587
2,2021-04-03,74630,4794685,36607,2375314,28597,2284471,9426,134900,37398,1432171,0.181343,37070,1780299,0.225423,47348,3212470,0.406766,7897587
2,2021-04-04,28608,4823293,14707,2390021,10131,2294602,3770,138670,13169,1433821,0.181552,15373,1795672,0.22737,17023,3229493,0.408921,7897587
2,2021-04-05,77631,4900924,38234,2428255,30922,2325524,8475,147145,38249,1442192,0.182612,39272,1834944,0.232342,47643,3277136,0.414954,7897587
2,2021-04-06,101590,5002514,49575,2477830,37829,2363353,14186,161331,48904,1453524,0.184047,52474,1887418,0.238987,63806,3340942,0.423033,7897587
2,2021-04-07,108193,5110707,54209,2532039,38172,2401525,15812,177143,51829,1465891,0.185613,56151,1943569,0.246097,68518,3409460,0.431709,7897587
2,2021-04-08,116831,5227538,56402,2588441,42132,2443657,18297,195440,54745,1477752,0.187114,61852,2005421,0.253928,73713,3483173,0.441043,7897587
2,2021-04-09,115662,5343200,55923,2644364,42165,2485822,17574,213014,55344,1491759,0.188888,60054,2065475,0.261532,74061,3557234,0.45042,7897587
2,2021-04-10,84484,5427684,36901,2681265,29927,2515749,17656,230670,35247,1496377,0.189473,49085,2114560,0.267748,53703,3610937,0.45722,7897587
2,2021-04-11,43419,5471103,22345,2703610,12653,2528402,8421,239091,17780,1498047,0.189684,25557,2140117,0.270984,27227,3638164,0.460668,7897587
2,2021-04-12,78183,5549286,36466,2740076,32554,2560956,9163,248254,35271,1500791,0.190032,42705,2182822,0.276391,45449,3683613,0.466423,7897587
2,2021-04-13,99294,5648580,51216,2791292,47841,2608797,237,248491,54626,1512331,0.191493,44479,2227301,0.282023,56019,3739632,0.473516,7897587
2,2021-04-14,103741,5752321,54448,2845740,49247,2658044,46,248537,53697,1518215,0.192238,49842,2277143,0.288334,55726,3795358,0.480572,7897587
2,2021-04-15,109392,5861713,58163,2903903,51165,2709209,64,248601,57711,1526293,0.193261,51390,2328533,0.294841,59468,3854826,0.488102,7897587
2,2021-04-16,106897,5968610,55658,2959561,51189,2760398,50,248651,54741,1530173,0.193752,51927,2380460,0.301416,55807,3910633,0.495168,7897587
2,2021-04-17,78961,6047571,40541,3000102,38407,2798805,13,248664,43925,1540356,0.195041,34879,2415339,0.305833,45062,3955695,0.500874,7897587
2,2021-04-18,33359,6080930,19926,3020028,13430,2812235,3,248667,16241,1540764,0.195093,17042,2432381,0.30799,17450,3973145,0.503083,7897587
2,2021-04-19,72553,6153483,39333,3059361,33212,2845447,8,248675,33398,1536158,0.19451,38980,2471361,0.312926,34374,4007519,0.507436,7897587
2,2021-04-20,93652,6247135,46746,3106107,46891,2892338,15,248690,45981,1536431,0.194544,47448,2518809,0.318934,47721,4055240,0.513478,7897587
2,2021-04-21,97514,6344649,51737,3157844,45725,2938063,52,248742,46583,1534343,0.19428,50652,2569461,0.325348,48564,4103804,0.519628,7897587
2,2021-04-22,103002,6447651,52388,3210232,50596,2988659,18,248760,45753,1525482,0.193158,56959,2626420,0.33256,48098,4151902,0.525718,7897587
2,2021-04-23,102322,6549973,54012,3264244,48295,3036954,15,248775,47369,1520866,0.192574,54685,2681105,0.339484,50069,4201971,0.532058,7897587
2,2021-04-24,77735,6627708,46249,3310493,31450,3068404,36,248811,41085,1527778,0.193449,36458,2717563,0.3441,43370,4245341,0.537549,7897587
2,2021-04-25,35715,6663423,22092,3332585,13609,3082013,14,248825,19512,1531986,0.193982,16101,2733664,0.346139,20309,4265650,0.540121,7897587
2,2021-04-26,64575,6727998,35836,3368421,28465,3110478,274,249099,29578,1529733,0.193696,34833,2768497,0.35055,32580,4298230,0.544246,7897587
2,2021-04-27,79261,6807259,41515,3409936,36639,3147117,1107,250206,34060,1522758,0.192813,44984,2813481,0.356246,38009,4336239,0.549059,7897587
2,2021-04-28,79666,6886925,41665,3451601,36266,3183383,1735,251941,34645,1517357,0.192129,44817,2858298,0.36192,39416,4375655,0.55405,7897587
2,2021-04-29,72146,6959071,38219,3489820,32513,3215896,1414,253355,27643,1504900,0.190552,44320,2902618,0.367532,31863,4407518,0.558084,7897587
2,2021-04-30,66087,7025158,36422,3526242,28653,3244549,1012,254367,24169,1491164,0.188813,41728,2944346,0.372816,27992,4435510,0.561629,7897587
2,2021-05-01,42241,7067399,25512,3551754,15907,3260456,822,255189,16526,1484848,0.188013,25596,2969942,0.376057,19280,4454790,0.56407,7897587
2,2021-05-02,15304,7082703,11688,3563442,3238,3263694,378,255567,6588,1483614,0.187857,8667,2978609,0.377154,7433,4462223,0.565011,7897587
3,2020-12-15,303,303,303,303,0,0,0,0,303,303,3.9e-05,0,0,0.0,303,303,3.9e-05,7688185
3,2020-12-16,2205,2508,2205,2508,0,0,0,0,2205,2508,0.000326,0,0,0.0,2205,2508,0.000326,7688185
3,2020-12-17,7601,10109,7601,10109,0,0,0,0,7601,10109,0.001315,0,0,0.0,7601,10109,0.001315,7688185
3,2020-12-18,12806,22915,12795,22904,11,11,0,0,12805,22914,0.00298,0,0,0.0,12805,22914,0.00298,7688185
3,2020-12-19,7039,29954,7028,29932,11,22,0,0,7103,30017,0.003904,0,0,0.0,7103,30017,0.003904,7688185
3,2020-12-20,5487,35441,5479,35411,8,30,0,0,5533,35549,0.004624,1,1,0.0,5533,35550,0.004624,7688185
3,2020-12-21,14254,49695,14232,49643,22,52,0,0,14319,49867,0.006486,1,2,0.0,14319,49869,0.006486,7688185
3,2020-12-22,14622,64317,14054,63697,568,620,0,0,14661,64528,0.008393,0,2,0.0,14661,64530,0.008393,7688185
3,2020-12-23,14649,78966,12067,75764,2582,3202,0,0,14676,79204,0.010302,0,2,0.0,14676,79206,0.010302,7688185
3,2020-12-24,6757,85723,4851,80615,1906,5108,0,0,6755,85958,0.011181,1,3,0.0,6755,85961,0.011181,7688185
3,2020-12-25,718,86441,663,81278,55,5163,0,0,717,86675,0.011274,0,3,0.0,717,86678,0.011274,7688185
3,2020-12-26,4594,91035,2983,84261,1611,6774,0,0,4592,91267,0.011871,0,3,0.0,4592,91270,0.011871,7688185
3,2020-12-27,2950,93985,1832,86093,1118,7892,0,0,2951,94218,0.012255,0,3,0.0,2951,94221,0.012255,7688185
3,2020-12-28,13456,107441,8602,94695,4854,12746,0,0,13484,107701,0.014009,1,4,1e-06,13484,107705,0.014009,7688185
3,2020-12-29,14888,122329,8420,103115,6468,19214,0,0,14918,122617,0.015949,2,6,1e-06,14918,122623,0.01595,7688185
3,2020-12-30,17924,140253,10040,113155,7884,27098,0,0,17914,140531,0.018279,0,6,1e-06,17914,140537,0.01828,7688185
3,2020-12-31,8306,148559,3204,116359,5102,32200,0,0,8306,148836,0.019359,1,7,1e-06,8306,148843,0.01936,7688185
3,2021-01-01,1149,149708,520,116879,629,32829,0,0,1146,149982,0.019508,0,7,1e-06,1146,149989,0.019509,7688185
3,2021-01-02,4978,154686,2463,119342,2515,35344,0,0,4978,154960,0.020156,0,7,1e-06,4978,154967,0.020157,7688185
3,2021-01-03,1591,156277,838,120180,753,36097,0,0,1582,156538,0.020361,4,11,1e-06,1582,156549,0.020362,7688185
3,2021-01-04,11950,168227,5985,126165,5965,42062,0,0,11924,168455,0.021911,7,18,2e-06,11924,168473,0.021913,7688185
3,2021-01-05,15555,183782,8024,134189,7531,49593,0,0,13955,180849,0.023523,1585,1603,0.000209,13979,182452,0.023731,7688185
3,2021-01-06,20036,203818,10503,144692,9533,59126,0,0,15796,192451,0.025032,4200,5803,0.000755,15802,198254,0.025787,7688185
3,2021-01-07,26000,229818,14811,159503,11189,70315,0,0,16966,200422,0.026069,9008,14811,0.001926,16979,215233,0.027995,7688185
3,2021-01-08,29895,259713,18335,177838,11560,81875,0,0,17815,206198,0.02682,12059,26870,0.003495,17835,233068,0.030315,7688185
3,2021-01-09,12011,271724,6769,184607,5242,87117,0,0,7712,209620,0.027265,4295,31165,0.004054,7717,240785,0.031319,7688185
3,2021-01-10,7151,278875,4466,189073,2685,89802,0,0,4008,210491,0.027379,3141,34306,0.004462,4012,244797,0.031841,7688185
3,2021-01-11,28618,307493,18715,207788,9903,99705,0,0,16176,214274,0.027871,12436,46742,0.00608,16219,261016,0.03395,7688185
3,2021-01-12,31847,339340,19036,226824,12811,112516,0,0,19482,221491,0.028809,12348,59090,0.007686,19565,280581,0.036495,7688185
3,2021-01-13,34261,373601,17948,244772,16313,128829,0,0,24183,235612,0.030646,10078,69168,0.008997,24199,304780,0.039643,7688185
3,2021-01-14,34243,407844,14078,258850,20165,148994,0,0,28394,258219,0.033586,5818,74986,0.009753,28425,333205,0.04334,7688185
3,2021-01-15,38503,446347,14394,273244,24109,173103,0,0,33915,287611,0.037409,4579,79565,0.010349,33971,367176,0.047758,7688185
3,2021-01-16,21735,468082,7604,280848,14131,187234,0,0,19435,304780,0.039643,2287,81852,0.010646,19456,386632,0.050289,7688185
3,2021-01-17,13101,481183,4465,285313,8636,195870,0,0,12079,315855,0.041083,1022,82874,0.010779,12097,398729,0.051863,7688185
3,2021-01-18,24520,505703,12752,298065,11768,207638,0,0,19040,329436,0.04285,5498,88372,0.011495,19079,417808,0.054344,7688185
3,2021-01-19,40637,546340,20748,318813,19889,227527,0,0,31622,352145,0.045803,8991,97363,0.012664,31700,449508,0.058467,7688185
3,2021-01-20,44516,590856,21847,340660,22669,250196,0,0,35290,378324,0.049208,9184,106547,0.013859,35363,484871,0.063067,7688185
3,2021-01-21,46900,637756,20163,360823,26737,276933,0,0,41528,414612,0.053928,5302,111849,0.014548,41590,526461,0.068477,7688185
3,2021-01-22,49092,686848,19567,380390,29525,306458,0,0,45001,455578,0.059257,4101,115950,0.015082,45067,571528,0.074338,7688185
3,2021-01-23,29945,716793,12701,393091,17244,323702,0,0,26639,478964,0.062299,3295,119245,0.01551,26681,598209,0.077809,7688185
3,2021-01-24,17598,734391,8482,401573,9116,332818,0,0,16452,494297,0.064293,1142,120387,0.015659,16475,614684,0.079952,7688185
3,2021-01-25,40186,774577,17985,419558,22201,355019,0,0,30399,515006,0.066987,9771,130158,0.01693,30480,645164,0.083916,7688185
3,2021-01-26,46438,821015,22146,441704,24292,379311,0,0,36532,541738,0.070464,9901,140059,0.018217,36633,681797,0.088681,7688185
3,2021-01-27,50306,871321,24424,466128,25882,405193,0,0,39855,571285,0.074307,10375,150434,0.019567,39922,721719,0.093874,7688185
3,2021-01-28,51218,922539,23771,489899,27447,432640,0,0,42445,605083,0.078703,8691,159125,0.020697,42489,764208,0.0994,7688185
3,2021-01-29,50087,972626,24117,514016,25970,458610,0,0,40688,636602,0.082803,9213,168338,0.021896,40732,804940,0.104698,7688185
3,2021-01-30,36563,1009189,17342,531358,19221,477831,0,0,32032,664228,0.086396,4483,172821,0.022479,32109,837049,0.108875,7688185
3,2021-01-31,22183,1031372,12805,544163,9378,487209,0,0,20715,683499,0.088903,1459,174280,0.022669,20730,857779,0.111571,7688185
3,2021-02-01,44703,1076075,20155,564318,24548,511757,0,0,34614,708101,0.092102,10048,184328,0.023975,34650,892429,0.116078,7688185
3,2021-02-02,54023,1130098,22805,587123,31218,542975,0,0,41362,736934,0.095853,12576,196904,0.025611,41409,933838,0.121464,7688185
3,2021-02-03,59464,1189562,26497,613620,32967,575942,0,0,44381,766444,0.099691,14932,211836,0.027553,44442,978280,0.127245,7688185
3,2021-02-04,63865,1253427,27769,641389,36096,612038,0,0,46918,796706,0.103627,16758,228594,0.029733,47020,1025300,0.13336,7688185
3,2021-02-05,69660,1323087,29680,671069,39980,652018,0,0,48305,824035,0.107182,21147,249741,0.032484,48476,1073776,0.139666,7688185
3,2021-02-06,43389,1366476,21129,692198,22260,674278,0,0,33701,848261,0.110333,9660,259401,0.03374,33886,1107662,0.144073,7688185
3,2021-02-07,19383,1385859,12265,704463,7118,681396,0,0,14920,858854,0.111711,4452,263853,0.034319,15045,1122707,0.14603,7688185
3,2021-02-08,50634,1436493,24389,728852,26245,707641,0,0,33305,875130,0.113828,17212,281065,0.036558,33488,1156195,0.150386,7688185
3,2021-02-09,57958,1494451,28212,757064,29746,737387,0,0,34097,885874,0.115225,23693,304758,0.03964,34437,1190632,0.154865,7688185
3,2021-02-10,67245,1561696,31285,788349,35960,773347,0,0,36586,892549,0.116094,30430,335188,0.043598,37105,1227737,0.159691,7688185
3,2021-02-11,69815,1631511,34429,822778,35386,808733,0,0,37763,899116,0.116948,31721,366909,0.047724,38288,1266025,0.164672,7688185
3,2021-02-12,74479,1705990,32224,855002,42255,850988,0,0,41332,908328,0.118146,32873,399782,0.052,42085,1308110,0.170145,7688185
3,2021-02-13,44411,1750401,20183,875185,24228,875216,0,0,25633,915909,0.119132,18633,418415,0.054423,26214,1334324,0.173555,7688185
3,2021-02-14,27037,1777438,13516,888701,13521,888737,0,0,15136,919649,0.119618,11857,430272,0.055965,15597,1349921,0.175584,7688185
3,2021-02-15,39530,1816968,17070,905771,22460,911197,0,0,21918,924986,0.120313,17530,447802,0.058245,22867,1372788,0.178558,7688185
3,2021-02-16,69072,1886040,32690,938461,36382,947579,0,0,36138,929357,0.120881,32811,480613,0.062513,37182,1409970,0.183394,7688185
3,2021-02-17,70699,1956739,35857,974318,34842,982421,0,0,33784,927523,0.120643,36721,517334,0.067289,34887,1444857,0.187932,7688185
3,2021-02-18,75793,2032532,39651,1013969,36142,1018563,0,0,35582,924377,0.120233,40094,557428,0.072504,36948,1481805,0.192738,7688185
3,2021-02-19,67757,2100289,39102,1053071,28655,1047218,0,0,34413,926226,0.120474,33255,590683,0.07683,35104,1516909,0.197304,7688185
3,2021-02-20,41189,2141478,26011,1079082,15178,1062396,0,0,21895,929406,0.120888,19211,609894,0.079329,22391,1539300,0.200216,7688185
3,2021-02-21,19510,2160988,15785,1094867,3725,1066121,0,0,9213,928813,0.12081,10234,620128,0.08066,9641,1548941,0.20147,7688185
3,2021-02-22,44607,2205595,29070,1123937,15537,1081658,0,0,21175,927179,0.120598,23356,643484,0.083698,21722,1570663,0.204296,7688185
3,2021-02-23,59457,2265052,32277,1156214,27180,1108838,0,0,26279,922433,0.119981,33058,676542,0.087998,28312,1598975,0.207978,7688185
3,2021-02-24,75692,2340744,36946,1193160,38746,1147584,0,0,33942,917337,0.119318,41594,718136,0.093408,36498,1635473,0.212726,7688185
3,2021-02-25,84055,2424799,40420,1233580,43635,1191219,0,0,42188,920486,0.119727,41661,759797,0.098827,44810,1680283,0.218554,7688185
3,2021-02-26,94664,2519463,43105,1276685,51559,1242778,0,0,50539,929389,0.120885,43823,803620,0.104527,52726,1733009,0.225412,7688185
3,2021-02-27,66281,2585744,29991,1306676,36287,1279065,3,3,35179,934933,0.121606,30944,834564,0.108551,36488,1769497,0.230158,7688185
3,2021-02-28,37367,2623111,21658,1328334,15708,1294773,1,4,19443,937585,0.121951,17791,852355,0.110866,20443,1789940,0.232817,7688185
3,2021-03-01,64893,2688004,34336,1362670,30547,1325320,10,14,36331,946913,0.123165,28422,880777,0.114562,37750,1827690,0.237727,7688185
3,2021-03-02,74104,2762108,35344,1398014,38758,1364078,2,16,42888,960810,0.124972,31106,911883,0.118608,45003,1872693,0.243581,7688185
3,2021-03-03,86614,2848722,41129,1439143,45473,1409551,12,28,48308,973313,0.126599,38148,950031,0.12357,50651,1923344,0.250169,7688185
3,2021-03-04,91180,2939902,44569,1483712,46596,1456147,15,43,51958,988565,0.128582,39046,989077,0.128649,54298,1977642,0.257231,7688185
3,2021-03-05,87086,3026988,42338,1526050,44461,1500608,287,330,53104,1010454,0.131429,33781,1022858,0.133043,55670,2033312,0.264472,7688185
3,2021-03-06,63707,3090695,31999,1558049,29576,1530184,2132,2462,36512,1023573,0.133136,27078,1049936,0.136565,40197,2073509,0.269701,7688185
3,2021-03-07,36326,3127021,21447,1579496,13776,1543960,1103,3565,20824,1031607,0.134181,15460,1065396,0.138576,23494,2097003,0.272757,7688185
3,2021-03-08,57610,3184631,27287,1606783,27514,1571474,2809,6374,36521,1051541,0.136774,20992,1086388,0.141306,40926,2137929,0.27808,7688185
3,2021-03-09,69945,3254576,29630,1636413,36001,1607475,4314,10688,36376,1060500,0.137939,33477,1119865,0.145661,42436,2180365,0.283599,7688185
3,2021-03-10,79703,3334279,39288,1675701,34510,1641985,5905,16593,41326,1071418,0.139359,38221,1158086,0.150632,49139,2229504,0.289991,7688185
3,2021-03-11,94830,3429109,46229,1721930,40195,1682180,8406,24999,46746,1080207,0.140502,47872,1205958,0.156859,56661,2286165,0.297361,7688185
3,2021-03-12,99979,3529088,44516,1766446,43720,1725900,11743,36742,45883,1085059,0.141133,53925,1259883,0.163873,58777,2344942,0.305006,7688185
3,2021-03-13,68355,3597443,28890,1795336,32351,1758251,7114,43856,36058,1097416,0.142741,32208,1292091,0.168062,44565,2389507,0.310802,7688185
3,2021-03-14,40139,3637582,21096,1816432,15582,1773833,3461,47317,21864,1105238,0.143758,18223,1310314,0.170432,26045,2415552,0.31419,7688185
3,2021-03-15,74261,3711843,35215,1851647,34581,1808414,4465,51782,39529,1115649,0.145112,34587,1344901,0.174931,44998,2460550,0.320043,7688185
3,2021-03-16,93641,3805484,43106,1894753,46304,1854718,4231,56013,53464,1134410,0.147552,40000,1384901,0.180134,58761,2519311,0.327686,7688185
3,2021-03-17,96120,3901604,46698,1941451,45052,1899770,4370,60383,58950,1161465,0.151071,37002,1421903,0.184947,64057,2583368,0.336018,7688185
3,2021-03-18,100633,4002237,50678,1992129,45633,1945403,4322,64705,59053,1184297,0.154041,41376,1463279,0.190328,64208,2647576,0.344369,7688185
3,2021-03-19,100575,4102812,53581,2045710,42617,1988020,4377,69082,57345,1203675,0.156562,43028,1506307,0.195925,62406,2709982,0.352487,7688185
3,2021-03-20,70167,4172979,36157,2081867,30465,2018485,3545,72627,44419,1226656,0.159551,25603,1531910,0.199255,48584,2758566,0.358806,7688185
3,2021-03-21,35308,4208287,23992,2105859,9859,2028344,1457,74084,22982,1239638,0.161239,12273,1544183,0.200851,25255,2783821,0.362091,7688185
3,2021-03-22,68701,4276988,40303,2146162,25970,2054314,2428,76512,45069,1264779,0.164509,23482,1567665,0.203906,48623,2832444,0.368415,7688185
3,2021-03-23,87978,4364966,48365,2194527,37202,2091516,2411,78923,57180,1294534,0.16838,30601,1598266,0.207886,60356,2892800,0.376266,7688185
3,2021-03-24,97107,4462073,56067,2250594,38301,2129817,2739,81662,56827,1314978,0.171039,40001,1638267,0.213089,60445,2953245,0.384128,7688185
3,2021-03-25,104706,4566779,58157,2308751,43722,2173539,2827,84489,60511,1335042,0.173649,43942,1682209,0.218804,64006,3017251,0.392453,7688185
3,2021-03-26,108013,4674792,57964,2366715,46866,2220405,3183,87672,57691,1346718,0.175167,50087,1732296,0.225319,61763,3079014,0.400486,7688185
3,2021-03-27,72937,4747729,36969,2403684,33451,2253856,2517,90189,36580,1350304,0.175634,36194,1768490,0.230027,39780,3118794,0.405661,7688185
3,2021-03-28,43160,4790889,27102,2430786,15258,2269114,800,90989,23095,1354712,0.176207,19987,1788477,0.232627,24395,3143189,0.408834,7688185
3,2021-03-29,79296,4870185,41504,2472290,36029,2305143,1763,92752,44969,1368102,0.177949,34141,1822618,0.237067,47531,3190720,0.415016,7688185
3,2021-03-30,98203,4968388,48312,2520602,46385,2351528,3506,96258,59598,1393414,0.181241,38403,1861021,0.242062,63715,3254435,0.423303,7688185
3,2021-03-31,103019,5071407,55598,2576200,42714,2394242,4707,100965,57148,1409895,0.183385,45725,1906746,0.24801,62206,3316641,0.431395,7688185
3,2021-04-01,120290,5191697,60652,2636852,50352,2444594,9286,110251,65705,1430888,0.186115,54368,1961114,0.255082,75361,3392002,0.441197,7688185
3,2021-04-02,115371,5307068,56459,2693311,49023,2493617,9889,120140,61662,1449451,0.18853,53504,2014618,0.262041,72067,3464069,0.45057,7688185
3,2021-04-03,74458,5381526,37999,2731310,27520,2521137,8939,129079,37443,1459330,0.189815,36911,2051529,0.266842,46790,3510859,0.456656,7688185
3,2021-04-04,31979,5413505,17088,2748398,10780,2531917,4111,133190,14297,1460172,0.189924,17631,2069160,0.269135,18473,3529332,0.459059,7688185
3,2021-04-05,87585,5501090,44510,2792908,34217,2566134,8858,142048,43470,1469413,0.191126,43970,2113130,0.274854,53211,3582543,0.46598,7688185
3,2021-04-06,111539,5612629,54499,2847407,42177,2608311,14863,156911,53174,1480139,0.192521,58157,2171287,0.282419,68883,3651426,0.47494,7688185
3,2021-04-07,114203,5726832,59419,2906826,38876,2647187,15908,172819,55912,1494409,0.194377,58092,2229379,0.289975,72362,3723788,0.484352,7688185
3,2021-04-08,119401,5846233,59843,2966669,39847,2687034,19711,192530,55926,1507659,0.196101,63243,2292622,0.298201,76493,3800281,0.494301,7688185
3,2021-04-09,115431,5961664,57760,3024429,39040,2726074,18631,211161,51283,1514667,0.197012,63960,2356582,0.30652,70968,3871249,0.503532,7688185
3,2021-04-10,81863,6043527,37191,3061620,29774,2755848,14898,226059,33595,1515971,0.197182,48131,2404713,0.31278,49435,3920684,0.509962,7688185
3,2021-04-11,44126,6087653,23623,3085243,12631,2768479,7872,233931,16781,1514339,0.19697,27267,2431980,0.316327,25635,3946319,0.513297,7688185
3,2021-04-12,82321,6169974,41819,3127062,32029,2800508,8473,242404,37759,1517261,0.19735,44394,2476374,0.322101,47316,3993635,0.519451,7688185
3,2021-04-13,103352,6273326,55895,3182957,47254,2847762,203,242607,54703,1524785,0.198328,48479,2524853,0.328407,56003,4049638,0.526735,7688185
3,2021-04-14,104234,6377560,57092,3240049,47052,2894814,90,242697,52666,1528058,0.198754,51336,2576189,0.335084,54609,4104247,0.533838,7688185
3,2021-04-15,115159,6492719,64854,3304903,50253,2945067,52,242749,62314,1539045,0.200183,52615,2628804,0.341928,63602,4167849,0.542111,7688185
3,2021-04-16,112291,6605010,63025,3367928,49178,2994245,88,242837,59146,1546154,0.201108,52915,2681719,0.34881,60024,4227873,0.549918,7688185
3,2021-04-17,75984,6680994,41693,3409621,34280,3028525,11,242848,42082,1555637,0.202341,33768,2715487,0.353203,43251,4271124,0.555544,7688185
3,2021-04-18,36444,6717438,21534,3431155,14906,3043431,4,242852,17375,1555019,0.202261,18998,2734485,0.355674,18380,4289504,0.557935,7688185
3,2021-04-19,77299,6794737,43302,3474457,33947,3077378,50,242902,35177,1549142,0.201496,41988,2776473,0.361135,36111,4325615,0.562631,7688185
3,2021-04-20,97141,6891878,50298,3524755,46835,3124213,8,242910,47544,1548992,0.201477,49439,2825912,0.367566,49289,4374904,0.569042,7688185
3,2021-04-21,99799,6991677,55034,3579789,44706,3168919,59,242969,47500,1546124,0.201104,52057,2877969,0.374337,49189,4424093,0.57544,7688185
3,2021-04-22,106485,7098162,59043,3638832,47424,3216343,18,242987,46550,1534916,0.199646,59681,2937650,0.382099,48473,4472566,0.581745,7688185
3,2021-04-23,101273,7199435,57531,3696363,43722,3260065,20,243007,44533,1525806,0.198461,56460,2994110,0.389443,47350,4519916,0.587904,7688185
3,2021-04-24,71577,7271012,44571,3740934,26950,3287015,56,243063,35049,1526606,0.198565,36318,3030428,0.394167,37118,4557034,0.592732,7688185
3,2021-04-25,35673,7306685,22983,3763917,12677,3299692,13,243076,18290,1528233,0.198777,17286,3047714,0.396415,18913,4575947,0.595192,7688185
3,2021-04-26,63628,7370313,35565,3799482,27714,3327406,349,243425,26897,1521266,0.197871,36543,3084257,0.401168,29576,4605523,0.599039,7688185
3,2021-04-27,80956,7451269,42169,3841651,37419,3364825,1368,244793,32320,1508792,0.196248,48420,3132677,0.407466,35946,4641469,0.603715,7688185
3,2021-04-28,78373,7529642,43709,3885360,32704,3397529,1960,246753,31496,1497570,0.194788,46686,3179363,0.413539,35464,4676933,0.608327,7688185
3,2021-04-29,70684,7600326,39408,3924768,29356,3426885,1920,248673,24425,1480059,0.192511,46073,3225436,0.419532,28562,4705495,0.612042,7688185
3,2021-04-30,59241,7659567,33615,3958383,24559,3451444,1067,249740,21105,1466077,0.190692,37990,3263426,0.424473,24008,4729503,0.615165,7688185
3,2021-05-01,33222,7692789,21031,3979414,11602,3463046,589,250329,11889,1458376,0.189691,21251,3284677,0.427237,13550,4743053,0.616928,7688185
3,2021-05-02,11890,7704679,8770,3988184,2863,3465909,257,250586,5363,1457676,0.189599,6499,3291176,0.428082,5799,4748852,0.617682,7688185
4,2020-12-15,444,444,444,444,0,0,0,0,444,444,5.9e-05,0,0,0.0,444,444,5.9e-05,7584050
4,2020-12-16,2955,3399,2955,3399,0,0,0,0,2955,3399,0.000448,0,0,0.0,2955,3399,0.000448,7584050
4,2020-12-17,8519,11918,8519,11918,0,0,0,0,8519,11918,0.001571,0,0,0.0,8519,11918,0.001571,7584050
4,2020-12-18,15372,27290,15363,27281,9,9,0,0,15372,27290,0.003598,0,0,0.0,15372,27290,0.003598,7584050
4,2020-12-19,10229,37519,10222,37503,7,16,0,0,10164,37454,0.004939,0,0,0.0,10164,37454,0.004939,7584050
4,2020-12-20,7361,44880,7349,44852,12,28,0,0,7316,44770,0.005903,0,0,0.0,7316,44770,0.005903,7584050
4,2020-12-21,16272,61152,16249,61101,23,51,0,0,16205,60975,0.00804,0,0,0.0,16205,60975,0.00804,7584050
4,2020-12-22,17088,78240,16356,77457,732,783,0,0,17044,78019,0.010287,0,0,0.0,17044,78019,0.010287,7584050
4,2020-12-23,16895,95135,14213,91670,2682,3465,0,0,16866,94885,0.012511,0,0,0.0,16866,94885,0.012511,7584050
4,2020-12-24,8530,103665,5953,97623,2577,6042,0,0,8530,103415,0.013636,0,0,0.0,8530,103415,0.013636,7584050
4,2020-12-25,897,104562,793,98416,104,6146,0,0,897,104312,0.013754,0,0,0.0,897,104312,0.013754,7584050
4,2020-12-26,6161,110723,3861,102277,2300,8446,0,0,6161,110473,0.014566,0,0,0.0,6161,110473,0.014566,7584050
4,2020-12-27,3414,114137,1996,104273,1418,9864,0,0,3414,113887,0.015017,0,0,0.0,3414,113887,0.015017,7584050
4,2020-12-28,14945,129082,9231,113504,5714,15578,0,0,14915,128801,0.016983,1,1,0.0,14915,128802,0.016983,7584050
4,2020-12-29,15222,144304,8426,121930,6796,22374,0,0,15188,143989,0.018986,0,1,0.0,15188,143990,0.018986,7584050
4,2020-12-30,18853,163157,11060,132990,7793,30167,0,0,18842,162829,0.02147,2,3,0.0,18842,162832,0.02147,7584050
4,2020-12-31,8178,171335,3313,136303,4865,35032,0,0,8173,171000,0.022547,2,5,1e-06,8173,171005,0.022548,7584050
4,2021-01-01,1193,172528,500,136803,693,35725,0,0,1191,172189,0.022704,2,7,1e-06,1191,172196,0.022705,7584050
4,2021-01-02,5645,178173,3188,139991,2457,38182,0,0,5644,177832,0.023448,1,8,1e-06,5644,177840,0.023449,7584050
4,2021-01-03,2107,180280,1249,141240,858,39040,0,0,2093,179921,0.023724,4,12,2e-06,2093,179933,0.023725,7584050
4,2021-01-04,12926,193206,7051,148291,5875,44915,0,0,12877,192766,0.025417,32,44,6e-06,12877,192810,0.025423,7584050
4,2021-01-05,16701,209907,9861,158152,6840,51755,0,0,14678,205453,0.02709,2002,2046,0.00027,14689,207499,0.02736,7584050
4,2021-01-06,21447,231354,13156,171308,8291,60046,0,0,15614,215298,0.028388,5780,7826,0.001032,15625,223124,0.02942,7584050
4,2021-01-07,27726,259080,16911,188219,10815,70861,0,0,16959,221558,0.029214,10712,18538,0.002444,16972,240096,0.031658,7584050
4,2021-01-08,32554,291634,20910,209129,11644,82505,0,0,18428,225943,0.029792,14058,32596,0.004298,18443,258539,0.03409,7584050
4,2021-01-09,16031,307665,9469,218598,6562,89067,0,0,9381,228706,0.030156,6629,39225,0.005172,9392,267931,0.035328,7584050
4,2021-01-10,8698,316363,5625,224223,3073,92140,0,0,4093,228223,0.030092,4584,43809,0.005776,4101,272032,0.035869,7584050
4,2021-01-11,33219,349582,21758,245981,11461,103601,0,0,18743,232567,0.030665,14436,58245,0.00768,18780,290812,0.038345,7584050
4,2021-01-12,37989,387571,21799,267780,16190,119791,0,0,23977,242619,0.031991,13963,72208,0.009521,24015,314827,0.041512,7584050
4,2021-01-13,38343,425914,18872,286652,19471,139262,0,0,27175,258704,0.034112,11114,83322,0.010986,27199,342026,0.045098,7584050
4,2021-01-14,38776,464690,14773,301425,24003,163265,0,0,31743,283488,0.03738,6985,90307,0.011907,31769,373795,0.049287,7584050
4,2021-01-15,45016,509706,15583,317008,29433,192698,0,0,39510,317566,0.041873,5451,95758,0.012626,39529,413324,0.054499,7584050
4,2021-01-16,28503,538209,9327,326335,19176,211874,0,0,25406,339925,0.044821,3061,98819,0.01303,25420,438744,0.057851,7584050
4,2021-01-17,18931,557140,6639,332974,12292,224166,0,0,17423,355879,0.046925,1483,100302,0.013225,17437,456181,0.06015,7584050
4,2021-01-18,29110,586250,13366,346340,15744,239910,0,0,23164,373226,0.049212,5848,106150,0.013996,23195,479376,0.063208,7584050
4,2021-01-19,45947,632197,23163,369503,22784,262694,0,0,36661,400729,0.052838,9229,115379,0.015213,36732,516108,0.068052,7584050
4,2021-01-20,51175,683372,27024,396527,24151,286845,0,0,40835,431368,0.056878,10246,125625,0.016564,40885,556993,0.073443,7584050
4,2021-01-21,55948,739320,24677,421204,31271,318116,0,0,49644,474810,0.062606,6243,131868,0.017388,49685,606678,0.079994,7584050
4,2021-01-22,54712,794032,21953,443157,32759,350875,0,0,49654,519533,0.068503,4961,136829,0.018042,49684,656362,0.086545,7584050
4,2021-01-23,39346,833378,17394,460551,21952,372827,0,0,35065,550351,0.072567,4275,141104,0.018605,35093,691455,0.091172,7584050
4,2021-01-24,23875,857253,10483,471034,13392,386219,0,0,22014,570527,0.075227,1853,142957,0.01885,22029,713484,0.094077,7584050
4,2021-01-25,47509,904762,21955,492989,25554,411773,0,0,36528,596156,0.078607,10954,153911,0.020294,36583,750067,0.098901,7584050
4,2021-01-26,56152,960914,28651,521640,27501,439274,0,0,44130,628375,0.082855,11967,165878,0.021872,44186,794253,0.104727,7584050
4,2021-01-27,55073,1015987,26626,548266,28447,467721,0,0,44167,661821,0.087265,10771,176649,0.023292,44217,838470,0.110557,7584050
4,2021-01-28,56014,1072001,25282,573548,30732,498453,0,0,46184,698305,0.092075,9741,186390,0.024577,46225,884695,0.116652,7584050
4,2021-01-29,55964,1127965,26904,600452,29060,527513,0,0,45736,733983,0.09678,10084,196474,0.025906,45762,930457,0.122686,7584050
4,2021-01-30,37445,1165410,17050,617502,20395,547908,0,0,32221,761051,0.100349,5177,201651,0.026589,32245,962702,0.126938,7584050
4,2021-01-31,23761,1189171,12483,629985,11278,559186,0,0,22171,781662,0.103067,1574,203225,0.026796,22185,984887,0.129863,7584050
4,2021-02-01,48078,1237249,22678,652663,25400,584586,0,0,37839,809328,0.106714,10214,213439,0.028143,37880,1022767,0.134858,7584050
4,2021-02-02,55749,1292998,26302,678965,29447,614033,0,0,42099,837950,0.110488,13518,226957,0.029926,42140,1064907,0.140414,7584050
4,2021-02-03,61659,1354657,30299,709264,31360,645393,0,0,47532,871520,0.114915,14017,240974,0.031774,47587,1112494,0.146689,7584050
4,2021-02-04,67125,1421782,31295,740559,35830,681223,0,0,50589,905830,0.119439,16381,257355,0.033934,50691,1163185,0.153373,7584050
4,2021-02-05,72533,1494315,33615,774174,38918,720141,0,0,50715,935100,0.123298,21576,278931,0.036779,50846,1214031,0.160077,7584050
4,2021-02-06,47921,1542236,25941,800115,21980,742121,0,0,36532,960472,0.126644,11361,290292,0.038277,36733,1250764,0.16492,7584050
4,2021-02-07,26226,1568462,17300,817415,8926,751047,0,0,19881,974276,0.128464,6311,296603,0.039109,20115,1270879,0.167573,7584050
4,2021-02-08,58035,1626497,29793,847208,28242,779289,0,0,37823,992272,0.130837,20083,316686,0.041757,38079,1308958,0.172594,7584050
4,2021-02-09,66734,1693231,33984,881192,32750,812039,0,0,39268,1004535,0.132454,27403,344089,0.04537,39666,1348624,0.177824,7584050
4,2021-02-10,76788,1770019,38451,919643,38337,850376,0,0,41043,1010596,0.133253,35516,379605,0.050053,41577,1390201,0.183306,7584050
4,2021-02-11,80500,1850519,41972,961615,38528,888904,0,0,41832,1014627,0.133784,38458,418063,0.055124,42489,1432690,0.188908,7584050
4,2021-02-12,83669,1934188,37488,999103,46181,935085,0,0,43270,1018445,0.134288,40233,458296,0.060429,44051,1476741,0.194717,7584050
4,2021-02-13,58237,1992425,29528,1028631,28709,963794,0,0,29776,1020758,0.134593,28350,486646,0.064167,30663,1507404,0.19876,7584050
4,2021-02-14,36571,2028996,19011,1047642,17560,981354,0,0,18798,1022492,0.134821,17734,504380,0.066505,19468,1526872,0.201327,7584050
4,2021-02-15,45761,2074757,21460,1069102,24301,1005655,0,0,23604,1025198,0.135178,22091,526471,0.069418,24797,1551669,0.204596,7584050
4,2021-02-16,79228,2153985,36245,1105347,42983,1048638,0,0,40555,1028425,0.135604,38586,565057,0.074506,41813,1593482,0.21011,7584050
4,2021-02-17,80181,2234166,37862,1143209,42319,1090957,0,0,38471,1026499,0.13535,41560,606617,0.079986,39634,1633116,0.215336,7584050
4,2021-02-18,82294,2316460,45344,1188553,36950,1127907,0,0,38370,1022573,0.134832,43791,650408,0.08576,39865,1672981,0.220592,7584050
4,2021-02-19,81473,2397933,51253,1239806,30220,1158127,0,0,40930,1023782,0.134991,40414,690822,0.091089,41623,1714604,0.22608,7584050
4,2021-02-20,48082,2446015,32091,1271897,15991,1174118,0,0,26360,1029157,0.1357,21677,712499,0.093947,27052,1741656,0.229647,7584050
4,2021-02-21,25554,2471569,19979,1291876,5575,1179693,0,0,11610,1027196,0.135442,13890,726389,0.095779,11929,1753585,0.23122,7584050
4,2021-02-22,52047,2523616,35816,1327692,16231,1195924,0,0,25358,1026451,0.135343,26609,752998,0.099287,25864,1779449,0.23463,7584050
4,2021-02-23,72203,2595819,39808,1367500,32395,1228319,0,0,31800,1019679,0.13445,40299,793297,0.104601,33527,1812976,0.239051,7584050
4,2021-02-24,87324,2683143,45909,1413409,41415,1269734,0,0,39635,1013984,0.1337,47509,840806,0.110865,41814,1854790,0.244565,7584050
4,2021-02-25,97538,2780681,50629,1464038,46909,1316643,0,0,46823,1012816,0.133546,50572,891378,0.117533,49404,1904194,0.251079,7584050
4,2021-02-26,103710,2884391,52232,1516270,51478,1368121,0,0,53635,1018921,0.134351,49864,941242,0.124108,55969,1960163,0.258459,7584050
4,2021-02-27,74609,2959000,40327,1556597,34276,1402397,6,6,39911,1025728,0.135248,34588,975830,0.128669,41395,2001558,0.263917,7584050
4,2021-02-28,44833,3003833,27770,1584367,17062,1419459,1,7,25019,1031992,0.136074,19696,995526,0.131266,25960,2027518,0.26734,7584050
4,2021-03-01,74284,3078117,43363,1627730,30911,1450370,10,17,41138,1041429,0.137318,32960,1028486,0.135612,42397,2069915,0.27293,7584050
4,2021-03-02,80301,3158418,44781,1672511,35517,1485887,3,20,47133,1057370,0.13942,33035,1061521,0.139968,48976,2118891,0.279388,7584050
4,2021-03-03,97726,3256144,51558,1724069,46161,1532048,7,27,54386,1070420,0.141141,43170,1104691,0.14566,56220,2175111,0.286801,7584050
4,2021-03-04,95260,3351404,52834,1776903,42414,1574462,12,39,52357,1081883,0.142652,42719,1147410,0.151293,54182,2229293,0.293945,7584050
4,2021-03-05,92160,3443564,49293,1826196,42559,1617021,308,347,54605,1101364,0.145221,37393,1184803,0.156223,56874,2286167,0.301444,7584050
4,2021-03-06,74720,3518284,41856,1868052,30265,1647286,2599,2946,45726,1122237,0.147973,28900,1213703,0.160034,49773,2335940,0.308007,7584050
4,2021-03-07,41273,3559557,26162,1894214,13966,1661252,1145,4091,24521,1132459,0.149321,16703,1230406,0.162236,26925,2362865,0.311557,7584050
4,2021-03-08,64901,3624458,33636,1927850,28101,1689353,3164,7255,42687,1157539,0.152628,22116,1252522,0.165152,47196,2410061,0.31778,7584050
4,2021-03-09,73469,3697927,33998,1961848,34390,1723743,5081,12336,38093,1166815,0.153851,35237,1287759,0.169798,44513,2454574,0.32365,7584050
4,2021-03-10,87788,3785715,44534,2006382,35913,1759656,7341,19677,43994,1175706,0.155024,43653,1331412,0.175554,52544,2507118,0.330578,7584050
4,2021-03-11,99312,3885027,52259,2058641,38834,1798490,8219,27896,46064,1178252,0.155359,53067,1384479,0.182551,55613,2562731,0.337911,7584050
4,2021-03-12,103107,3988134,50804,2109445,42144,1840634,10159,38055,44183,1174836,0.154909,58717,1443196,0.190294,55301,2618032,0.345202,7584050
4,2021-03-13,79663,4067797,37042,2146487,34327,1874961,8294,46349,37496,1179734,0.155555,42062,1485258,0.19584,46960,2664992,0.351394,7584050
4,2021-03-14,48899,4116696,27825,2174312,17502,1892463,3572,49921,25142,1185408,0.156303,23688,1508946,0.198963,29362,2694354,0.355266,7584050
4,2021-03-15,82816,4199512,44318,2218630,34313,1926776,4185,54106,42817,1193447,0.157363,39812,1548758,0.204213,47851,2742205,0.361575,7584050
4,2021-03-16,106357,4305869,55182,2273812,47830,1974606,3345,57451,57189,1205870,0.159001,48972,1597730,0.21067,61395,2803600,0.369671,7584050
4,2021-03-17,104764,4410633,56336,2330148,45059,2019665,3369,60820,61829,1228958,0.162045,42733,1640463,0.216304,65821,2869421,0.378349,7584050
4,2021-03-18,104866,4515499,57928,2388076,43336,2063001,3602,64422,60422,1249275,0.164724,44230,1684693,0.222136,64547,2933968,0.38686,7584050
4,2021-03-19,108856,4624355,62247,2450323,41518,2104519,5091,69513,63198,1272634,0.167804,45462,1730155,0.228131,68821,3002789,0.395935,7584050
4,2021-03-20,82172,4706527,48004,2498327,31224,2135743,2944,72457,51437,1296816,0.170993,30626,1760781,0.232169,54808,3057597,0.403162,7584050
4,2021-03-21,47228,4753755,34180,2532507,10821,2146564,2227,74684,28862,1310411,0.172785,18285,1779066,0.23458,31880,3089477,0.407365,7584050
4,2021-03-22,80595,4834350,52711,2585218,25257,2171821,2627,77311,51447,1336445,0.176218,28978,1808044,0.238401,55012,3144489,0.414619,7584050
4,2021-03-23,102817,4937167,61295,2646513,39453,2211274,2069,79380,64444,1365384,0.180034,38145,1846189,0.24343,67084,3211573,0.423464,7584050
4,2021-03-24,111844,5049011,72274,2718787,37281,2248555,2289,81669,64360,1385575,0.182696,47115,1893304,0.249643,67306,3278879,0.432339,7584050
4,2021-03-25,114975,5163986,70767,2789554,41913,2290468,2295,83964,67012,1407794,0.185626,47572,1940876,0.255916,69791,3348670,0.441541,7584050
4,2021-03-26,117735,5281721,71423,2860977,43326,2333794,2986,86950,66098,1426172,0.188049,51349,1992225,0.262686,69727,3418397,0.450735,7584050
4,2021-03-27,89941,5371662,53251,2914228,34913,2368707,1777,88727,46852,1432376,0.188867,42906,2035131,0.268344,49110,3467507,0.45721,7584050
4,2021-03-28,54827,5426489,36077,2950305,17885,2386592,865,89592,30687,1440215,0.189901,24030,2059161,0.271512,31869,3499376,0.461413,7584050
4,2021-03-29,92130,5518619,55381,3005686,34735,2421327,2014,91606,51527,1453869,0.191701,40431,2099592,0.276843,54085,3553461,0.468544,7584050
4,2021-03-30,115514,5634133,62920,3068606,48530,2469857,4064,95670,73991,1491025,0.1966,41352,2140944,0.282296,78508,3631969,0.478896,7584050
4,2021-03-31,119108,5753241,70437,3139043,42506,2512363,6165,101835,69031,1516626,0.199976,49832,2190776,0.288866,75433,3707402,0.488842,7584050
4,2021-04-01,139559,5892800,79822,3218865,46978,2559341,12759,114594,82896,1556148,0.205187,56422,2247198,0.296306,95944,3803346,0.501493,7584050
4,2021-04-02,134037,6026837,71874,3290739,49126,2608467,13037,127631,78055,1591853,0.209895,55779,2302977,0.303661,91484,3894830,0.513555,7584050
4,2021-04-03,99454,6126291,53118,3343857,33309,2641776,13027,140658,52171,1610267,0.212323,47137,2350114,0.309876,65551,3960381,0.522199,7584050
4,2021-04-04,46248,6172539,24402,3368259,14460,2656236,7386,148044,20499,1612537,0.212622,25687,2375801,0.313263,27957,3988338,0.525885,7584050
4,2021-04-05,107694,6280233,60764,3429023,34458,2690694,12472,160516,56653,1631411,0.215111,50897,2426698,0.319974,69771,4058109,0.535085,7584050
4,2021-04-06,136813,6417046,77217,3506240,40108,2730802,19488,180004,71553,1658159,0.218638,65086,2491784,0.328556,91834,4149943,0.547194,7584050
4,2021-04-07,135279,6552325,76874,3583114,38048,2768850,20357,200361,70489,1684962,0.222172,64604,2556388,0.337074,91407,4241350,0.559246,7584050
4,2021-04-08,137574,6689899,77023,3660137,35568,2804418,24983,225344,68723,1710743,0.225571,68634,2625022,0.346124,94415,4335765,0.571695,7584050
4,2021-04-09,134806,6824705,74061,3734198,38267,2842685,22478,247822,64755,1729231,0.228009,69884,2694906,0.355339,88372,4424137,0.583348,7584050
4,2021-04-10,101510,6926215,50238,3784436,32897,2875582,18375,266197,46068,1739513,0.229365,55284,2750190,0.362628,65566,4489703,0.591993,7584050
4,2021-04-11,61516,6987731,37429,3821865,13034,2888616,11053,277250,27059,1744482,0.23002,34382,2784572,0.367162,39351,4529054,0.597181,7584050
4,2021-04-12,101015,7088746,61581,3883446,29713,2918329,9721,286971,51302,1757256,0.231704,49479,2834051,0.373686,62253,4591307,0.60539,7584050
4,2021-04-13,128351,7217097,80395,3963841,47805,2966134,151,287122,77139,1784671,0.235319,51000,2885051,0.38041,78415,4669722,0.615729,7584050
4,2021-04-14,132924,7350021,84656,4048497,48198,3014332,70,287192,74226,1802207,0.237631,58450,2943501,0.388117,75986,4745708,0.625749,7584050
4,2021-04-15,152253,7502274,101590,4150087,50634,3064966,29,287221,94128,1839782,0.242586,57850,3001351,0.395745,95425,4841133,0.638331,7584050
4,2021-04-16,140627,7642901,89510,4239597,51047,3116013,70,287291,82500,1865348,0.245957,57878,3059229,0.403377,83444,4924577,0.649333,7584050
4,2021-04-17,98458,7741359,62478,4302075,35972,3151985,8,287299,57934,1884314,0.248457,40331,3099560,0.408695,59297,4983874,0.657152,7584050
4,2021-04-18,53240,7794599,35676,4337751,17561,3169546,3,287302,30466,1893243,0.249635,22673,3122233,0.411684,31602,5015476,0.661319,7584050
4,2021-04-19,99037,7893636,65508,4403259,33518,3203064,11,287313,50930,1897226,0.25016,47939,3170172,0.418005,51922,5067398,0.668165,7584050
4,2021-04-20,126115,8019751,73881,4477140,52228,3255292,6,287319,66413,1905796,0.25129,59454,3229626,0.425845,68024,5135422,0.677135,7584050
4,2021-04-21,126011,8145762,80894,4558034,45069,3300361,48,287367,63800,1909252,0.251746,61961,3291587,0.434014,65417,5200839,0.68576,7584050
4,2021-04-22,135256,8281018,89057,4647091,46181,3346542,18,287385,60714,1897906,0.25025,74276,3365863,0.443808,62930,5263769,0.694058,7584050
4,2021-04-23,128671,8409689,83290,4730381,45362,3391904,19,287404,55814,1885634,0.248632,72582,3438445,0.453378,60310,5324079,0.70201,7584050
4,2021-04-24,95815,8505504,64965,4795346,30798,3422702,52,287456,44061,1880780,0.247992,51540,3489985,0.460174,46686,5370765,0.708166,7584050
4,2021-04-25,48343,8553847,34222,4829568,14098,3436800,23,287479,25222,1883782,0.248387,23025,3513010,0.46321,26027,5396792,0.711598,7584050
4,2021-04-26,77947,8631794,50927,4880495,26683,3463483,337,287816,30124,1869394,0.24649,47625,3560635,0.46949,33237,5430029,0.71598,7584050
4,2021-04-27,100079,8731873,60721,4941216,37600,3501083,1758,289574,35630,1845782,0.243377,64214,3624849,0.477957,40602,5470631,0.721334,7584050
4,2021-04-28,94570,8826443,60854,5002070,31332,3532415,2384,291958,33058,1821991,0.24024,61303,3686152,0.48604,37512,5508143,0.72628,7584050
4,2021-04-29,82579,8909022,50776,5052846,29613,3562028,2190,294148,24824,1794451,0.236609,57571,3743723,0.493631,30031,5538174,0.73024,7584050
4,2021-04-30,67077,8976099,43201,5096047,22975,3585003,901,295049,21580,1773405,0.233834,45324,3789047,0.499607,24278,5562452,0.733441,7584050
4,2021-05-01,39244,9015343,25134,5121181,13515,3598518,595,295644,11633,1759165,0.231956,27542,3816589,0.503239,13302,5575754,0.735195,7584050
4,2021-05-02,15642,9030985,11402,5132583,3997,3602515,243,295887,5183,1754372,0.231324,10414,3827003,0.504612,5621,5581375,0.735936,7584050
