vemquartile,administered_date,total_doses,cumulative_total_doses,pfizer_doses,cumulative_pfizer_doses,moderna_doses,cumulative_moderna_doses,jj_doses,cumulative_jj_doses,partially_vaccinated,total_partially_vaccinated,pct_age12pop_partially_vaccinated,fully_vaccinated,cumulative_fully_vaccinated,pct_age12pop_fully_vaccinated,at_least_one_dose,cumulative_at_least_one_dose,pct_age12pop_at_least_one_dose,age12_population
1,2020-12-15,148,148,148,148,0,0,0,0,148,148,1.7e-05,0,0,0.0,148,148,1.7e-05,8700223
1,2020-12-16,1179,1327,1179,1327,0,0,0,0,1179,1327,0.000153,0,0,0.0,1179,1327,0.000153,8700223
1,2020-12-17,4129,5456,4129,5456,0,0,0,0,4130,5457,0.000627,0,0,0.0,4130,5457,0.000627,8700223
1,2020-12-18,6264,11720,6244,11700,20,20,0,0,6265,11722,0.001347,0,0,0.0,6265,11722,0.001347,8700223
1,2020-12-19,2867,14587,2866,14566,1,21,0,0,2865,14586,0.001677,1,1,0.0,2865,14587,0.001677,8700223
1,2020-12-20,2113,16700,2108,16674,5,26,0,0,2114,16700,0.001919,0,1,0.0,2114,16701,0.00192,8700223
1,2020-12-21,7625,24325,7612,24286,13,39,0,0,7677,24377,0.002802,1,2,0.0,7678,24379,0.002802,8700223
1,2020-12-22,7287,31612,6945,31231,342,381,0,0,7290,31666,0.00364,1,3,0.0,7290,31669,0.00364,8700223
1,2020-12-23,7818,39430,6583,37814,1235,1616,0,0,7812,39478,0.004538,1,4,0.0,7813,39482,0.004538,8700223
1,2020-12-24,3299,42729,2360,40174,939,2555,0,0,3301,42779,0.004917,0,4,0.0,3301,42783,0.004917,8700223
1,2020-12-25,235,42964,151,40325,84,2639,0,0,235,43014,0.004944,0,4,0.0,235,43018,0.004944,8700223
1,2020-12-26,1360,44324,969,41294,391,3030,0,0,1359,44372,0.0051,1,5,1e-06,1359,44377,0.005101,8700223
1,2020-12-27,864,45188,530,41824,334,3364,0,0,864,45236,0.005199,0,5,1e-06,864,45241,0.0052,8700223
1,2020-12-28,7023,52211,4748,46572,2275,5639,0,0,7022,52258,0.006007,0,5,1e-06,7022,52263,0.006007,8700223
1,2020-12-29,8806,61017,4946,51518,3860,9499,0,0,8803,61060,0.007018,1,6,1e-06,8803,61066,0.007019,8700223
1,2020-12-30,11565,72582,6438,57956,5127,14626,0,0,11565,72625,0.008347,0,6,1e-06,11565,72631,0.008348,8700223
1,2020-12-31,5930,78512,1952,59908,3978,18604,0,0,5929,78553,0.009029,2,8,1e-06,5930,78561,0.00903,8700223
1,2021-01-01,541,79053,185,60093,356,18960,0,0,541,79094,0.009091,0,8,1e-06,541,79102,0.009092,8700223
1,2021-01-02,2888,81941,1798,61891,1090,20050,0,0,2890,81984,0.009423,0,8,1e-06,2890,81992,0.009424,8700223
1,2021-01-03,1020,82961,593,62484,427,20477,0,0,1019,83002,0.00954,1,9,1e-06,1019,83011,0.009541,8700223
1,2021-01-04,7318,90279,3607,66091,3711,24188,0,0,7323,90324,0.010382,1,10,1e-06,7323,90334,0.010383,8700223
1,2021-01-05,10749,101028,5273,71364,5476,29664,0,0,10000,99613,0.011449,734,744,8.6e-05,10023,100357,0.011535,8700223
1,2021-01-06,13957,114985,7072,78436,6885,36549,0,0,12079,109857,0.012627,1841,2585,0.000297,12085,112442,0.012924,8700223
1,2021-01-07,17366,132351,9104,87540,8262,44811,0,0,12929,118455,0.013615,4339,6924,0.000796,12937,125379,0.014411,8700223
1,2021-01-08,20064,152415,10415,97955,9649,54460,0,0,14195,126801,0.014574,5854,12778,0.001469,14200,139579,0.016043,8700223
1,2021-01-09,6677,159092,3389,101344,3288,57748,0,0,4835,129814,0.014921,1826,14604,0.001679,4839,144418,0.016599,8700223
1,2021-01-10,3061,162153,1767,103111,1294,59042,0,0,1875,130520,0.015002,1170,15774,0.001813,1876,146294,0.016815,8700223
1,2021-01-11,18032,180185,11811,114922,6221,65263,0,0,11511,135574,0.015583,6494,22268,0.002559,11548,157842,0.018142,8700223
1,2021-01-12,18899,199084,10732,125654,8167,73430,0,0,12945,142641,0.016395,5913,28181,0.003239,12980,170822,0.019634,8700223
1,2021-01-13,19703,218787,10656,136310,9047,82477,0,0,14582,152141,0.017487,5097,33278,0.003825,14597,185419,0.021312,8700223
1,2021-01-14,21895,240682,9414,145724,12481,94958,0,0,19161,168669,0.019387,2676,35954,0.004133,19204,204623,0.023519,8700223
1,2021-01-15,25066,265748,9235,154959,15831,110789,0,0,23140,189980,0.021836,1877,37831,0.004348,23188,227811,0.026185,8700223
1,2021-01-16,13850,279598,4530,159489,9320,120109,0,0,12991,202116,0.023231,857,38688,0.004447,12993,240804,0.027678,8700223
1,2021-01-17,5178,284776,1990,161479,3188,123297,0,0,4811,206569,0.023743,363,39051,0.004489,4816,245620,0.028231,8700223
1,2021-01-18,14213,298989,8542,170021,5671,128968,0,0,11057,214529,0.024658,3144,42195,0.00485,11104,256724,0.029508,8700223
1,2021-01-19,24609,323598,12856,182877,11753,140721,0,0,19437,228861,0.026305,5157,47352,0.005443,19489,276213,0.031748,8700223
1,2021-01-20,28594,352192,14031,196908,14563,155284,0,0,22981,246317,0.028312,5560,52912,0.006082,23016,299229,0.034393,8700223
1,2021-01-21,30639,382831,14239,211147,16400,171684,0,0,27502,270820,0.031128,3079,55991,0.006436,27582,326811,0.037564,8700223
1,2021-01-22,28082,410913,11122,222269,16960,188644,0,0,26114,295033,0.033911,1927,57918,0.006657,26140,352951,0.040568,8700223
1,2021-01-23,18674,429587,8182,230451,10492,199136,0,0,16756,309894,0.035619,1904,59822,0.006876,16765,369716,0.042495,8700223
1,2021-01-24,6657,436244,4155,234606,2502,201638,0,0,6008,315264,0.036236,643,60465,0.00695,6013,375729,0.043186,8700223
1,2021-01-25,25139,461383,10396,245002,14743,216381,0,0,19505,329246,0.037843,5612,66077,0.007595,19594,395323,0.045438,8700223
1,2021-01-26,28425,489808,13312,258314,15113,231494,0,0,21874,344632,0.039612,6505,72582,0.008343,21891,417214,0.047954,8700223
1,2021-01-27,32183,521991,15322,273636,16861,248355,0,0,24248,361033,0.041497,7871,80453,0.009247,24272,441486,0.050744,8700223
1,2021-01-28,34511,556502,16167,289803,18344,266699,0,0,27731,382093,0.043918,6724,87177,0.01002,27784,469270,0.053938,8700223
1,2021-01-29,33300,589802,16312,306115,16988,283687,0,0,26879,402716,0.046288,6289,93466,0.010743,26912,496182,0.057031,8700223
1,2021-01-30,20127,609929,8744,314859,11383,295070,0,0,18038,418696,0.048125,2065,95531,0.01098,18045,514227,0.059105,8700223
1,2021-01-31,7535,617464,4928,319787,2607,297677,0,0,6894,424953,0.048844,640,96171,0.011054,6897,521124,0.059898,8700223
1,2021-02-01,28537,646001,12410,332197,16127,313804,0,0,20926,438315,0.05038,7569,103740,0.011924,20931,542055,0.062304,8700223
1,2021-02-02,31978,677979,11473,343670,20505,334309,0,0,24117,454668,0.052259,7797,111537,0.01282,24150,566205,0.065079,8700223
1,2021-02-03,39042,717021,14976,358646,24066,358375,0,0,28243,472271,0.054283,10671,122208,0.014047,28274,594479,0.068329,8700223
1,2021-02-04,43492,760513,16941,375587,26551,384926,0,0,31633,492197,0.056573,11754,133962,0.015398,31680,626159,0.07197,8700223
1,2021-02-05,46661,807174,17321,392908,29340,414266,0,0,30728,507164,0.058293,15814,149776,0.017215,30781,656940,0.075508,8700223
1,2021-02-06,26430,833604,10457,403365,15973,430239,0,0,20608,522003,0.059999,5786,155562,0.01788,20625,677565,0.077879,8700223
1,2021-02-07,6204,839808,3981,407346,2223,432462,0,0,4620,525073,0.060352,1568,157130,0.01806,4638,682203,0.078412,8700223
1,2021-02-08,31090,870898,14107,421453,16983,449445,0,0,20783,535700,0.061573,10245,167375,0.019238,20872,703075,0.080811,8700223
1,2021-02-09,38200,909098,16787,438240,21413,470858,0,0,23673,544868,0.062627,14577,181952,0.020913,23745,726820,0.08354,8700223
1,2021-02-10,46599,955697,21896,460136,24703,495561,0,0,26885,552197,0.063469,19634,201586,0.02317,26963,753783,0.08664,8700223
1,2021-02-11,51181,1006878,25123,485259,26058,521619,0,0,30845,563083,0.064721,20057,221643,0.025476,30943,784726,0.090196,8700223
1,2021-02-12,49348,1056226,21272,506531,28076,549695,0,0,28499,570962,0.065626,20753,242396,0.027861,28632,813358,0.093487,8700223
1,2021-02-13,26076,1082302,11338,517869,14738,564433,0,0,15149,575327,0.066128,10860,253256,0.029109,15225,828583,0.095237,8700223
1,2021-02-14,11591,1093893,5465,523334,6126,570559,0,0,6616,577059,0.066327,4949,258205,0.029678,6681,835264,0.096005,8700223
1,2021-02-15,23522,1117415,9250,532584,14272,584831,0,0,14358,582471,0.066949,9062,267267,0.03072,14474,849738,0.097669,8700223
1,2021-02-16,46373,1163788,22110,554694,24263,609094,0,0,27360,590995,0.067929,18948,286215,0.032897,27472,877210,0.100826,8700223
1,2021-02-17,47743,1211531,24075,578769,23668,632762,0,0,25963,595434,0.068439,21668,307883,0.035388,26107,903317,0.103827,8700223
1,2021-02-18,50163,1261694,24971,603740,25192,657954,0,0,26174,598028,0.068737,23795,331678,0.038123,26389,929706,0.10686,8700223
1,2021-02-19,45412,1307106,24571,628311,20841,678795,0,0,25758,604290,0.069457,19558,351236,0.040371,25820,955526,0.109828,8700223
1,2021-02-20,26810,1333916,16323,644634,10487,689282,0,0,15439,608473,0.069938,11332,362568,0.041673,15515,971041,0.111611,8700223
1,2021-02-21,11367,1345283,10132,654766,1235,690517,0,0,6801,610806,0.070206,4524,367092,0.042193,6857,977898,0.112399,8700223
1,2021-02-22,29886,1375169,19594,674360,10292,700809,0,0,17641,616354,0.070843,12193,379285,0.043595,17741,995639,0.114438,8700223
1,2021-02-23,42797,1417966,20881,695241,21916,722725,0,0,23996,622033,0.071496,18677,397962,0.045742,24356,1019995,0.117238,8700223
1,2021-02-24,52809,1470775,25560,720801,27249,749974,0,0,29661,629085,0.072307,23056,421018,0.048392,30108,1050103,0.120698,8700223
1,2021-02-25,64934,1535709,31551,752352,33383,783357,0,0,40741,646228,0.074277,24098,445116,0.051161,41241,1091344,0.125439,8700223
1,2021-02-26,72788,1608497,34145,786497,38643,822000,0,0,48056,670168,0.077029,24587,469703,0.053987,48527,1139871,0.131016,8700223
1,2021-02-27,49841,1658338,22980,809477,26855,848855,6,6,33195,687096,0.078975,16537,486240,0.055888,33465,1173336,0.134863,8700223
1,2021-02-28,19087,1677425,11365,820842,7721,856576,1,7,14100,696407,0.080045,4931,491171,0.056455,14242,1187578,0.1365,8700223
1,2021-03-01,43662,1721087,20080,840922,23558,880134,24,31,28356,709825,0.081587,15193,506364,0.058201,28611,1216189,0.139788,8700223
1,2021-03-02,61510,1782597,26777,867699,34728,914862,5,36,39700,728440,0.083727,21701,528065,0.060696,40316,1256505,0.144422,8700223
1,2021-03-03,68686,1851283,32492,900191,36179,951041,15,51,41836,744159,0.085533,26729,554794,0.063768,42448,1298953,0.149301,8700223
1,2021-03-04,77083,1928366,36130,936321,40920,991961,33,84,49676,767125,0.088173,27253,582047,0.0669,50219,1349172,0.155073,8700223
1,2021-03-05,76465,2004831,34685,971006,41577,1033538,203,287,51403,794497,0.091319,24864,606911,0.069758,52236,1401408,0.161077,8700223
1,2021-03-06,57011,2061842,27224,998230,28460,1061998,1327,1614,38869,816976,0.093903,18081,624992,0.071836,40560,1441968,0.165739,8700223
1,2021-03-07,20062,2081904,12803,1011033,6455,1068453,804,2418,15080,828158,0.095188,4964,629956,0.072407,16146,1458114,0.167595,8700223
1,2021-03-08,44063,2125967,21073,1032106,21135,1089588,1855,4273,30910,848182,0.09749,13079,643035,0.07391,33103,1491217,0.1714,8700223
1,2021-03-09,65505,2191472,31587,1063693,31447,1121035,2471,6744,40509,866613,0.099608,24892,667927,0.076771,43323,1534540,0.176379,8700223
1,2021-03-10,72259,2263731,36088,1099781,31804,1152839,4367,11111,44931,889083,0.102191,27198,695125,0.079897,49668,1584208,0.182088,8700223
1,2021-03-11,88680,2352411,40441,1140222,40313,1193152,7926,19037,52027,913069,0.104948,36433,731558,0.084085,60419,1644627,0.189033,8700223
1,2021-03-12,97211,2449622,42589,1182811,42289,1235441,12333,31370,57058,942994,0.108387,39975,771533,0.08868,69900,1714527,0.197067,8700223
1,2021-03-13,64490,2514112,29318,1212129,27415,1262856,7757,39127,41158,969067,0.111384,23227,794760,0.091349,49300,1763827,0.202734,8700223
1,2021-03-14,27519,2541631,14842,1226971,9110,1271966,3567,42694,15657,976680,0.112259,11812,806572,0.092707,19425,1783252,0.204966,8700223
1,2021-03-15,64275,2605906,28100,1255071,29504,1301470,6671,49365,38097,995785,0.114455,26015,832587,0.095697,45120,1828372,0.210152,8700223
1,2021-03-16,84675,2690581,38368,1293439,40760,1342230,5547,54912,52823,1022846,0.117565,31685,864272,0.099339,58746,1887118,0.216905,8700223
1,2021-03-17,91460,2782041,44110,1337549,40800,1383030,6550,61462,58988,1056441,0.121427,32313,896585,0.103053,65908,1953026,0.22448,8700223
1,2021-03-18,97402,2879443,50076,1387625,41719,1424749,5607,67069,59699,1084810,0.124688,37396,933981,0.107351,65765,2018791,0.232039,8700223
1,2021-03-19,102472,2981915,52968,1440593,43381,1468130,6123,73192,60849,1110882,0.127684,41379,975360,0.112107,67451,2086242,0.239792,8700223
1,2021-03-20,71878,3053793,36976,1477569,29668,1497798,5234,78426,46482,1137609,0.130756,25244,1000604,0.115009,51971,2138213,0.245765,8700223
1,2021-03-21,26855,3080648,18753,1496322,6299,1504097,1803,80229,17402,1147518,0.131895,9382,1009986,0.116087,19291,2157504,0.247983,8700223
1,2021-03-22,58495,3139143,30070,1526392,25157,1529254,3268,83497,39802,1172427,0.134758,18516,1028502,0.118216,43425,2200929,0.252974,8700223
1,2021-03-23,81941,3221084,41545,1567937,36792,1566046,3604,87101,51025,1196780,0.137557,30731,1059233,0.121748,55084,2256013,0.259305,8700223
1,2021-03-24,86886,3307970,43853,1611790,38697,1604743,4336,91437,52826,1220281,0.140259,33840,1093073,0.125637,57341,2313354,0.265896,8700223
1,2021-03-25,95457,3403427,48529,1660319,41140,1645883,5788,97225,53934,1238980,0.142408,41251,1134324,0.130379,59950,2373304,0.272787,8700223
1,2021-03-26,103475,3506902,50491,1710810,46694,1692577,6290,103515,56282,1254942,0.144243,46913,1181237,0.135771,62875,2436179,0.280013,8700223
1,2021-03-27,73423,3580325,38145,1748955,31106,1723683,4172,107687,38237,1262560,0.145118,34995,1216232,0.139793,42613,2478792,0.284911,8700223
1,2021-03-28,32400,3612725,21223,1770178,9974,1733657,1203,108890,16664,1265123,0.145413,15636,1231868,0.14159,18199,2496991,0.287003,8700223
1,2021-03-29,66151,3678876,33229,1803407,29827,1763484,3095,111985,36959,1276360,0.146704,29036,1260904,0.144928,40273,2537264,0.291632,8700223
1,2021-03-30,90612,3769488,44682,1848089,39656,1803140,6274,118259,47218,1286708,0.147894,43256,1304160,0.1499,53604,2590868,0.297793,8700223
1,2021-03-31,99442,3868930,52115,1900204,41411,1844551,5916,124175,55263,1304062,0.149888,43926,1348086,0.154948,61280,2652148,0.304837,8700223
1,2021-04-01,109735,3978665,52843,1953047,48518,1893069,8374,132549,56722,1316557,0.151325,52705,1400791,0.161006,65200,2717348,0.312331,8700223
1,2021-04-02,109367,4088032,50045,2003092,49773,1942842,9549,142098,56222,1329822,0.152849,52783,1453574,0.167073,66048,2783396,0.319922,8700223
1,2021-04-03,77263,4165295,38700,2041792,28978,1971820,9585,151683,36110,1334601,0.153398,41003,1494577,0.171786,45782,2829178,0.325185,8700223
1,2021-04-04,23633,4188928,11767,2053559,8412,1980232,3454,155137,9945,1334352,0.15337,13643,1508220,0.173354,13394,2842572,0.326724,8700223
1,2021-04-05,75344,4264272,36271,2089830,29973,2010205,9100,164237,34420,1337346,0.153714,40751,1548971,0.178038,43745,2886317,0.331752,8700223
1,2021-04-06,102415,4366687,48523,2138353,37429,2047634,16463,180700,46560,1344859,0.154578,55630,1604601,0.184432,63143,2949460,0.33901,8700223
1,2021-04-07,109602,4476289,52933,2191286,39340,2086974,17329,198029,49947,1352884,0.1555,59430,1664031,0.191263,67455,3016915,0.346763,8700223
1,2021-04-08,120161,4596450,56615,2247901,42874,2129848,20672,218701,53174,1360353,0.156358,66679,1730710,0.198927,74148,3091063,0.355285,8700223
1,2021-04-09,120937,4717387,55388,2303289,45225,2175073,20324,239025,53558,1367504,0.15718,67079,1797789,0.206637,74230,3165293,0.363817,8700223
1,2021-04-10,94211,4811598,42026,2345315,29726,2204799,22459,261484,36895,1369844,0.157449,57157,1854946,0.213207,59497,3224790,0.370656,8700223
1,2021-04-11,35771,4847369,19972,2365287,9250,2214049,6549,268033,14563,1369926,0.157459,21165,1876111,0.215639,21247,3246037,0.373098,8700223
1,2021-04-12,72576,4919945,32232,2397519,30479,2244528,9865,277898,30833,1369271,0.157383,41518,1917629,0.220411,40863,3286900,0.377795,8700223
1,2021-04-13,95478,5015423,51054,2448573,44093,2288621,331,278229,51510,1377715,0.158354,43741,1961370,0.225439,52185,3339085,0.383793,8700223
1,2021-04-14,102423,5117846,52881,2501454,49474,2338095,68,278297,52137,1380316,0.158653,49971,2011341,0.231183,52572,3391657,0.389836,8700223
1,2021-04-15,103907,5221753,56268,2557722,47555,2385650,84,278381,55648,1388461,0.159589,47754,2059095,0.236672,55899,3447556,0.396261,8700223
1,2021-04-16,108387,5330140,55832,2613554,52466,2438116,89,278470,54447,1389647,0.159725,53527,2112622,0.242824,54713,3502269,0.402549,8700223
1,2021-04-17,81266,5411406,44096,2657650,37162,2475278,8,278478,45648,1400033,0.160919,35434,2148056,0.246897,45820,3548089,0.407816,8700223
1,2021-04-18,28642,5440048,19185,2676835,9451,2484729,6,278484,14485,1400633,0.160988,14089,2162145,0.248516,14689,3562778,0.409504,8700223
1,2021-04-19,64445,5504493,32820,2709655,31613,2516342,12,278496,29248,1395112,0.160354,34907,2197052,0.252528,29386,3592164,0.412882,8700223
1,2021-04-20,85490,5589983,42565,2752220,42906,2559248,19,278515,40608,1391315,0.159917,44624,2241676,0.257657,40827,3632991,0.417574,8700223
1,2021-04-21,91391,5681374,46556,2798776,44742,2603990,93,278608,40894,1382467,0.1589,50043,2291719,0.263409,41195,3674186,0.422309,8700223
1,2021-04-22,93986,5775360,48539,2847315,45431,2649421,16,278624,43281,1375682,0.15812,50296,2342015,0.26919,43511,3717697,0.427311,8700223
1,2021-04-23,97877,5873237,50246,2897561,47605,2697026,26,278650,46504,1371472,0.157636,50956,2392971,0.275047,46746,3764443,0.432684,8700223
1,2021-04-24,73022,5946259,46033,2943594,26975,2724001,14,278664,41214,1381279,0.158764,31674,2424645,0.278688,41481,3805924,0.437451,8700223
1,2021-04-25,26853,5973112,17127,2960721,9717,2733718,9,278673,15423,1385499,0.159249,11343,2435988,0.279991,15563,3821487,0.43924,8700223
1,2021-04-26,59959,6033071,32328,2993049,27273,2760991,358,279031,28090,1382660,0.158922,31618,2467606,0.283626,28779,3850266,0.442548,8700223
1,2021-04-27,75444,6108515,40442,3033491,33875,2794866,1127,280158,32413,1373754,0.157899,42781,2510387,0.288543,33875,3884141,0.446442,8700223
1,2021-04-28,77285,6185800,41016,3074507,34832,2829698,1437,281595,33684,1365762,0.15698,43338,2553725,0.293524,35346,3919487,0.450504,8700223
1,2021-04-29,80447,6266247,44207,3118714,34685,2864383,1555,283150,32494,1352299,0.155433,47672,2601397,0.299003,34209,3953696,0.454436,8700223
1,2021-04-30,88052,6354299,47937,3166651,38311,2902694,1804,284954,36558,1339609,0.153974,51217,2652614,0.30489,38527,3992223,0.458864,8700223
1,2021-05-01,61410,6415709,39837,3206488,20206,2922900,1367,286321,25820,1331615,0.153055,35409,2688023,0.30896,27415,4019638,0.462016,8700223
1,2021-05-02,22452,6438161,15728,3222216,6203,2929103,521,286842,9371,1328565,0.152705,12972,2700995,0.310451,9922,4029560,0.463156,8700223
1,2021-05-03,53821,6491982,30146,3252362,21903,2951006,1772,288614,19486,1315751,0.151232,34129,2735124,0.314374,21315,4050875,0.465606,8700223
1,2021-05-04,72161,6564143,41481,3293843,28666,2979672,2014,290628,25966,1297904,0.149181,45913,2781037,0.319651,28066,4078941,0.468832,8700223
1,2021-05-05,73601,6637744,42294,3336137,29079,3008751,2228,292856,24972,1276836,0.146759,48336,2829373,0.325207,27268,4106209,0.471966,8700223
1,2021-05-06,75496,6713240,45220,3381357,28134,3036885,2142,294998,23843,1251681,0.143868,51296,2880669,0.331103,26141,4132350,0.474971,8700223
1,2021-05-07,79110,6792350,45109,3426466,31859,3068744,2142,297140,26634,1228410,0.141193,52105,2932774,0.337092,28834,4161184,0.478285,8700223
1,2021-05-08,53996,6846346,33688,3460154,18775,3087519,1533,298673,18346,1213082,0.139431,35301,2968075,0.341149,19973,4181157,0.48058,8700223
1,2021-05-09,17616,6863962,12493,3472647,4652,3092171,471,299144,5443,1206969,0.138729,12060,2980135,0.342535,5947,4187104,0.481264,8700223
1,2021-05-10,41537,6905499,20832,3493479,18978,3111149,1727,300871,13886,1195310,0.137388,27364,3007499,0.345681,15705,4202809,0.483069,8700223
1,2021-05-11,57962,6963461,31096,3524575,24857,3136006,2009,302880,18885,1177482,0.135339,38846,3046345,0.350146,21018,4223827,0.485485,8700223
1,2021-05-12,57236,7020697,29947,3554522,25420,3161426,1869,304749,18839,1160131,0.133345,38135,3084480,0.354529,20784,4244611,0.487874,8700223
1,2021-05-13,59576,7080273,34589,3589111,23101,3184527,1886,306635,22506,1148078,0.13196,36726,3121206,0.35875,24673,4269284,0.49071,8700223
1,2021-05-14,73040,7153313,44084,3633195,26670,3211197,2286,308921,29735,1137409,0.130733,42996,3164202,0.363692,32327,4301611,0.494425,8700223
1,2021-05-15,62953,7216266,41649,3674844,19645,3230842,1659,310580,25149,1126719,0.129505,37579,3201781,0.368011,26889,4328500,0.497516,8700223
1,2021-05-16,23826,7240092,17387,3692231,5827,3236669,612,311192,9742,1123127,0.129092,13987,3215768,0.369619,10395,4338895,0.498711,8700223
1,2021-05-17,52782,7292874,32475,3724706,18622,3255291,1685,312877,23648,1119631,0.12869,28915,3244683,0.372943,25419,4364314,0.501632,8700223
1,2021-05-18,63054,7355928,38208,3762914,23088,3278379,1758,314635,28776,1116229,0.128299,34022,3278705,0.376853,30620,4394934,0.505152,8700223
1,2021-05-19,64946,7420874,39696,3802610,23378,3301757,1872,316507,30016,1113526,0.127988,34677,3313382,0.380839,31974,4426908,0.508827,8700223
1,2021-05-20,54232,7475106,31727,3834337,20501,3322258,2004,318511,23349,1108435,0.127403,30626,3344008,0.384359,25535,4452443,0.511762,8700223
1,2021-05-21,59563,7534669,35996,3870333,21851,3344109,1716,320227,25937,1102857,0.126762,33320,3377328,0.388189,27742,4480185,0.514951,8700223
1,2021-05-22,45849,7580518,30705,3901038,13584,3357693,1560,321787,21014,1100863,0.126533,24659,3401987,0.391023,22665,4502850,0.517556,8700223
1,2021-05-23,13856,7594374,10653,3911691,2708,3360401,495,322282,7232,1102052,0.126669,6557,3408544,0.391777,7746,4510596,0.518446,8700223
1,2021-05-24,41653,7636027,23034,3934725,16850,3377251,1769,324051,17699,1097852,0.126187,23746,3432290,0.394506,19546,4530142,0.520693,8700223
1,2021-05-25,49649,7685676,28950,3963675,19084,3396335,1615,325666,21600,1093332,0.125667,27822,3460112,0.397704,23302,4553444,0.523371,8700223
1,2021-05-26,46499,7732175,26560,3990235,18149,3414484,1790,327456,20393,1089721,0.125252,25851,3485963,0.400675,22240,4575684,0.525927,8700223
1,2021-05-27,45393,7777568,25737,4015972,17948,3432432,1708,329164,20273,1086938,0.124932,24874,3510837,0.403534,22091,4597775,0.528466,8700223
1,2021-05-28,49549,7827117,28008,4043980,19900,3452332,1641,330805,22531,1084444,0.124646,26788,3537625,0.406613,24294,4622069,0.531259,8700223
1,2021-05-29,28353,7855470,17532,4061512,9937,3462269,884,331689,13625,1084388,0.124639,14616,3552241,0.408293,14560,4636629,0.532932,8700223
1,2021-05-30,11184,7866654,7314,4068826,3399,3465668,471,332160,5521,1084782,0.124684,5624,3557865,0.40894,6018,4642647,0.533624,8700223
1,2021-05-31,2824,7869478,1366,4070192,1248,3466916,210,332370,881,1083957,0.12459,1927,3559792,0.409161,1102,4643749,0.533751,8700223
2,2020-12-15,234,234,234,234,0,0,0,0,234,234,2.8e-05,0,0,0.0,234,234,2.8e-05,8407551
2,2020-12-16,2084,2318,2084,2318,0,0,0,0,2083,2317,0.000276,0,0,0.0,2083,2317,0.000276,8407551
2,2020-12-17,6710,9028,6710,9028,0,0,0,0,6711,9028,0.001074,0,0,0.0,6711,9028,0.001074,8407551
2,2020-12-18,10843,19871,10824,19852,19,19,0,0,10845,19873,0.002364,0,0,0.0,10845,19873,0.002364,8407551
2,2020-12-19,5584,25455,5578,25430,6,25,0,0,5586,25459,0.003028,0,0,0.0,5586,25459,0.003028,8407551
2,2020-12-20,4216,29671,4207,29637,9,34,0,0,4212,29671,0.003529,0,0,0.0,4212,29671,0.003529,8407551
2,2020-12-21,12766,42437,12742,42379,24,58,0,0,12720,42391,0.005042,0,0,0.0,12720,42391,0.005042,8407551
2,2020-12-22,12088,54525,11577,53956,511,569,0,0,12088,54479,0.00648,0,0,0.0,12088,54479,0.00648,8407551
2,2020-12-23,11717,66242,9509,63465,2208,2777,0,0,11720,66199,0.007874,1,1,0.0,11721,66200,0.007874,8407551
2,2020-12-24,5853,72095,3493,66958,2360,5137,0,0,5850,72049,0.00857,2,3,0.0,5852,72052,0.00857,8407551
2,2020-12-25,480,72575,403,67361,77,5214,0,0,481,72530,0.008627,0,3,0.0,481,72533,0.008627,8407551
2,2020-12-26,2576,75151,1672,69033,904,6118,0,0,2577,75107,0.008933,0,3,0.0,2577,75110,0.008934,8407551
2,2020-12-27,2225,77376,1206,70239,1019,7137,0,0,2223,77329,0.009198,1,4,0.0,2223,77333,0.009198,8407551
2,2020-12-28,10977,88353,7148,77387,3829,10966,0,0,10977,88305,0.010503,1,5,1e-06,10977,88310,0.010504,8407551
2,2020-12-29,12637,100990,7119,84506,5518,16484,0,0,12642,100947,0.012007,0,5,1e-06,12642,100952,0.012007,8407551
2,2020-12-30,15334,116324,8629,93135,6705,23189,0,0,15351,116297,0.013832,3,8,1e-06,15353,116305,0.013833,8407551
2,2020-12-31,7506,123830,2807,95942,4699,27888,0,0,7504,123800,0.014725,1,9,1e-06,7504,123809,0.014726,8407551
2,2021-01-01,1127,124957,541,96483,586,28474,0,0,1129,124928,0.014859,1,10,1e-06,1129,124938,0.01486,8407551
2,2021-01-02,4806,129763,2794,99277,2012,30486,0,0,4804,129732,0.01543,0,10,1e-06,4804,129742,0.015432,8407551
2,2021-01-03,1380,131143,841,100118,539,31025,0,0,1375,131104,0.015594,3,13,2e-06,1375,131117,0.015595,8407551
2,2021-01-04,11615,142758,5586,105704,6029,37054,0,0,11603,142703,0.016973,4,17,2e-06,11603,142720,0.016975,8407551
2,2021-01-05,13822,156580,6982,112686,6840,43894,0,0,12640,154198,0.01834,1176,1193,0.000142,12671,155391,0.018482,8407551
2,2021-01-06,18940,175520,10492,123178,8448,52342,0,0,15217,165746,0.019714,3675,4868,0.000579,15223,170614,0.020293,8407551
2,2021-01-07,22928,198448,12909,136087,10019,62361,0,0,15562,173938,0.020688,7383,12251,0.001457,15575,186189,0.022145,8407551
2,2021-01-08,26373,224821,16002,152089,10371,72732,0,0,16327,180269,0.021441,10013,22264,0.002648,16344,202533,0.024089,8407551
2,2021-01-09,9751,234572,5686,157775,4065,76797,0,0,6256,183015,0.021768,3516,25780,0.003066,6262,208795,0.024834,8407551
2,2021-01-10,5280,239852,2974,160749,2306,79103,0,0,3069,183855,0.021868,2233,28013,0.003332,3073,211868,0.0252,8407551
2,2021-01-11,25920,265772,17807,178556,8113,87216,0,0,14991,187932,0.022353,10963,38976,0.004636,15040,226908,0.026989,8407551
2,2021-01-12,26090,291862,16241,194797,9849,97065,0,0,16621,195127,0.023209,9497,48473,0.005765,16692,243600,0.028974,8407551
2,2021-01-13,28459,320321,15100,209897,13359,110424,0,0,20546,207789,0.024715,7906,56379,0.006706,20568,264168,0.03142,8407551
2,2021-01-14,30100,350421,11435,221332,18665,129089,0,0,25903,229528,0.0273,4221,60600,0.007208,25960,290128,0.034508,8407551
2,2021-01-15,34971,385392,12766,234098,22205,151294,0,0,31737,258094,0.030698,3244,63844,0.007594,31810,321938,0.038292,8407551
2,2021-01-16,17553,402945,5601,239699,11952,163246,0,0,16245,273014,0.032472,1335,65179,0.007752,16255,338193,0.040225,8407551
2,2021-01-17,10613,413558,3585,243284,7028,170274,0,0,9909,282201,0.033565,730,65909,0.007839,9917,348110,0.041404,8407551
2,2021-01-18,19638,433196,10991,254275,8647,178921,0,0,14874,292341,0.034771,4781,70690,0.008408,14921,363031,0.043179,8407551
2,2021-01-19,32330,465526,16881,271156,15449,194370,0,0,24394,308909,0.036742,7940,78630,0.009352,24508,387539,0.046094,8407551
2,2021-01-20,36995,502521,18560,289716,18435,212805,0,0,28407,328835,0.039112,8568,87198,0.010371,28494,416033,0.049483,8407551
2,2021-01-21,40406,542927,17144,306860,23262,236067,0,0,35995,360600,0.04289,4387,91585,0.010893,36152,452185,0.053783,8407551
2,2021-01-22,39181,582108,16387,323247,22794,258861,0,0,35899,393239,0.046772,3284,94869,0.011284,35923,488108,0.058056,8407551
2,2021-01-23,23972,606080,10801,334048,13171,272032,0,0,21032,411381,0.04893,2917,97786,0.011631,21059,509167,0.060561,8407551
2,2021-01-24,12451,618531,6157,340205,6294,278326,0,0,11539,422032,0.050197,898,98684,0.011738,11549,520716,0.061934,8407551
2,2021-01-25,33741,652272,15615,355820,18126,296452,0,0,25015,438498,0.052155,8674,107358,0.012769,25140,545856,0.064924,8407551
2,2021-01-26,40121,692393,19804,375624,20317,316769,0,0,31175,460823,0.054811,8927,116285,0.013831,31252,577108,0.068642,8407551
2,2021-01-27,45479,737872,22883,398507,22596,339365,0,0,35470,486449,0.057859,9900,126185,0.015009,35526,612634,0.072867,8407551
2,2021-01-28,47973,785845,22708,421215,25265,364630,0,0,39421,517436,0.061544,8498,134683,0.016019,39485,652119,0.077563,8407551
2,2021-01-29,45496,831341,22288,443503,23208,387838,0,0,36958,546014,0.064943,8435,143118,0.017023,37013,689132,0.081966,8407551
2,2021-01-30,31386,862727,13748,457251,17638,405476,0,0,28085,570864,0.067899,3263,146381,0.017411,28113,717245,0.08531,8407551
2,2021-01-31,17400,880127,10500,467751,6900,412376,0,0,16245,585989,0.069698,1139,147520,0.017546,16264,733509,0.087244,8407551
2,2021-02-01,40937,921064,19898,487649,21039,433415,0,0,30220,605553,0.072025,10691,158211,0.018818,30255,763764,0.090843,8407551
2,2021-02-02,47480,968544,19379,507028,28101,461516,0,0,36200,630636,0.075008,11213,169424,0.020151,36296,800060,0.09516,8407551
2,2021-02-03,53936,1022480,24136,531164,29800,491316,0,0,39943,656772,0.078117,13896,183320,0.021804,40032,840092,0.099921,8407551
2,2021-02-04,55797,1078277,24226,555390,31571,522887,0,0,40874,682907,0.081225,14831,198151,0.023568,40966,881058,0.104794,8407551
2,2021-02-05,59491,1137768,26302,581692,33189,556076,0,0,40335,704420,0.083784,18985,217136,0.025826,40498,921556,0.109611,8407551
2,2021-02-06,38845,1176613,18176,599868,20669,576745,0,0,31227,728185,0.086611,7548,224684,0.026724,31313,952869,0.113335,8407551
2,2021-02-07,15946,1192559,10683,610551,5263,582008,0,0,12130,736586,0.08761,3795,228479,0.027175,12196,965065,0.114786,8407551
2,2021-02-08,43297,1235856,22387,632938,20910,602918,0,0,29875,753369,0.089606,13285,241764,0.028756,30068,995133,0.118362,8407551
2,2021-02-09,49237,1285093,23498,656436,25739,628657,0,0,30679,766062,0.091116,18303,260067,0.030933,30996,1026129,0.122049,8407551
2,2021-02-10,59332,1344425,28084,684520,31248,659905,0,0,34617,776588,0.092368,24442,284509,0.03384,34968,1061097,0.126208,8407551
2,2021-02-11,63877,1408302,29667,714187,34210,694115,0,0,36029,785516,0.09343,27587,312096,0.037121,36515,1097612,0.130551,8407551
2,2021-02-12,64836,1473138,28088,742275,36748,730863,0,0,34588,790777,0.094056,29976,342072,0.040686,35237,1132849,0.134742,8407551
2,2021-02-13,37467,1510605,15738,758013,21729,752592,0,0,21720,797205,0.09482,15668,357740,0.04255,22096,1154945,0.13737,8407551
2,2021-02-14,19917,1530522,9329,767342,10588,763180,0,0,11220,800125,0.095167,8657,366397,0.04358,11577,1166522,0.138747,8407551
2,2021-02-15,32965,1563487,14919,782261,18046,781226,0,0,18318,804761,0.095719,14534,380931,0.045308,19170,1185692,0.141027,8407551
2,2021-02-16,55902,1619389,27646,809907,28256,809482,0,0,29470,808550,0.09617,26349,407280,0.048442,30138,1215830,0.144612,8407551
2,2021-02-17,61191,1680580,31666,841573,29525,839007,0,0,30445,809122,0.096238,30691,437971,0.052093,31263,1247093,0.14833,8407551
2,2021-02-18,65724,1746304,33405,874978,32319,871326,0,0,32059,808858,0.096206,33458,471429,0.056072,33194,1280287,0.152278,8407551
2,2021-02-19,58812,1805116,32793,907771,26019,897345,0,0,29236,809261,0.096254,29433,500862,0.059573,29836,1310123,0.155827,8407551
2,2021-02-20,37022,1842138,24204,931975,12818,910163,0,0,20143,813279,0.096732,16801,517663,0.061571,20819,1330942,0.158303,8407551
2,2021-02-21,20645,1862783,17199,949174,3446,913609,0,0,9910,813335,0.096739,10666,528329,0.06284,10722,1341664,0.159578,8407551
2,2021-02-22,37267,1900050,25602,974776,11665,925274,0,0,17829,812495,0.096639,19353,547682,0.065142,18513,1360177,0.16178,8407551
2,2021-02-23,51436,1951486,26394,1001170,25042,950316,0,0,22675,808480,0.096161,28582,576264,0.068541,24567,1384744,0.164702,8407551
2,2021-02-24,68141,2019627,35148,1036318,32993,983309,0,0,31372,805580,0.095816,36629,612893,0.072898,33729,1418473,0.168714,8407551
2,2021-02-25,73663,2093290,34691,1071009,38972,1022281,0,0,37469,809859,0.096325,35990,648883,0.077179,40269,1458742,0.173504,8407551
2,2021-02-26,81821,2175111,34947,1105956,46874,1069155,0,0,44259,818988,0.097411,37318,686201,0.081617,46447,1505189,0.179028,8407551
2,2021-02-27,59878,2234989,27696,1133652,32177,1101332,5,5,32656,825944,0.098238,27033,713234,0.084833,33989,1539178,0.183071,8407551
2,2021-02-28,28967,2263956,17394,1151046,11572,1112904,1,6,16884,831659,0.098918,11998,725232,0.08626,17713,1556891,0.185178,8407551
2,2021-03-01,56025,2319981,29611,1180657,26389,1139293,25,31,30566,838207,0.099697,25230,750462,0.08926,31778,1588669,0.188957,8407551
2,2021-03-02,67504,2387485,32612,1213269,34887,1174180,5,36,38289,849748,0.10107,29091,779553,0.092721,40632,1629301,0.19379,8407551
2,2021-03-03,78804,2466289,38200,1251469,40593,1214773,11,47,44501,862674,0.102607,34139,813692,0.096781,47065,1676366,0.199388,8407551
2,2021-03-04,86793,2553082,42949,1294418,43816,1258589,28,75,50135,878736,0.104517,36475,850167,0.101119,52537,1728903,0.205637,8407551
2,2021-03-05,80270,2633352,38140,1332558,41829,1300418,301,376,49415,900146,0.107064,30675,880842,0.104768,52085,1780988,0.211832,8407551
2,2021-03-06,62237,2695589,30443,1363001,30131,1330549,1663,2039,38383,917875,0.109173,23753,904595,0.107593,41482,1822470,0.216766,8407551
2,2021-03-07,27472,2723061,16134,1379135,10389,1340938,949,2988,17728,927976,0.110374,9687,914282,0.108745,19788,1842258,0.219119,8407551
2,2021-03-08,49596,2772657,22868,1402003,24293,1365231,2435,5423,31450,945447,0.112452,18055,932337,0.110893,35526,1877784,0.223345,8407551
2,2021-03-09,69289,2841946,31768,1433771,33752,1398983,3769,9192,38701,958792,0.114039,30480,962817,0.114518,43825,1921609,0.228558,8407551
2,2021-03-10,77111,2919057,36678,1470449,33903,1432886,6530,15722,41185,972103,0.115623,35754,998571,0.118771,49065,1970674,0.234393,8407551
2,2021-03-11,92024,3011081,42485,1512934,41205,1474091,8334,24056,48424,986932,0.117386,43344,1041915,0.123926,58173,2028847,0.241312,8407551
2,2021-03-12,92838,3103919,38401,1551335,42474,1516565,11963,36019,46734,1001124,0.119074,45912,1087827,0.129387,60104,2088951,0.248461,8407551
2,2021-03-13,68220,3172139,28778,1580113,31541,1548106,7901,43920,37762,1017771,0.121054,30348,1118175,0.132997,46995,2135946,0.254051,8407551
2,2021-03-14,36494,3208633,18228,1598341,13751,1561857,4515,48435,18712,1024060,0.121802,17700,1135875,0.135102,23989,2159935,0.256904,8407551
2,2021-03-15,66729,3275362,30190,1628531,31556,1593413,4983,53418,37097,1037789,0.123435,29457,1165332,0.138605,43186,2203121,0.262041,8407551
2,2021-03-16,85626,3360988,37902,1666433,43747,1637160,3977,57395,52282,1061984,0.126313,33195,1198527,0.142554,57390,2260511,0.268867,8407551
2,2021-03-17,91635,3452623,43936,1710369,43579,1680739,4120,61515,58529,1092587,0.129953,32893,1231420,0.146466,63496,2324007,0.276419,8407551
2,2021-03-18,96937,3549560,46303,1756672,46174,1726913,4460,65975,59828,1120591,0.133284,36848,1268268,0.150849,64852,2388859,0.284133,8407551
2,2021-03-19,96671,3646231,45702,1802374,44867,1771780,6102,72077,58060,1146911,0.136414,38359,1306627,0.155411,64679,2453538,0.291826,8407551
2,2021-03-20,69251,3715482,33535,1835909,31808,1803588,3908,75985,45765,1173649,0.139595,23288,1329915,0.158181,50026,2503564,0.297776,8407551
2,2021-03-21,32930,3748412,21308,1857217,9653,1813241,1969,77954,20808,1184826,0.140924,12023,1341938,0.159611,23200,2526764,0.300535,8407551
2,2021-03-22,62185,3810597,34171,1891388,25379,1838620,2635,80589,41720,1209797,0.143894,20274,1362212,0.162022,45245,2572009,0.305917,8407551
2,2021-03-23,82968,3893565,44080,1935468,36001,1874621,2887,83476,52341,1235473,0.146948,30390,1392602,0.165637,56066,2628075,0.312585,8407551
2,2021-03-24,90882,3984447,49047,1984515,38699,1913320,3136,86612,54000,1256828,0.149488,36604,1429206,0.169991,57959,2686034,0.319479,8407551
2,2021-03-25,100543,4084990,50753,2035268,45916,1959236,3874,90486,57495,1276207,0.151793,42758,1471964,0.175076,62137,2748171,0.326869,8407551
2,2021-03-26,102624,4187614,51090,2086358,48072,2007308,3462,93948,56714,1291853,0.153654,45587,1517551,0.180499,61233,2809404,0.334152,8407551
2,2021-03-27,74857,4262471,37428,2123786,34132,2041440,3297,97245,38006,1297382,0.154312,36640,1554191,0.184857,42169,2851573,0.339168,8407551
2,2021-03-28,37391,4299862,23102,2146888,13487,2054927,802,98047,20431,1302495,0.15492,16851,1571042,0.186861,21964,2873537,0.341781,8407551
2,2021-03-29,70727,4370589,36139,2183027,32340,2087267,2248,100295,40690,1316454,0.15658,29879,1600921,0.190415,43838,2917375,0.346995,8407551
2,2021-03-30,91331,4461920,44818,2227845,42185,2129452,4328,104623,51672,1333589,0.158618,39479,1640400,0.19511,56614,2973989,0.353728,8407551
2,2021-03-31,100676,4562596,51989,2279834,43607,2173059,5080,109703,57810,1354225,0.161072,42615,1683015,0.200179,63251,3037240,0.361251,8407551
2,2021-04-01,116632,4679228,56443,2336277,51086,2224145,9103,118806,63998,1375458,0.163598,52330,1735345,0.206403,73563,3110803,0.370001,8407551
2,2021-04-02,110993,4790221,51281,2387558,49632,2273777,10080,128886,60093,1395576,0.165991,50578,1785923,0.212419,70696,3181499,0.37841,8407551
2,2021-04-03,76230,4866451,37375,2424933,29108,2302885,9747,138633,37963,1405604,0.167184,38090,1824013,0.216949,48118,3229617,0.384133,8407551
2,2021-04-04,28947,4895398,14875,2439808,10237,2313122,3835,142468,13112,1406839,0.16733,15756,1839769,0.218823,16991,3246608,0.386154,8407551
2,2021-04-05,78547,4973945,38598,2478406,31286,2344408,8663,151131,38402,1414704,0.168266,40007,1879776,0.223582,47872,3294480,0.391848,8407551
2,2021-04-06,103169,5077114,50262,2528668,38270,2382678,14637,165768,49187,1425254,0.169521,53755,1933531,0.229976,64305,3358785,0.399496,8407551
2,2021-04-07,109595,5186709,54768,2583436,38718,2421396,16109,181877,51932,1436289,0.170833,57412,1990943,0.236804,68447,3427232,0.407637,8407551
2,2021-04-08,118331,5305040,57001,2640437,42798,2464194,18532,200409,55137,1447861,0.17221,62921,2053864,0.244288,74493,3501725,0.416498,8407551
2,2021-04-09,117744,5422784,56773,2697210,43061,2507255,17910,218319,55897,1461279,0.173806,61540,2115404,0.251608,74958,3576683,0.425413,8407551
2,2021-04-10,86409,5509193,37429,2734639,30795,2538050,18185,236504,35837,1465776,0.17434,50349,2165753,0.257596,54846,3631529,0.431937,8407551
2,2021-04-11,43979,5553172,22765,2757404,12707,2550757,8507,245011,17949,1467101,0.174498,25909,2191662,0.260678,27234,3658763,0.435176,8407551
2,2021-04-12,78861,5632033,36742,2794146,32862,2583619,9257,254268,35361,1469440,0.174776,43271,2234933,0.265824,45610,3704373,0.440601,8407551
2,2021-04-13,100594,5732627,52143,2846289,48199,2631818,252,254520,55218,1480623,0.176106,45167,2280100,0.271197,56350,3760723,0.447303,8407551
2,2021-04-14,105114,5837741,55152,2901441,49912,2681730,50,254570,54110,1485435,0.176679,50761,2330861,0.277234,55573,3816296,0.453913,8407551
2,2021-04-15,111712,5949453,59505,2960946,52141,2733871,66,254636,58757,1492669,0.177539,52625,2383486,0.283493,59859,3876155,0.461033,8407551
2,2021-04-16,109030,6058483,56689,3017635,52291,2786162,50,254686,55552,1495898,0.177923,53202,2436688,0.289821,56431,3932586,0.467745,8407551
2,2021-04-17,81791,6140274,41551,3059186,40226,2826388,14,254700,46004,1507183,0.179265,35586,2472274,0.294054,46871,3979457,0.473319,8407551
2,2021-04-18,33934,6174208,20295,3079481,13634,2840022,5,254705,16229,1506782,0.179218,17598,2489872,0.296147,17197,3996654,0.475365,8407551
2,2021-04-19,73486,6247694,39660,3119141,33815,2873837,11,254716,33696,1501533,0.178593,39567,2529439,0.300853,34318,4030972,0.479447,8407551
2,2021-04-20,94782,6342476,47344,3166485,47414,2921251,24,254740,46260,1500301,0.178447,48241,2577680,0.306591,47009,4077981,0.485038,8407551
2,2021-04-21,98922,6441398,52599,3219084,46269,2967520,54,254794,46884,1496406,0.177984,51700,2629380,0.31274,47805,4125786,0.490724,8407551
2,2021-04-22,105285,6546683,53929,3273013,51336,3018856,20,254814,46259,1484855,0.17661,58697,2688077,0.319722,47146,4172932,0.496331,8407551
2,2021-04-23,104528,6651211,55147,3328160,49364,3068220,17,254831,48398,1478395,0.175841,55775,2743852,0.326356,49315,4222247,0.502197,8407551
2,2021-04-24,79077,6730288,46837,3374997,32202,3100422,38,254869,41373,1483309,0.176426,37412,2781264,0.330805,42326,4264573,0.507231,8407551
2,2021-04-25,36015,6766303,22324,3397321,13677,3114099,14,254883,19731,1487338,0.176905,16170,2797434,0.332729,20199,4284772,0.509634,8407551
2,2021-04-26,67916,6834219,37850,3435171,29777,3143876,289,255172,31078,1483473,0.176445,36616,2834050,0.337084,32751,4317523,0.513529,8407551
2,2021-04-27,82303,6916522,43355,3478526,37804,3181680,1144,256316,35321,1474398,0.175366,46706,2880756,0.342639,37631,4355154,0.518005,8407551
2,2021-04-28,85059,7001581,45084,3523610,38130,3219810,1845,258161,37273,1466871,0.174471,47527,2928283,0.348292,40000,4395154,0.522763,8407551
2,2021-04-29,87674,7089255,47258,3570868,38744,3258554,1672,259833,33672,1449092,0.172356,53708,2981991,0.35468,35929,4431083,0.527036,8407551
2,2021-04-30,91767,7181022,50592,3621460,39231,3297785,1944,261777,35534,1431313,0.170241,55888,3037879,0.361327,38109,4469192,0.531569,8407551
2,2021-05-01,60774,7241796,37052,3658512,22181,3319966,1541,263318,23898,1420939,0.169007,36648,3074527,0.365686,26274,4495466,0.534694,8407551
2,2021-05-02,28767,7270563,19868,3678380,7931,3327897,968,264286,11067,1415486,0.168359,17578,3092105,0.367777,12125,4507591,0.536136,8407551
2,2021-05-03,59208,7329771,35170,3713550,22010,3349907,2028,266314,19882,1398514,0.16634,39137,3131242,0.372432,22165,4529756,0.538772,8407551
2,2021-05-04,77547,7407318,45995,3759545,29203,3379110,2349,268663,25303,1374565,0.163492,51989,3183231,0.378616,28040,4557796,0.542107,8407551
2,2021-05-05,77710,7485028,45985,3805530,29403,3408513,2322,270985,24341,1348504,0.160392,53060,3236291,0.384927,26999,4584795,0.545319,8407551
2,2021-05-06,80073,7565101,48127,3853657,29072,3437585,2874,273859,24587,1321498,0.15718,55094,3291385,0.39148,28088,4612883,0.54866,8407551
2,2021-05-07,81072,7646173,46628,3900285,32038,3469623,2406,276265,25079,1293736,0.153878,55692,3347077,0.398104,27930,4640813,0.551982,8407551
2,2021-05-08,52906,7699079,31975,3932260,19282,3488905,1649,277914,16631,1276673,0.151848,36043,3383120,0.402391,18980,4659793,0.554239,8407551
2,2021-05-09,21170,7720249,15150,3947410,5279,3494184,741,278655,6349,1269281,0.150969,14700,3397820,0.404139,7308,4667101,0.555108,8407551
2,2021-05-10,48543,7768792,26292,3973702,20429,3514613,1822,280477,13904,1251175,0.148816,34423,3432243,0.408233,16317,4683418,0.557049,8407551
2,2021-05-11,62034,7830826,32867,4006569,27185,3541798,1982,282459,18732,1229475,0.146235,43063,3475306,0.413355,21363,4704781,0.55959,8407551
2,2021-05-12,60448,7891274,31800,4038369,26632,3568430,2016,284475,18104,1207848,0.143662,42107,3517413,0.418364,20480,4725261,0.562026,8407551
2,2021-05-13,64305,7955579,37237,4075606,25217,3593647,1851,286326,23523,1193359,0.141939,40541,3557954,0.423186,26052,4751313,0.565124,8407551
2,2021-05-14,76909,8032488,45964,4121570,28773,3622420,2172,288498,29977,1179523,0.140293,46626,3604580,0.428731,32790,4784103,0.569025,8407551
2,2021-05-15,64341,8096829,42290,4163860,20394,3642814,1657,290155,24918,1167264,0.138835,39206,3643786,0.433394,26947,4811050,0.57223,8407551
2,2021-05-16,30262,8127091,22465,4186325,6877,3649691,920,291075,12321,1162802,0.138304,17830,3661616,0.435515,13368,4824418,0.57382,8407551
2,2021-05-17,56962,8184053,36176,4222501,18877,3668568,1909,292984,23815,1155951,0.13749,32959,3694575,0.439435,26108,4850526,0.576925,8407551
2,2021-05-18,68790,8252843,40277,4262778,26574,3695142,1939,294923,28757,1147393,0.136472,39785,3734360,0.444167,31227,4881753,0.580639,8407551
2,2021-05-19,67513,8320356,40110,4302888,25483,3720625,1920,296843,28099,1138727,0.135441,39141,3773501,0.448823,30475,4912228,0.584264,8407551
2,2021-05-20,58370,8378726,33587,4336475,22823,3743448,1960,298803,23094,1129248,0.134314,35044,3808545,0.452991,25565,4937793,0.587305,8407551
2,2021-05-21,61325,8440051,36116,4372591,23261,3766709,1948,300751,24490,1119543,0.133159,36598,3845143,0.457344,26893,4964686,0.590503,8407551
2,2021-05-22,43605,8483656,27785,4400376,14236,3780945,1584,302335,18874,1115863,0.132722,24581,3869724,0.460268,20901,4985587,0.592989,8407551
2,2021-05-23,16848,8500504,12323,4412699,3928,3784873,597,302932,7705,1115170,0.132639,9075,3878799,0.461347,8382,4993969,0.593986,8407551
2,2021-05-24,42884,8543388,24116,4436815,17032,3801905,1736,304668,16975,1108510,0.131847,25710,3904509,0.464405,19050,5013019,0.596252,8407551
2,2021-05-25,49649,8593037,29153,4465968,18681,3820586,1815,306483,19621,1100719,0.13092,29759,3934268,0.467945,21968,5034987,0.598865,8407551
2,2021-05-26,47125,8640162,26624,4492592,18932,3839518,1569,308052,19109,1093969,0.130117,27741,3962009,0.471244,20991,5055978,0.601362,8407551
2,2021-05-27,45014,8685176,25620,4518212,17768,3857286,1626,309678,18578,1088402,0.129455,26239,3988248,0.474365,20672,5076650,0.60382,8407551
2,2021-05-28,47520,8732696,26525,4544737,19110,3876396,1885,311563,20076,1083538,0.128877,27229,4015477,0.477604,22365,5099015,0.60648,8407551
2,2021-05-29,27448,8760144,16610,4561347,9844,3886240,994,312557,12775,1082946,0.128806,14546,4030023,0.479334,13954,5112969,0.60814,8407551
2,2021-05-30,12260,8772404,7944,4569291,3598,3889838,718,313275,5513,1082534,0.128757,6705,4036728,0.480131,6293,5119262,0.608889,8407551
2,2021-05-31,3157,8775561,1637,4570928,1299,3891137,221,313496,949,1081548,0.12864,2192,4038920,0.480392,1206,5120468,0.609032,8407551
3,2020-12-15,304,304,304,304,0,0,0,0,304,304,3.7e-05,0,0,0.0,304,304,3.7e-05,8129050
3,2020-12-16,2309,2613,2309,2613,0,0,0,0,2310,2614,0.000322,0,0,0.0,2310,2614,0.000322,8129050
3,2020-12-17,7661,10274,7661,10274,0,0,0,0,7661,10275,0.001264,0,0,0.0,7661,10275,0.001264,8129050
3,2020-12-18,13097,23371,13084,23358,13,13,0,0,13096,23371,0.002875,0,0,0.0,13096,23371,0.002875,8129050
3,2020-12-19,7191,30562,7180,30538,11,24,0,0,7255,30626,0.003767,0,0,0.0,7255,30626,0.003767,8129050
3,2020-12-20,5638,36200,5631,36169,7,31,0,0,5685,36310,0.004467,1,1,0.0,5685,36311,0.004467,8129050
3,2020-12-21,14325,50525,14300,50469,25,56,0,0,14388,50697,0.006237,1,2,0.0,14388,50699,0.006237,8129050
3,2020-12-22,14755,65280,14181,64650,574,630,0,0,14794,65491,0.008056,0,2,0.0,14794,65493,0.008057,8129050
3,2020-12-23,14789,80069,12190,76840,2599,3229,0,0,14815,80306,0.009879,1,3,0.0,14816,80309,0.009879,8129050
3,2020-12-24,6787,86856,4871,81711,1916,5145,0,0,6785,87090,0.010713,1,4,0.0,6785,87094,0.010714,8129050
3,2020-12-25,723,87579,667,82378,56,5201,0,0,722,87812,0.010802,0,4,0.0,722,87816,0.010803,8129050
3,2020-12-26,4617,92196,2992,85370,1625,6826,0,0,4615,92427,0.01137,0,4,0.0,4615,92431,0.01137,8129050
3,2020-12-27,2964,95160,1841,87211,1123,7949,0,0,2965,95392,0.011735,0,4,0.0,2965,95396,0.011735,8129050
3,2020-12-28,13545,108705,8664,95875,4881,12830,0,0,13573,108964,0.013404,1,5,1e-06,13573,108969,0.013405,8129050
3,2020-12-29,14915,123620,8418,104293,6497,19327,0,0,14942,123904,0.015242,2,7,1e-06,14942,123911,0.015243,8129050
3,2020-12-30,17948,141568,9986,114279,7962,27289,0,0,17935,141839,0.017448,1,8,1e-06,17936,141847,0.017449,8129050
3,2020-12-31,8379,149947,3215,117494,5164,32453,0,0,8378,150216,0.018479,1,9,1e-06,8378,150225,0.01848,8129050
3,2021-01-01,1223,151170,562,118056,661,33114,0,0,1220,151436,0.018629,0,9,1e-06,1220,151445,0.01863,8129050
3,2021-01-02,4939,156109,2463,120519,2476,35590,0,0,4939,156375,0.019237,0,9,1e-06,4939,156384,0.019238,8129050
3,2021-01-03,1598,157707,882,121401,716,36306,0,0,1589,157960,0.019432,4,13,2e-06,1589,157973,0.019433,8129050
3,2021-01-04,11963,169670,6011,127412,5952,42258,0,0,11936,169889,0.020899,7,20,2e-06,11936,169909,0.020901,8129050
3,2021-01-05,15616,185286,8160,135572,7456,49714,0,0,14015,182341,0.022431,1588,1608,0.000198,14040,183949,0.022629,8129050
3,2021-01-06,20474,205760,10835,146407,9639,59353,0,0,16060,194034,0.023869,4374,5982,0.000736,16067,200016,0.024605,8129050
3,2021-01-07,26385,232145,15099,161506,11286,70639,0,0,17173,202038,0.024854,9183,15165,0.001866,17187,217203,0.026719,8129050
3,2021-01-08,30296,262441,18518,180024,11778,82417,0,0,18104,207993,0.025586,12171,27336,0.003363,18126,235329,0.028949,8129050
3,2021-01-09,12323,274764,6988,187012,5335,87752,0,0,7835,211354,0.026,4482,31818,0.003914,7843,243172,0.029914,8129050
3,2021-01-10,7159,281923,4517,191529,2642,90394,0,0,4020,212241,0.026109,3137,34955,0.0043,4024,247196,0.030409,8129050
3,2021-01-11,28875,310798,18917,210446,9958,100352,0,0,16314,216043,0.026577,12555,47510,0.005844,16357,263553,0.032421,8129050
3,2021-01-12,32166,342964,19265,229711,12901,113253,0,0,19770,223519,0.027496,12380,59890,0.007367,19856,283409,0.034864,8129050
3,2021-01-13,34290,377254,17929,247640,16361,129614,0,0,24189,237624,0.029231,10102,69992,0.00861,24207,307616,0.037842,8129050
3,2021-01-14,34452,411706,14172,261812,20280,149894,0,0,28581,260400,0.032033,5839,75831,0.009328,28615,336231,0.041362,8129050
3,2021-01-15,38629,450335,14356,276168,24273,174167,0,0,34021,289886,0.035661,4599,80430,0.009894,34085,370316,0.045555,8129050
3,2021-01-16,21712,472047,7576,283744,14136,188303,0,0,19403,307015,0.037768,2295,82725,0.010176,19424,389740,0.047944,8129050
3,2021-01-17,13050,485097,4402,288146,8648,196951,0,0,12026,318037,0.039124,1023,83748,0.010302,12045,401785,0.049426,8129050
3,2021-01-18,24626,509723,12852,300998,11774,208725,0,0,19097,331628,0.040795,5547,89295,0.010985,19138,420923,0.05178,8129050
3,2021-01-19,40780,550503,20837,321835,19943,228668,0,0,31751,354455,0.043603,9004,98299,0.012092,31831,452754,0.055696,8129050
3,2021-01-20,44853,595356,22073,343908,22780,251448,0,0,35580,380883,0.046855,9229,107528,0.013228,35657,488411,0.060082,8129050
3,2021-01-21,47425,642781,20537,364445,26888,278336,0,0,42007,417608,0.051372,5346,112874,0.013885,42071,530482,0.065258,8129050
3,2021-01-22,49371,692152,19691,384136,29680,308016,0,0,45256,458805,0.05644,4121,116995,0.014392,45318,575800,0.070832,8129050
3,2021-01-23,30033,722185,12738,396874,17295,325311,0,0,26774,482378,0.05934,3249,120244,0.014792,26822,602622,0.074132,8129050
3,2021-01-24,17613,739798,8483,405357,9130,334441,0,0,16465,497726,0.061228,1146,121390,0.014933,16494,619116,0.076161,8129050
3,2021-01-25,40561,780359,18127,423484,22434,356875,0,0,30675,518615,0.063798,9868,131258,0.016147,30757,649873,0.079945,8129050
3,2021-01-26,46750,827109,22380,445864,24370,381245,0,0,36758,545492,0.067104,9982,141240,0.017375,36859,686732,0.084479,8129050
3,2021-01-27,50970,878079,24321,470185,26649,407894,0,0,40481,575627,0.070811,10422,151662,0.018657,40557,727289,0.089468,8129050
3,2021-01-28,51369,929448,23857,494042,27512,435406,0,0,42528,609445,0.074971,8760,160422,0.019734,42578,769867,0.094706,8129050
3,2021-01-29,50398,979846,24280,518322,26118,461524,0,0,40884,641046,0.078859,9328,169750,0.020882,40929,810796,0.099741,8129050
3,2021-01-30,36817,1016663,17561,535883,19256,480780,0,0,32135,668631,0.082252,4630,174380,0.021451,32215,843011,0.103704,8129050
3,2021-01-31,22030,1038693,12637,548520,9393,490173,0,0,20701,688029,0.084638,1319,175699,0.021614,20717,863728,0.106252,8129050
3,2021-02-01,45508,1084201,20826,569346,24682,514855,0,0,34808,712220,0.087614,10652,186351,0.022924,34843,898571,0.110538,8129050
3,2021-02-02,53806,1138007,22402,591748,31404,546259,0,0,41496,741540,0.091221,12225,198576,0.024428,41545,940116,0.115649,8129050
3,2021-02-03,59680,1197687,26627,618375,33053,579312,0,0,44403,770892,0.094832,15119,213695,0.026288,44471,984587,0.12112,8129050
3,2021-02-04,63968,1261655,27807,646182,36161,615473,0,0,46976,801167,0.098556,16806,230501,0.028355,47081,1031668,0.126911,8129050
3,2021-02-05,69755,1331410,29680,675862,40075,655548,0,0,48269,828324,0.101897,21272,251773,0.030972,48429,1080097,0.132869,8129050
3,2021-02-06,43437,1374847,21135,696997,22302,677850,0,0,33746,852590,0.104882,9661,261434,0.03216,33927,1114024,0.137042,8129050
3,2021-02-07,19444,1394291,12322,709319,7122,684972,0,0,14976,863237,0.106192,4456,265890,0.032709,15103,1129127,0.1389,8129050
3,2021-02-08,50833,1445124,24540,733859,26293,711265,0,0,33377,879449,0.108186,17350,283240,0.034843,33562,1162689,0.143029,8129050
3,2021-02-09,58164,1503288,28324,762183,29840,741105,0,0,34180,890158,0.109503,23815,307055,0.037773,34524,1197213,0.147276,8129050
3,2021-02-10,67464,1570752,31379,793562,36085,777190,0,0,36629,896702,0.110308,30611,337666,0.041538,37155,1234368,0.151847,8129050
3,2021-02-11,70151,1640903,34633,828195,35518,812708,0,0,37625,902669,0.111042,32187,369853,0.045498,38154,1272522,0.15654,8129050
3,2021-02-12,74841,1715744,32426,860621,42415,855123,0,0,41447,911766,0.112161,33109,402962,0.049571,42206,1314728,0.161732,8129050
3,2021-02-13,44586,1760330,20260,880881,24326,879449,0,0,25769,919394,0.1131,18721,421683,0.051874,26349,1341077,0.164973,8129050
3,2021-02-14,27077,1787407,13508,894389,13569,893018,0,0,15129,923069,0.113552,11902,433585,0.053338,15577,1356654,0.16689,8129050
3,2021-02-15,39760,1827167,17126,911515,22634,915652,0,0,22069,928464,0.114216,17608,451193,0.055504,23003,1379657,0.169719,8129050
3,2021-02-16,69474,1896641,32863,944378,36611,952263,0,0,36212,932569,0.114721,33132,484325,0.05958,37237,1416894,0.1743,8129050
3,2021-02-17,71211,1967852,36026,980404,35185,987448,0,0,33989,930616,0.11448,37012,521337,0.064133,35059,1451953,0.178613,8129050
3,2021-02-18,76249,2044101,39818,1020222,36431,1023879,0,0,35415,926676,0.113996,40694,562031,0.069139,36754,1488707,0.183134,8129050
3,2021-02-19,67977,2112078,39190,1059412,28787,1052666,0,0,34452,928389,0.114206,33429,595460,0.073251,35142,1523849,0.187457,8129050
3,2021-02-20,41583,2153661,26352,1085764,15231,1067897,0,0,22071,931526,0.114592,19426,614886,0.075641,22563,1546412,0.190233,8129050
3,2021-02-21,22420,2176081,18657,1104421,3763,1071660,0,0,10726,931008,0.114529,11631,626517,0.077071,11113,1557525,0.1916,8129050
3,2021-02-22,44888,2220969,29268,1133689,15620,1087280,0,0,21283,929247,0.114312,23530,650047,0.079966,21769,1579294,0.194278,8129050
3,2021-02-23,60345,2281314,32976,1166665,27369,1114649,0,0,26700,924423,0.113718,33504,683551,0.084087,28680,1607974,0.197806,8129050
3,2021-02-24,76251,2357565,37324,1203989,38927,1153576,0,0,34051,918936,0.113043,42043,725594,0.089259,36556,1644530,0.202303,8129050
3,2021-02-25,85214,2442779,41405,1245394,43809,1197385,0,0,42684,921894,0.113407,42309,767903,0.094464,45267,1689797,0.207871,8129050
3,2021-02-26,95569,2538348,43547,1288941,52022,1249407,0,0,50825,930492,0.114465,44422,812325,0.099929,53020,1742817,0.214394,8129050
3,2021-02-27,67616,2605964,31133,1320074,36480,1285887,3,3,35915,936187,0.115166,31525,843850,0.103807,37220,1780037,0.218972,8129050
3,2021-02-28,37660,2643624,21890,1341964,15769,1301656,1,4,19537,938696,0.115474,17978,861828,0.106018,20487,1800524,0.221493,8129050
3,2021-03-01,65902,2709526,35063,1377027,30821,1332477,18,22,36884,948066,0.116627,28862,890690,0.109569,38232,1838756,0.226196,8129050
3,2021-03-02,77509,2787035,38397,1415424,39108,1371585,4,26,45496,963731,0.118554,31896,922586,0.113492,47561,1886317,0.232046,8129050
3,2021-03-03,87872,2874907,42005,1457429,45852,1417437,15,41,49152,976616,0.120139,38548,961134,0.118234,51433,1937750,0.238373,8129050
3,2021-03-04,92420,2967327,45454,1502883,46951,1464388,15,56,52666,992002,0.122032,39565,1000699,0.123102,54951,1992701,0.245133,8129050
3,2021-03-05,88927,3056254,43752,1546635,44885,1509273,290,346,54436,1014671,0.12482,34278,1034977,0.127318,56947,2049648,0.252139,8129050
3,2021-03-06,64772,3121026,32794,1579429,29841,1539114,2137,2483,37253,1028147,0.126478,27389,1062366,0.130688,40865,2090513,0.257166,8129050
3,2021-03-07,37276,3158302,22282,1601711,13884,1552998,1110,3593,21526,1036247,0.127475,15699,1078065,0.132619,23799,2114312,0.260093,8129050
3,2021-03-08,58543,3216845,28006,1629717,27716,1580714,2821,6414,37249,1056709,0.129992,21163,1099228,0.135222,41625,2155937,0.265214,8129050
3,2021-03-09,76053,3292898,35357,1665074,36352,1617066,4344,10758,41147,1068584,0.131453,34796,1134024,0.139503,46671,2202608,0.270955,8129050
3,2021-03-10,82167,3375065,41182,1706256,34940,1652006,6045,16803,43105,1080253,0.132888,38886,1172910,0.144286,50555,2253163,0.277174,8129050
3,2021-03-11,96234,3471299,47058,1753314,40648,1692654,8528,25331,47409,1088700,0.133927,48600,1221510,0.150265,57047,2310210,0.284192,8129050
3,2021-03-12,101303,3572602,45261,1798575,44195,1736849,11847,37178,46743,1094088,0.13459,54379,1275889,0.156954,59767,2369977,0.291544,8129050
3,2021-03-13,69441,3642043,29575,1828150,32664,1769513,7202,44380,36638,1106650,0.136135,32699,1308588,0.160977,45261,2415238,0.297112,8129050
3,2021-03-14,40679,3682722,21507,1849657,15626,1785139,3546,47926,20892,1112003,0.136794,19726,1328314,0.163403,25079,2440317,0.300197,8129050
3,2021-03-15,75002,3757724,35653,1885310,34827,1819966,4522,52448,39784,1122269,0.138057,35048,1363362,0.167715,45314,2485631,0.305771,8129050
3,2021-03-16,94396,3852120,43546,1928856,46554,1866520,4296,56744,53488,1140260,0.14027,40720,1404082,0.172724,58711,2544342,0.312994,8129050
3,2021-03-17,97095,3949215,47189,1976045,45460,1911980,4446,61190,59424,1167339,0.143601,37471,1441553,0.177334,64550,2608892,0.320934,8129050
3,2021-03-18,102290,4051505,52027,2028072,45862,1957842,4401,65591,59584,1189401,0.146315,42476,1484029,0.182559,64538,2673430,0.328874,8129050
3,2021-03-19,102331,4153836,54878,2082950,43038,2000880,4415,70006,58049,1208364,0.148648,44047,1528076,0.187977,63010,2736440,0.336625,8129050
3,2021-03-20,71113,4224949,36777,2119727,30750,2031630,3586,73592,44451,1230404,0.151359,26497,1554573,0.191237,48537,2784977,0.342596,8129050
3,2021-03-21,35773,4260722,24410,2144137,9873,2041503,1490,75082,23121,1242910,0.152897,12576,1567149,0.192784,25082,2810059,0.345681,8129050
3,2021-03-22,69835,4330557,41070,2185207,26262,2067765,2503,77585,45285,1267350,0.155904,24360,1591509,0.19578,48800,2858859,0.351684,8129050
3,2021-03-23,89025,4419582,49173,2234380,37338,2105103,2514,80099,55152,1292078,0.158946,33645,1625154,0.199919,58373,2917232,0.358865,8129050
3,2021-03-24,98059,4517641,56550,2290930,38648,2143751,2861,82960,56648,1311092,0.161285,41105,1666259,0.204976,60119,2977351,0.366261,8129050
3,2021-03-25,106632,4624273,59413,2350343,44302,2188053,2917,85877,60795,1329908,0.163599,45549,1711808,0.210579,64365,3041716,0.374179,8129050
3,2021-03-26,109831,4734104,59060,2409403,47524,2235577,3247,89124,57511,1339474,0.164776,52043,1763851,0.216981,61609,3103325,0.381757,8129050
3,2021-03-27,73851,4807955,37600,2447003,33715,2269292,2536,91660,36434,1341887,0.165073,37232,1801083,0.221561,39645,3142970,0.386634,8129050
3,2021-03-28,43885,4851840,27768,2474771,15311,2284603,806,92466,22734,1344879,0.165441,21050,1822133,0.224151,24042,3167012,0.389592,8129050
3,2021-03-29,80188,4932028,41992,2516763,36358,2320961,1838,94304,44634,1356817,0.16691,35343,1857476,0.228499,47281,3214293,0.395408,8129050
3,2021-03-30,99530,5031558,49004,2565767,46917,2367878,3609,97913,56147,1374017,0.169026,43160,1900636,0.233808,60360,3274653,0.402833,8129050
3,2021-03-31,104512,5136070,56526,2622293,43187,2411065,4799,102712,56454,1387735,0.170713,47883,1948519,0.239698,61601,3336254,0.410411,8129050
3,2021-04-01,122707,5258777,62244,2684537,50844,2461909,9619,112331,66758,1408833,0.173308,55655,2004174,0.246545,76753,3413007,0.419853,8129050
3,2021-04-02,117376,5376153,57392,2741929,49756,2511665,10228,122559,62418,1427307,0.175581,54721,2058895,0.253276,73195,3486202,0.428857,8129050
3,2021-04-03,75780,5451933,38774,2780703,27825,2539490,9181,131740,37930,1437033,0.176777,37731,2096626,0.257918,47457,3533659,0.434695,8129050
3,2021-04-04,32282,5484215,17260,2797963,10843,2550333,4179,135919,14229,1437497,0.176835,17987,2114613,0.26013,18451,3552110,0.436965,8129050
3,2021-04-05,88595,5572810,45060,2843023,34497,2584830,9038,144957,43616,1446218,0.177907,44799,2159412,0.265641,53520,3605630,0.443549,8129050
3,2021-04-06,112634,5685444,54911,2897934,42657,2627487,15066,160023,53258,1456195,0.179135,59140,2218552,0.272917,69117,3674747,0.452051,8129050
3,2021-04-07,115510,5800954,60034,2957968,39307,2666794,16169,176192,56214,1469858,0.180815,59088,2277640,0.280185,72751,3747498,0.461001,8129050
3,2021-04-08,120568,5921522,60307,3018275,40336,2707130,19925,196117,56213,1482804,0.182408,64103,2341743,0.288071,77049,3824547,0.470479,8129050
3,2021-04-09,117440,6038962,58699,3076974,39741,2746871,19000,215117,51763,1489169,0.183191,65477,2407220,0.296126,71842,3896389,0.479317,8129050
3,2021-04-10,83148,6122110,37784,3114758,30246,2777117,15118,230235,34032,1490299,0.18333,48972,2456192,0.30215,50102,3946491,0.48548,8129050
3,2021-04-11,44705,6166815,24033,3138791,12719,2789836,7953,238188,17026,1488560,0.183116,27600,2483792,0.305545,25861,3972352,0.488661,8129050
3,2021-04-12,82985,6249800,42003,3180794,32372,2822208,8610,246798,37897,1491237,0.183445,44905,2528697,0.311069,47582,4019934,0.494515,8129050
3,2021-04-13,104285,6354085,56560,3237354,47518,2869726,207,247005,55240,1498692,0.184363,48861,2577558,0.31708,56316,4076250,0.501442,8129050
3,2021-04-14,105501,6459586,57822,3295176,47588,2917314,91,247096,53109,1501160,0.184666,52151,2629709,0.323495,54619,4130869,0.508161,8129050
3,2021-04-15,117872,6577458,66422,3361598,51393,2968707,57,247153,63519,1511407,0.185927,54113,2683822,0.330152,64360,4195229,0.516079,8129050
3,2021-04-16,113830,6691288,63918,3425516,49822,3018529,90,247243,59639,1517841,0.186718,53948,2737770,0.336788,60382,4255611,0.523507,8129050
3,2021-04-17,77981,6769269,42561,3468077,35409,3053938,11,247254,43536,1528061,0.187975,34278,2772048,0.341005,44498,4300109,0.528981,8129050
3,2021-04-18,36892,6806161,21863,3489940,15026,3068964,3,247257,17362,1526834,0.187824,19451,2791499,0.343398,18224,4318333,0.531222,8129050
3,2021-04-19,77994,6884155,43673,3533613,34270,3103234,51,247308,35297,1520151,0.187002,42562,2834061,0.348634,35879,4354212,0.535636,8129050
3,2021-04-20,97851,6982006,50747,3584360,47091,3150325,13,247321,47743,1519034,0.186865,49914,2883975,0.354774,48797,4403009,0.541639,8129050
3,2021-04-21,100856,7082862,55656,3640016,45136,3195461,64,247385,47738,1514956,0.186363,52843,2936818,0.361274,48765,4451774,0.547638,8129050
3,2021-04-22,108675,7191537,60655,3700671,47999,3243460,21,247406,46942,1501393,0.184695,61462,2998280,0.368835,47899,4499673,0.55353,8129050
3,2021-04-23,103101,7294638,58479,3759150,44600,3288060,22,247428,45215,1490029,0.183297,57592,3055872,0.37592,46228,4545901,0.559217,8129050
3,2021-04-24,72832,7367470,45200,3804350,27574,3315634,58,247486,35574,1489601,0.183244,37024,3092896,0.380474,36596,4582497,0.563719,8129050
3,2021-04-25,36190,7403660,23374,3827724,12801,3328435,15,247501,18702,1491325,0.183456,17376,3110272,0.382612,19100,4601597,0.566068,8129050
3,2021-04-26,67414,7471074,37994,3865718,29039,3357474,381,247882,28740,1483255,0.182464,38475,3148747,0.387345,30405,4632002,0.569809,8129050
3,2021-04-27,84758,7555832,44448,3910166,38895,3396369,1415,249297,33868,1468634,0.180665,50634,3199381,0.393574,36013,4668015,0.574239,8129050
3,2021-04-28,83768,7639600,47222,3957388,34446,3430815,2100,251397,33983,1455685,0.179072,49556,3248937,0.39967,36607,4704622,0.578742,8129050
3,2021-04-29,85530,7725130,48535,4005923,34825,3465640,2170,253567,29905,1432859,0.176264,55373,3304310,0.406482,32547,4737169,0.582746,8129050
3,2021-04-30,88142,7813272,49535,4055458,36161,3501801,2446,256013,32770,1413385,0.173868,55136,3359446,0.413264,35662,4772831,0.587133,8129050
3,2021-05-01,54430,7867702,34396,4089854,18600,3520401,1434,257447,19628,1400264,0.172254,34659,3394105,0.417528,21538,4794369,0.589782,8129050
3,2021-05-02,26499,7894201,18016,4107870,7474,3527875,1009,258456,9800,1394519,0.171548,16652,3410757,0.419576,10907,4805276,0.591124,8129050
3,2021-05-03,58750,7952951,34538,4142408,21884,3549759,2328,260784,17240,1372919,0.16889,41343,3452100,0.424662,19743,4825019,0.593553,8129050
3,2021-05-04,75417,8028368,43166,4185574,29621,3579380,2630,263414,22060,1344776,0.165428,53108,3505208,0.431195,24965,4849984,0.596624,8129050
3,2021-05-05,76490,8104858,45642,4231216,28195,3607575,2653,266067,21149,1313765,0.161614,55071,3560279,0.43797,24060,4874044,0.599583,8129050
3,2021-05-06,81027,8185885,51087,4282303,27474,3635049,2466,268533,20291,1276714,0.157056,60357,3620636,0.445395,23306,4897350,0.60245,8129050
3,2021-05-07,79968,8265853,49604,4331907,27775,3662824,2589,271122,21439,1242800,0.152884,58231,3678867,0.452558,24317,4921667,0.605442,8129050
3,2021-05-08,50183,8316036,30988,4362895,17565,3680389,1630,272752,13425,1221648,0.150282,36460,3715327,0.457043,15308,4936975,0.607325,8129050
3,2021-05-09,20348,8336384,14718,4377613,4843,3685232,787,273539,5608,1213489,0.149278,14619,3729946,0.458842,6460,4943435,0.60812,8129050
3,2021-05-10,46654,8383038,24859,4402472,19915,3705147,1880,275419,11083,1191330,0.146552,35375,3765321,0.463193,13216,4956651,0.609745,8129050
3,2021-05-11,59961,8442999,32909,4435381,25007,3730154,2045,277464,15167,1164378,0.143237,44595,3809916,0.468679,17643,4974294,0.611916,8129050
3,2021-05-12,59655,8502654,33841,4469222,23652,3753806,2162,279626,15705,1138771,0.140087,43742,3853658,0.47406,18135,4992429,0.614147,8129050
3,2021-05-13,67974,8570628,42590,4511812,23603,3777409,1781,281407,24667,1122713,0.138111,43077,3896735,0.479359,27019,5019448,0.61747,8129050
3,2021-05-14,77916,8648544,49281,4561093,26540,3803949,2095,283502,30767,1109258,0.136456,46904,3943639,0.485129,33449,5052897,0.621585,8129050
3,2021-05-15,60540,8709084,41695,4602788,17658,3821607,1187,284689,25083,1100449,0.135372,35288,3978927,0.48947,26479,5079376,0.624843,8129050
3,2021-05-16,31336,8740420,23443,4626231,7212,3828819,681,285370,12623,1095205,0.134727,18622,3997549,0.491761,13378,5092754,0.626488,8129050
3,2021-05-17,56029,8796449,35775,4662006,18460,3847279,1794,287164,22052,1085532,0.133537,33737,4031286,0.495911,24064,5116818,0.629448,8129050
3,2021-05-18,63163,8859612,37480,4699486,23857,3871136,1826,288990,25092,1075000,0.132242,37828,4069114,0.500565,27296,5144114,0.632806,8129050
3,2021-05-19,62333,8921945,38121,4737607,22528,3893664,1684,290674,25713,1066259,0.131166,36396,4105510,0.505042,27655,5171769,0.636208,8129050
3,2021-05-20,51106,8973051,30077,4767684,19432,3913096,1597,292271,19395,1056038,0.129909,31491,4137001,0.508916,21270,5193039,0.638825,8129050
3,2021-05-21,54806,9027857,33491,4801175,19500,3932596,1815,294086,20220,1043943,0.128421,34355,4171356,0.513142,22260,5215299,0.641563,8129050
3,2021-05-22,36466,9064323,24518,4825693,10684,3943280,1264,295350,15860,1040772,0.128031,20467,4191823,0.51566,17296,5232595,0.643691,8129050
3,2021-05-23,14410,9078733,10815,4836508,3091,3946371,504,295854,6676,1040327,0.127976,7679,4199502,0.516604,7234,5239829,0.644581,8129050
3,2021-05-24,37975,9116708,22058,4858566,14226,3960597,1691,297545,14620,1033628,0.127152,23200,4222702,0.519458,16501,5256330,0.646611,8129050
3,2021-05-25,41601,9158309,23433,4881999,16549,3977146,1619,299164,15407,1024890,0.126077,25979,4248681,0.522654,17241,5273571,0.648732,8129050
3,2021-05-26,40405,9198714,22851,4904850,15908,3993054,1646,300810,15622,1017746,0.125199,24536,4273217,0.525672,17392,5290963,0.650871,8129050
3,2021-05-27,38005,9236719,21261,4926111,15095,4008149,1649,302459,15427,1012604,0.124566,22439,4295656,0.528433,17297,5308260,0.652999,8129050
3,2021-05-28,40825,9277544,23094,4949205,16103,4024252,1628,304087,17125,1008101,0.124012,23547,4319203,0.531329,19044,5327304,0.655342,8129050
3,2021-05-29,22305,9299849,13652,4962857,7861,4032113,792,304879,10645,1008101,0.124012,11554,4330757,0.532751,11554,5338858,0.656763,8129050
3,2021-05-30,10145,9309994,6647,4969504,2915,4035028,583,305462,4398,1007437,0.12393,5690,4336447,0.533451,5026,5343884,0.657381,8129050
3,2021-05-31,2178,9312172,1090,4970594,922,4035950,166,305628,734,1006924,0.123867,1429,4337876,0.533626,916,5344800,0.657494,8129050
4,2020-12-15,447,447,447,447,0,0,0,0,447,447,5.6e-05,0,0,0.0,447,447,5.6e-05,8037679
4,2020-12-16,2983,3430,2983,3430,0,0,0,0,2983,3430,0.000427,0,0,0.0,2983,3430,0.000427,8037679
4,2020-12-17,8551,11981,8551,11981,0,0,0,0,8551,11981,0.001491,0,0,0.0,8551,11981,0.001491,8037679
4,2020-12-18,15420,27401,15411,27392,9,9,0,0,15420,27401,0.003409,0,0,0.0,15420,27401,0.003409,8037679
4,2020-12-19,10246,37647,10238,37630,8,17,0,0,10181,37582,0.004676,0,0,0.0,10181,37582,0.004676,8037679
4,2020-12-20,7377,45024,7370,45000,7,24,0,0,7332,44914,0.005588,0,0,0.0,7332,44914,0.005588,8037679
4,2020-12-21,16358,61382,16335,61335,23,47,0,0,16292,61206,0.007615,0,0,0.0,16292,61206,0.007615,8037679
4,2020-12-22,17199,78581,16466,77801,733,780,0,0,17155,78361,0.009749,0,0,0.0,17155,78361,0.009749,8037679
4,2020-12-23,17088,95669,14391,92192,2697,3477,0,0,17060,95420,0.011872,1,1,0.0,17060,95421,0.011872,8037679
4,2020-12-24,8588,104257,6002,98194,2586,6063,0,0,8588,104008,0.01294,0,1,0.0,8588,104009,0.01294,8037679
4,2020-12-25,908,105165,803,98997,105,6168,0,0,908,104916,0.013053,0,1,0.0,908,104917,0.013053,8037679
4,2020-12-26,6228,111393,3878,102875,2350,8518,0,0,6228,111144,0.013828,0,1,0.0,6228,111145,0.013828,8037679
4,2020-12-27,3425,114818,1997,104872,1428,9946,0,0,3425,114569,0.014254,0,1,0.0,3425,114570,0.014254,8037679
4,2020-12-28,14979,129797,9256,114128,5723,15669,0,0,14949,129517,0.016114,1,2,0.0,14949,129519,0.016114,8037679
4,2020-12-29,15254,145051,8441,122569,6813,22482,0,0,15221,144738,0.018007,0,2,0.0,15221,144740,0.018008,8037679
4,2020-12-30,18857,163908,11032,133601,7825,30307,0,0,18845,163581,0.020352,2,4,0.0,18845,163585,0.020352,8037679
4,2020-12-31,8199,172107,3321,136922,4878,35185,0,0,8193,171771,0.021371,3,7,1e-06,8193,171778,0.021372,8037679
4,2021-01-01,1314,173421,563,137485,751,35936,0,0,1312,173081,0.021534,2,9,1e-06,1312,173090,0.021535,8037679
4,2021-01-02,5674,179095,3227,140712,2447,38383,0,0,5673,178753,0.022239,1,10,1e-06,5673,178763,0.022241,8037679
4,2021-01-03,2124,181219,1279,141991,845,39228,0,0,2110,180859,0.022501,4,14,2e-06,2110,180873,0.022503,8037679
4,2021-01-04,12968,194187,7084,149075,5884,45112,0,0,12920,193749,0.024105,30,44,5e-06,12920,193793,0.024111,8037679
4,2021-01-05,16804,210991,9995,159070,6809,51921,0,0,14774,206527,0.025695,2007,2051,0.000255,14785,208578,0.02595,8037679
4,2021-01-06,21478,232469,13173,172243,8305,60226,0,0,15615,216344,0.026916,5811,7862,0.000978,15628,224206,0.027894,8037679
4,2021-01-07,27788,260257,16954,189197,10834,71060,0,0,16982,222593,0.027694,10749,18611,0.002315,16998,241204,0.030009,8037679
4,2021-01-08,32654,292911,20948,210145,11706,82766,0,0,18498,227023,0.028245,14087,32698,0.004068,18517,259721,0.032313,8037679
4,2021-01-09,16175,309086,9571,219716,6604,89370,0,0,9427,229736,0.028582,6725,39423,0.004905,9438,269159,0.033487,8037679
4,2021-01-10,8717,317803,5662,225378,3055,92425,0,0,4114,229276,0.028525,4582,44005,0.005475,4122,273281,0.034,8037679
4,2021-01-11,33295,351098,21823,247201,11472,103897,0,0,18787,233636,0.029068,14466,58471,0.007275,18826,292107,0.036342,8037679
4,2021-01-12,38277,389375,22040,269241,16237,120134,0,0,24253,243954,0.030351,13975,72446,0.009013,24293,316400,0.039365,8037679
4,2021-01-13,38467,427842,18938,288179,19529,139663,0,0,27253,260072,0.032357,11160,83606,0.010402,27278,343678,0.042758,8037679
4,2021-01-14,38980,466822,14897,303076,24083,163746,0,0,31929,285027,0.035461,7003,90609,0.011273,31958,375636,0.046734,8037679
4,2021-01-15,45117,511939,15611,318687,29506,193252,0,0,39604,319195,0.039712,5456,96065,0.011952,39624,415260,0.051664,8037679
4,2021-01-16,28538,540477,9332,328019,19206,212458,0,0,25429,341568,0.042496,3072,99137,0.012334,25445,440705,0.05483,8037679
4,2021-01-17,18966,559443,6656,334675,12310,224768,0,0,17455,357552,0.044484,1486,100623,0.012519,17470,458175,0.057003,8037679
4,2021-01-18,29383,588826,13608,348283,15775,240543,0,0,23416,375122,0.04667,5872,106495,0.013249,23442,481617,0.05992,8037679
4,2021-01-19,45975,634801,23118,371401,22857,263400,0,0,36660,402595,0.050088,9260,115755,0.014402,36733,518350,0.06449,8037679
4,2021-01-20,51635,686436,27367,398768,24268,287668,0,0,41252,433615,0.053948,10286,126041,0.015681,41306,559656,0.069629,8037679
4,2021-01-21,56323,742759,24882,423650,31441,319109,0,0,49936,477267,0.059379,6326,132367,0.016468,49978,609634,0.075847,8037679
4,2021-01-22,54880,797639,22050,445700,32830,351939,0,0,49796,522102,0.064957,4989,137356,0.017089,49824,659458,0.082046,8037679
4,2021-01-23,39395,837034,17394,463094,22001,373940,0,0,35098,552940,0.068793,4288,141644,0.017623,35126,694584,0.086416,8037679
4,2021-01-24,23913,860947,10494,473588,13419,387359,0,0,22043,573136,0.071306,1863,143507,0.017854,22059,716643,0.08916,8037679
4,2021-01-25,47805,908752,22069,495657,25736,413095,0,0,36745,598906,0.074512,11029,154536,0.019226,36799,753442,0.093739,8037679
4,2021-01-26,56351,965103,28763,524420,27588,440683,0,0,44222,631111,0.078519,12075,166611,0.020729,44280,797722,0.099248,8037679
4,2021-01-27,55727,1020830,26580,551000,29147,469830,0,0,44876,665260,0.082768,10779,177390,0.02207,44928,842650,0.104837,8037679
4,2021-01-28,56179,1077009,25383,576383,30796,500626,0,0,46308,701826,0.087317,9783,187173,0.023287,46349,888999,0.110604,8037679
4,2021-01-29,56154,1133163,27022,603405,29132,529758,0,0,45889,737620,0.09177,10125,197298,0.024547,45919,934918,0.116317,8037679
4,2021-01-30,37545,1170708,17114,620519,20431,550189,0,0,32253,764650,0.095133,5247,202545,0.025199,32277,967195,0.120333,8037679
4,2021-01-31,23785,1194493,12492,633011,11293,561482,0,0,22190,785278,0.0977,1578,204123,0.025396,22206,989401,0.123095,8037679
4,2021-02-01,49666,1244159,24117,657128,25549,587031,0,0,38091,811871,0.101008,11536,215659,0.026831,38129,1027530,0.127839,8037679
4,2021-02-02,54899,1299058,25332,682460,29567,616598,0,0,42196,841468,0.10469,12641,228300,0.028404,42238,1069768,0.133094,8037679
4,2021-02-03,61752,1360810,30334,712794,31418,648016,0,0,47573,875028,0.108866,14068,242368,0.030154,47628,1117396,0.13902,8037679
4,2021-02-04,67279,1428089,31350,744144,35929,683945,0,0,50653,909310,0.113131,16477,258845,0.032204,50759,1168155,0.145335,8037679
4,2021-02-05,72749,1500838,33712,777856,39037,722982,0,0,50804,938543,0.116768,21703,280548,0.034904,50936,1219091,0.151672,8037679
4,2021-02-06,48078,1548916,26052,803908,22026,745008,0,0,36651,963999,0.119935,11395,291943,0.036322,36851,1255942,0.156257,8037679
4,2021-02-07,26337,1575253,17388,821296,8949,753957,0,0,19951,977826,0.121655,6360,298303,0.037113,20187,1276129,0.158768,8037679
4,2021-02-08,58210,1633463,29918,851214,28292,782249,0,0,37910,995820,0.123894,20175,318478,0.039623,38169,1314298,0.163517,8037679
4,2021-02-09,66933,1700396,34106,885320,32827,815076,0,0,39312,1007980,0.125407,27553,346031,0.043051,39713,1354011,0.168458,8037679
4,2021-02-10,76900,1777296,38463,923783,38437,853513,0,0,40876,1013602,0.126106,35795,381826,0.047505,41417,1395428,0.173611,8037679
4,2021-02-11,80731,1858027,42115,965898,38616,892129,0,0,41766,1017281,0.126564,38749,420575,0.052325,42428,1437856,0.178889,8037679
4,2021-02-12,83877,1941904,37582,1003480,46295,938424,0,0,43281,1020935,0.127019,40413,460988,0.057353,44067,1481923,0.184372,8037679
4,2021-02-13,58414,2000318,29630,1033110,28784,967208,0,0,29829,1023197,0.1273,28464,489452,0.060895,30726,1512649,0.188195,8037679
4,2021-02-14,36591,2036909,18977,1052087,17614,984822,0,0,18831,1024973,0.127521,17711,507163,0.063098,19487,1532136,0.190619,8037679
4,2021-02-15,45916,2082825,21503,1073590,24413,1009235,0,0,23663,1027623,0.127851,22187,529350,0.065859,24837,1556973,0.193709,8037679
4,2021-02-16,79572,2162397,36419,1110009,43153,1052388,0,0,40642,1030647,0.128227,38834,568184,0.07069,41858,1598831,0.198917,8037679
4,2021-02-17,80962,2243359,38181,1148190,42781,1095169,0,0,38686,1028342,0.12794,42119,610303,0.07593,39814,1638645,0.20387,8037679
4,2021-02-18,82708,2326067,45508,1193698,37200,1132369,0,0,38325,1023908,0.127389,44234,654537,0.081434,39800,1678445,0.208822,8037679
4,2021-02-19,81745,2407812,51422,1245120,30323,1162692,0,0,41039,1025066,0.127533,40571,695108,0.086481,41729,1720174,0.214014,8037679
4,2021-02-20,48284,2456096,32242,1277362,16042,1178734,0,0,26439,1030399,0.128196,21793,716901,0.089193,27126,1747300,0.217389,8037679
4,2021-02-21,28804,2484900,23182,1300544,5622,1184356,0,0,13915,1029772,0.128118,14829,731730,0.091037,14202,1761502,0.219156,8037679
4,2021-02-22,52395,2537295,36093,1336637,16302,1200658,0,0,25503,1028917,0.128012,26805,758535,0.094372,25950,1787452,0.222384,8037679
4,2021-02-23,73185,2610480,40616,1377253,32569,1233227,0,0,32399,1022317,0.127191,40664,799199,0.099432,34064,1821516,0.226622,8037679
4,2021-02-24,88015,2698495,46411,1423664,41604,1274831,0,0,39864,1016381,0.126452,47950,847149,0.105397,42014,1863530,0.231849,8037679
4,2021-02-25,98256,2796751,51161,1474825,47095,1321926,0,0,47017,1014858,0.126263,51089,898238,0.111753,49566,1913096,0.238016,8037679
4,2021-02-26,104232,2900983,52552,1527377,51680,1373606,0,0,53630,1020444,0.126958,50384,948622,0.118022,55970,1969066,0.244979,8037679
4,2021-02-27,75947,2976930,41314,1568691,34627,1408233,6,6,40768,1027646,0.127854,35048,983670,0.122382,42250,2011316,0.250236,8037679
4,2021-02-28,45083,3022013,27954,1596645,17127,1425360,2,8,25112,1033799,0.128619,19839,1003509,0.124851,25992,2037308,0.25347,8037679
4,2021-03-01,75522,3097535,44329,1640974,31171,1456531,22,30,41792,1043290,0.1298,33506,1037015,0.129019,42997,2080305,0.258819,8037679
4,2021-03-02,84636,3182171,48740,1689714,35891,1492422,5,35,50304,1061202,0.132028,34182,1071197,0.133272,52094,2132399,0.2653,8037679
4,2021-03-03,99103,3281274,52594,1742308,46496,1538918,13,48,55282,1074641,0.1337,43626,1114823,0.1387,57065,2189464,0.2724,8037679
4,2021-03-04,96345,3377619,53565,1795873,42764,1581682,16,64,53050,1086373,0.13516,43103,1157926,0.144062,54835,2244299,0.279222,8037679
4,2021-03-05,94004,3471623,50810,1846683,42881,1624563,313,377,55888,1106577,0.137674,37924,1195850,0.148781,58128,2302427,0.286454,8037679
4,2021-03-06,75915,3547538,42841,1889524,30470,1655033,2604,2981,46723,1128162,0.140359,29085,1224935,0.152399,50670,2353097,0.292758,8037679
4,2021-03-07,42419,3589957,27157,1916681,14095,1669128,1167,4148,25474,1139006,0.141708,16886,1241821,0.1545,27730,2380827,0.296208,8037679
4,2021-03-08,66047,3656004,34605,1951286,28270,1697398,3172,7320,43701,1164977,0.144939,22245,1264066,0.157268,48216,2429043,0.302207,8037679
4,2021-03-09,80860,3736864,41070,1992356,34675,1732073,5115,12435,43783,1178076,0.146569,36927,1300993,0.161862,50026,2479069,0.308431,8037679
4,2021-03-10,90597,3827461,46812,2039168,36358,1768431,7427,19862,45898,1187827,0.147782,44546,1345539,0.167404,54297,2533366,0.315186,8037679
4,2021-03-11,100189,3927650,52668,2091836,39152,1807583,8369,28231,46465,1190273,0.148087,53521,1399060,0.174063,55967,2589333,0.322149,8037679
4,2021-03-12,104187,4031837,51467,2143303,42467,1850050,10253,38484,44771,1187084,0.14769,59198,1458258,0.181428,56009,2645342,0.329118,8037679
4,2021-03-13,80771,4112608,37657,2180960,34730,1884780,8384,46868,38134,1192269,0.148335,42520,1500778,0.186718,47705,2693047,0.335053,8037679
4,2021-03-14,49465,4162073,28302,2209262,17545,1902325,3618,50486,23360,1193862,0.148533,26024,1526802,0.189956,27617,2720664,0.338489,8037679
4,2021-03-15,83512,4245585,44862,2254124,34426,1936751,4224,54710,42976,1201570,0.149492,40334,1567136,0.194974,48042,2768706,0.344466,8037679
4,2021-03-16,107184,4352769,55750,2309874,48051,1984802,3383,58093,57091,1212869,0.150898,49882,1617018,0.20118,61181,2829887,0.352078,8037679
4,2021-03-17,105781,4458550,56921,2366795,45431,2030233,3429,61522,62270,1235854,0.153758,43285,1660303,0.206565,66270,2896157,0.360323,8037679
4,2021-03-18,105984,4564534,58751,2425546,43592,2073825,3641,65163,60736,1255669,0.156223,45002,1705305,0.212164,64817,2960974,0.368387,8037679
4,2021-03-19,110427,4674961,63477,2489023,41794,2115619,5156,70319,63723,1278482,0.159061,46480,1751785,0.217947,69293,3030267,0.377008,8037679
4,2021-03-20,83092,4758053,48730,2537753,31379,2146998,2983,73302,51422,1301650,0.161944,31551,1783336,0.221872,54719,3084986,0.383816,8037679
4,2021-03-21,47798,4805851,34664,2572417,10872,2157870,2262,75564,29039,1314644,0.16356,18660,1801996,0.224194,31654,3116640,0.387754,8037679
4,2021-03-22,81583,4887434,53405,2625822,25470,2183340,2708,78272,51520,1339721,0.16668,29868,1831864,0.22791,54945,3171585,0.39459,8037679
4,2021-03-23,103789,4991223,62038,2687860,39610,2222950,2141,80413,62108,1363075,0.169586,41434,1873298,0.233065,64788,3236373,0.40265,8037679
4,2021-03-24,112880,5104103,72966,2760826,37537,2260487,2377,82790,64168,1381774,0.171912,48310,1921608,0.239075,67009,3303382,0.410987,8037679
4,2021-03-25,116321,5220424,71712,2832538,42246,2302733,2363,85153,67085,1402895,0.17454,48808,1970416,0.245147,69929,3373311,0.419687,8037679
4,2021-03-26,119062,5339486,72390,2904928,43646,2346379,3026,88179,65641,1419067,0.176552,53109,2023525,0.251755,69281,3442592,0.428307,8037679
4,2021-03-27,91013,5430499,53984,2958912,35244,2381623,1785,89964,46485,1423499,0.177103,44323,2067848,0.257269,48755,3491347,0.434373,8037679
4,2021-03-28,55444,5485943,36643,2995555,17934,2399557,867,90831,30038,1429453,0.177844,25271,2093119,0.260413,31225,3522572,0.438257,8037679
4,2021-03-29,92992,5578935,55913,3051468,35006,2434563,2073,92904,50910,1441116,0.179295,41877,2134996,0.265623,53540,3576112,0.444918,8037679
4,2021-03-30,116650,5695585,63727,3115195,48783,2483346,4140,97044,69421,1468097,0.182652,47032,2182028,0.271475,74013,3650125,0.454127,8037679
4,2021-03-31,120432,5816017,71248,3186443,42893,2526239,6291,103335,67993,1490474,0.185436,52145,2234173,0.277962,74522,3724647,0.463398,8037679
4,2021-04-01,141673,5957690,81014,3267457,47498,2573737,13161,116496,83784,1530141,0.190371,57545,2291718,0.285122,97212,3821859,0.475493,8037679
4,2021-04-02,135904,6093594,72796,3340253,49614,2623351,13494,129990,78770,1565929,0.194824,56878,2348596,0.292198,92666,3914525,0.487022,8037679
4,2021-04-03,100854,6194448,53905,3394158,33599,2656950,13350,143340,52711,1584305,0.19711,47972,2396568,0.298167,66348,3980873,0.495276,8037679
4,2021-04-04,46723,6241171,24667,3418825,14561,2671511,7495,150835,20473,1586163,0.197341,26162,2422730,0.301422,28020,4008893,0.498763,8037679
4,2021-04-05,108808,6349979,61329,3480154,34765,2706276,12714,163549,56956,1604767,0.199656,51672,2474402,0.30785,70276,4079169,0.507506,8037679
4,2021-04-06,138063,6488042,77838,3557992,40573,2746849,19652,183201,71912,1631100,0.202932,65949,2540351,0.316055,92282,4171451,0.518987,8037679
4,2021-04-07,136628,6624670,77592,3635584,38441,2785290,20595,203796,70943,1657566,0.206224,65471,2605822,0.324201,91937,4263388,0.530425,8037679
4,2021-04-08,138995,6763665,77699,3713283,36042,2821332,25254,229050,69254,1683354,0.209433,69499,2675321,0.332847,95287,4358675,0.54228,8037679
4,2021-04-09,136637,6900302,75048,3788331,38819,2860151,22770,251820,65394,1701652,0.211709,71057,2746378,0.341688,89355,4448030,0.553397,8037679
4,2021-04-10,102572,7002874,50801,3839132,33067,2893218,18704,270524,46171,1711483,0.212932,56220,2802598,0.348682,66051,4514081,0.561615,8037679
4,2021-04-11,61940,7064814,37761,3876893,13066,2906284,11113,281637,27138,1716149,0.213513,34719,2837317,0.353002,39385,4553466,0.566515,8037679
4,2021-04-12,101661,7166475,61801,3938694,29839,2936123,10021,291658,51303,1728588,0.215061,50104,2887421,0.359236,62543,4616009,0.574296,8037679
4,2021-04-13,128953,7295428,80899,4019593,47899,2984022,155,291813,77364,1755613,0.218423,51343,2938764,0.365623,78368,4694377,0.584046,8037679
4,2021-04-14,133892,7429320,85310,4104903,48507,3032529,75,291888,74522,1772308,0.2205,59101,2997865,0.372976,75796,4770173,0.593476,8037679
4,2021-04-15,154289,7583609,102802,4207705,51452,3083981,35,291923,95170,1809438,0.225119,58814,3056679,0.380294,95944,4866117,0.605413,8037679
4,2021-04-16,141688,7725297,89984,4297689,51629,3135610,75,291998,82829,1834407,0.228226,58636,3115315,0.387589,83605,4949722,0.615815,8037679
4,2021-04-17,99753,7825050,62977,4360666,36768,3172378,8,292006,58594,1853191,0.230563,40939,3156254,0.392682,59723,5009445,0.623245,8037679
4,2021-04-18,53873,7878923,36018,4396684,17852,3190230,3,292009,30675,1861708,0.231623,23101,3179355,0.395556,31618,5041063,0.627179,8037679
4,2021-04-19,100049,7978972,66122,4462806,33914,3224144,13,292022,51289,1865030,0.232036,48562,3227917,0.401598,51884,5092947,0.633634,8037679
4,2021-04-20,127037,8106009,74580,4537386,52447,3276591,10,292032,66730,1872752,0.232997,60057,3287974,0.40907,67779,5160726,0.642067,8037679
4,2021-04-21,126999,8233008,81524,4618910,45424,3322015,51,292083,64186,1875451,0.233332,62537,3350511,0.416851,65236,5225962,0.650183,8037679
4,2021-04-22,136867,8369875,90181,4709091,46665,3368680,21,292104,61386,1862762,0.231754,75181,3425692,0.426204,62492,5288454,0.657958,8037679
4,2021-04-23,130226,8500101,84143,4793234,46061,3414741,22,292126,56587,1847145,0.229811,73354,3499046,0.43533,57737,5346191,0.665141,8037679
4,2021-04-24,97071,8597172,65922,4859156,31097,3445838,52,292178,44689,1840788,0.22902,52137,3551183,0.441817,45780,5391971,0.670837,8037679
4,2021-04-25,49321,8646493,35063,4894219,14234,3460072,24,292202,26065,1844163,0.22944,23139,3574322,0.444696,26514,5418485,0.674136,8037679
4,2021-04-26,83483,8729976,55237,4949456,27869,3487941,377,292579,32958,1828474,0.227488,50290,3624612,0.450953,34601,5453086,0.67844,8037679
4,2021-04-27,105745,8835721,65061,5014517,38880,3526821,1804,294383,38349,1802223,0.224222,67135,3691747,0.459305,40884,5493970,0.683527,8037679
4,2021-04-28,99456,8935177,64571,5079088,32401,3559222,2484,296867,35664,1777432,0.221137,63558,3755305,0.467213,38767,5532737,0.68835,8037679
4,2021-04-29,100727,9035904,63752,5142840,34475,3593697,2500,299367,31575,1743190,0.216877,68884,3824189,0.475783,34642,5567379,0.69266,8037679
4,2021-04-30,101444,9137348,63785,5206625,35008,3628705,2651,302018,34550,1714424,0.213298,66580,3890769,0.484066,37814,5605193,0.697365,8037679
4,2021-05-01,68305,9205653,45537,5252162,21023,3649728,1745,303763,19867,1688397,0.21006,48262,3939031,0.490071,22235,5627428,0.700131,8037679
4,2021-05-02,37160,9242813,26329,5278491,9560,3659288,1271,305034,10509,1673758,0.208239,26556,3965587,0.493375,11917,5639345,0.701614,8037679
4,2021-05-03,77599,9320412,54272,5332763,20880,3680168,2447,307481,19090,1637329,0.203707,58302,4023889,0.500628,21873,5661218,0.704335,8037679
4,2021-05-04,98018,9418430,66551,5399314,28733,3708901,2734,310215,22265,1587175,0.197467,75513,4099402,0.510023,25359,5686577,0.70749,8037679
4,2021-05-05,98785,9517215,69326,5468640,26753,3735654,2706,312921,21555,1534762,0.190946,76952,4176354,0.519597,24539,5711116,0.710543,8037679
4,2021-05-06,108877,9626092,81465,5550105,24505,3760159,2907,315828,19414,1469134,0.182781,89063,4265417,0.530678,23435,5734551,0.713459,8037679
4,2021-05-07,102493,9728585,73570,5623675,26255,3786414,2668,318496,20293,1410609,0.1755,81885,4347302,0.540865,23360,5757911,0.716365,8037679
4,2021-05-08,65943,9794528,45125,5668800,18956,3805370,1862,320358,13145,1373350,0.170864,52606,4399908,0.54741,15347,5773258,0.718274,8037679
4,2021-05-09,33218,9827746,27090,5695890,5192,3810562,936,321294,7848,1356954,0.168824,25268,4425176,0.550554,8872,5782130,0.719378,8037679
4,2021-05-10,62564,9890310,41538,5737428,18754,3829316,2272,323566,10817,1318767,0.164073,51573,4476749,0.55697,13386,5795516,0.721043,8037679
4,2021-05-11,76875,9967185,46923,5784351,27934,3857250,2018,325584,14955,1274445,0.158559,61715,4538464,0.564649,17393,5812909,0.723207,8037679
4,2021-05-12,72988,10040173,47882,5832233,22854,3880104,2252,327836,16026,1236296,0.153813,56738,4595202,0.571708,18589,5831498,0.72552,8037679
4,2021-05-13,95451,10135624,70095,5902328,23935,3904039,1421,329257,36682,1216843,0.151392,58493,4653695,0.578985,39040,5870538,0.730377,8037679
4,2021-05-14,101709,10237333,71656,5973984,27955,3931994,2098,331355,39880,1197769,0.149019,61562,4715257,0.586644,42488,5913026,0.735663,8037679
4,2021-05-15,83242,10320575,64342,6038326,17601,3949595,1299,332654,36756,1189807,0.148029,46292,4761549,0.592403,38330,5951356,0.740432,8037679
4,2021-05-16,48346,10368921,39126,6077452,8532,3958127,688,333342,19834,1182070,0.147066,28387,4789936,0.595935,20650,5972006,0.743001,8037679
4,2021-05-17,69506,10438427,50719,6128171,16963,3975090,1824,335166,28848,1172488,0.145874,40481,4830417,0.600972,30899,6002905,0.746846,8037679
4,2021-05-18,80072,10518499,52102,6180273,26228,4001318,1742,336908,30099,1155049,0.143704,49633,4880050,0.607147,32194,6035099,0.750851,8037679
4,2021-05-19,74863,10593362,50542,6230815,22418,4023736,1903,338811,32128,1146852,0.142684,42499,4922549,0.612434,34302,6069401,0.755119,8037679
4,2021-05-20,57175,10650537,36932,6267747,18563,4042299,1680,340491,22489,1136776,0.141431,34481,4957030,0.616724,24405,6093806,0.758155,8037679
4,2021-05-21,61974,10712511,41427,6309174,18979,4061278,1568,342059,22339,1121460,0.139525,39411,4996441,0.621627,24095,6117901,0.761153,8037679
4,2021-05-22,40322,10752833,28908,6338082,10344,4071622,1070,343129,17866,1118198,0.13912,22338,5018779,0.624406,19076,6136977,0.763526,8037679
4,2021-05-23,15983,10768816,12247,6350329,3218,4074840,518,343647,6760,1116383,0.138894,9150,5027929,0.625545,7335,6144312,0.764439,8037679
4,2021-05-24,41068,10809884,25778,6376107,12341,4087181,2949,346596,15097,1108823,0.137953,25801,5053730,0.628755,18241,6162553,0.766708,8037679
4,2021-05-25,43614,10853498,27020,6403127,13861,4101042,2733,349329,16307,1100976,0.136977,27115,5080845,0.632128,19268,6181821,0.769105,8037679
4,2021-05-26,43012,10896510,25691,6428818,14789,4115831,2532,351861,15958,1092742,0.135952,26884,5107729,0.635473,18650,6200471,0.771426,8037679
4,2021-05-27,37735,10934245,22614,6451432,12034,4127865,3087,354948,14930,1088279,0.135397,22641,5130370,0.63829,18178,6218649,0.773687,8037679
4,2021-05-28,41731,10975976,26588,6478020,13640,4141505,1503,356451,18459,1085365,0.135035,23087,5153457,0.641162,20173,6238822,0.776197,8037679
4,2021-05-29,22660,10998636,14702,6492722,7062,4148567,896,357347,10791,1085404,0.135039,11765,5165222,0.642626,11804,6250626,0.777666,8037679
4,2021-05-30,11562,11010198,8186,6500908,2867,4151434,509,357856,4959,1084385,0.134913,6552,5171774,0.643441,5533,6256159,0.778354,8037679
4,2021-05-31,1638,11011836,962,6501870,546,4151980,130,357986,585,1084071,0.134874,1038,5172812,0.64357,724,6256883,0.778444,8037679
