vemquartile,administered_date,total_doses,cumulative_total_doses,pfizer_doses,cumulative_pfizer_doses,moderna_doses,cumulative_moderna_doses,jj_doses,cumulative_jj_doses,partially_vaccinated,total_partially_vaccinated,pct_age16pop_partially_vaccinated,fully_vaccinated,cumulative_fully_vaccinated,pct_age16pop_fully_vaccinated,at_least_one_dose,cumulative_at_least_one_dose,pct_age16pop_at_least_one_dose,age16_population
1,2020-12-15,148,148,148,148,0,0,0,0,148,148,1.8e-05,0,0,0.0,148,148,1.8e-05,8051741
1,2020-12-16,1154,1302,1154,1302,0,0,0,0,1154,1302,0.000162,0,0,0.0,1154,1302,0.000162,8051741
1,2020-12-17,4108,5410,4108,5410,0,0,0,0,4109,5411,0.000672,0,0,0.0,4109,5411,0.000672,8051741
1,2020-12-18,6245,11655,6224,11634,21,21,0,0,6247,11658,0.001448,0,0,0.0,6247,11658,0.001448,8051741
1,2020-12-19,2865,14520,2864,14498,1,22,0,0,2863,14520,0.001803,1,1,0.0,2863,14521,0.001803,8051741
1,2020-12-20,2102,16622,2097,16595,5,27,0,0,2103,16623,0.002065,0,1,0.0,2103,16624,0.002065,8051741
1,2020-12-21,7599,24221,7588,24183,11,38,0,0,7650,24273,0.003015,0,1,0.0,7650,24274,0.003015,8051741
1,2020-12-22,7270,31491,6931,31114,339,377,0,0,7273,31545,0.003918,1,2,0.0,7273,31547,0.003918,8051741
1,2020-12-23,7775,39266,6557,37671,1218,1595,0,0,7770,39315,0.004883,0,2,0.0,7770,39317,0.004883,8051741
1,2020-12-24,3293,42559,2358,40029,935,2530,0,0,3295,42610,0.005292,0,2,0.0,3295,42612,0.005292,8051741
1,2020-12-25,232,42791,149,40178,83,2613,0,0,232,42842,0.005321,0,2,0.0,232,42844,0.005321,8051741
1,2020-12-26,1355,44146,966,41144,389,3002,0,0,1354,44195,0.005489,1,3,0.0,1354,44198,0.005489,8051741
1,2020-12-27,853,44999,527,41671,326,3328,0,0,853,45048,0.005595,0,3,0.0,853,45051,0.005595,8051741
1,2020-12-28,7002,52001,4742,46413,2260,5588,0,0,7001,52049,0.006464,0,3,0.0,7001,52052,0.006465,8051741
1,2020-12-29,8826,60827,4973,51386,3853,9441,0,0,8823,60871,0.00756,1,4,0.0,8823,60875,0.00756,8051741
1,2020-12-30,11581,72408,6471,57857,5110,14551,0,0,11581,72452,0.008998,0,4,0.0,11581,72456,0.008999,8051741
1,2020-12-31,5923,78331,1951,59808,3972,18523,0,0,5922,78373,0.009734,1,5,1e-06,5922,78378,0.009734,8051741
1,2021-01-01,530,78861,179,59987,351,18874,0,0,530,78903,0.009799,0,5,1e-06,530,78908,0.0098,8051741
1,2021-01-02,2881,81742,1745,61732,1136,20010,0,0,2883,81786,0.010158,0,5,1e-06,2883,81791,0.010158,8051741
1,2021-01-03,1016,82758,542,62274,474,20484,0,0,1014,82799,0.010283,1,6,1e-06,1014,82805,0.010284,8051741
1,2021-01-04,7307,90065,3563,65837,3744,24228,0,0,7312,90110,0.011191,1,7,1e-06,7312,90117,0.011192,8051741
1,2021-01-05,10715,100780,5160,70997,5555,29783,0,0,9972,99373,0.012342,730,737,9.2e-05,9993,100110,0.012433,8051741
1,2021-01-06,13938,114718,7020,78017,6918,36701,0,0,12072,109623,0.013615,1828,2565,0.000319,12078,112188,0.013933,8051741
1,2021-01-07,17351,132069,9070,87087,8281,44982,0,0,12930,118237,0.014685,4323,6888,0.000855,12937,125125,0.01554,8051741
1,2021-01-08,20024,152093,10386,97473,9638,54620,0,0,14177,126588,0.015722,5831,12719,0.00158,14182,139307,0.017301,8051741
1,2021-01-09,6620,158713,3353,100826,3267,57887,0,0,4787,129561,0.016091,1818,14537,0.001805,4791,144098,0.017897,8051741
1,2021-01-10,3054,161767,1737,102563,1317,59204,0,0,1867,130258,0.016178,1171,15708,0.001951,1868,145966,0.018129,8051741
1,2021-01-11,17990,179757,11781,114344,6209,65413,0,0,11482,135295,0.016803,6482,22190,0.002756,11519,157485,0.019559,8051741
1,2021-01-12,18782,198539,10624,124968,8158,73571,0,0,12828,142243,0.017666,5913,28103,0.00349,12861,170346,0.021156,8051741
1,2021-01-13,19619,218158,10562,135530,9057,82628,0,0,14493,151646,0.018834,5103,33206,0.004124,14506,184852,0.022958,8051741
1,2021-01-14,21917,240075,9462,144992,12455,95083,0,0,19187,168201,0.02089,2671,35877,0.004456,19226,204078,0.025346,8051741
1,2021-01-15,25097,265172,9290,154282,15807,110890,0,0,23181,189560,0.023543,1866,37743,0.004688,23225,227303,0.02823,8051741
1,2021-01-16,13844,279016,4540,158822,9304,120194,0,0,13004,201728,0.025054,838,38581,0.004792,13006,240309,0.029846,8051741
1,2021-01-17,5167,284183,1987,160809,3180,123374,0,0,4801,206172,0.025606,362,38943,0.004837,4806,245115,0.030442,8051741
1,2021-01-18,14171,298354,8523,169332,5648,129022,0,0,11035,214125,0.026594,3124,42067,0.005225,11077,256192,0.031818,8051741
1,2021-01-19,24529,322883,12782,182114,11747,140769,0,0,19404,228468,0.028375,5110,47177,0.005859,19453,275645,0.034234,8051741
1,2021-01-20,28299,351182,13891,196005,14408,155177,0,0,22706,245668,0.030511,5540,52717,0.006547,22740,298385,0.037058,8051741
1,2021-01-21,30547,381729,14212,210217,16335,171512,0,0,27434,270112,0.033547,3059,55776,0.006927,27503,325888,0.040474,8051741
1,2021-01-22,28017,409746,11136,221353,16881,188393,0,0,26059,294280,0.036549,1917,57693,0.007165,26085,351973,0.043714,8051741
1,2021-01-23,18619,428365,8183,229536,10436,198829,0,0,16701,309087,0.038388,1906,59599,0.007402,16713,368686,0.04579,8051741
1,2021-01-24,6647,435012,4153,233689,2494,201323,0,0,5998,314446,0.039053,643,60242,0.007482,6002,374688,0.046535,8051741
1,2021-01-25,24756,459768,10256,243945,14500,215823,0,0,19315,328423,0.040789,5422,65664,0.008155,19399,394087,0.048944,8051741
1,2021-01-26,28280,488048,13304,257249,14976,230799,0,0,21802,343805,0.042699,6436,72100,0.008955,21818,415905,0.051654,8051741
1,2021-01-27,31447,519495,15329,272578,16118,246917,0,0,23597,359639,0.044666,7787,79887,0.009922,23621,439526,0.054588,8051741
1,2021-01-28,34287,553782,16025,288603,18262,265179,0,0,27592,380637,0.047274,6640,86527,0.010746,27638,467164,0.05802,8051741
1,2021-01-29,33207,586989,16311,304914,16896,282075,0,0,26790,401166,0.049824,6293,92820,0.011528,26822,493986,0.061351,8051741
1,2021-01-30,19960,606949,8621,313535,11339,293414,0,0,17976,417188,0.051813,1961,94781,0.011771,17983,511969,0.063585,8051741
1,2021-01-31,7591,614540,4991,318526,2600,296014,0,0,6856,423313,0.052574,733,95514,0.011863,6858,518827,0.064437,8051741
1,2021-02-01,28097,642637,12130,330656,15967,311981,0,0,20730,436724,0.05424,7325,102839,0.012772,20736,539563,0.067012,8051741
1,2021-02-02,31804,674441,11469,342125,20335,332316,0,0,23934,452880,0.056246,7810,110649,0.013742,23966,563529,0.069988,8051741
1,2021-02-03,38889,713330,14858,356983,24031,356347,0,0,28181,470519,0.058437,10570,121219,0.015055,28209,591738,0.073492,8051741
1,2021-02-04,43585,756915,17064,374047,26521,382868,0,0,31640,490364,0.060902,11840,133059,0.016525,31685,623423,0.077427,8051741
1,2021-02-05,46606,803521,17326,391373,29280,412148,0,0,30687,505288,0.062755,15807,148866,0.018489,30731,654154,0.081244,8051741
1,2021-02-06,26433,829954,10452,401825,15981,428129,0,0,20630,520173,0.064604,5759,154625,0.019204,20644,674798,0.083808,8051741
1,2021-02-07,6172,836126,3956,405781,2216,430345,0,0,4602,523241,0.064985,1551,156176,0.019397,4619,679417,0.084381,8051741
1,2021-02-08,30969,867095,14024,419805,16945,447290,0,0,20664,533780,0.066294,10206,166382,0.020664,20745,700162,0.086958,8051741
1,2021-02-09,37852,904947,16570,436375,21282,468572,0,0,23253,542619,0.067392,14484,180866,0.022463,23323,723485,0.089854,8051741
1,2021-02-10,46499,951446,22015,458390,24484,493056,0,0,26806,549945,0.068301,19554,200420,0.024892,26880,750365,0.093193,8051741
1,2021-02-11,50362,1001808,24776,483166,25586,518642,0,0,30662,561206,0.0697,19497,219917,0.027313,30758,781123,0.097013,8051741
1,2021-02-12,49267,1051075,21286,504452,27981,546623,0,0,28397,568989,0.070667,20742,240659,0.029889,28525,809648,0.100556,8051741
1,2021-02-13,26020,1077095,11305,515757,14715,561338,0,0,15103,573320,0.071204,10848,251507,0.031236,15179,824827,0.102441,8051741
1,2021-02-14,11582,1088677,5465,521222,6117,567455,0,0,6607,575046,0.071419,4946,256453,0.031851,6672,831499,0.103269,8051741
1,2021-02-15,23284,1111961,9213,530435,14071,581526,0,0,14179,580333,0.072075,9008,265461,0.032969,14295,845794,0.105045,8051741
1,2021-02-16,46277,1158238,22079,552514,24198,605724,0,0,27398,589020,0.073154,18819,284280,0.035307,27506,873300,0.108461,8051741
1,2021-02-17,47577,1205815,23994,576508,23583,629307,0,0,25915,593508,0.073712,21562,305842,0.037985,26050,899350,0.111696,8051741
1,2021-02-18,49983,1255798,24914,601422,25069,654376,0,0,26126,596173,0.074043,23661,329503,0.040923,26326,925676,0.114966,8051741
1,2021-02-19,45201,1300999,24484,625906,20717,675093,0,0,25646,602418,0.074818,19462,348965,0.04334,25707,951383,0.118159,8051741
1,2021-02-20,26659,1327658,16208,642114,10451,685544,0,0,15320,606512,0.075327,11302,360267,0.044744,15396,966779,0.120071,8051741
1,2021-02-21,9947,1337605,8719,650833,1228,686772,0,0,5938,608525,0.075577,3973,364240,0.045237,5986,972765,0.120814,8051741
1,2021-02-22,29694,1367299,19491,670324,10203,696975,0,0,17511,613992,0.076256,12139,376379,0.046745,17606,990371,0.123001,8051741
1,2021-02-23,41871,1409170,20102,690426,21769,718744,0,0,23299,619185,0.076901,18457,394836,0.049037,23650,1014021,0.125938,8051741
1,2021-02-24,52346,1461516,25315,715741,27031,745775,0,0,29525,626430,0.077801,22727,417563,0.05186,29972,1043993,0.129661,8051741
1,2021-02-25,63687,1525203,30668,746409,33019,778794,0,0,39772,642875,0.079843,23824,441387,0.054819,40269,1084262,0.134662,8051741
1,2021-02-26,71440,1596643,33630,780039,37810,816604,0,0,47419,666885,0.082825,23877,465264,0.057784,47887,1132149,0.140609,8051741
1,2021-02-27,48364,1645007,21630,801669,26729,843333,5,5,31956,682803,0.084802,16305,481569,0.059809,32223,1164372,0.144611,8051741
1,2021-02-28,19003,1664010,11302,812971,7701,851034,0,5,14039,692072,0.085953,4912,486481,0.060419,14181,1178553,0.146372,8051741
1,2021-03-01,43074,1707084,19663,832634,23400,874434,11,16,28095,705522,0.087624,14882,501363,0.062268,28332,1206885,0.149891,8051741
1,2021-03-02,58345,1765429,23936,856570,34404,908838,5,21,37146,722183,0.089693,21097,522460,0.064888,37758,1244643,0.154581,8051741
1,2021-03-03,67696,1833125,31792,888362,35892,944730,12,33,41087,737373,0.091579,26498,548958,0.068179,41688,1286331,0.159758,8051741
1,2021-03-04,75407,1908532,34752,923114,40622,985352,33,66,48300,759248,0.094296,26962,575920,0.071527,48837,1335168,0.165824,8051741
1,2021-03-05,73904,1982436,32837,955951,40866,1026218,201,267,49199,784761,0.097465,24517,600437,0.074572,50030,1385198,0.172037,8051741
1,2021-03-06,56189,2038625,26625,982576,28238,1054456,1326,1593,38206,806732,0.100193,17925,618362,0.076799,39896,1425094,0.176992,8051741
1,2021-03-07,19396,2058021,12234,994810,6372,1060828,790,2383,14524,817451,0.101525,4857,623219,0.077402,15576,1440670,0.178927,8051741
1,2021-03-08,43202,2101223,20460,1015270,20889,1081717,1853,4236,30190,836892,0.103939,12942,636161,0.079009,32383,1473053,0.182948,8051741
1,2021-03-09,59703,2160926,25986,1041256,31255,1112972,2462,6698,35774,851633,0.10577,23835,659996,0.081969,38576,1511629,0.187739,8051741
1,2021-03-10,70322,2231248,34549,1075805,31443,1144415,4330,11028,43426,872987,0.108422,26780,686776,0.085295,48134,1559763,0.193717,8051741
1,2021-03-11,87916,2319164,40158,1115963,39850,1184265,7908,18936,51584,896826,0.111383,36121,722897,0.089781,59960,1619723,0.201164,8051741
1,2021-03-12,94181,2413345,40847,1156810,41056,1225321,12278,31214,54511,924599,0.114832,39505,762402,0.094688,67278,1687001,0.20952,8051741
1,2021-03-13,62872,2476217,28162,1184972,27030,1252351,7680,38894,39932,949712,0.117951,22844,785246,0.097525,47957,1734958,0.215476,8051741
1,2021-03-14,26790,2503007,14265,1199237,9029,1261380,3496,42390,15861,958383,0.119028,10885,796131,0.098877,19556,1754514,0.217905,8051741
1,2021-03-15,63337,2566344,27496,1226733,29260,1290640,6581,48971,37589,977318,0.12138,25594,821725,0.102056,44529,1799043,0.223435,8051741
1,2021-03-16,83577,2649921,37595,1264328,40498,1331138,5484,54455,52697,1005151,0.124836,30722,852447,0.105871,58555,1857598,0.230708,8051741
1,2021-03-17,89957,2739878,43166,1307494,40294,1371432,6497,60952,57999,1038218,0.128943,31822,884269,0.109823,64889,1922487,0.238767,8051741
1,2021-03-18,95358,2835236,48540,1356034,41323,1412755,5495,66447,59148,1067414,0.132569,35912,920181,0.114283,65108,1987595,0.246853,8051741
1,2021-03-19,100225,2935461,51445,1407479,42719,1455474,6061,72508,59989,1093947,0.135865,39995,960176,0.119251,66528,2054123,0.255115,8051741
1,2021-03-20,69787,3005248,35917,1443396,28692,1484166,5178,77686,45910,1121553,0.139293,23742,983918,0.122199,51348,2105471,0.261493,8051741
1,2021-03-21,25799,3031047,17785,1461181,6252,1490418,1762,79448,16756,1131182,0.140489,8977,992895,0.123314,18606,2124077,0.263803,8051741
1,2021-03-22,57598,3088645,29526,1490707,24879,1515297,3193,82641,39468,1156226,0.1436,17972,1010867,0.125546,43016,2167093,0.269146,8051741
1,2021-03-23,80827,3169472,40766,1531473,36551,1551848,3510,86151,52585,1184707,0.147137,28072,1038939,0.129033,56553,2223646,0.27617,8051741
1,2021-03-24,85069,3254541,42766,1574239,38073,1589921,4230,90381,52118,1208480,0.150089,32752,1071691,0.133101,56525,2280171,0.28319,8051741
1,2021-03-25,93585,3348126,47392,1621631,40617,1630538,5576,95957,54446,1229829,0.152741,38897,1110588,0.137931,60246,2340417,0.290672,8051741
1,2021-03-26,100867,3448993,48887,1670518,45845,1676383,6135,102092,56680,1249013,0.155123,43933,1154521,0.143388,63117,2403534,0.298511,8051741
1,2021-03-27,71239,3520232,36830,1707348,30646,1707029,3763,105855,37643,1257207,0.156141,33417,1187938,0.147538,41611,2445145,0.303679,8051741
1,2021-03-28,31228,3551460,20088,1727436,9940,1716969,1200,107055,16641,1260876,0.156597,14502,1202440,0.149339,18171,2463316,0.305936,8051741
1,2021-03-29,64925,3616385,32466,1759902,29682,1746651,2777,109832,37043,1273164,0.158123,27749,1230189,0.152785,40037,2503353,0.310908,8051741
1,2021-03-30,88998,3705383,43627,1803529,39445,1786096,5926,115758,50730,1291787,0.160436,38147,1268336,0.157523,56770,2560123,0.317959,8051741
1,2021-03-31,97015,3802398,50652,1854181,40637,1826733,5726,121484,55555,1311927,0.162937,41230,1309566,0.162644,61370,2621493,0.325581,8051741
1,2021-04-01,107198,3909596,51509,1905690,47726,1874459,7963,129447,55803,1324659,0.164518,51123,1360689,0.168993,63855,2685348,0.333511,8051741
1,2021-04-02,106200,4015796,48551,1954241,48468,1922927,9181,138628,54883,1337991,0.166174,50979,1411668,0.175325,64311,2749659,0.341499,8051741
1,2021-04-03,75219,4091015,37426,1991667,28555,1951482,9238,147866,35692,1343632,0.166875,39387,1451055,0.180216,45028,2794687,0.347091,8051741
1,2021-04-04,23451,4114466,11662,2003329,8358,1959840,3431,151297,10171,1343988,0.166919,13239,1464294,0.181861,13595,2808282,0.348779,8051741
1,2021-04-05,73308,4187774,34976,2038305,29455,1989295,8877,160174,34141,1348181,0.16744,39021,1503315,0.186707,43214,2851496,0.354147,8051741
1,2021-04-06,101398,4289172,47961,2086266,37121,2026416,16316,176490,46707,1356784,0.168508,54494,1557809,0.193475,63097,2914593,0.361983,8051741
1,2021-04-07,107958,4397130,51984,2138250,38833,2065249,17141,193631,49975,1366177,0.169675,57783,1615592,0.200651,67176,2981769,0.370326,8051741
1,2021-04-08,118262,4515392,55537,2193787,42315,2107564,20410,214041,53305,1375339,0.170813,64674,1680266,0.208684,73836,3055605,0.379496,8051741
1,2021-04-09,117888,4633280,53223,2247010,44468,2152032,20197,234238,53183,1384433,0.171942,64420,1744686,0.216684,73514,3129119,0.388626,8051741
1,2021-04-10,93346,4726626,41781,2288791,29260,2181292,22305,256543,37099,1387765,0.172356,56111,1800797,0.223653,59443,3188562,0.396009,8051741
1,2021-04-11,35497,4762123,19803,2308594,9217,2190509,6477,263020,15058,1389028,0.172513,20399,1821196,0.226187,21662,3210224,0.398699,8051741
1,2021-04-12,72177,4834300,32027,2340621,30311,2220820,9839,272859,31072,1389210,0.172535,40901,1862097,0.231266,41083,3251307,0.403802,8051741
1,2021-04-13,94868,4929168,50677,2391298,43862,2264682,329,273188,51488,1398199,0.173652,43171,1905268,0.236628,52160,3303467,0.41028,8051741
1,2021-04-14,100376,5029544,51971,2443269,48341,2313023,64,273252,51491,1401514,0.174063,48604,1953872,0.242665,51919,3355386,0.416728,8051741
1,2021-04-15,101558,5131102,55062,2498331,46412,2359435,84,273336,54559,1409800,0.175093,46531,2000403,0.248444,54817,3410203,0.423536,8051741
1,2021-04-16,104610,5235712,53771,2552102,50753,2410188,86,273422,52678,1411173,0.175263,51568,2051971,0.254848,52941,3463144,0.430111,8051741
1,2021-04-17,79518,5315230,43014,2595116,36497,2446685,7,273429,44887,1421761,0.176578,34468,2086439,0.259129,45056,3508200,0.435707,8051741
1,2021-04-18,28479,5343709,19085,2614201,9388,2456073,6,273435,14772,1423093,0.176744,13643,2100082,0.260823,14975,3523175,0.437567,8051741
1,2021-04-19,64013,5407722,32696,2646897,31307,2487380,10,273445,29256,1418004,0.176111,34480,2134562,0.265106,29391,3552566,0.441217,8051741
1,2021-04-20,83912,5491634,42025,2688922,41869,2529249,18,273463,39905,1414379,0.175661,43744,2178306,0.270539,40119,3592685,0.4462,8051741
1,2021-04-21,90703,5582337,46216,2735138,44397,2573646,90,273553,41226,1406841,0.174725,49060,2227366,0.276632,41522,3634207,0.451357,8051741
1,2021-04-22,92457,5674794,48070,2783208,44368,2618014,19,273572,42858,1400718,0.173965,49210,2276576,0.282743,43087,3677294,0.456708,8051741
1,2021-04-23,96261,5771055,49924,2833132,46312,2664326,25,273597,46532,1398139,0.173644,49352,2325928,0.288873,46773,3724067,0.462517,8051741
1,2021-04-24,72506,5843561,46080,2879212,26415,2690741,11,273608,41481,1409070,0.175002,30819,2356747,0.2927,41750,3765817,0.467702,8051741
1,2021-04-25,26746,5870307,17120,2896332,9617,2700358,9,273617,15418,1413378,0.175537,11248,2367995,0.294097,15556,3781373,0.469634,8051741
1,2021-04-26,57990,5928297,31136,2927468,26501,2726859,353,273970,27312,1410923,0.175232,30450,2398445,0.297879,27995,3809368,0.473111,8051741
1,2021-04-27,73031,6001328,38662,2966130,33252,2760111,1117,275087,31351,1402323,0.174164,41402,2439847,0.303021,32802,3842170,0.477185,8051741
1,2021-04-28,76513,6077841,40695,3006825,34406,2794517,1412,276499,33426,1394561,0.1732,42826,2482673,0.30834,35064,3877234,0.48154,8051741
1,2021-04-29,79458,6157299,43980,3050805,33934,2828451,1544,278043,32213,1381531,0.171582,46950,2529623,0.314171,33920,3911154,0.485753,8051741
1,2021-04-30,85704,6243003,46753,3097558,37195,2865646,1756,279799,35872,1369771,0.170121,49560,2579183,0.320326,37800,3948954,0.490447,8051741
1,2021-05-01,60802,6303805,39564,3137122,19898,2885544,1340,281139,25622,1361947,0.169149,35021,2614204,0.324676,27197,3976151,0.493825,8051741
1,2021-05-02,22403,6326208,15687,3152809,6193,2891737,523,281662,9361,1358914,0.168773,12949,2627153,0.326284,9916,3986067,0.495057,8051741
1,2021-05-03,53017,6379225,29691,3182500,21604,2913341,1722,283384,19058,1345997,0.167168,33782,2660935,0.330479,20865,4006932,0.497648,8051741
1,2021-05-04,70843,6450068,40673,3223173,28184,2941525,1986,285370,25437,1328349,0.164977,45163,2706098,0.336089,27515,4034447,0.501065,8051741
1,2021-05-05,66201,6516269,39431,3262604,24620,2966145,2150,287520,22773,1310159,0.162717,43186,2749284,0.341452,24996,4059443,0.50417,8051741
1,2021-05-06,67535,6583804,41819,3304423,23674,2989819,2042,289562,22039,1289191,0.160113,45210,2794494,0.347067,24242,4083685,0.50718,8051741
1,2021-05-07,70119,6653923,41357,3345780,26674,3016493,2088,291650,24077,1269674,0.157689,45745,2840239,0.352748,26228,4109913,0.510438,8051741
1,2021-05-08,48712,6702635,31003,3376783,16228,3032721,1481,293131,16632,1256097,0.156003,31784,2872023,0.356696,18207,4128120,0.512699,8051741
1,2021-05-09,17000,6719635,12271,3389054,4248,3036969,481,293612,5387,1250481,0.155306,11516,2883539,0.358126,5900,4134020,0.513432,8051741
1,2021-05-10,34051,6753686,17990,3407044,14504,3051473,1557,295169,11849,1242025,0.154255,21958,2905497,0.360853,13502,4147522,0.515109,8051741
1,2021-05-11,33833,6787519,20297,3427341,12388,3063861,1148,296317,9575,1228669,0.152597,24114,2929611,0.363848,10758,4158280,0.516445,8051741
2,2020-12-15,233,233,233,233,0,0,0,0,233,233,3e-05,0,0,0.0,233,233,3e-05,7897587
2,2020-12-16,1926,2159,1926,2159,0,0,0,0,1926,2159,0.000273,0,0,0.0,1926,2159,0.000273,7897587
2,2020-12-17,6660,8819,6660,8819,0,0,0,0,6661,8820,0.001117,0,0,0.0,6661,8820,0.001117,7897587
2,2020-12-18,10829,19648,10810,19629,19,19,0,0,10830,19650,0.002488,0,0,0.0,10830,19650,0.002488,7897587
2,2020-12-19,5575,25223,5570,25199,5,24,0,0,5577,25227,0.003194,0,0,0.0,5577,25227,0.003194,7897587
2,2020-12-20,4215,29438,4207,29406,8,32,0,0,4212,29439,0.003728,0,0,0.0,4212,29439,0.003728,7897587
2,2020-12-21,12764,42202,12740,42146,24,56,0,0,12719,42158,0.005338,0,0,0.0,12719,42158,0.005338,7897587
2,2020-12-22,12049,54251,11540,53686,509,565,0,0,12049,54207,0.006864,0,0,0.0,12049,54207,0.006864,7897587
2,2020-12-23,11611,65862,9420,63106,2191,2756,0,0,11614,65821,0.008334,0,0,0.0,11614,65821,0.008334,7897587
2,2020-12-24,5838,71700,3485,66591,2353,5109,0,0,5835,71656,0.009073,0,0,0.0,5835,71656,0.009073,7897587
2,2020-12-25,478,72178,401,66992,77,5186,0,0,479,72135,0.009134,0,0,0.0,479,72135,0.009134,7897587
2,2020-12-26,2563,74741,1667,68659,896,6082,0,0,2565,74700,0.009459,0,0,0.0,2565,74700,0.009459,7897587
2,2020-12-27,2210,76951,1197,69856,1013,7095,0,0,2208,76907,0.009738,1,1,0.0,2208,76908,0.009738,7897587
2,2020-12-28,10902,87853,7083,76939,3819,10914,0,0,10902,87808,0.011118,1,2,0.0,10902,87810,0.011119,7897587
2,2020-12-29,12679,100532,7181,84120,5498,16412,0,0,12683,100491,0.012724,0,2,0.0,12683,100493,0.012725,7897587
2,2020-12-30,15335,115867,8639,92759,6696,23108,0,0,15351,115841,0.014668,1,3,0.0,15351,115844,0.014668,7897587
2,2020-12-31,7494,123361,2803,95562,4691,27799,0,0,7491,123331,0.015616,1,4,1e-06,7491,123335,0.015617,7897587
2,2021-01-01,1112,124473,534,96096,578,28377,0,0,1114,124444,0.015757,1,5,1e-06,1114,124449,0.015758,7897587
2,2021-01-02,4812,129285,2751,98847,2061,30438,0,0,4810,129254,0.016366,0,5,1e-06,4810,129259,0.016367,7897587
2,2021-01-03,1378,130663,786,99633,592,31030,0,0,1374,130625,0.01654,3,8,1e-06,1374,130633,0.016541,7897587
2,2021-01-04,11606,142269,5549,105182,6057,37087,0,0,11593,142214,0.018007,4,12,2e-06,11593,142226,0.018009,7897587
2,2021-01-05,13796,156065,6880,112062,6916,44003,0,0,12623,153700,0.019462,1166,1178,0.000149,12652,154878,0.019611,7897587
2,2021-01-06,18923,174988,10442,122504,8481,52484,0,0,15214,165256,0.020925,3663,4841,0.000613,15219,170097,0.021538,7897587
2,2021-01-07,22876,197864,12842,135346,10034,62518,0,0,15537,173449,0.021962,7357,12198,0.001545,15550,185647,0.023507,7897587
2,2021-01-08,26335,224199,15956,151302,10379,72897,0,0,16307,179775,0.022763,9997,22195,0.00281,16323,201970,0.025574,7897587
2,2021-01-09,9697,233896,5662,156964,4035,76932,0,0,6210,182481,0.023106,3508,25703,0.003255,6214,208184,0.02636,7897587
2,2021-01-10,5270,239166,2915,159879,2355,79287,0,0,3063,183318,0.023212,2230,27933,0.003537,3067,211251,0.026749,7897587
2,2021-01-11,25937,265103,17835,177714,8102,87389,0,0,15011,187415,0.023731,10960,38893,0.004925,15057,226308,0.028655,7897587
2,2021-01-12,25938,291041,16103,193817,9835,97224,0,0,16485,194487,0.024626,9481,48374,0.006125,16553,242861,0.030751,7897587
2,2021-01-13,28227,319268,14877,208694,13350,110574,0,0,20329,206946,0.026204,7892,56266,0.007124,20351,263212,0.033328,7897587
2,2021-01-14,30046,349314,11428,220122,18618,129192,0,0,25866,228654,0.028952,4207,60473,0.007657,25915,289127,0.03661,7897587
2,2021-01-15,35114,384428,12948,233070,22166,151358,0,0,31898,257389,0.032591,3229,63702,0.008066,31964,321091,0.040657,7897587
2,2021-01-16,17547,401975,5611,238681,11936,163294,0,0,16240,272306,0.03448,1333,65035,0.008235,16250,337341,0.042714,7897587
2,2021-01-17,10552,412527,3521,242202,7031,170325,0,0,9850,281437,0.035636,727,65762,0.008327,9858,347199,0.043963,7897587
2,2021-01-18,19648,432175,11006,253208,8642,178967,0,0,14924,291667,0.036931,4740,70502,0.008927,14970,362169,0.045858,7897587
2,2021-01-19,32202,464377,16792,270000,15410,194377,0,0,24236,308042,0.039005,7971,78473,0.009936,24346,386515,0.048941,7897587
2,2021-01-20,36605,500982,18217,288217,18388,212765,0,0,28106,327752,0.0415,8480,86953,0.01101,28190,414705,0.05251,7897587
2,2021-01-21,40481,541463,17235,305452,23246,236011,0,0,36080,359607,0.045534,4380,91333,0.011565,36235,450940,0.057098,7897587
2,2021-01-22,39113,580576,16376,321828,22737,258748,0,0,35825,392176,0.049658,3290,94623,0.011981,35859,486799,0.061639,7897587
2,2021-01-23,23926,604502,10825,332653,13101,271849,0,0,20969,410243,0.051945,2931,97554,0.012352,20998,507797,0.064298,7897587
2,2021-01-24,12439,616941,6158,338811,6281,278130,0,0,11529,420886,0.053293,896,98450,0.012466,11539,519336,0.065759,7897587
2,2021-01-25,33547,650488,15568,354379,17979,296109,0,0,24860,437232,0.055363,8635,107085,0.013559,24981,544317,0.068922,7897587
2,2021-01-26,40041,690529,19802,374181,20239,316348,0,0,31137,459564,0.05819,8882,115967,0.014684,31214,575531,0.072874,7897587
2,2021-01-27,44936,735465,22907,397088,22029,338377,0,0,34987,484779,0.061383,9826,125793,0.015928,35041,610572,0.077311,7897587
2,2021-01-28,47846,783311,22570,419658,25276,363653,0,0,39358,515764,0.065307,8431,134224,0.016996,39416,649988,0.082302,7897587
2,2021-01-29,45435,828746,22291,441949,23144,386797,0,0,36923,544322,0.068923,8411,142635,0.018061,36969,686957,0.086983,7897587
2,2021-01-30,31254,860000,13654,455603,17600,404397,0,0,28023,569184,0.072071,3190,145825,0.018465,28052,715009,0.090535,7897587
2,2021-01-31,17548,877548,10652,466255,6896,411293,0,0,16330,584328,0.073988,1205,147030,0.018617,16349,731358,0.092605,7897587
2,2021-02-01,40091,917639,19163,485418,20928,432221,0,0,29737,603775,0.076451,10322,157352,0.019924,29769,761127,0.096375,7897587
2,2021-02-02,47748,965387,19741,505159,28007,460228,0,0,36336,628870,0.079628,11337,168689,0.02136,36432,797559,0.100988,7897587
2,2021-02-03,53625,1019012,23871,529030,29754,489982,0,0,39719,654862,0.082919,13812,182501,0.023108,39804,837363,0.106028,7897587
2,2021-02-04,55764,1074776,24257,553287,31507,521489,0,0,40837,680949,0.086222,14837,197338,0.024987,40924,878287,0.11121,7897587
2,2021-02-05,59450,1134226,26331,579618,33119,554608,0,0,40296,702417,0.088941,18983,216321,0.027391,40451,918738,0.116331,7897587
2,2021-02-06,38765,1172991,18141,597759,20624,575232,0,0,31232,726265,0.09196,7468,223789,0.028336,31316,950054,0.120297,7897587
2,2021-02-07,15984,1188975,10733,608492,5251,580483,0,0,12127,734624,0.093019,3834,227623,0.028822,12193,962247,0.121841,7897587
2,2021-02-08,43211,1232186,22325,630817,20886,601369,0,0,29874,751456,0.09515,13232,240855,0.030497,30064,992311,0.125647,7897587
2,2021-02-09,49160,1281346,23496,654313,25664,627033,0,0,30878,764450,0.096795,18198,259053,0.032802,31192,1023503,0.129597,7897587
2,2021-02-10,59309,1340655,28113,682426,31196,658229,0,0,34681,775076,0.098141,24404,283457,0.035892,35030,1058533,0.134032,7897587
2,2021-02-11,63661,1404316,29575,712001,34086,692315,0,0,35944,784082,0.099281,27421,310878,0.039364,36427,1094960,0.138645,7897587
2,2021-02-12,64619,1468935,27957,739958,36662,728977,0,0,34545,789407,0.099955,29865,340743,0.043145,35190,1130150,0.143101,7897587
2,2021-02-13,37450,1506385,15717,755675,21733,750710,0,0,21706,795830,0.100769,15659,356402,0.045128,22082,1152232,0.145897,7897587
2,2021-02-14,19887,1526272,9320,764995,10567,761277,0,0,11204,798744,0.101138,8648,365050,0.046223,11562,1163794,0.147361,7897587
2,2021-02-15,32858,1559130,14898,779893,17960,779237,0,0,18292,803434,0.101732,14454,379504,0.048053,19144,1182938,0.149785,7897587
2,2021-02-16,55777,1614907,27586,807479,28191,807428,0,0,29419,807241,0.102214,26276,405780,0.05138,30083,1213021,0.153594,7897587
2,2021-02-17,60884,1675791,31484,838963,29400,836828,0,0,30323,807865,0.102293,30512,436292,0.055244,31136,1244157,0.157536,7897587
2,2021-02-18,65511,1741302,33324,872287,32187,869015,0,0,32041,807764,0.10228,33265,469557,0.059456,33164,1277321,0.161736,7897587
2,2021-02-19,58675,1799977,32744,905031,25931,894946,0,0,29171,808160,0.10233,29363,498920,0.063174,29759,1307080,0.165504,7897587
2,2021-02-20,36905,1836882,24121,929152,12784,907730,0,0,20090,812181,0.102839,16741,515661,0.065293,20762,1327842,0.168133,7897587
2,2021-02-21,18143,1855025,14706,943858,3437,911167,0,0,8834,812575,0.102889,9238,524899,0.066463,9632,1337474,0.169352,7897587
2,2021-02-22,37141,1892166,25515,969373,11626,922793,0,0,17822,811847,0.102797,19221,544120,0.068897,18493,1355967,0.171694,7897587
2,2021-02-23,50669,1942835,25802,995175,24867,947660,0,0,22372,807987,0.102308,28120,572240,0.072458,24260,1380227,0.174766,7897587
2,2021-02-24,67748,2010583,34885,1030060,32863,980523,0,0,31353,805437,0.101985,36263,608503,0.077049,33713,1413940,0.179034,7897587
2,2021-02-25,73208,2083791,34410,1064470,38798,1019321,0,0,37363,809936,0.102555,35653,644156,0.081564,40152,1454092,0.184119,7897587
2,2021-02-26,81140,2164931,34806,1099276,46334,1065655,0,0,44030,819260,0.103735,36881,681037,0.086234,46205,1500297,0.189969,7897587
2,2021-02-27,58806,2223737,26879,1126155,31923,1097578,4,4,32008,825978,0.104586,26619,707656,0.089604,33337,1533634,0.19419,7897587
2,2021-02-28,28980,2252717,17417,1143572,11562,1109140,1,5,16917,831740,0.105316,11980,719636,0.091121,17742,1551376,0.196437,7897587
2,2021-03-01,55242,2307959,29017,1172589,26205,1135345,20,25,30289,838472,0.106168,24754,744390,0.094255,31486,1582862,0.200423,7897587
2,2021-03-02,64492,2372451,29914,1202503,34573,1169918,5,30,36012,848444,0.107431,28373,772763,0.097848,38345,1621207,0.205279,7897587
2,2021-03-03,77707,2450158,37660,1240163,40040,1209958,7,37,43684,860810,0.108997,33863,806626,0.102136,46229,1667436,0.211132,7897587
2,2021-03-04,86009,2536167,42457,1282620,43525,1253483,27,64,49761,876875,0.111031,36081,842707,0.106704,52146,1719582,0.217735,7897587
2,2021-03-05,78375,2614542,36715,1319335,41364,1294847,296,360,47932,897169,0.1136,30276,872983,0.110538,50570,1770152,0.224138,7897587
2,2021-03-06,61305,2675847,29885,1349220,29756,1324603,1664,2024,37637,914330,0.115773,23570,896553,0.113522,40731,1810883,0.229296,7897587
2,2021-03-07,26786,2702633,15487,1364707,10352,1334955,947,2971,17153,923962,0.116993,9578,906131,0.114735,19210,1830093,0.231728,7897587
2,2021-03-08,48869,2751502,22287,1386994,24160,1359115,2422,5393,30791,940840,0.11913,17975,924106,0.117011,34853,1864946,0.236141,7897587
2,2021-03-09,63620,2815122,26362,1413356,33501,1392616,3757,9150,34024,950475,0.12035,29496,953602,0.120746,39131,1904077,0.241096,7897587
2,2021-03-10,74970,2890092,35038,1448394,33448,1426064,6484,15634,39604,962707,0.121899,35200,988802,0.125203,47432,1951509,0.247102,7897587
2,2021-03-11,91459,2981551,42271,1490665,40874,1466938,8314,23948,48144,977512,0.123774,43066,1031868,0.130656,57871,2009380,0.25443,7897587
2,2021-03-12,91641,3073192,37741,1528406,42020,1508958,11880,35828,45938,991175,0.125504,45533,1077401,0.136422,59196,2068576,0.261925,7897587
2,2021-03-13,67200,3140392,28137,1556543,31183,1540141,7880,43708,36994,1007248,0.127539,30102,1107503,0.140233,46175,2114751,0.267772,7897587
2,2021-03-14,35927,3176319,17779,1574322,13688,1553829,4460,48168,19184,1014995,0.12852,16664,1124167,0.142343,24411,2139162,0.270863,7897587
2,2021-03-15,66116,3242435,29804,1604126,31373,1585202,4939,53107,36767,1028638,0.130247,29165,1153332,0.146036,42808,2181970,0.276283,7897587
2,2021-03-16,84956,3327391,37501,1641627,43515,1628717,3940,57047,52116,1053126,0.133348,32694,1186026,0.150176,57182,2239152,0.283524,7897587
2,2021-03-17,90609,3418000,43385,1685012,43150,1671867,4074,61121,57873,1083398,0.137181,32525,1218551,0.154294,62797,2301949,0.291475,7897587
2,2021-03-18,96127,3514127,45804,1730816,45907,1717774,4416,65537,59509,1111534,0.140743,36356,1254907,0.158898,64492,2366441,0.299641,7897587
2,2021-03-19,95314,3609441,44921,1775737,44358,1762132,6035,71572,57411,1137831,0.144073,37663,1292570,0.163666,63960,2430401,0.30774,7897587
2,2021-03-20,68364,3677805,32807,1808544,31693,1793825,3864,75436,45610,1165086,0.147524,22566,1315136,0.166524,49821,2480222,0.314048,7897587
2,2021-03-21,32480,3710285,20885,1829429,9644,1803469,1951,77387,20629,1176326,0.148948,11761,1326897,0.168013,23001,2503223,0.31696,7897587
2,2021-03-22,61651,3771936,33741,1863170,25328,1828797,2582,79969,41666,1201647,0.152154,19816,1346713,0.170522,45137,2548360,0.322676,7897587
2,2021-03-23,82254,3854190,43513,1906683,35909,1864706,2832,82801,54067,1231413,0.155923,27963,1374676,0.174063,57729,2606089,0.329985,7897587
2,2021-03-24,90028,3944218,48420,1955103,38543,1903249,3065,85866,53936,1253403,0.158707,35837,1410513,0.178601,57827,2663916,0.337308,7897587
2,2021-03-25,99584,4043802,50198,2005301,45604,1948853,3782,89648,57587,1273813,0.161291,41723,1452236,0.183884,62133,2726049,0.345175,7897587
2,2021-03-26,100974,4144776,50194,2055495,47367,1996220,3413,93061,57137,1291886,0.16358,43529,1495765,0.189395,61602,2787651,0.352975,7897587
2,2021-03-27,73899,4218675,36730,2092225,33905,2030125,3264,96325,38132,1298560,0.164425,35574,1531339,0.1939,42248,2829899,0.358325,7897587
2,2021-03-28,36767,4255442,22497,2114722,13468,2043593,802,97127,20730,1304875,0.165225,15941,1547280,0.195918,22256,2852155,0.361143,7897587
2,2021-03-29,69881,4325323,35604,2150326,32088,2075681,2189,99316,40957,1320133,0.167156,28776,1576056,0.199562,44034,2896189,0.366718,7897587
2,2021-03-30,90469,4415792,44145,2194471,42063,2117744,4261,103577,55358,1345406,0.170357,34947,1611003,0.203987,60220,2956409,0.374343,7897587
2,2021-03-31,99125,4514917,51024,2245495,43108,2160852,4993,108570,58525,1368899,0.173331,40387,1651390,0.209101,63880,3020289,0.382432,7897587
2,2021-04-01,115021,4629938,55520,2301015,50629,2211481,8872,117442,63388,1390229,0.176032,51380,1702770,0.215606,72710,3092999,0.391638,7897587
2,2021-04-02,108950,4738888,50256,2351271,48908,2260389,9786,127228,59344,1410537,0.178604,49307,1752077,0.22185,69615,3162614,0.400453,7897587
2,2021-04-03,75032,4813920,36660,2387931,28878,2289267,9494,136722,37620,1420819,0.179905,37243,1789320,0.226565,47525,3210139,0.406471,7897587
2,2021-04-04,28741,4842661,14772,2402703,10161,2299428,3808,140530,13225,1422452,0.180112,15445,1804765,0.228521,17078,3227217,0.408633,7897587
2,2021-04-05,77943,4920604,38323,2441026,31042,2330470,8578,149108,38357,1430697,0.181156,39464,1844229,0.233518,47709,3274926,0.414674,7897587
2,2021-04-06,102470,5023074,49993,2491019,37987,2368457,14490,163598,49249,1441849,0.182568,53011,1897240,0.24023,64163,3339089,0.422799,7897587
2,2021-04-07,108551,5131625,54311,2545330,38273,2406730,15967,179565,51922,1453634,0.184061,56405,1953645,0.247372,68190,3407279,0.431433,7897587
2,2021-04-08,117077,5248702,56456,2601786,42205,2448935,18416,197981,54782,1465423,0.185553,62033,2015678,0.255227,73822,3481101,0.44078,7897587
2,2021-04-09,116408,5365110,56183,2657969,42436,2491371,17789,215770,55638,1479268,0.187306,60479,2076157,0.262885,74324,3555425,0.450191,7897587
2,2021-04-10,85371,5450481,37134,2695103,30420,2521791,17817,233587,35805,1484221,0.187933,49368,2125525,0.269136,54321,3609746,0.457069,7897587
2,2021-04-11,43833,5494314,22687,2717790,12663,2534454,8483,242070,18077,1485868,0.188142,25644,2151169,0.272383,27291,3637037,0.460525,7897587
2,2021-04-12,78653,5572967,36662,2754452,32768,2567222,9223,251293,35593,1488836,0.188518,42837,2194006,0.277807,45805,3682842,0.466325,7897587
2,2021-04-13,100290,5673257,52013,2806465,48034,2615256,243,251536,55352,1500568,0.190003,44745,2238751,0.283473,56477,3739319,0.473476,7897587
2,2021-04-14,104405,5777662,54813,2861278,49544,2664800,48,251584,54097,1506042,0.190696,50083,2288834,0.289814,55557,3794876,0.480511,7897587
2,2021-04-15,110869,5888531,59184,2920462,51622,2716422,63,251647,58488,1513544,0.191646,52081,2340915,0.296409,59583,3854459,0.488055,7897587
2,2021-04-16,107592,5996123,56024,2976486,51516,2767938,52,251699,55141,1517346,0.192128,52217,2393132,0.303021,56019,3910478,0.495148,7897587
2,2021-04-17,80962,6077085,41438,3017924,39511,2807449,13,251712,45600,1528607,0.193554,35199,2428331,0.307478,46460,3956938,0.501031,7897587
2,2021-04-18,33697,6110782,20208,3038132,13486,2820935,3,251715,16301,1528561,0.193548,17314,2445645,0.30967,17268,3974206,0.503218,7897587
2,2021-04-19,72825,6183607,39466,3077598,33350,2854285,9,251724,33490,1523511,0.192908,39159,2484804,0.314628,34109,4008315,0.507537,7897587
2,2021-04-20,93923,6277530,46914,3124512,46990,2901275,19,251743,45985,1522523,0.192783,47717,2532521,0.32067,46729,4055044,0.513454,7897587
2,2021-04-21,98072,6375602,52110,3176622,45909,2947184,53,251796,46742,1519141,0.192355,51036,2583557,0.327132,47654,4102698,0.519488,7897587
2,2021-04-22,104128,6479730,53284,3229906,50825,2998009,19,251815,45884,1507966,0.19094,57940,2641497,0.334469,46765,4149463,0.525409,7897587
2,2021-04-23,103526,6583256,54759,3284665,48753,3046762,14,251829,48114,1501854,0.190166,55133,2696630,0.34145,49021,4198484,0.531616,7897587
2,2021-04-24,78072,6661328,46446,3331111,31590,3078352,36,251865,41170,1507265,0.190851,36702,2733332,0.346097,42113,4240597,0.536948,7897587
2,2021-04-25,35780,6697108,22154,3353265,13612,3091964,14,251879,19563,1511181,0.191347,16112,2749444,0.348137,20028,4260625,0.539484,7897587
2,2021-04-26,65350,6762458,36297,3389562,28769,3120733,284,252163,29922,1507511,0.190882,35258,2784702,0.352602,31588,4292213,0.543484,7897587
2,2021-04-27,79796,6842254,41718,3431280,36947,3157680,1131,253294,34142,1498505,0.189742,45440,2830142,0.358355,36434,4328647,0.548097,7897587
2,2021-04-28,84215,6926469,44564,3475844,37846,3195526,1805,255099,36884,1490963,0.188787,47116,2877258,0.364321,39574,4368221,0.553108,7897587
2,2021-04-29,86742,7013211,46921,3522765,38179,3233705,1642,256741,33429,1473546,0.186582,53074,2930332,0.371041,35657,4403878,0.557623,7897587
2,2021-04-30,90619,7103830,50082,3572847,38618,3272323,1919,258660,35172,1456095,0.184372,55172,2985504,0.378027,37721,4441599,0.5624,7897587
2,2021-05-01,60370,7164200,36803,3609650,22030,3294353,1537,260197,23829,1445947,0.183087,36353,3021857,0.38263,26205,4467804,0.565718,7897587
2,2021-05-02,28685,7192885,19808,3629458,7907,3302260,970,261167,11026,1440477,0.182395,17555,3039412,0.384853,12085,4479889,0.567248,7897587
2,2021-05-03,58799,7251684,34921,3664379,21852,3324112,2026,263193,19663,1423473,0.180242,38949,3078361,0.389785,21945,4501834,0.570027,7897587
2,2021-05-04,76780,7328464,45574,3709953,28900,3353012,2306,265499,24984,1399593,0.177218,51563,3129924,0.396314,27683,4529517,0.573532,7897587
2,2021-05-05,71038,7399502,43351,3753304,25421,3378433,2266,267765,22468,1376353,0.174275,48305,3178229,0.40243,25065,4554582,0.576706,7897587
2,2021-05-06,72782,7472284,44993,3798297,25002,3403435,2787,270552,22677,1352678,0.171277,49763,3227992,0.408731,26088,4580670,0.580009,7897587
2,2021-05-07,73284,7545568,43350,3841647,27610,3431045,2324,272876,22900,1328253,0.168185,50098,3278090,0.415075,25673,4606343,0.58326,7897587
2,2021-05-08,48525,7594093,29879,3871526,17023,3448068,1623,274499,15355,1312955,0.166248,32957,3311047,0.419248,17659,4624002,0.585496,7897587
2,2021-05-09,20201,7614294,14408,3885934,5058,3453126,735,275234,6130,1306082,0.165377,13961,3325008,0.421016,7088,4631090,0.586393,7897587
2,2021-05-10,40208,7654502,22007,3907941,16512,3469638,1689,276923,11929,1292169,0.163616,28116,3353124,0.424576,14203,4645293,0.588191,7897587
2,2021-05-11,35502,7690004,20280,3928221,14286,3483924,936,277859,8768,1275638,0.161523,26603,3379727,0.427944,10072,4655365,0.589467,7897587
3,2020-12-15,303,303,303,303,0,0,0,0,303,303,3.9e-05,0,0,0.0,303,303,3.9e-05,7688185
3,2020-12-16,2207,2510,2207,2510,0,0,0,0,2207,2510,0.000326,0,0,0.0,2207,2510,0.000326,7688185
3,2020-12-17,7602,10112,7602,10112,0,0,0,0,7602,10112,0.001315,0,0,0.0,7602,10112,0.001315,7688185
3,2020-12-18,12809,22921,12798,22910,11,11,0,0,12808,22920,0.002981,0,0,0.0,12808,22920,0.002981,7688185
3,2020-12-19,7041,29962,7030,29940,11,22,0,0,7105,30025,0.003905,0,0,0.0,7105,30025,0.003905,7688185
3,2020-12-20,5483,35445,5476,35416,7,29,0,0,5530,35554,0.004624,1,1,0.0,5530,35555,0.004625,7688185
3,2020-12-21,14263,49708,14240,49656,23,52,0,0,14328,49881,0.006488,1,2,0.0,14328,49883,0.006488,7688185
3,2020-12-22,14626,64334,14059,63715,567,619,0,0,14665,64546,0.008395,0,2,0.0,14665,64548,0.008396,7688185
3,2020-12-23,14657,78991,12074,75789,2583,3202,0,0,14684,79230,0.010305,0,2,0.0,14684,79232,0.010306,7688185
3,2020-12-24,6764,85755,4855,80644,1909,5111,0,0,6762,85991,0.011185,1,3,0.0,6762,85994,0.011185,7688185
3,2020-12-25,719,86474,663,81307,56,5167,0,0,718,86709,0.011278,0,3,0.0,718,86712,0.011279,7688185
3,2020-12-26,4594,91068,2984,84291,1610,6777,0,0,4592,91301,0.011875,0,3,0.0,4592,91304,0.011876,7688185
3,2020-12-27,2951,94019,1833,86124,1118,7895,0,0,2952,94253,0.012259,0,3,0.0,2952,94256,0.01226,7688185
3,2020-12-28,13466,107485,8611,94735,4855,12750,0,0,13494,107746,0.014014,1,4,1e-06,13494,107750,0.014015,7688185
3,2020-12-29,14902,122387,8426,103161,6476,19226,0,0,14932,122676,0.015956,2,6,1e-06,14932,122682,0.015957,7688185
3,2020-12-30,17939,140326,10048,113209,7891,27117,0,0,17929,140605,0.018288,0,6,1e-06,17929,140611,0.018289,7688185
3,2020-12-31,8316,148642,3210,116419,5106,32223,0,0,8316,148920,0.01937,1,7,1e-06,8316,148927,0.019371,7688185
3,2021-01-01,1175,149817,535,116954,640,32863,0,0,1172,150092,0.019522,0,7,1e-06,1172,150099,0.019523,7688185
3,2021-01-02,4992,154809,2474,119428,2518,35381,0,0,4992,155084,0.020172,0,7,1e-06,4992,155091,0.020173,7688185
3,2021-01-03,1594,156403,839,120267,755,36136,0,0,1585,156665,0.020377,4,11,1e-06,1585,156676,0.020379,7688185
3,2021-01-04,11968,168371,5991,126258,5977,42113,0,0,11942,168600,0.02193,7,18,2e-06,11942,168618,0.021932,7688185
3,2021-01-05,15568,183939,8029,134287,7539,49652,0,0,13968,181007,0.023544,1585,1603,0.000209,13992,182610,0.023752,7688185
3,2021-01-06,20088,204027,10506,144793,9582,59234,0,0,15847,192659,0.025059,4201,5804,0.000755,15853,198463,0.025814,7688185
3,2021-01-07,26035,230062,14824,159617,11211,70445,0,0,16995,200655,0.026099,9013,14817,0.001927,17009,215472,0.028026,7688185
3,2021-01-08,30007,260069,18342,177959,11665,82110,0,0,17923,206534,0.026864,12064,26881,0.003496,17943,233415,0.03036,7688185
3,2021-01-09,12300,272369,6953,184912,5347,87457,0,0,7821,209890,0.0273,4473,31354,0.004078,7829,241244,0.031379,7688185
3,2021-01-10,7162,279531,4462,189374,2700,90157,0,0,4025,210784,0.027417,3135,34489,0.004486,4029,245273,0.031903,7688185
3,2021-01-11,28673,308204,18761,208135,9912,100069,0,0,16220,214600,0.027913,12447,46936,0.006105,16263,261536,0.034018,7688185
3,2021-01-12,31883,340087,19072,227207,12811,112880,0,0,19510,221837,0.028854,12357,59293,0.007712,19594,281130,0.036566,7688185
3,2021-01-13,34312,374399,17967,245174,16345,129225,0,0,24237,236016,0.030699,10075,69368,0.009023,24254,305384,0.039721,7688185
3,2021-01-14,34284,408683,14115,259289,20169,149394,0,0,28426,258648,0.033642,5827,75195,0.009781,28459,333843,0.043423,7688185
3,2021-01-15,38531,447214,14408,273697,24123,173517,0,0,33934,288053,0.037467,4588,79783,0.010377,33993,367836,0.047844,7688185
3,2021-01-16,21744,468958,7610,281307,14134,187651,0,0,19439,305222,0.0397,2291,82074,0.010675,19460,387296,0.050375,7688185
3,2021-01-17,13108,482066,4468,285775,8640,196291,0,0,12084,316301,0.041141,1023,83097,0.010808,12102,399398,0.05195,7688185
3,2021-01-18,24538,506604,12771,298546,11767,208058,0,0,19053,329891,0.042909,5503,88600,0.011524,19093,418491,0.054433,7688185
3,2021-01-19,40652,547256,20765,319311,19887,227945,0,0,31626,352596,0.045862,9000,97600,0.012695,31705,450196,0.058557,7688185
3,2021-01-20,44714,591970,22036,341347,22678,250623,0,0,35443,378886,0.049282,9228,106828,0.013895,35518,485714,0.063177,7688185
3,2021-01-21,47106,639076,20317,361664,26789,277412,0,0,41705,415326,0.054021,5327,112155,0.014588,41767,527481,0.068609,7688185
3,2021-01-22,49158,688234,19604,381268,29554,306966,0,0,45054,456337,0.059356,4112,116267,0.015123,45123,572604,0.074478,7688185
3,2021-01-23,29969,718203,12715,393983,17254,324220,0,0,26657,479737,0.062399,3301,119568,0.015552,26701,599305,0.077951,7688185
3,2021-01-24,17604,735807,8486,402469,9118,333338,0,0,16461,495080,0.064395,1141,120709,0.015701,16484,615789,0.080095,7688185
3,2021-01-25,40241,776048,18007,420476,22234,355572,0,0,30435,515808,0.067091,9788,130497,0.016974,30516,646305,0.084065,7688185
3,2021-01-26,46479,822527,22177,442653,24302,379874,0,0,36572,542581,0.070573,9901,140398,0.018262,36674,682979,0.088835,7688185
3,2021-01-27,50404,872931,24479,467132,25925,405799,0,0,39914,572152,0.07442,10414,150812,0.019616,39985,722964,0.094036,7688185
3,2021-01-28,51273,924204,23799,490931,27474,433273,0,0,42485,605973,0.078819,8708,159520,0.020749,42529,765493,0.099567,7688185
3,2021-01-29,50153,974357,24159,515090,25994,459267,0,0,40746,637540,0.082925,9221,168741,0.021948,40788,806281,0.104873,7688185
3,2021-01-30,36570,1010927,17344,532434,19226,478493,0,0,32029,665155,0.086517,4492,173233,0.022532,32107,838388,0.109049,7688185
3,2021-01-31,22199,1033126,12811,545245,9388,487881,0,0,20721,684427,0.089023,1467,174700,0.022723,20739,859127,0.111746,7688185
3,2021-02-01,44787,1077913,20216,565461,24571,512452,0,0,34646,709010,0.092221,10100,184800,0.024037,34683,893810,0.116258,7688185
3,2021-02-02,54122,1132035,22830,588291,31292,543744,0,0,41424,737870,0.095975,12611,197411,0.025677,41471,935281,0.121652,7688185
3,2021-02-03,59524,1191559,26535,614826,32989,576733,0,0,44339,767242,0.099795,15030,212441,0.027632,44402,979683,0.127427,7688185
3,2021-02-04,63913,1255472,27798,642624,36115,612848,0,0,46909,797440,0.103723,16815,229256,0.029819,47013,1026696,0.133542,7688185
3,2021-02-05,69713,1325185,29696,672320,40017,652865,0,0,48242,824576,0.107252,21261,250517,0.032585,48397,1075093,0.139837,7688185
3,2021-02-06,43421,1368606,21152,693472,22269,675134,0,0,33674,848717,0.110392,9715,260232,0.033848,33856,1108949,0.144241,7688185
3,2021-02-07,19401,1388007,12284,705756,7117,682251,0,0,14922,859296,0.111768,4469,264701,0.03443,15048,1123997,0.146198,7688185
3,2021-02-08,50675,1438682,24414,730170,26261,708512,0,0,33294,875512,0.113878,17261,281962,0.036675,33477,1157474,0.150552,7688185
3,2021-02-09,58037,1496719,28241,758411,29796,738308,0,0,34106,886204,0.115268,23758,305720,0.039765,34450,1191924,0.155033,7688185
3,2021-02-10,67310,1564029,31304,789715,36006,774314,0,0,36542,892730,0.116117,30540,336260,0.043737,37066,1228990,0.159854,7688185
3,2021-02-11,69900,1633929,34485,824200,35415,809729,0,0,37661,899015,0.116935,31904,368164,0.047887,38189,1267179,0.164822,7688185
3,2021-02-12,74573,1708502,32271,856471,42302,852031,0,0,41352,908183,0.118127,32938,401102,0.052171,42106,1309285,0.170298,7688185
3,2021-02-13,44473,1752975,20200,876671,24273,876304,0,0,25677,915788,0.119116,18652,419754,0.054597,26257,1335542,0.173714,7688185
3,2021-02-14,27058,1780033,13528,890199,13530,889834,0,0,15144,919508,0.1196,11869,431623,0.056141,15589,1351131,0.175741,7688185
3,2021-02-15,39565,1819598,17084,907283,22481,912315,0,0,21925,924809,0.12029,17555,449178,0.058424,22856,1373987,0.178714,7688185
3,2021-02-16,69283,1888881,32757,940040,36526,948841,0,0,36179,929028,0.120838,32976,482154,0.062714,37195,1411182,0.183552,7688185
3,2021-02-17,70941,1959822,35944,975984,34997,983838,0,0,33812,926980,0.120572,36931,519085,0.067517,34883,1446065,0.188089,7688185
3,2021-02-18,76034,2035856,39733,1015717,36301,1020139,0,0,35549,923503,0.12012,40362,559447,0.072767,36885,1482950,0.192887,7688185
3,2021-02-19,67849,2103705,39156,1054873,28693,1048832,0,0,34438,925310,0.120355,33320,592767,0.077101,35127,1518077,0.197456,7688185
3,2021-02-20,41505,2145210,26295,1081168,15210,1064042,0,0,22058,928496,0.120769,19362,612129,0.079619,22548,1540625,0.200389,7688185
3,2021-02-21,19955,2165165,16209,1097377,3746,1067788,0,0,9295,927571,0.120649,10595,622724,0.080998,9670,1550295,0.201646,7688185
3,2021-02-22,44676,2209841,29116,1126493,15560,1083348,0,0,21185,925822,0.120421,23412,646136,0.084043,21663,1571958,0.204464,7688185
3,2021-02-23,59578,2269419,32349,1158842,27229,1110577,0,0,26319,920989,0.119793,33131,679267,0.088352,28298,1600256,0.208145,7688185
3,2021-02-24,75857,2345276,37055,1195897,38802,1149379,0,0,34042,915870,0.119127,41656,720923,0.09377,36537,1636793,0.212897,7688185
3,2021-02-25,84609,2429885,40916,1236813,43693,1193072,0,0,42613,919261,0.119568,41786,762709,0.099205,45177,1681970,0.218773,7688185
3,2021-02-26,94937,2524822,43305,1280118,51632,1244704,0,0,50718,928254,0.120738,43907,806616,0.104916,52900,1734870,0.225654,7688185
3,2021-02-27,66635,2591457,30306,1310424,36326,1281030,3,3,35272,933623,0.121436,31200,837816,0.108974,36569,1771439,0.230411,7688185
3,2021-02-28,37564,2629021,21814,1332238,15749,1296779,1,4,19507,936158,0.121766,17920,855736,0.111305,20455,1791894,0.233071,7688185
3,2021-03-01,65121,2694142,34480,1366718,30628,1327407,13,17,36493,945509,0.122982,28481,884217,0.11501,37832,1829726,0.237992,7688185
3,2021-03-02,74276,2768418,35440,1402158,38833,1366240,3,20,42944,959292,0.124775,31221,915438,0.119071,45004,1874730,0.243846,7688185
3,2021-03-03,86794,2855212,41232,1443390,45549,1411789,13,33,48415,971748,0.126395,38219,953657,0.124042,50675,1925405,0.250437,7688185
3,2021-03-04,91405,2946617,44712,1488102,46678,1458467,15,48,52052,986904,0.128366,39167,992824,0.129136,54323,1979728,0.257503,7688185
3,2021-03-05,87292,3033909,42444,1530546,44560,1503027,288,336,53190,1008706,0.131202,33891,1026715,0.133545,55693,2035421,0.264747,7688185
3,2021-03-06,63806,3097715,32047,1562593,29625,1532652,2134,2470,36543,1021708,0.132893,27143,1053858,0.137075,40145,2075566,0.269968,7688185
3,2021-03-07,36392,3134107,21492,1584085,13793,1546445,1107,3577,20850,1029326,0.133884,15496,1069354,0.139091,23114,2098680,0.272975,7688185
3,2021-03-08,57738,3191845,27364,1611449,27557,1574002,2817,6394,36595,1049240,0.136474,21040,1090394,0.141827,40954,2139634,0.278302,7688185
3,2021-03-09,70129,3261974,29739,1641188,36058,1610060,4332,10726,36458,1057642,0.137567,33569,1123963,0.146194,41971,2181605,0.283761,7688185
3,2021-03-10,79971,3341945,39387,1680575,34561,1644621,6023,16749,41415,1068092,0.138926,38393,1162356,0.151187,48843,2230448,0.290114,7688185
3,2021-03-11,95591,3437536,46805,1727380,40281,1684902,8505,25254,47109,1076568,0.140029,48259,1210615,0.157464,56735,2287183,0.297493,7688185
3,2021-03-12,100116,3537652,44569,1771949,43768,1728670,11779,37033,45931,1081410,0.140659,54013,1264628,0.16449,58855,2346038,0.305148,7688185
3,2021-03-13,68514,3606166,28956,1800905,32376,1761046,7182,44215,35983,1093525,0.142234,32438,1297066,0.168709,44553,2390591,0.310943,7688185
3,2021-03-14,40195,3646361,21125,1822030,15587,1776633,3483,47698,21860,1101227,0.143236,18280,1315346,0.171087,25982,2416573,0.314323,7688185
3,2021-03-15,74397,3720758,35270,1857300,34633,1811266,4494,52192,39598,1111672,0.144595,34649,1349995,0.175593,45094,2461667,0.320188,7688185
3,2021-03-16,93821,3814579,43209,1900509,46363,1857629,4249,56441,53551,1130309,0.147019,40090,1390085,0.180808,58727,2520394,0.327827,7688185
3,2021-03-17,96292,3910871,46785,1947294,45120,1902749,4387,60828,59036,1157326,0.150533,37073,1427158,0.18563,64090,2584484,0.336163,7688185
3,2021-03-18,101609,4012480,51552,1998846,45705,1948454,4352,65180,59527,1179877,0.153466,41882,1469040,0.191078,64433,2648917,0.344544,7688185
3,2021-03-19,101003,4113483,53934,2052780,42688,1991142,4381,69561,57530,1199077,0.155964,43256,1512296,0.196704,62456,2711373,0.352668,7688185
3,2021-03-20,70263,4183746,36200,2088980,30510,2021652,3553,73114,44434,1221886,0.15893,25676,1537972,0.200044,48485,2759858,0.358974,7688185
3,2021-03-21,35360,4219106,24033,2113013,9868,2031520,1459,74573,22994,1234506,0.160572,12303,1550275,0.201644,24923,2784781,0.362216,7688185
3,2021-03-22,69263,4288369,40658,2153671,26140,2057660,2465,77038,45237,1259357,0.163804,23860,1574135,0.204747,48711,2833492,0.368551,7688185
3,2021-03-23,88536,4376905,48775,2202446,37307,2094967,2454,79492,57292,1288767,0.16763,31038,1605173,0.208784,60448,2893940,0.376414,7688185
3,2021-03-24,97422,4474327,56191,2258637,38444,2133411,2787,82279,56940,1308909,0.170249,40192,1645365,0.214012,60334,2954274,0.384262,7688185
3,2021-03-25,105550,4579877,58854,2317491,43861,2177272,2835,85114,61077,1329267,0.172897,44207,1689572,0.219762,64565,3018839,0.39266,7688185
3,2021-03-26,108489,4688366,58261,2375752,47022,2224294,3206,88320,57984,1341048,0.17443,50258,1739830,0.226299,62039,3080878,0.400729,7688185
3,2021-03-27,73109,4761475,37029,2412781,33553,2257847,2527,90847,36674,1344660,0.1749,36265,1776095,0.231016,39877,3120755,0.405916,7688185
3,2021-03-28,43213,4804688,27125,2439906,15286,2273133,802,91649,23097,1349028,0.175468,20027,1796122,0.233621,24395,3145150,0.409089,7688185
3,2021-03-29,79414,4884102,41496,2481402,36148,2309281,1770,93419,44935,1362242,0.177186,34289,1830411,0.238081,47503,3192653,0.415267,7688185
3,2021-03-30,98629,4982731,48499,2529901,46598,2355879,3532,96951,59808,1387565,0.18048,38620,1869031,0.243104,63943,3256596,0.423585,7688185
3,2021-03-31,103344,5086075,55772,2585673,42848,2398727,4724,101675,57312,1404063,0.182626,45879,1914910,0.249072,62377,3318973,0.431698,7688185
3,2021-04-01,121269,5207344,61434,2647107,50457,2449184,9378,111053,66276,1425319,0.185391,54753,1969663,0.256193,76009,3394982,0.441584,7688185
3,2021-04-02,115642,5322986,56541,2703648,49130,2498314,9971,121024,61704,1443778,0.187792,53726,2023389,0.263182,72185,3467167,0.450973,7688185
3,2021-04-03,74647,5397633,38042,2741690,27619,2525933,8986,130010,37556,1453681,0.18908,36983,2060372,0.267992,46886,3514053,0.457072,7688185
3,2021-04-04,32079,5429712,17153,2758843,10775,2536708,4151,134161,14339,1454532,0.189191,17683,2078055,0.270292,18534,3532587,0.459483,7688185
3,2021-04-05,87810,5517522,44635,2803478,34272,2570980,8903,143064,43540,1463687,0.190381,44120,2122175,0.276031,53275,3585862,0.466412,7688185
3,2021-04-06,111940,5629462,54670,2858148,42299,2613279,14971,158035,53311,1474289,0.19176,58412,2180587,0.283628,69014,3654876,0.475389,7688185
3,2021-04-07,114612,5744074,59653,2917801,38958,2652237,16001,174036,56099,1488376,0.193593,58317,2238904,0.291214,72404,3727280,0.484806,7688185
3,2021-04-08,119663,5863737,59930,2977731,39943,2692180,19790,193826,55981,1501502,0.1953,63449,2302353,0.299466,76575,3803855,0.494766,7688185
3,2021-04-09,116319,5980056,58178,3035909,39314,2731494,18827,212653,51726,1508572,0.19622,64411,2366764,0.307844,71481,3875336,0.504064,7688185
3,2021-04-10,82439,6062495,37446,3073355,30028,2761522,14965,227618,33975,1510027,0.196409,48323,2415087,0.31413,49778,3925114,0.510538,7688185
3,2021-04-11,44516,6107011,23945,3097300,12647,2774169,7924,235542,17100,1508549,0.196217,27342,2442429,0.317686,25864,3950978,0.513903,7688185
3,2021-04-12,82673,6189684,41922,3139222,32204,2806373,8547,244089,37954,1511576,0.19661,44548,2486977,0.32348,47575,3998553,0.520091,7688185
3,2021-04-13,104109,6293793,56532,3195754,47372,2853745,205,244294,55335,1519390,0.197627,48595,2535572,0.329801,56409,4054962,0.527428,7688185
3,2021-04-14,104872,6398665,57541,3253295,47241,2900986,90,244384,53007,1522268,0.198001,51634,2587206,0.336517,54512,4109474,0.534518,7688185
3,2021-04-15,117060,6515725,65917,3319212,51089,2952075,54,244438,63138,1532550,0.199338,53696,2640902,0.343501,63978,4173452,0.54284,7688185
3,2021-04-16,112786,6628511,63263,3382475,49434,3001509,89,244527,59424,1539578,0.200252,53139,2694041,0.350413,60167,4233619,0.550666,7688185
3,2021-04-17,77486,6705997,42436,3424911,35038,3036547,12,244539,43361,1549910,0.201596,33987,2728028,0.354834,44319,4277938,0.55643,7688185
3,2021-04-18,36683,6742680,21759,3446670,14921,3051468,3,244542,17383,1548921,0.201468,19228,2747256,0.357335,18239,4296177,0.558803,7688185
3,2021-04-19,77481,6820161,43326,3489996,34103,3085571,52,244594,35186,1542523,0.200636,42157,2789413,0.362818,35759,4331936,0.563454,7688185
3,2021-04-20,97327,6917488,50409,3540405,46909,3132480,9,244603,47635,1541678,0.200526,49523,2838936,0.36926,48678,4380614,0.569785,7688185
3,2021-04-21,100205,7017693,55280,3595685,44864,3177344,61,244664,47683,1538101,0.20006,52273,2891209,0.376059,48696,4429310,0.576119,7688185
3,2021-04-22,107683,7125376,60024,3655709,47640,3224984,19,244683,46734,1525095,0.198369,60692,2951901,0.383953,47686,4476996,0.582322,7688185
3,2021-04-23,102213,7227589,58229,3713938,43964,3268948,20,244703,45000,1514182,0.196949,56922,3008823,0.391357,46009,4523005,0.588306,7688185
3,2021-04-24,72100,7299689,44803,3758741,27240,3296188,57,244760,35365,1514050,0.196932,36512,3045335,0.396106,36380,4559385,0.593038,7688185
3,2021-04-25,35958,7335647,23245,3781986,12701,3308889,12,244772,18547,1515680,0.197144,17311,3062646,0.398357,18941,4578326,0.595502,7688185
3,2021-04-26,64631,7400278,36345,3818331,27923,3336812,363,245135,27451,1507796,0.196119,36977,3099623,0.403167,29093,4607419,0.599286,7688185
3,2021-04-27,81677,7481955,42564,3860895,37726,3374538,1387,246522,32544,1493554,0.194266,48902,3148525,0.409528,34660,4642079,0.603794,7688185
3,2021-04-28,83201,7565156,46925,3907820,34210,3408748,2066,248588,33720,1480594,0.19258,49267,3197792,0.415936,36307,4678386,0.608516,7688185
3,2021-04-29,85021,7650177,48385,3956205,34499,3443247,2137,250725,29754,1457923,0.189632,55036,3252828,0.423094,32365,4710751,0.612726,7688185
3,2021-04-30,87320,7737497,49189,4005394,35719,3478966,2412,253137,32512,1438718,0.187134,54570,3307398,0.430192,35365,4746116,0.617326,7688185
3,2021-05-01,54003,7791500,34144,4039538,18437,3497403,1422,254559,19496,1425758,0.185448,34356,3341754,0.434661,21396,4767512,0.620109,7688185
3,2021-05-02,26305,7817805,17940,4057478,7360,3504763,1005,255564,9601,1419825,0.184676,16638,3358392,0.436825,10705,4778217,0.621501,7688185
3,2021-05-03,58224,7876029,34198,4091676,21724,3526487,2302,257866,17013,1398273,0.181873,41046,3399438,0.442164,19494,4797711,0.624037,7688185
3,2021-05-04,74848,7950877,42823,4134499,29451,3555938,2574,260440,21812,1370137,0.178213,52802,3452240,0.449032,24666,4822377,0.627245,7688185
3,2021-05-05,70718,8021595,43299,4177798,24856,3580794,2563,263003,19508,1341515,0.17449,50958,3503198,0.45566,22336,4844713,0.63015,7688185
3,2021-05-06,75191,8096786,48601,4226399,24194,3604988,2396,265399,18777,1307178,0.170024,56054,3559252,0.462951,21717,4866430,0.632975,7688185
3,2021-05-07,73275,8170061,46715,4273114,24060,3629048,2500,267899,19645,1276238,0.166,53377,3612629,0.469894,22437,4888867,0.635894,7688185
3,2021-05-08,47337,8217398,29439,4302553,16345,3645393,1553,269452,12613,1256200,0.163394,34461,3647090,0.474376,14423,4903290,0.63777,7688185
3,2021-05-09,19317,8236715,14074,4316627,4497,3649890,746,270198,5291,1248382,0.162377,13923,3661013,0.476187,6105,4909395,0.638564,7688185
3,2021-05-10,38209,8274924,20444,4337071,15983,3665873,1782,271980,9353,1231068,0.160125,28708,3689721,0.479921,11394,4920789,0.640046,7688185
3,2021-05-11,31663,8306587,18380,4355451,12370,3678243,913,272893,6003,1212584,0.15772,25555,3715276,0.483245,7071,4927860,0.640965,7688185
4,2020-12-15,444,444,444,444,0,0,0,0,444,444,5.9e-05,0,0,0.0,444,444,5.9e-05,7584050
4,2020-12-16,2957,3401,2957,3401,0,0,0,0,2957,3401,0.000448,0,0,0.0,2957,3401,0.000448,7584050
4,2020-12-17,8524,11925,8524,11925,0,0,0,0,8524,11925,0.001572,0,0,0.0,8524,11925,0.001572,7584050
4,2020-12-18,15382,27307,15373,27298,9,9,0,0,15382,27307,0.003601,0,0,0.0,15382,27307,0.003601,7584050
4,2020-12-19,10234,37541,10227,37525,7,16,0,0,10169,37476,0.004941,0,0,0.0,10169,37476,0.004941,7584050
4,2020-12-20,7356,44897,7348,44873,8,24,0,0,7310,44786,0.005905,0,0,0.0,7310,44786,0.005905,7584050
4,2020-12-21,16278,61175,16255,61128,23,47,0,0,16211,60997,0.008043,0,0,0.0,16211,60997,0.008043,7584050
4,2020-12-22,17086,78261,16357,77485,729,776,0,0,17042,78039,0.01029,0,0,0.0,17042,78039,0.01029,7584050
4,2020-12-23,16912,95173,14228,91713,2684,3460,0,0,16883,94922,0.012516,0,0,0.0,16883,94922,0.012516,7584050
4,2020-12-24,8535,103708,5953,97666,2582,6042,0,0,8535,103457,0.013641,0,0,0.0,8535,103457,0.013641,7584050
4,2020-12-25,900,104608,796,98462,104,6146,0,0,900,104357,0.01376,0,0,0.0,900,104357,0.01376,7584050
4,2020-12-26,6166,110774,3865,102327,2301,8447,0,0,6166,110523,0.014573,0,0,0.0,6166,110523,0.014573,7584050
4,2020-12-27,3414,114188,1995,104322,1419,9866,0,0,3414,113937,0.015023,0,0,0.0,3414,113937,0.015023,7584050
4,2020-12-28,14950,129138,9238,113560,5712,15578,0,0,14920,128856,0.01699,1,1,0.0,14920,128857,0.016991,7584050
4,2020-12-29,15234,144372,8433,121993,6801,22379,0,0,15200,144056,0.018995,0,1,0.0,15200,144057,0.018995,7584050
4,2020-12-30,18868,163240,11056,133049,7812,30191,0,0,18857,162911,0.021481,2,3,0.0,18857,162914,0.021481,7584050
4,2020-12-31,8188,171428,3319,136368,4869,35060,0,0,8183,171092,0.022559,2,5,1e-06,8183,171097,0.02256,7584050
4,2021-01-01,1224,172652,517,136885,707,35767,0,0,1222,172312,0.02272,2,7,1e-06,1222,172319,0.022721,7584050
4,2021-01-02,5666,178318,3204,140089,2462,38229,0,0,5665,177976,0.023467,1,8,1e-06,5665,177984,0.023468,7584050
4,2021-01-03,2120,180438,1256,141345,864,39093,0,0,2106,180078,0.023744,4,12,2e-06,2106,180090,0.023746,7584050
4,2021-01-04,12939,193377,7058,148403,5881,44974,0,0,12891,192938,0.02544,31,43,6e-06,12891,192981,0.025446,7584050
4,2021-01-05,16754,210131,9901,158304,6853,51827,0,0,14730,205676,0.02712,2003,2046,0.00027,14741,207722,0.027389,7584050
4,2021-01-06,21467,231598,13161,171465,8306,60133,0,0,15630,215532,0.028419,5785,7831,0.001033,15641,223363,0.029452,7584050
4,2021-01-07,27744,259342,16921,188386,10823,70956,0,0,16969,221794,0.029245,10720,18551,0.002446,16982,240345,0.031691,7584050
4,2021-01-08,32618,291960,20929,209315,11689,82645,0,0,18482,226226,0.029829,14067,32618,0.004301,18499,258844,0.03413,7584050
4,2021-01-09,16151,308111,9557,218872,6594,89239,0,0,9418,228944,0.030188,6711,39329,0.005186,9429,268273,0.035373,7584050
4,2021-01-10,8700,316811,5620,224492,3080,92319,0,0,4103,228479,0.030126,4576,43905,0.005789,4111,272384,0.035915,7584050
4,2021-01-11,33232,350043,21768,246260,11464,103783,0,0,18743,232812,0.030698,14449,58354,0.007694,18782,291166,0.038392,7584050
4,2021-01-12,38022,388065,21815,268075,16207,119990,0,0,24012,242902,0.032028,13961,72315,0.009535,24051,315217,0.041563,7584050
4,2021-01-13,38389,426454,18897,286972,19492,139482,0,0,27207,259005,0.034151,11129,83444,0.011003,27232,342449,0.045154,7584050
4,2021-01-14,38862,465316,14845,301817,24017,163499,0,0,31822,283863,0.037429,6991,90435,0.011924,31849,374298,0.049353,7584050
4,2021-01-15,45040,510356,15588,317405,29452,192951,0,0,39525,317949,0.041923,5459,95894,0.012644,39545,413843,0.054568,7584050
4,2021-01-16,28514,538870,9335,326740,19179,212130,0,0,25412,340309,0.044872,3066,98960,0.013048,25426,439269,0.05792,7584050
4,2021-01-17,18940,557810,6646,333386,12294,224424,0,0,17431,356270,0.046976,1484,100444,0.013244,17445,456714,0.06022,7584050
4,2021-01-18,29123,586933,13368,346754,15755,240179,0,0,23177,373631,0.049265,5848,106292,0.014015,23209,479923,0.063281,7584050
4,2021-01-19,45997,632930,23193,369947,22804,262983,0,0,36700,401159,0.052895,9242,115534,0.015234,36770,516693,0.068129,7584050
4,2021-01-20,51502,684432,27322,397269,24180,287163,0,0,41114,432031,0.056966,10292,125826,0.016591,41164,557857,0.073557,7584050
4,2021-01-21,56213,740645,24856,422125,31357,318520,0,0,49845,475610,0.062712,6308,132134,0.017423,49887,607744,0.080134,7584050
4,2021-01-22,54790,795435,22021,444146,32769,351289,0,0,49722,520389,0.068616,4973,137107,0.018078,49752,657496,0.086695,7584050
4,2021-01-23,39363,834798,17404,461550,21959,373248,0,0,35072,551206,0.07268,4283,141390,0.018643,35100,692596,0.091323,7584050
4,2021-01-24,23893,858691,10495,472045,13398,386646,0,0,22024,571386,0.07534,1861,143251,0.018888,22041,714637,0.094229,7584050
4,2021-01-25,47550,906241,21960,494005,25590,412236,0,0,36560,597039,0.078723,10961,154212,0.020334,36614,751251,0.099057,7584050
4,2021-01-26,56193,962434,28673,522678,27520,439756,0,0,44135,629227,0.082967,12003,166215,0.021916,44191,795442,0.104884,7584050
4,2021-01-27,55163,1017597,26681,549359,28482,468238,0,0,44224,662698,0.08738,10803,177018,0.023341,44274,839716,0.110721,7584050
4,2021-01-28,56044,1073641,25297,574656,30747,498985,0,0,46203,699191,0.092192,9751,186769,0.024627,46244,885960,0.116819,7584050
4,2021-01-29,56001,1129642,26930,601586,29071,528056,0,0,45756,734871,0.096897,10103,196872,0.025959,45783,931743,0.122856,7584050
4,2021-01-30,37467,1167109,17065,618651,20402,548458,0,0,32234,761940,0.100466,5188,202060,0.026643,32257,964000,0.127109,7584050
4,2021-01-31,23786,1190895,12501,631152,11285,559743,0,0,22188,782559,0.103185,1582,203642,0.026851,22201,986201,0.130036,7584050
4,2021-02-01,48138,1239033,22698,653850,25440,585183,0,0,37883,810257,0.106837,10226,213868,0.0282,37924,1024125,0.135037,7584050
4,2021-02-02,55823,1294856,26328,680178,29495,614678,0,0,42146,838900,0.110614,13544,227412,0.029986,42187,1066312,0.140599,7584050
4,2021-02-03,61716,1356572,30334,710512,31382,646060,0,0,47557,872461,0.115039,14052,241464,0.031838,47613,1113925,0.146877,7584050
4,2021-02-04,67247,1423819,31370,741882,35877,681937,0,0,50632,906739,0.119559,16459,257923,0.034009,50737,1164662,0.153567,7584050
4,2021-02-05,72611,1496430,33644,775526,38967,720904,0,0,50730,935961,0.123412,21640,279563,0.036862,50862,1215524,0.160274,7584050
4,2021-02-06,47960,1544390,25967,801493,21993,742897,0,0,36543,961315,0.126755,11389,290952,0.038364,36743,1252267,0.165119,7584050
4,2021-02-07,26243,1570633,17313,818806,8930,751827,0,0,19885,975111,0.128574,6325,297277,0.039198,20121,1272388,0.167772,7584050
4,2021-02-08,58081,1628714,29809,848615,28272,780099,0,0,37840,993097,0.130945,20109,317386,0.041849,38095,1310483,0.172795,7584050
4,2021-02-09,66782,1695496,34011,882626,32771,812870,0,0,39279,1005335,0.132559,27439,344825,0.045467,39677,1350160,0.178026,7584050
4,2021-02-10,76841,1772337,38480,921106,38361,851231,0,0,40851,1010962,0.133301,35758,380583,0.050182,41385,1391545,0.183483,7584050
4,2021-02-11,80570,1852907,42007,963113,38563,889794,0,0,41785,1014838,0.133812,38568,419151,0.055267,42444,1433989,0.18908,7584050
4,2021-02-12,83728,1936635,37509,1000622,46219,936013,0,0,43229,1018521,0.134298,40327,459478,0.060585,44010,1477999,0.194883,7584050
4,2021-02-13,58292,1994927,29545,1030167,28747,964760,0,0,29810,1020850,0.134605,28369,487847,0.064325,30698,1508697,0.19893,7584050
4,2021-02-14,36614,2031541,19032,1049199,17582,982342,0,0,18815,1022564,0.134831,17756,505603,0.066667,19470,1528167,0.201497,7584050
4,2021-02-15,45797,2077338,21484,1070683,24313,1006655,0,0,23595,1025196,0.135178,22136,527739,0.069585,24768,1552935,0.204763,7584050
4,2021-02-16,79364,2156702,36321,1107004,43043,1049698,0,0,40586,1028300,0.135587,38687,566426,0.074686,41791,1594726,0.210274,7584050
4,2021-02-17,80588,2237290,37949,1144953,42639,1092337,0,0,38494,1025976,0.135281,41941,608367,0.080217,39617,1634343,0.215497,7584050
4,2021-02-18,82529,2319819,45425,1190378,37104,1129441,0,0,38361,1021778,0.134727,44027,652394,0.086022,39829,1674172,0.220749,7584050
4,2021-02-19,81563,2401382,51319,1241697,30244,1159685,0,0,40966,1022971,0.134885,40464,692858,0.091357,41657,1715829,0.226242,7584050
4,2021-02-20,48201,2449583,32189,1273886,16012,1175697,0,0,26406,1028316,0.135589,21745,714603,0.094224,27090,1742919,0.229814,7584050
4,2021-02-21,25709,2475292,20108,1293994,5601,1181298,0,0,11664,1026271,0.13532,13988,728591,0.096069,11943,1754862,0.231389,7584050
4,2021-02-22,52137,2527429,35880,1329874,16257,1197555,0,0,25372,1025397,0.135204,26682,755273,0.099587,25808,1780670,0.234791,7584050
4,2021-02-23,72307,2599736,39875,1369749,32432,1229987,0,0,31833,1018522,0.134298,40365,795638,0.104909,33490,1814160,0.239207,7584050
4,2021-02-24,87537,2687273,46087,1415836,41450,1271437,0,0,39766,1012845,0.133549,47585,843223,0.111184,41908,1856068,0.244733,7584050
4,2021-02-25,97787,2785060,50823,1466659,46964,1318401,0,0,46989,1011715,0.1334,50655,893878,0.117863,49525,1905593,0.251263,7584050
4,2021-02-26,103901,2888961,52364,1519023,51537,1369938,0,0,53746,1017853,0.13421,49940,943818,0.124448,56078,1961671,0.258657,7584050
4,2021-02-27,74720,2963681,40410,1559433,34304,1404242,6,6,39959,1024644,0.135105,34644,978462,0.129016,41435,2003106,0.264121,7584050
4,2021-02-28,44944,3008625,27848,1587281,17095,1421337,1,7,25052,1030812,0.135918,19763,998225,0.131622,25931,2029037,0.26754,7584050
4,2021-03-01,74485,3083110,43512,1630793,30959,1452296,14,21,41259,1040228,0.13716,33034,1031259,0.135977,42450,2071487,0.273137,7584050
4,2021-03-02,80506,3163616,44909,1675702,35593,1487889,4,25,47199,1056043,0.139245,33167,1064426,0.140351,48982,2120469,0.279596,7584050
4,2021-03-03,97908,3261524,51668,1727370,46229,1534118,11,36,54467,1069025,0.140957,43261,1107687,0.146055,56243,2176712,0.287012,7584050
4,2021-03-04,95448,3356972,52945,1780315,42489,1576607,14,50,52436,1080417,0.142459,42825,1150512,0.151702,54217,2230929,0.294161,7584050
4,2021-03-05,92303,3449275,49355,1829670,42637,1619244,311,361,54670,1099844,0.145021,37467,1187979,0.156642,56894,2287823,0.301662,7584050
4,2021-03-06,74836,3524111,41925,1871595,30310,1649554,2601,2962,45793,1120633,0.147762,28947,1216926,0.160459,49736,2337559,0.30822,7584050
4,2021-03-07,41370,3565481,26227,1897822,13987,1663541,1156,4118,24549,1130655,0.149083,16766,1233692,0.162669,26788,2364347,0.311753,7584050
4,2021-03-08,64990,3630471,33705,1931527,28119,1691660,3166,7284,42710,1155700,0.152386,22177,1255869,0.165593,47222,2411569,0.317979,7584050
4,2021-03-09,73670,3704141,34113,1965640,34467,1726127,5090,12374,38202,1164803,0.153586,35326,1291195,0.170251,44429,2455998,0.323837,7584050
4,2021-03-10,88016,3792157,44646,2010286,35986,1762113,7384,19758,44088,1173472,0.154729,43778,1334973,0.176024,52447,2508445,0.330753,7584050
4,2021-03-11,99737,3891894,52477,2062763,38912,1801025,8348,28106,46249,1175906,0.15505,53296,1388269,0.183051,55730,2564175,0.338101,7584050
4,2021-03-12,103280,3995174,50882,2113645,42208,1843233,10190,38296,44255,1172487,0.154599,58817,1447086,0.190806,55398,2619573,0.345406,7584050
4,2021-03-13,79799,4074973,37088,2150733,34364,1877597,8347,46643,37511,1177330,0.155238,42176,1489262,0.196368,47019,2666592,0.351605,7584050
4,2021-03-14,48988,4123961,27899,2178632,17509,1895106,3580,50223,25139,1182914,0.155974,23775,1513037,0.199503,29359,2695951,0.355476,7584050
4,2021-03-15,82895,4206856,44382,2223014,34319,1929425,4194,54417,42852,1190954,0.157034,39849,1552886,0.204757,47889,2743840,0.361791,7584050
4,2021-03-16,106533,4313389,55305,2278319,47877,1977302,3351,57768,57317,1203312,0.158664,49013,1601899,0.211219,61371,2805211,0.369883,7584050
4,2021-03-17,105001,4418390,56463,2334782,45148,2022450,3390,61158,61967,1226423,0.161711,42822,1644721,0.216866,65933,2871144,0.378577,7584050
4,2021-03-18,105263,4523653,58269,2393051,43387,2065837,3607,64765,60588,1246608,0.164372,44450,1689171,0.222727,64635,2935779,0.387099,7584050
4,2021-03-19,109164,4632817,62490,2455541,41575,2107412,5099,69864,63334,1269821,0.167433,45627,1734798,0.228743,68840,3004619,0.396176,7584050
4,2021-03-20,82247,4715064,48045,2503586,31254,2138666,2948,72812,51460,1293866,0.170604,30675,1765473,0.232788,54720,3059339,0.403391,7584050
4,2021-03-21,47292,4762356,34224,2537810,10843,2149509,2225,75037,28889,1307020,0.172338,18313,1783786,0.235202,31467,3090806,0.40754,7584050
4,2021-03-22,81019,4843375,52931,2590741,25444,2174953,2644,77681,51637,1332816,0.175739,29200,1812986,0.239052,54996,3145802,0.414792,7584050
4,2021-03-23,103162,4946537,61487,2652228,39581,2214534,2094,79775,64587,1361694,0.179547,38335,1851321,0.244107,67213,3213015,0.423654,7584050
4,2021-03-24,112141,5058678,72432,2724660,37409,2251943,2300,82075,64501,1381694,0.182184,47257,1898578,0.250338,67257,3280272,0.432522,7584050
4,2021-03-25,115447,5174125,71140,2795800,42007,2293950,2300,84375,67284,1404000,0.185125,47757,1946335,0.256635,70063,3350335,0.441761,7584050
4,2021-03-26,118024,5292149,71624,2867424,43407,2337357,2993,87368,66245,1422355,0.187546,51482,1997817,0.263424,69837,3420172,0.450969,7584050
4,2021-03-27,90108,5382257,53332,2920756,34997,2372354,1779,89147,46937,1428561,0.188364,42985,2040802,0.269091,49191,3469363,0.457455,7584050
4,2021-03-28,54912,5437169,36122,2956878,17924,2390278,866,90013,30705,1436361,0.189392,24090,2064892,0.272268,31890,3501253,0.46166,7584050
4,2021-03-29,92296,5529465,55456,3012334,34825,2425103,2015,92028,51583,1449974,0.191187,40526,2105418,0.277611,54139,3555392,0.468799,7584050
4,2021-03-30,115784,5645249,63092,3075426,48604,2473707,4088,96116,74060,1487025,0.196073,41544,2146962,0.283089,78595,3633987,0.479162,7584050
4,2021-03-31,119391,5764640,70582,3146008,42616,2516323,6193,102309,69156,1512622,0.199448,49975,2196937,0.289679,75572,3709559,0.489126,7584050
4,2021-04-01,140170,5904810,80209,3226217,47114,2563437,12847,115156,83277,1552388,0.204691,56620,2253557,0.297144,96386,3805945,0.501835,7584050
4,2021-04-02,134355,6039165,72022,3298239,49207,2612644,13126,128282,78192,1588158,0.209408,55941,2309498,0.30452,91711,3897656,0.513928,7584050
4,2021-04-03,99681,6138846,53201,3351440,33378,2646022,13102,141384,52260,1606541,0.211832,47274,2356772,0.310754,65657,3963313,0.522585,7584050
4,2021-04-04,46432,6185278,24491,3375931,14486,2660508,7455,148839,20563,1608817,0.212132,25793,2382565,0.314155,28069,3991382,0.526286,7584050
4,2021-04-05,108176,6293454,61007,3436938,34569,2695077,12600,161439,56864,1627726,0.214625,51153,2433718,0.3209,70062,4061444,0.535524,7584050
4,2021-04-06,137318,6430772,77494,3514432,40277,2735354,19547,180986,71822,1654458,0.21815,65308,2499026,0.329511,92040,4153484,0.54766,7584050
4,2021-04-07,135719,6566491,77140,3591572,38145,2773499,20434,201420,70706,1681133,0.221667,64813,2563839,0.338057,91488,4244972,0.559724,7584050
4,2021-04-08,137980,6704471,77215,3668787,35677,2809176,25088,226508,68879,1706905,0.225065,68879,2632718,0.347139,94651,4339623,0.572204,7584050
4,2021-04-09,135466,6839937,74427,3743214,38432,2847608,22607,249115,65105,1725487,0.227515,70190,2702908,0.356394,88772,4428395,0.583909,7584050
4,2021-04-10,101734,6941671,50425,3793639,32881,2880489,18428,267543,46132,1735685,0.22886,55441,2758349,0.363704,65639,4494034,0.592564,7584050
4,2021-04-11,61850,7003521,37683,3831322,13064,2893553,11103,278646,27304,1740713,0.229523,34469,2792818,0.368249,39497,4533531,0.597772,7584050
4,2021-04-12,101231,7104752,61685,3893007,29770,2923323,9776,288422,51401,1753512,0.231211,49598,2842416,0.374789,62397,4595928,0.605999,7584050
4,2021-04-13,128824,7233576,80789,3973796,47882,2971205,153,288575,77472,1780851,0.234815,51134,2893550,0.381531,78473,4674401,0.616346,7584050
4,2021-04-14,133391,7366967,85026,4058822,48297,3019502,68,288643,74475,1797928,0.237067,58664,2952214,0.389266,75741,4750142,0.626333,7584050
4,2021-04-15,153720,7520687,102502,4161324,51185,3070687,33,288676,95029,1835326,0.241998,58403,3010617,0.396967,95801,4845943,0.638965,7584050
4,2021-04-16,141135,7661822,89753,4251077,51308,3121995,74,288750,82718,1860627,0.245334,58180,3068797,0.404638,83481,4929424,0.649973,7584050
4,2021-04-17,99257,7761079,62749,4313826,36500,3158495,8,288758,58404,1879511,0.247824,40648,3109445,0.409998,59532,4988956,0.657822,7584050
4,2021-04-18,53426,7814505,35859,4349685,17564,3176059,3,288761,30437,1888000,0.248944,22888,3132333,0.413016,31377,5020333,0.661959,7584050
4,2021-04-19,99233,7913738,65567,4415252,33654,3209713,12,288773,50910,1891356,0.249386,48145,3180478,0.419364,51501,5071834,0.66875,7584050
4,2021-04-20,126252,8039990,73993,4489245,52254,3261967,5,288778,66362,1899118,0.250409,59636,3240114,0.427227,67398,5139232,0.677637,7584050
4,2021-04-21,126462,8166452,81246,4570491,45167,3307134,49,288827,64060,1902069,0.250799,62146,3302260,0.435422,65097,5204329,0.68622,7584050
4,2021-04-22,136086,8302538,89700,4660191,46368,3353502,18,288845,61081,1889526,0.249145,74724,3376984,0.445274,62181,5266510,0.694419,7584050
4,2021-04-23,129614,8432152,83951,4744142,45641,3399143,22,288867,56401,1874136,0.247115,72932,3449916,0.454891,57542,5324052,0.702006,7584050
4,2021-04-24,96311,8528463,65384,4809526,30875,3430018,52,288919,44402,1867946,0.246299,51681,3501597,0.461705,45491,5369543,0.708005,7584050
4,2021-04-25,48785,8577248,34665,4844191,14097,3444115,23,288942,25622,1870956,0.246696,23059,3524656,0.464746,26069,5395612,0.711442,7584050
4,2021-04-26,79816,8657064,52617,4896808,26840,3470955,359,289301,31176,1855316,0.244634,48430,3573086,0.471132,32790,5428402,0.715766,7584050
4,2021-04-27,101728,8758792,62165,4958973,37788,3508743,1775,291076,36596,1829524,0.241233,64875,3637961,0.479686,39083,5467485,0.720919,7584050
4,2021-04-28,99014,8857806,64277,5023250,32270,3541013,2467,293543,35411,1804635,0.237951,63380,3701341,0.488043,38491,5505976,0.725994,7584050
4,2021-04-29,100333,8958139,63608,5086858,34248,3575261,2477,296020,31457,1770510,0.233452,68623,3769964,0.497091,34498,5540474,0.730543,7584050
4,2021-04-30,100702,9058841,63386,5150244,34704,3609965,2612,298632,34395,1742090,0.229704,66025,3835989,0.505797,37605,5578079,0.735501,7584050
4,2021-05-01,67898,9126739,45220,5195464,20928,3630893,1750,300382,19788,1716296,0.226303,47954,3883943,0.51212,22160,5600239,0.738423,7584050
4,2021-05-02,37121,9163860,26298,5221762,9555,3640448,1268,301650,10484,1701645,0.224372,26538,3910481,0.515619,11887,5612126,0.739991,7584050
4,2021-05-03,77328,9241188,54121,5275883,20769,3661217,2438,304088,19026,1665332,0.219583,58109,3968590,0.523281,21796,5633922,0.742865,7584050
4,2021-05-04,97428,9338616,66166,5342049,28576,3689793,2686,306774,22006,1615176,0.21297,75203,4043793,0.533197,25047,5658969,0.746167,7584050
4,2021-05-05,95275,9433891,67757,5409806,24834,3714627,2684,309458,20637,1564387,0.206273,74383,4118176,0.543005,23594,5682563,0.749278,7584050
4,2021-05-06,104788,9538679,79352,5489158,22610,3737237,2826,312284,18339,1500584,0.197861,86077,4204253,0.554355,22274,5704837,0.752215,7584050
4,2021-05-07,98075,9636754,71350,5560508,24114,3761351,2611,314895,19254,1444313,0.190441,78530,4282783,0.564709,22259,5727096,0.75515,7584050
4,2021-05-08,63830,9700584,43779,5604287,18207,3779558,1844,316739,12417,1407690,0.185612,51221,4334004,0.571463,14598,5741694,0.757075,7584050
4,2021-05-09,30821,9731405,24913,5629200,4989,3784547,919,317658,7414,1392793,0.183648,23314,4357318,0.574537,8417,5750111,0.758185,7584050
4,2021-05-10,48399,9779804,30480,5659680,15788,3800335,2131,319789,9194,1365326,0.180026,39077,4396395,0.57969,11610,5761721,0.759716,7584050
4,2021-05-11,41586,9821390,23879,5683559,16964,3817299,743,320532,5338,1335400,0.17608,36150,4432545,0.584456,6224,5767945,0.760536,7584050
