vemquartile,administered_date,total_doses,cumulative_total_doses,pfizer_doses,cumulative_pfizer_doses,moderna_doses,cumulative_moderna_doses,jj_doses,cumulative_jj_doses,partially_vaccinated,total_partially_vaccinated,pct_age12pop_partially_vaccinated,fully_vaccinated,cumulative_fully_vaccinated,pct_age12pop_fully_vaccinated,at_least_one_dose,cumulative_at_least_one_dose,pct_age12pop_at_least_one_dose,age12_population
1,2020-12-15,156,156,156,156,0,0,0,0,156,156,1.8e-05,0,0,0.0,156,156,1.8e-05,8700223
1,2020-12-16,1225,1381,1225,1381,0,0,0,0,1225,1381,0.000159,0,0,0.0,1225,1381,0.000159,8700223
1,2020-12-17,4183,5564,4183,5564,0,0,0,0,4184,5565,0.00064,0,0,0.0,4184,5565,0.00064,8700223
1,2020-12-18,6379,11943,6356,11920,23,23,0,0,6381,11945,0.001373,1,1,0.0,6381,11946,0.001373,8700223
1,2020-12-19,2876,14819,2873,14793,3,26,0,0,2875,14819,0.001703,1,2,0.0,2875,14821,0.001704,8700223
1,2020-12-20,2128,16947,2119,16912,9,35,0,0,2129,16948,0.001948,0,2,0.0,2129,16950,0.001948,8700223
1,2020-12-21,7652,24599,7631,24543,21,56,0,0,7701,24649,0.002833,1,3,0.0,7702,24652,0.002833,8700223
1,2020-12-22,7315,31914,6971,31514,344,400,0,0,7316,31963,0.003674,2,5,1e-06,7316,31968,0.003674,8700223
1,2020-12-23,7839,39753,6580,38094,1259,1659,0,0,7834,39796,0.004574,2,7,1e-06,7835,39803,0.004575,8700223
1,2020-12-24,3304,43057,2362,40456,942,2601,0,0,3306,43102,0.004954,0,7,1e-06,3306,43109,0.004955,8700223
1,2020-12-25,239,43296,155,40611,84,2685,0,0,239,43341,0.004982,0,7,1e-06,239,43348,0.004982,8700223
1,2020-12-26,1364,44660,972,41583,392,3077,0,0,1363,44703,0.005138,1,8,1e-06,1363,44711,0.005139,8700223
1,2020-12-27,873,45533,539,42122,334,3411,0,0,873,45575,0.005238,1,9,1e-06,873,45584,0.005239,8700223
1,2020-12-28,7092,52625,4751,46873,2341,5752,0,0,7090,52665,0.006053,0,9,1e-06,7090,52674,0.006054,8700223
1,2020-12-29,8906,61531,4979,51852,3927,9679,0,0,8902,61565,0.007076,2,11,1e-06,8902,61576,0.007078,8700223
1,2020-12-30,11575,73106,6444,58296,5131,14810,0,0,11574,73138,0.008406,1,12,1e-06,11574,73150,0.008408,8700223
1,2020-12-31,5980,79086,1953,60249,4027,18837,0,0,5978,79113,0.009093,4,16,2e-06,5979,79129,0.009095,8700223
1,2021-01-01,592,79678,226,60475,366,19203,0,0,589,79700,0.009161,2,18,2e-06,589,79718,0.009163,8700223
1,2021-01-02,2919,82597,1767,62242,1152,20355,0,0,2919,82619,0.009496,0,18,2e-06,2919,82637,0.009498,8700223
1,2021-01-03,1039,83636,549,62791,490,20845,0,0,1037,83653,0.009615,3,21,2e-06,1037,83674,0.009617,8700223
1,2021-01-04,7385,91021,3591,66382,3794,24639,0,0,7389,91041,0.010464,1,22,3e-06,7389,91063,0.010467,8700223
1,2021-01-05,10868,101889,5248,71630,5620,30259,0,0,10071,100355,0.011535,779,801,9.2e-05,10093,101156,0.011627,8700223
1,2021-01-06,14084,115973,7066,78696,7018,37277,0,0,12161,110642,0.012717,1887,2688,0.000309,12174,113330,0.013026,8700223
1,2021-01-07,17539,133512,9173,87869,8366,45643,0,0,13019,119244,0.013706,4427,7115,0.000818,13029,126359,0.014524,8700223
1,2021-01-08,20212,153724,10499,98368,9713,55356,0,0,14264,127586,0.014665,5931,13046,0.0015,14273,140632,0.016164,8700223
1,2021-01-09,6694,160418,3398,101766,3296,58652,0,0,4840,130578,0.015009,1851,14897,0.001712,4843,145475,0.016721,8700223
1,2021-01-10,3097,163515,1767,103533,1330,59982,0,0,1909,131304,0.015092,1184,16081,0.001848,1910,147385,0.01694,8700223
1,2021-01-11,18074,181589,11847,115380,6227,66209,0,0,11527,136337,0.015671,6537,22618,0.0026,11570,158955,0.01827,8700223
1,2021-01-12,19134,200723,10963,126343,8171,74380,0,0,13139,143549,0.016499,5968,28586,0.003286,13180,172135,0.019785,8700223
1,2021-01-13,19858,220581,10747,137090,9111,83491,0,0,14696,153122,0.0176,5141,33727,0.003877,14714,186849,0.021476,8700223
1,2021-01-14,22039,242620,9453,146543,12586,96077,0,0,19286,169770,0.019513,2697,36424,0.004187,19345,206194,0.0237,8700223
1,2021-01-15,25196,267816,9249,155792,15947,112024,0,0,23250,191173,0.021973,1908,38332,0.004406,23311,229505,0.026379,8700223
1,2021-01-16,13891,281707,4543,160335,9348,121372,0,0,13014,203316,0.023369,874,39206,0.004506,13017,242522,0.027875,8700223
1,2021-01-17,5221,286928,2038,162373,3183,124555,0,0,4852,207803,0.023885,368,39574,0.004549,4855,247377,0.028433,8700223
1,2021-01-18,14339,301267,8608,170981,5731,130286,0,0,11156,215844,0.024809,3170,42744,0.004913,11211,258588,0.029722,8700223
1,2021-01-19,24691,325958,12767,183748,11924,142210,0,0,19534,230296,0.02647,5136,47880,0.005503,19588,278176,0.031973,8700223
1,2021-01-20,29452,355410,14732,198480,14720,156930,0,0,23522,248007,0.028506,5851,53731,0.006176,23562,301738,0.034682,8700223
1,2021-01-21,31244,386654,14666,213146,16578,173508,0,0,27964,272852,0.031361,3215,56946,0.006545,28060,329798,0.037907,8700223
1,2021-01-22,28414,415068,11291,224437,17123,190631,0,0,26346,297228,0.034163,2002,58948,0.006775,26378,356176,0.040939,8700223
1,2021-01-23,18731,433799,8195,232632,10536,201167,0,0,16770,312077,0.03587,1931,60879,0.006997,16780,372956,0.042867,8700223
1,2021-01-24,6688,440487,4159,236791,2529,203696,0,0,6029,317458,0.036488,654,61533,0.007073,6035,378991,0.043561,8700223
1,2021-01-25,25460,465947,10500,247291,14960,218656,0,0,19662,331477,0.0381,5750,67283,0.007733,19769,398760,0.045833,8700223
1,2021-01-26,28837,494784,13487,260778,15350,234006,0,0,22138,347000,0.039884,6637,73920,0.008496,22160,420920,0.04838,8700223
1,2021-01-27,32686,527470,15564,276342,17122,251128,0,0,24564,363542,0.041785,8057,81977,0.009422,24599,445519,0.051208,8700223
1,2021-01-28,35022,562492,16427,292769,18595,269723,0,0,28044,384746,0.044223,6909,88886,0.010217,28113,473632,0.054439,8700223
1,2021-01-29,33730,596222,16482,309251,17248,286971,0,0,27126,405451,0.046602,6461,95347,0.010959,27166,500798,0.057562,8700223
1,2021-01-30,20180,616402,8713,317964,11467,298438,0,0,18040,421393,0.048435,2110,97457,0.011202,18052,518850,0.059636,8700223
1,2021-01-31,7701,624103,5016,322980,2685,301123,0,0,6987,427674,0.049157,709,98166,0.011283,6990,525840,0.06044,8700223
1,2021-02-01,29041,653144,12544,335524,16497,317620,0,0,21195,441079,0.050697,7795,105961,0.012179,21200,547040,0.062877,8700223
1,2021-02-02,32768,685912,11833,347357,20935,338555,0,0,24494,457418,0.052575,8192,114153,0.013121,24531,571571,0.065696,8700223
1,2021-02-03,39688,725600,15272,362629,24416,362971,0,0,28571,475078,0.054605,10949,125102,0.014379,28609,600180,0.068984,8700223
1,2021-02-04,44074,769674,17152,379781,26922,389893,0,0,31765,494708,0.056862,12184,137286,0.01578,31814,631994,0.072641,8700223
1,2021-02-05,46816,816490,17168,396949,29648,419541,0,0,30668,509431,0.058554,15998,153284,0.017618,30721,662715,0.076172,8700223
1,2021-02-06,26557,843047,10489,407438,16068,435609,0,0,20638,524214,0.060253,5871,159155,0.018293,20654,683369,0.078546,8700223
1,2021-02-07,6272,849319,4035,411473,2237,437846,0,0,4625,527230,0.0606,1627,160782,0.01848,4643,688012,0.07908,8700223
1,2021-02-08,31628,880947,14438,425911,17190,455036,0,0,21067,537930,0.061829,10464,171246,0.019683,21164,709176,0.081512,8700223
1,2021-02-09,38607,919554,16983,442894,21624,476660,0,0,23804,547093,0.062883,14721,185967,0.021375,23884,733060,0.084258,8700223
1,2021-02-10,47378,966932,22259,465153,25119,501779,0,0,26969,553859,0.06366,20284,206251,0.023706,27050,760110,0.087367,8700223
1,2021-02-11,51856,1018788,25436,490589,26420,528199,0,0,30956,564338,0.064865,20584,226835,0.026072,31063,791173,0.090937,8700223
1,2021-02-12,50049,1068837,21530,512119,28519,556718,0,0,28709,572003,0.065746,21184,248019,0.028507,28849,820022,0.094253,8700223
1,2021-02-13,26387,1095224,11536,523655,14851,571569,0,0,15267,576296,0.066239,11050,259069,0.029777,15343,835365,0.096017,8700223
1,2021-02-14,11797,1107021,5568,529223,6229,577798,0,0,6716,578028,0.066438,5050,264119,0.030358,6782,842147,0.096796,8700223
1,2021-02-15,23945,1130966,9402,538625,14543,592341,0,0,14572,583468,0.067064,9248,273367,0.031421,14688,856835,0.098484,8700223
1,2021-02-16,47224,1178190,22522,561147,24702,617043,0,0,27534,591511,0.067988,19605,292972,0.033674,27648,884483,0.101662,8700223
1,2021-02-17,48568,1226758,24592,585739,23976,641019,0,0,26129,595505,0.068447,22282,315254,0.036235,26276,910759,0.104682,8700223
1,2021-02-18,51207,1277965,25617,611356,25590,666609,0,0,26512,597800,0.068711,24450,339704,0.039045,26745,937504,0.107756,8700223
1,2021-02-19,46663,1324628,25305,636661,21358,687967,0,0,26115,603589,0.069376,20389,360093,0.041389,26178,963682,0.110765,8700223
1,2021-02-20,27668,1352296,16862,653523,10806,698773,0,0,15785,607632,0.069841,11820,371913,0.042748,15863,979545,0.112588,8700223
1,2021-02-21,12374,1364670,10654,664177,1720,700493,0,0,7431,610231,0.07014,4881,376794,0.043309,7480,987025,0.113448,8700223
1,2021-02-22,31634,1396304,20833,685010,10801,711294,0,0,18189,615173,0.070708,13348,390142,0.044843,18290,1005315,0.11555,8700223
1,2021-02-23,45906,1442210,22278,707288,23628,734922,0,0,25205,620333,0.071301,20408,410550,0.047188,25568,1030883,0.118489,8700223
1,2021-02-24,55917,1498127,26995,734283,28922,763844,0,0,30747,626571,0.072018,24963,435513,0.050058,31201,1062084,0.122075,8700223
1,2021-02-25,68566,1566693,33289,767572,35277,799121,0,0,42391,643462,0.073959,26002,461515,0.053046,42893,1104977,0.127006,8700223
1,2021-02-26,76619,1643312,35885,803457,40734,839855,0,0,50047,667659,0.07674,26327,487842,0.056072,50524,1155501,0.132813,8700223
1,2021-02-27,52801,1696113,24215,827672,28577,868432,9,9,34631,684540,0.078681,18026,505868,0.058144,34907,1190408,0.136825,8700223
1,2021-02-28,20226,1716339,12000,839672,8224,876656,2,11,14824,694193,0.07979,5313,511181,0.058755,14966,1205374,0.138545,8700223
1,2021-03-01,46066,1762405,21319,860991,24697,901353,50,61,29583,707766,0.08135,16298,527479,0.060628,29871,1235245,0.141979,8700223
1,2021-03-02,64770,1827175,28004,888995,36757,938110,9,70,41193,726196,0.083469,23393,550872,0.063317,41823,1277068,0.146786,8700223
1,2021-03-03,71987,1899162,34232,923227,37729,975839,26,96,43749,742494,0.085342,28070,578942,0.066543,44368,1321436,0.151885,8700223
1,2021-03-04,80007,1979169,37518,960745,42453,1018292,36,132,51343,765917,0.088034,28471,607413,0.069816,51894,1373330,0.15785,8700223
1,2021-03-05,78998,2058167,35592,996337,43199,1061491,207,339,52675,793353,0.091188,26075,633488,0.072813,53511,1426841,0.164001,8700223
1,2021-03-06,58006,2116173,27577,1023914,29079,1090570,1350,1689,39275,815691,0.093755,18649,652137,0.074956,40987,1467828,0.168712,8700223
1,2021-03-07,20942,2137115,13032,1036946,6718,1097288,1192,2881,15501,827220,0.09508,5414,657551,0.075579,16943,1484771,0.170659,8700223
1,2021-03-08,46004,2183119,22479,1059425,21567,1118855,1958,4839,32223,848061,0.097476,13676,671227,0.077151,34517,1519288,0.174626,8700223
1,2021-03-09,66707,2249826,32255,1091680,31944,1150799,2508,7347,41025,866401,0.099584,25528,696755,0.080085,43868,1563156,0.179668,8700223
1,2021-03-10,73726,2323552,36716,1128396,32513,1183312,4497,11844,45366,888380,0.10211,28249,725004,0.083332,50228,1613384,0.185442,8700223
1,2021-03-11,90170,2413722,41451,1169847,40711,1224023,8008,19852,52503,911901,0.104814,37434,762438,0.087634,60955,1674339,0.192448,8700223
1,2021-03-12,98928,2512650,43588,1213435,42931,1266954,12409,32261,57806,941651,0.108233,40910,803348,0.092336,70660,1744999,0.200569,8700223
1,2021-03-13,65307,2577957,29538,1242973,28097,1295051,7672,39933,41661,967787,0.111237,23511,826859,0.095039,49647,1794646,0.206276,8700223
1,2021-03-14,27904,2605861,14921,1257894,9411,1304462,3572,43505,15629,974972,0.112063,12201,839060,0.096441,19386,1814032,0.208504,8700223
1,2021-03-15,65250,2671111,28773,1286667,29727,1334189,6750,50255,38345,993739,0.11422,26682,865742,0.099508,45449,1859481,0.213728,8700223
1,2021-03-16,85814,2756925,39125,1325792,41046,1375235,5643,55898,53178,1020505,0.117296,32408,898150,0.103233,59174,1918655,0.220529,8700223
1,2021-03-17,93077,2850002,45372,1371164,41163,1416398,6542,62440,59803,1054171,0.121166,33033,931183,0.10703,66699,1985354,0.228196,8700223
1,2021-03-18,98841,2948843,50958,1422122,42161,1458559,5722,68162,59729,1081357,0.124291,38751,969934,0.111484,65937,2051291,0.235775,8700223
1,2021-03-19,103723,3052566,53722,1475844,43699,1502258,6302,74464,60588,1105930,0.127115,42832,1012766,0.116407,67405,2118696,0.243522,8700223
1,2021-03-20,72517,3125083,37289,1513133,30012,1532270,5216,79680,46491,1132081,0.130121,25837,1038603,0.119377,51988,2170684,0.249498,8700223
1,2021-03-21,27258,3152341,19032,1532165,6419,1538689,1807,81487,16958,1140730,0.131115,10207,1048810,0.12055,18856,2189540,0.251665,8700223
1,2021-03-22,59275,3211616,30627,1562792,25342,1564031,3306,84793,39862,1165087,0.133915,19183,1067993,0.122755,43540,2233080,0.256669,8700223
1,2021-03-23,83411,3295027,42440,1605232,37331,1601362,3640,88433,51190,1188406,0.136595,31964,1099957,0.126429,55283,2288363,0.263023,8700223
1,2021-03-24,88310,3383337,44649,1649881,39293,1640655,4368,92801,52625,1210174,0.139097,35390,1135347,0.130496,57158,2345521,0.269593,8700223
1,2021-03-25,97157,3480494,49657,1699538,41665,1682320,5835,98636,53807,1227004,0.141031,43014,1178361,0.13544,59844,2405365,0.276472,8700223
1,2021-03-26,104873,3585367,51138,1750676,47414,1729734,6321,104957,55982,1241083,0.14265,48516,1226877,0.141017,62595,2467960,0.283666,8700223
1,2021-03-27,74251,3659618,38372,1789048,31662,1761396,4217,109174,38062,1247601,0.143399,35955,1262832,0.145149,42473,2510433,0.288548,8700223
1,2021-03-28,32808,3692426,21483,1810531,10105,1771501,1220,110394,16428,1249429,0.143609,16268,1279100,0.147019,18096,2528529,0.290628,8700223
1,2021-03-29,67406,3759832,33484,1844015,30752,1802253,3170,113564,36994,1259603,0.144778,30191,1309291,0.150489,40365,2568894,0.295268,8700223
1,2021-03-30,92297,3852129,45462,1889477,40441,1842694,6394,119958,47174,1268354,0.145784,44898,1354189,0.15565,53649,2622543,0.301434,8700223
1,2021-03-31,101123,3953252,52799,1942276,42116,1884810,6208,126166,55252,1284333,0.147621,45544,1399733,0.160885,61523,2684066,0.308505,8700223
1,2021-04-01,112810,4066062,54027,1996303,49990,1934800,8793,134959,57286,1295379,0.14889,55072,1454805,0.167215,66118,2750184,0.316105,8700223
1,2021-04-02,111531,4177593,51035,2047338,50772,1985572,9724,144683,56367,1306943,0.150219,54728,1509533,0.173505,66292,2816476,0.323725,8700223
1,2021-04-03,78167,4255760,39354,2086692,29146,2014718,9667,154350,36469,1311625,0.150758,41508,1551041,0.178276,46190,2862666,0.329034,8700223
1,2021-04-04,23795,4279555,11837,2098529,8488,2023206,3470,157820,9948,1311251,0.150715,13778,1564819,0.17986,13404,2876070,0.330574,8700223
1,2021-04-05,76502,4356057,36723,2135252,30410,2053616,9369,167189,34270,1313018,0.150918,42021,1606840,0.18469,43788,2919858,0.335607,8700223
1,2021-04-06,104375,4460432,49320,2184572,38442,2092058,16613,183802,47223,1320038,0.151725,56840,1663680,0.191223,63860,2983718,0.342947,8700223
1,2021-04-07,112071,4572503,54462,2239034,40019,2132077,17590,201392,50461,1326801,0.152502,61295,1724975,0.198268,68058,3051776,0.35077,8700223
1,2021-04-08,122537,4695040,58083,2297117,43443,2175520,21011,222403,54118,1333995,0.153329,67983,1792958,0.206082,75177,3126953,0.359411,8700223
1,2021-04-09,124361,4819401,56697,2353814,46753,2222273,20911,243314,54627,1340195,0.154041,69368,1862326,0.214055,75568,3202521,0.368096,8700223
1,2021-04-10,96225,4915626,42625,2396439,30854,2253127,22746,266060,37758,1342411,0.154296,58247,1920573,0.22075,60463,3262984,0.375046,8700223
1,2021-04-11,36702,4952328,20398,2416837,9435,2262562,6869,272929,14854,1342452,0.154301,21782,1942355,0.223253,21823,3284807,0.377554,8700223
1,2021-04-12,74581,5026909,33322,2450159,31209,2293771,10050,282979,31577,1341511,0.154193,42707,1985062,0.228162,41766,3326573,0.382355,8700223
1,2021-04-13,98290,5125199,52549,2502708,45401,2339172,340,283319,53126,1350468,0.155222,44854,2029916,0.233318,53811,3380384,0.38854,8700223
1,2021-04-14,105105,5230304,54477,2557185,50554,2389726,74,283393,53395,1352983,0.155511,51324,2081240,0.239217,53839,3434223,0.394728,8700223
1,2021-04-15,105965,5336269,57529,2614714,48346,2438072,90,283483,56272,1360424,0.156367,49097,2130337,0.24486,56538,3490761,0.401227,8700223
1,2021-04-16,110811,5447080,56808,2671522,53915,2491987,88,283571,55324,1361079,0.156442,54941,2185278,0.251175,55596,3546357,0.407617,8700223
1,2021-04-17,83443,5530523,45305,2716827,38127,2530114,11,283582,46609,1371267,0.157613,36595,2221873,0.255381,46783,3593140,0.412994,8700223
1,2021-04-18,30305,5560828,20454,2737281,9844,2539958,7,283589,15250,1371765,0.15767,14961,2236834,0.257101,15459,3608599,0.414771,8700223
1,2021-04-19,67162,5627990,33983,2771264,33167,2573125,12,283601,30344,1365801,0.156985,36448,2273282,0.26129,30484,3639083,0.418275,8700223
1,2021-04-20,88544,5716534,44557,2815821,43964,2617089,23,283624,41432,1360713,0.1564,46745,2320027,0.266663,41657,3680740,0.423063,8700223
1,2021-04-21,97832,5814366,51039,2866860,46692,2663781,101,283725,43742,1351275,0.155315,53517,2373544,0.272814,44079,3724819,0.428129,8700223
1,2021-04-22,97633,5911999,51012,2917872,46604,2710385,17,283742,44703,1343808,0.154457,52405,2425949,0.278838,44938,3769757,0.433294,8700223
1,2021-04-23,102588,6014587,52974,2970846,49587,2759972,27,283769,48996,1339995,0.154018,53063,2479012,0.284937,49250,3819007,0.438955,8700223
1,2021-04-24,76375,6090962,47364,3018210,28984,2788956,27,283796,43151,1350358,0.15521,33071,2512083,0.288738,43434,3862441,0.443947,8700223
1,2021-04-25,27334,6118296,17423,3035633,9897,2798853,14,283810,15618,1354535,0.15569,11596,2523679,0.290071,15773,3878214,0.44576,8700223
1,2021-04-26,66447,6184743,34851,3070484,31195,2830048,401,284211,31754,1352654,0.155473,34377,2558056,0.294022,32496,3910710,0.449495,8700223
1,2021-04-27,81763,6266506,43475,3113959,36980,2867028,1308,285519,35688,1344219,0.154504,45771,2603827,0.299283,37336,3948046,0.453787,8700223
1,2021-04-28,81524,6348030,43367,3157326,36647,2903675,1510,287029,35926,1336646,0.153634,45238,2649065,0.304482,37665,3985711,0.458116,8700223
1,2021-04-29,84960,6432990,46751,3204077,36579,2940254,1630,288659,34875,1323614,0.152136,49700,2698765,0.310195,36668,4022379,0.462331,8700223
1,2021-04-30,92525,6525515,50144,3254221,40497,2980751,1884,290543,38913,1311318,0.150722,53257,2752022,0.316316,40961,4063340,0.467039,8700223
1,2021-05-01,63166,6588681,40798,3295019,20942,3001693,1426,291969,26635,1303326,0.149804,36268,2788290,0.320485,28276,4091616,0.470289,8700223
1,2021-05-02,23432,6612113,16584,3311603,6269,3007962,579,292548,9472,1299553,0.14937,13851,2802141,0.322077,10078,4101694,0.471447,8700223
1,2021-05-03,56273,6668386,31199,3342802,23229,3031191,1845,294393,20734,1286906,0.147916,35282,2837423,0.326132,22635,4124329,0.474049,8700223
1,2021-05-04,75814,6744200,43654,3386456,30062,3061253,2098,296491,27230,1268049,0.145749,48268,2885691,0.33168,29411,4153740,0.477429,8700223
1,2021-05-05,78316,6822516,45399,3431855,30613,3091866,2304,298795,26675,1245832,0.143195,51277,2936968,0.337574,29060,4182800,0.480769,8700223
1,2021-05-06,79829,6902345,48499,3480354,29150,3121016,2180,300975,24933,1218606,0.140066,54492,2991460,0.343837,27266,4210066,0.483903,8700223
1,2021-05-07,83343,6985688,47438,3527792,33708,3154724,2197,303172,27865,1193715,0.137205,55017,3046477,0.350161,30126,4240192,0.487366,8700223
1,2021-05-08,57184,7042872,35860,3563652,19679,3174403,1645,304817,19454,1177522,0.135344,37386,3083863,0.354458,21193,4261385,0.489802,8700223
1,2021-05-09,18249,7061121,13077,3576729,4693,3179096,479,305296,5566,1170997,0.134594,12604,3096467,0.355907,6079,4267464,0.490501,8700223
1,2021-05-10,44277,7105398,22377,3599106,20069,3199165,1831,307127,14914,1158760,0.133187,29074,3125541,0.359248,16837,4284301,0.492436,8700223
1,2021-05-11,62565,7167963,33982,3633088,26427,3225592,2156,309283,20584,1139933,0.131023,41684,3167225,0.36404,22857,4307158,0.495063,8700223
1,2021-05-12,62710,7230673,33329,3666417,27322,3252914,2059,311342,20606,1120893,0.128835,41771,3208996,0.368841,22731,4329889,0.497676,8700223
1,2021-05-13,66772,7297445,39140,3705557,25642,3278556,1990,313332,25431,1107643,0.127312,40945,3249941,0.373547,27695,4357584,0.500859,8700223
1,2021-05-14,76417,7373862,46075,3751632,27948,3306504,2394,315726,30870,1096050,0.12598,45133,3295074,0.378734,33540,4391124,0.504714,8700223
1,2021-05-15,66509,7440371,43640,3795272,21111,3327615,1758,317484,26487,1084651,0.124669,39708,3334782,0.383298,28309,4419433,0.507968,8700223
1,2021-05-16,24994,7465365,18406,3813678,5967,3333582,621,318105,10192,1080825,0.12423,14686,3349468,0.384986,10860,4430293,0.509216,8700223
1,2021-05-17,54097,7519462,33063,3846741,19268,3352850,1766,319871,22932,1074680,0.123523,30898,3380366,0.388538,24753,4455046,0.512061,8700223
1,2021-05-18,64940,7584402,39129,3885870,23980,3376830,1831,321702,28157,1068254,0.122785,36501,3416867,0.392733,30075,4485121,0.515518,8700223
1,2021-05-19,66273,7650675,40347,3926217,24001,3400831,1925,323627,29594,1063468,0.122235,36387,3453254,0.396916,31601,4516722,0.51915,8700223
1,2021-05-20,64472,7715147,37347,3963564,24910,3425741,2215,325842,26494,1054751,0.121233,37630,3490884,0.401241,28913,4545635,0.522473,8700223
1,2021-05-21,69880,7785027,41763,4005327,26261,3452002,1856,327698,28810,1044852,0.120095,40661,3531545,0.405914,30762,4576397,0.526009,8700223
1,2021-05-22,55902,7840929,36711,4042038,17468,3469470,1723,329421,24310,1039660,0.119498,31321,3562866,0.409514,26129,4602526,0.529012,8700223
1,2021-05-23,20483,7861412,14317,4056355,5580,3475050,586,330007,9489,1038868,0.119407,10890,3573756,0.410766,10098,4612624,0.530173,8700223
1,2021-05-24,43728,7905140,24368,4080723,17522,3492572,1838,331845,17681,1032674,0.118695,25794,3599550,0.413731,19600,4632224,0.532426,8700223
1,2021-05-25,50841,7955981,29243,4109966,19905,3512477,1693,333538,21076,1026062,0.117935,29480,3629030,0.417119,22868,4655092,0.535054,8700223
1,2021-05-26,48459,8004440,27464,4137430,19103,3531580,1892,335430,20503,1020847,0.117336,27655,3656685,0.420298,22440,4677532,0.537634,8700223
1,2021-05-27,46991,8051431,26351,4163781,18726,3550306,1914,337344,20141,1016460,0.116831,26558,3683243,0.42335,22171,4699703,0.540182,8700223
1,2021-05-28,52486,8103917,29289,4193070,21370,3571676,1827,339171,23528,1013312,0.11647,28627,3711870,0.426641,25479,4725182,0.54311,8700223
1,2021-05-29,30670,8134587,18576,4211646,11131,3582807,963,340134,14619,1013055,0.11644,15893,3727763,0.428468,15636,4740818,0.544908,8700223
1,2021-05-30,11675,8146262,7530,4219176,3590,3586397,555,340689,5525,1013082,0.116443,6077,3733840,0.429166,6104,4746922,0.545609,8700223
1,2021-05-31,5726,8151988,3255,4222431,2217,3588614,254,340943,1992,1011665,0.11628,3676,3737516,0.429589,2259,4749181,0.545869,8700223
1,2021-06-01,45872,8197860,25927,4248358,18374,3606988,1571,342514,17375,1002522,0.115229,28161,3765677,0.432825,19018,4768199,0.548055,8700223
1,2021-06-02,40007,8237867,23196,4271554,15298,3622286,1513,344027,16131,996669,0.114557,23576,3789253,0.435535,17723,4785922,0.550092,8700223
1,2021-06-03,41394,8279261,25925,4297479,13781,3636067,1688,345715,15804,988949,0.113669,25284,3814537,0.438441,17564,4803486,0.552111,8700223
1,2021-06-04,50206,8329467,32105,4329584,16291,3652358,1810,347525,17964,976922,0.112287,31880,3846417,0.442106,19853,4823339,0.554393,8700223
1,2021-06-05,40360,8369827,27515,4357099,10839,3663197,2006,349531,14187,967212,0.111171,25955,3872372,0.445089,16245,4839584,0.55626,8700223
1,2021-06-06,13202,8383029,10563,4367662,2126,3665323,513,350044,4584,963835,0.110783,8534,3880906,0.44607,5157,4844741,0.556853,8700223
1,2021-06-07,34014,8417043,23421,4391083,9237,3674560,1356,351400,12098,955640,0.109841,21700,3902606,0.448564,13505,4858246,0.558405,8700223
1,2021-06-08,42270,8459313,29248,4420331,11366,3685926,1656,353056,14732,944859,0.108602,27259,3929865,0.451697,16478,4874724,0.560299,8700223
1,2021-06-09,42200,8501513,29261,4449592,11290,3697216,1649,354705,13754,932184,0.107145,28136,3958001,0.454931,15461,4890185,0.562076,8700223
1,2021-06-10,39133,8540646,26339,4475931,11093,3708309,1701,356406,13373,921852,0.105957,25509,3983510,0.457863,15177,4905362,0.56382,8700223
1,2021-06-11,44013,8584659,29191,4505122,13138,3721447,1684,358090,15691,911289,0.104743,28014,4011524,0.461083,17451,4922813,0.565826,8700223
1,2021-06-12,33760,8618419,24397,4529519,8150,3729597,1213,359303,11110,901250,0.103589,22430,4033954,0.463661,12391,4935204,0.56725,8700223
1,2021-06-13,11625,8630044,8442,4537961,2703,3732300,480,359783,3385,896978,0.103098,8170,4042124,0.4646,3898,4939102,0.567698,8700223
1,2021-06-14,30938,8660982,20828,4558789,8804,3741104,1306,361089,11592,890757,0.102383,19147,4061271,0.466801,12926,4952028,0.569184,8700223
1,2021-06-15,37257,8698239,24424,4583213,10975,3752079,1858,362947,13812,883344,0.101531,23175,4084446,0.469465,15762,4967790,0.570996,8700223
1,2021-06-16,35448,8733687,23921,4607134,9688,3761767,1839,364786,13289,876633,0.10076,21894,4106340,0.471981,15183,4982973,0.572741,8700223
1,2021-06-17,33591,8767278,22199,4629333,9446,3771213,1946,366732,13120,871563,0.100177,20232,4126572,0.474306,15162,4998135,0.574484,8700223
1,2021-06-18,39646,8806924,25744,4655077,11042,3782255,2860,369592,15414,865945,0.099531,23949,4150521,0.477059,18331,5016466,0.576591,8700223
1,2021-06-19,24027,8830951,16678,4671755,6148,3788403,1201,370793,9804,862935,0.099185,14053,4164574,0.478674,11043,5027509,0.57786,8700223
1,2021-06-20,8154,8839105,5972,4677727,1906,3790309,276,371069,3240,861613,0.099033,4849,4169423,0.479232,3527,5031036,0.578265,8700223
1,2021-06-21,20957,8860062,11856,4689583,6917,3797226,2184,373253,10929,864864,0.099407,9913,4179336,0.480371,13164,5044200,0.579778,8700223
1,2021-06-22,30807,8890869,20103,4709686,8564,3805790,2140,375393,12909,862293,0.099112,17684,4197020,0.482404,15113,5059313,0.581515,8700223
1,2021-06-23,29375,8920244,19713,4729399,7845,3813635,1817,377210,12826,860625,0.09892,16333,4213353,0.484281,14665,5073978,0.583201,8700223
1,2021-06-24,28390,8948634,18911,4748310,7807,3821442,1672,378882,12046,858273,0.09865,16139,4229492,0.486136,13787,5087765,0.584786,8700223
1,2021-06-25,31687,8980321,21471,4769781,8821,3830263,1395,380277,13950,856173,0.098408,17496,4246988,0.488147,15396,5103161,0.586555,8700223
1,2021-06-26,22220,9002541,16477,4786258,4916,3835179,827,381104,9705,854360,0.0982,12395,4259383,0.489572,10582,5113743,0.587771,8700223
1,2021-06-27,9150,9011691,6802,4793060,1916,3837095,432,381536,4057,853838,0.09814,5026,4264409,0.490149,4504,5118247,0.588289,8700223
1,2021-06-28,21104,9032795,15659,4808719,4195,3841290,1250,382786,9786,853799,0.098135,11125,4275534,0.491428,11086,5129333,0.589563,8700223
1,2021-06-29,26574,9059369,18170,4826889,7027,3848317,1377,384163,11709,852259,0.097958,14683,4290217,0.493116,13143,5142476,0.591074,8700223
1,2021-06-30,25864,9085233,17883,4844772,6930,3855247,1051,385214,12301,852337,0.097967,13346,4303563,0.49465,13424,5155900,0.592617,8700223
1,2021-07-01,23637,9108870,16433,4861205,5937,3861184,1267,386481,10944,852084,0.097938,12544,4316107,0.496092,12291,5168191,0.59403,8700223
1,2021-07-02,26333,9135203,18072,4879277,7222,3868406,1039,387520,12312,851687,0.097893,13830,4329937,0.497681,13433,5181624,0.595574,8700223
1,2021-07-03,14597,9149800,10202,4889479,3954,3872360,441,387961,6933,851562,0.097878,7532,4337469,0.498547,7407,5189031,0.596425,8700223
1,2021-07-04,1264,9151064,707,4890186,492,3872852,65,388026,608,851595,0.097882,647,4338116,0.498621,680,5189711,0.596503,8700223
1,2021-07-05,11007,9162071,7583,4897769,3060,3875912,364,388390,5222,851511,0.097872,5715,4343831,0.499278,5631,5195342,0.59715,8700223
1,2021-07-06,27079,9189150,19128,4916897,6817,3882729,1134,389524,10807,847465,0.097407,16087,4359918,0.501127,12041,5207383,0.598534,8700223
1,2021-07-07,23595,9212745,16541,4933438,5926,3888655,1128,390652,10153,845578,0.09719,13254,4373172,0.502651,11367,5218750,0.599841,8700223
1,2021-07-08,22681,9235426,15652,4949090,5944,3894599,1085,391737,9803,843814,0.096988,12743,4385915,0.504115,10979,5229729,0.601103,8700223
1,2021-07-09,26752,9262178,18924,4968014,6675,3901274,1153,392890,12059,842569,0.096845,14518,4400433,0.505784,13273,5243002,0.602628,8700223
1,2021-07-10,17652,9279830,12739,4980753,4156,3905430,757,393647,7848,841543,0.096727,9681,4410114,0.506897,8655,5251657,0.603623,8700223
1,2021-07-11,6746,9286576,4928,4985681,1617,3907047,201,393848,3253,841573,0.09673,3442,4413556,0.507292,3472,5255129,0.604022,8700223
1,2021-07-12,20062,9306638,14396,5000077,4787,3911834,879,394727,8887,840397,0.096595,11036,4424592,0.508561,9860,5264989,0.605156,8700223
1,2021-07-13,22070,9328708,15406,5015483,5869,3917703,795,395522,10311,839973,0.096546,11618,4436210,0.509896,11194,5276183,0.606442,8700223
1,2021-07-14,22075,9350783,15141,5030624,5961,3923664,973,396495,9919,838982,0.096432,11996,4448206,0.511275,11005,5287188,0.607707,8700223
1,2021-07-15,21485,9372268,15285,5045909,5480,3929144,720,397215,10311,839086,0.096444,11031,4459237,0.512543,11135,5298323,0.608987,8700223
1,2021-07-16,26470,9398738,18519,5064428,6965,3936109,986,398201,13051,839953,0.096544,13257,4472494,0.514067,14124,5312447,0.61061,8700223
1,2021-07-17,18375,9417113,13248,5077676,4425,3940534,702,398903,9007,840452,0.096601,9244,4481738,0.515129,9743,5322190,0.61173,8700223
1,2021-07-18,7425,9424538,5478,5083154,1661,3942195,286,399189,3799,840985,0.096662,3569,4485307,0.515539,4102,5326292,0.612202,8700223
1,2021-07-19,20739,9445277,15040,5098194,4877,3947072,822,400011,10409,842121,0.096793,10196,4495503,0.516711,11332,5337624,0.613504,8700223
1,2021-07-20,24429,9469706,16913,5115107,6658,3953730,858,400869,12556,843939,0.097002,11688,4507191,0.518055,13506,5351130,0.615057,8700223
1,2021-07-21,24812,9494518,17454,5132561,6166,3959896,1192,402061,12685,845955,0.097234,11978,4519169,0.519431,13994,5365124,0.616665,8700223
1,2021-07-22,23991,9518509,16944,5149505,6223,3966119,824,402885,13096,849253,0.097613,10710,4529879,0.520662,14008,5379132,0.618275,8700223
1,2021-07-23,28275,9546784,19941,5169446,7336,3973455,998,403883,15727,853674,0.098121,12369,4542248,0.522084,16790,5395922,0.620205,8700223
1,2021-07-24,17882,9564666,12630,5182076,4698,3978153,554,404437,10545,857575,0.098569,7223,4549471,0.522914,11124,5407046,0.621484,8700223
1,2021-07-25,7367,9572033,5287,5187363,1972,3980125,108,404545,5501,861375,0.099006,1828,4551299,0.523124,5628,5412674,0.62213,8700223
1,2021-07-26,20856,9592889,14392,5201755,5731,3985856,733,405278,13433,868304,0.099802,7305,4558604,0.523964,14234,5426908,0.623767,8700223
1,2021-07-27,26263,9619152,18700,5220455,6650,3992506,913,406191,15518,874214,0.100482,10578,4569182,0.52518,16488,5443396,0.625662,8700223
1,2021-07-28,26989,9646141,19096,5239551,7046,3999552,847,407038,16602,881526,0.101322,10204,4579386,0.526353,17516,5460912,0.627675,8700223
1,2021-07-29,25482,9671623,18080,5257631,6693,4006245,709,407747,15990,888950,0.102176,9333,4588719,0.527425,16757,5477669,0.629601,8700223
1,2021-07-30,28740,9700363,20556,5278187,7416,4013661,768,408515,17664,896531,0.103047,10896,4599615,0.528678,18477,5496146,0.631725,8700223
1,2021-07-31,18649,9719012,13546,5291733,4660,4018321,443,408958,11635,901764,0.103648,6870,4606485,0.529467,12103,5508249,0.633116,8700223
1,2021-08-01,5271,9724283,3719,5295452,1448,4019769,104,409062,3573,903789,0.103881,1667,4608152,0.529659,3692,5511941,0.63354,8700223
2,2020-12-15,248,248,248,248,0,0,0,0,248,248,2.9e-05,0,0,0.0,248,248,2.9e-05,8407551
2,2020-12-16,2122,2370,2122,2370,0,0,0,0,2121,2369,0.000282,0,0,0.0,2121,2369,0.000282,8407551
2,2020-12-17,6932,9302,6932,9302,0,0,0,0,6933,9302,0.001106,0,0,0.0,6933,9302,0.001106,8407551
2,2020-12-18,11106,20408,11086,20388,20,20,0,0,11106,20408,0.002427,0,0,0.0,11106,20408,0.002427,8407551
2,2020-12-19,5628,26036,5622,26010,6,26,0,0,5629,26037,0.003097,0,0,0.0,5629,26037,0.003097,8407551
2,2020-12-20,4259,30295,4248,30258,11,37,0,0,4254,30290,0.003603,1,1,0.0,4254,30291,0.003603,8407551
2,2020-12-21,12805,43100,12776,43034,29,66,0,0,12760,43050,0.00512,0,1,0.0,12760,43051,0.005121,8407551
2,2020-12-22,12163,55263,11645,54679,518,584,0,0,12161,55211,0.006567,0,1,0.0,12161,55212,0.006567,8407551
2,2020-12-23,11729,66992,9504,64183,2225,2809,0,0,11732,66943,0.007962,1,2,0.0,11733,66945,0.007962,8407551
2,2020-12-24,5909,72901,3497,67680,2412,5221,0,0,5904,72845,0.008664,4,6,1e-06,5906,72851,0.008665,8407551
2,2020-12-25,488,73389,409,68089,79,5300,0,0,490,73335,0.008723,0,6,1e-06,490,73341,0.008723,8407551
2,2020-12-26,2559,75948,1661,69750,898,6198,0,0,2560,75894,0.009027,1,7,1e-06,2560,75901,0.009028,8407551
2,2020-12-27,2233,78181,1214,70964,1019,7217,0,0,2230,78122,0.009292,2,9,1e-06,2230,78131,0.009293,8407551
2,2020-12-28,11039,89220,7173,78137,3866,11083,0,0,11038,89158,0.010605,2,11,1e-06,11038,89169,0.010606,8407551
2,2020-12-29,12740,101960,7161,85298,5579,16662,0,0,12745,101903,0.01212,0,11,1e-06,12745,101914,0.012122,8407551
2,2020-12-30,15472,117432,8675,93973,6797,23459,0,0,15466,117366,0.01396,5,16,2e-06,15468,117382,0.013961,8407551
2,2020-12-31,7588,125020,2831,96804,4757,28216,0,0,7581,124942,0.014861,5,21,2e-06,7581,124963,0.014863,8407551
2,2021-01-01,1254,126274,621,97425,633,28849,0,0,1253,126191,0.015009,4,25,3e-06,1253,126216,0.015012,8407551
2,2021-01-02,4854,131128,2768,100193,2086,30935,0,0,4851,131040,0.015586,2,27,3e-06,4851,131067,0.015589,8407551
2,2021-01-03,1413,132541,795,100988,618,31553,0,0,1405,132441,0.015753,4,31,4e-06,1405,132472,0.015756,8407551
2,2021-01-04,11698,144239,5561,106549,6137,37690,0,0,11688,144126,0.017142,3,34,4e-06,11688,144160,0.017146,8407551
2,2021-01-05,13896,158135,6949,113498,6947,44637,0,0,12670,155613,0.018509,1218,1252,0.000149,12705,156865,0.018658,8407551
2,2021-01-06,19047,177182,10504,124002,8543,53180,0,0,15214,167064,0.019871,3774,5026,0.000598,15225,172090,0.020469,8407551
2,2021-01-07,23326,200508,13148,137150,10178,63358,0,0,15625,175001,0.020815,7704,12730,0.001514,15641,187731,0.022329,8407551
2,2021-01-08,26922,227430,16229,153379,10693,74051,0,0,16578,181317,0.021566,10288,23018,0.002738,16604,204335,0.024304,8407551
2,2021-01-09,9878,237308,5779,159158,4099,78150,0,0,6291,184037,0.021889,3578,26596,0.003163,6298,210633,0.025053,8407551
2,2021-01-10,5316,242624,2971,162129,2345,80495,0,0,3048,184823,0.021983,2268,28864,0.003433,3054,213687,0.025416,8407551
2,2021-01-11,26049,268673,18010,180139,8039,88534,0,0,14930,188689,0.022443,11115,39979,0.004755,14981,228668,0.027198,8407551
2,2021-01-12,26386,295059,16381,196520,10005,98539,0,0,16767,195925,0.023303,9620,49599,0.005899,16856,245524,0.029203,8407551
2,2021-01-13,28594,323653,15164,211684,13430,111969,0,0,20574,208529,0.024803,8001,57600,0.006851,20605,266129,0.031654,8407551
2,2021-01-14,30618,354271,11668,223352,18950,130919,0,0,26316,230613,0.027429,4309,61909,0.007363,26393,292522,0.034793,8407551
2,2021-01-15,35112,389383,12699,236051,22413,153332,0,0,31812,259226,0.030833,3291,65200,0.007755,31904,324426,0.038587,8407551
2,2021-01-16,18120,407503,5998,242049,12122,165454,0,0,16780,274663,0.032669,1355,66555,0.007916,16792,341218,0.040585,8407551
2,2021-01-17,10548,418051,3555,245604,6993,172447,0,0,9815,283740,0.033748,748,67303,0.008005,9825,351043,0.041753,8407551
2,2021-01-18,19774,437825,11050,256654,8724,181171,0,0,14954,293916,0.034959,4839,72142,0.008581,15015,366058,0.043539,8407551
2,2021-01-19,32635,470460,16962,273616,15673,196844,0,0,24588,310575,0.03694,8045,80187,0.009537,24704,390762,0.046478,8407551
2,2021-01-20,37647,508107,18984,292600,18663,215507,0,0,29020,331090,0.03938,8596,88783,0.01056,29111,419873,0.04994,8407551
2,2021-01-21,41028,549135,17436,310036,23592,239099,0,0,36511,363294,0.04321,4485,93268,0.011093,36689,456562,0.054304,8407551
2,2021-01-22,39635,588770,16566,326602,23069,262168,0,0,36273,396216,0.047126,3379,96647,0.011495,36301,492863,0.058621,8407551
2,2021-01-23,24147,612917,10790,337392,13357,275525,0,0,21168,414455,0.049296,2959,99606,0.011847,21198,514061,0.061143,8407551
2,2021-01-24,12447,625364,6108,343500,6339,281864,0,0,11527,425092,0.050561,904,100510,0.011955,11541,525602,0.062515,8407551
2,2021-01-25,33934,659298,15609,359109,18325,300189,0,0,25087,441525,0.052515,8795,109305,0.013001,25228,550830,0.065516,8407551
2,2021-01-26,40411,699709,19784,378893,20627,320816,0,0,31169,463564,0.055137,9217,118522,0.014097,31256,582086,0.069234,8407551
2,2021-01-27,45684,745393,22662,401555,23022,343838,0,0,35326,488722,0.058129,10230,128752,0.015314,35388,617474,0.073443,8407551
2,2021-01-28,47939,793332,22373,423928,25566,369404,0,0,39189,519303,0.061766,8683,137435,0.016347,39264,656738,0.078113,8407551
2,2021-01-29,45596,838928,21998,445926,23598,393002,0,0,36824,547546,0.065126,8645,146080,0.017375,36888,693626,0.0825,8407551
2,2021-01-30,31289,870217,13316,459242,17973,410975,0,0,27883,572093,0.068045,3368,149448,0.017775,27915,721541,0.085821,8407551
2,2021-01-31,17168,887385,10215,469457,6953,417928,0,0,15957,586882,0.069804,1190,150638,0.017917,15979,737520,0.087721,8407551
2,2021-02-01,41103,928488,19696,489153,21407,439335,0,0,29966,605809,0.072055,11078,161716,0.019235,30005,767525,0.09129,8407551
2,2021-02-02,47929,976417,19469,508622,28460,467795,0,0,36380,630822,0.07503,11462,173178,0.020598,36475,804000,0.095628,8407551
2,2021-02-03,54048,1030465,23798,532420,30250,498045,0,0,39786,656546,0.07809,14158,187336,0.022282,39882,843882,0.100372,8407551
2,2021-02-04,56245,1086710,24160,556580,32085,530130,0,0,40949,682408,0.081166,15186,202522,0.024088,41048,884930,0.105254,8407551
2,2021-02-05,60144,1146854,26220,582800,33924,564054,0,0,40563,703786,0.083709,19371,221893,0.026392,40749,925679,0.110101,8407551
2,2021-02-06,39370,1186224,18361,601161,21009,585063,0,0,31373,727332,0.086509,7921,229814,0.027334,31467,957146,0.113844,8407551
2,2021-02-07,15725,1201949,10442,611603,5283,590346,0,0,11938,735581,0.087491,3758,233572,0.027781,12007,969153,0.115272,8407551
2,2021-02-08,43088,1245037,21887,633490,21201,611547,0,0,29486,751818,0.089422,13458,247030,0.029382,29695,998848,0.118804,8407551
2,2021-02-09,49639,1294676,23430,656920,26209,637756,0,0,30653,764134,0.090887,18683,265713,0.031604,30999,1029847,0.122491,8407551
2,2021-02-10,59643,1354319,27905,684825,31738,669494,0,0,34403,773942,0.092053,24950,290663,0.034572,34758,1064605,0.126625,8407551
2,2021-02-11,64342,1418661,29542,714367,34800,704294,0,0,35815,782099,0.093023,28161,318824,0.037921,36318,1100923,0.130945,8407551
2,2021-02-12,65617,1484278,28206,742573,37411,741705,0,0,34839,787134,0.093622,30465,349289,0.041545,35500,1136423,0.135167,8407551
2,2021-02-13,38128,1522406,15907,758480,22221,763926,0,0,21999,793489,0.094378,16025,365314,0.043451,22380,1158803,0.137829,8407551
2,2021-02-14,20149,1542555,9359,767839,10790,774716,0,0,11195,796146,0.094694,8903,374217,0.04451,11560,1170363,0.139204,8407551
2,2021-02-15,33299,1575854,15002,782841,18297,793013,0,0,18454,800750,0.095242,14706,388923,0.046259,19310,1189673,0.141501,8407551
2,2021-02-16,56549,1632403,27711,810552,28838,821851,0,0,29771,804536,0.095692,26658,415581,0.049429,30444,1220117,0.145122,8407551
2,2021-02-17,61865,1694268,31820,842372,30045,851896,0,0,30706,805010,0.095748,31058,446639,0.053124,31532,1251649,0.148872,8407551
2,2021-02-18,66506,1760774,33511,875883,32995,884891,0,0,32372,804668,0.095708,33865,480504,0.057151,33523,1285172,0.152859,8407551
2,2021-02-19,59864,1820638,33143,909026,26721,911612,0,0,29714,805035,0.095751,29953,510457,0.060714,30320,1315492,0.156466,8407551
2,2021-02-20,37851,1858489,24560,933586,13291,924903,0,0,20561,809096,0.096234,17183,527640,0.062758,21244,1336736,0.158992,8407551
2,2021-02-21,21755,1880244,17601,951187,4154,929057,0,0,10786,809805,0.096319,10878,538518,0.064052,11587,1348323,0.16037,8407551
2,2021-02-22,39502,1919746,26981,978168,12521,941578,0,0,18681,808499,0.096163,20665,559183,0.06651,19359,1367682,0.162673,8407551
2,2021-02-23,53925,1973671,27516,1005684,26409,967987,0,0,23618,803976,0.095625,30040,589223,0.070083,25517,1393199,0.165708,8407551
2,2021-02-24,71243,2044914,36682,1042366,34561,1002548,0,0,32657,800639,0.095229,38367,627590,0.074646,35030,1428229,0.169875,8407551
2,2021-02-25,77323,2122237,36551,1078917,40772,1043320,0,0,39241,804902,0.095736,37802,665392,0.079142,42065,1470294,0.174878,8407551
2,2021-02-26,85940,2208177,36812,1115729,49128,1092448,0,0,46213,813901,0.096806,39409,704801,0.08383,48408,1518702,0.180635,8407551
2,2021-02-27,63015,2271192,29290,1145019,33717,1126165,8,8,34128,820729,0.097618,28641,733442,0.087236,35469,1554171,0.184854,8407551
2,2021-02-28,30984,2302176,18574,1163593,12409,1138574,1,9,18018,826750,0.098334,12835,746277,0.088763,18856,1573027,0.187097,8407551
2,2021-03-01,58758,2360934,30678,1194271,28030,1166604,50,59,32019,833608,0.09915,26414,772691,0.091904,33272,1606299,0.191054,8407551
2,2021-03-02,70359,2431293,33749,1228020,36599,1203203,11,70,39363,844517,0.100447,30803,803494,0.095568,41712,1648011,0.196016,8407551
2,2021-03-03,81442,2512735,39250,1267270,42177,1245380,15,85,46022,857939,0.102044,35202,838696,0.099755,48624,1696635,0.201799,8407551
2,2021-03-04,89127,2601862,43626,1310896,45470,1290850,31,116,51374,874231,0.103982,37497,876193,0.104215,53789,1750424,0.208197,8407551
2,2021-03-05,82816,2684678,38871,1349767,43636,1334486,309,425,50472,895294,0.106487,32111,908304,0.108034,53174,1803598,0.214521,8407551
2,2021-03-06,63318,2747996,30906,1380673,30710,1365196,1702,2127,38835,912919,0.108583,24344,932648,0.11093,41969,1845567,0.219513,8407551
2,2021-03-07,28618,2776614,16256,1396929,10820,1376016,1542,3669,18141,923306,0.109819,10406,943054,0.112168,20793,1866360,0.221986,8407551
2,2021-03-08,50870,2827484,23324,1420253,24979,1400995,2567,6236,31954,940656,0.111882,18808,961862,0.114405,36158,1902518,0.226287,8407551
2,2021-03-09,70718,2898202,32208,1452461,34654,1435649,3856,10092,39129,953531,0.113414,31445,993307,0.118145,44320,1946838,0.231558,8407551
2,2021-03-10,78571,2976773,37160,1489621,34854,1470503,6557,16649,41688,966442,0.114949,36654,1029961,0.122504,49565,1996403,0.237454,8407551
2,2021-03-11,93388,3070161,43072,1532693,41938,1512441,8378,25027,48721,980594,0.116633,44336,1074297,0.127778,58488,2054891,0.24441,8407551
2,2021-03-12,94259,3164420,38756,1571449,43531,1555972,11972,36999,46883,993742,0.118196,47108,1121405,0.133381,60256,2115147,0.251577,8407551
2,2021-03-13,69333,3233753,29006,1600455,32316,1588288,8011,45010,38072,1009995,0.12013,31120,1152525,0.137082,47373,2162520,0.257212,8407551
2,2021-03-14,37064,3270817,18326,1618781,14217,1602505,4521,49531,18598,1015496,0.120784,18358,1170883,0.139266,23859,2186379,0.260049,8407551
2,2021-03-15,67539,3338356,30479,1649260,32044,1634549,5016,54547,37180,1028655,0.122349,30129,1201012,0.142849,43288,2229667,0.265198,8407551
2,2021-03-16,86458,3424814,38262,1687522,44169,1678718,4027,58574,52244,1052051,0.125132,33998,1235010,0.146893,57394,2287061,0.272025,8407551
2,2021-03-17,93036,3517850,44566,1732088,44272,1722990,4198,62772,58915,1082142,0.128711,33836,1268846,0.150917,63927,2350988,0.279628,8407551
2,2021-03-18,98389,3616239,46932,1779020,46858,1769848,4599,67371,59705,1108648,0.131863,38356,1307202,0.15548,64862,2415850,0.287343,8407551
2,2021-03-19,97698,3713937,46228,1825248,45333,1815181,6137,73508,57703,1133323,0.134798,39677,1346879,0.160199,64352,2480202,0.294997,8407551
2,2021-03-20,70075,3784012,33967,1859215,32140,1847321,3968,77476,45679,1159178,0.137873,24153,1371032,0.163072,50008,2530210,0.300945,8407551
2,2021-03-21,33464,3817476,21612,1880827,9851,1857172,2001,79477,19952,1168200,0.138947,13360,1384392,0.164661,22382,2552592,0.303607,8407551
2,2021-03-22,62977,3880453,34665,1915492,25677,1882849,2635,82112,41682,1192359,0.14182,21052,1405444,0.167164,45211,2597803,0.308985,8407551
2,2021-03-23,84091,3964544,44686,1960178,36486,1919335,2919,85031,52271,1216864,0.144735,31525,1436969,0.170914,56030,2653833,0.315649,8407551
2,2021-03-24,92037,4056581,49414,2009592,39447,1958782,3176,88207,53716,1236597,0.147082,37974,1474943,0.175431,57707,2711540,0.322512,8407551
2,2021-03-25,101678,4158259,51265,2060857,46515,2005297,3898,92105,57266,1254493,0.14921,44027,1518970,0.180667,61923,2773463,0.329878,8407551
2,2021-03-26,103746,4262005,51409,2112266,48837,2054134,3500,95605,56401,1268498,0.150876,46938,1565908,0.18625,60943,2834406,0.337126,8407551
2,2021-03-27,75911,4337916,37848,2150114,34756,2088890,3307,98912,37839,1272702,0.151376,37799,1603707,0.190746,42003,2876409,0.342122,8407551
2,2021-03-28,37826,4375742,23355,2173469,13660,2102550,811,99723,20142,1276952,0.151882,17549,1621256,0.192833,21799,2898208,0.344715,8407551
2,2021-03-29,71600,4447342,36387,2209856,32936,2135486,2277,102000,40531,1289820,0.153412,30843,1652099,0.196502,43711,2941919,0.349914,8407551
2,2021-03-30,92247,4539589,45204,2255060,42657,2178143,4386,106386,51623,1306027,0.15534,40405,1692504,0.201308,56612,2998531,0.356647,8407551
2,2021-03-31,101445,4641034,52290,2307350,44040,2222183,5115,111501,57348,1325063,0.157604,43773,1736277,0.206514,62809,3061340,0.364118,8407551
2,2021-04-01,117869,4758903,56917,2364267,51699,2273882,9253,120754,63998,1345271,0.160007,53444,1789721,0.212871,73652,3134992,0.372878,8407551
2,2021-04-02,111841,4870744,51515,2415782,50112,2323994,10214,130968,59878,1364263,0.162266,51560,1841281,0.219003,70552,3205544,0.38127,8407551
2,2021-04-03,76917,4947661,37780,2453562,29303,2353297,9834,140802,38035,1373841,0.163406,38668,1879949,0.223602,48246,3253790,0.387008,8407551
2,2021-04-04,29028,4976689,14937,2468499,10231,2363528,3860,144662,13022,1374855,0.163526,15895,1895844,0.225493,16909,3270699,0.389019,8407551
2,2021-04-05,79243,5055932,38844,2507343,31544,2395072,8855,153517,38170,1381735,0.164345,40881,1936725,0.230355,47761,3318460,0.3947,8407551
2,2021-04-06,104128,5160060,50692,2558035,38709,2433781,14727,168244,49293,1391596,0.165517,54543,1991268,0.236843,64404,3382864,0.40236,8407551
2,2021-04-07,110685,5270745,55206,2613241,39188,2472969,16291,184535,52015,1401790,0.16673,58361,2049629,0.243784,68555,3451419,0.410514,8407551
2,2021-04-08,119523,5390268,57532,2670773,43225,2516194,18766,203301,55411,1412780,0.168037,63729,2113358,0.251364,74719,3526138,0.419401,8407551
2,2021-04-09,119088,5509356,57303,2728076,43644,2559838,18141,221442,56293,1425635,0.169566,62408,2175766,0.258787,75263,3601401,0.428353,8407551
2,2021-04-10,87734,5597090,37851,2765927,31438,2591276,18445,239887,36117,1429514,0.170027,51351,2227117,0.264895,55230,3656631,0.434922,8407551
2,2021-04-11,44518,5641608,23089,2789016,12950,2604226,8479,248366,18219,1430777,0.170178,26149,2253266,0.268005,27412,3684043,0.438183,8407551
2,2021-04-12,80161,5721769,37307,2826323,33412,2637638,9442,257808,35660,1432645,0.1704,44222,2297488,0.273265,46090,3730133,0.443665,8407551
2,2021-04-13,102157,5823926,53006,2879329,48890,2686528,261,258069,55900,1443722,0.171717,45978,2343466,0.278733,57055,3787188,0.450451,8407551
2,2021-04-14,106909,5930835,56000,2935329,50855,2737383,54,258123,54545,1447712,0.172192,52045,2395511,0.284924,56035,3843223,0.457116,8407551
2,2021-04-15,113293,6044128,60122,2995451,53085,2790468,86,258209,58999,1453980,0.172937,53886,2449397,0.291333,60154,3903377,0.46427,8407551
2,2021-04-16,110939,6155067,57494,3052945,53390,2843858,55,258264,56255,1456819,0.173275,54321,2503718,0.297794,57160,3960537,0.471069,8407551
2,2021-04-17,83631,6238698,42533,3095478,41084,2884942,14,258278,46712,1467750,0.174575,36663,2540381,0.302155,47594,4008131,0.47673,8407551
2,2021-04-18,35724,6274422,21655,3117133,14062,2899004,7,258285,17017,1467188,0.174508,18569,2558950,0.304363,18007,4026138,0.478872,8407551
2,2021-04-19,74948,6349370,40325,3157458,34605,2933609,18,258303,34076,1461309,0.173809,40593,2599543,0.309191,34714,4060852,0.483001,8407551
2,2021-04-20,97738,6447108,49466,3206924,48245,2981854,27,258330,47234,1459166,0.173554,50148,2649691,0.315156,48005,4108857,0.48871,8407551
2,2021-04-21,103950,6551058,56260,3263184,47630,3029484,60,258390,49005,1454745,0.173028,54458,2704149,0.321633,50037,4158894,0.494662,8407551
2,2021-04-22,108455,6659513,56073,3319257,52357,3081841,25,258415,47394,1442438,0.171565,60620,2764769,0.328844,48313,4207207,0.500408,8407551
2,2021-04-23,108047,6767560,57470,3376727,50558,3132399,19,258434,49913,1435590,0.17075,57701,2822470,0.335707,50853,4258060,0.506457,8407551
2,2021-04-24,81055,6848615,47725,3424452,33290,3165689,40,258474,42208,1440285,0.171309,38484,2860954,0.340284,43179,4301239,0.511592,8407551
2,2021-04-25,36621,6885236,22547,3446999,14059,3179748,15,258489,19913,1444125,0.171765,16554,2877508,0.342253,20394,4321633,0.514018,8407551
2,2021-04-26,74362,6959598,41184,3488183,32870,3212618,308,258797,34202,1440204,0.171299,39878,2917386,0.346996,35957,4357590,0.518295,8407551
2,2021-04-27,88444,7048042,46649,3534832,40429,3253047,1366,260163,37940,1430643,0.170162,50108,2967494,0.352956,40547,4398137,0.523117,8407551
2,2021-04-28,88329,7136371,47202,3582034,39255,3292302,1872,262035,38985,1423424,0.169303,48989,3016483,0.358783,41770,4439907,0.528086,8407551
2,2021-04-29,91306,7227677,49724,3631758,39866,3332168,1716,263751,35451,1405744,0.1672,55449,3071932,0.365378,37769,4477676,0.532578,8407551
2,2021-04-30,95049,7322726,52526,3684284,40514,3372682,2009,265760,36954,1387750,0.16506,57612,3129544,0.37223,39618,4517294,0.53729,8407551
2,2021-05-01,62592,7385318,38183,3722467,22821,3395503,1588,267348,24392,1376710,0.163747,37870,3167414,0.376734,26830,4544124,0.540481,8407551
2,2021-05-02,29269,7414587,20352,3742819,7938,3403441,979,268327,11116,1370874,0.163053,18018,3185432,0.378878,12182,4556306,0.54193,8407551
2,2021-05-03,60686,7475273,36021,3778840,22602,3426043,2063,270390,20422,1353642,0.161003,39983,3225415,0.383633,22751,4579057,0.544636,8407551
2,2021-05-04,80075,7555348,47813,3826653,29874,3455917,2388,272778,26010,1328728,0.15804,53706,3279121,0.390021,28792,4607849,0.548061,8407551
2,2021-05-05,80686,7636034,48059,3874712,30278,3486195,2349,275127,25269,1301693,0.154824,55019,3334140,0.396565,27984,4635833,0.551389,8407551
2,2021-05-06,83166,7719200,50509,3925221,29730,3515925,2927,278054,25339,1273261,0.151443,57334,3391474,0.403384,28902,4664735,0.554827,8407551
2,2021-05-07,83813,7803013,48393,3973614,32990,3548915,2430,280484,25761,1244258,0.147993,57652,3449126,0.410241,28649,4693384,0.558234,8407551
2,2021-05-08,55624,7858637,33700,4007314,20204,3569119,1720,282204,17445,1226220,0.145847,37933,3487059,0.414753,19895,4713279,0.560601,8407551
2,2021-05-09,21852,7880489,15721,4023035,5381,3574500,750,282954,6359,1218155,0.144888,15405,3502464,0.416586,7340,4720619,0.561474,8407551
2,2021-05-10,50303,7930792,27409,4050444,21016,3595516,1878,284832,14199,1198997,0.14261,35840,3538304,0.420848,16682,4737301,0.563458,8407551
2,2021-05-11,66249,7997041,35859,4086303,28267,3623783,2123,286955,19969,1175809,0.139852,45968,3584272,0.426316,22780,4760081,0.566167,8407551
2,2021-05-12,65105,8062146,34708,4121011,28177,3651960,2220,289175,19186,1151997,0.137019,45605,3629877,0.43174,21793,4781874,0.568759,8407551
2,2021-05-13,70868,8133014,41181,4162192,27741,3679701,1946,291121,25944,1135989,0.135115,44633,3674510,0.437049,28625,4810499,0.572164,8407551
2,2021-05-14,79781,8212795,47814,4210006,29705,3709406,2262,293383,30618,1120723,0.1333,48790,3723300,0.442852,33524,4844023,0.576151,8407551
2,2021-05-15,66355,8279150,43590,4253596,21046,3730452,1719,295102,25704,1108140,0.131803,40397,3763697,0.447657,27814,4871837,0.57946,8407551
2,2021-05-16,31608,8310758,23634,4277230,7047,3737499,927,296029,12850,1103421,0.131242,18624,3782321,0.449872,13905,4885742,0.581114,8407551
2,2021-05-17,57979,8368737,36728,4313958,19311,3756810,1940,297969,22843,1093672,0.130082,34892,3817213,0.454022,25143,4910885,0.584104,8407551
2,2021-05-18,70118,8438855,41036,4354994,27115,3783925,1967,299936,27848,1082031,0.128698,41996,3859209,0.459017,30355,4941240,0.587715,8407551
2,2021-05-19,68791,8507646,40699,4395693,26083,3810008,2009,301945,27194,1070419,0.127316,41283,3900492,0.463927,29671,4970911,0.591244,8407551
2,2021-05-20,69427,8577073,40244,4435937,26997,3837005,2186,304131,26368,1056839,0.125701,42722,3943214,0.469009,29142,5000053,0.59471,8407551
2,2021-05-21,72793,8649866,42954,4478891,27680,3864685,2159,306290,27607,1042333,0.123976,44825,3988039,0.47434,30319,5030372,0.598316,8407551
2,2021-05-22,53389,8703255,33819,4512710,17796,3882481,1774,308064,22270,1036030,0.123226,30884,4018923,0.478014,24581,5054953,0.60124,8407551
2,2021-05-23,24408,8727663,16651,4529361,7032,3889513,725,308789,10253,1033121,0.12288,14027,4032950,0.479682,11118,5066071,0.602562,8407551
2,2021-05-24,44750,8772413,25412,4554773,17570,3907083,1768,310557,17158,1025016,0.121916,27372,4060322,0.482938,19267,5085338,0.604854,8407551
2,2021-05-25,50722,8823135,29687,4584460,19170,3926253,1865,312422,19254,1015513,0.120786,31160,4091482,0.486644,21657,5106995,0.60743,8407551
2,2021-05-26,48661,8871796,27241,4611701,19734,3945987,1686,314108,18977,1007164,0.119793,29354,4120836,0.490135,21005,5128000,0.609928,8407551
2,2021-05-27,46535,8918331,26363,4638064,18435,3964422,1737,315845,18552,1000217,0.118967,27738,4148574,0.493434,20791,5148791,0.612401,8407551
2,2021-05-28,49987,8968318,27601,4665665,20411,3984833,1975,317820,20963,994820,0.118325,28763,4177337,0.496855,23366,5172157,0.61518,8407551
2,2021-05-29,28961,8997279,17350,4683015,10553,3995386,1058,318878,13237,993718,0.118194,15567,4192904,0.498707,14465,5186622,0.6169,8407551
2,2021-05-30,12651,9009930,8149,4691164,3737,3999123,765,319643,5523,992999,0.118108,7073,4199977,0.499548,6354,5192976,0.617656,8407551
2,2021-05-31,5878,9015808,3434,4694598,2141,4001264,303,319946,1822,991177,0.117891,3996,4203973,0.500023,2174,5195150,0.617915,8407551
2,2021-06-01,44729,9060537,25684,4720282,17383,4018647,1662,321608,15563,979912,0.116551,28866,4232839,0.503457,17601,5212751,0.620008,8407551
2,2021-06-02,38179,9098716,22462,4742744,14309,4032956,1408,323016,14934,973573,0.115797,22982,4255821,0.50619,16643,5229394,0.621988,8407551
2,2021-06-03,41348,9140064,26617,4769361,13265,4046221,1466,324482,13905,962123,0.114436,27204,4283025,0.509426,15754,5245148,0.623862,8407551
2,2021-06-04,47971,9188035,31334,4800695,15099,4061320,1538,326020,15496,947504,0.112697,32177,4315202,0.513253,17558,5262706,0.62595,8407551
2,2021-06-05,37837,9225872,26978,4827673,9395,4070715,1464,327484,11806,935388,0.111256,25804,4341006,0.516322,13688,5276394,0.627578,8407551
2,2021-06-06,14891,9240763,12216,4839889,2096,4072811,579,328063,4669,930668,0.110694,10157,4351163,0.51753,5437,5281831,0.628225,8407551
2,2021-06-07,33241,9274004,23253,4863142,8714,4081525,1274,329337,10789,920672,0.109505,22304,4373467,0.520183,12308,5294139,0.629689,8407551
2,2021-06-08,40600,9314604,28732,4891874,10498,4092023,1370,330707,12456,906974,0.107876,27896,4401363,0.523501,14198,5308337,0.631377,8407551
2,2021-06-09,38117,9352721,26607,4918481,10014,4102037,1496,332203,11525,893919,0.106323,26399,4427762,0.526641,13344,5321681,0.632964,8407551
2,2021-06-10,37732,9390453,26231,4944712,9976,4112013,1525,333728,11585,881554,0.104853,25946,4453708,0.529727,13581,5335262,0.63458,8407551
2,2021-06-11,41220,9431673,27347,4972059,12206,4124219,1667,335395,13206,868974,0.103356,27750,4481458,0.533028,15170,5350432,0.636384,8407551
2,2021-06-12,29372,9461045,21607,4993666,6853,4131072,912,336307,8664,858202,0.102075,20570,4502028,0.535474,9798,5360230,0.63755,8407551
2,2021-06-13,12208,9473253,8911,5002577,2679,4133751,618,336925,3102,853047,0.101462,9042,4511070,0.53655,3887,5364117,0.638012,8407551
2,2021-06-14,29853,9503106,21184,5023761,7475,4141226,1194,338119,10347,845455,0.100559,19340,4530410,0.53885,11748,5375865,0.639409,8407551
2,2021-06-15,35510,9538616,23628,5047389,9837,4151063,2045,340164,11930,836464,0.09949,23343,4553753,0.541627,14352,5390217,0.641116,8407551
2,2021-06-16,32887,9571503,22670,5070059,8428,4159491,1789,341953,11301,828449,0.098536,21416,4575169,0.544174,13401,5403618,0.64271,8407551
2,2021-06-17,30774,9602277,20542,5090601,8438,4167929,1794,343747,10874,821598,0.097721,19725,4594894,0.54652,12874,5416492,0.644241,8407551
2,2021-06-18,34665,9636942,22843,5113444,9952,4177881,1870,345617,12643,814565,0.096885,21802,4616696,0.549113,14769,5431261,0.645998,8407551
2,2021-06-19,20902,9657844,14547,5127991,5096,4182977,1259,346876,7898,811071,0.096469,12844,4629540,0.550641,9350,5440611,0.64711,8407551
2,2021-06-20,8267,9666111,5907,5133898,1896,4184873,464,347340,3059,809495,0.096282,5166,4634706,0.551255,3590,5444201,0.647537,8407551
2,2021-06-21,19294,9685405,11808,5145706,6169,4191042,1317,348657,9866,811546,0.096526,9313,4644019,0.552363,11364,5455565,0.648889,8407551
2,2021-06-22,26834,9712239,18378,5164084,7082,4198124,1374,350031,10525,807571,0.096053,16145,4660164,0.554283,12170,5467735,0.650336,8407551
2,2021-06-23,25856,9738095,17853,5181937,6386,4204510,1617,351648,10533,804833,0.095727,15181,4675345,0.556089,12443,5480178,0.651816,8407551
2,2021-06-24,25295,9763390,17215,5199152,6566,4211076,1514,353162,10447,802320,0.095429,14701,4690046,0.557837,12188,5492366,0.653266,8407551
2,2021-06-25,28644,9792034,19422,5218574,7740,4218816,1482,354644,11970,799485,0.095091,16514,4706560,0.559802,13679,5506045,0.654893,8407551
2,2021-06-26,18475,9810509,13612,5232186,3937,4222753,926,355570,7524,797316,0.094833,10864,4717424,0.561094,8695,5514740,0.655927,8407551
2,2021-06-27,8766,9819275,6689,5238875,1631,4224384,446,356016,3515,796198,0.0947,5202,4722626,0.561712,4084,5518824,0.656413,8407551
2,2021-06-28,19706,9838981,14969,5253844,3497,4227881,1240,357256,8676,795403,0.094606,10899,4733525,0.563009,10104,5528928,0.657615,8407551
2,2021-06-29,22587,9861568,15742,5269586,5773,4233654,1072,358328,9614,793486,0.094378,12839,4746364,0.564536,10922,5539850,0.658914,8407551
2,2021-06-30,21832,9883400,15480,5285066,5330,4238984,1022,359350,9718,792477,0.094258,11977,4758341,0.56596,10968,5550818,0.660218,8407551
2,2021-07-01,19701,9903101,13923,5298989,4905,4243889,873,360223,8754,791479,0.094139,10828,4769169,0.567248,9830,5560648,0.661387,8407551
2,2021-07-02,22639,9925740,15615,5314604,6001,4249890,1023,361246,9992,790201,0.093987,12491,4781660,0.568734,11213,5571861,0.662721,8407551
2,2021-07-03,12431,9938171,8962,5323566,3000,4252890,469,361715,5681,789813,0.093941,6658,4788318,0.569526,6270,5578131,0.663467,8407551
2,2021-07-04,987,9939158,581,5324147,339,4253229,67,361782,422,789771,0.093936,554,4788872,0.569592,512,5578643,0.663528,8407551
2,2021-07-05,10971,9950129,8027,5332174,2536,4255765,408,362190,5038,789469,0.0939,5874,4794746,0.57029,5572,5584215,0.66419,8407551
2,2021-07-06,23501,9973630,17099,5349273,5434,4261199,968,363158,9086,785523,0.093431,14276,4809022,0.571988,10330,5594545,0.665419,8407551
2,2021-07-07,20405,9994035,14557,5363830,4753,4265952,1095,364253,8664,783940,0.093242,11605,4820627,0.573369,10022,5604567,0.666611,8407551
2,2021-07-08,18985,10013020,13225,5377055,4735,4270687,1025,365278,8011,782312,0.093049,10871,4831498,0.574662,9243,5613810,0.66771,8407551
2,2021-07-09,22298,10035318,15443,5392498,5628,4276315,1227,366505,9420,780422,0.092824,12744,4844242,0.576178,10854,5624664,0.669001,8407551
2,2021-07-10,14081,10049399,10381,5402879,3014,4279329,686,367191,6163,779602,0.092726,7825,4852067,0.577108,7005,5631669,0.669835,8407551
2,2021-07-11,6534,10055933,4799,5407678,1386,4280715,349,367540,3082,779695,0.092737,3407,4855474,0.577513,3500,5635169,0.670251,8407551
2,2021-07-12,18077,10074010,13285,5420963,3928,4284643,864,368404,7778,778353,0.092578,10189,4865663,0.578725,8847,5644016,0.671303,8407551
2,2021-07-13,19312,10093322,13626,5434589,4806,4289449,880,369284,8635,777527,0.09248,10537,4876200,0.579979,9711,5653727,0.672458,8407551
2,2021-07-14,18454,10111776,13181,5447770,4497,4293946,776,370060,8240,776652,0.092376,10096,4886296,0.581179,9221,5662948,0.673555,8407551
2,2021-07-15,18594,10130370,13505,5461275,4409,4298355,680,370740,8455,775971,0.092295,10028,4896324,0.582372,9347,5672295,0.674667,8407551
2,2021-07-16,22518,10152888,16208,5477483,5489,4303844,821,371561,10763,776135,0.092314,11624,4907948,0.583755,11788,5684083,0.676069,8407551
2,2021-07-17,14159,10167047,10328,5487811,3323,4307167,508,372069,6855,776415,0.092347,7214,4915162,0.584613,7494,5691577,0.67696,8407551
2,2021-07-18,6961,10174008,5203,5493014,1434,4308601,324,372393,3533,776956,0.092412,3385,4918547,0.585015,3926,5695503,0.677427,8407551
2,2021-07-19,18193,10192201,13564,5506578,3903,4312504,726,373119,9027,777844,0.092517,9053,4927600,0.586092,9941,5705444,0.67861,8407551
2,2021-07-20,20529,10212730,14639,5521217,5067,4317571,823,373942,10399,779282,0.092688,10001,4937601,0.587282,11439,5716883,0.67997,8407551
2,2021-07-21,20079,10232809,14610,5535827,4715,4322286,754,374696,10401,781079,0.092902,9551,4947152,0.588418,11348,5728231,0.68132,8407551
2,2021-07-22,20001,10252810,14288,5550115,4875,4327161,838,375534,10701,783631,0.093206,9156,4956308,0.589507,11708,5739939,0.682712,8407551
2,2021-07-23,23924,10276734,16752,5566867,6153,4333314,1019,376553,13057,787174,0.093627,10720,4967028,0.590782,14263,5754202,0.684409,8407551
2,2021-07-24,14581,10291315,10517,5577384,3573,4336887,491,377044,8145,789587,0.093914,6331,4973359,0.591535,8744,5762946,0.685449,8407551
2,2021-07-25,6574,10297889,4823,5582207,1615,4338502,136,377180,4861,792951,0.094314,1672,4975031,0.591734,5036,5767982,0.686048,8407551
2,2021-07-26,18597,10316486,13135,5595342,4712,4343214,750,377930,11777,798893,0.095021,6705,4981736,0.592531,12647,5780629,0.687552,8407551
2,2021-07-27,22204,10338690,16059,5611401,5315,4348529,830,378760,13020,803850,0.09561,9036,4990772,0.593606,13993,5794622,0.689216,8407551
2,2021-07-28,22113,10360803,15856,5627257,5387,4353916,870,379630,13093,809120,0.096237,8869,4999641,0.594661,14139,5808761,0.690898,8407551
2,2021-07-29,20718,10381521,14890,5642147,5008,4358924,820,380450,12538,814570,0.096886,8048,5007689,0.595618,13498,5822259,0.692504,8407551
2,2021-07-30,24684,10406205,17734,5659881,6129,4365053,821,381271,14867,820806,0.097627,9640,5017329,0.596765,15876,5838135,0.694392,8407551
2,2021-07-31,14941,10421146,11015,5670896,3478,4368531,448,381719,9045,824643,0.098084,5783,5023112,0.597452,9620,5847755,0.695536,8407551
2,2021-08-01,4474,10425620,3239,5674135,1118,4369649,117,381836,2864,826084,0.098255,1575,5024687,0.59764,3016,5850771,0.695895,8407551
3,2020-12-15,321,321,321,321,0,0,0,0,321,321,3.9e-05,0,0,0.0,321,321,3.9e-05,8129050
3,2020-12-16,2462,2783,2462,2783,0,0,0,0,2463,2784,0.000342,0,0,0.0,2463,2784,0.000342,8129050
3,2020-12-17,7852,10635,7852,10635,0,0,0,0,7852,10636,0.001308,0,0,0.0,7852,10636,0.001308,8129050
3,2020-12-18,13448,24083,13430,24065,18,18,0,0,13447,24083,0.002963,0,0,0.0,13447,24083,0.002963,8129050
3,2020-12-19,7268,31351,7255,31320,13,31,0,0,7331,31414,0.003864,0,0,0.0,7331,31414,0.003864,8129050
3,2020-12-20,5670,37021,5660,36980,10,41,0,0,5717,37130,0.004568,1,1,0.0,5717,37131,0.004568,8129050
3,2020-12-21,14386,51407,14360,51340,26,67,0,0,14450,51579,0.006345,1,2,0.0,14450,51581,0.006345,8129050
3,2020-12-22,14843,66250,14264,65604,579,646,0,0,14880,66456,0.008175,3,5,1e-06,14880,66461,0.008176,8129050
3,2020-12-23,14844,81094,12242,77846,2602,3248,0,0,14860,81315,0.010003,2,7,1e-06,14861,81322,0.010004,8129050
3,2020-12-24,6788,87882,4869,82715,1919,5167,0,0,6785,88098,0.010837,2,9,1e-06,6785,88107,0.010839,8129050
3,2020-12-25,724,88606,666,83381,58,5225,0,0,722,88820,0.010926,0,9,1e-06,722,88829,0.010927,8129050
3,2020-12-26,4623,93229,2999,86380,1624,6849,0,0,4621,93441,0.011495,0,9,1e-06,4621,93450,0.011496,8129050
3,2020-12-27,2986,96215,1856,88236,1130,7979,0,0,2986,96427,0.011862,0,9,1e-06,2986,96436,0.011863,8129050
3,2020-12-28,13645,109860,8728,96964,4917,12896,0,0,13670,110096,0.013544,1,10,1e-06,13670,110106,0.013545,8129050
3,2020-12-29,15045,124905,8469,105433,6576,19472,0,0,15072,125166,0.015397,2,12,1e-06,15072,125178,0.015399,8129050
3,2020-12-30,18058,142963,10071,115504,7987,27459,0,0,18063,143228,0.017619,2,14,2e-06,18064,143242,0.017621,8129050
3,2020-12-31,8458,151421,3247,118751,5211,32670,0,0,8457,151683,0.018659,2,16,2e-06,8457,151699,0.018661,8129050
3,2021-01-01,1586,153007,754,119505,832,33502,0,0,1583,153265,0.018854,1,17,2e-06,1583,153282,0.018856,8129050
3,2021-01-02,4942,157949,2425,121930,2517,36019,0,0,4942,158207,0.019462,0,17,2e-06,4942,158224,0.019464,8129050
3,2021-01-03,1618,159567,850,122780,768,36787,0,0,1609,159814,0.01966,2,19,2e-06,1609,159833,0.019662,8129050
3,2021-01-04,12057,171624,5973,128753,6084,42871,0,0,12028,171834,0.021138,8,27,3e-06,12028,171861,0.021142,8129050
3,2021-01-05,15751,187375,8155,136908,7596,50467,0,0,14077,184281,0.022669,1659,1686,0.000207,14106,185967,0.022877,8129050
3,2021-01-06,20624,207999,10911,147819,9713,60180,0,0,16067,195846,0.024092,4511,6197,0.000762,16076,202043,0.024854,8129050
3,2021-01-07,26671,234670,15246,163065,11425,71605,0,0,17191,203611,0.025047,9443,15640,0.001924,17208,219251,0.026971,8129050
3,2021-01-08,30689,265359,18753,181818,11936,83541,0,0,18196,209359,0.025754,12471,28111,0.003458,18219,237470,0.029213,8129050
3,2021-01-09,12470,277829,7052,188870,5418,88959,0,0,7934,212773,0.026174,4529,32640,0.004015,7943,245413,0.03019,8129050
3,2021-01-10,7228,285057,4486,193356,2742,91701,0,0,4070,213693,0.026288,3156,35796,0.004403,4076,249489,0.030691,8129050
3,2021-01-11,29171,314228,19099,212455,10072,101773,0,0,16508,217591,0.026767,12656,48452,0.00596,16554,266043,0.032727,8129050
3,2021-01-12,32644,346872,19496,231951,13148,114921,0,0,19995,225107,0.027692,12627,61079,0.007514,20143,286186,0.035205,8129050
3,2021-01-13,34586,381458,18053,250004,16533,131454,0,0,24353,239263,0.029433,10218,71297,0.008771,24374,310560,0.038204,8129050
3,2021-01-14,34776,416234,14220,264224,20556,152010,0,0,28843,262252,0.032261,5892,77189,0.009495,28881,339441,0.041757,8129050
3,2021-01-15,39027,455261,14454,278678,24573,176583,0,0,34337,291990,0.035919,4671,81860,0.01007,34409,373850,0.045989,8129050
3,2021-01-16,21798,477059,7432,286110,14366,190949,0,0,19462,309148,0.03803,2325,84185,0.010356,19483,393333,0.048386,8129050
3,2021-01-17,13158,490217,4462,290572,8696,199645,0,0,12116,320243,0.039395,1041,85226,0.010484,12136,405469,0.049879,8129050
3,2021-01-18,24806,515023,12962,303534,11844,211489,0,0,19190,333872,0.041071,5604,90830,0.011174,19233,424702,0.052245,8129050
3,2021-01-19,41153,556176,20905,324439,20248,231737,0,0,32017,356876,0.043901,9100,99930,0.012293,32104,456806,0.056194,8129050
3,2021-01-20,46255,602431,23040,347479,23215,254952,0,0,36668,384088,0.047249,9540,109470,0.013467,36752,493558,0.060715,8129050
3,2021-01-21,48127,650558,20876,368355,27251,282203,0,0,42600,421307,0.051827,5459,114929,0.014138,42678,536236,0.065965,8129050
3,2021-01-22,49840,700398,19855,388210,29985,312188,0,0,45606,462781,0.056929,4205,119134,0.014655,45679,581915,0.071585,8129050
3,2021-01-23,30390,730788,12809,401019,17581,329769,0,0,27088,486630,0.059863,3294,122428,0.015061,27143,609058,0.074924,8129050
3,2021-01-24,17899,748687,8493,409512,9406,339175,0,0,16709,502183,0.061776,1187,123615,0.015207,16740,625798,0.076983,8129050
3,2021-01-25,40917,789604,18233,427745,22684,361859,0,0,30914,523212,0.064363,9975,133590,0.016434,31004,656802,0.080797,8129050
3,2021-01-26,47424,837028,22638,450383,24786,386645,0,0,37221,550369,0.067704,10170,143760,0.017685,37327,694129,0.085389,8129050
3,2021-01-27,51553,888581,24542,474925,27011,413656,0,0,40861,580691,0.071434,10621,154381,0.018991,40943,735072,0.090425,8129050
3,2021-01-28,52023,940604,24134,499059,27889,441545,0,0,43056,614924,0.075645,8882,163263,0.020084,43115,778187,0.095729,8129050
3,2021-01-29,51125,991729,24524,523583,26601,468146,0,0,41339,646705,0.079555,9608,172871,0.021266,41389,819576,0.100821,8129050
3,2021-01-30,37421,1029150,17761,541344,19660,487806,0,0,32693,674811,0.083012,4673,177544,0.021841,32779,852355,0.104853,8129050
3,2021-01-31,22498,1051648,12795,554139,9703,497509,0,0,21074,694497,0.085434,1409,178953,0.022014,21095,873450,0.107448,8129050
3,2021-02-01,46021,1097669,21042,575181,24979,522488,0,0,35073,718707,0.088412,10897,189850,0.023355,35107,908557,0.111767,8129050
3,2021-02-02,54588,1152257,22767,597948,31821,554309,0,0,42086,748438,0.09207,12406,202256,0.024881,42137,950694,0.11695,8129050
3,2021-02-03,60198,1212455,26712,624660,33486,587795,0,0,44755,777953,0.0957,15313,217569,0.026764,44828,995522,0.122465,8129050
3,2021-02-04,64548,1277003,27928,652588,36620,624415,0,0,47260,808235,0.099426,17092,234661,0.028867,47374,1042896,0.128292,8129050
3,2021-02-05,70524,1347527,29798,682386,40726,665141,0,0,48690,835517,0.102782,21590,256251,0.031523,48872,1091768,0.134305,8129050
3,2021-02-06,43748,1391275,20972,703358,22776,687917,0,0,34082,860162,0.105813,9620,265871,0.032706,34265,1126033,0.13852,8129050
3,2021-02-07,19755,1411030,12563,715921,7192,695109,0,0,15156,870864,0.10713,4580,270451,0.03327,15282,1141315,0.1404,8129050
3,2021-02-08,51636,1462666,24945,740866,26691,721800,0,0,33840,887239,0.109144,17656,288107,0.035442,34031,1175346,0.144586,8129050
3,2021-02-09,58892,1521558,28515,769381,30377,752177,0,0,34438,897849,0.110449,24176,312283,0.038416,34786,1210132,0.148865,8129050
3,2021-02-10,68492,1590050,31873,801254,36619,788796,0,0,36716,903594,0.111156,31479,343762,0.042288,37224,1247356,0.153444,8129050
3,2021-02-11,70917,1660967,34869,836123,36048,824844,0,0,37678,908922,0.111812,32892,376654,0.046334,38220,1285576,0.158146,8129050
3,2021-02-12,75796,1736763,32695,868818,43101,867945,0,0,41750,917711,0.112893,33735,410389,0.050484,42524,1328100,0.163377,8129050
3,2021-02-13,45309,1782072,20529,889347,24780,892725,0,0,26072,925245,0.11382,19121,429510,0.052836,26655,1354755,0.166656,8129050
3,2021-02-14,27444,1809516,13721,903068,13723,906448,0,0,15225,928766,0.114253,12157,441667,0.054332,15678,1370433,0.168585,8129050
3,2021-02-15,40332,1849848,17365,920433,22967,929415,0,0,22269,934024,0.1149,17952,459619,0.05654,23210,1393643,0.17144,8129050
3,2021-02-16,70553,1920401,33381,953814,37172,966587,0,0,36613,937874,0.115373,33793,493412,0.060697,37643,1431286,0.176071,8129050
3,2021-02-17,72401,1992802,36570,990384,35831,1002418,0,0,34278,935343,0.115062,37882,531294,0.065357,35351,1466637,0.180419,8129050
3,2021-02-18,77501,2070303,40472,1030856,37029,1039447,0,0,35804,930994,0.114527,41497,572791,0.070462,37148,1503785,0.184989,8129050
3,2021-02-19,69600,2139903,40112,1070968,29488,1068935,0,0,35102,932465,0.114708,34330,607121,0.074685,35801,1539586,0.189393,8129050
3,2021-02-20,43278,2183181,27316,1098284,15962,1084897,0,0,22604,935023,0.115022,20551,627672,0.077213,23109,1562695,0.192236,8129050
3,2021-02-21,24293,2207474,19531,1117815,4762,1089659,0,0,11822,934863,0.115003,12374,640046,0.078736,12214,1574909,0.193738,8129050
3,2021-02-22,47583,2255057,30965,1148780,16618,1106277,0,0,22225,932363,0.114695,25208,665254,0.081837,22708,1597617,0.196532,8129050
3,2021-02-23,63613,2318670,34555,1183335,29058,1135335,0,0,27697,926369,0.113958,35684,700938,0.086226,29690,1627307,0.200184,8129050
3,2021-02-24,79861,2398531,39233,1222568,40628,1175963,0,0,35253,919797,0.113149,44346,745284,0.091682,37774,1665081,0.204831,8129050
3,2021-02-25,89547,2488078,43588,1266156,45959,1221922,0,0,44549,922263,0.113453,44684,789968,0.097178,47150,1712231,0.210631,8129050
3,2021-02-26,100588,2588666,46017,1312173,54571,1276493,0,0,53082,930483,0.114464,47071,837039,0.102969,55291,1767522,0.217433,8129050
3,2021-02-27,71351,2660017,32783,1344956,38564,1315057,4,4,37678,936052,0.115149,33428,870467,0.107081,38997,1806519,0.22223,8129050
3,2021-02-28,41561,2701578,24004,1368960,17553,1332610,4,8,21322,938299,0.115425,20032,890499,0.109545,22279,1828798,0.224971,8129050
3,2021-03-01,70046,2771624,37173,1406133,32834,1365444,39,47,38870,947626,0.116573,30923,921422,0.113349,40250,1869048,0.229922,8129050
3,2021-03-02,81107,2852731,40002,1446135,41097,1406541,8,55,46751,962280,0.118375,34186,955608,0.117555,48840,1917888,0.23593,8129050
3,2021-03-03,91257,2943988,43652,1489787,47582,1454123,23,78,50914,975395,0.119989,40097,995705,0.122487,53212,1971100,0.242476,8129050
3,2021-03-04,95376,3039364,46602,1536389,48753,1502876,21,99,53922,990422,0.121837,41195,1036900,0.127555,56222,2027322,0.249392,8129050
3,2021-03-05,91780,3131144,44927,1581316,46561,1549437,292,391,55814,1013082,0.124625,35683,1072583,0.131944,58343,2085665,0.256569,8129050
3,2021-03-06,66153,3197297,33515,1614831,30475,1579912,2163,2554,37749,1026211,0.12624,28244,1100827,0.135419,41373,2127038,0.261659,8129050
3,2021-03-07,39251,3236548,22692,1637523,14663,1594575,1896,4450,22068,1034238,0.127227,17099,1117926,0.137522,25126,2152164,0.26475,8129050
3,2021-03-08,60229,3296777,28699,1666222,28525,1623100,3005,7455,38098,1054909,0.12977,21962,1139888,0.140224,42633,2194797,0.269994,8129050
3,2021-03-09,77481,3374258,35772,1701994,37222,1660322,4487,11942,41598,1066401,0.131184,35726,1175614,0.144619,47218,2242015,0.275803,8129050
3,2021-03-10,83365,3457623,41488,1743482,35740,1696062,6137,18079,43537,1077856,0.132593,39591,1215205,0.149489,51046,2293061,0.282082,8129050
3,2021-03-11,97657,3555280,47677,1791159,41323,1737385,8657,26736,47856,1085905,0.133583,49510,1264715,0.15558,57559,2350620,0.289163,8129050
3,2021-03-12,102372,3657652,45580,1836739,44879,1782264,11913,38649,46945,1090685,0.134171,55172,1319887,0.162367,59952,2410572,0.296538,8129050
3,2021-03-13,70763,3728415,29779,1866518,33694,1815958,7290,45939,37395,1103476,0.135745,33225,1353112,0.166454,46016,2456588,0.302199,8129050
3,2021-03-14,41416,3769831,21633,1888151,16218,1832176,3565,49504,20849,1108030,0.136305,20477,1373589,0.168973,25031,2481619,0.305278,8129050
3,2021-03-15,76037,3845868,36049,1924200,35419,1867595,4569,54073,40033,1117856,0.137514,35761,1409350,0.173372,45587,2527206,0.310886,8129050
3,2021-03-16,95430,3941298,43995,1968195,47091,1914686,4344,58417,53661,1135246,0.139653,41507,1450857,0.178478,58897,2586103,0.318131,8129050
3,2021-03-17,98746,4040044,47966,2016161,46222,1960908,4558,62975,59916,1161784,0.142918,38575,1489432,0.183223,65113,2651216,0.326141,8129050
3,2021-03-18,104079,4144123,52896,2069057,46651,2007559,4532,67507,59654,1182390,0.145452,44109,1533541,0.188649,64715,2715931,0.334102,8129050
3,2021-03-19,103643,4247766,55566,2124623,43600,2051159,4477,71984,57619,1199292,0.147532,45727,1579268,0.194275,62629,2778560,0.341806,8129050
3,2021-03-20,72205,4319971,37218,2161841,31316,2082475,3671,75655,44390,1220250,0.15011,27599,1606867,0.19767,48557,2827117,0.34778,8129050
3,2021-03-21,36408,4356379,24750,2186591,10149,2092624,1509,77164,21858,1229655,0.151267,14438,1621305,0.199446,23843,2850960,0.350713,8129050
3,2021-03-22,70826,4427205,41634,2228225,26663,2119287,2529,79693,45025,1252675,0.154099,25547,1646852,0.202588,48567,2899527,0.356687,8129050
3,2021-03-23,90216,4517421,49906,2278131,37767,2157054,2543,82236,55157,1276301,0.157005,34773,1681625,0.206866,58399,2957926,0.363871,8129050
3,2021-03-24,99250,4616671,57100,2335231,39215,2196269,2935,85171,56208,1293384,0.159106,42660,1724285,0.212114,59743,3017669,0.37122,8129050
3,2021-03-25,107921,4724592,59912,2395143,45025,2241294,2984,88155,60589,1310618,0.161226,46972,1771257,0.217892,64206,3081875,0.379119,8129050
3,2021-03-26,111252,4835844,59661,2454804,48239,2289533,3352,91507,57088,1318092,0.162146,53802,1825059,0.224511,61276,3143151,0.386657,8129050
3,2021-03-27,75012,4910856,38120,2492924,34336,2323869,2556,94063,36134,1318820,0.162235,38623,1863682,0.229262,39351,3182502,0.391497,8129050
3,2021-03-28,44582,4955438,28087,2521011,15682,2339551,813,94876,22412,1320641,0.162459,22043,1885725,0.231974,23864,3206366,0.394433,8129050
3,2021-03-29,81018,5036456,42307,2563318,36850,2376401,1861,96737,44156,1330884,0.163719,36585,1922310,0.236474,46828,3253194,0.400194,8129050
3,2021-03-30,100729,5137185,49494,2612812,47587,2423988,3648,100385,56230,1347133,0.165718,44228,1966538,0.241915,60477,3313671,0.407633,8129050
3,2021-03-31,105398,5242583,56842,2669654,43691,2467679,4865,105250,56086,1359351,0.167221,49048,2015586,0.247949,61266,3374937,0.41517,8129050
3,2021-04-01,124113,5366696,62742,2732396,51583,2519262,9788,115038,66702,1379143,0.169656,56971,2072557,0.254957,76763,3451700,0.424613,8129050
3,2021-04-02,118243,5484939,57697,2790093,50178,2569440,10368,125406,62228,1396492,0.17179,55699,2128256,0.261809,73048,3524748,0.433599,8129050
3,2021-04-03,76305,5561244,39040,2829133,28007,2597447,9258,134664,37876,1405645,0.172916,38267,2166523,0.266516,47420,3572168,0.439432,8129050
3,2021-04-04,32495,5593739,17387,2846520,10876,2608323,4232,138896,14178,1405836,0.17294,18235,2184758,0.268759,18426,3590594,0.441699,8129050
3,2021-04-05,89775,5683514,45576,2892096,34933,2643256,9266,148162,43529,1413429,0.173874,46001,2230759,0.274418,53594,3644188,0.448292,8129050
3,2021-04-06,113824,5797338,55341,2947437,43246,2686502,15237,163399,53333,1422480,0.174987,60195,2290954,0.281823,69246,3713434,0.45681,8129050
3,2021-04-07,116620,5913958,60305,3007742,39973,2726475,16342,179741,56179,1435081,0.176537,60161,2351115,0.289224,72762,3786196,0.465761,8129050
3,2021-04-08,121707,6035665,60585,3068327,40909,2767384,20213,199954,56296,1447245,0.178034,65080,2416195,0.29723,77244,3863440,0.475263,8129050
3,2021-04-09,118916,6154581,59210,3127537,40489,2807873,19217,219171,52137,1452953,0.178736,66508,2482703,0.305411,72216,3935656,0.484147,8129050
3,2021-04-10,84631,6239212,37940,3165477,31361,2839234,15330,234501,34355,1453350,0.178785,50074,2532777,0.311571,50471,3986127,0.490356,8129050
3,2021-04-11,45415,6284627,24326,3189803,13053,2852287,8036,242537,17241,1451363,0.17854,28072,2560849,0.315024,26085,4012212,0.493565,8129050
3,2021-04-12,84195,6368822,42528,3232331,32823,2885110,8844,251381,37995,1453334,0.178783,45946,2606795,0.320676,47917,4060129,0.499459,8129050
3,2021-04-13,105839,6474661,57287,3289618,48343,2933453,209,251590,55676,1460208,0.179628,49896,2656691,0.326814,56770,4116899,0.506443,8129050
3,2021-04-14,107895,6582556,58950,3348568,48842,2982295,103,251693,53580,1461323,0.179766,54005,2710696,0.333458,55120,4172019,0.513223,8129050
3,2021-04-15,119592,6702148,67206,3415774,52307,3034602,79,251772,63668,1470297,0.180869,55580,2766276,0.340295,64554,4236573,0.521165,8129050
3,2021-04-16,115874,6818022,64954,3480728,50827,3085429,93,251865,60286,1476083,0.181581,55261,2821537,0.347093,61047,4297620,0.528674,8129050
3,2021-04-17,79741,6897763,43429,3524157,36297,3121726,15,251880,44335,1486244,0.182831,35159,2856696,0.351418,45320,4342940,0.534249,8129050
3,2021-04-18,38848,6936611,23429,3547586,15412,3137138,7,251887,18194,1484790,0.182652,20528,2877224,0.353943,19074,4362014,0.536596,8129050
3,2021-04-19,79416,7016027,44169,3591755,35191,3172329,56,251943,35670,1477498,0.181755,43525,2920749,0.359298,36233,4398247,0.541053,8129050
3,2021-04-20,101146,7117173,53197,3644952,47931,3220260,18,251961,48843,1475357,0.181492,52026,2972775,0.365698,49885,4448132,0.54719,8129050
3,2021-04-21,106183,7223356,59623,3704575,46487,3266747,73,252034,50020,1470755,0.180926,55778,3028553,0.372559,51176,4499308,0.553485,8129050
3,2021-04-22,112341,7335697,63099,3767674,49215,3315962,27,252061,48190,1456150,0.179129,63779,3092332,0.380405,49174,4548482,0.559534,8129050
3,2021-04-23,106702,7442399,61018,3828692,45654,3361616,30,252091,46713,1444293,0.177671,59610,3151942,0.387738,47753,4596235,0.565409,8129050
3,2021-04-24,74198,7516597,45821,3874513,28305,3389921,72,252163,36084,1443624,0.177588,37819,3189761,0.39239,37150,4633385,0.569979,8129050
3,2021-04-25,37058,7553655,23652,3898165,13389,3403310,17,252180,18905,1444955,0.177752,17998,3207759,0.394604,19329,4652714,0.572356,8129050
3,2021-04-26,74262,7627917,41998,3940163,31856,3435166,408,252588,31684,1436097,0.176662,42294,3250053,0.399807,33436,4686150,0.57647,8129050
3,2021-04-27,91429,7719346,47974,3988137,41706,3476872,1749,254337,36239,1419984,0.17468,54867,3304920,0.406557,38754,4724904,0.581237,8129050
3,2021-04-28,87115,7806461,49503,4037640,35468,3512340,2144,256481,35542,1406936,0.173075,51260,3356180,0.412863,38212,4763116,0.585938,8129050
3,2021-04-29,89415,7895876,51104,4088744,36089,3548429,2222,258703,31889,1384359,0.170298,57176,3413356,0.419896,34599,4797715,0.590194,8129050
3,2021-04-30,91084,7986960,51391,4140135,37209,3585638,2484,261187,33921,1364445,0.167848,56784,3470140,0.426881,36870,4834585,0.594729,8129050
3,2021-05-01,55555,8042515,34862,4174997,19216,3604854,1477,262664,20018,1351166,0.166215,35265,3505405,0.43122,21986,4856571,0.597434,8129050
3,2021-05-02,27050,8069565,18474,4193471,7559,3612413,1017,263681,9908,1345155,0.165475,17032,3522437,0.433315,11021,4867592,0.59879,8129050
3,2021-05-03,60047,8129612,35236,4228707,22433,3634846,2378,266059,17550,1323010,0.162751,42256,3564693,0.438513,20111,4887703,0.601264,8129050
3,2021-05-04,77889,8207501,45029,4273736,30171,3665017,2689,268748,22660,1293717,0.159147,54923,3619616,0.445269,25630,4913333,0.604417,8129050
3,2021-05-05,79393,8286894,47682,4321418,29001,3694018,2710,271458,22052,1261774,0.155218,56990,3676606,0.45228,25047,4938380,0.607498,8129050
3,2021-05-06,83720,8370614,52987,4374405,28199,3722217,2534,273992,20750,1223122,0.150463,62482,3739088,0.459966,23830,4962210,0.610429,8129050
3,2021-05-07,82619,8453233,51475,4425880,28513,3750730,2631,276623,21909,1187612,0.146095,60343,3799431,0.467389,24833,4987043,0.613484,8129050
3,2021-05-08,52633,8505866,32605,4458485,18309,3769039,1719,278342,13943,1165124,0.143328,38411,3837842,0.472114,15923,5002966,0.615443,8129050
3,2021-05-09,20995,8526861,15340,4473825,4867,3773906,788,279130,5528,1156136,0.142223,15370,3853212,0.474005,6382,5009348,0.616228,8129050
3,2021-05-10,48252,8575113,25927,4499752,20409,3794315,1916,281046,11204,1132681,0.139337,36837,3890049,0.478537,13382,5022730,0.617874,8129050
3,2021-05-11,64216,8639329,35956,4535708,26037,3820352,2223,283269,16166,1103741,0.135777,47795,3937844,0.484416,18855,5041585,0.620194,8129050
3,2021-05-12,64910,8704239,37282,4572990,25228,3845580,2400,285669,16586,1074964,0.132237,48061,3985905,0.490329,19284,5060869,0.622566,8129050
3,2021-05-13,75457,8779696,47546,4620536,25998,3871578,1913,287582,27565,1057413,0.130078,47639,4033544,0.496189,30088,5090957,0.626267,8129050
3,2021-05-14,80398,8860094,50796,4671332,27465,3899043,2137,289719,31143,1042335,0.128223,48957,4082501,0.502211,33879,5124836,0.630435,8129050
3,2021-05-15,62156,8922250,42879,4714211,18068,3917111,1209,290928,25706,1033226,0.127103,36242,4118743,0.50667,27133,5151969,0.633773,8129050
3,2021-05-16,33168,8955418,24798,4739009,7679,3924790,691,291619,13384,1027728,0.126427,19660,4138403,0.509088,14162,5166131,0.635515,8129050
3,2021-05-17,56915,9012333,36262,4775271,18815,3943605,1838,293457,20976,1015083,0.124871,35663,4174066,0.513475,23018,5189149,0.638346,8129050
3,2021-05-18,64514,9076847,38079,4813350,24576,3968181,1859,295316,24222,1001549,0.123206,40011,4214077,0.518397,26477,5215626,0.641603,8129050
3,2021-05-19,63886,9140733,38841,4852191,23301,3991482,1744,297060,24725,989379,0.121709,38911,4252988,0.523184,26741,5242367,0.644893,8129050
3,2021-05-20,61714,9202447,36108,4888299,23766,4015248,1840,298900,22154,974435,0.119871,39277,4292265,0.528016,24333,5266700,0.647886,8129050
3,2021-05-21,65842,9268289,39994,4928293,23750,4038998,2098,300998,23522,958358,0.117893,41999,4334264,0.533182,25922,5292622,0.651075,8129050
3,2021-05-22,45659,9313948,30256,4958549,13928,4052926,1475,302473,19044,952732,0.117201,26401,4360665,0.53643,20775,5313397,0.653631,8129050
3,2021-05-23,21736,9335684,15042,4973591,6043,4058969,651,303124,9191,950228,0.116893,12457,4373122,0.537962,9953,5323350,0.654855,8129050
3,2021-05-24,39489,9375173,23096,4996687,14637,4073606,1756,304880,14627,942153,0.1159,24662,4397784,0.540996,16587,5339937,0.656896,8129050
3,2021-05-25,42705,9417878,24015,5020702,17014,4090620,1676,306556,15147,931915,0.11464,27287,4425071,0.544353,17049,5356986,0.658993,8129050
3,2021-05-26,42398,9460276,24266,5044968,16415,4107035,1717,308273,15864,923394,0.113592,26237,4451308,0.54758,17716,5374702,0.661172,8129050
3,2021-05-27,39347,9499623,22067,5067035,15529,4122564,1751,310024,15432,917062,0.112813,23753,4475061,0.550502,17421,5392123,0.663315,8129050
3,2021-05-28,42758,9542381,24160,5091195,16803,4139367,1795,311819,17781,912188,0.112213,24772,4499833,0.55355,19898,5412021,0.665763,8129050
3,2021-05-29,23467,9565848,14333,5105528,8296,4147663,838,312657,10993,911805,0.112166,12340,4512173,0.555068,11957,5423978,0.667234,8129050
3,2021-05-30,10598,9576446,6871,5112399,3091,4150754,636,313293,4450,910862,0.11205,6070,4518243,0.555814,5127,5429105,0.667865,8129050
3,2021-05-31,4633,9581079,2677,5115076,1691,4152445,265,313558,1456,909474,0.111879,3138,4521381,0.5562,1750,5430855,0.66808,8129050
3,2021-06-01,37689,9618768,21689,5136765,14563,4167008,1437,314995,13171,899995,0.110713,24281,4545662,0.559187,14802,5445657,0.669901,8129050
3,2021-06-02,31474,9650242,18082,5154847,11983,4178991,1409,316404,11645,893566,0.109923,19621,4565283,0.561601,13192,5458849,0.671524,8129050
3,2021-06-03,39582,9689824,27074,5181921,11075,4190066,1433,317837,11429,878679,0.108091,27972,4593255,0.565042,13085,5471934,0.673133,8129050
3,2021-06-04,46158,9735982,32651,5214572,11961,4202027,1546,319383,13133,860975,0.105913,32785,4626040,0.569075,15081,5487015,0.674988,8129050
3,2021-06-05,34316,9770298,25867,5240439,7262,4209289,1187,320570,8714,845668,0.10403,25392,4651432,0.572199,10085,5497100,0.676229,8129050
3,2021-06-06,14626,9784924,12205,5252644,1839,4211128,582,321152,3730,839308,0.103248,10835,4662267,0.573532,4475,5501575,0.67678,8129050
3,2021-06-07,30374,9815298,22081,5274725,7012,4218140,1281,322433,8711,827904,0.101845,21515,4683782,0.576178,10111,5511686,0.678023,8129050
3,2021-06-08,34295,9849593,24627,5299352,8381,4226521,1287,323720,9952,815219,0.100285,24133,4707915,0.579147,11448,5523134,0.679432,8129050
3,2021-06-09,32956,9882549,23908,5323260,7750,4234271,1298,325018,8869,801634,0.098613,23909,4731824,0.582088,10324,5533458,0.680702,8129050
3,2021-06-10,32444,9914993,23396,5346656,7522,4241793,1526,326544,8941,788944,0.097052,23351,4755175,0.584961,10661,5544119,0.682013,8129050
3,2021-06-11,35535,9950528,25124,5371780,9044,4250837,1367,327911,10581,776309,0.095498,24757,4779932,0.588006,12122,5556241,0.683504,8129050
3,2021-06-12,25142,9975670,18942,5390722,5309,4256146,891,328802,6697,765718,0.094195,18330,4798262,0.590261,7739,5563980,0.684456,8129050
3,2021-06-13,10136,9985806,7584,5398306,2062,4258208,490,329292,2365,760928,0.093606,7716,4805978,0.59121,2926,5566906,0.684816,8129050
3,2021-06-14,25778,10011584,18474,5416780,5886,4264094,1418,330710,8078,752996,0.09263,17568,4823546,0.593371,9636,5576542,0.686002,8129050
3,2021-06-15,28696,10040280,19410,5436190,7785,4271879,1501,332211,9646,745490,0.091707,18821,4842367,0.595687,11315,5587857,0.687394,8129050
3,2021-06-16,25848,10066128,18349,5454539,6088,4277967,1411,333622,8711,738813,0.090886,16954,4859321,0.597772,10277,5598134,0.688658,8129050
3,2021-06-17,24821,10090949,17778,5472317,5756,4283723,1287,334909,8613,732792,0.090145,16056,4875377,0.599747,10035,5608169,0.689892,8129050
3,2021-06-18,27964,10118913,19751,5492068,6644,4290367,1569,336478,9795,726385,0.089357,17940,4893317,0.601954,11533,5619702,0.691311,8129050
3,2021-06-19,16010,10134923,11765,5503833,3388,4293755,857,337335,5725,722919,0.08893,10157,4903474,0.603204,6691,5626393,0.692134,8129050
3,2021-06-20,6862,10141785,5143,5508976,1419,4295174,300,337635,2602,721666,0.088776,4207,4907681,0.603721,2954,5629347,0.692498,8129050
3,2021-06-21,16215,10158000,10226,5519202,4592,4299766,1397,339032,8088,723235,0.088969,8034,4915715,0.60471,9603,5638950,0.693679,8129050
3,2021-06-22,22062,10180062,15467,5534669,5301,4305067,1294,340326,8262,719262,0.08848,13682,4929397,0.606393,9709,5648659,0.694873,8129050
3,2021-06-23,20228,10200290,14172,5548841,4726,4309793,1330,341656,8016,716644,0.088158,12101,4941498,0.607881,9483,5658142,0.69604,8129050
3,2021-06-24,19932,10220222,13869,5562710,4614,4314407,1449,343105,7785,714009,0.087834,11978,4953476,0.609355,9343,5667485,0.697189,8129050
3,2021-06-25,23257,10243479,16498,5579208,5337,4319744,1422,344527,9093,710616,0.087417,14033,4967509,0.611081,10640,5678125,0.698498,8129050
3,2021-06-26,13867,10257346,10285,5589493,2810,4322554,772,345299,5793,709331,0.087259,8004,4975513,0.612066,6719,5684844,0.699325,8129050
3,2021-06-27,6690,10264036,5171,5594664,1211,4323765,308,345607,2864,708746,0.087187,3789,4979302,0.612532,3204,5688048,0.699719,8129050
3,2021-06-28,15848,10279884,12177,5606841,2595,4326360,1076,346683,6685,707549,0.08704,9054,4988356,0.613646,7857,5695905,0.700685,8129050
3,2021-06-29,17933,10297817,12635,5619476,4306,4330666,992,347675,7340,705540,0.086792,10471,4998827,0.614934,8462,5704367,0.701726,8129050
3,2021-06-30,16945,10314762,11990,5631466,3917,4334583,1038,348713,7294,704496,0.086664,9517,5008344,0.616104,8473,5712840,0.702768,8129050
3,2021-07-01,16150,10330912,11510,5642976,3580,4338163,1060,349773,6792,703191,0.086503,9259,5017603,0.617243,7954,5720794,0.703747,8129050
3,2021-07-02,18349,10349261,13065,5656041,4187,4342350,1097,350870,7818,701785,0.086331,10420,5028023,0.618525,9014,5729808,0.704856,8129050
3,2021-07-03,9986,10359247,7224,5663265,2334,4344684,428,351298,4276,700943,0.086227,5648,5033671,0.61922,4806,5734614,0.705447,8129050
3,2021-07-04,701,10359948,407,5663672,207,4344891,87,351385,265,700882,0.086219,429,5034100,0.619273,368,5734982,0.705492,8129050
3,2021-07-05,9474,10369422,6925,5670597,2126,4347017,423,351808,4287,700530,0.086176,5123,5039223,0.619903,4771,5739753,0.706079,8129050
3,2021-07-06,18901,10388323,13710,5684307,4079,4351096,1112,352920,6849,696697,0.085705,11913,5051136,0.621369,8080,5747833,0.707073,8129050
3,2021-07-07,15565,10403888,11041,5695348,3419,4354515,1105,354025,6288,695016,0.085498,9177,5060313,0.622497,7496,5755329,0.707995,8129050
3,2021-07-08,15221,10419109,10990,5706338,3240,4357755,991,355016,6185,693342,0.085292,8936,5069249,0.623597,7262,5762591,0.708889,8129050
3,2021-07-09,17452,10436561,12180,5718518,4071,4361826,1201,356217,7198,691710,0.085091,10139,5079388,0.624844,8507,5771098,0.709935,8129050
3,2021-07-10,10761,10447322,7915,5726433,2183,4364009,663,356880,4575,690915,0.084993,6120,5085508,0.625597,5325,5776423,0.71059,8129050
3,2021-07-11,5082,10452404,3759,5730192,1047,4365056,276,357156,2289,690754,0.084974,2746,5088254,0.625935,2585,5779008,0.710908,8129050
3,2021-07-12,14280,10466684,10405,5740597,2875,4367931,1000,358156,5694,689011,0.084759,8508,5096762,0.626981,6765,5785773,0.71174,8129050
3,2021-07-13,15022,10481706,10606,5751203,3510,4371441,906,359062,6573,688218,0.084662,8350,5105112,0.628008,7557,5793330,0.71267,8129050
3,2021-07-14,14296,10496002,10140,5761343,3236,4374677,920,359982,6358,687720,0.0846,7838,5112950,0.628973,7340,5800670,0.713573,8129050
3,2021-07-15,14550,10510552,10514,5771857,3207,4377884,829,360811,6669,687500,0.084573,7790,5120740,0.629931,7570,5808240,0.714504,8129050
3,2021-07-16,17561,10528113,12634,5784491,4046,4381930,881,361692,8383,687759,0.084605,9076,5129816,0.631047,9335,5817575,0.715653,8129050
3,2021-07-17,11144,10539257,8163,5792654,2451,4384381,530,362222,5298,687878,0.08462,5777,5135593,0.631758,5896,5823471,0.716378,8129050
3,2021-07-18,5707,10544964,4305,5796959,1151,4385532,251,362473,2796,688081,0.084645,2870,5138463,0.632111,3073,5826544,0.716756,8129050
3,2021-07-19,14765,10559729,10786,5807745,3106,4388638,873,363346,7239,688841,0.084738,7427,5145890,0.633025,8187,5834731,0.717763,8129050
3,2021-07-20,16321,10576050,11352,5819097,4072,4392710,897,364243,8386,690379,0.084927,7825,5153715,0.633987,9363,5844094,0.718915,8129050
3,2021-07-21,15812,10591862,11190,5830287,3760,4396470,862,365105,7949,691527,0.085069,7738,5161453,0.634939,8886,5852980,0.720008,8129050
3,2021-07-22,16155,10608017,11416,5841703,3790,4400260,949,366054,8384,693269,0.085283,7656,5169109,0.635881,9398,5862378,0.721164,8129050
3,2021-07-23,18983,10627000,13536,5855239,4453,4404713,994,367048,10198,695899,0.085606,8644,5177753,0.636944,11274,5873652,0.722551,8129050
3,2021-07-24,11469,10638469,8255,5863494,2638,4407351,576,367624,6336,697790,0.085839,5056,5182809,0.637566,6947,5880599,0.723405,8129050
3,2021-07-25,5556,10644025,4168,5867662,1182,4408533,206,367830,4020,700576,0.086182,1491,5184300,0.63775,4277,5884876,0.723932,8129050
3,2021-07-26,15234,10659259,10595,5878257,3693,4412226,946,368776,9204,704873,0.08671,5924,5190224,0.638479,10221,5895097,0.725189,8129050
3,2021-07-27,17119,10676378,12127,5890384,4041,4416267,951,369727,9832,708569,0.087165,7163,5197387,0.63936,10859,5905956,0.726525,8129050
3,2021-07-28,16761,10693139,12035,5902419,3709,4419976,1017,370744,9698,712397,0.087636,6928,5204315,0.640212,10756,5916712,0.727848,8129050
3,2021-07-29,16381,10709520,11789,5914208,3604,4423580,988,371732,9643,716530,0.088144,6565,5210880,0.64102,10698,5927410,0.729164,8129050
3,2021-07-30,18737,10728257,13367,5927575,4459,4428039,911,372643,10950,720884,0.08868,7601,5218481,0.641955,11955,5939365,0.730635,8129050
3,2021-07-31,11550,10739807,8465,5936040,2591,4430630,494,373137,6820,723658,0.089021,4607,5223088,0.642521,7381,5946746,0.731543,8129050
3,2021-08-01,3743,10743550,2668,5938708,866,4431496,209,373346,2325,724827,0.089165,1386,5224474,0.642692,2555,5949301,0.731857,8129050
4,2020-12-15,454,454,454,454,0,0,0,0,454,454,5.6e-05,0,0,0.0,454,454,5.6e-05,8037679
4,2020-12-16,3053,3507,3053,3507,0,0,0,0,3053,3507,0.000436,0,0,0.0,3053,3507,0.000436,8037679
4,2020-12-17,8971,12478,8971,12478,0,0,0,0,8971,12478,0.001552,0,0,0.0,8971,12478,0.001552,8037679
4,2020-12-18,16222,28700,16210,28688,12,12,0,0,16222,28700,0.003571,0,0,0.0,16222,28700,0.003571,8037679
4,2020-12-19,10387,39087,10378,39066,9,21,0,0,10323,39023,0.004855,0,0,0.0,10323,39023,0.004855,8037679
4,2020-12-20,7430,46517,7423,46489,7,28,0,0,7385,46408,0.005774,0,0,0.0,7385,46408,0.005774,8037679
4,2020-12-21,16422,62939,16396,62885,26,54,0,0,16355,62762,0.007808,1,1,0.0,16355,62763,0.007809,8037679
4,2020-12-22,17224,80163,16474,79359,750,804,0,0,17179,79937,0.009945,4,5,1e-06,17179,79942,0.009946,8037679
4,2020-12-23,17146,97309,14412,93771,2734,3538,0,0,17124,97058,0.012075,3,8,1e-06,17124,97066,0.012076,8037679
4,2020-12-24,8574,105883,5980,99751,2594,6132,0,0,8573,105631,0.013142,0,8,1e-06,8573,105639,0.013143,8037679
4,2020-12-25,905,106788,800,100551,105,6237,0,0,905,106536,0.013255,0,8,1e-06,905,106544,0.013256,8037679
4,2020-12-26,6183,112971,3902,104453,2281,8518,0,0,6183,112719,0.014024,0,8,1e-06,6183,112727,0.014025,8037679
4,2020-12-27,3428,116399,1993,106446,1435,9953,0,0,3428,116147,0.01445,0,8,1e-06,3428,116155,0.014451,8037679
4,2020-12-28,15180,131579,9383,115829,5797,15750,0,0,15151,131295,0.016335,3,11,1e-06,15151,131306,0.016336,8037679
4,2020-12-29,15444,147023,8544,124373,6900,22650,0,0,15410,146704,0.018252,1,12,1e-06,15410,146716,0.018254,8037679
4,2020-12-30,19015,166038,11098,135471,7917,30567,0,0,19004,165706,0.020616,2,14,2e-06,19004,165720,0.020618,8037679
4,2020-12-31,8320,174358,3369,138840,4951,35518,0,0,8307,174004,0.021649,9,23,3e-06,8307,174027,0.021651,8037679
4,2021-01-01,1656,176014,751,139591,905,36423,0,0,1652,175653,0.021854,3,26,3e-06,1652,175679,0.021857,8037679
4,2021-01-02,5738,181752,3240,142831,2498,38921,0,0,5736,181388,0.022567,1,27,3e-06,5736,181415,0.022571,8037679
4,2021-01-03,2150,183902,1271,144102,879,39800,0,0,2136,183521,0.022833,3,30,4e-06,2136,183551,0.022836,8037679
4,2021-01-04,13004,196906,7041,151143,5963,45763,0,0,12956,196449,0.024441,28,58,7e-06,12956,196507,0.024448,8037679
4,2021-01-05,16981,213887,10064,161207,6917,52680,0,0,14764,209039,0.026007,2188,2246,0.000279,14778,211285,0.026287,8037679
4,2021-01-06,21696,235583,13298,174505,8398,61078,0,0,15574,218554,0.027191,6073,8319,0.001035,15588,226873,0.028226,8037679
4,2021-01-07,28052,263635,17102,191607,10950,72028,0,0,16750,224084,0.027879,11241,19560,0.002434,16771,243644,0.030313,8037679
4,2021-01-08,33022,296657,21197,212804,11825,83853,0,0,18408,227965,0.028362,14548,34108,0.004244,18429,262073,0.032606,8037679
4,2021-01-09,16341,312998,9671,222475,6670,90523,0,0,9489,230625,0.028693,6841,40949,0.005095,9501,271574,0.033788,8037679
4,2021-01-10,8801,321799,5685,228160,3116,93639,0,0,4177,230197,0.02864,4613,45562,0.005669,4185,275759,0.034308,8037679
4,2021-01-11,33622,355421,22082,250242,11540,105179,0,0,18928,234505,0.029176,14667,60229,0.007493,18975,294734,0.036669,8037679
4,2021-01-12,38707,394128,22327,272569,16380,121559,0,0,24361,244616,0.030434,14291,74520,0.009271,24402,319136,0.039705,8037679
4,2021-01-13,39042,433170,19337,291906,19705,141264,0,0,27627,260896,0.032459,11374,85894,0.010686,27654,346790,0.043146,8037679
4,2021-01-14,39581,472751,15238,307144,24343,165607,0,0,32338,286058,0.03559,7205,93099,0.011583,32367,379157,0.047172,8037679
4,2021-01-15,45626,518377,15948,323092,29678,195285,0,0,40024,320574,0.039884,5534,98633,0.012271,40050,419207,0.052155,8037679
4,2021-01-16,28872,547249,9424,332516,19448,214733,0,0,25738,343228,0.042702,3102,101735,0.012657,25756,444963,0.05536,8037679
4,2021-01-17,19187,566436,6757,339273,12430,227163,0,0,17653,359383,0.044712,1512,103247,0.012845,17667,462630,0.057558,8037679
4,2021-01-18,29567,596003,13684,352957,15883,243046,0,0,23565,377040,0.046909,5934,109181,0.013584,23591,486221,0.060493,8037679
4,2021-01-19,46288,642291,23133,376090,23155,266201,0,0,36867,404607,0.050339,9373,118554,0.01475,36940,523161,0.065089,8037679
4,2021-01-20,52848,695139,28286,404376,24562,290763,0,0,42244,436407,0.054295,10506,129060,0.016057,42306,565467,0.070352,8037679
4,2021-01-21,58055,753194,26162,430538,31893,322656,0,0,51250,480980,0.059841,6723,135783,0.016893,51296,616763,0.076734,8037679
4,2021-01-22,55632,808826,22351,452889,33281,355937,0,0,50435,526314,0.065481,5128,140911,0.017531,50462,667225,0.083012,8037679
4,2021-01-23,39794,848620,17461,470350,22333,378270,0,0,35432,557424,0.069351,4352,145263,0.018073,35462,702687,0.087424,8037679
4,2021-01-24,24074,872694,10518,480868,13556,391826,0,0,22163,577705,0.071875,1902,147165,0.018309,22183,724870,0.090184,8037679
4,2021-01-25,48220,920914,22311,503179,25909,417735,0,0,37017,603609,0.075097,11171,158336,0.019699,37075,761945,0.094797,8037679
4,2021-01-26,57224,978138,29192,532371,28032,445767,0,0,44869,636222,0.079155,12318,170654,0.021232,44931,806876,0.100387,8037679
4,2021-01-27,56532,1034670,26901,559272,29631,475398,0,0,45398,670620,0.083435,11054,181708,0.022607,45452,852328,0.106042,8037679
4,2021-01-28,57017,1091687,25772,585044,31245,506643,0,0,46930,707606,0.088036,9991,191699,0.02385,46977,899305,0.111886,8037679
4,2021-01-29,56916,1148603,27305,612349,29611,536254,0,0,46393,743711,0.092528,10323,202022,0.025134,46428,945733,0.117662,8037679
4,2021-01-30,38267,1186870,17297,629646,20970,557224,0,0,32871,771270,0.095957,5339,207361,0.025799,32898,978631,0.121755,8037679
4,2021-01-31,24104,1210974,12708,642354,11396,568620,0,0,22388,791980,0.098533,1695,209056,0.026009,22405,1001036,0.124543,8037679
4,2021-02-01,49916,1260890,24054,666408,25862,594482,0,0,38182,818530,0.101837,11677,220733,0.027462,38227,1039263,0.129299,8037679
4,2021-02-02,55830,1316720,25676,692084,30154,624636,0,0,42838,848503,0.105566,12910,233643,0.029068,42883,1082146,0.134634,8037679
4,2021-02-03,62505,1379225,30690,722774,31815,656451,0,0,47907,882015,0.109735,14448,248091,0.030866,47960,1130106,0.140601,8037679
4,2021-02-04,67888,1447113,31480,754254,36408,692859,0,0,50966,916341,0.114006,16748,264839,0.03295,51074,1181180,0.146955,8037679
4,2021-02-05,73700,1520813,34159,788413,39541,732400,0,0,51144,945348,0.117615,22272,287111,0.035721,51279,1232459,0.153335,8037679
4,2021-02-06,48972,1569785,26346,814759,22626,755026,0,0,37303,971255,0.120838,11600,298711,0.037164,37507,1269966,0.158002,8037679
4,2021-02-07,26635,1596420,17610,832369,9025,764051,0,0,20111,985114,0.122562,6491,305202,0.037971,20350,1290316,0.160533,8037679
4,2021-02-08,59044,1655464,30392,862761,28652,792703,0,0,38333,1003141,0.124805,20571,325773,0.040531,38598,1328914,0.165336,8037679
4,2021-02-09,67689,1723153,34292,897053,33397,826100,0,0,39622,1015333,0.126322,27874,353647,0.043999,40066,1368980,0.17032,8037679
4,2021-02-10,77910,1801063,39005,936058,38905,865005,0,0,40917,1020055,0.126909,36740,390387,0.04857,41462,1410442,0.175479,8037679
4,2021-02-11,82146,1883209,42903,978961,39243,904248,0,0,41742,1022349,0.127195,40125,430512,0.053562,42419,1452861,0.180756,8037679
4,2021-02-12,85134,1968343,38185,1017146,46949,951197,0,0,43708,1025710,0.127613,41137,471649,0.05868,44498,1497359,0.186292,8037679
4,2021-02-13,59275,2027618,30035,1047181,29240,980437,0,0,30149,1027784,0.127871,28978,500627,0.062285,31052,1528411,0.190156,8037679
4,2021-02-14,37117,2064735,19306,1066487,17811,998248,0,0,18990,1029363,0.128067,18069,518696,0.064533,19648,1548059,0.1926,8037679
4,2021-02-15,46605,2111340,21877,1088364,24728,1022976,0,0,23844,1031718,0.12836,22672,541368,0.067354,25027,1573086,0.195714,8037679
4,2021-02-16,80899,2192239,37136,1125500,43763,1066739,0,0,41061,1034307,0.128682,39691,581059,0.072292,42280,1615366,0.200974,8037679
4,2021-02-17,82205,2274444,38880,1164380,43325,1110064,0,0,39025,1031496,0.128333,42963,624022,0.077637,40152,1655518,0.20597,8037679
4,2021-02-18,84078,2358522,46299,1210679,37779,1147843,0,0,38781,1026664,0.127731,45093,669115,0.083247,40261,1695779,0.210979,8037679
4,2021-02-19,83469,2441991,52617,1263296,30852,1178695,0,0,41615,1027302,0.127811,41671,710786,0.088432,42309,1738088,0.216243,8037679
4,2021-02-20,49984,2491975,33294,1296590,16690,1195385,0,0,27020,1032141,0.128413,22876,733662,0.091278,27715,1765803,0.219691,8037679
4,2021-02-21,30352,2522327,24102,1320692,6250,1201635,0,0,14640,1031443,0.128326,15624,749286,0.093222,14926,1780729,0.221548,8037679
4,2021-02-22,55580,2577907,38201,1358893,17379,1219014,0,0,26712,1029902,0.128134,28704,777990,0.096793,27163,1807892,0.224927,8037679
4,2021-02-23,76879,2654786,42577,1401470,34302,1253316,0,0,33574,1022059,0.127158,43092,821082,0.102154,35249,1843141,0.229313,8037679
4,2021-02-24,92162,2746948,48689,1450159,43473,1296789,0,0,41363,1015064,0.126288,50517,871599,0.108439,43522,1886663,0.234727,8037679
4,2021-02-25,103802,2850750,54275,1504434,49527,1346316,0,0,49433,1012925,0.126022,54128,925727,0.115173,51989,1938652,0.241195,8037679
4,2021-02-26,110102,2960852,55634,1560068,54468,1400784,0,0,56153,1017805,0.126629,53633,979360,0.121846,58513,1997165,0.248475,8037679
4,2021-02-27,80277,3041129,43702,1603770,36565,1437349,10,10,42750,1024752,0.127494,37302,1016662,0.126487,44249,2041414,0.253981,8037679
4,2021-02-28,49609,3090738,30646,1634416,18956,1456305,7,17,27306,1030850,0.128252,22101,1038763,0.129237,28199,2069613,0.257489,8037679
4,2021-03-01,80843,3171581,47352,1681768,33446,1489751,45,62,44466,1040523,0.129456,36033,1074796,0.13372,45706,2115319,0.263175,8037679
4,2021-03-02,88288,3259869,50694,1732462,37585,1527336,9,71,51574,1057383,0.131553,36512,1111308,0.138262,53372,2168691,0.269816,8037679
4,2021-03-03,102922,3362791,54591,1787053,48315,1575651,16,87,57247,1070979,0.133245,45440,1156748,0.143916,59036,2227727,0.27716,8037679
4,2021-03-04,99886,3462677,55342,1842395,44527,1620178,17,104,54388,1081913,0.134605,45246,1201994,0.149545,56180,2283907,0.28415,8037679
4,2021-03-05,96842,3559519,52345,1894740,44176,1664354,321,425,56951,1101464,0.137038,39661,1241655,0.154479,59212,2343119,0.291517,8037679
4,2021-03-06,77356,3636875,43583,1938323,31129,1695483,2644,3069,47310,1122843,0.139697,29901,1271556,0.158199,51280,2394399,0.297897,8037679
4,2021-03-07,44920,3681795,27577,1965900,15148,1710631,2195,5264,26113,1133511,0.141025,18718,1290274,0.160528,29386,2423785,0.301553,8037679
4,2021-03-08,68226,3750021,35661,2001561,29189,1739820,3376,8640,44759,1159621,0.144273,23330,1313604,0.163431,49440,2473225,0.307704,8037679
4,2021-03-09,82251,3832272,41509,2043070,35459,1775279,5283,13923,44299,1172507,0.145876,37756,1351360,0.168128,50642,2523867,0.314004,8037679
4,2021-03-10,91804,3924076,47315,2090385,36953,1812232,7536,21459,46273,1181886,0.147043,45318,1396678,0.173766,54697,2578564,0.32081,8037679
4,2021-03-11,101267,4025343,53062,2143447,39687,1851919,8518,29977,46695,1183833,0.147285,54297,1450975,0.180522,56244,2634808,0.327807,8037679
4,2021-03-12,105013,4130356,51712,2195159,42968,1894887,10333,40310,44882,1180057,0.146816,59829,1510804,0.187965,56053,2690861,0.334781,8037679
4,2021-03-13,81933,4212289,37927,2233086,35476,1930363,8530,48840,38696,1185239,0.14746,43085,1553889,0.193326,48267,2739128,0.340786,8037679
4,2021-03-14,50060,4262349,28497,2261583,17914,1948277,3649,52489,23359,1186237,0.147585,26596,1580485,0.196635,27594,2766722,0.344219,8037679
4,2021-03-15,84053,4346402,45223,2306806,34565,1982842,4265,56754,42593,1192734,0.148393,41182,1621667,0.201758,47679,2814401,0.350151,8037679
4,2021-03-16,108311,4454713,56309,2363115,48575,2031417,3427,60181,57054,1202905,0.149658,50983,1672650,0.208101,61154,2875555,0.357759,8037679
4,2021-03-17,107725,4562438,58023,2421138,46194,2077611,3508,63689,62944,1225384,0.152455,44493,1717143,0.213637,66972,2942527,0.366092,8037679
4,2021-03-18,107677,4670115,59748,2480886,44220,2121831,3709,67398,60838,1243787,0.154745,46547,1763690,0.219428,64950,3007477,0.374172,8037679
4,2021-03-19,112168,4782283,64522,2545408,42417,2164248,5229,72627,63541,1264590,0.157333,48329,1812019,0.225441,69132,3076609,0.382773,8037679
4,2021-03-20,84496,4866779,49425,2594833,32050,2196298,3021,75648,51601,1286785,0.160094,32720,1844739,0.229511,54915,3131524,0.389606,8037679
4,2021-03-21,48441,4915220,35099,2629932,11082,2207380,2260,77908,28198,1297486,0.161425,20101,1864840,0.232012,30802,3162326,0.393438,8037679
4,2021-03-22,82979,4998199,54220,2684152,26020,2233400,2739,80647,51198,1320616,0.164303,31507,1896347,0.235932,54637,3216963,0.400235,8037679
4,2021-03-23,105546,5103745,63183,2747335,40212,2273612,2151,82798,62383,1342818,0.167065,42872,1939219,0.241266,65074,3282037,0.408331,8037679
4,2021-03-24,114343,5218088,73739,2821074,38175,2311787,2429,85227,63960,1359720,0.169168,49924,1989143,0.247477,66826,3348863,0.416646,8037679
4,2021-03-25,117894,5335982,72497,2893571,42985,2354772,2412,87639,66921,1379050,0.171573,50469,2039612,0.253756,69799,3418662,0.42533,8037679
4,2021-03-26,120646,5456628,73154,2966725,44442,2399214,3050,90689,65511,1393450,0.173365,54740,2094352,0.260567,69140,3487802,0.433931,8037679
4,2021-03-27,92636,5549264,54575,3021300,36263,2435477,1798,92487,46856,1397064,0.173814,45513,2139865,0.266229,49127,3536929,0.440044,8037679
4,2021-03-28,56058,5605322,36995,3058295,18188,2453665,875,93362,29600,1401638,0.174383,26269,2166134,0.269497,30843,3567772,0.443881,8037679
4,2021-03-29,94220,5699542,56453,3114748,35677,2489342,2090,95452,50562,1411457,0.175605,43367,2209501,0.274893,53186,3620958,0.450498,8037679
4,2021-03-30,117807,5817349,64305,3179053,49337,2538679,4165,99617,69688,1437853,0.178889,47856,2257357,0.280847,74252,3695210,0.459736,8037679
4,2021-03-31,121693,5939042,71815,3250868,43555,2582234,6323,105940,67872,1458796,0.181495,53440,2310797,0.287496,74383,3769593,0.46899,8037679
4,2021-04-01,143108,6082150,81604,3332472,48195,2630429,13309,119249,83954,1497438,0.186302,58633,2369430,0.29479,97275,3866868,0.481093,8037679
4,2021-04-02,137208,6219358,73304,3405776,50279,2680708,13625,132874,79016,1532413,0.190654,57869,2427299,0.30199,92844,3959712,0.492644,8037679
4,2021-04-03,101506,6320864,54228,3460004,33800,2714508,13478,146352,52723,1550194,0.192866,48563,2475862,0.308032,66344,4026056,0.500898,8037679
4,2021-04-04,46994,6367858,24802,3484806,14658,2729166,7534,153886,20399,1551605,0.193041,26479,2502341,0.311326,27890,4053946,0.504368,8037679
4,2021-04-05,109904,6477762,61712,3546518,35313,2764479,12879,166765,56904,1569124,0.195221,52762,2555103,0.317891,70281,4124227,0.513112,8037679
4,2021-04-06,139344,6617106,78389,3624907,41117,2805596,19838,186603,72192,1594762,0.198411,66891,2621994,0.326213,92529,4216756,0.524624,8037679
4,2021-04-07,138074,6755180,78235,3703142,39057,2844653,20782,207385,71342,1620626,0.201629,66458,2688452,0.334481,92322,4309078,0.53611,8037679
4,2021-04-08,140538,6895718,78293,3781435,36695,2881348,25550,232935,69823,1646100,0.204798,70393,2758845,0.343239,95867,4404945,0.548037,8037679
4,2021-04-09,138252,7033970,75771,3857206,39355,2920703,23126,256061,65872,1663919,0.207015,72110,2830955,0.352211,89929,4494874,0.559225,8037679
4,2021-04-10,104108,7138078,51321,3908527,33842,2954545,18945,275006,46899,1673749,0.208238,56984,2887939,0.3593,66814,4561688,0.567538,8037679
4,2021-04-11,62836,7200914,38141,3946668,13495,2968040,11200,286206,27410,1678075,0.208776,35304,2923243,0.363692,39630,4601318,0.572468,8037679
4,2021-04-12,103178,7304092,62713,4009381,30231,2998271,10234,296440,51947,1690550,0.210328,50909,2974152,0.370026,63384,4664702,0.580354,8037679
4,2021-04-13,130880,7434972,82104,4091485,48607,3046878,169,296609,78224,1717465,0.213677,52340,3026492,0.376538,79255,4743957,0.590215,8037679
4,2021-04-14,135938,7570910,86591,4178076,49269,3096147,78,296687,75024,1733233,0.215638,60564,3087056,0.384073,76332,4820289,0.599712,8037679
4,2021-04-15,156456,7727366,104011,4282087,52375,3148522,70,296757,95728,1769480,0.220148,60320,3147376,0.391578,96567,4916856,0.611726,8037679
4,2021-04-16,143912,7871278,91222,4373309,52611,3201133,79,296836,83429,1793570,0.223145,60140,3207516,0.39906,84230,5001086,0.622205,8037679
4,2021-04-17,101768,7973046,63904,4437213,37840,3238973,24,296860,59556,1812382,0.225486,41917,3249433,0.404275,60729,5061815,0.629761,8037679
4,2021-04-18,56926,8029972,38457,4475670,18466,3257439,3,296863,32026,1820619,0.226511,24753,3274186,0.407355,32990,5094805,0.633865,8037679
4,2021-04-19,101520,8131492,66875,4542545,34627,3292066,18,296881,51525,1823027,0.22681,49737,3323923,0.413543,52145,5146950,0.640353,8037679
4,2021-04-20,131857,8263349,78545,4621090,53296,3345362,16,296897,68415,1829430,0.227607,63100,3387023,0.421393,69503,5216453,0.649,8037679
4,2021-04-21,134903,8398252,88053,4709143,46794,3392156,56,296953,67880,1831890,0.227913,66588,3453611,0.429678,69048,5285501,0.65759,8037679
4,2021-04-22,141943,8540195,94199,4803342,47720,3439876,24,296977,63353,1818226,0.226213,78173,3531784,0.439403,64509,5350010,0.665616,8037679
4,2021-04-23,135433,8675628,88127,4891469,47282,3487158,24,297001,58750,1801886,0.22418,76306,3608090,0.448897,59966,5409976,0.673077,8037679
4,2021-04-24,99094,8774722,66885,4958354,32159,3519317,50,297051,45618,1795469,0.223382,53160,3661250,0.455511,46743,5456719,0.678892,8037679
4,2021-04-25,50456,8825178,35567,4993921,14862,3534179,27,297078,26350,1798348,0.22374,23951,3685201,0.458491,26830,5483549,0.68223,8037679
4,2021-04-26,92273,8917451,60519,5054440,31356,3565535,398,297476,36329,1780781,0.221554,55630,3740831,0.465412,38063,5521612,0.686966,8037679
4,2021-04-27,114098,9031549,69736,5124176,42043,3607578,2319,299795,41101,1752339,0.218016,72658,3813489,0.474452,44216,5565828,0.692467,8037679
4,2021-04-28,104617,9136166,68365,5192541,33718,3641296,2534,302329,38281,1727836,0.214967,65979,3879468,0.48266,41476,5607304,0.697627,8037679
4,2021-04-29,105988,9242154,67704,5260245,35750,3677046,2534,304863,34271,1693891,0.210744,71354,3950822,0.491538,37409,5644713,0.702281,8037679
4,2021-04-30,105723,9347877,66994,5327239,36024,3713070,2705,307568,36365,1664672,0.207109,68952,4019774,0.500116,39733,5684446,0.707225,8037679
4,2021-05-01,69577,9417454,46182,5373421,21618,3734688,1777,309345,20277,1638355,0.203834,49014,4068788,0.506214,22697,5707143,0.710049,8037679
4,2021-05-02,37707,9455161,26756,5400177,9659,3744347,1292,310637,10586,1623384,0.201972,26996,4095784,0.509573,12025,5719168,0.711545,8037679
4,2021-05-03,79417,9534578,55415,5455592,21509,3765856,2493,313130,19341,1585780,0.197293,59808,4155592,0.517014,22204,5741372,0.714307,8037679
4,2021-05-04,101609,9636187,69562,5525154,29277,3795133,2770,315900,22806,1533257,0.190759,78498,4234090,0.52678,25975,5767347,0.717539,8037679
4,2021-05-05,102484,9738671,72266,5597420,27477,3822610,2741,318641,22238,1478647,0.183964,79894,4313984,0.53672,25284,5792631,0.720685,8037679
4,2021-05-06,112279,9850950,84135,5681555,25199,3847809,2945,321586,19780,1410487,0.175484,92006,4405990,0.548167,23846,5816477,0.723651,8037679
4,2021-05-07,105009,9955959,75484,5757039,26841,3874650,2684,324270,20753,1350471,0.168018,83871,4489861,0.558602,23855,5840332,0.726619,8037679
4,2021-05-08,69804,10025763,48083,5805122,19791,3894441,1930,326200,13837,1310884,0.163092,55711,4545572,0.565533,16124,5856456,0.728625,8037679
4,2021-05-09,34285,10060048,28037,5833159,5301,3899742,947,327147,7526,1292801,0.160843,26649,4572221,0.568848,8566,5865022,0.729691,8037679
4,2021-05-10,65255,10125303,43687,5876846,19242,3918984,2326,329473,11072,1252555,0.155835,53956,4626177,0.575561,13710,5878732,0.731397,8037679
4,2021-05-11,83205,10208508,52029,5928875,28984,3947968,2192,331665,15885,1204075,0.149804,67059,4693236,0.583904,18579,5897311,0.733708,8037679
4,2021-05-12,79724,10288232,53006,5981881,24246,3972214,2472,334137,16680,1160857,0.144427,62745,4755981,0.591711,19527,5916838,0.736138,8037679
4,2021-05-13,104607,10392839,76990,6058871,26081,3998295,1536,335673,40547,1140228,0.14186,63728,4819709,0.599639,43099,5959937,0.7415,8037679
4,2021-05-14,105032,10497871,74180,6133051,28723,4027018,2129,337802,40461,1119114,0.139233,64241,4883950,0.607632,43127,6003064,0.746865,8037679
4,2021-05-15,85708,10583579,66261,6199312,18118,4045136,1329,339131,37820,1110922,0.138214,47635,4931585,0.613558,39443,6042507,0.751773,8037679
4,2021-05-16,51592,10635171,41584,6240896,9296,4054432,712,339843,21152,1102636,0.137183,30288,4961873,0.617327,22002,6064509,0.75451,8037679
4,2021-05-17,71154,10706325,51967,6292863,17345,4071777,1842,341685,28126,1090016,0.135613,42819,5004692,0.622654,30199,6094708,0.758267,8037679
4,2021-05-18,81781,10788106,53168,6346031,26858,4098635,1755,343440,29213,1069147,0.133017,52204,5056896,0.629149,31335,6126043,0.762166,8037679
4,2021-05-19,76827,10864933,51920,6397951,22965,4121600,1942,345382,30848,1056549,0.13145,45677,5102573,0.634832,33079,6159122,0.766281,8037679
4,2021-05-20,69092,10934025,44423,6442374,22673,4144273,1996,347378,25608,1041310,0.129554,43187,5145760,0.640205,27948,6187070,0.769758,8037679
4,2021-05-21,73592,11007617,48530,6490904,23202,4167475,1860,349238,25952,1022047,0.127157,47341,5193101,0.646095,28078,6215148,0.773252,8037679
4,2021-05-22,49842,11057459,34928,6525832,13640,4181115,1274,350512,21667,1017210,0.126555,28008,5221109,0.649579,23171,6238319,0.776134,8037679
4,2021-05-23,23977,11081436,17107,6542939,6147,4187262,723,351235,9757,1013705,0.126119,14095,5235204,0.651333,10590,6248909,0.777452,8037679
4,2021-05-24,43063,11124499,27388,6570327,12674,4199936,3001,354236,15062,1004188,0.124935,27778,5262982,0.654789,18261,6267170,0.779724,8037679
4,2021-05-25,44881,11169380,27879,6598206,14175,4214111,2827,357063,15859,994321,0.123707,28783,5291765,0.65837,18916,6286086,0.782077,8037679
4,2021-05-26,44604,11213984,26716,6624922,15283,4229394,2605,359668,15836,984390,0.122472,28545,5320310,0.661921,18614,6304700,0.784393,8037679
4,2021-05-27,38902,11252886,23327,6648249,12436,4241830,3139,362807,14643,978287,0.121713,24052,5344362,0.664914,17949,6322649,0.786626,8037679
4,2021-05-28,43273,11296159,27552,6675801,14116,4255946,1605,364412,18853,974818,0.121281,24152,5368514,0.667918,20683,6343332,0.789199,8037679
4,2021-05-29,23690,11319849,15368,6691169,7388,4263334,934,365346,10897,974132,0.121196,12647,5381161,0.669492,11961,6355293,0.790688,8037679
4,2021-05-30,12089,11331938,8497,6699666,3066,4266400,526,365872,5027,972763,0.121025,6991,5388152,0.670362,5622,6360915,0.791387,8037679
4,2021-05-31,3577,11335515,2274,6701940,1142,4267542,161,366033,1141,971701,0.120893,2384,5390536,0.670658,1322,6362237,0.791552,8037679
4,2021-06-01,39437,11374952,24508,6726448,12488,4280030,2441,368474,13017,961174,0.119584,26199,5416735,0.673918,15672,6377909,0.793501,8037679
4,2021-06-02,32611,11407563,20368,6746816,9448,4289478,2795,371269,10880,953452,0.118623,21548,5438283,0.676599,13826,6391735,0.795221,8037679
4,2021-06-03,48040,11455603,36854,6783670,8733,4298211,2453,373722,10341,929024,0.115584,37528,5475811,0.681268,13100,6404835,0.796851,8037679
4,2021-06-04,54801,11510404,44111,6827781,9363,4307574,1327,375049,12731,902052,0.112228,41833,5517644,0.686472,14861,6419696,0.7987,8037679
4,2021-06-05,44798,11555202,38356,6866137,5446,4313020,996,376045,8748,876181,0.109009,35894,5553538,0.690938,10023,6429719,0.799947,8037679
4,2021-06-06,21233,11576435,18948,6885085,1721,4314741,564,376609,3950,863909,0.107482,17182,5570720,0.693076,4910,6434629,0.800558,8037679
4,2021-06-07,38699,11615134,31322,6916407,5458,4320199,1919,378528,8418,844390,0.105054,30144,5600864,0.696826,10625,6445254,0.80188,8037679
4,2021-06-08,40592,11655726,31843,6948250,6206,4326405,2543,381071,9441,825750,0.102735,30960,5631824,0.700678,12320,6457574,0.803413,8037679
4,2021-06-09,38933,11694659,30861,6979111,5710,4332115,2362,383433,7933,805568,0.100224,30829,5662653,0.704513,10647,6468221,0.804737,8037679
4,2021-06-10,37137,11731796,29257,7008368,5255,4337370,2625,386058,8415,788310,0.098077,28562,5691215,0.708067,11304,6479525,0.806144,8037679
4,2021-06-11,38287,11770083,30045,7038413,6230,4343600,2012,388070,9891,772327,0.096088,28238,5719453,0.71158,12255,6491780,0.807668,8037679
4,2021-06-12,26545,11796628,22081,7060494,3751,4347351,713,388783,6038,758895,0.094417,20401,5739854,0.714118,6969,6498749,0.808536,8037679
4,2021-06-13,10834,11807462,8559,7069053,1799,4349150,476,389259,2279,753268,0.093717,8489,5748343,0.715174,2862,6501611,0.808892,8037679
4,2021-06-14,28588,11836050,21379,7090432,4400,4353550,2809,392068,7803,743454,0.092496,20645,5768988,0.717743,10831,6512442,0.810239,8037679
4,2021-06-15,29941,11865991,21166,7111598,5372,4358922,3403,395471,8286,733906,0.091308,21493,5790481,0.720417,11945,6524387,0.811725,8037679
4,2021-06-16,26566,11892557,20021,7131619,3923,4362845,2622,398093,8000,726344,0.090367,18390,5808871,0.722705,10828,6535215,0.813072,8037679
4,2021-06-17,25127,11917684,18552,7150171,3682,4366527,2893,400986,7606,719700,0.089541,17334,5826205,0.724862,10690,6545905,0.814402,8037679
4,2021-06-18,26761,11944445,21106,7171277,4422,4370949,1233,402219,8259,711146,0.088477,18298,5844503,0.727138,9744,6555649,0.815615,8037679
4,2021-06-19,15740,11960185,12729,7184006,2310,4373259,701,402920,5058,706540,0.087903,10535,5855038,0.728449,5929,6561578,0.816352,8037679
4,2021-06-20,7361,11967546,6065,7190071,990,4374249,306,403226,2618,704862,0.087695,4685,5859723,0.729032,3007,6564585,0.816726,8037679
4,2021-06-21,14573,11982119,10532,7200603,2903,4377152,1138,404364,7337,706350,0.08788,7150,5866873,0.729921,8638,6573223,0.817801,8037679
4,2021-06-22,20463,12002582,15960,7216563,3428,4380580,1075,405439,7113,701467,0.087272,13224,5880097,0.731567,8341,6581564,0.818839,8037679
4,2021-06-23,18390,12020972,14435,7230998,2968,4383548,987,406426,6711,697742,0.086809,11543,5891640,0.733003,7818,6589382,0.819812,8037679
4,2021-06-24,17574,12038546,13589,7244587,2997,4386545,988,407414,6551,694558,0.086413,10863,5902503,0.734354,7679,6597061,0.820767,8037679
4,2021-06-25,21538,12060084,16928,7261515,3566,4390111,1044,408458,7807,689980,0.085843,13594,5916097,0.736045,9016,6606077,0.821889,8037679
4,2021-06-26,13027,12073111,10597,7272112,1813,4391924,617,409075,4798,687373,0.085519,8126,5924223,0.737056,5519,6611596,0.822575,8037679
4,2021-06-27,6833,12079944,5533,7277645,957,4392881,343,409418,2876,686726,0.085438,3919,5928142,0.737544,3272,6614868,0.822982,8037679
4,2021-06-28,15027,12094971,12617,7290262,1558,4394439,852,410270,6039,684833,0.085203,8906,5937048,0.738652,7013,6621881,0.823855,8037679
4,2021-06-29,16438,12111409,12759,7303021,2879,4397318,800,411070,6358,682142,0.084868,9970,5947018,0.739892,7279,6629160,0.82476,8037679
4,2021-06-30,14524,12125933,11320,7314341,2467,4399785,737,411807,6036,680648,0.084682,8378,5955396,0.740935,6884,6636044,0.825617,8037679
4,2021-07-01,14417,12140350,11374,7325715,2301,4402086,742,412549,5900,679024,0.08448,8405,5963801,0.74198,6781,6642825,0.826461,8037679
4,2021-07-02,16731,12157081,13284,7338999,2686,4404772,761,413310,6834,676947,0.084222,9800,5973601,0.7432,7723,6650548,0.827421,8037679
4,2021-07-03,9149,12166230,7267,7346266,1472,4406244,410,413720,3963,676264,0.084137,5113,5978714,0.743836,4430,6654978,0.827973,8037679
4,2021-07-04,428,12166658,263,7346529,106,4406350,59,413779,189,676288,0.08414,235,5978949,0.743865,259,6655237,0.828005,8037679
4,2021-07-05,9189,12175847,7480,7354009,1295,4407645,414,414193,4172,675986,0.084102,4937,5983886,0.744479,4635,6659872,0.828581,8037679
4,2021-07-06,16436,12192283,12955,7366964,2681,4410326,800,414993,6053,672685,0.083691,10265,5994151,0.745756,6964,6666836,0.829448,8037679
4,2021-07-07,13677,12205960,10674,7377638,2228,4412554,775,415768,5167,670323,0.083398,8421,6002572,0.746804,6059,6672895,0.830202,8037679
4,2021-07-08,13174,12219134,10309,7387947,2039,4414593,826,416594,5151,668484,0.083169,7908,6010480,0.747788,6069,6678964,0.830957,8037679
4,2021-07-09,15349,12234483,11788,7399735,2627,4417220,934,417528,6242,666805,0.08296,8970,6019450,0.748904,7291,6686255,0.831864,8037679
4,2021-07-10,8803,12243286,6962,7406697,1443,4418663,398,417926,3700,665944,0.082853,5018,6024468,0.749528,4157,6690412,0.832381,8037679
4,2021-07-11,4964,12248250,3975,7410672,788,4419451,201,418127,2227,665704,0.082823,2697,6027165,0.749864,2457,6692869,0.832687,8037679
4,2021-07-12,12992,12261242,10301,7420973,1976,4421427,715,418842,5037,663688,0.082572,7875,6035040,0.750844,5859,6698728,0.833416,8037679
4,2021-07-13,12681,12273923,9710,7430683,2341,4423768,630,419472,5385,662612,0.082438,7191,6042231,0.751738,6115,6704843,0.834177,8037679
4,2021-07-14,11664,12285587,9187,7439870,1930,4425698,547,420019,5055,661761,0.082332,6525,6048756,0.75255,5674,6710517,0.834882,8037679
4,2021-07-15,12383,12297970,9835,7449705,1964,4427662,584,420603,5653,661470,0.082296,6603,6055359,0.753372,6312,6716829,0.835668,8037679
4,2021-07-16,14885,12312855,11605,7461310,2613,4430275,667,421270,6853,661167,0.082258,7930,6063289,0.754358,7627,6724456,0.836617,8037679
4,2021-07-17,9287,12322142,7339,7468649,1625,4431900,323,421593,4382,661109,0.082251,4805,6068094,0.754956,4747,6729203,0.837207,8037679
4,2021-07-18,5346,12327488,4303,7472952,843,4432743,200,421793,2524,661093,0.082249,2763,6070857,0.7553,2747,6731950,0.837549,8037679
4,2021-07-19,12722,12340210,10102,7483054,1978,4434721,642,422435,6032,661262,0.08227,6598,6077455,0.756121,6767,6738717,0.838391,8037679
4,2021-07-20,13646,12353856,10534,7493588,2461,4437182,651,423086,6732,661956,0.082357,6771,6084226,0.756963,7465,6746182,0.83932,8037679
4,2021-07-21,12731,12366587,9886,7503474,2214,4439396,631,423717,6335,662717,0.082451,6264,6090490,0.757742,7025,6753207,0.840194,8037679
4,2021-07-22,13373,12379960,10444,7513918,2284,4441680,645,424362,6958,664094,0.082623,6287,6096777,0.758525,7664,6760871,0.841147,8037679
4,2021-07-23,15541,12395501,12011,7525929,2854,4444534,676,425038,8158,665797,0.082834,7221,6103998,0.759423,8924,6769795,0.842257,8037679
4,2021-07-24,9550,12405051,7480,7533409,1744,4446278,326,425364,4907,666573,0.082931,4506,6108504,0.759984,5282,6775077,0.842915,8037679
4,2021-07-25,4740,12409791,3736,7537145,851,4447129,153,425517,3347,668751,0.083202,1337,6109841,0.76015,3515,6778592,0.843352,8037679
4,2021-07-26,12818,12422609,10066,7547211,2103,4449232,649,426166,7465,671707,0.08357,5214,6115055,0.760799,8170,6786762,0.844368,8037679
4,2021-07-27,14126,12436735,10855,7558066,2531,4451763,740,426906,7626,673765,0.083826,6351,6121406,0.761589,8409,6795171,0.845415,8037679
4,2021-07-28,12978,12449713,9951,7568017,2355,4454118,672,427578,7210,676101,0.084116,5601,6127007,0.762286,7937,6803108,0.846402,8037679
4,2021-07-29,13193,12462906,10273,7578290,2240,4456358,680,428258,7422,678724,0.084443,5565,6132572,0.762978,8188,6811296,0.847421,8037679
4,2021-07-30,15334,12478240,11858,7590148,2774,4459132,702,428960,8362,681265,0.084759,6632,6139204,0.763803,9173,6820469,0.848562,8037679
4,2021-07-31,9433,12487673,7396,7597544,1675,4460807,362,429322,5384,683194,0.084999,3858,6143062,0.764283,5787,6826256,0.849282,8037679
4,2021-08-01,3175,12490848,2438,7599982,599,4461406,138,429460,1837,683907,0.085088,1275,6144337,0.764442,1988,6828244,0.849529,8037679
