vemquartile,administered_date,total_doses,cumulative_total_doses,pfizer_doses,cumulative_pfizer_doses,moderna_doses,cumulative_moderna_doses,jj_doses,cumulative_jj_doses,partially_vaccinated,total_partially_vaccinated,pct_age16pop_partially_vaccinated,fully_vaccinated,cumulative_fully_vaccinated,pct_age16pop_fully_vaccinated,at_least_one_dose,cumulative_at_least_one_dose,pct_age16pop_at_least_one_dose,age16_population
1,2020-12-15,148,148,148,148,0,0,0,0,148,148,1.8e-05,0,0,0.0,148,148,1.8e-05,8051741
1,2020-12-16,1154,1302,1154,1302,0,0,0,0,1154,1302,0.000162,0,0,0.0,1154,1302,0.000162,8051741
1,2020-12-17,4107,5409,4107,5409,0,0,0,0,4108,5410,0.000672,0,0,0.0,4108,5410,0.000672,8051741
1,2020-12-18,6243,11652,6223,11632,20,20,0,0,6245,11655,0.001448,0,0,0.0,6245,11655,0.001448,8051741
1,2020-12-19,2864,14516,2863,14495,1,21,0,0,2862,14516,0.001803,1,1,0.0,2862,14517,0.001803,8051741
1,2020-12-20,2101,16617,2097,16592,4,25,0,0,2102,16618,0.002064,0,1,0.0,2102,16619,0.002064,8051741
1,2020-12-21,7596,24213,7585,24177,11,36,0,0,7647,24265,0.003014,0,1,0.0,7647,24266,0.003014,8051741
1,2020-12-22,7269,31482,6930,31107,339,375,0,0,7272,31536,0.003917,1,2,0.0,7272,31538,0.003917,8051741
1,2020-12-23,7774,39256,6555,37662,1219,1594,0,0,7769,39305,0.004882,0,2,0.0,7769,39307,0.004882,8051741
1,2020-12-24,3290,42546,2355,40017,935,2529,0,0,3292,42597,0.00529,0,2,0.0,3292,42599,0.005291,8051741
1,2020-12-25,232,42778,149,40166,83,2612,0,0,232,42829,0.005319,0,2,0.0,232,42831,0.005319,8051741
1,2020-12-26,1355,44133,966,41132,389,3001,0,0,1354,44182,0.005487,1,3,0.0,1354,44185,0.005488,8051741
1,2020-12-27,853,44986,527,41659,326,3327,0,0,853,45035,0.005593,0,3,0.0,853,45038,0.005594,8051741
1,2020-12-28,6997,51983,4740,46399,2257,5584,0,0,6996,52031,0.006462,0,3,0.0,6996,52034,0.006462,8051741
1,2020-12-29,8823,60806,4973,51372,3850,9434,0,0,8820,60850,0.007557,1,4,0.0,8820,60854,0.007558,8051741
1,2020-12-30,11579,72385,6471,57843,5108,14542,0,0,11579,72429,0.008995,0,4,0.0,11579,72433,0.008996,8051741
1,2020-12-31,5921,78306,1950,59793,3971,18513,0,0,5920,78348,0.009731,1,5,1e-06,5920,78353,0.009731,8051741
1,2021-01-01,525,78831,176,59969,349,18862,0,0,525,78873,0.009796,0,5,1e-06,525,78878,0.009796,8051741
1,2021-01-02,2880,81711,1744,61713,1136,19998,0,0,2882,81755,0.010154,0,5,1e-06,2882,81760,0.010154,8051741
1,2021-01-03,1015,82726,541,62254,474,20472,0,0,1014,82768,0.01028,1,6,1e-06,1014,82774,0.01028,8051741
1,2021-01-04,7305,90031,3564,65818,3741,24213,0,0,7310,90077,0.011187,1,7,1e-06,7310,90084,0.011188,8051741
1,2021-01-05,10710,100741,5158,70976,5552,29765,0,0,9968,99336,0.012337,729,736,9.1e-05,9988,100072,0.012429,8051741
1,2021-01-06,13935,114676,7020,77996,6915,36680,0,0,12069,109583,0.01361,1828,2564,0.000318,12075,112147,0.013928,8051741
1,2021-01-07,17345,132021,9067,87063,8278,44958,0,0,12927,118198,0.01468,4319,6883,0.000855,12934,125081,0.015535,8051741
1,2021-01-08,20025,152046,10387,97450,9638,54596,0,0,14178,126551,0.015717,5830,12713,0.001579,14183,139264,0.017296,8051741
1,2021-01-09,6616,158662,3351,100801,3265,57861,0,0,4784,129522,0.016086,1817,14530,0.001805,4788,144052,0.017891,8051741
1,2021-01-10,3052,161714,1736,102537,1316,59177,0,0,1866,130219,0.016173,1170,15700,0.00195,1867,145919,0.018123,8051741
1,2021-01-11,17990,179704,11781,114318,6209,65386,0,0,11483,135258,0.016799,6481,22181,0.002755,11520,157439,0.019553,8051741
1,2021-01-12,18776,198480,10619,124937,8157,73543,0,0,12825,142206,0.017662,5910,28091,0.003489,12858,170297,0.02115,8051741
1,2021-01-13,19611,218091,10555,135492,9056,82599,0,0,14488,151606,0.018829,5100,33191,0.004122,14500,184797,0.022951,8051741
1,2021-01-14,21911,240002,9460,144952,12451,95050,0,0,19184,168161,0.020885,2668,35859,0.004454,19223,204020,0.025339,8051741
1,2021-01-15,25083,265085,9284,154236,15799,110849,0,0,23168,189508,0.023536,1865,37724,0.004685,23212,227232,0.028221,8051741
1,2021-01-16,13841,278926,4540,158776,9301,120150,0,0,13001,201673,0.025047,838,38562,0.004789,13003,240235,0.029836,8051741
1,2021-01-17,5166,284092,1987,160763,3179,123329,0,0,4800,206116,0.025599,362,38924,0.004834,4805,245040,0.030433,8051741
1,2021-01-18,14169,298261,8523,169286,5646,128975,0,0,11038,214074,0.026587,3119,42043,0.005222,11077,256117,0.031809,8051741
1,2021-01-19,24516,322777,12773,182059,11743,140718,0,0,19392,228406,0.028367,5109,47152,0.005856,19441,275558,0.034223,8051741
1,2021-01-20,28288,351065,13884,195943,14404,155122,0,0,22699,245602,0.030503,5537,52689,0.006544,22733,298291,0.037047,8051741
1,2021-01-21,30536,381601,14202,210145,16334,171456,0,0,27430,270045,0.033539,3052,55741,0.006923,27495,325786,0.040462,8051741
1,2021-01-22,28006,409607,11131,221276,16875,188331,0,0,26048,294202,0.036539,1917,57658,0.007161,26074,351860,0.0437,8051741
1,2021-01-23,18618,428225,8182,229458,10436,198767,0,0,16700,309008,0.038378,1906,59564,0.007398,16712,368572,0.045775,8051741
1,2021-01-24,6650,434875,4156,233614,2494,201261,0,0,6002,314371,0.039044,643,60207,0.007478,6006,374578,0.046521,8051741
1,2021-01-25,24745,459620,10257,243871,14488,215749,0,0,19304,328337,0.040778,5422,65629,0.008151,19388,393966,0.048929,8051741
1,2021-01-26,28265,487885,13292,257163,14973,230722,0,0,21790,343710,0.042688,6433,72062,0.00895,21806,415772,0.051638,8051741
1,2021-01-27,31437,519322,15327,272490,16110,246832,0,0,23591,359543,0.044654,7782,79844,0.009916,23615,439387,0.05457,8051741
1,2021-01-28,34274,553596,16018,288508,18256,265088,0,0,27588,380543,0.047262,6632,86476,0.01074,27632,467019,0.058002,8051741
1,2021-01-29,33201,586797,16311,304819,16890,281978,0,0,26784,401066,0.049811,6292,92768,0.011521,26815,493834,0.061333,8051741
1,2021-01-30,19960,606757,8622,313441,11338,293316,0,0,17976,417088,0.051801,1961,94729,0.011765,17983,511817,0.063566,8051741
1,2021-01-31,7584,614341,4986,318427,2598,295914,0,0,6850,423208,0.052561,732,95461,0.011856,6852,518669,0.064417,8051741
1,2021-02-01,28085,642426,12122,330549,15963,311877,0,0,20721,436613,0.054226,7322,102783,0.012765,20727,539396,0.066991,8051741
1,2021-02-02,31791,674217,11465,342014,20326,332203,0,0,23931,452776,0.056233,7800,110583,0.013734,23963,563359,0.069967,8051741
1,2021-02-03,38881,713098,14855,356869,24026,356229,0,0,28174,470409,0.058423,10569,121152,0.015047,28202,591561,0.07347,8051741
1,2021-02-04,43565,756663,17057,373926,26508,382737,0,0,31624,490241,0.060886,11838,132990,0.016517,31670,623231,0.077403,8051741
1,2021-02-05,46590,803253,17323,391249,29267,412004,0,0,30680,505166,0.06274,15797,148787,0.018479,30722,653953,0.081219,8051741
1,2021-02-06,26419,829672,10450,401699,15969,427973,0,0,20625,520055,0.064589,5750,154537,0.019193,20639,674592,0.083782,8051741
1,2021-02-07,6169,835841,3954,405653,2215,430188,0,0,4602,523124,0.06497,1550,156087,0.019385,4619,679211,0.084356,8051741
1,2021-02-08,30965,866806,14022,419675,16943,447131,0,0,20663,533663,0.066279,10203,166290,0.020653,20742,699953,0.086932,8051741
1,2021-02-09,37836,904642,16564,436239,21272,468403,0,0,23251,542510,0.067378,14473,180763,0.02245,23320,723273,0.089828,8051741
1,2021-02-10,46459,951101,22008,458247,24451,492854,0,0,26784,549830,0.068287,19538,200301,0.024877,26858,750131,0.093164,8051741
1,2021-02-11,50337,1001438,24761,483008,25576,518430,0,0,30655,561098,0.069687,19484,219785,0.027297,30752,780883,0.096983,8051741
1,2021-02-12,49251,1050689,21278,504286,27973,546403,0,0,28390,568883,0.070653,20733,240518,0.029872,28518,809401,0.100525,8051741
1,2021-02-13,25991,1076680,11304,515590,14687,561090,0,0,15076,573187,0.071188,10848,251366,0.031219,15152,824553,0.102407,8051741
1,2021-02-14,11575,1088255,5464,521054,6111,567201,0,0,6605,574954,0.071407,4942,256308,0.031833,6709,831262,0.10324,8051741
1,2021-02-15,23279,1111534,9219,530273,14060,581261,0,0,14176,580275,0.072068,9013,265321,0.032952,14334,845596,0.10502,8051741
1,2021-02-16,46285,1157819,22101,552374,24184,605445,0,0,27394,589021,0.073154,18832,284153,0.035291,27578,873174,0.108445,8051741
1,2021-02-17,47577,1205396,24003,576377,23574,629019,0,0,25913,593570,0.073719,21565,305718,0.037969,26114,899288,0.111689,8051741
1,2021-02-18,49972,1255368,24925,601302,25047,654066,0,0,26108,596294,0.074058,23673,329391,0.040909,26397,925685,0.114967,8051741
1,2021-02-19,45189,1300557,24474,625776,20715,674781,0,0,25643,602543,0.074834,19456,348847,0.043326,25705,951390,0.11816,8051741
1,2021-02-20,26373,1326930,15942,641718,10431,685212,0,0,15108,606500,0.075325,11228,360075,0.04472,15185,966575,0.120045,8051741
1,2021-02-21,9628,1336558,8402,650120,1226,686438,0,0,5861,608762,0.075606,3732,363807,0.045184,5994,972569,0.12079,8051741
1,2021-02-22,29693,1366251,19516,669636,10177,696615,0,0,17493,614279,0.076291,12156,375963,0.046693,17673,990242,0.122985,8051741
1,2021-02-23,41841,1408092,20087,689723,21754,718369,0,0,23292,619529,0.076943,18436,394399,0.048983,23686,1013928,0.125927,8051741
1,2021-02-24,52320,1460412,25301,715024,27019,745388,0,0,29521,626835,0.077851,22706,417105,0.051803,30012,1043940,0.129654,8051741
1,2021-02-25,63481,1523893,30477,745501,33004,778392,0,0,39580,643142,0.079876,23812,440917,0.05476,40119,1084059,0.134637,8051741
1,2021-02-26,71385,1595278,33597,779098,37788,816180,0,0,47382,667127,0.082855,23866,464783,0.057725,47851,1131910,0.14058,8051741
1,2021-02-27,48118,1643396,21406,800504,26707,842887,5,5,31898,683178,0.084848,16120,480903,0.059727,32171,1164081,0.144575,8051741
1,2021-02-28,18882,1662278,11204,811708,7678,850565,0,5,14002,692578,0.086016,4829,485732,0.060326,14229,1178310,0.146342,8051741
1,2021-03-01,43038,1705316,19649,831357,23379,873944,10,15,28070,706069,0.087691,14873,500605,0.062174,28364,1206674,0.149865,8051741
1,2021-03-02,58316,1763632,23923,855280,34388,908332,5,20,37125,722853,0.089776,21094,521699,0.064793,37878,1244552,0.154569,8051741
1,2021-03-03,67640,1831272,31773,887053,35855,944187,12,32,41051,738203,0.091682,26484,548183,0.068083,41834,1286386,0.159765,8051741
1,2021-03-04,75332,1906604,34740,921793,40559,984746,33,65,48245,760094,0.094401,26941,575124,0.071429,48832,1335218,0.16583,8051741
1,2021-03-05,73876,1980480,32825,954618,40850,1025596,201,266,49183,785777,0.097591,24515,599639,0.074473,50198,1385416,0.172064,8051741
1,2021-03-06,56171,2036651,26616,981234,28228,1053824,1327,1593,38186,807926,0.100342,17930,617569,0.0767,40079,1425495,0.177042,8051741
1,2021-03-07,19383,2056034,12227,993461,6369,1060193,787,2380,14517,818666,0.101676,4852,622421,0.077303,15592,1441087,0.178978,8051741
1,2021-03-08,43135,2099169,20416,1013877,20867,1081060,1852,4232,30134,838057,0.104084,12935,635356,0.078909,32326,1473413,0.182993,8051741
1,2021-03-09,59672,2158841,25968,1039845,31246,1112306,2458,6690,35767,853083,0.10595,23829,659185,0.081869,38855,1512268,0.187819,8051741
1,2021-03-10,70160,2229001,34519,1074364,31408,1143714,4233,10923,43391,874555,0.108617,26665,685850,0.08518,48137,1560405,0.193797,8051741
1,2021-03-11,87396,2316397,39751,1114115,39836,1183550,7809,18732,51257,898249,0.11156,35937,721787,0.089644,59631,1620036,0.201203,8051741
1,2021-03-12,93549,2409946,40256,1154371,41045,1224595,12248,30980,53949,925500,0.114944,39436,761223,0.094541,66687,1686723,0.209486,8051741
1,2021-03-13,62835,2472781,28151,1182522,27024,1251619,7660,38640,40056,950886,0.118097,22684,783907,0.097359,48070,1734793,0.215456,8051741
1,2021-03-14,26759,2499540,14260,1196782,9024,1260643,3475,42115,15856,959562,0.119174,10857,794764,0.098707,19533,1754326,0.217882,8051741
1,2021-03-15,63249,2562789,27431,1224213,29239,1289882,6579,48694,37517,978438,0.121519,25582,820346,0.101884,44458,1798784,0.223403,8051741
1,2021-03-16,83170,2645959,37230,1261443,40460,1330342,5480,54174,52322,1006003,0.124942,30695,851041,0.105697,58260,1857044,0.230639,8051741
1,2021-03-17,89446,2735405,42699,1304142,40256,1370598,6491,60665,57503,1038653,0.128997,31810,882851,0.109647,64460,1921504,0.238645,8051741
1,2021-03-18,94630,2830035,47845,1351987,41296,1411894,5489,66154,58634,1067760,0.132612,35722,918573,0.114084,64829,1986333,0.246696,8051741
1,2021-03-19,99816,2929851,51154,1403141,42604,1454498,6058,72212,59613,1094014,0.135873,39965,958538,0.119047,66219,2052552,0.25492,8051741
1,2021-03-20,69739,2999590,35901,1439042,28660,1483158,5178,77390,45887,1121682,0.139309,23721,982259,0.121993,51389,2103941,0.261303,8051741
1,2021-03-21,25792,3025382,17781,1456823,6250,1489408,1761,79151,16760,1131422,0.140519,8968,991227,0.123107,18708,2122649,0.263626,8051741
1,2021-03-22,56708,3082090,29429,1486252,24101,1513509,3178,82329,38822,1156033,0.143576,17745,1008972,0.125311,42356,2165005,0.268887,8051741
1,2021-03-23,79973,3162063,40557,1526809,35969,1549478,3447,85776,52006,1184177,0.147071,27807,1036779,0.128765,55951,2220956,0.275835,8051741
1,2021-03-24,84058,3246121,42360,1569169,37514,1586992,4184,89960,51431,1207684,0.14999,32440,1069219,0.132794,55947,2276903,0.282784,8051741
1,2021-03-25,92159,3338280,46437,1615606,40180,1627172,5542,95502,53527,1228592,0.152587,38398,1107617,0.137562,59306,2336209,0.29015,8051741
1,2021-03-26,100126,3438406,48218,1663824,45788,1672960,6120,101622,56135,1247444,0.154928,43735,1151352,0.142994,62587,2398796,0.297923,8051741
1,2021-03-27,70576,3508982,36698,1700522,30187,1703147,3691,105313,37107,1255155,0.155886,33296,1184648,0.147129,41007,2439803,0.303016,8051741
1,2021-03-28,31192,3540174,20063,1720585,9932,1713079,1197,106510,16646,1258866,0.156347,14463,1199111,0.148926,18174,2457977,0.305273,8051741
1,2021-03-29,64824,3604998,32407,1752992,29642,1742721,2775,109285,37008,1271188,0.157877,27685,1226796,0.152364,40007,2497984,0.310241,8051741
1,2021-03-30,88690,3693688,43374,1796366,39400,1782121,5916,115201,50596,1289869,0.160198,37978,1264774,0.157081,56659,2554643,0.317278,8051741
1,2021-03-31,96699,3790387,50415,1846781,40572,1822693,5712,120913,55449,1310116,0.162712,41023,1305797,0.162176,61270,2615913,0.324888,8051741
1,2021-04-01,106304,3896691,50769,1897550,47600,1870293,7935,128848,55401,1322906,0.164301,50646,1356443,0.168466,63436,2679349,0.332766,8051741
1,2021-04-02,105624,4002315,48092,1945642,48369,1918662,9163,138011,54855,1336744,0.166019,50438,1406881,0.17473,64276,2743625,0.340749,8051741
1,2021-04-03,75042,4077357,37389,1983031,28431,1947093,9222,147233,35603,1342414,0.166723,39301,1446182,0.179611,44971,2788596,0.346335,8051741
1,2021-04-04,23431,4100788,11652,1994683,8355,1955448,3424,150657,10164,1342783,0.166769,13227,1459409,0.181254,13596,2802192,0.348023,8051741
1,2021-04-05,73186,4173974,34949,2029632,29373,1984821,8864,159521,34101,1347061,0.167301,38945,1498354,0.186091,43223,2845415,0.353391,8051741
1,2021-04-06,101284,4275258,47929,2077561,37069,2021890,16286,175807,46647,1355736,0.168378,54442,1552796,0.192852,63117,2908532,0.36123,8051741
1,2021-04-07,107761,4383019,51914,2129475,38735,2060625,17112,192919,49873,1365289,0.169564,57693,1610489,0.200017,67246,2975778,0.369582,8051741
1,2021-04-08,118093,4501112,55453,2184928,42269,2102894,20371,213290,53188,1374363,0.170691,64623,1675112,0.208043,73697,3049475,0.378735,8051741
1,2021-04-09,116110,4617222,52170,2237098,43850,2146744,20090,233380,51821,1382462,0.171697,64002,1739114,0.215992,72101,3121576,0.38769,8051741
1,2021-04-10,92677,4709899,41374,2278472,29090,2175834,22213,255593,36618,1385468,0.172071,55896,1795010,0.222934,58902,3180478,0.395005,8051741
1,2021-04-11,34788,4744687,19127,2297599,9203,2185037,6458,262051,14349,1386159,0.172156,20375,1815385,0.225465,21066,3201544,0.397621,8051741
1,2021-04-12,72069,4816756,32015,2329614,30256,2215293,9798,271849,31058,1386392,0.172185,40809,1856194,0.230533,41042,3242586,0.402719,8051741
1,2021-04-13,93515,4910271,49413,2379027,43771,2259064,331,272180,50196,1394253,0.173162,43116,1899310,0.235888,50977,3293563,0.40905,8051741
1,2021-04-14,100084,5010355,51942,2430969,48078,2307142,64,272244,51265,1397581,0.173575,48536,1947846,0.241916,51864,3345427,0.415491,8051741
1,2021-04-15,101084,5111439,54711,2485680,46289,2353431,84,272328,54360,1406163,0.174641,46269,1994115,0.247663,54851,3400278,0.422303,8051741
1,2021-04-16,104171,5215610,53485,2539165,50601,2404032,85,272413,52395,1407470,0.174803,51429,2045544,0.25405,52736,3453014,0.428853,8051741
1,2021-04-17,78717,5294327,42592,2581757,36118,2440150,7,272420,44228,1417619,0.176064,34326,2079870,0.258313,44475,3497489,0.434377,8051741
1,2021-04-18,27721,5322048,18328,2600085,9387,2449537,6,272426,14544,1419331,0.176276,13109,2092979,0.259941,14821,3512310,0.436217,8051741
1,2021-04-19,63724,5385772,32575,2632660,31139,2480676,10,272436,29107,1414344,0.175657,34343,2127322,0.264206,29356,3541666,0.439863,8051741
1,2021-04-20,83755,5469527,41933,2674593,41805,2522481,17,272453,39929,1411229,0.17527,43564,2170886,0.269617,40449,3582115,0.444887,8051741
1,2021-04-21,90476,5560003,46112,2720705,44276,2566757,88,272541,41215,1404469,0.17443,48857,2219743,0.275685,42097,3624212,0.450115,8051741
1,2021-04-22,91844,5651847,47573,2768278,44252,2611009,19,272560,42855,1399468,0.173809,48609,2268352,0.281722,43608,3667820,0.455531,8051741
1,2021-04-23,94803,5746650,48667,2816945,46111,2657120,25,272585,45890,1397454,0.173559,48552,2316904,0.287752,46538,3714358,0.461311,8051741
1,2021-04-24,72200,5818850,45808,2862753,26381,2683501,11,272596,41596,1409172,0.175015,30403,2347307,0.291528,42121,3756479,0.466542,8051741
1,2021-04-25,26725,5845575,17103,2879856,9614,2693115,8,272604,15420,1413573,0.175561,11230,2358537,0.292923,15631,3772110,0.468484,8051741
1,2021-04-26,57383,5902958,30754,2910610,26281,2719396,348,272952,27253,1411891,0.175352,29912,2388449,0.296638,28230,3800340,0.47199,8051741
1,2021-04-27,72848,5975806,38597,2949207,33139,2752535,1112,274064,31323,1403576,0.17432,41251,2429700,0.301761,32936,3833276,0.47608,8051741
1,2021-04-28,76184,6051990,40587,2989794,34195,2786730,1402,275466,33353,1396396,0.173428,42575,2472275,0.307049,35395,3868671,0.480476,8051741
1,2021-04-29,78847,6130837,43579,3033373,33761,2820491,1507,276973,32010,1383916,0.171878,46554,2518829,0.31283,34074,3902745,0.484708,8051741
1,2021-04-30,83938,6214775,45459,3078832,36738,2857229,1741,278714,35229,1373188,0.170545,48457,2567286,0.318849,37729,3940474,0.489394,8051741
1,2021-05-01,59299,6274074,38391,3117223,19700,2876929,1208,279922,24989,1365791,0.169627,34155,2601441,0.32309,26758,3967232,0.492717,8051741
1,2021-05-02,22320,6296394,15674,3132897,6161,2883090,485,280407,9331,1362869,0.169264,12898,2614339,0.324692,9976,3977208,0.493956,8051741
1,2021-05-03,49687,6346081,26732,3159629,21293,2904383,1662,282069,18055,1351629,0.167868,31472,2645811,0.328601,20232,3997440,0.496469,8051741
1,2021-05-04,57420,6403501,32609,3192238,23317,2927700,1494,283563,20409,1337647,0.166131,36808,2682619,0.333173,22826,4020266,0.499304,8051741
1,2021-05-05,50939,6454440,30187,3222425,19179,2946879,1573,285136,17239,1323459,0.164369,33505,2716124,0.337334,19317,4039583,0.501703,8051741
1,2021-05-06,44150,6498590,29646,3252071,13231,2960110,1273,286409,12422,1306185,0.162224,31557,2747681,0.341253,14283,4053866,0.503477,8051741
2,2020-12-15,233,233,233,233,0,0,0,0,233,233,3e-05,0,0,0.0,233,233,3e-05,7897587
2,2020-12-16,1926,2159,1926,2159,0,0,0,0,1926,2159,0.000273,0,0,0.0,1926,2159,0.000273,7897587
2,2020-12-17,6660,8819,6660,8819,0,0,0,0,6661,8820,0.001117,0,0,0.0,6661,8820,0.001117,7897587
2,2020-12-18,10829,19648,10810,19629,19,19,0,0,10830,19650,0.002488,0,0,0.0,10830,19650,0.002488,7897587
2,2020-12-19,5575,25223,5570,25199,5,24,0,0,5577,25227,0.003194,0,0,0.0,5577,25227,0.003194,7897587
2,2020-12-20,4215,29438,4207,29406,8,32,0,0,4211,29438,0.003727,0,0,0.0,4211,29438,0.003727,7897587
2,2020-12-21,12763,42201,12740,42146,23,55,0,0,12718,42156,0.005338,0,0,0.0,12718,42156,0.005338,7897587
2,2020-12-22,12046,54247,11538,53684,508,563,0,0,12046,54202,0.006863,0,0,0.0,12046,54202,0.006863,7897587
2,2020-12-23,11609,65856,9419,63103,2190,2753,0,0,11612,65814,0.008333,0,0,0.0,11612,65814,0.008333,7897587
2,2020-12-24,5837,71693,3484,66587,2353,5106,0,0,5834,71648,0.009072,0,0,0.0,5834,71648,0.009072,7897587
2,2020-12-25,478,72171,401,66988,77,5183,0,0,479,72127,0.009133,0,0,0.0,479,72127,0.009133,7897587
2,2020-12-26,2563,74734,1667,68655,896,6079,0,0,2565,74692,0.009458,0,0,0.0,2565,74692,0.009458,7897587
2,2020-12-27,2210,76944,1197,69852,1013,7092,0,0,2208,76899,0.009737,1,1,0.0,2208,76900,0.009737,7897587
2,2020-12-28,10900,87844,7082,76934,3818,10910,0,0,10900,87798,0.011117,1,2,0.0,10900,87800,0.011117,7897587
2,2020-12-29,12678,100522,7181,84115,5497,16407,0,0,12682,100480,0.012723,0,2,0.0,12682,100482,0.012723,7897587
2,2020-12-30,15327,115849,8637,92752,6690,23097,0,0,15343,115822,0.014665,1,3,0.0,15343,115825,0.014666,7897587
2,2020-12-31,7493,123342,2803,95555,4690,27787,0,0,7490,123311,0.015614,1,4,1e-06,7490,123315,0.015614,7897587
2,2021-01-01,1109,124451,534,96089,575,28362,0,0,1111,124421,0.015754,1,5,1e-06,1111,124426,0.015755,7897587
2,2021-01-02,4811,129262,2750,98839,2061,30423,0,0,4809,129230,0.016363,0,5,1e-06,4809,129235,0.016364,7897587
2,2021-01-03,1378,130640,786,99625,592,31015,0,0,1373,130600,0.016537,3,8,1e-06,1373,130608,0.016538,7897587
2,2021-01-04,11604,142244,5547,105172,6057,37072,0,0,11591,142187,0.018004,4,12,2e-06,11591,142199,0.018005,7897587
2,2021-01-05,13792,156036,6879,112051,6913,43985,0,0,12619,153669,0.019458,1166,1178,0.000149,12648,154847,0.019607,7897587
2,2021-01-06,18919,174955,10441,122492,8478,52463,0,0,15210,165221,0.02092,3663,4841,0.000613,15215,170062,0.021533,7897587
2,2021-01-07,22866,197821,12840,135332,10026,62489,0,0,15527,173405,0.021957,7356,12197,0.001544,15540,185602,0.023501,7897587
2,2021-01-08,26332,224153,15956,151288,10376,72865,0,0,16305,179730,0.022758,9996,22193,0.00281,16321,201923,0.025568,7897587
2,2021-01-09,9696,233849,5661,156949,4035,76900,0,0,6209,182435,0.0231,3508,25701,0.003254,6213,208136,0.026354,7897587
2,2021-01-10,5268,239117,2913,159862,2355,79255,0,0,3062,183272,0.023206,2229,27930,0.003537,3066,211202,0.026743,7897587
2,2021-01-11,25928,265045,17830,177692,8098,87353,0,0,15005,187366,0.023724,10957,38887,0.004924,15051,226253,0.028648,7897587
2,2021-01-12,25934,290979,16102,193794,9832,97185,0,0,16481,194434,0.024619,9481,48368,0.006124,16549,242802,0.030744,7897587
2,2021-01-13,28216,319195,14876,208670,13340,110525,0,0,20318,206882,0.026196,7892,56260,0.007124,20340,263142,0.033319,7897587
2,2021-01-14,30039,349234,11426,220096,18613,129138,0,0,25861,228587,0.028944,4204,60464,0.007656,25909,289051,0.0366,7897587
2,2021-01-15,35101,384335,12938,233034,22163,151301,0,0,31887,257311,0.032581,3226,63690,0.008064,31950,321001,0.040645,7897587
2,2021-01-16,17545,401880,5611,238645,11934,163235,0,0,16239,272228,0.03447,1332,65022,0.008233,16249,337250,0.042703,7897587
2,2021-01-17,10551,412431,3520,242165,7031,170266,0,0,9849,281358,0.035626,727,65749,0.008325,9857,347107,0.043951,7897587
2,2021-01-18,19645,432076,11004,253169,8641,178907,0,0,14925,291590,0.036921,4736,70485,0.008925,14968,362075,0.045846,7897587
2,2021-01-19,32197,464273,16790,269959,15407,194314,0,0,24232,307962,0.038994,7970,78455,0.009934,24342,386417,0.048928,7897587
2,2021-01-20,36596,500869,18212,288171,18384,212698,0,0,28096,327663,0.041489,8480,86935,0.011008,28181,414598,0.052497,7897587
2,2021-01-21,40469,541338,17232,305403,23237,235935,0,0,36070,359508,0.045521,4378,91313,0.011562,36223,450821,0.057083,7897587
2,2021-01-22,39098,580436,16373,321776,22725,258660,0,0,35812,392065,0.049644,3288,94601,0.011978,35845,486666,0.061622,7897587
2,2021-01-23,23913,604349,10819,332595,13094,271754,0,0,20959,410124,0.05193,2929,97530,0.012349,20988,507654,0.06428,7897587
2,2021-01-24,12433,616782,6157,338752,6276,278030,0,0,11521,420757,0.053277,898,98428,0.012463,11531,519185,0.06574,7897587
2,2021-01-25,33529,650311,15561,354313,17968,295998,0,0,24845,437088,0.055344,8633,107061,0.013556,24964,544149,0.068901,7897587
2,2021-01-26,40049,690360,19819,374132,20230,316228,0,0,31155,459445,0.058175,8874,115935,0.01468,31231,575380,0.072855,7897587
2,2021-01-27,44917,735277,22898,397030,22019,338247,0,0,34977,484657,0.061368,9819,125754,0.015923,35031,610411,0.077291,7897587
2,2021-01-28,47830,783107,22560,419590,25270,363517,0,0,39345,515630,0.06529,8430,134184,0.016991,39403,649814,0.08228,7897587
2,2021-01-29,45421,828528,22286,441876,23135,386652,0,0,36916,544187,0.068905,8405,142589,0.018055,36962,686776,0.08696,7897587
2,2021-01-30,31253,859781,13652,455528,17601,404253,0,0,28023,569050,0.072054,3189,145778,0.018459,28052,714828,0.090512,7897587
2,2021-01-31,17542,877323,10646,466174,6896,411149,0,0,16326,584192,0.073971,1203,146981,0.018611,16345,731173,0.092582,7897587
2,2021-02-01,40073,917396,19154,485328,20919,432068,0,0,29723,603629,0.076432,10318,157299,0.019917,29755,760928,0.096349,7897587
2,2021-02-02,47731,965127,19732,505060,27999,460067,0,0,36326,628719,0.079609,11331,168630,0.021352,36421,797349,0.100961,7897587
2,2021-02-03,53609,1018736,23860,528920,29749,489816,0,0,39713,654711,0.0829,13805,182435,0.0231,39797,837146,0.106,7897587
2,2021-02-04,55718,1074454,24226,553146,31492,521308,0,0,40800,680769,0.0862,14830,197265,0.024978,40888,878034,0.111178,7897587
2,2021-02-05,59437,1133891,26325,579471,33112,554420,0,0,40299,702255,0.08892,18971,216236,0.02738,40457,918491,0.1163,7897587
2,2021-02-06,38753,1172644,18136,597607,20617,575037,0,0,31223,726095,0.091939,7464,223700,0.028325,31304,949795,0.120264,7897587
2,2021-02-07,15978,1188622,10728,608335,5250,580287,0,0,12121,734448,0.092997,3833,227533,0.02881,12186,961981,0.121807,7897587
2,2021-02-08,43097,1231719,22215,630550,20882,601169,0,0,29762,751171,0.095114,13229,240762,0.030486,29952,991933,0.1256,7897587
2,2021-02-09,49053,1280772,23410,653960,25643,626812,0,0,30795,764105,0.096752,18173,258935,0.032787,31107,1023040,0.129538,7897587
2,2021-02-10,59214,1339986,28027,681987,31187,657999,0,0,34602,774664,0.098089,24388,283323,0.035875,34947,1057987,0.133963,7897587
2,2021-02-11,63569,1403555,29522,711509,34047,692046,0,0,35885,783637,0.099225,27390,310713,0.039343,36363,1094350,0.138568,7897587
2,2021-02-12,64593,1468148,27949,739458,36644,728690,0,0,34528,788949,0.099897,29860,340573,0.043124,35172,1129522,0.143021,7897587
2,2021-02-13,37429,1505577,15715,755173,21714,750404,0,0,21690,795362,0.100709,15654,356227,0.045106,22067,1151589,0.145815,7897587
2,2021-02-14,19874,1525451,9318,764491,10556,760960,0,0,11204,798353,0.101088,8634,364861,0.046199,11625,1163214,0.147287,7897587
2,2021-02-15,32840,1558291,14890,779381,17950,778910,0,0,18293,803085,0.101687,14437,379298,0.048027,19169,1182383,0.149714,7897587
2,2021-02-16,55778,1614069,27603,806984,28175,807085,0,0,29405,807059,0.102191,26296,405594,0.051357,30270,1212653,0.153547,7897587
2,2021-02-17,60928,1674997,31570,838554,29358,836443,0,0,30298,807911,0.102298,30583,436177,0.055229,31435,1244088,0.157528,7897587
2,2021-02-18,65541,1740538,33385,871939,32156,868599,0,0,32011,808090,0.102321,33328,469505,0.059449,33507,1277595,0.16177,7897587
2,2021-02-19,58697,1799235,32773,904712,25924,894523,0,0,29169,808567,0.102382,29392,498897,0.063171,29869,1307464,0.165552,7897587
2,2021-02-20,36784,1836019,24030,928742,12754,907277,0,0,19956,812751,0.102911,16755,515652,0.065292,20939,1328403,0.168204,7897587
2,2021-02-21,17851,1853870,14417,943159,3434,910711,0,0,8768,813868,0.103053,9016,524668,0.066434,10133,1338536,0.169487,7897587
2,2021-02-22,37118,1890988,25500,968659,11618,922329,0,0,17821,813719,0.103034,19200,543868,0.068865,19051,1357587,0.171899,7897587
2,2021-02-23,50675,1941663,25826,994485,24849,947178,0,0,22363,810651,0.102645,28143,572011,0.072429,25075,1382662,0.175074,7897587
2,2021-02-24,67749,2009412,34898,1029383,32851,980029,0,0,31342,809013,0.102438,36279,608290,0.077022,34641,1417303,0.17946,7897587
2,2021-02-25,72896,2082308,34116,1063499,38780,1018809,0,0,37059,814029,0.103073,35647,643937,0.081536,40663,1457966,0.184609,7897587
2,2021-02-26,81112,2163420,34789,1098288,46323,1065132,0,0,44017,823441,0.104265,36869,680806,0.086204,46281,1504247,0.190469,7897587
2,2021-02-27,58536,2221956,26631,1124919,31901,1097033,4,4,31956,830492,0.105158,26403,707209,0.089547,33454,1537701,0.194705,7897587
2,2021-02-28,28863,2250819,17317,1142236,11545,1108578,1,5,16881,837045,0.105987,11901,719110,0.091054,18454,1556155,0.197042,7897587
2,2021-03-01,55195,2306014,28997,1171233,26182,1134760,16,21,30272,844459,0.106926,24730,743840,0.094186,32144,1588299,0.201112,7897587
2,2021-03-02,64436,2370450,29878,1201111,34553,1169313,5,26,35991,855155,0.108281,28343,772183,0.097775,39039,1627338,0.206055,7897587
2,2021-03-03,77672,2448122,37644,1238755,40022,1209335,6,32,43664,868118,0.109922,33850,806033,0.102061,46813,1674151,0.211983,7897587
2,2021-03-04,85956,2534078,42444,1281199,43485,1252820,27,59,49751,884653,0.112016,36042,842075,0.106624,52577,1726728,0.21864,7897587
2,2021-03-05,78322,2612400,36691,1317890,41336,1294156,295,354,47903,905049,0.114598,30252,872327,0.110455,50648,1777376,0.225053,7897587
2,2021-03-06,61253,2673653,29873,1347763,29718,1323874,1662,2016,37618,922382,0.116793,23537,895864,0.113435,40870,1818246,0.230228,7897587
2,2021-03-07,26773,2700426,15483,1363246,10343,1334217,947,2963,17143,932292,0.118048,9575,905439,0.114648,19485,1837731,0.232695,7897587
2,2021-03-08,48844,2749270,22278,1385524,24145,1358362,2421,5384,30784,949181,0.120186,17962,923401,0.116922,34851,1872582,0.237108,7897587
2,2021-03-09,63549,2812819,26335,1411859,33471,1391833,3743,9127,33972,959370,0.121476,29461,952862,0.120652,39650,1912232,0.242129,7897587
2,2021-03-10,74836,2887655,35012,1446871,33431,1425264,6393,15520,39578,972064,0.123084,35091,987953,0.125096,47785,1960017,0.248179,7897587
2,2021-03-11,90886,2978541,41822,1488693,40858,1466122,8206,23726,47874,987282,0.125011,42770,1030723,0.130511,57988,2018005,0.255522,7897587
2,2021-03-12,91505,3070046,37665,1526358,41999,1508121,11841,35567,45871,1000909,0.126736,45465,1076188,0.136268,59092,2077097,0.263004,7897587
2,2021-03-13,67129,3137175,28136,1554494,31176,1539297,7817,43384,37053,1017115,0.128788,29973,1106161,0.140063,46179,2123276,0.268851,7897587
2,2021-03-14,35889,3173064,17763,1572257,13683,1552980,4443,47827,19180,1024888,0.129772,16632,1122793,0.142169,24405,2147681,0.271941,7897587
2,2021-03-15,66077,3239141,29776,1602033,31363,1584343,4938,52765,36737,1038537,0.131501,29158,1151951,0.145861,42807,2190488,0.277362,7897587
2,2021-03-16,84903,3324044,37455,1639488,43511,1627854,3937,56702,52081,1063295,0.134635,32678,1184629,0.149999,57436,2247924,0.284634,7897587
2,2021-03-17,90553,3414597,43350,1682838,43135,1670989,4068,60770,57852,1093818,0.1385,32492,1217121,0.154113,63015,2310939,0.292613,7897587
2,2021-03-18,95379,3509976,45133,1727971,45840,1716829,4406,65176,59078,1122277,0.142104,36042,1253163,0.158677,64501,2375440,0.30078,7897587
2,2021-03-19,95201,3605177,44845,1772816,44326,1761155,6030,71206,57333,1148715,0.145451,37635,1290798,0.163442,64073,2439513,0.308893,7897587
2,2021-03-20,68306,3673483,32790,1805606,31653,1792808,3863,75069,45579,1176154,0.148926,22542,1313340,0.166296,49981,2489494,0.315222,7897587
2,2021-03-21,32472,3705955,20883,1826489,9638,1802446,1951,77020,20631,1187903,0.150413,11753,1325093,0.167785,23502,2512996,0.318198,7897587
2,2021-03-22,61398,3767353,33659,1860148,25183,1827629,2556,79576,41554,1213429,0.153646,19679,1344772,0.170276,45205,2558201,0.323922,7897587
2,2021-03-23,82029,3849382,43431,1903579,35797,1863426,2801,82377,53961,1243297,0.157427,27847,1372619,0.173802,57715,2615916,0.33123,7897587
2,2021-03-24,89794,3939176,48350,1951929,38388,1901814,3056,85433,53785,1265738,0.160269,35759,1408378,0.17833,58200,2674116,0.338599,7897587
2,2021-03-25,98825,4038001,49540,2001469,45510,1947324,3775,89208,56981,1285695,0.162796,41575,1449953,0.183594,61532,2735648,0.34639,7897587
2,2021-03-26,100724,4138725,49972,2051441,47343,1994667,3409,92617,56942,1303664,0.165071,43480,1493433,0.1891,61449,2797097,0.354171,7897587
2,2021-03-27,73754,4212479,36693,2088134,33808,2028475,3253,95870,38030,1310288,0.16591,35532,1528965,0.193599,42156,2839253,0.359509,7897587
2,2021-03-28,36750,4249229,22489,2110623,13459,2041934,802,96672,20745,1316662,0.166717,15911,1544876,0.195614,22285,2861538,0.362331,7897587
2,2021-03-29,69814,4319043,35584,2146207,32044,2073978,2186,98858,40927,1331932,0.168651,28741,1573617,0.199253,44011,2905549,0.367903,7897587
2,2021-03-30,90386,4409429,44104,2190311,42032,2116010,4250,103108,55333,1357246,0.171856,34889,1608506,0.203671,60203,2965752,0.375526,7897587
2,2021-03-31,98976,4508405,50929,2241240,43070,2159080,4977,108085,58442,1380730,0.174829,40328,1648834,0.208777,63812,3029564,0.383606,7897587
2,2021-04-01,114230,4622635,54822,2296062,50569,2209649,8839,116924,62769,1401602,0.177472,51216,1700050,0.215262,72088,3101652,0.392734,7897587
2,2021-04-02,108753,4731388,50183,2346245,48840,2258489,9730,126654,59294,1421961,0.18005,49160,1749210,0.221487,69519,3171171,0.401537,7897587
2,2021-04-03,74772,4806160,36640,2382885,28666,2287155,9466,136120,37424,1432187,0.181345,37183,1786393,0.226195,47409,3218580,0.40754,7897587
2,2021-04-04,28701,4834861,14762,2397647,10157,2297312,3782,139902,13225,1433871,0.181558,15407,1801800,0.228146,17091,3235671,0.409704,7897587
2,2021-04-05,77838,4912699,38303,2435950,31004,2328316,8531,148433,38328,1442245,0.182618,39395,1841195,0.233134,47769,3283440,0.415752,7897587
2,2021-04-06,102271,5014970,49953,2485903,37925,2366241,14393,162826,49193,1453662,0.184064,52875,1894070,0.239829,64292,3347732,0.423893,7897587
2,2021-04-07,108421,5123391,54262,2540165,38244,2404485,15915,178741,51863,1465969,0.185622,56336,1950406,0.246962,68643,3416375,0.432585,7897587
2,2021-04-08,116968,5240359,56417,2596582,42181,2446666,18370,197111,54742,1477770,0.187117,61973,2012379,0.254809,73774,3490149,0.441926,7897587
2,2021-04-09,115863,5356222,55907,2652489,42261,2488927,17695,214806,55316,1491654,0.188875,60264,2072643,0.26244,74148,3564297,0.451315,7897587
2,2021-04-10,85040,5441262,36946,2689435,30346,2519273,17748,232554,35639,1496594,0.1895,49237,2121880,0.268674,54177,3618474,0.458175,7897587
2,2021-04-11,43471,5484733,22382,2711817,12648,2531921,8441,240995,17790,1498250,0.18971,25598,2147478,0.271916,27254,3645728,0.461626,7897587
2,2021-04-12,78443,5563176,36640,2748457,32613,2564534,9190,250185,35438,1501095,0.19007,42796,2190274,0.277335,45641,3691369,0.467405,7897587
2,2021-04-13,99667,5662843,51514,2799971,47911,2612445,242,250427,54757,1512538,0.191519,44714,2234988,0.282996,56157,3747526,0.474515,7897587
2,2021-04-14,104220,5767063,54711,2854682,49463,2661908,46,250473,53981,1518524,0.192277,50017,2285005,0.28933,56003,3803529,0.481606,7897587
2,2021-04-15,110318,5877381,58716,2913398,51539,2713447,63,250536,58367,1526955,0.193344,51654,2336659,0.29587,60085,3863614,0.489214,7897587
2,2021-04-16,107115,5984496,55787,2969185,51277,2764724,51,250587,54861,1530863,0.193839,52016,2388675,0.302456,55924,3919538,0.496296,7897587
2,2021-04-17,79104,6063600,40551,3009736,38540,2803264,13,250600,43974,1540992,0.195122,34969,2423644,0.306884,45098,3964636,0.502006,7897587
2,2021-04-18,33399,6096999,19953,3029689,13444,2816708,2,250602,16266,1541408,0.195175,17055,2440699,0.309044,17471,3982107,0.504218,7897587
2,2021-04-19,72684,6169683,39395,3069084,33281,2849989,8,250610,33459,1536786,0.194589,39053,2479752,0.313989,34431,4016538,0.508578,7897587
2,2021-04-20,93818,6263501,46853,3115937,46949,2896938,16,250626,46000,1536910,0.194605,47602,2527354,0.320016,47726,4064264,0.514621,7897587
2,2021-04-21,97833,6361334,51940,3167877,45840,2942778,53,250679,46781,1534893,0.19435,50763,2578117,0.326444,48746,4113010,0.520793,7897587
2,2021-04-22,103263,6464597,52473,3220350,50771,2993549,19,250698,45815,1525885,0.193209,57154,2635271,0.333681,48146,4161156,0.52689,7897587
2,2021-04-23,103089,6567686,54374,3274724,48700,3042249,15,250713,47972,1521680,0.192677,54851,2690122,0.340626,50646,4211802,0.533302,7897587
2,2021-04-24,77968,6645654,46376,3321100,31556,3073805,36,250749,41194,1528557,0.193547,36579,2726701,0.345257,43456,4255258,0.538805,7897587
2,2021-04-25,35765,6681419,22145,3343245,13606,3087411,14,250763,19562,1532809,0.194086,16102,2742803,0.347296,20354,4275612,0.541382,7897587
2,2021-04-26,65089,6746508,36172,3379417,28635,3116046,282,251045,29891,1530655,0.193813,35032,2777835,0.351732,32878,4308490,0.545545,7897587
2,2021-04-27,79568,6826076,41622,3421039,36817,3152863,1129,252174,34149,1523541,0.192912,45207,2823042,0.357456,38093,4346583,0.550368,7897587
2,2021-04-28,83878,6909954,44321,3465360,37758,3190621,1799,253973,36770,1518256,0.192243,46893,2869935,0.363394,41608,4388191,0.555637,7897587
2,2021-04-29,86132,6996086,46561,3511921,37940,3228561,1631,255604,33173,1503086,0.190322,52727,2922662,0.37007,37557,4425748,0.560392,7897587
2,2021-04-30,89775,7085861,49645,3561566,38226,3266787,1904,257508,34929,1488145,0.18843,54587,2977249,0.376982,39646,4465394,0.565412,7897587
2,2021-05-01,59636,7145497,36324,3597890,21888,3288675,1424,258932,23798,1479659,0.187356,35655,3012904,0.381497,27169,4492563,0.568853,7897587
2,2021-05-02,28545,7174042,19724,3617614,7871,3296546,950,259882,10999,1474662,0.186723,17445,3030349,0.383706,12448,4505011,0.570429,7897587
2,2021-05-03,56042,7230084,32471,3650085,21595,3318141,1976,261858,18942,1459951,0.18486,36926,3067275,0.388381,22215,4527226,0.573242,7897587
2,2021-05-04,60229,7290313,35374,3685459,23480,3341621,1375,263233,19367,1442643,0.182669,40677,3107952,0.393532,23369,4550595,0.576201,7897587
2,2021-05-05,52081,7342394,31602,3717061,19085,3360706,1394,264627,15961,1425676,0.18052,35925,3143877,0.398081,18958,4569553,0.578601,7897587
2,2021-05-06,42771,7385165,28504,3745565,12689,3373395,1578,266205,10766,1407999,0.178282,31854,3175731,0.402114,14177,4583730,0.580396,7897587
3,2020-12-15,303,303,303,303,0,0,0,0,303,303,3.9e-05,0,0,0.0,303,303,3.9e-05,7688185
3,2020-12-16,2206,2509,2206,2509,0,0,0,0,2206,2509,0.000326,0,0,0.0,2206,2509,0.000326,7688185
3,2020-12-17,7602,10111,7602,10111,0,0,0,0,7602,10111,0.001315,0,0,0.0,7602,10111,0.001315,7688185
3,2020-12-18,12806,22917,12795,22906,11,11,0,0,12805,22916,0.002981,0,0,0.0,12805,22916,0.002981,7688185
3,2020-12-19,7041,29958,7030,29936,11,22,0,0,7105,30021,0.003905,0,0,0.0,7105,30021,0.003905,7688185
3,2020-12-20,5483,35441,5475,35411,8,30,0,0,5530,35550,0.004624,1,1,0.0,5530,35551,0.004624,7688185
3,2020-12-21,14261,49702,14238,49649,23,53,0,0,14326,49875,0.006487,1,2,0.0,14326,49877,0.006487,7688185
3,2020-12-22,14620,64322,14053,63702,567,620,0,0,14659,64534,0.008394,0,2,0.0,14659,64536,0.008394,7688185
3,2020-12-23,14652,78974,12069,75771,2583,3203,0,0,14679,79213,0.010303,0,2,0.0,14679,79215,0.010303,7688185
3,2020-12-24,6763,85737,4854,80625,1909,5112,0,0,6761,85973,0.011182,1,3,0.0,6761,85976,0.011183,7688185
3,2020-12-25,719,86456,663,81288,56,5168,0,0,718,86691,0.011276,0,3,0.0,718,86694,0.011276,7688185
3,2020-12-26,4594,91050,2984,84272,1610,6778,0,0,4592,91283,0.011873,0,3,0.0,4592,91286,0.011874,7688185
3,2020-12-27,2950,94000,1832,86104,1118,7896,0,0,2951,94234,0.012257,0,3,0.0,2951,94237,0.012257,7688185
3,2020-12-28,13462,107462,8607,94711,4855,12751,0,0,13490,107723,0.014011,1,4,1e-06,13490,107727,0.014012,7688185
3,2020-12-29,14896,122358,8424,103135,6472,19223,0,0,14926,122647,0.015953,2,6,1e-06,14926,122653,0.015953,7688185
3,2020-12-30,17936,140294,10050,113185,7886,27109,0,0,17926,140573,0.018284,0,6,1e-06,17926,140579,0.018285,7688185
3,2020-12-31,8316,148610,3210,116395,5106,32215,0,0,8316,148888,0.019366,1,7,1e-06,8316,148895,0.019367,7688185
3,2021-01-01,1165,149775,528,116923,637,32852,0,0,1162,150050,0.019517,0,7,1e-06,1162,150057,0.019518,7688185
3,2021-01-02,4991,154766,2473,119396,2518,35370,0,0,4991,155041,0.020166,0,7,1e-06,4991,155048,0.020167,7688185
3,2021-01-03,1593,156359,838,120234,755,36125,0,0,1584,156621,0.020372,4,11,1e-06,1584,156632,0.020373,7688185
3,2021-01-04,11964,168323,5987,126221,5977,42102,0,0,11938,168552,0.021924,7,18,2e-06,11938,168570,0.021926,7688185
3,2021-01-05,15564,183887,8029,134250,7535,49637,0,0,13964,180955,0.023537,1585,1603,0.000209,13988,182558,0.023745,7688185
3,2021-01-06,20083,203970,10504,144754,9579,59216,0,0,15843,192604,0.025052,4200,5803,0.000755,15849,198407,0.025807,7688185
3,2021-01-07,26025,229995,14818,159572,11207,70423,0,0,16987,200594,0.026091,9011,14814,0.001927,17001,215408,0.028018,7688185
3,2021-01-08,30002,259997,18340,177912,11662,82085,0,0,17920,206472,0.026856,12062,26876,0.003496,17940,233348,0.030352,7688185
3,2021-01-09,12297,272294,6953,184865,5344,87429,0,0,7818,209825,0.027292,4473,31349,0.004078,7826,241174,0.031369,7688185
3,2021-01-10,7158,279452,4462,189327,2696,90125,0,0,4021,210715,0.027408,3135,34484,0.004485,4025,245199,0.031893,7688185
3,2021-01-11,28666,308118,18757,208084,9909,100034,0,0,16218,214534,0.027904,12442,46926,0.006104,16261,261460,0.034008,7688185
3,2021-01-12,31852,339970,19043,227127,12809,112843,0,0,19483,221748,0.028843,12353,59279,0.00771,19567,281027,0.036553,7688185
3,2021-01-13,34305,374275,17981,245108,16324,129167,0,0,24229,235918,0.030686,10076,69355,0.009021,24246,305273,0.039707,7688185
3,2021-01-14,34275,408550,14115,259223,20160,149327,0,0,28420,258547,0.033629,5824,75179,0.009779,28453,333726,0.043408,7688185
3,2021-01-15,38522,447072,14403,273626,24119,173446,0,0,33929,287950,0.037454,4584,79763,0.010375,33987,367713,0.047828,7688185
3,2021-01-16,21742,468814,7609,281235,14133,187579,0,0,19439,305120,0.039687,2290,82053,0.010673,19460,387173,0.050359,7688185
3,2021-01-17,13103,481917,4465,285700,8638,196217,0,0,12080,316196,0.041128,1022,83075,0.010806,12098,399271,0.051933,7688185
3,2021-01-18,24536,506453,12770,298470,11766,207983,0,0,19052,329786,0.042895,5502,88577,0.011521,19092,418363,0.054416,7688185
3,2021-01-19,40644,547097,20760,319230,19884,227867,0,0,31619,352485,0.045848,8999,97576,0.012692,31698,450061,0.058539,7688185
3,2021-01-20,44702,591799,22032,341262,22670,250537,0,0,35434,378767,0.049266,9226,106802,0.013892,35508,485569,0.063158,7688185
3,2021-01-21,47090,638889,20307,361569,26783,277320,0,0,41696,415202,0.054005,5322,112124,0.014584,41757,527326,0.068589,7688185
3,2021-01-22,49140,688029,19601,381170,29539,306859,0,0,45039,456201,0.059338,4109,116233,0.015118,45108,572434,0.074456,7688185
3,2021-01-23,29961,717990,12712,393882,17249,324108,0,0,26650,479594,0.062381,3300,119533,0.015548,26693,599127,0.077928,7688185
3,2021-01-24,17597,735587,8480,402362,9117,333225,0,0,16453,494929,0.064375,1141,120674,0.015696,16476,615603,0.080071,7688185
3,2021-01-25,40230,775817,18004,420366,22226,355451,0,0,30428,515653,0.067071,9784,130458,0.016969,30508,646111,0.084039,7688185
3,2021-01-26,46454,822271,22157,442523,24297,379748,0,0,36548,542401,0.07055,9901,140359,0.018256,36649,682760,0.088806,7688185
3,2021-01-27,50345,872616,24434,466957,25911,405659,0,0,39865,571933,0.074391,10404,150763,0.01961,39936,722696,0.094001,7688185
3,2021-01-28,51261,923877,23794,490751,27467,433126,0,0,42479,605754,0.07879,8702,159465,0.020742,42523,765219,0.099532,7688185
3,2021-01-29,50139,974016,24155,514906,25984,459110,0,0,40734,637313,0.082895,9218,168683,0.021941,40777,805996,0.104836,7688185
3,2021-01-30,36566,1010582,17341,532247,19225,478335,0,0,32026,664926,0.086487,4491,173174,0.022525,32104,838100,0.109011,7688185
3,2021-01-31,22192,1032774,12810,545057,9382,487717,0,0,20720,684198,0.088993,1463,174637,0.022715,20735,858835,0.111708,7688185
3,2021-02-01,44771,1077545,20208,565265,24563,512280,0,0,34634,708772,0.09219,10097,184734,0.024028,34671,893506,0.116218,7688185
3,2021-02-02,54102,1131647,22820,588085,31282,543562,0,0,41419,737642,0.095945,12596,197330,0.025667,41466,934972,0.121612,7688185
3,2021-02-03,59508,1191155,26524,614609,32984,576546,0,0,44327,767006,0.099764,15026,212356,0.027621,44390,979362,0.127385,7688185
3,2021-02-04,63886,1255041,27784,642393,36102,612648,0,0,46888,797190,0.10369,16808,229164,0.029807,46992,1026354,0.133498,7688185
3,2021-02-05,69700,1324741,29692,672085,40008,652656,0,0,48232,824318,0.107219,21259,250423,0.032572,48387,1074741,0.139791,7688185
3,2021-02-06,43405,1368146,21144,693229,22261,674917,0,0,33662,848450,0.110358,9712,260135,0.033836,33844,1108585,0.144193,7688185
3,2021-02-07,19397,1387543,12280,705509,7117,682034,0,0,14921,859032,0.111734,4465,264600,0.034416,15047,1123632,0.14615,7688185
3,2021-02-08,50661,1438204,24411,729920,26250,708284,0,0,33291,875252,0.113844,17253,281853,0.036661,33473,1157105,0.150504,7688185
3,2021-02-09,57996,1496200,28234,758154,29762,738046,0,0,34088,885947,0.115235,23735,305588,0.039748,34430,1191535,0.154983,7688185
3,2021-02-10,67294,1563494,31301,789455,35993,774039,0,0,36533,892471,0.116083,30533,336121,0.043719,37057,1228592,0.159803,7688185
3,2021-02-11,69872,1633366,34469,823924,35403,809442,0,0,37648,898750,0.1169,31893,368014,0.047867,38172,1266764,0.164768,7688185
3,2021-02-12,74560,1707926,32264,856188,42296,851738,0,0,41348,907918,0.118093,32933,400947,0.052151,42101,1308865,0.170244,7688185
3,2021-02-13,44444,1752370,20197,876385,24247,875985,0,0,25652,915502,0.119079,18648,419595,0.054577,26232,1335097,0.173656,7688185
3,2021-02-14,27051,1779421,13525,889910,13526,889511,0,0,15141,919240,0.119565,11865,431460,0.05612,15603,1350700,0.175685,7688185
3,2021-02-15,39547,1818968,17078,906988,22469,911980,0,0,21921,924570,0.120259,17542,449002,0.058402,22872,1373572,0.17866,7688185
3,2021-02-16,69230,1888198,32723,939711,36507,948487,0,0,36168,928848,0.120815,32936,481938,0.062686,37214,1410786,0.183501,7688185
3,2021-02-17,70813,1959011,35872,975583,34941,983428,0,0,33786,926908,0.120563,36831,518769,0.067476,34891,1445677,0.188039,7688185
3,2021-02-18,75924,2034935,39661,1015244,36263,1019691,0,0,35533,923536,0.120124,40270,559039,0.072714,36898,1482575,0.192838,7688185
3,2021-02-19,67813,2102748,39129,1054373,28684,1048375,0,0,34428,925361,0.120361,33294,592333,0.077045,35119,1517694,0.197406,7688185
3,2021-02-20,41228,2143976,26036,1080409,15192,1063567,0,0,21902,928516,0.120772,19243,611576,0.079548,22398,1540092,0.200319,7688185
3,2021-02-21,19559,2163535,15819,1096228,3740,1067307,0,0,9228,927904,0.120692,10267,621843,0.080883,9655,1549747,0.201575,7688185
3,2021-02-22,44646,2208181,29092,1125320,15554,1082861,0,0,21181,926246,0.120477,23387,645230,0.083925,21729,1571476,0.204401,7688185
3,2021-02-23,59525,2267706,32312,1157632,27213,1110074,0,0,26308,921493,0.119858,33094,678324,0.088229,28341,1599817,0.208088,7688185
3,2021-02-24,75819,2343525,37032,1194664,38787,1148861,0,0,34038,916465,0.119204,41623,719947,0.093643,36595,1636412,0.212848,7688185
3,2021-02-25,84170,2427695,40503,1235167,43667,1192528,0,0,42238,919600,0.119612,41724,761671,0.09907,44859,1681271,0.218682,7688185
3,2021-02-26,94850,2522545,43250,1278417,51600,1244128,0,0,50667,928580,0.12078,43877,805548,0.104777,52857,1734128,0.225558,7688185
3,2021-02-27,66338,2588883,30033,1308450,36302,1280430,3,3,35220,934155,0.121505,30955,836503,0.108804,36530,1770658,0.230309,7688185
3,2021-02-28,37392,2626275,21675,1330125,15716,1296146,1,4,19456,936806,0.12185,17803,854306,0.111119,20454,1791112,0.232969,7688185
3,2021-03-01,65067,2691342,34450,1364575,30605,1326751,12,16,36461,946228,0.123076,28461,882767,0.114821,37883,1828995,0.237897,7688185
3,2021-03-02,74219,2765561,35412,1399987,38805,1365556,2,18,42917,960068,0.124876,31192,913959,0.118878,45032,1874027,0.243754,7688185
3,2021-03-03,86754,2852315,41214,1441201,45528,1411084,12,30,48392,972600,0.126506,38202,952161,0.123847,50734,1924761,0.250353,7688185
3,2021-03-04,91348,2943663,44688,1485889,46645,1457729,15,45,52038,987851,0.128489,39129,991290,0.128937,54380,1979141,0.257426,7688185
3,2021-03-05,87233,3030896,42416,1528305,44529,1502258,288,333,53165,1009727,0.131335,33859,1025149,0.133341,55735,2034876,0.264676,7688185
3,2021-03-06,63757,3094653,32032,1560337,29591,1531849,2134,2467,36532,1022840,0.133041,27105,1052254,0.136866,40218,2075094,0.269907,7688185
3,2021-03-07,36358,3131011,21463,1581800,13790,1545639,1105,3572,20843,1030884,0.134087,15470,1067724,0.138879,23514,2098608,0.272965,7688185
3,2021-03-08,57706,3188717,27351,1609151,27539,1573178,2816,6388,36584,1050858,0.136685,21023,1088747,0.141613,40997,2139605,0.278298,7688185
3,2021-03-09,70076,3258793,29719,1638870,36038,1609216,4319,10707,36435,1059808,0.137849,33543,1122290,0.145976,42493,2182098,0.283825,7688185
3,2021-03-10,79816,3338609,39360,1678230,34538,1643754,5918,16625,41396,1070762,0.139274,38260,1160550,0.150952,49214,2231312,0.290226,7688185
3,2021-03-11,95010,3433619,46333,1724563,40259,1684013,8418,25043,46837,1079571,0.140419,47951,1208501,0.157189,56760,2288072,0.297609,7688185
3,2021-03-12,100049,3533668,44543,1769106,43758,1727771,11748,36791,45912,1084412,0.141049,53966,1262467,0.164209,58807,2346879,0.305258,7688185
3,2021-03-13,68438,3602106,28949,1798055,32366,1760137,7123,43914,36077,1096731,0.142651,32270,1294737,0.168406,44589,2391468,0.311058,7688185
3,2021-03-14,40169,3642275,21111,1819166,15585,1775722,3473,47387,21866,1104535,0.143667,18250,1312987,0.17078,26054,2417522,0.314446,7688185
3,2021-03-15,74363,3716638,35251,1854417,34620,1810342,4492,51879,39587,1114990,0.145026,34628,1347615,0.175284,45083,2462605,0.32031,7688185
3,2021-03-16,93725,3810363,43165,1897582,46324,1856666,4236,56115,53507,1133754,0.147467,40041,1387656,0.180492,58805,2521410,0.327959,7688185
3,2021-03-17,96222,3906585,46756,1944338,45091,1901757,4375,60490,59007,1160832,0.150989,37040,1424696,0.18531,64118,2585528,0.336299,7688185
3,2021-03-18,100780,4007365,50785,1995123,45668,1947425,4327,64817,59100,1183618,0.153953,41472,1466168,0.190704,64258,2649786,0.344657,7688185
3,2021-03-19,100832,4108197,53799,2048922,42653,1990078,4380,69197,57404,1202867,0.156457,43217,1509385,0.196325,62466,2712252,0.352782,7688185
3,2021-03-20,70237,4178434,36195,2085117,30493,2020571,3549,72746,44437,1225823,0.159442,25652,1535037,0.199662,48608,2760860,0.359104,7688185
3,2021-03-21,35348,4213782,24024,2109141,9864,2030435,1460,74206,22996,1238797,0.16113,12295,1547332,0.201261,25269,2786129,0.362391,7688185
3,2021-03-22,68796,4282578,40362,2149503,26000,2056435,2434,76640,45112,1263947,0.164401,23523,1570855,0.204321,48673,2834802,0.368722,7688185
3,2021-03-23,88072,4370650,48437,2197940,37224,2093659,2411,79051,57200,1293655,0.168265,30670,1601525,0.20831,60378,2895180,0.376575,7688185
3,2021-03-24,97206,4467856,56127,2254067,38332,2131991,2747,81798,56836,1314029,0.170915,40086,1641611,0.213524,60460,2955640,0.384439,7688185
3,2021-03-25,104855,4572711,58238,2312305,43787,2175778,2830,84628,60561,1334061,0.173521,44031,1685642,0.219251,64063,3019703,0.392772,7688185
3,2021-03-26,108215,4680926,58031,2370336,46992,2222770,3192,87820,57777,1345723,0.175038,50196,1735838,0.22578,61858,3081561,0.400818,7688185
3,2021-03-27,73018,4753944,37009,2407345,33491,2256261,2518,90338,36620,1349313,0.175505,36231,1772069,0.230493,39821,3121382,0.405997,7688185
3,2021-03-28,43193,4797137,27119,2434464,15274,2271535,800,91138,23107,1353721,0.176078,20000,1792069,0.233094,24408,3145790,0.409172,7688185
3,2021-03-29,79355,4876492,41478,2475942,36108,2307643,1769,92907,44913,1366950,0.177799,34254,1826323,0.237549,47483,3193273,0.415348,7688185
3,2021-03-30,98560,4975052,48469,2524411,46565,2354208,3526,96433,59783,1392298,0.181096,38573,1864896,0.242566,63921,3257194,0.423662,7688185
3,2021-03-31,103233,5078285,55723,2580134,42801,2397009,4709,101142,57258,1408792,0.183241,45822,1910718,0.248527,62316,3319510,0.431768,7688185
3,2021-04-01,120408,5198693,60702,2640836,50405,2447414,9301,110443,65664,1429610,0.185949,54511,1965229,0.255617,75329,3394839,0.441566,7688185
3,2021-04-02,115513,5314206,56511,2697347,49090,2496504,9912,120355,61684,1448097,0.188354,53622,2018851,0.262591,72109,3466948,0.450945,7688185
3,2021-04-03,74538,5388744,38028,2735375,27566,2524070,8944,129299,37497,1458008,0.189643,36934,2055785,0.267395,46845,3513793,0.457038,7688185
3,2021-04-04,32035,5420779,17150,2752525,10772,2534842,4113,133412,14334,1458872,0.189755,17645,2073430,0.26969,18509,3532302,0.459445,7688185
3,2021-04-05,87718,5508497,44606,2797131,34250,2569092,8862,142274,43518,1468084,0.190953,44051,2117481,0.27542,53263,3585565,0.466373,7688185
3,2021-04-06,111784,5620281,54629,2851760,42267,2611359,14888,157162,53286,1478813,0.192349,58282,2175763,0.283001,69011,3654576,0.47535,7688185
3,2021-04-07,114453,5734734,59591,2911351,38935,2650294,15927,173089,56032,1493088,0.194206,58225,2233988,0.290574,72500,3727076,0.48478,7688185
3,2021-04-08,119544,5854278,59901,2971252,39910,2690204,19733,192822,55944,1506249,0.195917,63365,2297353,0.298816,76526,3803602,0.494733,7688185
3,2021-04-09,115716,5969994,57872,3029124,39139,2729343,18705,211527,51390,1513253,0.196828,64139,2361492,0.307159,71143,3874745,0.503987,7688185
3,2021-04-10,82143,6052137,37301,3066425,29935,2759278,14907,226434,33822,1514739,0.197022,48181,2409673,0.313425,49667,3924412,0.510447,7688185
3,2021-04-11,44262,6096399,23738,3090163,12640,2771918,7884,234318,16887,1513186,0.19682,27295,2436968,0.316976,25742,3950154,0.513795,7688185
3,2021-04-12,82497,6178896,41898,3132061,32114,2804032,8485,242803,37860,1516147,0.197205,44467,2481435,0.32276,47428,3997582,0.519964,7688185
3,2021-04-13,103517,6282413,56011,3188072,47301,2851333,205,243008,54772,1523652,0.198181,48570,2530005,0.329077,56075,4053657,0.527258,7688185
3,2021-04-14,104689,6387102,57432,3245504,47167,2898500,90,243098,52902,1526935,0.198608,51558,2581563,0.335783,54841,4108498,0.534391,7688185
3,2021-04-15,116132,6503234,65439,3310943,50641,2949141,52,243150,62969,1538223,0.200076,52939,2634502,0.342669,64227,4172725,0.542745,7688185
3,2021-04-16,112450,6615684,63099,3374042,49263,2998404,88,243238,59230,1545335,0.201001,52996,2687498,0.349562,60108,4232833,0.550563,7688185
3,2021-04-17,76048,6691732,41682,3415724,34354,3032758,12,243250,42066,1554719,0.202222,33844,2721342,0.353964,43228,4276061,0.556186,7688185
3,2021-04-18,36450,6728182,21538,3437262,14909,3047667,3,243253,17369,1554083,0.202139,19008,2740350,0.356437,18372,4294433,0.558576,7688185
3,2021-04-19,77340,6805522,43287,3480549,34003,3081670,50,243303,35174,1548117,0.201363,42031,2782381,0.361903,36065,4330498,0.563267,7688185
3,2021-04-20,97241,6902763,50352,3530901,46881,3128551,8,243311,47650,1547971,0.201344,49430,2831811,0.368333,49284,4379782,0.569677,7688185
3,2021-04-21,99968,7002731,55097,3585998,44810,3173361,61,243372,47553,1544986,0.200956,52173,2883984,0.375119,49188,4428970,0.576075,7688185
3,2021-04-22,106718,7109449,59127,3645125,47572,3220933,19,243391,46617,1533665,0.199483,59847,2943831,0.382903,48526,4477496,0.582387,7688185
3,2021-04-23,101737,7211186,57812,3702937,43905,3264838,20,243411,44841,1524669,0.198313,56619,3000450,0.390268,47623,4525119,0.588581,7688185
3,2021-04-24,72025,7283211,44739,3747676,27229,3292067,57,243468,35367,1525648,0.198441,36438,3036888,0.395007,37417,4562536,0.593448,7688185
3,2021-04-25,35889,7319100,23180,3770856,12697,3304764,12,243480,18488,1527452,0.198675,17303,3054191,0.397258,19107,4581643,0.595933,7688185
3,2021-04-26,64361,7383461,36130,3806986,27870,3332634,361,243841,27341,1520631,0.197788,36822,3091013,0.402047,30001,4611644,0.599835,7688185
3,2021-04-27,81540,7465001,42473,3849459,37682,3370316,1385,245226,32516,1507963,0.19614,48801,3139814,0.408395,36133,4647777,0.604535,7688185
3,2021-04-28,82748,7547749,46561,3896020,34148,3404464,2039,247265,33525,1496515,0.194651,49019,3188833,0.414771,37571,4685348,0.609422,7688185
3,2021-04-29,84399,7632148,47938,3943958,34341,3438805,2120,249385,29437,1475516,0.19192,54737,3243570,0.42189,33738,4719086,0.61381,7688185
3,2021-04-30,86547,7718695,48715,3992673,35461,3474266,2371,251756,32273,1457981,0.189639,54051,3297621,0.428921,36516,4755602,0.61856,7688185
3,2021-05-01,52845,7771540,33242,4025915,18273,3492539,1330,253086,19278,1446277,0.188117,33429,3331050,0.433269,21725,4777327,0.621386,7688185
3,2021-05-02,26164,7797704,17843,4043758,7347,3499886,974,254060,9594,1440585,0.187376,16505,3347555,0.435416,10813,4788140,0.622792,7688185
3,2021-05-03,54915,7852619,31301,4075059,21375,3521261,2239,256299,16160,1421157,0.184849,38602,3386157,0.440436,19174,4807314,0.625286,7688185
3,2021-05-04,56976,7909595,31610,4106669,24005,3545266,1361,257660,16310,1400078,0.182108,40498,3426655,0.445704,19419,4826733,0.627812,7688185
3,2021-05-05,50143,7959738,30162,4136831,18651,3563917,1330,258990,13387,1379356,0.179412,36579,3463234,0.450462,15857,4842590,0.629874,7688185
3,2021-05-06,43050,8002788,29665,4166496,12339,3576256,1046,260036,8389,1355381,0.176294,34509,3497743,0.45495,10534,4853124,0.631244,7688185
4,2020-12-15,444,444,444,444,0,0,0,0,444,444,5.9e-05,0,0,0.0,444,444,5.9e-05,7584050
4,2020-12-16,2956,3400,2956,3400,0,0,0,0,2956,3400,0.000448,0,0,0.0,2956,3400,0.000448,7584050
4,2020-12-17,8522,11922,8522,11922,0,0,0,0,8522,11922,0.001572,0,0,0.0,8522,11922,0.001572,7584050
4,2020-12-18,15381,27303,15372,27294,9,9,0,0,15381,27303,0.0036,0,0,0.0,15381,27303,0.0036,7584050
4,2020-12-19,10232,37535,10225,37519,7,16,0,0,10167,37470,0.004941,0,0,0.0,10167,37470,0.004941,7584050
4,2020-12-20,7355,44890,7342,44861,13,29,0,0,7310,44780,0.005904,0,0,0.0,7310,44780,0.005904,7584050
4,2020-12-21,16273,61163,16250,61111,23,52,0,0,16206,60986,0.008041,0,0,0.0,16206,60986,0.008041,7584050
4,2020-12-22,17082,78245,16351,77462,731,783,0,0,17038,78024,0.010288,0,0,0.0,17038,78024,0.010288,7584050
4,2020-12-23,16908,95153,14224,91686,2684,3467,0,0,16879,94903,0.012513,0,0,0.0,16879,94903,0.012513,7584050
4,2020-12-24,8533,103686,5953,97639,2580,6047,0,0,8533,103436,0.013639,0,0,0.0,8533,103436,0.013639,7584050
4,2020-12-25,899,104585,795,98434,104,6151,0,0,899,104335,0.013757,0,0,0.0,899,104335,0.013757,7584050
4,2020-12-26,6165,110750,3865,102299,2300,8451,0,0,6165,110500,0.01457,0,0,0.0,6165,110500,0.01457,7584050
4,2020-12-27,3415,114165,1995,104294,1420,9871,0,0,3415,113915,0.01502,0,0,0.0,3415,113915,0.01502,7584050
4,2020-12-28,14945,129110,9236,113530,5709,15580,0,0,14915,128829,0.016987,1,1,0.0,14915,128830,0.016987,7584050
4,2020-12-29,15231,144341,8431,121961,6800,22380,0,0,15197,144026,0.018991,0,1,0.0,15197,144027,0.018991,7584050
4,2020-12-30,18851,163192,11052,133013,7799,30179,0,0,18840,162864,0.021475,2,3,0.0,18840,162867,0.021475,7584050
4,2020-12-31,8186,171378,3318,136331,4868,35047,0,0,8181,171043,0.022553,2,5,1e-06,8181,171048,0.022554,7584050
4,2021-01-01,1211,172589,508,136839,703,35750,0,0,1209,172250,0.022712,2,7,1e-06,1209,172257,0.022713,7584050
4,2021-01-02,5661,178250,3202,140041,2459,38209,0,0,5660,177909,0.023458,1,8,1e-06,5660,177917,0.023459,7584050
4,2021-01-03,2117,180367,1254,141295,863,39072,0,0,2103,180008,0.023735,4,12,2e-06,2103,180020,0.023737,7584050
4,2021-01-04,12934,193301,7058,148353,5876,44948,0,0,12886,192863,0.02543,31,43,6e-06,12886,192906,0.025436,7584050
4,2021-01-05,16747,210048,9897,158250,6850,51798,0,0,14723,205594,0.027109,2003,2046,0.00027,14734,207640,0.027379,7584050
4,2021-01-06,21466,231514,13161,171411,8305,60103,0,0,15631,215453,0.028409,5783,7829,0.001032,15642,223282,0.029441,7584050
4,2021-01-07,27741,259255,16919,188330,10822,70925,0,0,16968,221716,0.029235,10718,18547,0.002446,16981,240263,0.03168,7584050
4,2021-01-08,32609,291864,20925,209255,11684,82609,0,0,18474,226141,0.029818,14066,32613,0.0043,18491,258754,0.034118,7584050
4,2021-01-09,16144,308008,9551,218806,6593,89202,0,0,9414,228858,0.030176,6708,39321,0.005185,9425,268179,0.035361,7584050
4,2021-01-10,8698,316706,5620,224426,3078,92280,0,0,4102,228393,0.030115,4575,43896,0.005788,4110,272289,0.035903,7584050
4,2021-01-11,33228,349934,21764,246190,11464,103744,0,0,18744,232731,0.030687,14444,58340,0.007692,18782,291071,0.038379,7584050
4,2021-01-12,38008,387942,21805,267995,16203,119947,0,0,24000,242811,0.032016,13959,72299,0.009533,24039,315110,0.041549,7584050
4,2021-01-13,38380,426322,18898,286893,19482,139429,0,0,27201,258912,0.034139,11125,83424,0.011,27226,342336,0.045139,7584050
4,2021-01-14,38855,465177,14842,301735,24013,163442,0,0,31819,283769,0.037417,6989,90413,0.011921,31846,374182,0.049338,7584050
4,2021-01-15,45031,510208,15586,317321,29445,192887,0,0,39521,317855,0.041911,5455,95868,0.012641,39541,413723,0.054552,7584050
4,2021-01-16,28510,538718,9332,326653,19178,212065,0,0,25410,340215,0.044859,3064,98932,0.013045,25424,439147,0.057904,7584050
4,2021-01-17,18937,557655,6645,333298,12292,224357,0,0,17428,356173,0.046963,1484,100416,0.01324,17442,456589,0.060204,7584050
4,2021-01-18,29122,586777,13367,346665,15755,240112,0,0,23176,373533,0.049252,5848,106264,0.014012,23208,479797,0.063264,7584050
4,2021-01-19,45985,632762,23185,369850,22800,262912,0,0,36691,401056,0.052882,9239,115503,0.01523,36762,516559,0.068111,7584050
4,2021-01-20,51487,684249,27315,397165,24172,287084,0,0,41100,431914,0.05695,10292,125795,0.016587,41150,557709,0.073537,7584050
4,2021-01-21,56199,740448,24850,422015,31349,318433,0,0,49836,475488,0.062696,6304,132099,0.017418,49878,607587,0.080114,7584050
4,2021-01-22,54772,795220,22013,444028,32759,351192,0,0,49707,520255,0.068599,4970,137069,0.018073,49737,657324,0.086672,7584050
4,2021-01-23,39361,834581,17402,461430,21959,373151,0,0,35072,551074,0.072662,4281,141350,0.018638,35100,692424,0.0913,7584050
4,2021-01-24,23888,858469,10493,471923,13395,386546,0,0,22022,571253,0.075323,1858,143208,0.018883,22037,714461,0.094206,7584050
4,2021-01-25,47539,906008,21958,493881,25581,412127,0,0,36554,596905,0.078705,10956,154164,0.020327,36608,751069,0.099033,7584050
4,2021-01-26,56172,962180,28658,522539,27514,439641,0,0,44117,629079,0.082948,12000,166164,0.02191,44174,795243,0.104857,7584050
4,2021-01-27,55129,1017309,26660,549199,28469,468110,0,0,44200,662536,0.087359,10793,176957,0.023333,44250,839493,0.110692,7584050
4,2021-01-28,56033,1073342,25291,574490,30742,498852,0,0,46195,699024,0.09217,9748,186705,0.024618,46236,885729,0.116788,7584050
4,2021-01-29,55992,1129334,26921,601411,29071,527923,0,0,45750,734701,0.096874,10100,196805,0.02595,45777,931506,0.122824,7584050
4,2021-01-30,37464,1166798,17064,618475,20400,548323,0,0,32233,761771,0.100444,5186,201991,0.026634,32256,963762,0.127077,7584050
4,2021-01-31,23780,1190578,12496,630971,11284,559607,0,0,22185,782390,0.103163,1579,203570,0.026842,22198,985960,0.130004,7584050
4,2021-02-01,48121,1238699,22693,653664,25428,585035,0,0,37873,810083,0.106814,10221,213791,0.02819,37914,1023874,0.135004,7584050
4,2021-02-02,55807,1294506,26322,679986,29485,614520,0,0,42136,838722,0.11059,13538,227329,0.029975,42177,1066051,0.140565,7584050
4,2021-02-03,61703,1356209,30329,710315,31374,645894,0,0,47548,872278,0.115015,14048,241377,0.031827,47604,1113655,0.146842,7584050
4,2021-02-04,67219,1423428,31360,741675,35859,681753,0,0,50609,906535,0.119532,16454,257831,0.033996,50711,1164366,0.153528,7584050
4,2021-02-05,72591,1496019,33634,775309,38957,720710,0,0,50720,935754,0.123384,21631,279462,0.036849,50850,1215216,0.160233,7584050
4,2021-02-06,47944,1543963,25955,801264,21989,742699,0,0,36532,961102,0.126727,11384,290846,0.03835,36732,1251948,0.165076,7584050
4,2021-02-07,26238,1570201,17311,818575,8927,751626,0,0,19883,974899,0.128546,6322,297168,0.039183,20119,1272067,0.167729,7584050
4,2021-02-08,58069,1628270,29803,848378,28266,779892,0,0,37833,992882,0.130917,20105,317273,0.041834,38088,1310155,0.172751,7584050
4,2021-02-09,66762,1695032,34002,882380,32760,812652,0,0,39266,1005114,0.13253,27432,344705,0.045451,39664,1349819,0.177981,7584050
4,2021-02-10,76822,1771854,38469,920849,38353,851005,0,0,40846,1010750,0.133273,35744,380449,0.050164,41380,1391199,0.183437,7584050
4,2021-02-11,80549,1852403,41996,962845,38553,889558,0,0,41776,1014623,0.133784,38561,419010,0.055249,42434,1433633,0.189033,7584050
4,2021-02-12,83721,1936124,37507,1000352,46214,935772,0,0,43234,1018320,0.134271,40317,459327,0.060565,44014,1477647,0.194836,7584050
4,2021-02-13,58259,1994383,29535,1029887,28724,964496,0,0,29782,1020625,0.134575,28366,487693,0.064305,30671,1508318,0.19888,7584050
4,2021-02-14,36609,2030992,19027,1048914,17582,982078,0,0,18814,1022354,0.134803,17755,505448,0.066646,19484,1527802,0.201449,7584050
4,2021-02-15,45788,2076780,21475,1070389,24313,1006391,0,0,23596,1025016,0.135154,22126,527574,0.069564,24788,1552590,0.204718,7584050
4,2021-02-16,79324,2156104,36286,1106675,43038,1049429,0,0,40577,1028190,0.135573,38658,566232,0.074661,41832,1594422,0.210234,7584050
4,2021-02-17,80471,2236575,37883,1144558,42588,1092017,0,0,38474,1025984,0.135282,41846,608078,0.080179,39640,1634062,0.21546,7584050
4,2021-02-18,82451,2319026,45362,1189920,37089,1129106,0,0,38358,1021885,0.134741,43955,652033,0.085974,39856,1673918,0.220716,7584050
4,2021-02-19,81517,2400543,51287,1241207,30230,1159336,0,0,40947,1023089,0.1349,40437,692470,0.091306,41641,1715559,0.226206,7584050
4,2021-02-20,48107,2448650,32101,1273308,16006,1175342,0,0,26357,1028439,0.135606,21700,714170,0.094167,27050,1742609,0.229773,7584050
4,2021-02-21,25615,2474265,20021,1293329,5594,1180936,0,0,11638,1026476,0.135347,13920,728090,0.096003,11957,1754566,0.231349,7584050
4,2021-02-22,52099,2526364,35850,1329179,16249,1197185,0,0,25362,1025690,0.135243,26655,754745,0.099517,25869,1780435,0.23476,7584050
4,2021-02-23,72262,2598626,39839,1369018,32423,1229608,0,0,31817,1018893,0.134347,40339,795084,0.104836,33542,1813977,0.239183,7584050
4,2021-02-24,87500,2686126,46063,1415081,41437,1271045,0,0,39758,1013267,0.133605,47558,842642,0.111107,41932,1855909,0.244712,7584050
4,2021-02-25,97602,2783728,50661,1465742,46941,1317986,0,0,46829,1012048,0.133444,50631,893273,0.117783,49412,1905321,0.251227,7584050
4,2021-02-26,103851,2887579,52330,1518072,51521,1369507,0,0,53723,1018190,0.134254,49916,943189,0.124365,56058,1961379,0.258619,7584050
4,2021-02-27,74662,2962241,40365,1558437,34291,1403798,6,6,39943,1025012,0.135154,34606,977795,0.128928,41428,2002807,0.264081,7584050
4,2021-02-28,44889,3007130,27812,1586249,17076,1420874,1,7,25019,1031225,0.135973,19746,997541,0.131531,25959,2028766,0.267504,7584050
4,2021-03-01,74420,3081550,43467,1629716,30940,1451814,13,20,41218,1040696,0.137222,33010,1030551,0.135884,42481,2071247,0.273106,7584050
4,2021-03-02,80447,3161997,44877,1674593,35566,1487380,4,24,47171,1056583,0.139316,33136,1063687,0.140253,49023,2120270,0.27957,7584050
4,2021-03-03,97853,3259850,51636,1726229,46207,1533587,10,34,54443,1069632,0.141037,43233,1106920,0.145954,56282,2176552,0.286991,7584050
4,2021-03-04,95393,3355243,52920,1779149,42460,1576047,13,47,52417,1081091,0.142548,42789,1149709,0.151596,54248,2230800,0.294144,7584050
4,2021-03-05,92260,3447503,49340,1828489,42610,1618657,310,357,54651,1100571,0.145117,37445,1187154,0.156533,56925,2287725,0.30165,7584050
4,2021-03-06,74794,3522297,41904,1870393,30290,1648947,2600,2957,45772,1121464,0.147871,28928,1216082,0.160347,49821,2337546,0.308219,7584050
4,2021-03-07,41315,3563612,26183,1896576,13980,1662927,1152,4109,24543,1131699,0.149221,16720,1232802,0.162552,26955,2364501,0.311773,7584050
4,2021-03-08,64957,3628569,33688,1930264,28104,1691031,3165,7274,42700,1156755,0.152525,22156,1254958,0.165473,47212,2411713,0.317998,7584050
4,2021-03-09,73599,3702168,34072,1964336,34440,1725471,5087,12361,38164,1166047,0.15375,35295,1290253,0.170127,44587,2456300,0.323877,7584050
4,2021-03-10,87910,3790078,44615,2008951,35949,1761420,7346,19707,44062,1174959,0.154925,43701,1333954,0.175889,52613,2508913,0.330814,7584050
4,2021-03-11,99522,3889600,52327,2061278,38872,1800292,8323,28030,46142,1177552,0.155267,53194,1387148,0.182903,55787,2564700,0.33817,7584050
4,2021-03-12,103228,3992828,50860,2112138,42188,1842480,10180,38210,44230,1174128,0.154815,58790,1445938,0.190655,55366,2620066,0.345471,7584050
4,2021-03-13,79737,4072565,37078,2149216,34351,1876831,8308,46518,37524,1179025,0.155461,42101,1488039,0.196206,46998,2667064,0.351668,7584050
4,2021-03-14,48938,4121503,27854,2177070,17508,1894339,3576,50094,25147,1184678,0.156207,23719,1511758,0.199334,29372,2696436,0.35554,7584050
4,2021-03-15,82860,4204363,44362,2221432,34306,1928645,4192,54286,42830,1192710,0.157266,39839,1551597,0.204587,47871,2744307,0.361852,7584050
4,2021-03-16,106463,4310826,55243,2276675,47870,1976515,3350,57636,57264,1205184,0.15891,48996,1600593,0.211047,61470,2805777,0.369958,7584050
4,2021-03-17,104949,4415775,56439,2333114,45130,2021645,3380,61016,61957,1228358,0.161966,42786,1643379,0.216689,65960,2871737,0.378655,7584050
4,2021-03-18,104972,4520747,58007,2391121,43361,2065006,3604,64620,60456,1248648,0.164641,44292,1687671,0.222529,64582,2936319,0.38717,7584050
4,2021-03-19,109059,4629806,62408,2453529,41556,2106562,5095,69715,63266,1271947,0.167713,45594,1733265,0.228541,68893,3005212,0.396254,7584050
4,2021-03-20,82220,4712026,48037,2501566,31240,2137802,2943,72658,51446,1296101,0.170898,30663,1763928,0.232584,54817,3060029,0.403482,7584050
4,2021-03-21,47269,4759295,34212,2535778,10833,2148635,2224,74882,28885,1309699,0.172691,18299,1782227,0.234997,31897,3091926,0.407688,7584050
4,2021-03-22,80712,4840007,52786,2588564,25297,2173932,2629,77511,51522,1335773,0.176129,29014,1811241,0.238822,55088,3147014,0.414952,7584050
4,2021-03-23,102948,4942955,61389,2649953,39486,2213418,2073,79584,64503,1364710,0.179945,38208,1849449,0.24386,67145,3214159,0.423805,7584050
4,2021-03-24,111968,5054923,72361,2722314,37317,2250735,2290,81874,64407,1384880,0.182604,47184,1896633,0.250082,67354,3281513,0.432686,7584050
4,2021-03-25,115119,5170042,70881,2793195,41943,2292678,2295,84169,67051,1407048,0.185527,47664,1944297,0.256367,69832,3351345,0.441894,7584050
4,2021-03-26,117879,5287921,71509,2864704,43381,2336059,2989,87158,66158,1425411,0.187949,51427,1995724,0.263148,69790,3421135,0.451096,7584050
4,2021-03-27,90029,5377950,53303,2918007,34948,2371007,1778,88936,46892,1431611,0.188766,42952,2038676,0.268811,49152,3470287,0.457577,7584050
4,2021-03-28,54873,5432823,36109,2954116,17898,2388905,866,89802,30706,1439450,0.1898,24052,2062728,0.271982,31891,3502178,0.461782,7584050
4,2021-03-29,92245,5525068,55442,3009558,34790,2423695,2013,91815,51568,1453079,0.191597,40497,2103225,0.277322,54126,3556304,0.468919,7584050
4,2021-03-30,115707,5640775,63051,3072609,48585,2472280,4071,95886,74056,1490184,0.196489,41475,2144700,0.282791,78580,3634884,0.47928,7584050
4,2021-03-31,119256,5760031,70522,3143131,42562,2514842,6172,102058,69085,1515751,0.19986,49920,2194620,0.289373,75487,3710371,0.489233,7584050
4,2021-04-01,139740,5899771,79905,3223036,47063,2561905,12772,114830,82977,1555278,0.205072,56501,2251121,0.296823,96028,3806399,0.501895,7584050
4,2021-04-02,134210,6033981,71982,3295018,49184,2611089,13044,127874,78166,1591051,0.209789,55829,2306950,0.304184,91602,3898001,0.513974,7584050
4,2021-04-03,99570,6133551,53181,3348199,33353,2644442,13036,140910,52226,1609472,0.212218,47196,2354146,0.310407,65617,3963618,0.522626,7584050
4,2021-04-04,46352,6179903,24480,3372679,14479,2658921,7393,148303,20557,1611766,0.21252,25726,2379872,0.3138,28020,3991638,0.52632,7584050
4,2021-04-05,108053,6287956,60964,3433643,34553,2693474,12536,160839,56828,1630704,0.215018,51068,2430940,0.320533,70006,4061644,0.535551,7584050
4,2021-04-06,137169,6425125,77442,3511085,40225,2733699,19502,180341,71786,1657578,0.218561,65198,2496138,0.32913,92072,4153716,0.547691,7584050
4,2021-04-07,135584,6560709,77094,3588179,38103,2771802,20387,200728,70638,1684411,0.222099,64749,2560887,0.337667,91582,4245298,0.559767,7584050
4,2021-04-08,137867,6698576,77185,3665364,35630,2807432,25052,225780,68820,1710166,0.225495,68822,2629709,0.346742,94577,4339875,0.572237,7584050
4,2021-04-09,135085,6833661,74241,3739605,38313,2845745,22531,248311,64884,1728686,0.227937,70031,2699740,0.355976,88551,4428426,0.583913,7584050
4,2021-04-10,101651,6935312,50332,3789937,32934,2878679,18385,266696,46156,1739016,0.229299,55334,2755074,0.363272,65664,4494090,0.592571,7584050
4,2021-04-11,61590,6996902,37488,3827425,13041,2891720,11061,277757,27104,1743996,0.229956,34412,2789486,0.36781,39392,4533482,0.597765,7584050
4,2021-04-12,101128,7098030,61660,3889085,29737,2921457,9731,287488,51357,1756774,0.231641,49536,2839022,0.374341,62314,4595796,0.605982,7584050
4,2021-04-13,128553,7226583,80550,3969635,47851,2969308,152,287640,77230,1784172,0.235253,51108,2890130,0.38108,78506,4674302,0.616333,7584050
4,2021-04-14,133203,7359786,84889,4054524,48246,3017554,68,287708,74352,1801673,0.237561,58605,2948735,0.388807,76106,4750408,0.626368,7584050
4,2021-04-15,153216,7513002,102204,4156728,50983,3068537,29,287737,94754,1839519,0.242551,58177,3006912,0.396478,96023,4846431,0.639029,7584050
4,2021-04-16,140752,7653754,89586,4246314,51093,3119630,73,287810,82523,1865003,0.245911,57984,3064896,0.404124,83468,4929899,0.650035,7584050
4,2021-04-17,98606,7752360,62472,4308786,36126,3155756,8,287818,57969,1883895,0.248402,40439,3105335,0.409456,59331,4989230,0.657858,7584050
4,2021-04-18,53242,7805602,35680,4344466,17559,3173315,3,287821,30448,1892772,0.249573,22695,3128030,0.412448,31572,5020802,0.662021,7584050
4,2021-04-19,99068,7904670,65517,4409983,33539,3206854,12,287833,50884,1896635,0.250082,48008,3176038,0.418779,51871,5072673,0.668861,7584050
4,2021-04-20,126162,8030832,73923,4483906,52234,3259088,5,287838,66359,1905036,0.25119,59552,3235590,0.426631,67953,5140626,0.677821,7584050
4,2021-04-21,126120,8156952,80932,4564838,45139,3304227,49,287887,63805,1908382,0.251631,62066,3297656,0.434815,65412,5206038,0.686446,7584050
4,2021-04-22,135486,8292438,89132,4653970,46336,3350563,18,287905,60788,1896936,0.250122,74425,3372081,0.444628,62979,5269017,0.69475,7584050
4,2021-04-23,129342,8421780,83800,4737770,45520,3396083,22,287927,56328,1884960,0.248543,72738,3444819,0.454219,60762,5329779,0.702762,7584050
4,2021-04-24,96162,8517942,65252,4803022,30858,3426941,52,287979,44306,1880239,0.24792,51631,3496450,0.461027,46910,5376689,0.708947,7584050
4,2021-04-25,48714,8566656,34597,4837619,14094,3441035,23,288002,25562,1883550,0.248357,23051,3519501,0.464066,26362,5403051,0.712423,7584050
4,2021-04-26,79495,8646151,52340,4889959,26798,3467833,357,288359,31026,1869428,0.246495,48267,3567768,0.47043,34145,5437196,0.716925,7584050
4,2021-04-27,101389,8747540,61886,4951845,37731,3505564,1772,290131,36464,1846163,0.243427,64678,3632446,0.478959,41413,5478609,0.722386,7584050
4,2021-04-28,98065,8845605,63393,5015238,32218,3537782,2454,292585,34867,1822588,0.240319,62983,3695429,0.487263,39408,5518017,0.727582,7584050
4,2021-04-29,99637,8945242,63032,5078270,34132,3571914,2473,295058,31072,1790804,0.236128,68317,3763746,0.496271,36533,5554550,0.732399,7584050
4,2021-04-30,100067,9045309,62975,5141245,34506,3606420,2586,297644,34111,1763716,0.232556,65686,3829432,0.504932,38598,5593148,0.737488,7584050
4,2021-05-01,67045,9112354,44523,5185768,20826,3627246,1696,299340,19582,1738858,0.229278,47316,3876748,0.511171,22458,5615606,0.740449,7584050
4,2021-05-02,36711,9149065,25974,5211742,9495,3636741,1242,300582,10458,1724666,0.227407,26160,3902908,0.514621,11968,5627574,0.742028,7584050
4,2021-05-03,72703,9221768,49954,5261696,20387,3657128,2362,302944,18118,1691512,0.223035,54408,3957316,0.521795,21254,5648828,0.74483,7584050
4,2021-05-04,74309,9296077,50269,5311965,22852,3679980,1188,304132,15986,1651723,0.217789,58154,4015470,0.529462,18365,5667193,0.747252,7584050
4,2021-05-05,62338,9358415,43746,5355711,17501,3697481,1091,305223,13372,1618254,0.213376,48794,4064264,0.535896,15325,5682518,0.749272,7584050
4,2021-05-06,55672,9414087,43458,5399169,11227,3708708,987,306210,7724,1580193,0.208357,47778,4112042,0.542196,9717,5692235,0.750553,7584050
