vemquartile,administered_date,total_doses,cumulative_total_doses,pfizer_doses,cumulative_pfizer_doses,moderna_doses,cumulative_moderna_doses,jj_doses,cumulative_jj_doses,partially_vaccinated,total_partially_vaccinated,pct_age12pop_partially_vaccinated,fully_vaccinated,cumulative_fully_vaccinated,pct_age12pop_fully_vaccinated,at_least_one_dose,cumulative_at_least_one_dose,pct_age12pop_at_least_one_dose,age12_population
1,2020-12-15,150,150,150,150,0,0,0,0,150,150,1.7e-05,0,0,0.0,150,150,1.7e-05,8700223
1,2020-12-16,1226,1376,1226,1376,0,0,0,0,1226,1376,0.000158,0,0,0.0,1226,1376,0.000158,8700223
1,2020-12-17,4182,5558,4182,5558,0,0,0,0,4183,5559,0.000639,0,0,0.0,4183,5559,0.000639,8700223
1,2020-12-18,6360,11918,6339,11897,21,21,0,0,6362,11920,0.00137,1,1,0.0,6362,11921,0.00137,8700223
1,2020-12-19,2883,14801,2880,14777,3,24,0,0,2882,14801,0.001701,1,2,0.0,2882,14803,0.001701,8700223
1,2020-12-20,2131,16932,2123,16900,8,32,0,0,2132,16933,0.001946,0,2,0.0,2132,16935,0.001947,8700223
1,2020-12-21,7659,24591,7643,24543,16,48,0,0,7708,24641,0.002832,1,3,0.0,7709,24644,0.002833,8700223
1,2020-12-22,7298,31889,6954,31497,344,392,0,0,7299,31938,0.003671,2,5,1e-06,7299,31943,0.003672,8700223
1,2020-12-23,7838,39727,6579,38076,1259,1651,0,0,7833,39770,0.004571,2,7,1e-06,7834,39777,0.004572,8700223
1,2020-12-24,3302,43029,2366,40442,936,2587,0,0,3304,43074,0.004951,0,7,1e-06,3304,43081,0.004952,8700223
1,2020-12-25,237,43266,153,40595,84,2671,0,0,237,43311,0.004978,0,7,1e-06,237,43318,0.004979,8700223
1,2020-12-26,1362,44628,968,41563,394,3065,0,0,1361,44671,0.005134,1,8,1e-06,1361,44679,0.005135,8700223
1,2020-12-27,871,45499,535,42098,336,3401,0,0,871,45541,0.005234,1,9,1e-06,871,45550,0.005235,8700223
1,2020-12-28,7099,52598,4763,46861,2336,5737,0,0,7097,52638,0.00605,0,9,1e-06,7097,52647,0.006051,8700223
1,2020-12-29,8893,61491,4986,51847,3907,9644,0,0,8889,61524,0.007072,3,12,1e-06,8889,61536,0.007073,8700223
1,2020-12-30,11586,73077,6447,58294,5139,14783,0,0,11586,73110,0.008403,0,12,1e-06,11586,73122,0.008405,8700223
1,2020-12-31,5971,79048,1955,60249,4016,18799,0,0,5969,79077,0.009089,3,15,2e-06,5970,79092,0.009091,8700223
1,2021-01-01,572,79620,203,60452,369,19168,0,0,571,79647,0.009155,1,16,2e-06,571,79663,0.009156,8700223
1,2021-01-02,2910,82530,1763,62215,1147,20315,0,0,2912,82559,0.009489,0,16,2e-06,2912,82575,0.009491,8700223
1,2021-01-03,1032,83562,545,62760,487,20802,0,0,1031,83588,0.009608,2,18,2e-06,1031,83606,0.00961,8700223
1,2021-01-04,7352,90914,3587,66347,3765,24567,0,0,7356,90943,0.010453,1,19,2e-06,7356,90962,0.010455,8700223
1,2021-01-05,10865,101779,5255,71602,5610,30177,0,0,10075,100266,0.011525,774,793,9.1e-05,10097,101059,0.011616,8700223
1,2021-01-06,14056,115835,7065,78667,6991,37168,0,0,12137,110533,0.012705,1881,2674,0.000307,12148,113207,0.013012,8700223
1,2021-01-07,17531,133366,9163,87830,8368,45536,0,0,13012,119130,0.013693,4425,7099,0.000816,13022,126229,0.014509,8700223
1,2021-01-08,20204,153570,10484,98314,9720,55256,0,0,14261,127471,0.014651,5928,13027,0.001497,14269,140498,0.016149,8700223
1,2021-01-09,6691,160261,3390,101704,3301,58557,0,0,4840,130471,0.014996,1844,14871,0.001709,4844,145342,0.016706,8700223
1,2021-01-10,3088,163349,1763,103467,1325,59882,0,0,1895,131182,0.015078,1185,16056,0.001845,1896,147238,0.016923,8700223
1,2021-01-11,18090,181439,11851,115318,6239,66121,0,0,11542,136231,0.015658,6533,22589,0.002596,11582,158820,0.018255,8700223
1,2021-01-12,19157,200596,10928,126246,8229,74350,0,0,13164,143476,0.016491,5960,28549,0.003281,13205,172025,0.019772,8700223
1,2021-01-13,19881,220477,10745,136991,9136,83486,0,0,14724,153084,0.017595,5134,33683,0.003872,14742,186767,0.021467,8700223
1,2021-01-14,22153,242630,9526,146517,12627,96113,0,0,19395,169831,0.01952,2701,36384,0.004182,19448,206215,0.023702,8700223
1,2021-01-15,25226,267856,9248,155765,15978,112091,0,0,23278,191260,0.021983,1907,38291,0.004401,23336,229551,0.026384,8700223
1,2021-01-16,13900,281756,4545,160310,9355,121446,0,0,13034,203432,0.023382,865,39156,0.004501,13037,242588,0.027883,8700223
1,2021-01-17,5191,286947,2002,162312,3189,124635,0,0,4824,207895,0.023895,365,39521,0.004543,4828,247416,0.028438,8700223
1,2021-01-18,14321,301268,8589,170901,5732,130367,0,0,11136,215912,0.024817,3172,42693,0.004907,11189,258605,0.029724,8700223
1,2021-01-19,24741,326009,12776,183677,11965,142332,0,0,19593,230428,0.026485,5131,47824,0.005497,19647,278252,0.031982,8700223
1,2021-01-20,29517,355526,14755,198432,14762,157094,0,0,23595,248214,0.02853,5847,53671,0.006169,23633,301885,0.034699,8700223
1,2021-01-21,31277,386803,14585,213017,16692,173786,0,0,28007,273109,0.031391,3205,56876,0.006537,28100,329985,0.037928,8700223
1,2021-01-22,28393,415196,11233,224250,17160,190946,0,0,26332,297479,0.034192,1994,58870,0.006766,26364,356349,0.040959,8700223
1,2021-01-23,18773,433969,8206,232456,10567,201513,0,0,16812,312372,0.035904,1929,60799,0.006988,16822,373171,0.042892,8700223
1,2021-01-24,6672,440641,4157,236613,2515,204028,0,0,6017,317745,0.036521,650,61449,0.007063,6023,379194,0.043584,8700223
1,2021-01-25,25466,466107,10484,247097,14982,219010,0,0,19696,331816,0.038139,5726,67175,0.007721,19797,398991,0.04586,8700223
1,2021-01-26,28709,494816,13360,260457,15349,234359,0,0,22028,347244,0.039912,6620,73795,0.008482,22048,421039,0.048394,8700223
1,2021-01-27,32541,527357,15424,275881,17117,251476,0,0,24408,363620,0.041794,8064,81859,0.009409,24440,445479,0.051203,8700223
1,2021-01-28,34865,562222,16293,292174,18572,270048,0,0,27934,384757,0.044224,6861,88720,0.010197,27998,473477,0.054421,8700223
1,2021-01-29,33575,595797,16323,308497,17252,287300,0,0,27011,405388,0.046595,6417,95137,0.010935,27048,500525,0.05753,8700223
1,2021-01-30,20095,615892,8658,317155,11437,298737,0,0,17989,421308,0.048425,2079,97216,0.011174,17999,518524,0.059599,8700223
1,2021-01-31,7532,623424,4856,322011,2676,301413,0,0,6824,427429,0.049129,705,97921,0.011255,6826,525350,0.060384,8700223
1,2021-02-01,28898,652322,12457,334468,16441,317854,0,0,21131,440849,0.050671,7716,105637,0.012142,21136,546486,0.062813,8700223
1,2021-02-02,32497,684819,11616,346084,20881,338735,0,0,24304,457079,0.052536,8110,113747,0.013074,24340,570826,0.065611,8700223
1,2021-02-03,39586,724405,15139,361223,24447,363182,0,0,28527,474747,0.054567,10896,124643,0.014326,28564,599390,0.068894,8700223
1,2021-02-04,44085,768490,17162,378385,26923,390105,0,0,31850,494533,0.056841,12112,136755,0.015719,31898,631288,0.07256,8700223
1,2021-02-05,46983,815473,17377,395762,29606,419711,0,0,30778,509305,0.058539,16064,152819,0.017565,30836,662124,0.076104,8700223
1,2021-02-06,26526,841999,10486,406248,16040,435751,0,0,20628,524093,0.060239,5857,158676,0.018238,20645,682769,0.078477,8700223
1,2021-02-07,6238,848237,4002,410250,2236,437987,0,0,4632,527158,0.060591,1585,160261,0.01842,4650,687419,0.079012,8700223
1,2021-02-08,31360,879597,14188,424438,17172,455159,0,0,20858,537685,0.061801,10426,170687,0.019619,20953,708372,0.08142,8700223
1,2021-02-09,38456,918053,16774,441212,21682,476841,0,0,23692,546717,0.062839,14736,185423,0.021312,23768,732140,0.084152,8700223
1,2021-02-10,47160,965213,22054,463266,25106,501947,0,0,26771,553280,0.063594,20286,205709,0.023644,26849,758989,0.087238,8700223
1,2021-02-11,51738,1016951,25274,488540,26464,528411,0,0,30901,563777,0.0648,20508,226217,0.026001,31005,789994,0.090802,8700223
1,2021-02-12,50124,1067075,21453,509993,28671,557082,0,0,28792,571510,0.065689,21198,247415,0.028438,28931,818925,0.094127,8700223
1,2021-02-13,26352,1093427,11525,521518,14827,571909,0,0,15232,575767,0.066178,11051,258466,0.029708,15308,834233,0.095886,8700223
1,2021-02-14,11729,1105156,5541,527059,6188,578097,0,0,6683,577497,0.066377,5018,263484,0.030285,6748,840981,0.096662,8700223
1,2021-02-15,23830,1128986,9368,536427,14462,592559,0,0,14500,582901,0.066998,9213,272697,0.031344,14617,855598,0.098342,8700223
1,2021-02-16,47134,1176120,22323,558750,24811,617370,0,0,27568,591095,0.06794,19484,292181,0.033583,27678,883276,0.101523,8700223
1,2021-02-17,48353,1224473,24378,583128,23975,641345,0,0,26132,595303,0.068424,22071,314252,0.03612,26279,909555,0.104544,8700223
1,2021-02-18,51195,1275668,25414,608542,25781,667126,0,0,26597,597766,0.068707,24362,338614,0.03892,26825,936380,0.107627,8700223
1,2021-02-19,46497,1322165,25073,633615,21424,688550,0,0,26141,603761,0.069396,20209,358823,0.041243,26204,962584,0.110639,8700223
1,2021-02-20,27477,1349642,16712,650327,10765,699315,0,0,15737,607893,0.069871,11681,370504,0.042586,15813,978397,0.112457,8700223
1,2021-02-21,12198,1361840,10502,660829,1696,701011,0,0,7413,610627,0.070185,4729,375233,0.043129,7463,985860,0.113314,8700223
1,2021-02-22,31360,1393200,20568,681397,10792,711803,0,0,18064,615578,0.070754,13214,388447,0.044648,18165,1004025,0.115402,8700223
1,2021-02-23,45276,1438476,21794,703191,23482,735285,0,0,24906,620761,0.07135,20085,408532,0.046956,25268,1029293,0.118307,8700223
1,2021-02-24,55029,1493505,26552,729743,28477,763762,0,0,30442,627255,0.072096,24399,432931,0.049761,30893,1060186,0.121857,8700223
1,2021-02-25,66612,1560117,32312,762055,34300,798062,0,0,41518,644320,0.074058,24953,457884,0.052629,42018,1102204,0.126687,8700223
1,2021-02-26,74238,1634355,34785,796840,39453,837515,0,0,48795,668345,0.076819,25245,483129,0.055531,49270,1151474,0.13235,8700223
1,2021-02-27,50499,1684854,23229,820069,27261,864776,9,9,33519,685293,0.078767,16845,499974,0.057467,33793,1185267,0.136234,8700223
1,2021-02-28,19464,1704318,11518,831587,7944,872720,2,11,14328,694697,0.079848,5066,505040,0.058049,14470,1199737,0.137897,8700223
1,2021-03-01,44640,1748958,20439,852026,24162,896882,39,50,28812,708120,0.081391,15663,520703,0.059849,29086,1228823,0.14124,8700223
1,2021-03-02,62590,1811548,27237,879263,35345,932227,8,58,40378,727059,0.083568,22064,542767,0.062385,41003,1269826,0.145953,8700223
1,2021-03-03,70297,1881845,33599,912862,36675,968902,23,81,43079,743696,0.08548,27060,569827,0.065496,43697,1313523,0.150976,8700223
1,2021-03-04,78665,1960510,37042,949904,41588,1010490,35,116,50846,767448,0.08821,27640,597467,0.068673,51392,1364915,0.156883,8700223
1,2021-03-05,77822,2038332,35268,985172,42349,1052839,205,321,52205,795103,0.091389,25383,622850,0.07159,53038,1417953,0.162979,8700223
1,2021-03-06,57358,2095690,27404,1012576,28602,1081441,1352,1673,39035,817603,0.093975,18250,641100,0.073688,40750,1458703,0.167663,8700223
1,2021-03-07,20762,2116452,12920,1025496,6658,1088099,1184,2857,15334,828971,0.095282,5404,646504,0.074309,16772,1475475,0.16959,8700223
1,2021-03-08,45874,2162326,22471,1047967,21452,1109551,1951,4808,32181,849844,0.097681,13594,660098,0.075871,34467,1509942,0.173552,8700223
1,2021-03-09,66643,2228969,32193,1080160,31965,1141516,2485,7293,41035,868239,0.099795,25468,685566,0.078799,43863,1553805,0.178594,8700223
1,2021-03-10,73529,2302498,36634,1116794,32432,1173948,4463,11756,45293,890228,0.102322,28134,713700,0.082032,50123,1603928,0.184355,8700223
1,2021-03-11,90148,2392646,41321,1158115,40815,1214763,8012,19768,52539,913856,0.105038,37384,751084,0.086329,61012,1664940,0.191368,8700223
1,2021-03-12,98890,2491536,43557,1201672,42908,1257671,12425,32193,57778,943616,0.108459,40906,791990,0.091031,70666,1735606,0.19949,8700223
1,2021-03-13,65296,2556832,29486,1231158,28041,1285712,7769,39962,41572,969690,0.111456,23595,815585,0.093743,49669,1785275,0.205199,8700223
1,2021-03-14,27859,2584691,14914,1246072,9371,1295083,3574,43536,15606,976880,0.112282,12184,827769,0.095143,19374,1804649,0.207426,8700223
1,2021-03-15,65302,2649993,28765,1274837,29802,1324885,6735,50271,38486,995863,0.114464,26604,854373,0.098201,45587,1850236,0.212665,8700223
1,2021-03-16,85776,2735769,39054,1313891,41075,1365960,5647,55918,53217,1022751,0.117555,32338,886711,0.101918,59226,1909462,0.219473,8700223
1,2021-03-17,92913,2828682,45280,1359171,41064,1407024,6569,62487,59791,1056566,0.121441,32908,919619,0.105701,66723,1976185,0.227142,8700223
1,2021-03-18,98784,2927466,50903,1410074,42140,1449164,5741,68228,60008,1084378,0.124638,38432,958051,0.110118,66244,2042429,0.234756,8700223
1,2021-03-19,103587,3031053,53661,1463735,43621,1492785,6305,74533,60865,1109621,0.127539,42441,1000492,0.114996,67684,2110113,0.242536,8700223
1,2021-03-20,72422,3103475,37184,1500919,29970,1522755,5268,79801,46697,1136328,0.130609,25537,1026029,0.117931,52244,2162357,0.24854,8700223
1,2021-03-21,27190,3130665,18990,1519909,6385,1529140,1815,81616,17094,1145325,0.131643,10010,1036039,0.119082,19007,2181364,0.250725,8700223
1,2021-03-22,59266,3189931,30561,1550470,25430,1554570,3275,84891,40142,1170209,0.134503,18909,1054948,0.121255,43793,2225157,0.255759,8700223
1,2021-03-23,83020,3272951,42255,1592725,37144,1591714,3621,88512,51272,1194050,0.137244,31515,1086463,0.124878,55356,2280513,0.262121,8700223
1,2021-03-24,87917,3360868,44534,1637259,39022,1630736,4361,92873,52723,1216400,0.139813,34907,1121370,0.12889,57257,2337770,0.268702,8700223
1,2021-03-25,96728,3457596,49421,1686680,41479,1672215,5828,98701,53976,1233984,0.141834,42432,1163802,0.133767,60016,2397786,0.275601,8700223
1,2021-03-26,104495,3562091,51010,1737690,47145,1719360,6340,105041,56266,1249024,0.143562,47871,1211673,0.139269,62911,2460697,0.282831,8700223
1,2021-03-27,74022,3636113,38215,1775905,31617,1750977,4190,109231,38310,1256250,0.144393,35487,1247160,0.143348,42713,2503410,0.287741,8700223
1,2021-03-28,32608,3668721,21353,1797258,10042,1761019,1213,110444,16490,1258390,0.144639,16015,1263175,0.145189,18155,2521565,0.289828,8700223
1,2021-03-29,67018,3735739,33293,1830551,30559,1791578,3166,113610,37126,1269189,0.14588,29699,1292874,0.148602,40498,2562063,0.294482,8700223
1,2021-03-30,91849,3827588,45275,1875826,40200,1831778,6374,119984,47320,1278639,0.146966,44334,1337208,0.153698,53784,2615847,0.300664,8700223
1,2021-03-31,100621,3928209,52598,1928424,41859,1873637,6164,126148,55272,1295102,0.148858,45041,1382249,0.158875,61504,2677351,0.307734,8700223
1,2021-04-01,111675,4039884,53473,1981897,49434,1923071,8768,134916,56981,1306624,0.150183,54281,1436530,0.165114,65803,2743154,0.315297,8700223
1,2021-04-02,111170,4151054,50889,2032786,50594,1973665,9687,144603,56496,1318775,0.151579,54240,1490770,0.171348,66391,2809545,0.322928,8700223
1,2021-04-03,77973,4229027,39241,2072027,29098,2002763,9634,154237,36479,1323658,0.152141,41316,1532086,0.176097,46199,2855744,0.328238,8700223
1,2021-04-04,23748,4252775,11824,2083851,8461,2011224,3463,157700,9933,1323304,0.1521,13751,1545837,0.177678,13397,2869141,0.329778,8700223
1,2021-04-05,76392,4329167,36818,2120669,30311,2041535,9263,166963,34403,1325394,0.15234,41793,1587630,0.182482,43883,2913024,0.334822,8700223
1,2021-04-06,103661,4432828,49211,2169880,37847,2079382,16603,183566,46831,1332347,0.153139,56547,1644177,0.188981,63500,2976524,0.34212,8700223
1,2021-04-07,111686,4544514,54320,2224200,39851,2119233,17515,201081,50401,1339311,0.15394,60984,1705161,0.19599,67948,3044472,0.34993,8700223
1,2021-04-08,122058,4666572,57828,2282028,43292,2162525,20938,222019,53933,1346537,0.15477,67718,1772879,0.203774,74944,3119416,0.358544,8700223
1,2021-04-09,123386,4789958,56429,2338457,46205,2208730,20752,242771,54223,1352772,0.155487,68799,1841678,0.211682,75034,3194450,0.367169,8700223
1,2021-04-10,95475,4885433,42443,2380900,30347,2239077,22685,265456,37259,1354693,0.155708,58012,1899690,0.21835,59933,3254383,0.374057,8700223
1,2021-04-11,36303,4921736,20301,2401201,9371,2248448,6631,272087,14786,1354765,0.155716,21456,1921146,0.220816,21528,3275911,0.376532,8700223
1,2021-04-12,74245,4995981,33215,2434416,31053,2279501,9977,282064,31413,1353765,0.155601,42547,1963693,0.225706,41547,3317458,0.381307,8700223
1,2021-04-13,97131,5093112,52036,2486452,44756,2324257,339,282403,52466,1362538,0.15661,44377,2008070,0.230807,53150,3370608,0.387416,8700223
1,2021-04-14,104891,5198003,54359,2540811,50461,2374718,71,282474,53403,1365254,0.156922,51130,2059200,0.236684,53846,3424454,0.393605,8700223
1,2021-04-15,106155,5304158,57755,2598566,48309,2423027,91,282565,56767,1373470,0.157866,48812,2108012,0.242294,57028,3481482,0.40016,8700223
1,2021-04-16,110532,5414690,56781,2655347,53663,2476690,88,282653,55430,1374594,0.157995,54578,2162590,0.248567,55702,3537184,0.406562,8700223
1,2021-04-17,83423,5498113,45299,2700646,38113,2514803,11,282664,46824,1385221,0.159217,36370,2198960,0.252748,46997,3584181,0.411964,8700223
1,2021-04-18,30133,5528246,20394,2721040,9732,2524535,7,282671,15222,1385827,0.159286,14824,2213784,0.254451,15430,3599611,0.413738,8700223
1,2021-04-19,67125,5595371,33980,2755020,33132,2557667,13,282684,30527,1380244,0.158645,36251,2250035,0.258618,30668,3630279,0.417263,8700223
1,2021-04-20,88379,5683750,44549,2799569,43806,2601473,24,282708,41637,1375703,0.158123,46405,2296440,0.263952,41864,3672143,0.422075,8700223
1,2021-04-21,97259,5781009,50718,2850287,46444,2647917,97,282805,43760,1366834,0.157103,52959,2349399,0.270039,44090,3716233,0.427142,8700223
1,2021-04-22,96696,5877705,50439,2900726,46241,2694158,16,282821,44458,1359771,0.156292,51757,2401156,0.275988,44694,3760927,0.432279,8700223
1,2021-04-23,101263,5978968,52290,2953016,48947,2743105,26,282847,48451,1356149,0.155875,52325,2453481,0.282002,48703,3809630,0.437877,8700223
1,2021-04-24,75353,6054321,46725,2999741,28603,2771708,25,282872,42656,1366495,0.157064,32588,2486069,0.285748,42934,3852564,0.442812,8700223
1,2021-04-25,26960,6081281,17162,3016903,9785,2781493,13,282885,15414,1370626,0.157539,11436,2497505,0.287062,15567,3868131,0.444601,8700223
1,2021-04-26,65945,6147226,34647,3051550,30898,2812391,400,283285,31495,1368705,0.157318,34154,2531659,0.290988,32233,3900364,0.448306,8700223
1,2021-04-27,81172,6228398,43143,3094693,36731,2849122,1298,284583,35542,1360535,0.156379,45353,2577012,0.296201,37183,3937547,0.45258,8700223
1,2021-04-28,80701,6309099,42937,3137630,36276,2885398,1488,286071,35703,1353285,0.155546,44670,2621682,0.301335,37420,3974967,0.456881,8700223
1,2021-04-29,83788,6392887,46102,3183732,36081,2921479,1605,287676,34662,1340915,0.154124,48797,2670479,0.306944,36427,4011394,0.461068,8700223
1,2021-04-30,91407,6484294,49579,3233311,39970,2961449,1858,289534,38647,1329139,0.152771,52450,2722929,0.312972,40674,4052068,0.465743,8700223
1,2021-05-01,62212,6546506,40198,3273509,20599,2982048,1415,290949,26261,1321300,0.15187,35734,2758663,0.31708,27895,4079963,0.468949,8700223
1,2021-05-02,23220,6569726,16399,3289908,6245,2988293,576,291525,9397,1317586,0.151443,13716,2772379,0.318656,10002,4089965,0.470099,8700223
1,2021-05-03,55572,6625298,30732,3320640,23005,3011298,1835,293360,20559,1305254,0.150025,34782,2807161,0.322654,22450,4112415,0.472679,8700223
1,2021-05-04,74970,6700268,43169,3363809,29722,3041020,2079,295439,27275,1287288,0.14796,47408,2854569,0.328103,29442,4141857,0.476063,8700223
1,2021-05-05,77206,6777474,44788,3408597,30127,3071147,2291,297730,26433,1265643,0.145472,50452,2905021,0.333902,28807,4170664,0.479374,8700223
1,2021-05-06,78372,6855846,47462,3456059,28745,3099892,2165,299895,24635,1239223,0.142436,53376,2958397,0.340037,26956,4197620,0.482473,8700223
1,2021-05-07,82477,6938323,46902,3502961,33382,3133274,2193,302088,27734,1214890,0.139639,54326,3012723,0.346281,29993,4227613,0.48592,8700223
1,2021-05-08,56603,6994926,35522,3538483,19446,3152720,1635,303723,19365,1199066,0.13782,36918,3049641,0.350524,21094,4248707,0.488345,8700223
1,2021-05-09,18150,7013076,13052,3551535,4623,3157343,475,304198,5558,1192617,0.137079,12517,3062158,0.351963,6068,4254775,0.489042,8700223
1,2021-05-10,43692,7056768,22082,3573617,19808,3177151,1802,306000,14831,1180744,0.135714,28601,3090759,0.355251,16728,4271503,0.490965,8700223
1,2021-05-11,61663,7118431,33456,3607073,26067,3203218,2140,308140,20457,1162518,0.133619,40942,3131701,0.359956,22716,4294219,0.493576,8700223
1,2021-05-12,62171,7180602,33121,3640194,27040,3230258,2010,310150,20491,1143714,0.131458,41376,3173077,0.364712,22572,4316791,0.49617,8700223
1,2021-05-13,66170,7246772,38818,3679012,25370,3255628,1982,312132,25216,1130604,0.129951,40587,3213664,0.369377,27477,4344268,0.499328,8700223
1,2021-05-14,75803,7322575,45710,3724722,27709,3283337,2384,314516,30734,1119315,0.128654,44686,3258350,0.374513,33397,4377665,0.503167,8700223
1,2021-05-15,65916,7388491,43265,3767987,20914,3304251,1737,316253,26323,1108133,0.127368,39312,3297662,0.379032,28130,4405795,0.5064,8700223
1,2021-05-16,24848,7413339,18295,3786282,5934,3310185,619,316872,10199,1104455,0.126946,14542,3312204,0.380703,10864,4416659,0.507649,8700223
1,2021-05-17,53890,7467229,32975,3819257,19156,3329341,1759,318631,22950,1098534,0.126265,30690,3342894,0.384231,24769,4441428,0.510496,8700223
1,2021-05-18,64722,7531951,39020,3858277,23885,3353226,1817,320448,28114,1092211,0.125538,36339,3379233,0.388408,30016,4471444,0.513946,8700223
1,2021-05-19,66071,7598022,40243,3898520,23906,3377132,1922,322370,29534,1087494,0.124996,36261,3415494,0.392575,31544,4502988,0.517572,8700223
1,2021-05-20,63878,7661900,37078,3935598,24623,3401755,2177,324547,26298,1078926,0.124011,37246,3452740,0.396856,28678,4531666,0.520868,8700223
1,2021-05-21,69630,7731530,41607,3977205,26176,3427931,1847,326394,28806,1069254,0.1229,40425,3493165,0.401503,30753,4562419,0.524403,8700223
1,2021-05-22,55599,7787129,36569,4013774,17317,3445248,1713,328107,24297,1064317,0.122332,31046,3524211,0.405071,26109,4588528,0.527403,8700223
1,2021-05-23,20162,7807291,14203,4027977,5371,3450619,588,328695,9446,1063757,0.122268,10618,3534829,0.406292,10058,4598586,0.52856,8700223
1,2021-05-24,43547,7850838,24316,4052293,17413,3468032,1818,330513,17694,1057743,0.121577,25608,3560437,0.409235,19594,4618180,0.530812,8700223
1,2021-05-25,50632,7901470,29160,4081453,19802,3487834,1670,332183,21020,1051195,0.120824,29340,3589777,0.412607,22792,4640972,0.533431,8700223
1,2021-05-26,48272,7949742,27387,4108840,18996,3506830,1889,334072,20507,1046171,0.120246,27468,3617245,0.415765,22444,4663416,0.536011,8700223
1,2021-05-27,46773,7996515,26286,4135126,18605,3525435,1882,335954,20125,1041925,0.119758,26370,3643615,0.418796,22124,4685540,0.538554,8700223
1,2021-05-28,52194,8048709,29042,4164168,21346,3546781,1806,337760,23403,1038785,0.119398,28475,3672090,0.422068,25335,4710875,0.541466,8700223
1,2021-05-29,30443,8079152,18401,4182569,11080,3557861,962,338722,14514,1038538,0.119369,15778,3687868,0.423882,15531,4726406,0.543251,8700223
1,2021-05-30,11584,8090736,7473,4190042,3563,3561424,548,339270,5476,1038547,0.11937,6039,3693907,0.424576,6048,4732454,0.543946,8700223
1,2021-05-31,5687,8096423,3245,4193287,2192,3563616,250,339520,1985,1037152,0.11921,3643,3697550,0.424995,2248,4734702,0.544205,8700223
1,2021-06-01,45647,8142070,25808,4219095,18283,3581899,1556,341076,17344,1028128,0.118173,28001,3725551,0.428213,18977,4753679,0.546386,8700223
1,2021-06-02,39827,8181897,23112,4242207,15211,3597110,1504,342580,16068,1022302,0.117503,23471,3749022,0.430911,17645,4771324,0.548414,8700223
1,2021-06-03,41171,8223068,25789,4267996,13696,3610806,1686,344266,15792,1014769,0.116637,25084,3774106,0.433794,17551,4788875,0.550431,8700223
1,2021-06-04,49970,8273038,31996,4299992,16175,3626981,1799,346065,17908,1002827,0.115265,31726,3805832,0.437441,19784,4808659,0.552705,8700223
1,2021-06-05,40160,8313198,27426,4327418,10743,3637724,1991,348056,14158,993240,0.114163,25792,3831624,0.440405,16205,4824864,0.554568,8700223
1,2021-06-06,13123,8326321,10509,4337927,2114,3639838,500,348556,4566,989890,0.113778,8477,3840101,0.44138,5127,4829991,0.555157,8700223
1,2021-06-07,33888,8360209,23382,4361309,9160,3648998,1346,349902,12071,981741,0.112841,21616,3861717,0.443864,13467,4843458,0.556705,8700223
1,2021-06-08,42105,8402314,29147,4390456,11321,3660319,1637,351539,14687,971002,0.111607,27155,3888872,0.446985,16416,4859874,0.558592,8700223
1,2021-06-09,42022,8444336,29162,4419618,11234,3671553,1626,353165,13731,958429,0.110161,27992,3916864,0.450203,15419,4875293,0.560364,8700223
1,2021-06-10,38888,8483224,26237,4445855,10978,3682531,1673,354838,13392,948348,0.109003,25255,3942119,0.453106,15174,4890467,0.562108,8700223
1,2021-06-11,43503,8526727,28821,4474676,13023,3695554,1659,356497,15413,937703,0.107779,27798,3969917,0.456301,17153,4907620,0.56408,8700223
1,2021-06-12,33601,8560328,24317,4498993,8090,3703644,1194,357691,11080,927734,0.106633,22313,3992230,0.458865,12344,4919964,0.565499,8700223
1,2021-06-13,11616,8571944,8429,4507422,2706,3706350,481,358172,3400,923500,0.106147,8151,4000381,0.459802,3917,4923881,0.565949,8700223
1,2021-06-14,30737,8602681,20697,4528119,8744,3715094,1296,359468,11502,917290,0.105433,19041,4019422,0.461991,12831,4936712,0.567424,8700223
1,2021-06-15,37063,8639744,24314,4552433,10898,3725992,1851,361319,13752,909933,0.104587,23052,4042474,0.46464,15695,4952407,0.569228,8700223
1,2021-06-16,35226,8674970,23779,4576212,9614,3735606,1833,363152,13204,903257,0.10382,21774,4064248,0.467143,15098,4967505,0.570963,8700223
1,2021-06-17,33380,8708350,22064,4598276,9357,3744963,1959,365111,13058,898276,0.103247,20092,4084340,0.469452,15111,4982616,0.5727,8700223
1,2021-06-18,39118,8747468,25360,4623636,10919,3755882,2839,367950,15169,892655,0.102601,23689,4108029,0.472175,18068,5000684,0.574777,8700223
1,2021-06-19,23700,8771168,16424,4640060,6079,3761961,1197,369147,9793,889937,0.102289,13743,4121772,0.473755,11025,5011709,0.576044,8700223
1,2021-06-20,8080,8779248,5907,4645967,1898,3763859,275,369422,3214,888630,0.102139,4806,4126578,0.474307,3499,5015208,0.576446,8700223
1,2021-06-21,20798,8800046,11777,4657744,6842,3770701,2179,371601,10848,891863,0.10251,9842,4136420,0.475438,13075,5028283,0.577949,8700223
1,2021-06-22,30542,8830588,19960,4677704,8466,3779167,2116,373717,12850,889406,0.102228,17495,4153915,0.477449,15038,5043321,0.579677,8700223
1,2021-06-23,29156,8859744,19565,4697269,7779,3786946,1812,375529,12754,887794,0.102043,16209,4170124,0.479312,14597,5057918,0.581355,8700223
1,2021-06-24,27965,8887709,18651,4715920,7674,3794620,1640,377169,11882,885480,0.101777,15901,4186025,0.48114,13587,5071505,0.582917,8700223
1,2021-06-25,31394,8919103,21297,4737217,8699,3803319,1398,378567,13808,883374,0.101535,17365,4203390,0.483136,15259,5086764,0.584671,8700223
1,2021-06-26,22112,8941215,16415,4753632,4885,3808204,812,379379,9650,881539,0.101324,12347,4215737,0.484555,10512,5097276,0.585879,8700223
1,2021-06-27,9097,8950312,6768,4760400,1902,3810106,427,379806,4060,881067,0.101269,4976,4220713,0.485127,4504,5101780,0.586396,8700223
1,2021-06-28,20899,8971211,15524,4775924,4117,3814223,1258,381064,9704,881043,0.101267,11037,4231750,0.486396,11013,5112793,0.587662,8700223
1,2021-06-29,26309,8997520,17991,4793915,6958,3821181,1360,382424,11575,879475,0.101086,14564,4246314,0.48807,12996,5125789,0.589156,8700223
1,2021-06-30,25474,9022994,17653,4811568,6792,3827973,1029,383453,12094,879479,0.101087,13189,4259503,0.489585,13193,5138982,0.590672,8700223
1,2021-07-01,23226,9046220,16180,4827748,5802,3833775,1244,384697,10740,879197,0.101055,12342,4271845,0.491004,12060,5151042,0.592059,8700223
1,2021-07-02,25878,9072098,17793,4845541,7084,3840859,1001,385698,12190,878965,0.101028,13502,4285347,0.492556,13270,5164312,0.593584,8700223
1,2021-07-03,14373,9086471,10053,4855594,3901,3844760,419,386117,6826,878821,0.101011,7426,4292773,0.49341,7282,5171594,0.594421,8700223
1,2021-07-04,1257,9087728,706,4856300,486,3845246,65,386182,605,878853,0.101015,644,4293417,0.493484,676,5172270,0.594499,8700223
1,2021-07-05,10873,9098601,7511,4863811,3003,3848249,359,386541,5182,878805,0.101009,5632,4299049,0.494131,5584,5177854,0.59514,8700223
1,2021-07-06,26266,9124867,18653,4882464,6527,3854776,1086,387627,10502,874902,0.100561,15595,4314644,0.495923,11692,5189546,0.596484,8700223
1,2021-07-07,16131,9140998,11266,4893730,4030,3858806,835,388462,6800,873381,0.100386,9217,4323861,0.496983,7696,5197242,0.597369,8700223
2,2020-12-15,242,242,242,242,0,0,0,0,242,242,2.9e-05,0,0,0.0,242,242,2.9e-05,8407551
2,2020-12-16,2130,2372,2130,2372,0,0,0,0,2129,2371,0.000282,0,0,0.0,2129,2371,0.000282,8407551
2,2020-12-17,6853,9225,6853,9225,0,0,0,0,6854,9225,0.001097,0,0,0.0,6854,9225,0.001097,8407551
2,2020-12-18,11098,20323,11078,20303,20,20,0,0,11098,20323,0.002417,0,0,0.0,11098,20323,0.002417,8407551
2,2020-12-19,5620,25943,5614,25917,6,26,0,0,5621,25944,0.003086,0,0,0.0,5621,25944,0.003086,8407551
2,2020-12-20,4259,30202,4249,30166,10,36,0,0,4254,30197,0.003592,1,1,0.0,4254,30198,0.003592,8407551
2,2020-12-21,12781,42983,12755,42921,26,62,0,0,12736,42933,0.005106,0,1,0.0,12736,42934,0.005107,8407551
2,2020-12-22,12153,55136,11641,54562,512,574,0,0,12152,55085,0.006552,0,1,0.0,12152,55086,0.006552,8407551
2,2020-12-23,11708,66844,9490,64052,2218,2792,0,0,11710,66795,0.007945,1,2,0.0,11711,66797,0.007945,8407551
2,2020-12-24,5913,72757,3502,67554,2411,5203,0,0,5909,72703,0.008647,3,5,1e-06,5911,72708,0.008648,8407551
2,2020-12-25,484,73241,406,67960,78,5281,0,0,486,73189,0.008705,0,5,1e-06,486,73194,0.008706,8407551
2,2020-12-26,2562,75803,1669,69629,893,6174,0,0,2563,75751,0.00901,1,6,1e-06,2563,75757,0.009011,8407551
2,2020-12-27,2225,78028,1210,70839,1015,7189,0,0,2222,77971,0.009274,2,8,1e-06,2222,77979,0.009275,8407551
2,2020-12-28,11029,89057,7167,78006,3862,11051,0,0,11029,88999,0.010586,1,9,1e-06,11029,89008,0.010587,8407551
2,2020-12-29,12725,101782,7148,85154,5577,16628,0,0,12729,101728,0.0121,0,9,1e-06,12729,101737,0.012101,8407551
2,2020-12-30,15434,117216,8661,93815,6773,23401,0,0,15429,117154,0.013934,5,14,2e-06,15431,117168,0.013936,8407551
2,2020-12-31,7588,124804,2832,96647,4756,28157,0,0,7581,124730,0.014835,5,19,2e-06,7581,124749,0.014838,8407551
2,2021-01-01,1196,126000,591,97238,605,28762,0,0,1197,125924,0.014977,3,22,3e-06,1197,125946,0.01498,8407551
2,2021-01-02,4851,130851,2768,100006,2083,30845,0,0,4846,130768,0.015554,2,24,3e-06,4846,130792,0.015556,8407551
2,2021-01-03,1407,132258,792,100798,615,31460,0,0,1400,132165,0.01572,3,27,3e-06,1400,132192,0.015723,8407551
2,2021-01-04,11668,143926,5563,106361,6105,37565,0,0,11657,143819,0.017106,3,30,4e-06,11657,143849,0.01711,8407551
2,2021-01-05,13892,157818,6928,113289,6964,44529,0,0,12682,155332,0.018475,1204,1234,0.000147,12717,156566,0.018622,8407551
2,2021-01-06,19012,176830,10485,123774,8527,53056,0,0,15226,166836,0.019844,3732,4966,0.000591,15236,171802,0.020434,8407551
2,2021-01-07,23262,200092,13121,136895,10141,63197,0,0,15614,174811,0.020792,7655,12621,0.001501,15630,187432,0.022293,8407551
2,2021-01-08,26760,226852,16238,153133,10522,73719,0,0,16462,181048,0.021534,10249,22870,0.00272,16486,203918,0.024254,8407551
2,2021-01-09,9846,236698,5748,158881,4098,77817,0,0,6292,183786,0.02186,3561,26431,0.003144,6299,210217,0.025003,8407551
2,2021-01-10,5340,242038,2969,161850,2371,80188,0,0,3085,184612,0.021958,2264,28695,0.003413,3090,213307,0.025371,8407551
2,2021-01-11,26149,268187,17998,179848,8151,88339,0,0,15069,188642,0.022437,11089,39784,0.004732,15119,228426,0.027169,8407551
2,2021-01-12,26318,294505,16351,196199,9967,98306,0,0,16742,195880,0.023298,9588,49372,0.005872,16826,245252,0.02917,8407551
2,2021-01-13,28623,323128,15183,211382,13440,111746,0,0,20647,208593,0.02481,7963,57335,0.006819,20676,265928,0.03163,8407551
2,2021-01-14,30394,353522,11497,222879,18897,130643,0,0,26127,230510,0.027417,4280,61615,0.007329,26197,292125,0.034746,8407551
2,2021-01-15,35202,388724,12831,235710,22371,153014,0,0,31924,259243,0.030835,3280,64895,0.007719,32013,324138,0.038553,8407551
2,2021-01-16,17736,406460,5646,241356,12090,165104,0,0,16403,274307,0.032626,1350,66245,0.007879,16414,340552,0.040505,8407551
2,2021-01-17,10679,417139,3629,244985,7050,172154,0,0,9950,283519,0.033722,746,66991,0.007968,9958,350510,0.04169,8407551
2,2021-01-18,19728,436867,11020,256005,8708,180862,0,0,14924,293679,0.03493,4823,71814,0.008542,14983,365493,0.043472,8407551
2,2021-01-19,32518,469385,16856,272861,15662,196524,0,0,24527,310330,0.036911,7989,79803,0.009492,24640,390133,0.046403,8407551
2,2021-01-20,37668,507053,18987,291848,18681,215205,0,0,29054,330890,0.039356,8585,88388,0.010513,29145,419278,0.049869,8407551
2,2021-01-21,40965,548018,17424,309272,23541,238746,0,0,36484,363094,0.043187,4452,92840,0.011042,36656,455934,0.054229,8407551
2,2021-01-22,39615,587633,16554,325826,23061,261807,0,0,36271,396025,0.047103,3366,96206,0.011443,36297,492231,0.058546,8407551
2,2021-01-23,24114,611747,10787,336613,13327,275134,0,0,21140,414241,0.04927,2954,99160,0.011794,21170,513401,0.061064,8407551
2,2021-01-24,12432,624179,6108,342721,6324,281458,0,0,11510,424858,0.050533,905,100065,0.011902,11522,524923,0.062435,8407551
2,2021-01-25,33943,658122,15688,358409,18255,299713,0,0,25122,441347,0.052494,8771,108836,0.012945,25260,550183,0.065439,8407551
2,2021-01-26,40599,698721,19967,378376,20632,320345,0,0,31445,463746,0.055158,9129,117965,0.014031,31528,581711,0.069189,8407551
2,2021-01-27,45992,744713,22964,401340,23028,343373,0,0,35696,489326,0.058201,10176,128141,0.015241,35756,617467,0.073442,8407551
2,2021-01-28,48243,792956,22740,424080,25503,368876,0,0,39546,520307,0.061886,8637,136778,0.016268,39618,657085,0.078154,8407551
2,2021-01-29,45860,838816,22274,446354,23586,392462,0,0,37095,548816,0.065277,8650,145428,0.017297,37159,694244,0.082574,8407551
2,2021-01-30,31647,870463,13693,460047,17954,410416,0,0,28243,573726,0.068239,3366,148794,0.017698,28276,722520,0.085937,8407551
2,2021-01-31,17565,888028,10598,470645,6967,417383,0,0,16359,588920,0.070047,1185,149979,0.017839,16379,738899,0.087885,8407551
2,2021-02-01,41190,929218,19863,490508,21327,438710,0,0,30140,608097,0.072327,11001,160980,0.019147,30178,769077,0.091475,8407551
2,2021-02-02,48098,977316,19623,510131,28475,467185,0,0,36561,633293,0.075324,11460,172440,0.02051,36656,805733,0.095834,8407551
2,2021-02-03,54371,1031687,24195,534326,30176,497361,0,0,40098,659315,0.078419,14170,186610,0.022196,40192,845925,0.100615,8407551
2,2021-02-04,56303,1087990,24319,558645,31984,529345,0,0,41135,685487,0.081532,15062,201672,0.023987,41234,887159,0.105519,8407551
2,2021-02-05,60301,1148291,26578,585223,33723,563068,0,0,40799,707160,0.08411,19302,220974,0.026283,40975,928134,0.110393,8407551
2,2021-02-06,39105,1187396,18206,603429,20899,583967,0,0,31398,731025,0.086949,7625,228599,0.02719,31490,959624,0.114138,8407551
2,2021-02-07,16025,1203421,10731,614160,5294,589261,0,0,12160,739414,0.087946,3840,232439,0.027646,12229,971853,0.115593,8407551
2,2021-02-08,43523,1246944,22398,636558,21125,610386,0,0,29959,756172,0.08994,13410,245849,0.029241,30168,1002021,0.119181,8407551
2,2021-02-09,49532,1296476,23481,660039,26051,636437,0,0,30668,768649,0.091424,18519,264368,0.031444,30996,1033017,0.122868,8407551
2,2021-02-10,59919,1356395,28232,688271,31687,668124,0,0,34655,778692,0.092618,24964,289332,0.034413,35007,1068024,0.127032,8407551
2,2021-02-11,64510,1420905,29852,718123,34658,702782,0,0,36056,787114,0.09362,28130,317462,0.037759,36552,1104576,0.131379,8407551
2,2021-02-12,65583,1486488,28236,746359,37347,740129,0,0,34804,792126,0.094216,30448,347910,0.041381,35460,1140036,0.135597,8407551
2,2021-02-13,38125,1524613,15945,762304,22180,762309,0,0,22061,798599,0.094986,15965,363875,0.04328,22438,1162474,0.138265,8407551
2,2021-02-14,20103,1544716,9431,771735,10672,772981,0,0,11278,801464,0.095327,8774,372649,0.044323,11639,1174113,0.13965,8407551
2,2021-02-15,33345,1578061,15106,786841,18239,791220,0,0,18444,805998,0.095866,14767,387416,0.04608,19301,1193414,0.141945,8407551
2,2021-02-16,56534,1634595,27869,814710,28665,819885,0,0,29723,809687,0.096305,26704,414120,0.049256,30393,1223807,0.14556,8407551
2,2021-02-17,62149,1696744,32185,846895,29964,849849,0,0,30722,809899,0.09633,31337,445457,0.052983,31549,1255356,0.149313,8407551
2,2021-02-18,66628,1763372,33806,880701,32822,882671,0,0,32317,809304,0.096259,34059,479516,0.057034,33464,1288820,0.153293,8407551
2,2021-02-19,60117,1823489,33520,914221,26597,909268,0,0,29668,809323,0.096261,30252,509768,0.060632,30271,1319091,0.156894,8407551
2,2021-02-20,38064,1861553,24807,939028,13257,922525,0,0,20494,813022,0.096701,17475,527243,0.062711,21174,1340265,0.159412,8407551
2,2021-02-21,22090,1883643,17972,957000,4118,926643,0,0,10779,813381,0.096744,11223,538466,0.064046,11582,1351847,0.16079,8407551
2,2021-02-22,39230,1922873,26905,983905,12325,938968,0,0,18541,812039,0.096584,20555,559021,0.06649,19213,1371060,0.163075,8407551
2,2021-02-23,53612,1976485,27411,1011316,26201,965169,0,0,23387,807349,0.096027,29970,588991,0.070055,25280,1396340,0.166082,8407551
2,2021-02-24,70557,2047042,36447,1047763,34110,999279,0,0,32259,803868,0.095613,38109,627100,0.074588,34628,1430968,0.1702,8407551
2,2021-02-25,75741,2122783,35776,1083539,39965,1039244,0,0,38483,808156,0.096123,37008,664108,0.078989,41296,1472264,0.175112,8407551
2,2021-02-26,83588,2206371,35861,1119400,47727,1086971,0,0,45004,817062,0.097182,38293,702401,0.083544,47199,1519463,0.180726,8407551
2,2021-02-27,60793,2267164,28113,1147513,32673,1119644,7,7,33187,824216,0.098033,27373,729774,0.0868,34527,1553990,0.184833,8407551
2,2021-02-28,29999,2297163,17934,1165447,12064,1131708,1,8,17535,830227,0.098748,12358,742132,0.08827,18369,1572359,0.187017,8407551
2,2021-03-01,57346,2354509,30119,1195566,27187,1158895,40,48,31179,836755,0.099524,25883,768015,0.091348,32411,1604770,0.190872,8407551
2,2021-03-02,68887,2423396,33061,1228627,35817,1194712,9,57,38639,847656,0.100821,30082,798097,0.094926,40983,1645753,0.195747,8407551
2,2021-03-03,80091,2503487,38866,1267493,41211,1235923,14,71,45295,860947,0.102402,34587,832684,0.09904,47878,1693631,0.201442,8407551
2,2021-03-04,88138,2591625,43435,1310928,44673,1280596,30,101,50782,877022,0.104314,37116,869800,0.103455,53191,1746822,0.207768,8407551
2,2021-03-05,82071,2673696,38651,1349579,43113,1323709,307,408,50234,898324,0.106847,31618,901418,0.107215,52920,1799742,0.214063,8407551
2,2021-03-06,62631,2736327,30613,1380192,30320,1354029,1698,2106,38533,916020,0.108952,23970,925388,0.110066,41666,1841408,0.219018,8407551
2,2021-03-07,28531,2764858,16251,1396443,10739,1364768,1541,3647,18002,926213,0.110164,10460,935848,0.11131,20653,1862061,0.221475,8407551
2,2021-03-08,50515,2815373,23152,1419595,24786,1389554,2577,6224,31773,943566,0.112228,18631,954479,0.113526,35984,1898045,0.225755,8407551
2,2021-03-09,70350,2885723,32096,1451691,34444,1423998,3810,10034,38993,956490,0.113766,31223,985702,0.11724,44147,1942192,0.231006,8407551
2,2021-03-10,78231,2963954,37024,1488715,34652,1458650,6555,16589,41533,969419,0.115303,36486,1022188,0.12158,49415,1991607,0.236883,8407551
2,2021-03-11,93207,3057161,42987,1531702,41844,1500494,8376,24965,48624,983546,0.116984,44275,1066463,0.126846,58402,2050009,0.24383,8407551
2,2021-03-12,93987,3151148,38647,1570349,43358,1543852,11982,36947,46780,996778,0.118557,46958,1113421,0.132431,60190,2110199,0.250989,8407551
2,2021-03-13,69178,3220326,28936,1599285,32330,1576182,7912,44859,38093,1013126,0.120502,30953,1144374,0.136113,47301,2157500,0.256615,8407551
2,2021-03-14,37006,3257332,18292,1617577,14193,1590375,4521,49380,18558,1018617,0.121155,18342,1162716,0.138294,23833,2181333,0.259449,8407551
2,2021-03-15,67464,3324796,30441,1648018,31967,1622342,5056,54436,37194,1031913,0.122736,30050,1192766,0.141868,43346,2224679,0.264605,8407551
2,2021-03-16,86235,3411031,38168,1686186,44053,1666395,4014,58450,52258,1055526,0.125545,33789,1226555,0.145887,57402,2282081,0.271432,8407551
2,2021-03-17,92611,3503642,44346,1730532,44103,1710498,4162,62612,58810,1085817,0.129148,33527,1260082,0.149875,63818,2345899,0.279023,8407551
2,2021-03-18,97959,3601601,46745,1777277,46627,1757125,4587,67199,59781,1112886,0.132367,37866,1297948,0.154379,64935,2410834,0.286746,8407551
2,2021-03-19,97410,3699011,46109,1823386,45160,1802285,6141,73340,57918,1138283,0.135388,39191,1337139,0.15904,64588,2475422,0.294428,8407551
2,2021-03-20,69841,3768852,33792,1857178,32123,1834408,3926,77266,45828,1164639,0.138523,23767,1360906,0.161867,50123,2525545,0.30039,8407551
2,2021-03-21,33372,3802224,21549,1878727,9838,1844246,1985,79251,20086,1173994,0.139636,13148,1374054,0.163431,22503,2548048,0.303067,8407551
2,2021-03-22,62768,3864992,34541,1913268,25581,1869827,2646,81897,41722,1198442,0.142544,20818,1394872,0.165907,45266,2593314,0.308451,8407551
2,2021-03-23,83653,3948645,44522,1957790,36222,1906049,2909,84806,52367,1223542,0.145529,31014,1425886,0.169596,56114,2649428,0.315125,8407551
2,2021-03-24,91488,4040133,49194,2006984,39135,1945184,3159,87965,53724,1243803,0.147939,37437,1463323,0.174049,57698,2707126,0.321987,8407551
2,2021-03-25,101071,4141204,50977,2057961,46201,1991385,3893,91858,57265,1262260,0.150134,43462,1506785,0.179218,61919,2769045,0.329352,8407551
2,2021-03-26,103268,4244472,51226,2109187,48547,2039932,3495,95353,56619,1277157,0.151906,46264,1553049,0.184721,61161,2830206,0.336627,8407551
2,2021-03-27,75491,4319963,37621,2146808,34560,2074492,3310,98663,37943,1282036,0.152486,37304,1590353,0.189158,42183,2872389,0.341644,8407551
2,2021-03-28,37661,4357624,23246,2170054,13606,2088098,809,99472,20219,1286627,0.153032,17320,1607673,0.191218,21911,2894300,0.34425,8407551
2,2021-03-29,71257,4428881,36207,2206261,32783,2120881,2267,101739,40669,1300083,0.154633,30387,1638060,0.194832,43843,2938143,0.349465,8407551
2,2021-03-30,91860,4520741,44971,2251232,42531,2163412,4358,106097,51711,1316814,0.156623,39944,1678004,0.199583,56675,2994818,0.356206,8407551
2,2021-03-31,101140,4621881,52070,2303302,43946,2207358,5124,111221,57491,1336443,0.158957,43340,1721344,0.204738,62969,3057787,0.363695,8407551
2,2021-04-01,117433,4739314,56687,2359989,51532,2258890,9214,120435,63993,1357033,0.161406,53056,1774400,0.211048,73646,3131433,0.372455,8407551
2,2021-04-02,111593,4850907,51394,2411383,50032,2308922,10167,130602,59957,1376381,0.163708,51258,1825658,0.217145,70606,3202039,0.380853,8407551
2,2021-04-03,76735,4927642,37660,2449043,29257,2338179,9818,140420,38030,1386189,0.164874,38497,1864155,0.221724,48305,3250344,0.386598,8407551
2,2021-04-04,28988,4956630,14896,2463939,10241,2348420,3851,144271,13014,1387243,0.165,15873,1880028,0.223612,16927,3267271,0.388611,8407551
2,2021-04-05,79138,5035768,38772,2502711,31531,2379951,8835,153106,38223,1394443,0.165856,40735,1920763,0.228457,47935,3315206,0.394313,8407551
2,2021-04-06,103951,5139719,50610,2553321,38640,2418591,14701,167807,49284,1404533,0.167056,54387,1975150,0.234926,64477,3379683,0.401982,8407551
2,2021-04-07,110435,5250154,55074,2608395,39121,2457712,16240,184047,52062,1415035,0.168305,58091,2033241,0.241835,68593,3448276,0.41014,8407551
2,2021-04-08,119323,5369477,57417,2665812,43182,2500894,18724,202771,55384,1426150,0.169627,63584,2096825,0.249398,74699,3522975,0.419025,8407551
2,2021-04-09,118849,5488326,57149,2722961,43524,2544418,18176,220947,56205,1439106,0.171168,62274,2159099,0.256805,75230,3598205,0.427973,8407551
2,2021-04-10,87555,5575881,37797,2760758,31380,2575798,18378,239325,36153,1443203,0.171656,51139,2210238,0.262887,55236,3653441,0.434543,8407551
2,2021-04-11,44494,5620375,23068,2783826,12955,2588753,8471,247796,18232,1444509,0.171811,26128,2236366,0.265995,27434,3680875,0.437806,8407551
2,2021-04-12,80005,5700380,37253,2821079,33357,2622110,9395,257191,35687,1446546,0.172053,44047,2280413,0.271234,46084,3726959,0.443287,8407551
2,2021-04-13,101944,5802324,52881,2873960,48803,2670913,260,257451,55904,1457823,0.173394,45781,2326194,0.276679,57058,3784017,0.450074,8407551
2,2021-04-14,106763,5909087,55879,2929839,50832,2721745,52,257503,54697,1462246,0.173921,51760,2377954,0.282836,56183,3840200,0.456756,8407551
2,2021-04-15,113429,6022516,60274,2990113,53078,2774823,77,257580,59437,1469223,0.17475,53606,2431560,0.289211,60583,3900783,0.463962,8407551
2,2021-04-16,110716,6133232,57506,3047619,53159,2827982,51,257631,56345,1472458,0.175135,54010,2485570,0.295635,57245,3958028,0.470771,8407551
2,2021-04-17,83436,6216668,42464,3090083,40959,2868941,13,257644,46844,1483840,0.176489,36338,2521908,0.299958,47720,4005748,0.476446,8407551
2,2021-04-18,35586,6252254,21632,3111715,13948,2882889,6,257650,16963,1483306,0.176425,18484,2540392,0.302156,17950,4023698,0.478581,8407551
2,2021-04-19,74917,6327171,40344,3152059,34557,2917446,16,257666,34229,1477763,0.175766,40410,2580802,0.306962,34867,4058565,0.482729,8407551
2,2021-04-20,97613,6424784,49502,3201561,48085,2965531,26,257692,47474,1476203,0.175581,49801,2630603,0.312886,48241,4106806,0.488466,8407551
2,2021-04-21,103419,6528203,55982,3257543,47381,3012912,56,257748,48970,1472192,0.175104,54008,2684611,0.31931,49997,4156803,0.494413,8407551
2,2021-04-22,107380,6635583,55576,3313119,51781,3064693,23,257771,47096,1460316,0.173691,59887,2744498,0.326433,48011,4204814,0.500124,8407551
2,2021-04-23,106766,6742349,56778,3369897,49970,3114663,18,257789,49337,1453576,0.172889,57014,2801512,0.333214,50274,4255088,0.506103,8407551
2,2021-04-24,79739,6822088,47081,3416978,32618,3147281,40,257829,41636,1458401,0.173463,37779,2839291,0.337707,42604,4297692,0.51117,8407551
2,2021-04-25,36212,6858300,22287,3439265,13910,3161191,15,257844,19711,1462222,0.173918,16370,2855661,0.339654,20191,4317883,0.513572,8407551
2,2021-04-26,73649,6931949,40836,3480101,32509,3193700,304,258148,33934,1458453,0.173469,39454,2895115,0.344347,35685,4353568,0.517816,8407551
2,2021-04-27,87781,7019730,46270,3526371,40150,3233850,1361,259509,37740,1449116,0.172359,49675,2944790,0.350255,40338,4393906,0.522614,8407551
2,2021-04-28,87507,7107237,46781,3573152,38865,3272715,1861,261370,38658,1442022,0.171515,48525,2993315,0.356027,41431,4435337,0.527542,8407551
2,2021-04-29,90235,7197472,49137,3622289,39400,3312115,1698,263068,35096,1424647,0.169449,54770,3048085,0.362541,37395,4472732,0.53199,8407551
2,2021-04-30,93881,7291353,51925,3674214,39965,3352080,1991,265059,36538,1406929,0.167341,56902,3104987,0.369309,39184,4511916,0.53665,8407551
2,2021-05-01,61803,7353156,37748,3711962,22491,3374571,1564,266623,24051,1395942,0.166034,37451,3142438,0.373764,26464,4538380,0.539798,8407551
2,2021-05-02,29122,7382278,20211,3732173,7937,3382508,974,267597,11082,1390181,0.165349,17904,3160342,0.375893,12143,4550523,0.541242,8407551
2,2021-05-03,59942,7442220,35478,3767651,22414,3404922,2050,269647,20165,1373155,0.163324,39509,3199851,0.380593,22483,4573006,0.543917,8407551
2,2021-05-04,79412,7521632,47407,3815058,29637,3434559,2368,272015,25809,1348453,0.160386,53276,3253127,0.386929,28574,4601580,0.547315,8407551
2,2021-05-05,79847,7601479,47587,3862645,29915,3464474,2345,274360,25030,1321760,0.157211,54432,3307559,0.393403,27739,4629319,0.550614,8407551
2,2021-05-06,82120,7683599,49759,3912404,29463,3493937,2898,277258,25147,1293928,0.153901,56518,3364077,0.400126,28686,4658005,0.554026,8407551
2,2021-05-07,83177,7766776,48017,3960421,32738,3526675,2422,279680,25619,1265221,0.150486,57205,3421282,0.40693,28498,4686503,0.557416,8407551
2,2021-05-08,55164,7821940,33411,3993832,20043,3546718,1710,281390,17287,1247302,0.148355,37646,3458928,0.411407,19727,4706230,0.559762,8407551
2,2021-05-09,21719,7843659,15667,4009499,5304,3552022,748,282138,6331,1239304,0.147404,15309,3474237,0.413228,7311,4713541,0.560632,8407551
2,2021-05-10,49805,7893464,27120,4036619,20822,3572844,1863,284001,14051,1220304,0.145144,35525,3509762,0.417454,16525,4730066,0.562597,8407551
2,2021-05-11,65469,7958933,35333,4071952,28032,3600876,2104,286105,19800,1197525,0.142434,45375,3555137,0.42285,22596,4752662,0.565285,8407551
2,2021-05-12,64699,8023632,34504,4106456,27991,3628867,2204,288309,19070,1173860,0.13962,45330,3600467,0.428242,21665,4774327,0.567862,8407551
2,2021-05-13,70557,8094189,40989,4147445,27632,3656499,1936,290245,25865,1157975,0.13773,44415,3644882,0.433525,28530,4802857,0.571255,8407551
2,2021-05-14,79268,8173457,47519,4194964,29510,3686009,2239,292484,30495,1142936,0.135942,48419,3693301,0.439284,33380,4836237,0.575225,8407551
2,2021-05-15,65923,8239380,43317,4238281,20890,3706899,1716,294200,25568,1130488,0.134461,40123,3733424,0.444056,27675,4863912,0.578517,8407551
2,2021-05-16,31508,8270888,23548,4261829,7036,3713935,924,295124,12860,1125875,0.133912,18525,3751949,0.446259,13912,4877824,0.580172,8407551
2,2021-05-17,57691,8328579,36596,4298425,19156,3733091,1939,297063,22789,1116287,0.132772,34681,3786630,0.450384,25093,4902917,0.583156,8407551
2,2021-05-18,69853,8398432,40871,4339296,27022,3760113,1960,299023,27784,1104758,0.131401,41810,3828440,0.455357,30281,4933198,0.586758,8407551
2,2021-05-19,68557,8466989,40578,4379874,25992,3786105,1987,301010,27223,1093394,0.130049,41043,3869483,0.460239,29679,4962877,0.590288,8407551
2,2021-05-20,68800,8535789,39853,4419727,26776,3812881,2171,303181,26154,1079981,0.128454,42334,3911817,0.465274,28921,4991798,0.593728,8407551
2,2021-05-21,72316,8608105,42682,4462409,27497,3840378,2137,305318,27560,1065819,0.126769,44410,3956227,0.470556,30248,5022046,0.597326,8407551
2,2021-05-22,53268,8661373,33724,4496133,17779,3858157,1765,307083,22291,1059647,0.126035,30763,3986990,0.474215,24591,5046637,0.600251,8407551
2,2021-05-23,24157,8685530,16606,4512739,6828,3864985,723,307806,10246,1056966,0.125716,13784,4000774,0.475855,11103,5057740,0.601571,8407551
2,2021-05-24,44567,8730097,25345,4538084,17453,3882438,1769,309575,17194,1049106,0.124781,27163,4027937,0.479086,19303,5077043,0.603867,8407551
2,2021-05-25,50526,8780623,29616,4567700,19048,3901486,1862,311437,19262,1039791,0.123673,30978,4058915,0.48277,21663,5098706,0.606444,8407551
2,2021-05-26,48563,8829186,27232,4594932,19656,3921142,1675,313112,19012,1031595,0.122699,29228,4088143,0.486247,21032,5119738,0.608945,8407551
2,2021-05-27,46480,8875666,26324,4621256,18412,3939554,1744,314856,18604,1024803,0.121891,27642,4115785,0.489534,20850,5140588,0.611425,8407551
2,2021-05-28,49792,8925458,27524,4648780,20311,3959865,1957,316813,20952,1019549,0.121266,28587,4144372,0.492935,23333,5163921,0.6142,8407551
2,2021-05-29,28924,8954382,17313,4666093,10564,3970429,1047,317860,13245,1018477,0.121138,15533,4159905,0.494782,14461,5178382,0.61592,8407551
2,2021-05-30,12593,8966975,8115,4674208,3717,3974146,761,318621,5520,1017801,0.121058,7023,4166928,0.495617,6347,5184729,0.616675,8407551
2,2021-05-31,5870,8972845,3423,4677631,2145,3976291,302,318923,1826,1015983,0.120842,3995,4170923,0.496093,2177,5186906,0.616934,8407551
2,2021-06-01,44500,9017345,25613,4703244,17312,3993603,1575,320498,15566,1004854,0.119518,28648,4199571,0.4995,17519,5204425,0.619018,8407551
2,2021-06-02,38083,9055428,22403,4725647,14287,4007890,1393,321891,14973,998653,0.11878,22860,4222431,0.502219,16659,5221084,0.620999,8407551
2,2021-06-03,41263,9096691,26604,4752251,13210,4021100,1449,323340,13942,987337,0.117435,27087,4249518,0.505441,15771,5236855,0.622875,8407551
2,2021-06-04,47857,9144548,31242,4783493,15075,4036175,1540,324880,15499,972830,0.115709,32071,4281589,0.509255,17564,5254419,0.624964,8407551
2,2021-06-05,37681,9182229,26900,4810393,9334,4045509,1447,326327,11800,960835,0.114282,25656,4307245,0.512307,13661,5268080,0.626589,8407551
2,2021-06-06,14846,9197075,12168,4822561,2096,4047605,582,326909,4680,956179,0.113729,10106,4317351,0.513509,5450,5273530,0.627237,8407551
2,2021-06-07,33154,9230229,23189,4845750,8695,4056300,1270,328179,10755,946192,0.112541,22257,4339608,0.516156,12270,5285800,0.628697,8407551
2,2021-06-08,40436,9270665,28623,4874373,10449,4066749,1364,329543,12421,932570,0.110921,27777,4367385,0.51946,14155,5299955,0.63038,8407551
2,2021-06-09,37967,9308632,26543,4900916,9932,4076681,1492,331035,11494,919593,0.109377,26284,4393669,0.522586,13307,5313262,0.631963,8407551
2,2021-06-10,37605,9346237,26167,4927083,9922,4086603,1516,332551,11719,907598,0.10795,25692,4419361,0.525642,13697,5326959,0.633592,8407551
2,2021-06-11,41102,9387339,27281,4954364,12152,4098755,1669,334220,13235,895187,0.106474,27605,4446966,0.528925,15194,5342153,0.635399,8407551
2,2021-06-12,29294,9416633,21562,4975926,6817,4105572,915,335135,8688,884530,0.105207,20475,4467441,0.531361,9818,5351971,0.636567,8407551
2,2021-06-13,12173,9428806,8897,4984823,2667,4108239,609,335744,3097,879392,0.104595,9013,4476454,0.532433,3875,5355846,0.637028,8407551
2,2021-06-14,29745,9458551,21108,5005931,7448,4115687,1189,336933,10307,871813,0.103694,19284,4495738,0.534726,11705,5367551,0.63842,8407551
2,2021-06-15,35399,9493950,23573,5029504,9791,4125478,2035,338968,11971,862997,0.102645,23199,4518937,0.537486,14383,5381934,0.640131,8407551
2,2021-06-16,32778,9526728,22632,5052136,8363,4133841,1783,340751,11311,855092,0.101705,21303,4540240,0.540019,13398,5395332,0.641725,8407551
2,2021-06-17,30623,9557351,20459,5072595,8380,4142221,1784,342535,10854,848338,0.100902,19599,4559839,0.54235,12845,5408177,0.643252,8407551
2,2021-06-18,34362,9591713,22624,5095219,9872,4152093,1866,344401,12549,841407,0.100078,21605,4581444,0.54492,14674,5422851,0.644998,8407551
2,2021-06-19,20756,9612469,14455,5109674,5050,4157143,1251,345652,7896,838036,0.099677,12703,4594147,0.546431,9332,5432183,0.646108,8407551
2,2021-06-20,8202,9620671,5855,5115529,1883,4159026,464,346116,3038,836482,0.099492,5123,4599270,0.54704,3569,5435752,0.646532,8407551
2,2021-06-21,19175,9639846,11723,5127252,6147,4165173,1305,347421,9830,838567,0.09974,9230,4608500,0.548138,11315,5447067,0.647878,8407551
2,2021-06-22,26685,9666531,18293,5145545,7040,4172213,1352,348773,10506,834679,0.099277,16013,4624513,0.550043,12125,5459192,0.64932,8407551
2,2021-06-23,25732,9692263,17760,5163305,6361,4178574,1611,350384,10487,831961,0.098954,15106,4639619,0.55184,12388,5471580,0.650794,8407551
2,2021-06-24,25100,9717363,17113,5180418,6519,4185093,1468,351852,10404,829508,0.098662,14554,4654173,0.553571,12101,5483681,0.652233,8407551
2,2021-06-25,28435,9745798,19272,5199690,7695,4192788,1468,353320,11862,826647,0.098322,16416,4670589,0.555523,13555,5497236,0.653845,8407551
2,2021-06-26,18331,9764129,13500,5213190,3916,4196704,915,354235,7471,824492,0.098066,10776,4681365,0.556805,8621,5505857,0.65487,8407551
2,2021-06-27,8724,9772853,6658,5219848,1617,4198321,449,354684,3502,823384,0.097934,5178,4686543,0.557421,4070,5509927,0.655355,8407551
2,2021-06-28,19549,9792402,14862,5234710,3468,4201789,1219,355903,8656,822663,0.097848,10782,4697325,0.558703,10061,5519988,0.656551,8407551
2,2021-06-29,22365,9814767,15572,5250282,5742,4207531,1051,356954,9534,820770,0.097623,12706,4710031,0.560214,10813,5530801,0.657837,8407551
2,2021-06-30,21590,9836357,15347,5265629,5230,4212761,1013,357967,9597,819729,0.097499,11870,4721901,0.561626,10829,5541630,0.659125,8407551
2,2021-07-01,19451,9855808,13774,5279403,4823,4217584,854,358821,8644,818722,0.097379,10699,4732600,0.562899,9692,5551322,0.660278,8407551
2,2021-07-02,22380,9878188,15482,5294885,5903,4223487,995,359816,9897,817472,0.097231,12336,4744936,0.564366,11086,5562408,0.661597,8407551
2,2021-07-03,12304,9890492,8908,5303793,2938,4226425,458,360274,5641,817104,0.097187,6580,4751516,0.565149,6212,5568620,0.662336,8407551
2,2021-07-04,980,9891472,577,5304370,338,4226763,65,360339,418,817058,0.097181,552,4752068,0.565214,506,5569126,0.662396,8407551
2,2021-07-05,10855,9902327,7948,5312318,2509,4229272,398,360737,4988,816749,0.097145,5814,4757882,0.565906,5505,5574631,0.663051,8407551
2,2021-07-06,22950,9925277,16724,5329042,5300,4234572,926,361663,8902,812949,0.096693,13914,4771796,0.567561,10114,5584745,0.664253,8407551
2,2021-07-07,13721,9938998,9650,5338692,3171,4237743,900,362563,5673,811745,0.09655,7965,4779761,0.568508,6761,5591506,0.665058,8407551
3,2020-12-15,308,308,308,308,0,0,0,0,308,308,3.8e-05,0,0,0.0,308,308,3.8e-05,8129050
3,2020-12-16,2439,2747,2439,2747,0,0,0,0,2440,2748,0.000338,0,0,0.0,2440,2748,0.000338,8129050
3,2020-12-17,7819,10566,7819,10566,0,0,0,0,7819,10567,0.0013,0,0,0.0,7819,10567,0.0013,8129050
3,2020-12-18,13429,23995,13411,23977,18,18,0,0,13428,23995,0.002952,0,0,0.0,13428,23995,0.002952,8129050
3,2020-12-19,7249,31244,7236,31213,13,31,0,0,7313,31308,0.003851,0,0,0.0,7313,31308,0.003851,8129050
3,2020-12-20,5655,36899,5647,36860,8,39,0,0,5702,37009,0.004553,1,1,0.0,5702,37010,0.004553,8129050
3,2020-12-21,14372,51271,14347,51207,25,64,0,0,14436,51444,0.006328,1,2,0.0,14436,51446,0.006329,8129050
3,2020-12-22,14801,66072,14219,65426,582,646,0,0,14839,66282,0.008154,1,3,0.0,14839,66285,0.008154,8129050
3,2020-12-23,14827,80899,12216,77642,2611,3257,0,0,14853,81134,0.009981,2,5,1e-06,14854,81139,0.009981,8129050
3,2020-12-24,6790,87689,4871,82513,1919,5176,0,0,6787,87919,0.010815,2,7,1e-06,6787,87926,0.010816,8129050
3,2020-12-25,721,88410,664,83177,57,5233,0,0,719,88638,0.010904,0,7,1e-06,719,88645,0.010905,8129050
3,2020-12-26,4615,93025,2992,86169,1623,6856,0,0,4613,93251,0.011471,0,7,1e-06,4613,93258,0.011472,8129050
3,2020-12-27,2983,96008,1853,88022,1130,7986,0,0,2983,96234,0.011838,0,7,1e-06,2983,96241,0.011839,8129050
3,2020-12-28,13627,109635,8720,96742,4907,12893,0,0,13652,109885,0.013518,1,8,1e-06,13652,109893,0.013519,8129050
3,2020-12-29,15026,124661,8467,105209,6559,19452,0,0,15053,124936,0.015369,2,10,1e-06,15053,124946,0.01537,8129050
3,2020-12-30,18014,142675,10034,115243,7980,27432,0,0,18018,142953,0.017585,2,12,1e-06,18019,142965,0.017587,8129050
3,2020-12-31,8460,151135,3236,118479,5224,32656,0,0,8459,151410,0.018626,2,14,2e-06,8459,151424,0.018628,8129050
3,2021-01-01,1427,152562,660,119139,767,33423,0,0,1424,152833,0.018801,1,15,2e-06,1424,152848,0.018803,8129050
3,2021-01-02,4942,157504,2422,121561,2520,35943,0,0,4942,157775,0.019409,0,15,2e-06,4942,157790,0.019411,8129050
3,2021-01-03,1615,159119,847,122408,768,36711,0,0,1604,159375,0.019606,4,19,2e-06,1604,159394,0.019608,8129050
3,2021-01-04,12004,171123,5955,128363,6049,42760,0,0,11977,171345,0.021078,7,26,3e-06,11977,171371,0.021081,8129050
3,2021-01-05,15725,186848,8147,136510,7578,50338,0,0,14049,183761,0.022605,1661,1687,0.000208,14077,185448,0.022813,8129050
3,2021-01-06,20595,207443,10878,147388,9717,60055,0,0,16074,195366,0.024033,4478,6165,0.000758,16083,201531,0.024791,8129050
3,2021-01-07,26593,234036,15221,162609,11372,71427,0,0,17137,203096,0.024984,9421,15586,0.001917,17151,218682,0.026901,8129050
3,2021-01-08,30581,264617,18706,181315,11875,83302,0,0,18105,208770,0.025682,12453,28039,0.003449,18127,236809,0.029131,8129050
3,2021-01-09,12428,277045,7028,188343,5400,88702,0,0,7895,212147,0.026097,4527,32566,0.004006,7904,244713,0.030104,8129050
3,2021-01-10,7193,284238,4473,192816,2720,91422,0,0,4044,213049,0.026208,3147,35713,0.004393,4049,248762,0.030602,8129050
3,2021-01-11,29007,313245,18986,211802,10021,101443,0,0,16411,216915,0.026684,12588,48301,0.005942,16454,265216,0.032626,8129050
3,2021-01-12,32529,345774,19449,231251,13080,114523,0,0,19899,224355,0.027599,12608,60909,0.007493,20048,285264,0.035092,8129050
3,2021-01-13,34516,380290,18029,249280,16487,131010,0,0,24313,238486,0.029337,10202,71111,0.008748,24333,309597,0.038085,8129050
3,2021-01-14,34758,415048,14239,263519,20519,151529,0,0,28855,261504,0.032169,5875,76986,0.00947,28893,338490,0.04164,8129050
3,2021-01-15,38927,453975,14462,277981,24465,175994,0,0,34249,291156,0.035817,4667,81653,0.010045,34319,372809,0.045861,8129050
3,2021-01-16,21924,475899,7592,285573,14332,190326,0,0,19596,308459,0.037945,2315,83968,0.010329,19618,392427,0.048275,8129050
3,2021-01-17,13140,489039,4441,290014,8699,199025,0,0,12100,319539,0.039308,1039,85007,0.010457,12119,404546,0.049765,8129050
3,2021-01-18,24700,513739,12891,302905,11809,210834,0,0,19121,333108,0.040977,5594,90601,0.011145,19163,423709,0.052123,8129050
3,2021-01-19,41029,554768,20847,323752,20182,231016,0,0,31916,356025,0.043797,9086,99687,0.012263,32003,455712,0.05606,8129050
3,2021-01-20,45966,600734,22828,346580,23138,254154,0,0,36421,383027,0.047118,9502,109189,0.013432,36504,492216,0.06055,8129050
3,2021-01-21,48088,648822,20880,367460,27208,281362,0,0,42569,420228,0.051695,5443,114632,0.014102,42644,534860,0.065796,8129050
3,2021-01-22,49744,698566,19800,387260,29944,311306,0,0,45552,461660,0.056791,4194,118826,0.014617,45626,580486,0.071409,8129050
3,2021-01-23,30340,728906,12790,400050,17550,328856,0,0,27040,485460,0.059719,3293,122119,0.015023,27093,607579,0.074742,8129050
3,2021-01-24,17822,746728,8475,408525,9347,338203,0,0,16647,500966,0.061627,1172,123291,0.015167,16678,624257,0.076793,8129050
3,2021-01-25,40782,787510,18166,426691,22616,360819,0,0,30810,521915,0.064204,9948,133239,0.01639,30897,655154,0.080594,8129050
3,2021-01-26,47157,834667,22497,449188,24660,385479,0,0,37013,548905,0.067524,10129,143368,0.017637,37119,692273,0.08516,8129050
3,2021-01-27,51329,885996,24381,473569,26948,412427,0,0,40663,579055,0.071233,10592,153960,0.018939,40742,733015,0.090172,8129050
3,2021-01-28,51728,937724,23932,497501,27796,440223,0,0,42760,612997,0.075408,8876,162836,0.020031,42818,775833,0.09544,8129050
3,2021-01-29,50843,988567,24343,521844,26500,466723,0,0,41113,644625,0.079299,9532,172368,0.021204,41160,816993,0.100503,8129050
3,2021-01-30,37233,1025800,17555,539399,19678,486401,0,0,32505,672540,0.082733,4674,177042,0.021779,32589,849582,0.104512,8129050
3,2021-01-31,22214,1048014,12565,551964,9649,496050,0,0,20807,691973,0.085123,1394,178436,0.02195,20827,870409,0.107074,8129050
3,2021-02-01,45698,1093712,20834,572798,24864,520914,0,0,34844,716048,0.088085,10803,189239,0.023279,34878,905287,0.111364,8129050
3,2021-02-02,54339,1148051,22569,595367,31770,552684,0,0,41878,745610,0.091722,12367,201606,0.024801,41929,947216,0.116522,8129050
3,2021-02-03,60076,1208127,26699,622066,33377,586061,0,0,44599,774967,0.095333,15314,216920,0.026685,44671,991887,0.122018,8129050
3,2021-02-04,64379,1272506,27924,649990,36455,622516,0,0,47159,805228,0.099056,17009,233929,0.028777,47270,1039157,0.127833,8129050
3,2021-02-05,70397,1342903,29869,679859,40528,663044,0,0,48576,832420,0.102401,21557,255486,0.031429,48749,1087906,0.133829,8129050
3,2021-02-06,43926,1386829,21221,701080,22705,685749,0,0,34148,857022,0.105427,9729,265215,0.032626,34331,1122237,0.138053,8129050
3,2021-02-07,19536,1406365,12379,713459,7157,692906,0,0,15026,867681,0.106738,4493,269708,0.033178,15152,1137389,0.139917,8129050
3,2021-02-08,51188,1457553,24658,738117,26530,719436,0,0,33534,883884,0.108732,17517,287225,0.035333,33720,1171109,0.144065,8129050
3,2021-02-09,58535,1516088,28345,766462,30190,749626,0,0,34292,894535,0.110042,23971,311196,0.038282,34622,1205731,0.148324,8129050
3,2021-02-10,68032,1584120,31545,798007,36487,786113,0,0,36497,900300,0.110751,31230,342426,0.042124,36995,1242726,0.152875,8129050
3,2021-02-11,70665,1654785,34785,832792,35880,821993,0,0,37462,905491,0.11139,32810,375236,0.04616,38001,1280727,0.157549,8129050
3,2021-02-12,75609,1730394,32668,865460,42941,864934,0,0,41672,914342,0.112478,33602,408838,0.050293,42453,1323180,0.162772,8129050
3,2021-02-13,45217,1775611,20485,885945,24732,889666,0,0,26021,921861,0.113403,19086,427924,0.052641,26605,1349785,0.166045,8129050
3,2021-02-14,27326,1802937,13673,899618,13653,903319,0,0,15191,925423,0.113841,12079,440003,0.054127,15641,1365426,0.167969,8129050
3,2021-02-15,40093,1843030,17225,916843,22868,926187,0,0,22173,930716,0.114493,17817,457820,0.056319,23110,1388536,0.170812,8129050
3,2021-02-16,70150,1913180,33167,950010,36983,963170,0,0,36446,934638,0.114975,33551,491371,0.060446,37473,1426009,0.175421,8129050
3,2021-02-17,71948,1985128,36362,986372,35586,998756,0,0,34180,932370,0.114696,37523,528894,0.065062,35255,1461264,0.179758,8129050
3,2021-02-18,77109,2062237,40264,1026636,36845,1035601,0,0,35681,928157,0.114178,41239,570133,0.070135,37026,1498290,0.184313,8129050
3,2021-02-19,69223,2131460,39852,1066488,29371,1064972,0,0,34936,929657,0.114362,34134,604267,0.074334,35634,1533924,0.188697,8129050
3,2021-02-20,42845,2174305,26998,1093486,15847,1080819,0,0,22467,932362,0.114695,20262,624529,0.076827,22967,1556891,0.191522,8129050
3,2021-02-21,23988,2198293,19291,1112777,4697,1085516,0,0,11798,932447,0.114706,12096,636625,0.078315,12181,1569072,0.19302,8129050
3,2021-02-22,46939,2245232,30575,1143352,16364,1101880,0,0,21999,930127,0.11442,24806,661431,0.081366,22486,1591558,0.195786,8129050
3,2021-02-23,62774,2308006,34131,1177483,28643,1130523,0,0,27465,924482,0.113726,35097,696528,0.085684,29452,1621010,0.19941,8129050
3,2021-02-24,78661,2386667,38605,1216088,40056,1170579,0,0,34865,918295,0.112965,43565,740093,0.091043,37378,1658388,0.204008,8129050
3,2021-02-25,87415,2474082,42595,1258683,44820,1215399,0,0,43678,921120,0.113312,43443,783536,0.096387,46268,1704656,0.209699,8129050
3,2021-02-26,97724,2571806,44742,1303425,52982,1268381,0,0,51835,929655,0.114362,45502,829038,0.101985,54037,1758693,0.216347,8129050
3,2021-02-27,69009,2640815,31741,1335166,37264,1305645,4,4,36644,935457,0.115076,32152,861190,0.10594,37954,1796647,0.221016,8129050
3,2021-02-28,39955,2680770,22980,1358146,16972,1322617,3,7,20751,938125,0.115404,19037,880227,0.108282,21705,1818352,0.223686,8129050
3,2021-03-01,67827,2748597,35920,1394066,31877,1354494,30,37,37899,947677,0.116579,29714,909941,0.111937,39266,1857618,0.228516,8129050
3,2021-03-02,79010,2827607,39000,1433066,40002,1394496,8,45,45824,962545,0.118408,33036,942977,0.116001,47904,1905522,0.234409,8129050
3,2021-03-03,89263,2916870,42777,1475843,46467,1440963,19,64,50108,976013,0.120065,38928,981905,0.12079,52396,1957918,0.240854,8129050
3,2021-03-04,93698,3010568,45840,1521683,47838,1488801,20,84,53235,991316,0.121947,40227,1022132,0.125738,55530,2013448,0.247686,8129050
3,2021-03-05,90579,3101147,44322,1566005,45966,1534767,291,375,55358,1014230,0.124766,34961,1057093,0.130039,57875,2071323,0.254805,8129050
3,2021-03-06,65067,3166214,32962,1598967,29950,1564717,2155,2530,37360,1027650,0.126417,27559,1084652,0.133429,40979,2112302,0.259846,8129050
3,2021-03-07,38877,3205091,22457,1621424,14522,1579239,1898,4428,21829,1035572,0.127392,16978,1101630,0.135518,24900,2137202,0.262909,8129050
3,2021-03-08,59449,3264540,28356,1649780,28103,1607342,2990,7418,37632,1056080,0.129914,21653,1123283,0.138181,42161,2179363,0.268096,8129050
3,2021-03-09,76869,3341409,35513,1685293,36958,1644300,4398,11816,41344,1067608,0.131332,35377,1158660,0.142533,46905,2226268,0.273866,8129050
3,2021-03-10,82959,3424368,41369,1726662,35499,1679799,6091,17907,43353,1079062,0.132741,39381,1198041,0.147378,50835,2277103,0.280119,8129050
3,2021-03-11,97257,3521625,47565,1774227,41089,1720888,8603,26510,47653,1087060,0.133725,49333,1247374,0.153446,57331,2334434,0.287172,8129050
3,2021-03-12,102057,3623682,45454,1819681,44723,1765611,11880,38390,46783,1091829,0.134312,55033,1302407,0.160216,59802,2394236,0.294528,8129050
3,2021-03-13,70574,3694256,29689,1849370,33645,1799256,7240,45630,37341,1104654,0.13589,33106,1335513,0.164289,45931,2440167,0.300179,8129050
3,2021-03-14,41349,3735605,21589,1870959,16192,1815448,3568,49198,20811,1109213,0.136451,20446,1355959,0.166804,25005,2465172,0.303255,8129050
3,2021-03-15,75668,3811273,35871,1906830,35252,1850700,4545,53743,39877,1119062,0.137662,35571,1391530,0.17118,45420,2510592,0.308842,8129050
3,2021-03-16,95045,3906318,43799,1950629,46922,1897622,4324,58067,53476,1136456,0.139802,41323,1432853,0.176263,58717,2569309,0.316065,8129050
3,2021-03-17,98244,4004562,47723,1998352,46006,1943628,4515,62582,59698,1163038,0.143072,38297,1471150,0.180974,64879,2634188,0.324046,8129050
3,2021-03-18,103595,4108157,52708,2051060,46368,1989996,4519,67101,59650,1184099,0.145663,43658,1514808,0.186345,64719,2698907,0.332008,8129050
3,2021-03-19,103278,4211435,55407,2106467,43416,2033412,4455,71556,57758,1201638,0.14782,45235,1560043,0.19191,62774,2761681,0.33973,8129050
3,2021-03-20,71863,4283298,37028,2143495,31201,2064613,3634,75190,44586,1223277,0.150482,27085,1587128,0.195242,48724,2810405,0.345724,8129050
3,2021-03-21,36307,4319605,24698,2168193,10108,2074721,1501,76691,21968,1232986,0.151677,14237,1601365,0.196993,23946,2834351,0.348669,8129050
3,2021-03-22,70479,4390084,41427,2209620,26535,2101256,2517,79208,45118,1256505,0.15457,25132,1626497,0.200085,48651,2883002,0.354654,8129050
3,2021-03-23,89674,4479758,49645,2259265,37509,2138765,2520,81728,55205,1280732,0.15755,34203,1660700,0.204292,58430,2941432,0.361842,8129050
3,2021-03-24,98604,4578362,56767,2316032,38938,2177703,2899,84627,56310,1298607,0.159749,41938,1702638,0.209451,59813,3001245,0.3692,8129050
3,2021-03-25,107194,4685556,59566,2375598,44680,2222383,2948,87575,60612,1316573,0.161959,46238,1748876,0.215139,64204,3065449,0.377098,8129050
3,2021-03-26,110483,4796039,59270,2434868,47908,2270291,3305,90880,57254,1325081,0.163006,52896,1801772,0.221646,61404,3126853,0.384652,8129050
3,2021-03-27,74477,4870516,37899,2472767,34034,2304325,2544,93424,36265,1326629,0.163196,37993,1839765,0.22632,39541,3166394,0.389516,8129050
3,2021-03-28,44325,4914841,27917,2500684,15594,2319919,814,94238,22444,1328798,0.163463,21769,1861534,0.228998,23938,3190332,0.392461,8129050
3,2021-03-29,80631,4995472,42071,2542755,36700,2356619,1860,96098,44314,1339742,0.164809,36057,1897591,0.233433,47001,3237333,0.398242,8129050
3,2021-03-30,100148,5095620,49213,2591968,47307,2403926,3628,99726,56271,1356621,0.166886,43624,1941215,0.2388,60503,3297836,0.405685,8129050
3,2021-03-31,105050,5200670,56631,2648599,43576,2447502,4843,104569,56169,1369323,0.168448,48651,1989866,0.244785,61353,3359189,0.413233,8129050
3,2021-04-01,123538,5324208,62453,2711052,51347,2498849,9738,114307,66659,1389552,0.170937,56486,2046352,0.251733,76715,3435904,0.42267,8129050
3,2021-04-02,117938,5442146,57564,2768616,50048,2548897,10326,124633,62249,1407222,0.17311,55392,2101744,0.258547,73062,3508966,0.431658,8129050
3,2021-04-03,76067,5518213,38880,2807496,27955,2576852,9232,133865,37900,1416722,0.174279,38017,2139761,0.263224,47517,3556483,0.437503,8129050
3,2021-04-04,32400,5550613,17335,2824831,10855,2587707,4210,138075,14146,1416984,0.174311,18176,2157937,0.26546,18438,3574921,0.439771,8129050
3,2021-04-05,89247,5639860,45226,2870057,34828,2622535,9193,147268,43342,1424855,0.175279,45669,2203606,0.271078,53540,3628461,0.446357,8129050
3,2021-04-06,113425,5753285,55173,2925230,43077,2665612,15175,162443,53325,1434302,0.176442,59823,2263429,0.278437,69270,3697731,0.454879,8129050
3,2021-04-07,116311,5869596,60148,2985378,39858,2705470,16305,178748,56245,1447337,0.178045,59803,2323232,0.285794,72838,3770569,0.463839,8129050
3,2021-04-08,121402,5990998,60413,3045791,40831,2746301,20158,198906,56223,1459618,0.179556,64870,2388102,0.293774,77151,3847720,0.47333,8129050
3,2021-04-09,118372,6109370,58994,3104785,40236,2786537,19142,218048,51945,1465431,0.180271,66172,2454274,0.301914,71985,3919705,0.482185,8129050
3,2021-04-10,84398,6193768,37864,3142649,31272,2817809,15262,233310,34301,1465922,0.180331,49917,2504191,0.308055,50408,3970113,0.488386,8129050
3,2021-04-11,45241,6239009,24269,3166918,13003,2830812,7969,241279,17155,1463889,0.180081,27996,2532187,0.311499,25963,3996076,0.49158,8129050
3,2021-04-12,83985,6322994,42444,3209362,32755,2863567,8786,250065,38033,1466080,0.180351,45713,2577900,0.317122,47904,4043980,0.497473,8129050
3,2021-04-13,105535,6428529,57170,3266532,48152,2911719,213,250278,55687,1473256,0.181233,49611,2627511,0.323225,56787,4100767,0.504458,8129050
3,2021-04-14,107631,6536160,58841,3325373,48692,2960411,98,250376,53582,1474619,0.181401,53757,2681268,0.329838,55120,4155887,0.511239,8129050
3,2021-04-15,119438,6655598,67232,3392605,52132,3012543,74,250450,63959,1484293,0.182591,55163,2736431,0.336624,64837,4220724,0.519215,8129050
3,2021-04-16,115560,6771158,64821,3457426,50645,3063188,94,250544,60386,1490574,0.183364,54865,2791296,0.343373,61146,4281870,0.526737,8129050
3,2021-04-17,79440,6850598,43339,3500765,36088,3099276,13,250557,44309,1500952,0.184641,34912,2826208,0.347668,45290,4327160,0.532308,8129050
3,2021-04-18,38716,6889314,23351,3524116,15362,3114638,3,250560,18200,1499623,0.184477,20406,2846614,0.350178,19077,4346237,0.534655,8129050
3,2021-04-19,79330,6968644,44203,3568319,35073,3149711,54,250614,35910,1492849,0.183644,43246,2889860,0.355498,36472,4382709,0.539142,8129050
3,2021-04-20,100923,7069567,53125,3621444,47780,3197491,18,250632,49022,1491259,0.183448,51655,2941515,0.361852,50065,4432774,0.5453,8129050
3,2021-04-21,105614,7175181,59273,3680717,46273,3243764,68,250700,49941,1487034,0.182928,55318,2996833,0.368657,51093,4483867,0.551586,8129050
3,2021-04-22,111300,7286481,62513,3743230,48765,3292529,22,250722,47884,1472818,0.18118,63081,3059914,0.376417,48865,4532732,0.557597,8129050
3,2021-04-23,105619,7392100,60433,3803663,45159,3337688,27,250749,46324,1461214,0.179752,58966,3118880,0.383671,47362,4580094,0.563423,8129050
3,2021-04-24,73189,7465289,45257,3848920,27869,3365557,63,250812,35726,1460796,0.179701,37200,3156080,0.388247,36782,4616876,0.567948,8129050
3,2021-04-25,36650,7501939,23402,3872322,13231,3378788,17,250829,18719,1462145,0.179867,17793,3173873,0.390436,19142,4636018,0.570303,8129050
3,2021-04-26,73523,7575462,41486,3913808,31631,3410419,406,251235,31457,1453539,0.178808,41810,3215683,0.395579,33204,4669222,0.574387,8129050
3,2021-04-27,90737,7666199,47633,3961441,41367,3451786,1737,252972,36079,1437760,0.176867,54364,3270047,0.402267,38585,4707807,0.579134,8129050
3,2021-04-28,86338,7752537,48993,4010434,35216,3487002,2129,255101,35322,1425004,0.175298,50736,3320783,0.408508,37980,4745787,0.583806,8129050
3,2021-04-29,88488,7841025,50561,4060995,35723,3522725,2204,257305,31606,1402740,0.172559,56560,3377343,0.415466,34296,4780083,0.588025,8129050
3,2021-04-30,90137,7931162,50849,4111844,36810,3559535,2478,259783,33601,1383070,0.170139,56217,3433560,0.422381,36547,4816630,0.592521,8129050
3,2021-05-01,54891,7986053,34519,4146363,18915,3578450,1457,261240,19736,1369820,0.168509,34928,3468488,0.426678,21678,4838308,0.595187,8129050
3,2021-05-02,26830,8012883,18297,4164660,7520,3585970,1013,262253,9839,1363865,0.167777,16903,3485391,0.428757,10948,4849256,0.596534,8129050
3,2021-05-03,59228,8072111,34597,4199257,22270,3608240,2361,264614,17381,1342140,0.165104,41645,3527036,0.43388,19920,4869176,0.598985,8129050
3,2021-05-04,77262,8149373,44659,4243916,29941,3638181,2662,267276,22494,1313087,0.16153,54492,3581528,0.440584,25439,4894615,0.602114,8129050
3,2021-05-05,78706,8228079,47284,4291200,28727,3666908,2695,269971,21871,1281413,0.157634,56525,3638053,0.447537,24851,4919466,0.605171,8129050
3,2021-05-06,82716,8310795,52221,4343421,27970,3694878,2525,272496,20622,1243470,0.152966,61636,3699689,0.455119,23693,4943159,0.608086,8129050
3,2021-05-07,82039,8392834,51111,4394532,28311,3723189,2617,275113,21832,1208341,0.148645,59872,3759561,0.462485,24743,4967902,0.611129,8129050
3,2021-05-08,52198,8445032,32332,4426864,18163,3741352,1703,276816,13857,1186078,0.145906,38086,3797647,0.46717,15823,4983725,0.613076,8129050
3,2021-05-09,20880,8465912,15288,4442152,4804,3746156,788,277604,5526,1177193,0.144813,15265,3812912,0.469048,6380,4990105,0.613861,8129050
3,2021-05-10,47829,8513741,25622,4467774,20303,3766459,1904,279508,11120,1153964,0.141956,36516,3849428,0.47354,13287,5003392,0.615495,8129050
3,2021-05-11,63576,8577317,35538,4503312,25830,3792289,2208,281716,16114,1125517,0.138456,47238,3896666,0.479351,18791,5022183,0.617807,8129050
3,2021-05-12,64473,8641790,37037,4540349,25047,3817336,2389,284105,16514,1097002,0.134948,47718,3944384,0.485221,19203,5041386,0.620169,8129050
3,2021-05-13,74910,8716700,47208,4587557,25805,3843141,1897,286002,27469,1079768,0.132828,47209,3991593,0.491028,29975,5071361,0.623857,8129050
3,2021-05-14,79934,8796634,50507,4638064,27298,3870439,2129,288131,31012,1064863,0.130995,48642,4040235,0.497012,33737,5105098,0.628007,8129050
3,2021-05-15,61710,8858344,42609,4680673,17897,3888336,1204,289335,25581,1055924,0.129895,35939,4076174,0.501433,27000,5132098,0.631328,8129050
3,2021-05-16,33012,8891356,24670,4705343,7655,3895991,687,290022,13357,1050519,0.12923,19537,4095711,0.503836,14132,5146230,0.633067,8129050
3,2021-05-17,56690,8948046,36106,4741449,18756,3914747,1828,291850,20955,1038037,0.127695,35470,4131181,0.5082,22988,5169218,0.635894,8129050
3,2021-05-18,64270,9012316,37984,4779433,24445,3939192,1841,293691,24243,1024752,0.12606,39762,4170943,0.513091,26477,5195695,0.639152,8129050
3,2021-05-19,63624,9075940,38685,4818118,23208,3962400,1731,295422,24724,1012822,0.124593,38658,4209601,0.517847,26728,5222423,0.64244,8129050
3,2021-05-20,61115,9137055,35788,4853906,23507,3985907,1820,297242,22005,998151,0.122788,38839,4248440,0.522624,24168,5246591,0.645413,8129050
3,2021-05-21,65355,9202410,39788,4893694,23487,4009394,2080,299322,23445,982361,0.120846,41616,4290056,0.527744,25826,5272417,0.64859,8129050
3,2021-05-22,45523,9247933,30183,4923877,13876,4023270,1464,300786,19077,976907,0.120175,26251,4316307,0.530973,20797,5293214,0.651148,8129050
3,2021-05-23,21386,9269319,14972,4938849,5766,4029036,648,301434,9169,974700,0.119903,12135,4328442,0.532466,9928,5303142,0.652369,8129050
3,2021-05-24,39338,9308657,23026,4961875,14566,4043602,1746,303180,14650,966797,0.118931,24504,4352946,0.53548,16601,5319743,0.654411,8129050
3,2021-05-25,42520,9351177,23939,4985814,16918,4060520,1663,304843,15133,956682,0.117687,27135,4380081,0.538818,17020,5336763,0.656505,8129050
3,2021-05-26,42167,9393344,24165,5009979,16295,4076815,1707,306550,15846,948336,0.11666,26033,4406114,0.542021,17687,5354450,0.658681,8129050
3,2021-05-27,39246,9432590,22016,5031995,15490,4092305,1740,308290,15453,942134,0.115897,23635,4429749,0.544928,17433,5371883,0.660825,8129050
3,2021-05-28,42575,9475165,24056,5056051,16728,4109033,1791,310081,17718,937302,0.115303,24659,4454408,0.547962,19827,5391710,0.663264,8129050
3,2021-05-29,23362,9498527,14249,5070300,8277,4117310,836,310917,10945,936915,0.115255,12293,4466701,0.549474,11906,5403616,0.664729,8129050
3,2021-05-30,10556,9509083,6845,5077145,3077,4120387,634,311551,4448,935999,0.115142,6038,4472739,0.550217,5122,5408738,0.665359,8129050
3,2021-05-31,4617,9513700,2663,5079808,1687,4122074,267,311818,1454,934616,0.114972,3132,4475871,0.550602,1749,5410487,0.665574,8129050
3,2021-06-01,37577,9551277,21662,5101470,14482,4136556,1433,313251,13174,925232,0.113818,24186,4500057,0.553577,14802,5425289,0.667395,8129050
3,2021-06-02,31427,9582704,18057,5119527,11958,4148514,1412,314663,11653,918852,0.113033,19570,4519627,0.555985,13190,5438479,0.669018,8129050
3,2021-06-03,39483,9622187,27021,5146548,11037,4159551,1425,316088,11471,904139,0.111223,27830,4547457,0.559408,13117,5451596,0.670631,8129050
3,2021-06-04,46026,9668213,32548,5179096,11939,4171490,1539,317627,13127,886535,0.109058,32671,4580128,0.563427,15067,5466663,0.672485,8129050
3,2021-06-05,34184,9702397,25782,5204878,7216,4178706,1186,318813,8703,871328,0.107187,25279,4605407,0.566537,10072,5476735,0.673724,8129050
3,2021-06-06,14584,9716981,12164,5217042,1838,4180544,582,319395,3744,865030,0.106412,10784,4616191,0.567864,4486,5481221,0.674276,8129050
3,2021-06-07,30288,9747269,22024,5239066,6990,4187534,1274,320669,8680,853633,0.10501,21468,4637659,0.570504,10071,5491292,0.675515,8129050
3,2021-06-08,34231,9781500,24598,5263664,8348,4195882,1285,321954,9969,841047,0.103462,24051,4661710,0.573463,11465,5502757,0.676925,8129050
3,2021-06-09,32857,9814357,23843,5287507,7725,4203607,1289,323243,8862,827527,0.101799,23825,4685535,0.576394,10305,5513062,0.678193,8129050
3,2021-06-10,32373,9846730,23363,5310870,7482,4211089,1528,324771,9029,815081,0.100268,23199,4708734,0.579248,10753,5523815,0.679515,8129050
3,2021-06-11,35356,9882086,25006,5335876,8986,4220075,1364,326135,10528,802509,0.098721,24639,4733373,0.582279,12067,5535882,0.681,8129050
3,2021-06-12,25061,9907147,18900,5354776,5271,4225346,890,327025,6684,791969,0.097425,18262,4751635,0.584525,7722,5543604,0.68195,8129050
3,2021-06-13,10107,9917254,7564,5362340,2051,4227397,492,327517,2365,787205,0.096838,7690,4759325,0.585471,2926,5546530,0.68231,8129050
3,2021-06-14,25668,9942922,18389,5380729,5876,4233273,1403,328920,8054,779316,0.095868,17485,4776810,0.587622,9596,5556126,0.68349,8129050
3,2021-06-15,28538,9971460,19323,5400052,7723,4240996,1492,330412,9633,771916,0.094958,18688,4795498,0.589921,11288,5567414,0.684879,8129050
3,2021-06-16,25752,9997212,18283,5418335,6072,4247068,1397,331809,8709,765309,0.094145,16865,4812363,0.591996,10258,5577672,0.686141,8129050
3,2021-06-17,24668,10021880,17690,5436025,5721,4252789,1257,333066,8565,759320,0.093408,15944,4828307,0.593957,9955,5587627,0.687365,8129050
3,2021-06-18,27772,10049652,19608,5455633,6605,4259394,1559,334625,9746,752982,0.092629,17808,4846115,0.596148,11470,5599097,0.688776,8129050
3,2021-06-19,15868,10065520,11643,5467276,3374,4262768,851,335476,5717,749628,0.092216,10028,4856143,0.597381,6674,5605771,0.689597,8129050
3,2021-06-20,6837,10072357,5137,5472413,1404,4264172,296,335772,2598,748390,0.092064,4185,4860328,0.597896,2947,5608718,0.68996,8129050
3,2021-06-21,16098,10088455,10183,5482596,4540,4268712,1375,337147,8033,749939,0.092254,7978,4868306,0.598878,9527,5618245,0.691132,8129050
3,2021-06-22,21904,10110359,15383,5497979,5267,4273979,1254,338401,8227,746013,0.091771,13560,4881866,0.600546,9634,5627879,0.692317,8129050
3,2021-06-23,20098,10130457,14129,5512108,4668,4278647,1301,339702,7983,743427,0.091453,12005,4893871,0.602022,9419,5637298,0.693476,8129050
3,2021-06-24,19802,10150259,13795,5525903,4578,4283225,1429,341131,7733,740796,0.091129,11906,4905777,0.603487,9275,5646573,0.694617,8129050
3,2021-06-25,23129,10173388,16406,5542309,5313,4288538,1410,342541,9051,737429,0.090715,13955,4919732,0.605204,10588,5657161,0.695919,8129050
3,2021-06-26,13734,10187122,10182,5552491,2787,4291325,765,343306,5736,736147,0.090558,7934,4927666,0.60618,6652,5663813,0.696737,8129050
3,2021-06-27,6663,10193785,5139,5557630,1215,4292540,309,343615,2851,735559,0.090485,3778,4931444,0.606645,3190,5667003,0.69713,8129050
3,2021-06-28,15729,10209514,12080,5569710,2590,4295130,1059,344674,6642,734371,0.090339,8987,4940431,0.60775,7799,5674802,0.698089,8129050
3,2021-06-29,17828,10227342,12576,5582286,4275,4299405,977,345651,7311,732382,0.090094,10405,4950836,0.60903,8416,5683218,0.699124,8129050
3,2021-06-30,16781,10244123,11901,5594187,3846,4303251,1034,346685,7217,731330,0.089965,9442,4960278,0.610192,8390,5691608,0.700157,8129050
3,2021-07-01,16032,10260155,11461,5605648,3535,4306786,1036,347721,6756,730031,0.089805,9188,4969466,0.611322,7889,5699497,0.701127,8129050
3,2021-07-02,18158,10278313,12926,5618574,4153,4310939,1079,348800,7748,728649,0.089635,10307,4979773,0.61259,8925,5708422,0.702225,8129050
3,2021-07-03,9911,10288224,7174,5625748,2318,4313257,419,349219,4266,727846,0.089536,5584,4985357,0.613277,4781,5713203,0.702813,8129050
3,2021-07-04,697,10288921,402,5626150,207,4313464,88,349307,267,727791,0.08953,427,4985784,0.613329,372,5713575,0.702859,8129050
3,2021-07-05,9408,10298329,6885,5633035,2106,4315570,417,349724,4268,727458,0.089489,5078,4990862,0.613954,4745,5718320,0.703443,8129050
3,2021-07-06,18496,10316825,13451,5646486,3993,4319563,1052,350776,6729,723719,0.089029,11637,5002499,0.615385,7898,5726218,0.704414,8129050
3,2021-07-07,10555,10327380,7415,5653901,2226,4321789,914,351690,4129,722490,0.088878,6359,5008858,0.616168,5130,5731348,0.705045,8129050
4,2020-12-15,455,455,455,455,0,0,0,0,455,455,5.7e-05,0,0,0.0,455,455,5.7e-05,8037679
4,2020-12-16,3025,3480,3025,3480,0,0,0,0,3025,3480,0.000433,0,0,0.0,3025,3480,0.000433,8037679
4,2020-12-17,8913,12393,8913,12393,0,0,0,0,8913,12393,0.001542,0,0,0.0,8913,12393,0.001542,8037679
4,2020-12-18,16133,28526,16122,28515,11,11,0,0,16133,28526,0.003549,0,0,0.0,16133,28526,0.003549,8037679
4,2020-12-19,10361,38887,10352,38867,9,20,0,0,10296,38822,0.00483,0,0,0.0,10296,38822,0.00483,8037679
4,2020-12-20,7398,46285,7391,46258,7,27,0,0,7353,46175,0.005745,0,0,0.0,7353,46175,0.005745,8037679
4,2020-12-21,16360,62645,16334,62592,26,53,0,0,16293,62467,0.007772,1,1,0.0,16293,62468,0.007772,8037679
4,2020-12-22,17185,79830,16445,79037,740,793,0,0,17139,79603,0.009904,3,4,0.0,17139,79607,0.009904,8037679
4,2020-12-23,17085,96915,14379,93416,2706,3499,0,0,17054,96655,0.012025,2,6,1e-06,17054,96661,0.012026,8037679
4,2020-12-24,8524,105439,5948,99364,2576,6075,0,0,8524,105179,0.013086,0,6,1e-06,8524,105185,0.013086,8037679
4,2020-12-25,904,106343,799,100163,105,6180,0,0,904,106083,0.013198,0,6,1e-06,904,106089,0.013199,8037679
4,2020-12-26,6173,112516,3896,104059,2277,8457,0,0,6173,112256,0.013966,0,6,1e-06,6173,112262,0.013967,8037679
4,2020-12-27,3434,115950,2000,106059,1434,9891,0,0,3434,115690,0.014393,0,6,1e-06,3434,115696,0.014394,8037679
4,2020-12-28,15104,131054,9334,115393,5770,15661,0,0,15076,130764,0.016269,2,8,1e-06,15076,130772,0.01627,8037679
4,2020-12-29,15369,146423,8510,123903,6859,22520,0,0,15336,146100,0.018177,0,8,1e-06,15336,146108,0.018178,8037679
4,2020-12-30,18937,165360,11069,134972,7868,30388,0,0,18926,165024,0.020531,2,10,1e-06,18926,165034,0.020533,8037679
4,2020-12-31,8273,173633,3356,138328,4917,35305,0,0,8261,173276,0.021558,9,19,2e-06,8261,173295,0.02156,8037679
4,2021-01-01,1535,175168,688,139016,847,36152,0,0,1530,174803,0.021748,3,22,3e-06,1530,174825,0.021751,8037679
4,2021-01-02,5725,180893,3231,142247,2494,38646,0,0,5723,180525,0.02246,1,23,3e-06,5723,180548,0.022463,8037679
4,2021-01-03,2143,183036,1268,143515,875,39521,0,0,2127,182648,0.022724,4,27,3e-06,2127,182675,0.022727,8037679
4,2021-01-04,12948,195984,7013,150528,5935,45456,0,0,12899,195518,0.024325,29,56,7e-06,12899,195574,0.024332,8037679
4,2021-01-05,16888,212872,10006,160534,6882,52338,0,0,14693,208055,0.025885,2169,2225,0.000277,14706,210280,0.026162,8037679
4,2021-01-06,21600,234472,13230,173764,8370,60708,0,0,15530,217577,0.02707,6021,8246,0.001026,15543,225823,0.028096,8037679
4,2021-01-07,27957,262429,17037,190801,10920,71628,0,0,16709,223118,0.027759,11189,19435,0.002418,16730,242553,0.030177,8037679
4,2021-01-08,32821,295250,21073,211874,11748,83376,0,0,18303,226986,0.02824,14454,33889,0.004216,18322,260875,0.032457,8037679
4,2021-01-09,16283,311533,9644,221518,6639,90015,0,0,9458,229649,0.028572,6806,40695,0.005063,9469,270344,0.033635,8037679
4,2021-01-10,8767,320300,5660,227178,3107,93122,0,0,4149,229204,0.028516,4602,45297,0.005636,4157,274501,0.034152,8037679
4,2021-01-11,33443,353743,21920,249098,11523,104645,0,0,18865,233569,0.029059,14544,59841,0.007445,18909,293410,0.036504,8037679
4,2021-01-12,38594,392337,22274,271372,16320,120965,0,0,24279,243643,0.030313,14246,74087,0.009217,24320,317730,0.03953,8037679
4,2021-01-13,38787,431124,19177,290549,19610,140575,0,0,27407,259751,0.032317,11326,85413,0.010627,27434,345164,0.042943,8037679
4,2021-01-14,39322,470446,15115,305664,24207,164782,0,0,32146,284798,0.035433,7129,92542,0.011514,32176,377340,0.046946,8037679
4,2021-01-15,45376,515822,15751,321415,29625,194407,0,0,39723,318951,0.039682,5593,98135,0.012209,39746,417086,0.051891,8037679
4,2021-01-16,28755,544577,9360,330775,19395,213802,0,0,25604,341455,0.042482,3118,101253,0.012597,25622,442708,0.055079,8037679
4,2021-01-17,19063,563640,6669,337444,12394,226196,0,0,17534,357497,0.044478,1506,102759,0.012785,17548,460256,0.057262,8037679
4,2021-01-18,29482,593122,13642,351086,15840,242036,0,0,23468,375071,0.046664,5920,108679,0.013521,23494,483750,0.060185,8037679
4,2021-01-19,46140,639262,23089,374175,23051,265087,0,0,36762,402585,0.050087,9321,118000,0.014681,36835,520585,0.064768,8037679
4,2021-01-20,52641,691903,28196,402371,24445,289532,0,0,42086,434276,0.05403,10455,128455,0.015982,42146,562731,0.070012,8037679
4,2021-01-21,57575,749478,25881,428252,31694,321226,0,0,50810,478435,0.059524,6695,135150,0.016815,50854,613585,0.076339,8037679
4,2021-01-22,55374,804852,22256,450508,33118,354344,0,0,50190,523568,0.065139,5084,140234,0.017447,50217,663802,0.082586,8037679
4,2021-01-23,39659,844511,17406,467914,22253,376597,0,0,35310,554569,0.068996,4339,144573,0.017987,35340,699142,0.086983,8037679
4,2021-01-24,23949,868460,10492,478406,13457,390054,0,0,22056,574761,0.071508,1882,146455,0.018221,22074,721216,0.089729,8037679
4,2021-01-25,47970,916430,22132,500538,25838,415892,0,0,36816,600516,0.074713,11117,157572,0.019604,36872,758088,0.094317,8037679
4,2021-01-26,56817,973247,28906,529444,27911,443803,0,0,44500,632814,0.078731,12263,169835,0.02113,44561,802649,0.099861,8037679
4,2021-01-27,56180,1029427,26684,556128,29496,473299,0,0,45117,666999,0.082984,10983,180818,0.022496,45168,847817,0.10548,8037679
4,2021-01-28,56579,1086006,25493,581621,31086,504385,0,0,46561,703679,0.087548,9926,190744,0.023731,46606,894423,0.111279,8037679
4,2021-01-29,56576,1142582,27108,608729,29468,533853,0,0,46138,739598,0.092016,10253,200997,0.025007,46172,940595,0.117023,8037679
4,2021-01-30,38016,1180598,17113,625842,20903,554756,0,0,32641,766944,0.095419,5319,206316,0.025669,32665,973260,0.121087,8037679
4,2021-01-31,23866,1204464,12498,638340,11368,566124,0,0,22158,787431,0.097967,1688,208004,0.025879,22175,995435,0.123846,8037679
4,2021-02-01,49696,1254160,23940,662280,25756,591880,0,0,37993,813816,0.10125,11650,219654,0.027328,38035,1033470,0.128578,8037679
4,2021-02-02,55454,1309614,25449,687729,30005,621885,0,0,42544,843568,0.104952,12835,232489,0.028925,42587,1076057,0.133877,8037679
4,2021-02-03,62041,1371655,30354,718083,31687,653572,0,0,47670,877039,0.109116,14253,246742,0.030698,47724,1123781,0.139814,8037679
4,2021-02-04,67711,1439366,31456,749539,36255,689827,0,0,50855,911306,0.113379,16695,263437,0.032775,50962,1174743,0.146155,8037679
4,2021-02-05,73168,1512534,33809,783348,39359,729186,0,0,50955,940439,0.117004,21956,285393,0.035507,51089,1225832,0.152511,8037679
4,2021-02-06,48681,1561215,26137,809485,22544,751730,0,0,37156,966339,0.120226,11456,296849,0.036932,37356,1263188,0.157158,8037679
4,2021-02-07,26446,1587661,17448,826933,8998,760728,0,0,20021,980205,0.121951,6390,303239,0.037727,20256,1283444,0.159678,8037679
4,2021-02-08,58578,1646239,30131,857064,28447,789175,0,0,38064,998151,0.124184,20380,323619,0.040263,38326,1321770,0.164447,8037679
4,2021-02-09,67261,1713500,34087,891151,33174,822349,0,0,39410,1010305,0.125696,27663,351282,0.043704,39817,1361587,0.169401,8037679
4,2021-02-10,77500,1791000,38722,929873,38778,861127,0,0,40663,1014914,0.12627,36597,387879,0.048258,41206,1402793,0.174527,8037679
4,2021-02-11,81299,1872299,42380,972253,38919,900046,0,0,41381,1017276,0.126563,39692,427571,0.053196,42054,1444847,0.179759,8037679
4,2021-02-12,84662,1956961,37903,1010156,46759,946805,0,0,43487,1020607,0.126978,40947,468518,0.05829,44278,1489125,0.185268,8037679
4,2021-02-13,59060,2016021,29911,1040067,29149,975954,0,0,30061,1022707,0.127239,28860,497378,0.061881,30960,1520085,0.18912,8037679
4,2021-02-14,36970,2052991,19219,1059286,17751,993705,0,0,18912,1024276,0.127434,18001,515379,0.06412,19570,1539655,0.191555,8037679
4,2021-02-15,46292,2099283,21651,1080937,24641,1018346,0,0,23753,1026751,0.127742,22458,537837,0.066914,24933,1564588,0.194657,8037679
4,2021-02-16,80153,2179436,36706,1117643,43447,1061793,0,0,40801,1029537,0.128089,39233,577070,0.071796,42019,1606607,0.199884,8037679
4,2021-02-17,81520,2260956,38506,1156149,43014,1104807,0,0,38772,1026874,0.127758,42563,619633,0.077091,39900,1646507,0.204849,8037679
4,2021-02-18,83517,2344473,45946,1202095,37571,1142378,0,0,38650,1022324,0.127191,44681,664314,0.08265,40131,1686638,0.209841,8037679
4,2021-02-19,83016,2427489,52169,1254264,30847,1173225,0,0,41470,1023110,0.127289,41375,705689,0.087798,42161,1728799,0.215087,8037679
4,2021-02-20,49548,2477037,32926,1287190,16622,1189847,0,0,26898,1028136,0.127915,22567,728256,0.090605,27593,1756392,0.21852,8037679
4,2021-02-21,29998,2507035,23846,1311036,6152,1195999,0,0,14575,1027654,0.127855,15342,743598,0.092514,14860,1771252,0.220369,8037679
4,2021-02-22,54982,2562017,37787,1348823,17195,1213194,0,0,26469,1026204,0.127674,28367,771965,0.096043,26917,1798169,0.223717,8037679
4,2021-02-23,75923,2637940,42057,1390880,33866,1247060,0,0,33305,1018759,0.126748,42422,814387,0.101321,34977,1833146,0.228069,8037679
4,2021-02-24,90690,2728630,47891,1438771,42799,1289859,0,0,40831,1012130,0.125923,49611,863998,0.107493,42982,1876128,0.233417,8037679
4,2021-02-25,101280,2829910,52911,1491682,48369,1338228,0,0,48397,1010409,0.125709,52677,916675,0.114047,50956,1927084,0.239756,8037679
4,2021-02-26,107098,2937008,54074,1545756,53024,1391252,0,0,54870,1015675,0.126364,51959,968634,0.120512,57225,1984309,0.246876,8037679
4,2021-02-27,77388,3014396,42098,1587854,35281,1426533,9,9,41497,1022965,0.127271,35701,1004335,0.124953,42991,2027300,0.252225,8037679
4,2021-02-28,47726,3062122,29404,1617258,18315,1444848,7,16,26537,1029369,0.128068,21026,1025361,0.127569,27430,2054730,0.255637,8037679
4,2021-03-01,77998,3140120,45773,1663031,32184,1477032,41,57,43078,1039038,0.129271,34640,1060001,0.131879,44309,2099039,0.26115,8037679
4,2021-03-02,86095,3226215,49509,1712540,36577,1513609,9,66,50512,1055943,0.131374,35404,1095405,0.136284,52309,2151348,0.267658,8037679
4,2021-03-03,100384,3326599,53397,1765937,46973,1560582,14,80,56132,1069821,0.133101,44037,1139442,0.141763,57915,2209263,0.274863,8037679
4,2021-03-04,97858,3424457,54281,1820218,43559,1604141,18,98,53613,1081213,0.134518,44015,1183457,0.147239,55407,2264670,0.281757,8037679
4,2021-03-05,95503,3519960,51612,1871830,43574,1647715,317,415,56409,1101000,0.13698,38875,1222332,0.152075,58662,2323332,0.289055,8037679
4,2021-03-06,76269,3596229,42955,1914785,30674,1678389,2640,3055,46888,1122610,0.139668,29252,1251584,0.155715,50862,2374194,0.295383,8037679
4,2021-03-07,44481,3640710,27346,1942131,14948,1693337,2187,5242,25887,1133268,0.140994,18514,1270098,0.158018,29172,2403366,0.299012,8037679
4,2021-03-08,66838,3707548,34976,1977107,28506,1721843,3356,8598,44017,1159276,0.14423,22694,1292792,0.160841,48702,2452068,0.305072,8037679
4,2021-03-09,81399,3788947,41234,2018341,34976,1756819,5189,13787,43917,1172173,0.145835,37303,1330095,0.165482,50200,2502268,0.311317,8037679
4,2021-03-10,91212,3880159,47050,2065391,36730,1793549,7432,21219,46091,1181697,0.14702,44934,1375029,0.171073,54458,2556726,0.318093,8037679
4,2021-03-11,100780,3980939,52967,2118358,39396,1832945,8417,29636,46495,1183667,0.147265,54039,1429068,0.177796,56009,2612735,0.325061,8037679
4,2021-03-12,104605,4085544,51560,2169918,42782,1875727,10263,39899,44641,1179826,0.146787,59682,1488750,0.185221,55841,2668576,0.332008,8037679
4,2021-03-13,81527,4167071,37827,2207745,35278,1911005,8422,48321,38503,1184963,0.147426,42885,1531635,0.190557,48022,2716598,0.337983,8037679
4,2021-03-14,49895,4216966,28392,2236137,17875,1928880,3628,51949,23244,1185896,0.147542,26555,1558190,0.193861,27488,2744086,0.341403,8037679
4,2021-03-15,83689,4300655,45055,2281192,34388,1963268,4246,56195,42433,1192402,0.148352,41011,1599201,0.198963,47517,2791603,0.347315,8037679
4,2021-03-16,107720,4408375,56018,2337210,48300,2011568,3402,59597,56880,1202784,0.149643,50594,1649795,0.205258,60976,2852579,0.354901,8037679
4,2021-03-17,106982,4515357,57631,2394841,45857,2057425,3494,63091,62562,1225244,0.152438,44156,1693951,0.210751,66616,2919195,0.363189,8037679
4,2021-03-18,107105,4622462,59430,2454271,43985,2101410,3690,66781,60776,1244093,0.154783,46047,1739998,0.21648,64896,2984091,0.371263,8037679
4,2021-03-19,111590,4734052,64246,2518517,42153,2143563,5191,71972,63611,1265576,0.157455,47711,1787709,0.222416,69194,3053285,0.379871,8037679
4,2021-03-20,84014,4818066,49047,2567564,31964,2175527,3003,74975,51718,1288474,0.160304,32132,1819841,0.226414,55030,3108315,0.386718,8037679
4,2021-03-21,48253,4866319,34974,2602538,11021,2186548,2258,77233,28340,1299634,0.161693,19791,1839632,0.228876,30951,3139266,0.390569,8037679
4,2021-03-22,82527,4948846,53943,2656481,25849,2212397,2735,79968,51295,1323386,0.164648,30993,1870625,0.232732,54745,3194011,0.39738,8037679
4,2021-03-23,104847,5053693,62797,2719278,39896,2252293,2154,82122,62399,1346308,0.1675,42176,1912801,0.237979,65098,3259109,0.405479,8037679
4,2021-03-24,113496,5167189,73269,2792547,37814,2290107,2413,84535,63932,1363980,0.169698,49125,1961926,0.244091,66797,3325906,0.413789,8037679
4,2021-03-25,117034,5284223,72067,2864614,42575,2332682,2392,86927,66973,1384244,0.172219,49578,2011504,0.250259,69842,3395748,0.422479,8037679
4,2021-03-26,119691,5403914,72624,2937238,44027,2376709,3040,89967,65511,1399576,0.174127,53813,2065317,0.256954,69145,3464893,0.431081,8037679
4,2021-03-27,92018,5495932,54256,2991494,35976,2412685,1786,91753,46814,1403739,0.174645,44954,2110271,0.262547,49117,3514010,0.437192,8037679
4,2021-03-28,55766,5551698,36816,3028310,18077,2430762,873,92626,29632,1408665,0.175258,25960,2136231,0.265777,30886,3544896,0.441035,8037679
4,2021-03-29,93577,5645275,56077,3084387,35424,2466186,2076,94702,50704,1419447,0.176599,42626,2178857,0.27108,53408,3598304,0.447679,8037679
4,2021-03-30,117136,5762411,63885,3148272,49088,2515274,4163,98865,69570,1446290,0.179939,47321,2226178,0.276968,74164,3672468,0.456907,8037679
4,2021-03-31,121069,5883480,71430,3219702,43328,2558602,6311,105176,67881,1467859,0.182622,52834,2279012,0.283541,74403,3746871,0.466163,8037679
4,2021-04-01,142485,6025965,81261,3300963,47972,2606574,13252,118428,83812,1506862,0.187475,58215,2337227,0.290784,97218,3844089,0.478259,8037679
4,2021-04-02,136588,6162553,72979,3373942,50030,2656604,13579,132007,78762,1541983,0.191844,57522,2394749,0.29794,92643,3936732,0.489785,8037679
4,2021-04-03,101183,6263736,54071,3428013,33707,2690311,13405,145412,52624,1560004,0.194086,48354,2443103,0.303956,66375,4003107,0.498043,8037679
4,2021-04-04,46871,6310607,24732,3452745,14617,2704928,7522,152934,20346,1561557,0.19428,26416,2469519,0.307243,27969,4031076,0.501522,8037679
4,2021-04-05,109485,6420092,61518,3514263,35133,2740061,12834,165768,56714,1579518,0.196514,52553,2522072,0.313781,70514,4101590,0.510295,8037679
4,2021-04-06,138785,6558877,78129,3592392,40912,2780973,19744,185512,72046,1605547,0.199753,66500,2588572,0.322055,92529,4194119,0.521807,8037679
4,2021-04-07,137573,6696450,77939,3670331,38935,2819908,20699,206211,71247,1631716,0.203008,66070,2654642,0.330275,92239,4286358,0.533283,8037679
4,2021-04-08,139958,6836408,78035,3748366,36491,2856399,25432,231643,69548,1657200,0.206179,70117,2724759,0.338998,95601,4381959,0.545177,8037679
4,2021-04-09,137622,6974030,75529,3823895,39108,2895507,22985,254628,65641,1675085,0.208404,71748,2796507,0.347925,89633,4471592,0.556329,8037679
4,2021-04-10,103786,7077816,51197,3875092,33740,2929247,18849,273477,46850,1685098,0.20965,56727,2853234,0.354982,66740,4538332,0.564632,8037679
4,2021-04-11,62625,7140441,38033,3913125,13423,2942670,11169,284646,27305,1689432,0.210189,35209,2888443,0.359363,39543,4577875,0.569552,8037679
4,2021-04-12,102737,7243178,62468,3975593,30116,2972786,10153,294799,51764,1701893,0.211739,50676,2939119,0.365668,63137,4641012,0.577407,8037679
4,2021-04-13,130205,7373383,81689,4057282,48351,3021137,165,294964,77949,1728915,0.215101,51958,2991077,0.372132,78980,4719992,0.587233,8037679
4,2021-04-14,135385,7508768,86289,4143571,49022,3070159,74,295038,74976,1745124,0.217118,60073,3051150,0.379606,76282,4796274,0.596724,8037679
4,2021-04-15,156135,7664903,103953,4247524,52118,3122277,64,295102,95876,1781937,0.221698,59887,3111037,0.387057,96700,4892974,0.608755,8037679
4,2021-04-16,143444,7808347,90960,4338484,52406,3174683,78,295180,83459,1806510,0.224755,59683,3170720,0.394482,84256,4977230,0.619237,8037679
4,2021-04-17,101395,7909742,63750,4402234,37621,3212304,24,295204,59614,1825790,0.227154,41505,3212225,0.399646,60785,5038015,0.6268,8037679
4,2021-04-18,56730,7966472,38333,4440567,18394,3230698,3,295207,32011,1834179,0.228198,24587,3236812,0.402705,32976,5070991,0.630902,8037679
4,2021-04-19,101438,8067910,66875,4507442,34546,3265244,17,295224,51833,1837271,0.228582,49357,3286169,0.408846,52449,5123440,0.637428,8037679
4,2021-04-20,131664,8199574,78577,4586019,53072,3318316,15,295239,68781,1844569,0.22949,62571,3348740,0.41663,69869,5193309,0.64612,8037679
4,2021-04-21,134018,8333592,87521,4673540,46443,3364759,54,295293,67697,1847495,0.229854,65934,3414674,0.424833,68860,5262169,0.654688,8037679
4,2021-04-22,140605,8474197,93377,4766917,47205,3411964,23,295316,62981,1834369,0.228221,77251,3491925,0.434444,64125,5326294,0.662666,8037679
4,2021-04-23,134040,8608237,87360,4854277,46656,3458620,24,295340,58259,1818404,0.226235,75436,3567361,0.44383,59471,5385765,0.670065,8037679
4,2021-04-24,97706,8705943,66087,4920364,31569,3490189,50,295390,45046,1812197,0.225463,52373,3619734,0.450346,46166,5431931,0.675808,8037679
4,2021-04-25,50071,8756014,35286,4955650,14760,3504949,25,295415,26193,1815130,0.225828,23735,3643469,0.453299,26668,5458599,0.679126,8037679
4,2021-04-26,91607,8847621,60090,5015740,31120,3536069,397,295812,36099,1797743,0.223664,55216,3698685,0.460168,37829,5496428,0.683833,8037679
4,2021-04-27,113383,8961004,69278,5085018,41798,3577867,2307,298119,40945,1769669,0.220172,72121,3770806,0.469141,44047,5540475,0.689313,8037679
4,2021-04-28,103602,9064606,67698,5152716,33392,3611259,2512,300631,37985,1745523,0.217168,65305,3836111,0.477266,41159,5581634,0.694434,8037679
4,2021-04-29,105017,9169623,67109,5219825,35387,3646646,2521,303152,34023,1712010,0.212998,70657,3906768,0.486057,37144,5618778,0.699055,8037679
4,2021-04-30,104688,9274311,66384,5286209,35626,3682272,2678,305830,36060,1683159,0.209409,68250,3975018,0.494548,39399,5658177,0.703957,8037679
4,2021-05-01,68857,9343168,45781,5331990,21321,3703593,1755,307585,19994,1656921,0.206144,48630,4023648,0.500598,22392,5680569,0.706742,8037679
4,2021-05-02,37442,9380610,26563,5358553,9602,3713195,1277,308862,10516,1642051,0.204294,26808,4050456,0.503934,11938,5692507,0.708228,8037679
4,2021-05-03,78249,9458859,54450,5413003,21327,3734522,2472,311334,19167,1605222,0.199712,58835,4109291,0.511253,22006,5714513,0.710966,8037679
4,2021-05-04,100728,9559587,68964,5481967,29010,3763532,2754,314088,22704,1553321,0.193255,77750,4187041,0.520927,25849,5740362,0.714182,8037679
4,2021-05-05,101477,9661064,71578,5553545,27172,3790704,2727,316815,22035,1499273,0.186531,79117,4266158,0.53077,25069,5765431,0.7173,8037679
4,2021-05-06,111013,9772077,83207,5636752,24877,3815581,2929,319744,19669,1432100,0.178173,90892,4357050,0.542078,23719,5789150,0.720251,8037679
4,2021-05-07,104174,9876251,74942,5711694,26555,3842136,2677,322421,20612,1372599,0.170771,83206,4440256,0.55243,23705,5812855,0.723201,8037679
4,2021-05-08,69229,9945480,47723,5759417,19581,3861717,1925,324346,13748,1333375,0.165891,55251,4495507,0.559304,16027,5828882,0.725195,8037679
4,2021-05-09,34086,9979566,27898,5787315,5247,3866964,941,325287,7496,1315421,0.163657,26486,4521993,0.562599,8532,5837414,0.726256,8037679
4,2021-05-10,64515,10044081,43159,5830474,19044,3886008,2312,327599,10977,1275684,0.158713,53339,4575332,0.569235,13602,5851016,0.727948,8037679
4,2021-05-11,82121,10126202,51274,5881748,28667,3914675,2180,329779,15780,1228036,0.152785,66104,4641436,0.57746,18456,5869472,0.730245,8037679
4,2021-05-12,79185,10205387,52713,5934461,23973,3938648,2499,332278,16661,1185321,0.147471,62248,4703684,0.585204,19533,5889005,0.732675,8037679
4,2021-05-13,103929,10309316,76604,6011065,25805,3964453,1520,333798,40388,1165016,0.144944,63224,4766908,0.59307,42919,5931924,0.738015,8037679
4,2021-05-14,104327,10413643,73723,6084788,28476,3992929,2128,335926,40247,1144143,0.142347,63779,4830687,0.601005,42906,5974830,0.743353,8037679
4,2021-05-15,85068,10498711,65816,6150604,17932,4010861,1320,337246,37616,1136160,0.141354,47210,4877897,0.606879,39227,6014057,0.748233,8037679
4,2021-05-16,51335,10550046,41371,6191975,9255,4020116,709,337955,21049,1127914,0.140328,30141,4908038,0.610629,21895,6035952,0.750957,8037679
4,2021-05-17,70824,10620870,51782,6243757,17202,4037318,1840,339795,28051,1115456,0.138778,42577,4950615,0.615926,30119,6066071,0.754704,8037679
4,2021-05-18,81311,10702181,52935,6296692,26630,4063948,1746,341541,29187,1094977,0.13623,51775,5002390,0.622367,31296,6097367,0.758598,8037679
4,2021-05-19,76408,10778589,51727,6348419,22743,4086691,1938,343479,30866,1082802,0.134716,45270,5047660,0.628,33095,6130462,0.762715,8037679
4,2021-05-20,68448,10847037,43950,6392369,22506,4109197,1992,345471,25373,1067712,0.132838,42797,5090457,0.633324,27707,6158169,0.766163,8037679
4,2021-05-21,73158,10920195,48303,6440672,22993,4132190,1862,347333,25878,1048715,0.130475,47002,5137459,0.639172,28005,6186174,0.769647,8037679
4,2021-05-22,49522,10969717,34764,6475436,13478,4145668,1280,348613,21633,1044113,0.129902,27737,5165196,0.642623,23135,6209309,0.772525,8037679
4,2021-05-23,23788,10993505,17066,6492502,6001,4151669,721,349334,9769,1040813,0.129492,13898,5179094,0.644352,10598,6219907,0.773844,8037679
4,2021-05-24,42911,11036416,27326,6519828,12590,4164259,2995,352329,15063,1031432,0.128325,27638,5206732,0.64779,18257,6238164,0.776115,8037679
4,2021-05-25,44718,11081134,27804,6547632,14100,4178359,2814,355143,15888,1021765,0.127122,28601,5235333,0.651349,18934,6257098,0.778471,8037679
4,2021-05-26,44344,11125478,26646,6574278,15104,4193463,2594,357737,15815,1012026,0.12591,28324,5263657,0.654873,18585,6275683,0.780783,8037679
4,2021-05-27,38727,11164205,23281,6597559,12317,4205780,3129,360866,14616,1006015,0.125162,23924,5287581,0.657849,17913,6293596,0.783012,8037679
4,2021-05-28,43092,11207297,27488,6625047,14005,4219785,1599,362465,18809,1002606,0.124738,24040,5311621,0.66084,20631,6314227,0.785578,8037679
4,2021-05-29,23555,11230852,15334,6640381,7288,4227073,933,363398,10848,1001940,0.124655,12579,5324200,0.662405,11913,6326140,0.787061,8037679
4,2021-05-30,12005,11242857,8429,6648810,3051,4230124,525,363923,5006,1000604,0.124489,6936,5331136,0.663268,5600,6331740,0.787757,8037679
4,2021-05-31,3546,11246403,2256,6651066,1131,4231255,159,364082,1136,999550,0.124358,2370,5333506,0.663563,1316,6333056,0.787921,8037679
4,2021-06-01,39280,11285683,24427,6675493,12413,4243668,2440,366522,13000,989134,0.123062,26072,5359578,0.666807,15656,6348712,0.789869,8037679
4,2021-06-02,32425,11318108,20288,6695781,9358,4253026,2779,369301,10851,981512,0.122114,21400,5380978,0.669469,13778,6362490,0.791583,8037679
4,2021-06-03,47852,11365960,36719,6732500,8682,4261708,2451,371752,10358,957287,0.1191,37341,5418319,0.674115,13116,6375606,0.793215,8037679
4,2021-06-04,54566,11420526,43951,6776451,9296,4271004,1319,373071,12749,930567,0.115776,41593,5459912,0.67929,14873,6390479,0.795065,8037679
4,2021-06-05,44575,11465101,38191,6814642,5389,4276393,995,374066,8747,904907,0.112583,35682,5495594,0.683729,10022,6400501,0.796312,8037679
4,2021-06-06,21142,11486243,18871,6833513,1710,4278103,561,374627,3966,892748,0.11107,17077,5512671,0.685854,4918,6405419,0.796924,8037679
4,2021-06-07,38556,11524799,31214,6864727,5431,4283534,1911,376538,8439,873393,0.108662,29989,5542660,0.689585,10634,6416053,0.798247,8037679
4,2021-06-08,40421,11565220,31734,6896461,6157,4289691,2530,379068,9462,854943,0.106367,30772,5573432,0.693413,12322,6428375,0.79978,8037679
4,2021-06-09,38781,11604001,30767,6927228,5663,4295354,2351,381419,7922,834878,0.103871,30694,5604126,0.697232,10629,6439004,0.801102,8037679
4,2021-06-10,36966,11640967,29146,6956374,5206,4300560,2614,384033,8552,818043,0.101776,28262,5632388,0.700748,11427,6450431,0.802524,8037679
4,2021-06-11,38098,11679065,29928,6986302,6164,4306724,2006,386039,9861,802174,0.099802,28084,5660472,0.704242,12215,6462646,0.804044,8037679
4,2021-06-12,26423,11705488,22010,7008312,3703,4310427,710,386749,6046,788876,0.098147,20272,5680744,0.706764,6974,6469620,0.804911,8037679
4,2021-06-13,10814,11716302,8542,7016854,1795,4312222,477,387226,2283,783277,0.097451,8465,5689209,0.707817,2866,6472486,0.805268,8037679
4,2021-06-14,28485,11744787,21307,7038161,4375,4316597,2803,390029,7769,773485,0.096232,20580,5709789,0.710378,10788,6483274,0.80661,8037679
4,2021-06-15,29827,11774614,21107,7059268,5326,4321923,3394,393423,8304,764065,0.09506,21372,5731161,0.713037,11952,6495226,0.808097,8037679
4,2021-06-16,26423,11801037,19911,7079179,3911,4325834,2601,396024,8017,756649,0.094138,18240,5749401,0.715306,10824,6506050,0.809444,8037679
4,2021-06-17,24984,11826021,18451,7097630,3663,4329497,2870,398894,7577,750056,0.093317,17225,5766626,0.717449,10632,6516682,0.810767,8037679
4,2021-06-18,26555,11852576,20944,7118574,4387,4333884,1224,400118,8216,741609,0.092267,18138,5784764,0.719706,9691,6526373,0.811972,8037679
4,2021-06-19,15691,11868267,12702,7131276,2295,4336179,694,400812,5053,737025,0.091696,10496,5795260,0.721012,5912,6532285,0.812708,8037679
4,2021-06-20,7347,11875614,6054,7137330,986,4337165,307,401119,2616,735356,0.091489,4672,5799932,0.721593,3003,6535288,0.813081,8037679
4,2021-06-21,14473,11890087,10464,7147794,2873,4340038,1136,402255,7329,736915,0.091683,7067,5806999,0.722472,8626,6543914,0.814155,8037679
4,2021-06-22,20359,11910446,15884,7163678,3407,4343445,1068,403323,7081,732056,0.091078,13159,5820158,0.724109,8300,6552214,0.815187,8037679
4,2021-06-23,18307,11928753,14368,7178046,2958,4346403,981,404304,6704,728386,0.090621,11478,5831636,0.725537,7808,6560022,0.816159,8037679
4,2021-06-24,17475,11946228,13533,7191579,2954,4349357,988,405292,6537,725261,0.090233,10790,5842426,0.72688,7665,6567687,0.817112,8037679
4,2021-06-25,21441,11967669,16868,7208447,3536,4352893,1037,406329,7762,720681,0.089663,13546,5855972,0.728565,8966,6576653,0.818228,8037679
4,2021-06-26,12964,11980633,10559,7219006,1790,4354683,615,406944,4792,718119,0.089344,8072,5864044,0.729569,5510,6582163,0.818913,8037679
4,2021-06-27,6811,11987444,5518,7224524,952,4355635,341,407285,2876,717490,0.089266,3900,5867944,0.730055,3271,6585434,0.81932,8037679
4,2021-06-28,14964,12002408,12577,7237101,1547,4357182,840,408125,6025,715614,0.089032,8860,5876804,0.731157,6984,6592418,0.820189,8037679
4,2021-06-29,16353,12018761,12695,7249796,2861,4360043,797,408922,6351,712983,0.088705,9898,5886702,0.732388,7267,6599685,0.821093,8037679
4,2021-06-30,14388,12033149,11231,7261027,2435,4362478,722,409644,5974,711470,0.088517,8317,5895019,0.733423,6804,6606489,0.82194,8037679
4,2021-07-01,14241,12047390,11250,7272277,2269,4364747,722,410366,5833,709856,0.088316,8304,5903323,0.734456,6690,6613179,0.822772,8037679
4,2021-07-02,16508,12063898,13122,7285399,2645,4367392,741,411107,6748,707798,0.08806,9669,5912992,0.735659,7611,6620790,0.823719,8037679
4,2021-07-03,9084,12072982,7216,7292615,1462,4368854,406,411513,3938,707124,0.087976,5076,5918068,0.736291,4402,6625192,0.824267,8037679
4,2021-07-04,420,12073402,256,7292871,104,4368958,60,411573,184,707146,0.087979,233,5918301,0.73632,255,6625447,0.824299,8037679
4,2021-07-05,9131,12082533,7442,7300313,1286,4370244,403,411976,4154,706853,0.087942,4903,5923204,0.73693,4610,6630057,0.824872,8037679
4,2021-07-06,16014,12098547,12648,7312961,2612,4372856,754,412730,5950,703705,0.087551,9948,5933152,0.738167,6800,6636857,0.825718,8037679
4,2021-07-07,9212,12107759,7094,7320055,1533,4374389,585,413315,3394,702023,0.087342,5754,5938906,0.738883,4072,6640929,0.826225,8037679
