hpiquartile,administered_date,total_doses,cumulative_total_doses,pfizer_doses,cumulative_pfizer_doses,moderna_doses,cumulative_moderna_doses,jj_doses,cumulative_jj_doses,partially_vaccinated,total_partially_vaccinated,pct_age16pop_partially_vaccinated,fully_vaccinated,cumulative_fully_vaccinated,pct_age16pop_fully_vaccinated,at_least_one_dose,cumulative_at_least_one_dose,pct_age16pop_at_least_one_dose,age16_population
1,2020-12-15,147,147,147,147,0,0,0,0,147,147,1.8e-05,0,0,0.0,147,147,1.8e-05,8051741
1,2020-12-16,1154,1301,1154,1301,0,0,0,0,1154,1301,0.000162,0,0,0.0,1154,1301,0.000162,8051741
1,2020-12-17,4104,5405,4104,5405,0,0,0,0,4105,5406,0.000671,0,0,0.0,4105,5406,0.000671,8051741
1,2020-12-18,6249,11654,6229,11634,20,20,0,0,6251,11657,0.001448,0,0,0.0,6251,11657,0.001448,8051741
1,2020-12-19,2868,14522,2867,14501,1,21,0,0,2866,14522,0.001804,1,1,0.0,2866,14523,0.001804,8051741
1,2020-12-20,2076,16598,2072,16573,4,25,0,0,2077,16599,0.002062,0,1,0.0,2077,16600,0.002062,8051741
1,2020-12-21,7599,24197,7585,24158,14,39,0,0,7651,24250,0.003012,0,1,0.0,7651,24251,0.003012,8051741
1,2020-12-22,7269,31466,6929,31087,340,379,0,0,7272,31521,0.003915,1,2,0.0,7272,31523,0.003915,8051741
1,2020-12-23,7797,39263,6577,37664,1220,1599,0,0,7794,39315,0.004883,0,2,0.0,7794,39317,0.004883,8051741
1,2020-12-24,3288,42551,2354,40018,934,2533,0,0,3290,42605,0.005291,0,2,0.0,3290,42607,0.005292,8051741
1,2020-12-25,232,42783,149,40167,83,2616,0,0,232,42837,0.00532,0,2,0.0,232,42839,0.00532,8051741
1,2020-12-26,1353,44136,966,41133,387,3003,0,0,1352,44188,0.005488,1,3,0.0,1352,44191,0.005488,8051741
1,2020-12-27,852,44988,527,41660,325,3328,0,0,852,45040,0.005594,0,3,0.0,852,45043,0.005594,8051741
1,2020-12-28,6992,51980,4738,46398,2254,5582,0,0,6991,52031,0.006462,0,3,0.0,6991,52034,0.006462,8051741
1,2020-12-29,8821,60801,4974,51372,3847,9429,0,0,8818,60848,0.007557,1,4,0.0,8818,60852,0.007558,8051741
1,2020-12-30,11559,72360,6467,57839,5092,14521,0,0,11559,72407,0.008993,0,4,0.0,11559,72411,0.008993,8051741
1,2020-12-31,5915,78275,1950,59789,3965,18486,0,0,5916,78323,0.009727,0,4,0.0,5916,78327,0.009728,8051741
1,2021-01-01,510,78785,172,59961,338,18824,0,0,510,78833,0.009791,0,4,0.0,510,78837,0.009791,8051741
1,2021-01-02,2871,81656,1740,61701,1131,19955,0,0,2873,81706,0.010148,0,4,0.0,2873,81710,0.010148,8051741
1,2021-01-03,1000,82656,534,62235,466,20421,0,0,999,82704,0.010272,1,5,1e-06,999,82709,0.010272,8051741
1,2021-01-04,7272,89928,3541,65776,3731,24152,0,0,7277,89980,0.011175,1,6,1e-06,7277,89986,0.011176,8051741
1,2021-01-05,10678,100606,5147,70923,5531,29683,0,0,9935,99206,0.012321,730,736,9.1e-05,9956,99942,0.012412,8051741
1,2021-01-06,13789,114395,6959,77882,6830,36513,0,0,11926,109315,0.013577,1823,2559,0.000318,11932,111874,0.013894,8051741
1,2021-01-07,17341,131736,9071,86953,8270,44783,0,0,12931,117942,0.014648,4310,6869,0.000853,12937,124811,0.015501,8051741
1,2021-01-08,19984,151720,10395,97348,9589,54372,0,0,14135,126251,0.01568,5831,12700,0.001577,14140,138951,0.017257,8051741
1,2021-01-09,6597,158317,3339,100687,3258,57630,0,0,4772,129216,0.016048,1811,14511,0.001802,4776,143727,0.01785,8051741
1,2021-01-10,3022,161339,1717,102404,1305,58935,0,0,1853,129917,0.016135,1153,15664,0.001945,1854,145581,0.018081,8051741
1,2021-01-11,17979,179318,11781,114185,6198,65133,0,0,11467,134930,0.016758,6485,22149,0.002751,11498,157079,0.019509,8051741
1,2021-01-12,18766,198084,10610,124795,8156,73289,0,0,12821,141880,0.017621,5903,28052,0.003484,12853,169932,0.021105,8051741
1,2021-01-13,19556,217640,10523,135318,9033,82322,0,0,14465,151286,0.018789,5069,33121,0.004114,14475,184407,0.022903,8051741
1,2021-01-14,21814,239454,9398,144716,12416,94738,0,0,19086,167742,0.020833,2668,35789,0.004445,19124,203531,0.025278,8051741
1,2021-01-15,25038,264492,9275,153991,15763,110501,0,0,23123,189045,0.023479,1861,37650,0.004676,23164,226695,0.028155,8051741
1,2021-01-16,13847,278339,4541,158532,9306,119807,0,0,13010,201219,0.024991,838,38488,0.00478,13012,239707,0.029771,8051741
1,2021-01-17,5157,283496,1980,160512,3177,122984,0,0,4792,205655,0.025542,361,38849,0.004825,4797,244504,0.030367,8051741
1,2021-01-18,14140,297636,8501,169013,5639,128623,0,0,11016,213595,0.026528,3112,41961,0.005211,11052,255556,0.031739,8051741
1,2021-01-19,24484,322120,12770,181783,11714,140337,0,0,19359,227889,0.028303,5111,47072,0.005846,19405,274961,0.034149,8051741
1,2021-01-20,27875,349995,13479,195262,14396,154733,0,0,22484,245033,0.030432,5370,52442,0.006513,22514,297475,0.036945,8051741
1,2021-01-21,30342,380337,14023,209285,16319,171052,0,0,27284,269373,0.033455,3005,55447,0.006886,27345,324820,0.040342,8051741
1,2021-01-22,27938,408275,11089,220374,16849,187901,0,0,25992,293485,0.03645,1905,57352,0.007123,26017,350837,0.043573,8051741
1,2021-01-23,18602,426877,8168,228542,10434,198335,0,0,16690,308286,0.038288,1900,59252,0.007359,16701,367538,0.045647,8051741
1,2021-01-24,6643,433520,4156,232698,2487,200822,0,0,6001,313653,0.038955,638,59890,0.007438,6005,373543,0.046393,8051741
1,2021-01-25,24690,458210,10234,242932,14456,215278,0,0,19273,327606,0.040688,5401,65291,0.008109,19354,392897,0.048797,8051741
1,2021-01-26,28233,486443,13274,256206,14959,230237,0,0,21777,342984,0.042597,6415,71706,0.008906,21793,414690,0.051503,8051741
1,2021-01-27,31284,517727,15296,271502,15988,246225,0,0,23535,358849,0.044568,7694,79400,0.009861,23559,438249,0.054429,8051741
1,2021-01-28,34158,551885,15970,287472,18188,264413,0,0,27490,379768,0.047166,6613,86013,0.010683,27532,465781,0.057848,8051741
1,2021-01-29,33157,585042,16295,303767,16862,281275,0,0,26747,400272,0.049712,6282,92295,0.011463,26786,492567,0.061175,8051741
1,2021-01-30,19948,604990,8621,312388,11327,292602,0,0,17967,416291,0.051702,1956,94251,0.011706,17975,510542,0.063408,8051741
1,2021-01-31,7581,612571,4981,317369,2600,295202,0,0,6852,422416,0.052463,728,94979,0.011796,6853,517395,0.064259,8051741
1,2021-02-01,28018,640589,12090,329459,15928,311130,0,0,20675,435794,0.054124,7301,102280,0.012703,20679,538074,0.066827,8051741
1,2021-02-02,31731,672320,11439,340898,20292,331422,0,0,23906,451966,0.056133,7766,110046,0.013667,23938,562012,0.0698,8051741
1,2021-02-03,38795,711115,14803,355701,23992,355414,0,0,28188,469694,0.058334,10487,120533,0.01497,28215,590227,0.073304,8051741
1,2021-02-04,43513,754628,17016,372717,26497,381911,0,0,31657,489640,0.060812,11756,132289,0.01643,31702,621929,0.077242,8051741
1,2021-02-05,46480,801108,17263,389980,29217,411128,0,0,30645,504606,0.06267,15721,148010,0.018382,30687,652616,0.081053,8051741
1,2021-02-06,26404,827512,10447,400427,15957,427085,0,0,20621,519503,0.064521,5739,153749,0.019095,20636,673252,0.083616,8051741
1,2021-02-07,6138,833650,3934,404361,2204,429289,0,0,4586,522569,0.064901,1537,155286,0.019286,4603,677855,0.084187,8051741
1,2021-02-08,30927,864577,14012,418373,16915,446204,0,0,20664,533147,0.066215,10162,165448,0.020548,20740,698595,0.086763,8051741
1,2021-02-09,37805,902382,16557,434930,21248,467452,0,0,23234,541983,0.067313,14466,179914,0.022345,23302,721897,0.089657,8051741
1,2021-02-10,46421,948803,21973,456903,24448,491900,0,0,26925,549617,0.068261,19365,199279,0.02475,26999,748896,0.09301,8051741
1,2021-02-11,50211,999014,24723,481626,25488,517388,0,0,30699,561084,0.069685,19324,218603,0.02715,30791,779687,0.096835,8051741
1,2021-02-12,49142,1048156,21251,502877,27891,545279,0,0,28394,568976,0.070665,20629,239232,0.029712,28521,808208,0.100377,8051741
1,2021-02-13,25974,1074130,11292,514169,14682,559961,0,0,15063,573268,0.071198,10846,250078,0.031059,15138,823346,0.102257,8051741
1,2021-02-14,11557,1085687,5453,519622,6104,566065,0,0,6596,575036,0.071418,4935,255013,0.031672,6703,830049,0.103089,8051741
1,2021-02-15,23251,1108938,9214,528836,14037,580102,0,0,14170,580371,0.07208,8995,264008,0.032789,14330,844379,0.104869,8051741
1,2021-02-16,46186,1155124,22070,550906,24116,604218,0,0,27343,589115,0.073166,18787,282795,0.035122,27531,871910,0.108288,8051741
1,2021-02-17,47390,1202514,23974,574880,23416,627634,0,0,25868,593765,0.073744,21426,304221,0.037783,26076,897986,0.111527,8051741
1,2021-02-18,49836,1252350,24917,599797,24919,652553,0,0,26079,596568,0.074092,23570,327791,0.040711,26373,924359,0.114802,8051741
1,2021-02-19,44745,1297095,24170,623967,20575,673128,0,0,25510,603003,0.074891,19135,346926,0.043087,25570,949929,0.117978,8051741
1,2021-02-20,26199,1323294,15937,639904,10262,683390,0,0,15088,607088,0.075398,11078,358004,0.044463,15163,965092,0.119861,8051741
1,2021-02-21,9574,1332868,8362,648266,1212,684602,0,0,5840,609373,0.075682,3698,361702,0.044922,5983,971075,0.120604,8051741
1,2021-02-22,29636,1362504,19495,667761,10141,694743,0,0,17471,614905,0.076369,12122,373824,0.046428,17654,988729,0.122797,8051741
1,2021-02-23,41693,1404197,20006,687767,21687,716430,0,0,23216,620148,0.07702,18366,392190,0.048709,23609,1012338,0.125729,8051741
1,2021-02-24,52136,1456333,25176,712943,26960,743390,0,0,29420,627430,0.077925,22631,414821,0.051519,29913,1042251,0.129444,8051741
1,2021-02-25,63331,1519664,30413,743356,32918,776308,0,0,39533,643790,0.079957,23709,438530,0.054464,40069,1082320,0.134421,8051741
1,2021-02-26,71210,1590874,33528,776884,37682,813990,0,0,47304,667785,0.082937,23775,462305,0.057417,47770,1130090,0.140353,8051741
1,2021-02-27,47989,1638863,21330,798214,26653,840643,6,6,31820,683803,0.084926,16075,478380,0.059413,32093,1162183,0.144339,8051741
1,2021-02-28,18856,1657719,11187,809401,7669,848312,0,6,13992,693208,0.086094,4817,483197,0.060011,14222,1176405,0.146106,8051741
1,2021-03-01,42839,1700558,19540,828941,23292,871604,7,13,27940,706621,0.08776,14817,498014,0.061852,28230,1204635,0.149612,8051741
1,2021-03-02,58011,1758569,23787,852728,34219,905823,5,18,36892,723232,0.089823,21040,519054,0.064465,37651,1242286,0.154288,8051741
1,2021-03-03,66994,1825563,31375,884103,35608,941431,11,29,40499,738130,0.091673,26386,545440,0.067742,41284,1283570,0.159415,8051741
1,2021-03-04,74568,1900131,34399,918502,40138,981569,31,60,47735,759754,0.094359,26694,572134,0.071057,48318,1331888,0.165416,8051741
1,2021-03-05,73524,1973655,32741,951243,40585,1022154,198,258,48910,785237,0.097524,24442,596576,0.074093,49925,1381813,0.171617,8051741
1,2021-03-06,55963,2029618,26454,977697,28186,1050340,1323,1581,38023,807272,0.100261,17885,614461,0.076314,39920,1421733,0.176575,8051741
1,2021-03-07,19337,2048955,12215,989912,6340,1056680,782,2363,14491,818002,0.101593,4835,619296,0.076915,15565,1437298,0.178508,8051741
1,2021-03-08,42734,2091689,20146,1010058,20736,1077416,1852,4215,29774,837061,0.10396,12902,632198,0.078517,31961,1469259,0.182477,8051741
1,2021-03-09,59329,2151018,25787,1035845,31088,1108504,2454,6669,35560,852027,0.105819,23695,655893,0.08146,38661,1507920,0.187279,8051741
1,2021-03-10,69888,2220906,34325,1070170,31344,1139848,4219,10888,43204,873379,0.108471,26586,682479,0.084762,47938,1555858,0.193232,8051741
1,2021-03-11,86683,2307589,39370,1109540,39588,1179436,7725,18613,50936,897058,0.111412,35551,718030,0.089177,59230,1615088,0.200589,8051741
1,2021-03-12,93243,2400832,40141,1149681,40892,1220328,12210,30823,53789,924253,0.114789,39296,757326,0.094057,66491,1681579,0.208847,8051741
1,2021-03-13,62723,2463555,28083,1177764,26999,1247327,7641,38464,40010,949644,0.117943,22618,779944,0.096867,48009,1729588,0.214809,8051741
1,2021-03-14,26600,2490155,14227,1191991,8914,1256241,3459,41923,15730,958212,0.119007,10826,790770,0.098211,19394,1748982,0.217218,8051741
1,2021-03-15,63006,2553161,27294,1219285,29152,1285393,6560,48483,37336,976945,0.121333,25535,816305,0.101382,44268,1793250,0.222716,8051741
1,2021-03-16,82939,2636100,37055,1256340,40404,1325797,5483,53966,52125,1004343,0.124736,30685,846990,0.105193,58083,1851333,0.22993,8051741
1,2021-03-17,89032,2725132,42540,1298880,39996,1365793,6496,60462,57161,1036724,0.128758,31747,878737,0.109136,64128,1915461,0.237894,8051741
1,2021-03-18,93176,2818308,47445,1346325,40238,1406031,5493,65955,57647,1065303,0.132307,35269,914006,0.113517,63848,1979309,0.245824,8051741
1,2021-03-19,98682,2916990,50909,1397234,41719,1447750,6054,72009,58908,1091267,0.135532,39558,953564,0.11843,65522,2044831,0.253961,8051741
1,2021-03-20,69007,2985997,35502,1432736,28584,1476334,4921,76930,45523,1118678,0.138936,23357,976921,0.12133,50768,2095599,0.260267,8051741
1,2021-03-21,25677,3011674,17740,1450476,6181,1482515,1756,78686,16675,1128350,0.140137,8945,985866,0.122441,18617,2114216,0.262579,8051741
1,2021-03-22,56554,3068228,29374,1479850,24040,1506555,3140,81826,38765,1152950,0.143193,17662,1003528,0.124635,42262,2156478,0.267828,8051741
1,2021-03-23,79720,3147948,40401,1520251,35887,1542442,3432,85258,51926,1181173,0.146698,27637,1031165,0.128067,55860,2212338,0.274765,8051741
1,2021-03-24,83844,3231792,42282,1562533,37380,1579822,4182,89440,51468,1204964,0.149653,32199,1063364,0.132066,55990,2268328,0.281719,8051741
1,2021-03-25,91661,3323453,46216,1608749,39994,1619816,5451,94891,53368,1225946,0.152258,38073,1101437,0.136795,59055,2327383,0.289053,8051741
1,2021-03-26,99836,3423289,48037,1656786,45693,1665509,6106,100997,56007,1244818,0.154602,43585,1145022,0.142208,62457,2389840,0.29681,8051741
1,2021-03-27,70208,3493497,36320,1693106,30220,1695729,3668,104665,36913,1252491,0.155555,33122,1178144,0.146322,40795,2430635,0.301877,8051741
1,2021-03-28,31107,3524604,20003,1713109,9908,1705637,1196,105861,16596,1256184,0.156014,14430,1192574,0.148114,18123,2448758,0.304128,8051741
1,2021-03-29,64374,3588978,32090,1745199,29564,1735201,2720,108581,36998,1268877,0.15759,27252,1219826,0.151498,39945,2488703,0.309089,8051741
1,2021-03-30,87909,3676887,42858,1788057,39223,1774424,5828,114409,50315,1287698,0.159928,37481,1257307,0.156153,56302,2545005,0.316081,8051741
1,2021-03-31,96302,3773189,50231,1838288,40390,1814814,5681,120090,55483,1308381,0.162497,40598,1297905,0.161196,61281,2606286,0.323692,8051741
1,2021-04-01,105169,3878358,50380,1888668,46897,1861711,7892,127982,55030,1321516,0.164128,49899,1347804,0.167393,63034,2669320,0.331521,8051741
1,2021-04-02,104505,3982863,47301,1935969,48072,1909783,9132,137114,54139,1335013,0.165804,50045,1397849,0.173608,63542,2732862,0.339413,8051741
1,2021-04-03,74389,4057252,36939,1972908,28331,1938114,9119,146233,35451,1340928,0.166539,38815,1436664,0.178429,44730,2777592,0.344968,8051741
1,2021-04-04,23392,4080644,11635,1984543,8347,1946461,3410,149643,10167,1341336,0.16659,13188,1449852,0.180067,13596,2791188,0.346656,8051741
1,2021-04-05,71740,4152384,34709,2019252,28236,1974697,8795,158438,33904,1346608,0.167244,37707,1487559,0.18475,42979,2834167,0.351994,8051741
1,2021-04-06,100320,4252704,47335,2066587,36739,2011436,16246,174684,46051,1355043,0.168292,54072,1541631,0.191466,62507,2896674,0.359757,8051741
1,2021-04-07,107490,4360194,51894,2118481,38505,2049941,17091,191775,49737,1364607,0.16948,57555,1599186,0.198614,67119,2963793,0.368093,8051741
1,2021-04-08,117370,4477564,55148,2173629,41938,2091879,20284,212059,52932,1373834,0.170626,64159,1663345,0.206582,73386,3037179,0.377208,8051741
1,2021-04-09,115335,4592899,52041,2225670,43336,2135215,19958,232017,51607,1382153,0.171659,63457,1726802,0.214463,71776,3108955,0.386122,8051741
1,2021-04-10,91790,4684689,41143,2266813,28551,2163766,22096,254113,36435,1385587,0.172085,55195,1781997,0.221318,58629,3167584,0.393404,8051741
1,2021-04-11,34521,4719210,19059,2285872,9041,2172807,6421,260534,14271,1386366,0.172182,20189,1802186,0.223826,20968,3188552,0.396008,8051741
1,2021-04-12,71360,4790570,32022,2317894,29881,2202688,9457,269991,30935,1386730,0.172227,40223,1842409,0.228821,40587,3229139,0.401049,8051741
1,2021-04-13,93143,4883713,49301,2367195,43521,2246209,321,270312,50073,1394810,0.173231,42872,1885281,0.234146,50952,3280091,0.407377,8051741
1,2021-04-14,98552,4982265,51235,2418430,47259,2293468,58,270370,50416,1397980,0.173625,47848,1933129,0.240088,51018,3331109,0.413713,8051741
1,2021-04-15,99126,5081391,53838,2472268,45220,2338688,68,270438,53251,1406329,0.174661,45425,1978554,0.24573,53774,3384883,0.420391,8051741
1,2021-04-16,102908,5184299,53173,2525441,49650,2388338,85,270523,52042,1408230,0.174898,50530,2029084,0.252006,52431,3437314,0.426903,8051741
1,2021-04-17,77256,5261555,42385,2567826,34866,2423204,5,270528,43427,1418238,0.176141,33671,2062755,0.256187,43679,3480993,0.432328,8051741
1,2021-04-18,27613,5289168,18229,2586055,9378,2432582,6,270534,14527,1420029,0.176363,13016,2075771,0.257804,14807,3495800,0.434167,8051741
1,2021-04-19,63021,5352189,32180,2618235,30813,2463395,28,270562,28745,1415047,0.175744,33999,2109770,0.262027,29017,3524817,0.437771,8051741
1,2021-04-20,82535,5434724,41283,2659518,41236,2504631,16,270578,39503,1412311,0.175404,42772,2152542,0.267339,40036,3564853,0.442743,8051741
1,2021-04-21,89121,5523845,45862,2705380,43172,2547803,87,270665,40791,1406081,0.174631,47930,2200472,0.273291,41700,3606553,0.447922,8051741
1,2021-04-22,88374,5612219,46652,2752032,41711,2589514,11,270676,41244,1401320,0.174039,46788,2247260,0.279102,42027,3648580,0.453142,8051741
1,2021-04-23,85555,5697774,44463,2796495,41063,2630577,29,270705,40741,1398276,0.173661,44457,2291717,0.284624,41413,3689993,0.458285,8051741
1,2021-04-24,61879,5759653,40118,2836613,21748,2652325,13,270718,36354,1409794,0.175092,25385,2317102,0.287777,36903,3726896,0.462868,8051741
1,2021-04-25,20877,5780530,12902,2849515,7971,2660296,4,270722,11964,1413093,0.175502,8874,2325976,0.288879,12173,3739069,0.46438,8051741
1,2021-04-26,32131,5812661,18292,2867807,13716,2674012,123,270845,15516,1412603,0.175441,16504,2342480,0.290928,16014,3755083,0.466369,8051741
2,2020-12-15,232,232,232,232,0,0,0,0,232,232,2.9e-05,0,0,0.0,232,232,2.9e-05,7897587
2,2020-12-16,1924,2156,1924,2156,0,0,0,0,1924,2156,0.000273,0,0,0.0,1924,2156,0.000273,7897587
2,2020-12-17,6659,8815,6659,8815,0,0,0,0,6660,8816,0.001116,0,0,0.0,6660,8816,0.001116,7897587
2,2020-12-18,10822,19637,10803,19618,19,19,0,0,10822,19638,0.002487,0,0,0.0,10822,19638,0.002487,7897587
2,2020-12-19,5571,25208,5566,25184,5,24,0,0,5573,25211,0.003192,0,0,0.0,5573,25211,0.003192,7897587
2,2020-12-20,4219,29427,4212,29396,7,31,0,0,4216,29427,0.003726,0,0,0.0,4216,29427,0.003726,7897587
2,2020-12-21,12775,42202,12751,42147,24,55,0,0,12729,42156,0.005338,0,0,0.0,12729,42156,0.005338,7897587
2,2020-12-22,12035,54237,11527,53674,508,563,0,0,12035,54191,0.006862,0,0,0.0,12035,54191,0.006862,7897587
2,2020-12-23,11594,65831,9407,63081,2187,2750,0,0,11596,65787,0.00833,0,0,0.0,11596,65787,0.00833,7897587
2,2020-12-24,5846,71677,3490,66571,2356,5106,0,0,5843,71630,0.00907,0,0,0.0,5843,71630,0.00907,7897587
2,2020-12-25,477,72154,401,66972,76,5182,0,0,478,72108,0.00913,0,0,0.0,478,72108,0.00913,7897587
2,2020-12-26,2560,74714,1666,68638,894,6076,0,0,2562,74670,0.009455,0,0,0.0,2562,74670,0.009455,7897587
2,2020-12-27,2208,76922,1196,69834,1012,7088,0,0,2206,76875,0.009734,1,1,0.0,2206,76876,0.009734,7897587
2,2020-12-28,10889,87811,7073,76907,3816,10904,0,0,10889,87763,0.011113,1,2,0.0,10889,87765,0.011113,7897587
2,2020-12-29,12672,100483,7184,84091,5488,16392,0,0,12676,100439,0.012718,0,2,0.0,12676,100441,0.012718,7897587
2,2020-12-30,15304,115787,8625,92716,6679,23071,0,0,15320,115758,0.014657,1,3,0.0,15320,115761,0.014658,7897587
2,2020-12-31,7442,123229,2754,95470,4688,27759,0,0,7440,123197,0.015599,1,4,1e-06,7440,123201,0.0156,7897587
2,2021-01-01,1083,124312,523,95993,560,28319,0,0,1084,124280,0.015736,1,5,1e-06,1084,124285,0.015737,7897587
2,2021-01-02,4804,129116,2753,98746,2051,30370,0,0,4802,129082,0.016344,0,5,1e-06,4802,129087,0.016345,7897587
2,2021-01-03,1379,130495,786,99532,593,30963,0,0,1374,130453,0.016518,3,8,1e-06,1374,130461,0.016519,7897587
2,2021-01-04,11455,141950,5425,104957,6030,36993,0,0,11443,141892,0.017967,4,12,2e-06,11443,141904,0.017968,7897587
2,2021-01-05,13742,155692,6864,111821,6878,43871,0,0,12572,153328,0.019415,1165,1177,0.000149,12601,154505,0.019564,7897587
2,2021-01-06,18786,174478,10393,122214,8393,52264,0,0,15099,164789,0.020866,3643,4820,0.00061,15104,169609,0.021476,7897587
2,2021-01-07,22801,197279,12826,135040,9975,62239,0,0,15539,173053,0.021912,7287,12107,0.001533,15551,185160,0.023445,7897587
2,2021-01-08,26167,223446,15941,150981,10226,72465,0,0,16147,179224,0.022694,9991,22098,0.002798,16162,201322,0.025492,7897587
2,2021-01-09,9539,232985,5546,156527,3993,76458,0,0,6168,182005,0.023046,3391,25489,0.003227,6172,207494,0.026273,7897587
2,2021-01-10,5252,238237,2911,159438,2341,78799,0,0,3046,182826,0.02315,2229,27718,0.00351,3050,210544,0.026659,7897587
2,2021-01-11,25861,264098,17817,177255,8044,86843,0,0,14940,186849,0.023659,10955,38673,0.004897,14978,225522,0.028556,7897587
2,2021-01-12,25903,290001,16106,193361,9797,96640,0,0,16449,193882,0.02455,9483,48156,0.006098,16516,242038,0.030647,7897587
2,2021-01-13,28122,318123,14835,208196,13287,109927,0,0,20255,206298,0.026122,7861,56017,0.007093,20277,262315,0.033215,7897587
2,2021-01-14,29923,348046,11360,219556,18563,128490,0,0,25769,227930,0.028861,4181,60198,0.007622,25813,288128,0.036483,7897587
2,2021-01-15,35007,383053,12913,232469,22094,150584,0,0,31803,256571,0.032487,3219,63417,0.00803,31860,319988,0.040517,7897587
2,2021-01-16,17523,400576,5602,238071,11921,162505,0,0,16218,271469,0.034374,1330,64747,0.008198,16228,336216,0.042572,7897587
2,2021-01-17,10546,411122,3522,241593,7024,169529,0,0,9844,280593,0.035529,727,65474,0.00829,9851,346067,0.043819,7897587
2,2021-01-18,19610,430732,10983,252576,8627,178156,0,0,14892,290794,0.036821,4734,70208,0.00889,14935,361002,0.04571,7897587
2,2021-01-19,32121,462853,16764,269340,15357,193513,0,0,24170,307117,0.038887,7956,78164,0.009897,24279,385281,0.048785,7897587
2,2021-01-20,36310,499163,17940,287280,18370,211883,0,0,27841,326590,0.041353,8451,86615,0.010967,27924,413205,0.05232,7897587
2,2021-01-21,40316,539479,17125,304405,23191,235074,0,0,35953,358350,0.045375,4343,90958,0.011517,36103,449308,0.056892,7897587
2,2021-01-22,38875,578354,16177,320582,22698,257772,0,0,35612,390726,0.049474,3266,94224,0.011931,35642,484950,0.061405,7897587
2,2021-01-23,23886,602240,10802,331384,13084,270856,0,0,20942,408777,0.05176,2919,97143,0.0123,20970,505920,0.06406,7897587
2,2021-01-24,12415,614655,6152,337536,6263,277119,0,0,11507,419399,0.053105,895,98038,0.012414,11517,517437,0.065518,7897587
2,2021-01-25,33421,648076,15474,353010,17947,295066,0,0,24768,435652,0.055163,8631,106669,0.013507,24884,542321,0.068669,7897587
2,2021-01-26,39989,688065,19783,372793,20206,315272,0,0,31123,458003,0.057993,8846,115515,0.014627,31197,573518,0.072619,7897587
2,2021-01-27,44701,732766,22814,395607,21887,337159,0,0,34924,483296,0.061195,9686,125201,0.015853,34979,608497,0.077048,7897587
2,2021-01-28,47480,780246,22332,417939,25148,362307,0,0,39037,513999,0.065083,8395,133596,0.016916,39098,647595,0.081999,7897587
2,2021-01-29,45217,825463,22122,440061,23095,385402,0,0,36728,542388,0.068678,8397,141993,0.017979,36786,684381,0.086657,7897587
2,2021-01-30,31061,856524,13483,453544,17578,402980,0,0,27853,567104,0.071807,3171,145164,0.018381,27887,712268,0.090188,7897587
2,2021-01-31,17532,874056,10642,464186,6890,409870,0,0,16320,582250,0.073725,1194,146358,0.018532,16340,728608,0.092257,7897587
2,2021-02-01,39997,914053,19123,483309,20874,430744,0,0,29697,601706,0.076189,10274,156632,0.019833,29730,758338,0.096021,7897587
2,2021-02-02,47588,961641,19727,503036,27861,458605,0,0,36216,626716,0.079355,11300,167932,0.021264,36310,794648,0.100619,7897587
2,2021-02-03,53440,1015081,23755,526791,29685,488290,0,0,39742,652925,0.082674,13611,181543,0.022987,39820,834468,0.105661,7897587
2,2021-02-04,55644,1070725,24203,550994,31441,519731,0,0,40805,679066,0.085984,14752,196295,0.024855,40893,875361,0.110839,7897587
2,2021-02-05,59259,1129984,26278,577272,32981,552712,0,0,40297,700749,0.08873,18798,215093,0.027235,40481,915842,0.115965,7897587
2,2021-02-06,38715,1168699,18115,595387,20600,573312,0,0,31222,724624,0.091753,7425,222518,0.028175,31300,947142,0.119928,7897587
2,2021-02-07,15894,1184593,10654,606041,5240,578552,0,0,12040,732896,0.0928,3831,226349,0.028661,12103,959245,0.121461,7897587
2,2021-02-08,42852,1227445,22044,628085,20808,599360,0,0,29609,749549,0.094909,13145,239494,0.030325,29798,989043,0.125234,7897587
2,2021-02-09,48883,1276328,23357,651442,25526,624886,0,0,30774,762610,0.096562,18026,257520,0.032607,31087,1020130,0.12917,7897587
2,2021-02-10,59057,1335385,27929,679371,31128,656014,0,0,34681,773464,0.097937,24168,281688,0.035668,35022,1055152,0.133604,7897587
2,2021-02-11,63198,1398583,29317,708688,33881,689895,0,0,35739,782494,0.09908,27182,308870,0.039109,36212,1091364,0.13819,7897587
2,2021-02-12,64241,1462824,27741,736429,36500,726395,0,0,34440,787957,0.099772,29616,338486,0.042859,35079,1126443,0.142631,7897587
2,2021-02-13,37355,1500179,15684,752113,21671,748066,0,0,21656,794373,0.100584,15616,354102,0.044837,22032,1148475,0.145421,7897587
2,2021-02-14,19856,1520035,9318,761431,10538,758604,0,0,11204,797382,0.100965,8616,362718,0.045928,11625,1160100,0.146893,7897587
2,2021-02-15,32697,1552732,14784,776215,17913,776517,0,0,18280,802182,0.101573,14318,377036,0.047741,19118,1179218,0.149314,7897587
2,2021-02-16,55507,1608239,27542,803757,27965,804482,0,0,29267,806152,0.102076,26167,403203,0.051054,30137,1209355,0.15313,7897587
2,2021-02-17,60652,1668891,31443,835200,29209,833691,0,0,30166,807025,0.102186,30439,433642,0.054908,31312,1240667,0.157094,7897587
2,2021-02-18,65081,1733972,33209,868409,31872,865563,0,0,31943,807513,0.102248,32956,466598,0.059081,33444,1274111,0.161329,7897587
2,2021-02-19,58243,1792215,32427,900836,25816,891379,0,0,29065,808216,0.102337,29063,495661,0.062761,29766,1303877,0.165098,7897587
2,2021-02-20,36662,1828877,23960,924796,12702,904081,0,0,19954,812518,0.102882,16646,512307,0.064869,20948,1324825,0.167751,7897587
2,2021-02-21,17762,1846639,14346,939142,3416,907497,0,0,8730,813661,0.103027,8977,521284,0.066005,10120,1334945,0.169032,7897587
2,2021-02-22,36877,1883516,25400,964542,11477,918974,0,0,17677,813477,0.103003,19114,540398,0.068426,18930,1353875,0.171429,7897587
2,2021-02-23,50398,1933914,25737,990279,24661,943635,0,0,22144,810265,0.102597,28094,568492,0.071983,24882,1378757,0.17458,7897587
2,2021-02-24,67525,2001439,34772,1025051,32753,976388,0,0,31192,808582,0.102383,36212,604704,0.076568,34529,1413286,0.178952,7897587
2,2021-02-25,72637,2074076,34008,1059059,38629,1015017,0,0,36885,813537,0.103011,35562,640266,0.081071,40517,1453803,0.184082,7897587
2,2021-02-26,80874,2154950,34670,1093729,46204,1061221,0,0,43874,822896,0.104196,36782,677048,0.085728,46141,1499944,0.189924,7897587
2,2021-02-27,58431,2213381,26582,1120311,31845,1093066,4,4,31901,829935,0.105087,26361,703409,0.089066,33400,1533344,0.194153,7897587
2,2021-02-28,28800,2242181,17279,1137590,11520,1104586,1,5,16850,836507,0.105919,11879,715288,0.09057,18451,1551795,0.19649,7897587
2,2021-03-01,54930,2297111,28835,1166425,26081,1130667,14,19,30085,843809,0.106844,24672,739960,0.093694,31974,1583769,0.200538,7897587
2,2021-03-02,64087,2361198,29711,1196136,34373,1165040,3,22,35800,854484,0.108196,28194,768154,0.097264,38869,1622638,0.20546,7897587
2,2021-03-03,76886,2438084,37063,1233199,39817,1204857,6,28,43168,867253,0.109812,33570,801724,0.101515,46339,1668977,0.211327,7897587
2,2021-03-04,84322,2522406,41119,1274318,43177,1248034,26,54,48941,883791,0.111906,35237,836961,0.105977,51775,1720752,0.217883,7897587
2,2021-03-05,77967,2600373,36490,1310808,41184,1289218,293,347,47750,904224,0.114494,30053,867014,0.109782,50486,1771238,0.224276,7897587
2,2021-03-06,60982,2661355,29690,1340498,29640,1318858,1652,1999,37420,921425,0.116672,23472,890486,0.112754,40673,1811911,0.229426,7897587
2,2021-03-07,26697,2688052,15455,1355953,10306,1329164,936,2935,17087,931302,0.117922,9555,900041,0.113964,19432,1831343,0.231886,7897587
2,2021-03-08,48542,2736594,22092,1378045,24035,1353199,2415,5350,30532,947978,0.120034,17918,917959,0.116233,34594,1865937,0.236267,7897587
2,2021-03-09,62593,2799187,25702,1403747,33157,1386356,3734,9084,33287,957759,0.121272,29198,947157,0.11993,38979,1904916,0.241202,7897587
2,2021-03-10,74323,2873510,34832,1438579,33340,1419696,6151,15235,39413,970398,0.122873,34748,981905,0.12433,47387,1952303,0.247202,7897587
2,2021-03-11,90130,2963640,41330,1479909,40692,1460388,8108,23343,47446,985428,0.124776,42453,1024358,0.129705,57483,2009786,0.254481,7897587
2,2021-03-12,91168,3054808,37505,1517414,41903,1502291,11760,35103,45727,999022,0.126497,45281,1069639,0.135439,58875,2068661,0.261936,7897587
2,2021-03-13,66941,3121749,28007,1545421,31145,1533436,7789,42892,36984,1015242,0.128551,29863,1099502,0.13922,46083,2114744,0.267771,7897587
2,2021-03-14,35310,3157059,17739,1563160,13147,1546583,4424,47316,18647,1022506,0.129471,16591,1116093,0.141321,23855,2138599,0.270791,7897587
2,2021-03-15,65821,3222880,29596,1592756,31302,1577885,4923,52239,36599,1036114,0.131194,29048,1145141,0.144999,42656,2181255,0.276193,7897587
2,2021-03-16,84554,3307434,37212,1629968,43417,1621302,3925,56164,51914,1060884,0.13433,32501,1177642,0.149114,57271,2238526,0.283444,7897587
2,2021-03-17,90064,3397498,43124,1673092,42991,1664293,3949,60113,57635,1091343,0.138187,32233,1209875,0.153196,62692,2301218,0.291382,7897587
2,2021-03-18,94615,3492113,44630,1717722,45602,1709895,4383,64496,58576,1119550,0.141758,35785,1245660,0.157727,63992,2365210,0.299485,7897587
2,2021-03-19,94730,3586843,44567,1762289,44165,1754060,5998,70494,57094,1145944,0.145101,37417,1283077,0.162464,63811,2429021,0.307565,7897587
2,2021-03-20,68119,3654962,32648,1794937,31614,1785674,3857,74351,45468,1173340,0.148569,22475,1305552,0.16531,49871,2478892,0.31388,7897587
2,2021-03-21,32356,3687318,20821,1815758,9584,1795258,1951,76302,20554,1185051,0.150052,11722,1317274,0.166794,23433,2502325,0.316847,7897587
2,2021-03-22,61224,3748542,33549,1849307,25131,1820389,2544,78846,41515,1210651,0.153294,19555,1336829,0.169271,45155,2547480,0.322564,7897587
2,2021-03-23,81358,3829900,42851,1892158,35708,1856097,2799,81645,53808,1240860,0.157119,27347,1364176,0.172733,57556,2605036,0.329852,7897587
2,2021-03-24,89398,3919298,48147,1940305,38200,1894297,3051,84696,53721,1263558,0.159993,35449,1399625,0.177222,58147,2663183,0.337215,7897587
2,2021-03-25,98194,4017492,49149,1989454,45326,1939623,3719,88415,56815,1283747,0.162549,41122,1440747,0.182429,61311,2724494,0.344978,7897587
2,2021-03-26,100161,4117653,49575,2039029,47182,1986805,3404,91819,56613,1301616,0.164812,43255,1484002,0.187906,61124,2785618,0.352718,7897587
2,2021-03-27,73447,4191100,36493,2075522,33749,2020554,3205,95024,37979,1308382,0.165669,35294,1519296,0.192375,42060,2827678,0.358043,7897587
2,2021-03-28,36673,4227773,22438,2097960,13432,2033986,803,95827,20721,1314780,0.166479,15864,1535160,0.194383,22262,2849940,0.360862,7897587
2,2021-03-29,69336,4297109,35291,2133251,31897,2065883,2148,97975,40738,1330103,0.168419,28460,1563620,0.197987,43783,2893723,0.366406,7897587
2,2021-03-30,89087,4386196,43307,2176558,41791,2107674,3989,101964,54936,1355639,0.171652,34000,1597620,0.202292,59536,2953259,0.373944,7897587
2,2021-03-31,98461,4484657,50610,2227168,42993,2150667,4858,106822,58511,1379643,0.174692,39756,1637376,0.207326,63760,3017019,0.382018,7897587
2,2021-04-01,113205,4597862,54545,2281713,50098,2200765,8562,115384,62567,1400847,0.177377,50416,1687792,0.21371,71620,3088639,0.391086,7897587
2,2021-04-02,107946,4705808,49816,2331529,48484,2249249,9646,125030,58947,1421229,0.179957,48708,1736500,0.219877,69090,3157729,0.399835,7897587
2,2021-04-03,74188,4779996,36309,2367838,28529,2277778,9350,134380,37266,1431618,0.181273,36754,1773254,0.224531,47143,3204872,0.405804,7897587
2,2021-04-04,28563,4808559,14689,2382527,10104,2287882,3770,138150,13154,1433276,0.181483,15351,1788605,0.226475,17009,3221881,0.407958,7897587
2,2021-04-05,77061,4885620,38121,2420648,30507,2318389,8433,146583,38161,1442000,0.182587,38792,1827397,0.231387,47516,3269397,0.413974,7897587
2,2021-04-06,101027,4986647,49422,2470070,37432,2355821,14173,160756,48740,1453537,0.184048,52091,1879488,0.237983,63628,3333025,0.422031,7897587
2,2021-04-07,107818,5094465,54020,2524090,38020,2393841,15778,176534,51627,1465848,0.185607,55984,1935472,0.245071,68295,3401320,0.430678,7897587
2,2021-04-08,115947,5210412,56188,2580278,41656,2435497,18103,194637,54552,1478012,0.187147,61167,1996639,0.252816,73331,3474651,0.439964,7897587
2,2021-04-09,115275,5325687,55759,2636037,42028,2477525,17488,212125,55219,1492095,0.18893,59791,2056430,0.260387,73874,3548525,0.449318,7897587
2,2021-04-10,83715,5409402,36704,2672741,29397,2506922,17614,229739,34860,1496684,0.189512,48703,2105133,0.266554,53292,3601817,0.456066,7897587
2,2021-04-11,42471,5451873,22273,2695014,11875,2518797,8323,238062,17654,1498959,0.1898,24738,2129871,0.269686,27013,3628830,0.459486,7897587
2,2021-04-12,78042,5529915,36466,2731480,32504,2551301,9072,247134,35285,1501779,0.190157,42555,2172426,0.275075,45375,3674205,0.465231,7897587
2,2021-04-13,98801,5628716,51194,2782674,47371,2598672,236,247370,54380,1513361,0.191623,44222,2216648,0.280674,55804,3730009,0.472297,7897587
2,2021-04-14,103150,5731866,54137,2836811,48972,2647644,41,247411,53507,1519463,0.192396,49437,2266085,0.286934,55539,3785548,0.47933,7897587
2,2021-04-15,108453,5840319,57814,2894625,50577,2698221,62,247473,57257,1527576,0.193423,50911,2316996,0.29338,59024,3844572,0.486803,7897587
2,2021-04-16,106067,5946386,55500,2950125,50520,2748741,47,247520,54491,1531989,0.193982,51353,2368349,0.299883,55766,3900338,0.493865,7897587
2,2021-04-17,78344,6024730,40345,2990470,37995,2786736,4,247524,43595,1542130,0.195266,34587,2402936,0.304262,44728,3945066,0.499528,7897587
2,2021-04-18,33248,6057978,19824,3010294,13422,2800158,2,247526,16186,1542541,0.195318,16989,2419925,0.306413,17400,3962466,0.501731,7897587
2,2021-04-19,71816,6129794,38773,3049067,33037,2833195,6,247532,32944,1537764,0.194713,38704,2458629,0.311314,33927,3996393,0.506027,7897587
2,2021-04-20,92652,6222446,46096,3095163,46542,2879737,14,247546,45467,1538036,0.194748,46955,2505584,0.317259,47227,4043620,0.512007,7897587
2,2021-04-21,96743,6319189,51435,3146598,45244,2924981,64,247610,46287,1536161,0.19451,50173,2555757,0.323612,48298,4091918,0.518123,7897587
2,2021-04-22,99485,6418674,51154,3197752,48317,2973298,14,247624,44302,1527979,0.193474,54918,2610675,0.330566,46736,4138654,0.52404,7897587
2,2021-04-23,91883,6510557,49430,3247182,42441,3015739,12,247636,42164,1523434,0.192899,49490,2660165,0.336833,44945,4183599,0.529731,7897587
2,2021-04-24,66203,6576760,39414,3286596,26759,3042498,30,247666,35221,1530114,0.193744,30854,2691019,0.340739,37534,4221133,0.534484,7897587
2,2021-04-25,27771,6604531,16666,3303262,11097,3053595,8,247674,14914,1533029,0.194114,12802,2703821,0.34236,15717,4236850,0.536474,7897587
2,2021-04-26,34412,6638943,20035,3323297,14239,3067834,138,247812,15310,1531009,0.193858,19011,2722832,0.344768,16991,4253841,0.538625,7897587
3,2020-12-15,302,302,302,302,0,0,0,0,302,302,3.9e-05,0,0,0.0,302,302,3.9e-05,7688185
3,2020-12-16,2204,2506,2204,2506,0,0,0,0,2204,2506,0.000326,0,0,0.0,2204,2506,0.000326,7688185
3,2020-12-17,7602,10108,7602,10108,0,0,0,0,7602,10108,0.001315,0,0,0.0,7602,10108,0.001315,7688185
3,2020-12-18,12805,22913,12794,22902,11,11,0,0,12805,22913,0.00298,0,0,0.0,12805,22913,0.00298,7688185
3,2020-12-19,7033,29946,7022,29924,11,22,0,0,7097,30010,0.003903,0,0,0.0,7097,30010,0.003903,7688185
3,2020-12-20,5476,35422,5469,35393,7,29,0,0,5522,35531,0.004622,1,1,0.0,5522,35532,0.004622,7688185
3,2020-12-21,14257,49679,14236,49629,21,50,0,0,14322,49852,0.006484,1,2,0.0,14322,49854,0.006484,7688185
3,2020-12-22,14606,64285,14041,63670,565,615,0,0,14645,64497,0.008389,0,2,0.0,14645,64499,0.008389,7688185
3,2020-12-23,14642,78927,12063,75733,2579,3194,0,0,14668,79165,0.010297,0,2,0.0,14668,79167,0.010297,7688185
3,2020-12-24,6754,85681,4852,80585,1902,5096,0,0,6752,85916,0.011175,1,3,0.0,6752,85919,0.011175,7688185
3,2020-12-25,717,86398,663,81248,54,5150,0,0,716,86632,0.011268,0,3,0.0,716,86635,0.011269,7688185
3,2020-12-26,4595,90993,2983,84231,1612,6762,0,0,4593,91225,0.011866,0,3,0.0,4593,91228,0.011866,7688185
3,2020-12-27,2950,93943,1832,86063,1118,7880,0,0,2951,94176,0.012249,0,3,0.0,2951,94179,0.01225,7688185
3,2020-12-28,13454,107397,8604,94667,4850,12730,0,0,13481,107656,0.014003,1,4,1e-06,13481,107660,0.014003,7688185
3,2020-12-29,14879,122276,8411,103078,6468,19198,0,0,14909,122563,0.015942,2,6,1e-06,14909,122569,0.015943,7688185
3,2020-12-30,17918,140194,10033,113111,7885,27083,0,0,17908,140471,0.018271,0,6,1e-06,17908,140477,0.018272,7688185
3,2020-12-31,8258,148452,3166,116277,5092,32175,0,0,8257,148727,0.019345,1,7,1e-06,8257,148734,0.019346,7688185
3,2021-01-01,1134,149586,512,116789,622,32797,0,0,1131,149858,0.019492,0,7,1e-06,1131,149865,0.019493,7688185
3,2021-01-02,4973,154559,2461,119250,2512,35309,0,0,4973,154831,0.020139,0,7,1e-06,4973,154838,0.02014,7688185
3,2021-01-03,1587,156146,840,120090,747,36056,0,0,1578,156405,0.020344,4,11,1e-06,1578,156416,0.020345,7688185
3,2021-01-04,11930,168076,5974,126064,5956,42012,0,0,11904,168302,0.021891,7,18,2e-06,11904,168320,0.021893,7688185
3,2021-01-05,15524,183600,8012,134076,7512,49524,0,0,13926,180667,0.023499,1583,1601,0.000208,13948,182268,0.023708,7688185
3,2021-01-06,20001,203601,10486,144562,9515,59039,0,0,15769,192248,0.025006,4194,5795,0.000754,15775,198043,0.025759,7688185
3,2021-01-07,25988,229589,14807,159369,11181,70220,0,0,16952,200204,0.02604,9009,14804,0.001926,16965,215008,0.027966,7688185
3,2021-01-08,29849,259438,18308,177677,11541,81761,0,0,17785,205964,0.02679,12045,26849,0.003492,17805,232813,0.030282,7688185
3,2021-01-09,12006,271444,6765,184442,5241,87002,0,0,7707,209383,0.027234,4293,31142,0.004051,7712,240525,0.031285,7688185
3,2021-01-10,7147,278591,4465,188907,2682,89684,0,0,4006,210254,0.027348,3139,34281,0.004459,4010,244535,0.031807,7688185
3,2021-01-11,28585,307176,18696,207603,9889,99573,0,0,16154,214016,0.027837,12425,46706,0.006075,16187,260722,0.033912,7688185
3,2021-01-12,31828,339004,19017,226620,12811,112384,0,0,19474,221235,0.028776,12338,59044,0.00768,19557,280279,0.036456,7688185
3,2021-01-13,34209,373213,17911,244531,16298,128682,0,0,24150,235343,0.030611,10059,69103,0.008988,24167,304446,0.039599,7688185
3,2021-01-14,34235,407448,14069,258600,20166,148848,0,0,28386,257941,0.03355,5819,74922,0.009745,28417,332863,0.043295,7688185
3,2021-01-15,38488,445936,14382,272982,24106,172954,0,0,33899,287317,0.037371,4579,79501,0.010341,33955,366818,0.047712,7688185
3,2021-01-16,21729,467665,7602,280584,14127,187081,0,0,19429,304481,0.039604,2286,81787,0.010638,19450,386268,0.050242,7688185
3,2021-01-17,13089,480754,4461,285045,8628,195709,0,0,12068,315546,0.041043,1021,82808,0.010771,12086,398354,0.051814,7688185
3,2021-01-18,24507,505261,12745,297790,11762,207471,0,0,19031,329121,0.042809,5494,88302,0.011485,19069,417423,0.054294,7688185
3,2021-01-19,40585,545846,20738,318528,19847,227318,0,0,31578,351793,0.045758,8982,97284,0.012654,31654,449077,0.058411,7688185
3,2021-01-20,44488,590334,21819,340347,22669,249987,0,0,35290,377996,0.049166,9157,106441,0.013845,35360,484437,0.063011,7688185
3,2021-01-21,46889,637223,20155,360502,26734,276721,0,0,41526,414290,0.053887,5293,111734,0.014533,41587,526024,0.06842,7688185
3,2021-01-22,49009,686232,19514,380016,29495,306216,0,0,44926,455186,0.059206,4095,115829,0.015066,44991,571015,0.074272,7688185
3,2021-01-23,29922,716154,12689,392705,17233,323449,0,0,26624,478564,0.062247,3287,119116,0.015493,26665,597680,0.07774,7688185
3,2021-01-24,17583,733737,8474,401179,9109,332558,0,0,16441,493890,0.06424,1138,120254,0.015641,16464,614144,0.079882,7688185
3,2021-01-25,40157,773894,17971,419150,22186,354744,0,0,30393,514613,0.066936,9748,130002,0.016909,30471,644615,0.083845,7688185
3,2021-01-26,46411,820305,22118,441268,24293,379037,0,0,36520,541347,0.070413,9887,139889,0.018195,36621,681236,0.088608,7688185
3,2021-01-27,50261,870566,24394,465662,25867,404904,0,0,39825,570882,0.074254,10359,150248,0.019543,39894,721130,0.093797,7688185
3,2021-01-28,51119,921685,23718,489380,27401,432305,0,0,42373,604634,0.078645,8665,158913,0.02067,42417,763547,0.099314,7688185
3,2021-01-29,50017,971702,24076,513456,25941,458246,0,0,40648,636155,0.082744,9185,168098,0.021864,40706,804253,0.104609,7688185
3,2021-01-30,36534,1008236,17322,530778,19212,477458,0,0,32015,663778,0.086337,4475,172573,0.022447,32098,836351,0.108784,7688185
3,2021-01-31,22165,1030401,12796,543574,9369,486827,0,0,20705,683045,0.088843,1452,174025,0.022635,20719,857070,0.111479,7688185
3,2021-02-01,44663,1075064,20118,563692,24545,511372,0,0,34604,707664,0.092046,10021,184046,0.023939,34640,891710,0.115984,7688185
3,2021-02-02,53933,1128997,22797,586489,31136,542508,0,0,41303,736467,0.095792,12546,196592,0.025571,41349,933059,0.121363,7688185
3,2021-02-03,59410,1188407,26477,612966,32933,575441,0,0,44359,765987,0.099632,14900,211492,0.027509,44420,977479,0.12714,7688185
3,2021-02-04,63802,1252209,27750,640716,36052,611493,0,0,46887,796247,0.103568,16727,228219,0.029684,46987,1024466,0.133252,7688185
3,2021-02-05,69583,1321792,29656,670372,39927,651420,0,0,48264,823566,0.107121,21112,249331,0.03243,48431,1072897,0.139551,7688185
3,2021-02-06,43358,1365150,21114,691486,22244,673664,0,0,33672,847764,0.110268,9659,258990,0.033687,33857,1106754,0.143955,7688185
3,2021-02-07,19362,1384512,12246,703732,7116,680780,0,0,14908,858353,0.111646,4444,263434,0.034265,15033,1121787,0.145911,7688185
3,2021-02-08,50548,1435060,24344,728076,26204,706984,0,0,33253,874610,0.11376,17179,280613,0.036499,33436,1155223,0.15026,7688185
3,2021-02-09,57918,1492978,28196,756272,29722,736706,0,0,34073,885345,0.115157,23679,304292,0.039579,34414,1189637,0.154736,7688185
3,2021-02-10,67124,1560102,31193,787465,35931,772637,0,0,36520,892004,0.116023,30377,334669,0.04353,37036,1226673,0.159553,7688185
3,2021-02-11,69574,1629676,34299,821764,35275,807912,0,0,37618,898519,0.11687,31629,366298,0.047644,38144,1264817,0.164514,7688185
3,2021-02-12,74159,1703835,32038,853802,42121,850033,0,0,41163,907684,0.118062,32747,399045,0.051904,41912,1306729,0.169966,7688185
3,2021-02-13,44375,1748210,20166,873968,24209,874242,0,0,25618,915269,0.119049,18612,417657,0.054325,26197,1332926,0.173373,7688185
3,2021-02-14,27021,1775231,13510,887478,13511,887753,0,0,15133,919019,0.119537,11844,429501,0.055865,15594,1348520,0.175402,7688185
3,2021-02-15,39451,1814682,17057,904535,22394,910147,0,0,21900,924396,0.120236,17471,446972,0.058138,22848,1371368,0.178373,7688185
3,2021-02-16,68795,1883477,32617,937152,36178,946325,0,0,35964,928694,0.120795,32709,479681,0.062392,37007,1408375,0.183187,7688185
3,2021-02-17,70399,1953876,35731,972883,34668,980993,0,0,33610,926807,0.12055,36599,516280,0.067152,34712,1443087,0.187702,7688185
3,2021-02-18,75437,2029313,39432,1012315,36005,1016998,0,0,35468,923787,0.120157,39855,556135,0.072336,36835,1479922,0.192493,7688185
3,2021-02-19,67144,2096457,38767,1051082,28377,1045375,0,0,34200,925819,0.120421,32860,588995,0.07661,34892,1514814,0.197031,7688185
3,2021-02-20,40999,2137456,25978,1077060,15021,1060396,0,0,21868,929130,0.120852,19049,608044,0.079088,22360,1537174,0.19994,7688185
3,2021-02-21,19474,2156930,15752,1092812,3722,1064118,0,0,9198,928544,0.120775,10213,618257,0.080417,9627,1546801,0.201192,7688185
3,2021-02-22,44407,2201337,28980,1121792,15427,1079545,0,0,21021,926803,0.120549,23312,641569,0.083449,21571,1568372,0.203998,7688185
3,2021-02-23,59184,2260521,32193,1153985,26991,1106536,0,0,26052,921870,0.119907,33017,674586,0.087743,28084,1596456,0.207651,7688185
3,2021-02-24,75426,2335947,36820,1190805,38606,1145142,0,0,33752,916657,0.119229,41522,716108,0.093144,36309,1632765,0.212373,7688185
3,2021-02-25,83769,2419716,40309,1231114,43460,1188602,0,0,42024,919756,0.119632,41547,757655,0.098548,44646,1677411,0.21818,7688185
3,2021-02-26,94290,2514006,42915,1274029,51375,1239977,0,0,50253,928456,0.120764,43740,801395,0.104237,52440,1729851,0.225001,7688185
3,2021-02-27,66195,2580201,29940,1303969,36252,1276229,3,3,35127,933980,0.121483,30911,832306,0.108258,36435,1766286,0.22974,7688185
3,2021-02-28,37305,2617506,21621,1325590,15684,1291913,0,3,19426,936641,0.121829,17763,850069,0.110568,20424,1786710,0.232397,7688185
3,2021-03-01,64723,2682229,34264,1359854,30452,1322365,7,10,36201,945875,0.12303,28384,878453,0.11426,37618,1824328,0.23729,7688185
3,2021-03-02,73879,2756108,35236,1395090,38642,1361007,1,11,42778,959778,0.124838,30992,909445,0.118291,44895,1869223,0.243129,7688185
3,2021-03-03,85888,2841996,40614,1435704,45262,1406269,12,23,47776,971935,0.126419,37958,947403,0.123228,50115,1919338,0.249648,7688185
3,2021-03-04,90275,2932271,43955,1479659,46305,1452574,15,38,51531,987237,0.12841,38570,985973,0.128245,53872,1973210,0.256655,7688185
3,2021-03-05,86773,3019044,42123,1521782,44365,1496939,285,323,52978,1009178,0.131263,33602,1019575,0.132616,55543,2028753,0.263879,7688185
3,2021-03-06,63562,3082606,31916,1553698,29520,1526459,2126,2449,36415,1022240,0.132962,27032,1046607,0.136132,40094,2068847,0.269094,7688185
3,2021-03-07,36264,3118870,21429,1575127,13732,1540191,1103,3552,20775,1030244,0.134004,15450,1062057,0.138141,23454,2092301,0.272145,7688185
3,2021-03-08,57143,3176013,26972,1602099,27373,1567564,2798,6350,36101,1049787,0.136545,20950,1083007,0.140866,40493,2132794,0.277412,7688185
3,2021-03-09,69678,3245691,29435,1631534,35934,1603498,4309,10659,36205,1058677,0.137702,33382,1116389,0.145208,42272,2175066,0.28291,7688185
3,2021-03-10,79431,3325122,39116,1670650,34440,1637938,5875,16534,41132,1069462,0.139105,38151,1154540,0.150171,48936,2224002,0.289275,7688185
3,2021-03-11,94378,3419500,45911,1716561,40084,1678022,8383,24917,46512,1078218,0.140244,47655,1202195,0.156369,56411,2280413,0.296613,7688185
3,2021-03-12,99726,3519226,44385,1760946,43635,1721657,11706,36623,45723,1082959,0.14086,53842,1256037,0.163372,58583,2338996,0.304233,7688185
3,2021-03-13,68187,3587413,28779,1789725,32314,1753971,7094,43717,35988,1095323,0.142468,32112,1288149,0.167549,44476,2383472,0.310018,7688185
3,2021-03-14,40142,3627555,21062,1810787,15621,1769592,3459,47176,21880,1103174,0.14349,18209,1306358,0.169918,26060,2409532,0.313407,7688185
3,2021-03-15,74051,3701606,35076,1845863,34530,1804122,4445,51621,39408,1113530,0.144837,34499,1340857,0.174405,44855,2454387,0.319241,7688185
3,2021-03-16,93351,3794957,42880,1888743,46245,1850367,4226,55847,53415,1132471,0.1473,39764,1380621,0.179577,58705,2513092,0.326877,7688185
3,2021-03-17,95837,3890794,46499,1935242,44973,1895340,4365,60212,58895,1159688,0.15084,36784,1417405,0.184361,64001,2577093,0.335202,7688185
3,2021-03-18,100265,3991059,50493,1985735,45456,1940796,4316,64528,58820,1182417,0.153797,41242,1458647,0.189726,63971,2641064,0.343522,7688185
3,2021-03-19,99967,4091026,53104,2038839,42476,1983272,4387,68915,57101,1201912,0.156332,42675,1501322,0.195277,62170,2703234,0.351609,7688185
3,2021-03-20,69991,4161017,36031,2074870,30420,2013692,3540,72455,44301,1224824,0.159313,25548,1526870,0.1986,48460,2751694,0.357912,7688185
3,2021-03-21,35288,4196305,23976,2098846,9854,2023546,1458,73913,22977,1237824,0.161003,12261,1539131,0.200194,25261,2776955,0.361198,7688185
3,2021-03-22,68416,4264721,40078,2138924,25921,2049467,2417,76330,44935,1262969,0.164274,23336,1562467,0.20323,48481,2825436,0.367504,7688185
3,2021-03-23,87794,4352515,48218,2187142,37165,2086632,2411,78741,57267,1293070,0.168189,30339,1592806,0.207176,60440,2885876,0.375365,7688185
3,2021-03-24,96872,4449387,55948,2243090,38197,2124829,2727,81468,56846,1313759,0.17088,39764,1632570,0.212348,60453,2946329,0.383228,7688185
3,2021-03-25,104372,4553759,57904,2300994,43661,2168490,2807,84275,60382,1333877,0.173497,43740,1676310,0.218037,63858,3010187,0.391534,7688185
3,2021-03-26,107658,4661417,57834,2358828,46643,2215133,3181,87456,57578,1345674,0.175031,49847,1726157,0.224521,61644,3071831,0.399552,7688185
3,2021-03-27,72724,4734141,36834,2395662,33371,2248504,2519,89975,36490,1349285,0.175501,36078,1762235,0.229213,39689,3111520,0.404715,7688185
3,2021-03-28,43109,4777250,27068,2422730,15242,2263746,799,90774,23080,1353712,0.176077,19952,1782187,0.231809,24379,3135899,0.407885,7688185
3,2021-03-29,78840,4856090,41184,2463914,35938,2299684,1718,92492,44918,1367405,0.177858,33745,1815932,0.236198,47438,3183337,0.414056,7688185
3,2021-03-30,97854,4953944,48131,2512045,46287,2345971,3436,95928,59514,1392814,0.181163,38153,1854085,0.24116,63562,3246899,0.422323,7688185
3,2021-03-31,102775,5056719,55474,2567519,42604,2388575,4697,100625,57370,1409969,0.183394,45257,1899342,0.247047,62412,3309311,0.430441,7688185
3,2021-04-01,119797,5176516,60305,2627824,50214,2438789,9278,109903,65664,1431359,0.186176,53936,1953278,0.254062,75326,3384637,0.440239,7688185
3,2021-04-02,114561,5291077,55895,2683719,48801,2487590,9865,119768,61350,1450079,0.188611,53010,2006288,0.260957,71730,3456367,0.449569,7688185
3,2021-04-03,74157,5365234,37760,2721479,27475,2515065,8922,128690,37373,1460094,0.189914,36687,2042975,0.265729,46702,3503069,0.455643,7688185
3,2021-04-04,31914,5397148,17054,2738533,10752,2525817,4108,132798,14266,1460940,0.190024,17593,2060568,0.268017,18439,3521508,0.458042,7688185
3,2021-04-05,86874,5484022,44318,2782851,33732,2559549,8824,141622,43401,1470722,0.191296,43333,2103901,0.273654,53115,3574623,0.46495,7688185
3,2021-04-06,111178,5595200,54272,2837123,42048,2601597,14858,156480,53089,1481626,0.192715,57886,2161787,0.281183,68790,3643413,0.473898,7688185
3,2021-04-07,113726,5708926,59112,2896235,38723,2640320,15891,172371,55703,1495949,0.194578,57824,2219611,0.288704,72147,3715560,0.483282,7688185
3,2021-04-08,118711,5827637,59512,2955747,39649,2679969,19550,191921,55711,1509300,0.196314,62776,2282387,0.296869,76127,3791687,0.493184,7688185
3,2021-04-09,115004,5942641,57548,3013295,38875,2718844,18581,210502,51229,1516576,0.197261,63593,2345980,0.305141,70869,3862556,0.502402,7688185
3,2021-04-10,81488,6024129,36962,3050257,29654,2748498,14872,225374,33427,1517900,0.197433,47926,2393906,0.311375,49250,3911806,0.508807,7688185
3,2021-04-11,43921,6068050,23577,3073834,12576,2761074,7768,233142,16744,1516298,0.197224,27103,2421009,0.3149,25501,3937307,0.512124,7688185
3,2021-04-12,82213,6150263,41827,3115661,31979,2793053,8407,241549,37860,1519472,0.197637,44182,2465191,0.320647,47356,3984663,0.518284,7688185
3,2021-04-13,103137,6253400,55893,3171554,47049,2840102,195,241744,54620,1527080,0.198627,48342,2513533,0.326935,55950,4040613,0.525561,7688185
3,2021-04-14,103521,6356921,56635,3228189,46802,2886904,84,241828,52643,1531021,0.199139,50652,2564185,0.333523,54593,4095206,0.532662,7688185
3,2021-04-15,114488,6471409,64548,3292737,49888,2936792,52,241880,62110,1542274,0.200603,52157,2616342,0.340307,63410,4158616,0.54091,7688185
3,2021-04-16,111731,6583140,62677,3355414,48966,2985758,88,241968,58843,1549353,0.201524,52659,2669001,0.347156,59738,4218354,0.54868,7688185
3,2021-04-17,75515,6658655,41522,3396936,33983,3019741,10,241978,41915,1558973,0.202775,33471,2702472,0.35151,43091,4261445,0.554285,7688185
3,2021-04-18,36340,6694995,21436,3418372,14900,3034641,4,241982,17311,1558332,0.202692,18960,2721432,0.353976,18319,4279764,0.556668,7688185
3,2021-04-19,76633,6771628,42778,3461150,33807,3068448,48,242030,34844,1552445,0.201926,41657,2763089,0.359394,35770,4315534,0.56132,7688185
3,2021-04-20,96262,6867890,49582,3510732,46672,3115120,8,242038,47091,1552262,0.201902,49016,2812105,0.36577,48833,4364367,0.567672,7688185
3,2021-04-21,98530,6966420,54360,3565092,44111,3159231,59,242097,46911,1549502,0.201543,51377,2863482,0.372452,48617,4412984,0.573996,7688185
3,2021-04-22,101462,7067882,56733,3621825,44713,3203944,16,242113,44430,1539109,0.200191,56793,2920275,0.379839,46400,4459384,0.580031,7688185
3,2021-04-23,90117,7157999,51697,3673522,38404,3242348,16,242129,38973,1530057,0.199014,50893,2971168,0.386459,41841,4501225,0.585473,7688185
3,2021-04-24,58794,7216793,35972,3709494,22780,3265128,42,242171,28330,1530161,0.199028,30336,3001504,0.390405,30440,4531665,0.589432,7688185
3,2021-04-25,27664,7244457,17320,3726814,10335,3275463,9,242180,13717,1530603,0.199085,13892,3015396,0.392212,14334,4545999,0.591297,7688185
3,2021-04-26,31674,7276131,18261,3745075,13243,3288706,170,242350,12935,1526230,0.198516,18680,3034076,0.394641,14307,4560306,0.593158,7688185
4,2020-12-15,444,444,444,444,0,0,0,0,444,444,5.9e-05,0,0,0.0,444,444,5.9e-05,7584050
4,2020-12-16,2955,3399,2955,3399,0,0,0,0,2955,3399,0.000448,0,0,0.0,2955,3399,0.000448,7584050
4,2020-12-17,8517,11916,8517,11916,0,0,0,0,8517,11916,0.001571,0,0,0.0,8517,11916,0.001571,7584050
4,2020-12-18,15365,27281,15355,27271,10,10,0,0,15365,27281,0.003597,0,0,0.0,15365,27281,0.003597,7584050
4,2020-12-19,10230,37511,10223,37494,7,17,0,0,10165,37446,0.004937,0,0,0.0,10165,37446,0.004937,7584050
4,2020-12-20,7360,44871,7348,44842,12,29,0,0,7315,44761,0.005902,0,0,0.0,7315,44761,0.005902,7584050
4,2020-12-21,16266,61137,16242,61084,24,53,0,0,16199,60960,0.008038,0,0,0.0,16199,60960,0.008038,7584050
4,2020-12-22,17087,78224,16356,77440,731,784,0,0,17043,78003,0.010285,0,0,0.0,17043,78003,0.010285,7584050
4,2020-12-23,16878,95102,14204,91644,2674,3458,0,0,16849,94852,0.012507,0,0,0.0,16849,94852,0.012507,7584050
4,2020-12-24,8523,103625,5948,97592,2575,6033,0,0,8523,103375,0.013631,0,0,0.0,8523,103375,0.013631,7584050
4,2020-12-25,898,104523,793,98385,105,6138,0,0,898,104273,0.013749,0,0,0.0,898,104273,0.013749,7584050
4,2020-12-26,6159,110682,3858,102243,2301,8439,0,0,6159,110432,0.014561,0,0,0.0,6159,110432,0.014561,7584050
4,2020-12-27,3417,114099,1997,104240,1420,9859,0,0,3417,113849,0.015012,0,0,0.0,3417,113849,0.015012,7584050
4,2020-12-28,14944,129043,9231,113471,5713,15572,0,0,14915,128763,0.016978,1,1,0.0,14915,128764,0.016978,7584050
4,2020-12-29,15211,144254,8419,121890,6792,22364,0,0,15177,143940,0.018979,0,1,0.0,15177,143941,0.018979,7584050
4,2020-12-30,18844,163098,11058,132948,7786,30150,0,0,18833,162771,0.021462,2,3,0.0,18833,162774,0.021463,7584050
4,2020-12-31,8177,171275,3310,136258,4867,35017,0,0,8172,170941,0.02254,2,5,1e-06,8172,170946,0.02254,7584050
4,2021-01-01,1168,172443,487,136745,681,35698,0,0,1166,172105,0.022693,2,7,1e-06,1166,172112,0.022694,7584050
4,2021-01-02,5639,178082,3185,139930,2454,38152,0,0,5638,177742,0.023436,1,8,1e-06,5638,177750,0.023437,7584050
4,2021-01-03,2107,180189,1249,141179,858,39010,0,0,2093,179831,0.023712,4,12,2e-06,2093,179843,0.023713,7584050
4,2021-01-04,12915,193104,7042,148221,5873,44883,0,0,12867,192667,0.025404,31,43,6e-06,12867,192710,0.02541,7584050
4,2021-01-05,16661,209765,9847,158068,6814,51697,0,0,14637,205313,0.027072,2002,2045,0.00027,14648,207358,0.027341,7584050
4,2021-01-06,21411,231176,13140,171208,8271,59968,0,0,15581,215129,0.028366,5776,7821,0.001031,15592,222950,0.029397,7584050
4,2021-01-07,27704,258880,16897,188105,10807,70775,0,0,16943,221377,0.02919,10707,18528,0.002443,16955,239905,0.031633,7584050
4,2021-01-08,32545,291425,20906,209011,11639,82414,0,0,18421,225758,0.029767,14055,32583,0.004296,18436,258341,0.034064,7584050
4,2021-01-09,16023,307448,9467,218478,6556,88970,0,0,9376,228518,0.030131,6627,39210,0.00517,9387,267728,0.035301,7584050
4,2021-01-10,8688,316136,5619,224097,3069,92039,0,0,4086,228030,0.030067,4581,43791,0.005774,4093,271821,0.035841,7584050
4,2021-01-11,33191,349327,21738,245835,11453,103492,0,0,18728,232365,0.030639,14424,58215,0.007676,18759,290580,0.038315,7584050
4,2021-01-12,37971,387298,21788,267623,16183,119675,0,0,23964,242409,0.031963,13957,72172,0.009516,24001,314581,0.041479,7584050
4,2021-01-13,38315,425613,18851,286474,19464,139139,0,0,27160,258491,0.034084,11102,83274,0.01098,27184,341765,0.045064,7584050
4,2021-01-14,38752,464365,14767,301241,23985,163124,0,0,31720,283253,0.037349,6984,90258,0.011901,31746,373511,0.04925,7584050
4,2021-01-15,44981,509346,15572,316813,29409,192533,0,0,39478,317302,0.041838,5449,95707,0.01262,39498,413009,0.054458,7584050
4,2021-01-16,28486,537832,9322,326135,19164,211697,0,0,25387,339640,0.044783,3063,98770,0.013023,25401,438410,0.057807,7584050
4,2021-01-17,18934,556766,6635,332770,12299,223996,0,0,17426,355597,0.046887,1483,100253,0.013219,17440,455850,0.060106,7584050
4,2021-01-18,29098,585864,13359,346129,15739,239735,0,0,23152,372932,0.049173,5848,106101,0.01399,23183,479033,0.063163,7584050
4,2021-01-19,45902,631766,23151,369280,22751,262486,0,0,36628,400413,0.052797,9217,115318,0.015205,36698,515731,0.068002,7584050
4,2021-01-20,51096,682862,26972,396252,24124,286610,0,0,40770,431001,0.05683,10232,125550,0.016554,40820,556551,0.073384,7584050
4,2021-01-21,55891,738753,24629,420881,31262,317872,0,0,49600,474408,0.062553,6229,131779,0.017376,49636,606187,0.079929,7584050
4,2021-01-22,54675,793428,21948,442829,32727,350599,0,0,49616,519094,0.068445,4960,136739,0.01803,49646,655833,0.086475,7584050
4,2021-01-23,39337,832765,17393,460222,21944,372543,0,0,35055,549904,0.072508,4273,141012,0.018593,35083,690916,0.091101,7584050
4,2021-01-24,23877,856642,10482,470704,13395,385938,0,0,22014,570078,0.075168,1855,142867,0.018838,22029,712945,0.094006,7584050
4,2021-01-25,47481,904123,21938,492642,25543,411481,0,0,36520,595717,0.078549,10935,153802,0.02028,36574,749519,0.098828,7584050
4,2021-01-26,56103,960226,28620,521262,27483,438964,0,0,44107,627937,0.082797,11941,165743,0.021854,44161,793680,0.104651,7584050
4,2021-01-27,55027,1015253,26606,547868,28421,467385,0,0,44148,661395,0.087209,10746,176489,0.023271,44204,837884,0.11048,7584050
4,2021-01-28,55936,1071189,25247,573115,30689,498074,0,0,46127,697846,0.092015,9721,186210,0.024553,46172,884056,0.116568,7584050
4,2021-01-29,55927,1127116,26884,599999,29043,527117,0,0,45710,733521,0.096719,10077,196287,0.025882,45752,929808,0.1226,7584050
4,2021-01-30,37427,1164543,17030,617029,20397,547514,0,0,32207,760585,0.100287,5172,201459,0.026564,32236,962044,0.126851,7584050
4,2021-01-31,23747,1188290,12475,629504,11272,558786,0,0,22162,781188,0.103004,1570,203029,0.026771,22173,984217,0.129775,7584050
4,2021-02-01,48026,1236316,22647,652151,25379,584165,0,0,37803,808832,0.106649,10198,213227,0.028115,37842,1022059,0.134764,7584050
4,2021-02-02,55644,1291960,26274,678425,29370,613535,0,0,42028,837417,0.110418,13484,226711,0.029893,42069,1064128,0.140311,7584050
4,2021-02-03,61626,1353586,30287,708712,31339,644874,0,0,47520,870996,0.114846,13996,240707,0.031739,47575,1111703,0.146584,7584050
4,2021-02-04,67083,1420669,31278,739990,35805,680679,0,0,50559,905286,0.119367,16370,257077,0.033897,50660,1162363,0.153264,7584050
4,2021-02-05,72466,1493135,33580,773570,38886,719565,0,0,50681,934550,0.123226,21545,278622,0.036738,50809,1213172,0.159964,7584050
4,2021-02-06,47917,1541052,25939,799509,21978,741543,0,0,36538,959937,0.126573,11351,289973,0.038235,36738,1249910,0.164808,7584050
4,2021-02-07,26204,1567256,17284,816793,8920,750463,0,0,19870,973740,0.128393,6300,296273,0.039065,20103,1270013,0.167458,7584050
4,2021-02-08,58010,1625266,29785,846578,28225,778688,0,0,37814,991743,0.130767,20067,316340,0.041711,38070,1308083,0.172478,7584050
4,2021-02-09,66693,1691959,33972,880550,32721,811409,0,0,39245,1003996,0.132383,27388,343728,0.045322,39641,1347724,0.177705,7584050
4,2021-02-10,76701,1768660,38386,918936,38315,849724,0,0,41029,1010108,0.133188,35446,379174,0.049996,41558,1389282,0.183185,7584050
4,2021-02-11,80388,1849048,41920,960856,38468,888192,0,0,41807,1014192,0.133727,38378,417552,0.055057,42462,1431744,0.188784,7584050
4,2021-02-12,83538,1932586,37435,998291,46103,934295,0,0,43217,1018017,0.134231,40171,457723,0.060353,43996,1475740,0.194585,7584050
4,2021-02-13,58222,1990808,29522,1027813,28700,962995,0,0,29775,1020339,0.134537,28338,486061,0.06409,30660,1506400,0.198627,7584050
4,2021-02-14,36550,2027358,18997,1046810,17553,980548,0,0,18784,1022064,0.134765,17729,503790,0.066428,19454,1525854,0.201193,7584050
4,2021-02-15,45687,2073045,21448,1068258,24239,1004787,0,0,23582,1024802,0.135126,22038,525828,0.069333,24776,1550630,0.204459,7584050
4,2021-02-16,79119,2152164,36218,1104476,42901,1047688,0,0,40498,1028025,0.135551,38536,564364,0.074415,41759,1592389,0.209966,7584050
4,2021-02-17,80054,2232218,37792,1142268,42262,1089950,0,0,38420,1026120,0.1353,41491,605855,0.079885,39586,1631975,0.215185,7584050
4,2021-02-18,82153,2314371,45309,1187577,36844,1126794,0,0,38339,1022270,0.134792,43687,649542,0.085646,39837,1671812,0.220438,7584050
4,2021-02-19,80832,2395203,50825,1238402,30007,1156801,0,0,40794,1023846,0.135,39910,689452,0.090908,41486,1713298,0.225908,7584050
4,2021-02-20,47669,2442872,32068,1270470,15601,1172402,0,0,26315,1029542,0.135751,21311,710763,0.093718,27007,1740305,0.229469,7584050
4,2021-02-21,25516,2468388,19947,1290417,5569,1177971,0,0,11592,1027579,0.135492,13876,724639,0.095548,11913,1752218,0.23104,7584050
4,2021-02-22,51943,2520331,35752,1326169,16191,1194162,0,0,25288,1026800,0.135389,26575,751214,0.099052,25796,1778014,0.234441,7584050
4,2021-02-23,72080,2592411,39761,1365930,32319,1226481,0,0,31735,1020021,0.134496,40243,791457,0.104358,33464,1811478,0.238854,7584050
4,2021-02-24,87204,2679615,45854,1411784,41350,1267831,0,0,39565,1014306,0.133742,47462,838919,0.110616,41747,1853225,0.244358,7584050
4,2021-02-25,97353,2776968,50564,1462348,46789,1314620,0,0,46749,1013173,0.133593,50463,889382,0.11727,49330,1902555,0.250863,7584050
4,2021-02-26,103547,2880515,52147,1514495,51400,1366020,0,0,53530,1019220,0.13439,49812,939194,0.123838,55859,1958414,0.258228,7584050
4,2021-02-27,74566,2955081,40300,1554795,34260,1400280,6,6,39891,1026026,0.135287,34565,973759,0.128396,41371,1999785,0.263683,7584050
4,2021-02-28,44765,2999846,27741,1582536,17023,1417303,1,7,24984,1032283,0.136112,19670,993429,0.130989,25927,2025712,0.267102,7584050
4,2021-03-01,74173,3074019,43296,1625832,30868,1448171,9,16,41068,1041683,0.137352,32929,1026358,0.135331,42329,2068041,0.272683,7584050
4,2021-03-02,80099,3154118,44670,1670502,35426,1483597,3,19,47043,1057643,0.139456,32927,1059285,0.139673,48887,2116928,0.279129,7584050
4,2021-03-03,97098,3251216,51064,1721566,46028,1529625,6,25,53894,1070333,0.141129,43036,1102321,0.145347,55726,2172654,0.286477,7584050
4,2021-03-04,94743,3345959,52617,1774183,42114,1571739,12,37,52073,1081737,0.142633,42492,1144813,0.15095,53896,2226550,0.293583,7584050
4,2021-03-05,91980,3437939,49194,1823377,42478,1614217,308,345,54526,1101239,0.145205,37294,1182107,0.155868,56796,2283346,0.301072,7584050
4,2021-03-06,74612,3512551,41772,1865149,30239,1644456,2601,2946,45626,1122025,0.147945,28892,1210999,0.159677,49678,2333024,0.307622,7584050
4,2021-03-07,41214,3553765,26142,1891291,13929,1658385,1143,4089,24483,1132235,0.149292,16683,1227682,0.161877,26893,2359917,0.311168,7584050
4,2021-03-08,64653,3618418,33478,1924769,28020,1686405,3155,7244,42476,1157127,0.152574,22084,1249766,0.164789,46976,2406893,0.317362,7584050
4,2021-03-09,73198,3691616,33837,1958606,34289,1720694,5072,12316,37896,1166270,0.153779,35168,1284934,0.169426,44311,2451204,0.323205,7584050
4,2021-03-10,87617,3779233,44475,2003081,35839,1756533,7303,19619,43907,1175123,0.154947,43578,1328512,0.175172,52431,2503635,0.330118,7584050
4,2021-03-11,99077,3878310,52115,2055196,38747,1795280,8215,27834,45888,1177542,0.155266,53016,1381528,0.182162,55435,2559070,0.337428,7584050
4,2021-03-12,102931,3981241,50704,2105900,42085,1837365,10142,37976,44083,1174078,0.154809,58647,1440175,0.189895,55183,2614253,0.344704,7584050
4,2021-03-13,79529,4060770,36938,2142838,34325,1871690,8266,46242,37416,1178920,0.155447,42008,1482183,0.195434,46850,2661103,0.350882,7584050
4,2021-03-14,48873,4109643,27806,2170644,17497,1889187,3570,49812,25138,1184609,0.156197,23668,1505851,0.198555,29357,2690460,0.354752,7584050
4,2021-03-15,82707,4192350,44237,2214881,34293,1923480,4177,53989,42787,1192678,0.157261,39744,1545595,0.203795,47813,2738273,0.361057,7584050
4,2021-03-16,106153,4298503,55025,2269906,47787,1971267,3341,57330,57096,1205102,0.1589,48870,1594465,0.210239,61294,2799567,0.369139,7584050
4,2021-03-17,104559,4403062,56204,2326110,44988,2016255,3367,60697,61701,1228132,0.161936,42661,1637126,0.215864,65691,2865258,0.377801,7584050
4,2021-03-18,104564,4507626,57791,2383901,43184,2059439,3589,64286,60211,1248311,0.164597,44143,1681269,0.221685,64322,2929580,0.386282,7584050
4,2021-03-19,108507,4616133,62021,2445922,41403,2100842,5083,69369,62940,1271490,0.167653,45380,1726649,0.227668,68559,2998139,0.395322,7584050
4,2021-03-20,81991,4698124,47842,2493764,31203,2132045,2946,72315,51286,1295558,0.170827,30596,1757245,0.231703,54664,3052803,0.402529,7584050
4,2021-03-21,47180,4745304,34149,2527913,10803,2142848,2228,74543,28839,1309159,0.17262,18262,1775507,0.234111,31863,3084666,0.406731,7584050
4,2021-03-22,80470,4825774,52635,2580548,25210,2168058,2625,77168,51401,1335215,0.176056,28910,1804417,0.237923,54966,3139632,0.413978,7584050
4,2021-03-23,102645,4928419,61181,2641729,39398,2207456,2066,79234,64449,1364320,0.179893,37977,1842394,0.24293,67082,3206714,0.422823,7584050
4,2021-03-24,111688,5040107,72190,2713919,37203,2244659,2295,81529,64365,1384656,0.182575,46983,1889377,0.249125,67319,3274033,0.4317,7584050
4,2021-03-25,114725,5154832,70572,2784491,41865,2286524,2288,83817,66896,1406876,0.185505,47450,1936827,0.255382,69670,3343703,0.440886,7584050
4,2021-03-26,117463,5272295,71333,2855824,43147,2329671,2983,86800,65970,1425252,0.187928,51222,1988049,0.262136,69598,3413301,0.450063,7584050
4,2021-03-27,89786,5362081,53126,2908950,34888,2364559,1772,88572,46818,1431538,0.188756,42788,2030837,0.267777,49074,3462375,0.456534,7584050
4,2021-03-28,54758,5416839,36038,2944988,17856,2382415,864,89436,30652,1439362,0.189788,24007,2054844,0.270943,31831,3494206,0.460731,7584050
4,2021-03-29,91888,5508727,55221,3000209,34678,2417093,1989,91425,51500,1453184,0.191611,40214,2095058,0.276245,54036,3548242,0.467856,7584050
4,2021-03-30,115127,5623854,62695,3062904,48380,2465473,4052,95477,73817,1490351,0.196511,41150,2136208,0.281671,78317,3626559,0.478182,7584050
4,2021-03-31,118905,5742759,70340,3133244,42403,2507876,6162,101639,69247,1516565,0.199968,49424,2185632,0.288188,75638,3702197,0.488156,7584050
4,2021-04-01,139177,5881936,79666,3212910,46776,2554652,12735,114374,82864,1556376,0.205217,56085,2241717,0.295583,95896,3798093,0.5008,7584050
4,2021-04-02,133477,6015413,71604,3284514,48857,2603509,13016,127390,77724,1591963,0.209909,55545,2297262,0.302907,91132,3889225,0.512816,7584050
4,2021-04-03,99144,6114557,52854,3337368,33270,2636779,13020,140410,52111,1610560,0.212361,46889,2344151,0.30909,65486,3954711,0.521451,7584050
4,2021-04-04,46205,6160762,24386,3361754,14435,2651214,7384,147794,20484,1612838,0.212662,25664,2369815,0.312474,27942,3982653,0.525135,7584050
4,2021-04-05,106698,6267460,60662,3422416,33621,2684835,12415,160209,56514,1632373,0.215238,50052,2419867,0.319073,69587,4052240,0.534311,7584050
4,2021-04-06,136533,6403993,77041,3499457,40019,2724854,19473,179682,71461,1659210,0.218776,64903,2484770,0.327631,91740,4143980,0.546407,7584050
4,2021-04-07,134954,6538947,76675,3576132,37945,2762799,20334,200016,70318,1685989,0.222307,64447,2549217,0.336129,91226,4235206,0.558436,7584050
4,2021-04-08,136791,6675738,76597,3652729,35434,2798233,24760,224776,68448,1711792,0.225709,68127,2617344,0.345112,93930,4329136,0.570821,7584050
4,2021-04-09,134410,6810148,73850,3726579,38108,2836341,22452,247228,64597,1730345,0.228156,69642,2686986,0.354294,88195,4417331,0.58245,7584050
4,2021-04-10,101296,6911444,50136,3776715,32813,2869154,18347,265575,46040,1740758,0.229529,55103,2742089,0.36156,65516,4482847,0.591089,7584050
4,2021-04-11,61401,6972845,37391,3814106,13002,2882156,11008,276583,27032,1745748,0.230187,34297,2776386,0.366082,39287,4522134,0.596269,7584050
4,2021-04-12,100922,7073767,61555,3875661,29692,2911848,9675,286258,51340,1758646,0.231887,49348,2825734,0.372589,62246,4584380,0.604477,7584050
4,2021-04-13,128185,7201952,80421,3956082,47615,2959463,149,286407,77152,1786319,0.235536,50823,2876557,0.37929,78496,4662876,0.614827,7584050
4,2021-04-14,132555,7334507,84420,4040502,48069,3007532,66,286473,74270,1804322,0.23791,58034,2934591,0.386942,76037,4738913,0.624853,7584050
4,2021-04-15,151766,7486273,101366,4141868,50371,3057903,29,286502,94028,1842183,0.242902,57468,2992059,0.39452,95329,4834242,0.637422,7584050
4,2021-04-16,140356,7626629,89368,4231236,50920,3108823,68,286570,82419,1867862,0.246288,57689,3049748,0.402127,83368,4917610,0.648415,7584050
4,2021-04-17,97841,7724470,62126,4293362,35710,3144533,5,286575,57701,1886979,0.248809,39952,3089700,0.407394,59069,4976679,0.656203,7584050
4,2021-04-18,53025,7777495,35475,4328837,17547,3162080,3,286578,30334,1895852,0.249979,22599,3112299,0.410374,31472,5008151,0.660353,7584050
4,2021-04-19,98220,7875715,64768,4393605,33441,3195521,11,286589,50481,1899751,0.250493,47581,3159880,0.416648,51480,5059631,0.667141,7584050
4,2021-04-20,124688,8000403,72733,4466338,51950,3247471,5,286594,65486,1907886,0.251566,58976,3218856,0.424424,67111,5126742,0.67599,7584050
4,2021-04-21,124748,8125151,80137,4546475,44563,3292034,48,286642,62761,1910522,0.251913,61746,3280602,0.432566,64382,5191124,0.684479,7584050
4,2021-04-22,130089,8255240,85418,4631893,44652,3336686,19,286661,58148,1899232,0.250425,71692,3352294,0.442019,60402,5251526,0.692443,7584050
4,2021-04-23,111697,8366937,71931,4703824,39744,3376430,22,286683,46675,1885661,0.248635,64789,3417083,0.450562,51218,5302744,0.699197,7584050
4,2021-04-24,75834,8442771,49975,4753799,25814,3402244,45,286728,32706,1878030,0.247629,42992,3460075,0.456231,35361,5338105,0.703859,7584050
4,2021-04-25,36493,8479264,24926,4778725,11562,3413806,5,286733,17472,1877329,0.247536,18962,3479037,0.458731,18261,5356366,0.706267,7584050
4,2021-04-26,38294,8517558,24713,4803438,13433,3427239,148,286881,13333,1867653,0.246261,24876,3503913,0.462011,15200,5371566,0.708271,7584050
